GeneFamily	length	effective_length	expected_count	TPM	FPKM
PTHR11649	14194.4	13660.37	7033.96	312.61	228.08
PTHR31089	1051.71	998.3	160.01	11.8	8.61
PTHR31085	2818.89	2765.47	1693.95	44.94	32.79
PTHR11647	5794.23	5687.39	1895.88	47.22	34.45
PTHR11645	951.7	898.29	258.0	21.16	15.44
PTHR11880	854.0	800.58	16868.57	1553.47	1133.49
PTHR11885	727.0	673.58	24315.12	2664.68	1944.28
PTHR10209	7031.0	6763.94	1529.0	71.55	52.21
PTHR32429	3447.0	3286.77	14233.82	635.66	463.81
PTHR12403	840.0	786.58	499.0	46.78	34.13
PTHR31423	1110.0	1056.58	337.0	23.48	17.13
PTHR31551	761.8	708.39	819.99	85.42	62.32
PTHR32195	2495.32	2388.49	901.24	38.57	28.14
PTHR11081	8781.0	8460.48	784.0	37.26	27.19
PTHR11080	2122.76	2015.92	557.78	36.03	26.29
PTHR11082	4896.0	4789.16	7344.29	182.46	133.13
PTHR11085	7563.19	7189.28	1599.28	92.08	67.18
PTHR11089	6131.64	5917.96	4630.01	239.29	174.59
PTHR32518	5993.0	5886.16	1080.99	36.34	26.51
PTHR11247	1424.46	1317.62	53.0	6.73	4.91
PTHR12277	3888.68	3728.42	1210.87	73.91	53.93
PTHR32512	1819.0	1765.58	762.0	31.7	23.13
PTHR23088	4339.21	4125.54	2635.71	145.94	106.49
PTHR23089	1694.0	1587.16	1415.0	145.01	105.81
PTHR23081	5297.61	5137.37	3886.4	148.05	108.03
PTHR23083	29729.36	28874.72	13651.74	493.61	360.19
PTHR23084	6644.79	6431.12	2449.95	144.21	105.23
PTHR23086	6179.0	5965.32	951.96	45.44	33.16
PTHR18806	3810.0	3703.17	2535.98	104.43	76.19
PTHR31953	1816.0	1762.58	501.0	20.88	15.23
PTHR15184	10091.74	9824.64	24189.52	987.56	720.57
PTHR15341	799.0	745.58	195.0	19.29	14.08
PTHR14744	1242.0	1135.27	65.0	9.08	6.63
PTHR15169	1388.0	1334.58	78.0	4.3	3.14
PTHR12341	11074.04	10753.56	5074.46	122.95	89.73
PTHR15160	5327.72	5114.06	3622.96	168.37	122.86
PTHR18937	20674.43	20353.91	8087.86	158.56	115.7
PTHR18934	26493.7	25639.03	19631.45	715.96	522.41
PTHR12742	2322.0	2268.58	2985.89	96.62	70.5
PTHR12741	1560.0	1506.58	459.0	22.39	16.34
PTHR16557	1964.0	1857.16	147.0	11.95	8.72
PTHR19288	5441.96	5228.29	4078.98	208.15	151.87
PTHR12975	4122.0	3961.74	525.0	31.27	22.81
PTHR13902	2646.23	2592.82	1303.0	36.88	26.91
PTHR13903	1438.0	1384.58	1267.0	67.28	49.09
PTHR22753	2304.0	2197.16	85.0	5.8	4.23
PTHR30615	1731.85	1625.02	451.55	43.76	31.92
PTHR22939	14547.54	14013.5	8654.36	332.02	242.25
PTHR22938	3864.0	3703.74	1169.98	68.64	50.09
PTHR16266	4658.63	4498.37	565.28	26.0	18.97
PTHR21597	5700.0	5646.58	2707.89	35.15	25.65
PTHR22932	875.88	822.47	820.0	73.49	53.63
PTHR21228	20580.76	19939.85	7859.91	329.85	240.67
PTHR13343	3670.57	3510.31	3621.9	232.15	169.39
PTHR22936	2747.0	2586.74	674.05	58.02	42.33
PTHR31038	1402.0	1348.58	2061.0	112.37	81.99
PTHR13832	37222.03	35833.26	27632.92	1174.59	857.04
PTHR21139	1293.72	1240.3	2196.97	130.29	95.06
PTHR21136	3401.17	3240.91	2698.18	181.96	132.77
PTHR12526	38959.23	37891.09	26383.88	745.41	543.87
PTHR13120	807.0	753.58	645.09	63.14	46.07
PTHR22809	2879.0	2718.76	766.92	60.26	43.96
PTHR22807	4494.32	4387.48	1352.0	46.59	33.99
PTHR20661	2106.0	1999.17	163.0	12.12	8.85
PTHR10900	17079.95	16385.6	13316.96	771.57	563.0
PTHR10906	2767.0	2660.16	6977.92	273.28	199.4
PTHR10909	18122.78	17642.06	25167.41	773.29	564.22
PTHR10055	3197.0	3090.16	1722.0	80.88	59.02
PTHR10057	1659.0	1552.16	1290.05	100.6	73.4
PTHR10052	1068.0	1014.58	24775.48	1797.89	1311.83
PTHR13017	860.0	806.58	75.0	6.86	5.0
PTHR13018	17793.51	17419.57	12246.27	300.3	219.13
PTHR10694	9418.0	9150.99	4687.55	186.36	135.98
PTHR12839	2544.17	2437.34	401.0	25.89	18.89
PTHR12835	727.0	673.58	103.0	11.29	8.24
PTHR24031	56938.35	54855.48	94198.55	4190.96	3057.91
PTHR24032	3050.62	2890.37	744.0	58.89	42.97
PTHR24349	22648.38	21954.01	11996.88	483.15	352.53
PTHR24619	5979.0	5818.75	1909.67	56.26	41.05
PTHR24343	28089.3	27127.82	26657.95	935.57	682.66
PTHR11472	10855.49	10428.15	5608.0	198.44	144.79
PTHR24347	14748.34	14267.73	7564.44	208.44	152.07
PTHR11476	1748.0	1694.58	992.0	43.01	31.38
PTHR11477	3677.79	3570.98	1684.92	62.15	45.34
PTHR10438	22884.71	22029.99	26310.01	1527.52	1114.55
PTHR10476	5607.1	5500.27	5357.28	163.34	119.18
PTHR24290	3600.0	3439.74	1156.43	69.58	50.77
PTHR23413	574.0	520.59	21536.05	3060.45	2233.06
PTHR23417	2173.14	2066.31	947.83	66.7	48.67
PTHR23416	1541.35	1487.94	773.0	38.18	27.86
PTHR23415	1058.0	1004.58	1613.0	118.22	86.26
PTHR12736	1805.54	1752.12	621.04	26.04	19.0
PTHR10871	1508.0	1401.16	24707.3	2768.34	2019.92
PTHR10877	1376.0	1215.91	13.0	2.35	1.71
PTHR11879	5608.89	5395.39	3240.24	112.86	82.35
PTHR11659	1616.87	1563.46	1024.0	48.13	35.12
PTHR31096	3933.5	3773.25	5885.51	341.7	249.32
PTHR31098	4404.0	4350.58	9191.0	154.89	113.02
PTHR11655	1974.0	1867.16	33888.23	2917.37	2128.65
PTHR11652	720.0	666.58	23179.39	2567.1	1873.08
PTHR20883	2097.0	1990.16	1004.0	68.73	50.15
PTHR11895	6246.73	6086.47	1188.0	40.36	29.44
PTHR10277	3846.0	3685.74	1258.0	74.34	54.24
PTHR14027	3452.0	3398.58	1877.63	40.52	29.57
PTHR12320	6238.57	6078.31	4084.51	148.99	108.72
PTHR24095	16372.53	15678.25	46262.32	1397.52	1019.69
PTHR11246	9485.0	9324.74	7690.64	186.29	135.92
PTHR24092	4620.0	4566.58	5121.14	82.22	59.99
PTHR24093	32940.95	32139.78	58140.23	1601.14	1168.28
PTHR23180	11371.42	10997.5	10894.0	461.7	336.88
PTHR14593	2610.69	2503.85	672.68	39.82	29.05
PTHR11093	3421.0	3314.16	2815.0	124.83	91.08
PTHR11096	1593.67	1486.83	215.0	19.69	14.36
PTHR23346	8462.0	8301.74	2099.99	32.77	23.91
PTHR11099	2595.0	2541.58	1745.0	50.39	36.76
PTHR10309	1913.0	1859.58	2155.0	85.11	62.1
PTHR14107	696.95	643.53	121.0	13.88	10.13
PTHR11252	4759.72	4706.31	5930.08	92.37	67.4
PTHR11254	14560.46	14133.18	4440.97	133.79	97.62
PTHR11255	1863.56	1810.14	574.63	23.32	17.01
PTHR14110	4148.11	3934.44	4259.68	331.84	242.12
PTHR14374	1535.0	1481.58	129.0	6.4	4.67
PTHR18838	2163.0	2109.58	1111.0	38.67	28.21
PTHR15074	1628.0	1574.58	285.0	13.3	9.7
PTHR12687	2375.0	2268.18	2105.0	110.42	80.57
PTHR15157	3373.34	3213.09	749.0	53.89	39.33
PTHR18901	12165.0	11897.9	6021.87	186.96	136.42
PTHR12281	1396.0	1342.58	2201.66	120.58	87.98
PTHR12755	591.0	537.59	111.0	15.27	11.14
PTHR12750	2181.48	2128.06	1977.29	68.22	49.77
PTHR12753	1221.24	1167.82	679.02	42.78	31.21
PTHR15081	1742.63	1689.22	1109.04	48.23	35.19
PTHR15574	7156.46	6889.38	1664.68	86.49	63.1
PTHR24007	357.0	303.64	30.0	7.36	5.37
PTHR13931	3088.25	3034.83	458.0	11.07	8.08
PTHR12358	7158.7	6838.19	2939.0	173.06	126.29
PTHR12356	1949.71	1842.88	707.46	62.86	45.87
PTHR12221	2347.0	2240.16	1699.0	113.97	83.16
PTHR30603	4411.0	4304.16	3605.03	111.54	81.38
PTHR12226	1653.0	1599.58	492.0	22.6	16.49
PTHR19877	1068.0	1014.58	1942.0	140.93	102.83
PTHR31442	557.0	503.59	600.1	88.19	64.34
PTHR12538	617.0	563.58	13745.59	1803.02	1315.57
PTHR12537	3502.83	3395.99	3955.22	149.79	109.3
PTHR12532	1288.0	1234.58	998.5	59.49	43.41
PTHR13486	675.0	621.58	344.0	40.88	29.83
PTHR20275	2910.0	2803.16	2059.0	109.19	79.67
PTHR13489	2305.91	2199.07	650.84	42.79	31.22
PTHR17583	8276.0	8115.75	2543.99	69.26	50.54
PTHR13572	1535.22	1481.8	168.0	8.33	6.08
PTHR24198	20772.68	19918.01	5848.61	285.07	208.02
PTHR10048	5085.62	4818.53	1068.0	79.8	58.23
PTHR21704	2734.27	2627.44	774.96	31.22	22.78
PTHR10046	921.0	867.58	347.0	29.47	21.51
PTHR10044	5245.0	5138.16	1661.0	53.35	38.93
PTHR13060	1573.0	1519.58	211.0	10.21	7.45
PTHR10687	1280.28	1226.87	1998.02	119.79	87.41
PTHR13069	4474.0	4260.33	1545.0	87.58	63.91
PTHR13068	8183.61	7916.51	3395.11	176.53	128.81
PTHR10682	2626.32	2519.48	2848.86	167.03	121.87
PTHR12829	884.0	830.58	121.0	10.74	7.84
PTHR12820	2913.02	2859.61	1138.05	29.2	21.3
PTHR12826	1381.0	1327.58	1997.99	110.67	80.75
PTHR12827	986.0	932.58	75.0	5.92	4.32
PTHR17920	2628.0	2574.58	849.92	24.23	17.68
PTHR10137	1631.0	1577.58	1053.0	49.05	35.79
PTHR11405	9247.54	9033.87	17023.57	531.44	387.77
PTHR11404	2587.0	2533.58	2998.92	86.87	63.38
PTHR11406	1414.04	1360.62	5758.16	311.15	227.03
PTHR32357	1724.0	1670.58	472.0	20.76	15.15
PTHR13468	1324.9	1271.48	1230.99	71.2	51.95
PTHR23406	3985.0	3878.16	1628.0	62.03	45.26
PTHR23407	2273.36	2219.95	566.0	18.72	13.66
PTHR10869	12349.39	11868.64	5902.16	327.26	238.78
PTHR31717	4852.19	4745.35	9085.55	280.2	204.45
PTHR12452	650.0	596.58	324.01	40.13	29.28
PTHR13393	2910.0	2856.58	296.0	7.6	5.55
PTHR12696	4012.06	3958.64	2067.12	38.29	27.94
PTHR11315	3663.0	3556.16	1219.0	50.33	36.73
PTHR10139	2373.0	2319.58	716.0	22.66	16.53
PTHR10264	4424.0	4210.33	3779.21	204.73	149.38
PTHR10263	2008.0	1901.16	5582.09	424.85	309.99
PTHR31155	2193.35	2139.93	7462.04	256.01	186.8
PTHR32170	3023.45	2916.73	941.0	56.72	41.38
PTHR23350	505.0	451.59	196.0	32.15	23.46
PTHR23354	2843.0	2789.58	1779.0	46.79	34.14
PTHR23355	8512.15	8245.11	1764.0	70.82	51.67
PTHR23359	7215.32	6948.23	7932.8	486.06	354.65
PTHR11227	2123.26	2016.48	687.79	51.08	37.27
PTHR11220	4269.37	4002.28	1109.99	111.85	81.61
PTHR13162	6879.0	6772.21	5675.0	65.74	47.97
PTHR11229	1929.0	1822.16	6197.32	481.64	351.43
PTHR10314	20406.45	19551.78	28192.28	1394.67	1017.61
PTHR11035	1315.0	1261.58	361.0	21.05	15.36
PTHR14303	730.0	676.58	471.0	51.39	37.49
PTHR14085	2004.0	1950.58	1898.0	71.46	52.14
PTHR11139	26277.3	25849.97	30148.97	322.43	235.25
PTHR15362	1118.0	1064.58	462.18	31.96	23.32
PTHR11132	22855.8	22054.53	29413.52	1313.22	958.19
PTHR11134	4894.67	4734.43	3275.0	158.12	115.37
PTHR11136	3000.0	2893.16	457.0	24.35	17.76
PTHR32374	7427.98	7214.3	8665.89	273.09	199.26
PTHR31579	8302.1	8035.01	7513.86	313.79	228.96
PTHR18919	3124.76	2911.19	4922.42	260.28	189.92
PTHR32002	16314.49	15673.46	11470.35	565.07	412.29
PTHR14413	950.0	896.58	2916.73	239.68	174.88
PTHR22891	1954.0	1900.58	190.0	7.34	5.36
PTHR22893	1392.68	1339.27	544.0	29.87	21.79
PTHR10778	4853.0	4692.74	5889.09	262.09	191.24
PTHR10072	2478.0	2424.58	8694.7	263.2	192.04
PTHR12786	2468.0	2361.16	1445.0	81.08	59.16
PTHR11706	4379.0	4272.16	2973.77	100.03	72.98
PTHR12782	1285.0	1231.58	903.94	53.99	39.39
PTHR11742	7390.42	7176.74	3010.01	107.54	78.46
PTHR21213	2120.0	2066.58	3243.03	115.22	84.07
PTHR10182	1189.0	1135.58	910.0	58.97	43.02
PTHR13923	812.34	758.92	882.1	85.72	62.55
PTHR11210	674.0	620.58	1515.45	180.38	131.61
PTHR12321	2229.0	2122.16	3481.86	237.52	173.31
PTHR25040	3683.0	3522.74	2225.98	116.02	84.65
PTHR12323	2155.0	1994.76	397.01	44.16	32.22
PTHR10344	903.0	849.58	188.0	16.31	11.9
PTHR21015	1566.39	1512.98	1208.0	58.68	42.82
PTHR16196	1877.0	1770.16	462.0	37.65	27.47
PTHR16193	646.13	592.72	354.0	44.13	32.2
PTHR22792	4836.96	4730.12	7624.73	220.06	160.57
PTHR22790	2047.74	1940.9	233.0	18.25	13.31
PTHR21680	1126.0	1072.58	960.0	65.88	48.07
PTHR21689	2788.25	2681.43	1357.49	62.84	45.85
PTHR21113	2369.65	2262.82	377.0	24.99	18.23
PTHR21663	2362.0	2308.58	256.0	8.14	5.94
PTHR13253	14031.04	13443.45	7308.4	399.07	291.18
PTHR12446	6581.76	6368.09	3555.03	104.92	76.55
PTHR22603	1817.87	1711.04	494.0	39.12	28.55
PTHR21206	905.0	851.58	345.0	29.86	21.79
PTHR13789	13717.5	13290.18	19258.21	764.1	557.53
PTHR10071	14630.6	14149.83	12113.35	468.71	342.0
PTHR24188	12912.13	12431.38	1060.0	55.5	40.51
PTHR13780	9353.16	9086.09	12489.37	527.63	384.99
PTHR10670	4366.82	4259.98	1165.0	37.98	27.71
PTHR10677	4351.55	4191.29	646.97	30.92	22.57
PTHR13078	3085.0	2978.16	162.0	10.67	7.79
PTHR12815	4560.0	4453.16	3692.99	103.73	75.7
PTHR12814	986.21	932.79	1090.8	86.14	62.85
PTHR24361	8878.0	8504.31	4231.91	162.29	118.42
PTHR24362	11509.29	11081.99	8818.19	299.27	218.35
PTHR10416	1591.0	1537.58	508.0	24.28	17.72
PTHR10410	2653.0	2546.16	2769.64	162.62	118.65
PTHR10783	6428.18	6161.09	3774.0	213.29	155.61
PTHR10782	2452.0	2398.58	500.68	15.32	11.18
PTHR13476	774.0	720.58	413.0	42.29	30.85
PTHR10788	2773.0	2719.58	4168.29	112.46	82.06
PTHR10891	8188.12	7814.23	4681.85	255.36	186.33
PTHR10890	947.0	840.23	111.0	20.02	14.61
PTHR20426	1822.27	1768.85	5028.69	208.83	152.37
PTHR23213	4955.0	4794.74	1353.1	63.09	46.03
PTHR10520	8513.0	8299.32	7735.11	295.22	215.42
PTHR10250	2229.0	2122.16	1090.93	64.81	47.28
PTHR10527	6880.0	6773.16	8750.88	189.57	138.32
PTHR31384	1763.0	1709.58	233.0	10.01	7.31
PTHR10098	2029.58	1922.74	1281.99	82.68	60.33
PTHR10091	2677.0	2570.16	918.03	51.59	37.64
PTHR31142	1580.0	1526.58	2435.05	117.23	85.54
PTHR31140	2845.0	2738.16	904.19	41.01	29.93
PTHR31412	3765.0	3658.16	1441.0	48.73	35.56
PTHR11787	5960.57	5800.33	2729.99	49.62	36.2
PTHR11785	14901.92	14527.98	12475.84	371.19	270.84
PTHR11782	2688.36	2581.57	1714.0	130.09	94.92
PTHR11780	1354.0	1193.85	193.0	33.57	24.5
PTHR32497	5027.56	4920.72	2064.0	59.48	43.39
PTHR32148	5701.0	5433.92	17521.81	1856.21	1354.38
PTHR23324	6680.56	6520.31	2935.0	106.5	77.71
PTHR23327	4760.47	4600.21	987.0	45.54	33.23
PTHR23326	3043.0	2882.74	2016.0	169.97	124.01
PTHR23321	5205.0	5044.74	6294.31	269.8	196.85
PTHR23323	4845.92	4685.67	1254.0	57.88	42.23
PTHR23322	1358.96	1252.13	435.0	48.59	35.45
PTHR23329	4246.0	4085.74	1739.0	78.86	57.54
PTHR11236	4381.87	4275.03	2284.0	76.49	55.82
PTHR11364	1102.0	1048.58	552.04	38.75	28.28
PTHR20932	2759.0	2652.16	1707.0	84.64	61.76
PTHR10322	16890.99	16410.28	7476.66	186.41	136.02
PTHR11239	4544.0	4383.74	3499.06	161.02	117.49
PTHR10803	3827.0	3666.74	1425.28	78.92	57.59
PTHR31964	15974.12	15333.08	8710.03	620.04	452.41
PTHR10552	1693.4	1639.98	3069.99	137.54	100.36
PTHR23030	2420.0	2366.58	902.0	27.98	20.41
PTHR11129	3312.0	3205.16	1277.96	58.06	42.36
PTHR11122	6463.12	6249.45	4110.94	174.54	127.36
PTHR15316	2712.58	2552.33	2182.88	183.85	134.14
PTHR11127	549.0	495.59	15310.68	2286.62	1668.43
PTHR11125	3423.0	3369.58	1652.13	35.96	26.24
PTHR31566	2019.0	1965.58	569.45	21.27	15.52
PTHR31567	1669.93	1616.54	1324.02	60.18	43.91
PTHR31561	4894.4	4787.56	2369.13	71.33	52.04
PTHR15137	1844.18	1790.77	466.94	19.15	13.97
PTHR14950	6873.59	6713.38	1320.0	31.15	22.73
PTHR15954	3332.15	3171.89	376.0	24.39	17.8
PTHR15952	2837.0	2783.58	1522.15	40.12	29.28
PTHR21319	6461.0	6193.93	3201.0	177.88	129.78
PTHR30612	3234.09	3180.67	5090.08	117.39	85.65
PTHR19271	5236.34	5129.51	2663.63	63.78	46.54
PTHR19861	1033.0	979.58	256.0	19.24	14.04
PTHR12022	1734.0	1680.58	3316.11	144.97	105.78
PTHR12233	1471.0	1417.58	587.0	30.44	22.21
PTHR12029	8402.08	8081.58	5027.47	260.68	190.22
PTHR21220	1011.33	957.92	102.0	7.84	5.72
PTHR31221	1135.51	1082.1	1115.0	75.84	55.34
PTHR22780	3606.41	3553.0	2870.0	59.24	43.23
PTHR21477	1461.39	1407.97	1452.23	75.82	55.32
PTHR19308	5271.0	5164.16	5260.93	149.83	109.32
PTHR16301	1366.46	1259.63	345.78	40.33	29.43
PTHR13265	2157.0	2103.58	562.0	19.62	14.31
PTHR22870	22137.77	21229.87	9066.89	411.41	300.18
PTHR17630	1036.0	982.58	173.9	13.03	9.51
PTHR10064	627.0	573.58	30960.89	3989.74	2911.11
PTHR10060	3934.29	3774.03	633.99	35.45	25.86
PTHR10663	22768.42	22394.48	6975.95	148.25	108.18
PTHR10666	2659.43	2445.8	38329.45	4295.61	3134.29
PTHR10668	12358.38	11984.46	3058.08	118.97	86.81
PTHR12265	2203.58	2150.17	579.99	19.8	14.45
PTHR12801	8115.89	7849.04	3111.0	137.06	100.01
PTHR12802	7497.42	7230.33	10105.89	447.94	326.85
PTHR12805	857.0	803.58	150.91	13.85	10.1
PTHR12806	940.08	886.67	375.0	31.16	22.74
PTHR21506	3200.0	3093.16	727.0	32.21	23.5
PTHR21091	10675.18	10247.91	14965.95	679.53	495.83
PTHR21090	1529.0	1475.58	3468.76	172.79	126.07
PTHR13734	1740.0	1686.58	811.0	35.33	25.78
PTHR24315	3392.0	3285.16	3653.46	237.71	173.44
PTHR24314	6241.01	5973.93	1254.0	63.06	46.01
PTHR11933	1627.76	1574.35	1111.38	51.88	37.85
PTHR11932	7800.0	7639.74	7315.11	193.41	141.12
PTHR11934	3439.0	3332.16	2237.12	122.86	89.64
PTHR11937	5832.0	5618.33	13302.32	580.19	423.34
PTHR11938	13255.4	12988.31	34116.83	835.97	609.96
PTHR13683	3541.0	3487.58	2393.04	50.32	36.72
PTHR24089	34735.75	33186.64	39242.17	1992.76	1454.05
PTHR10796	7566.87	7406.62	4311.15	102.85	75.05
PTHR10794	4023.0	3862.74	667.0	38.52	28.11
PTHR10795	35536.12	34467.96	18787.88	802.89	585.82
PTHR10792	610.0	556.58	13670.79	1815.96	1325.01
PTHR10799	53553.98	51631.27	13431.03	532.43	388.49
PTHR10882	1142.96	1089.55	1007.0	68.02	49.63
PTHR10887	24602.37	24068.19	9525.24	266.27	194.27
PTHR11686	2260.7	2207.28	553.0	18.39	13.42
PTHR11685	5872.34	5712.08	3023.08	126.44	92.25
PTHR11680	1986.22	1932.8	8401.18	319.21	232.91
PTHR24221	18015.2	17320.97	15128.16	564.32	411.77
PTHR24220	7571.24	7197.34	6267.05	390.38	284.86
PTHR24223	10895.39	10574.89	4373.05	97.93	71.45
PTHR11689	9178.0	9017.74	2712.0	63.37	46.25
PTHR10252	2228.0	2067.74	342.02	36.8	26.85
PTHR13124	1019.0	965.58	697.0	53.16	38.79
PTHR31173	4381.19	4274.36	2747.42	73.2	53.41
PTHR10997	12503.09	12289.42	5722.16	117.31	85.61
PTHR31385	3774.56	3614.3	1710.55	107.72	78.6
PTHR31356	7040.02	6826.35	13457.99	699.28	510.23
PTHR31724	3821.2	3607.57	1164.76	74.29	54.2
PTHR31352	3154.0	3047.16	3289.08	135.28	98.71
PTHR31350	9712.34	9338.41	7454.07	317.49	231.67
PTHR11758	654.0	600.58	17460.64	2148.05	1567.32
PTHR23333	1084.0	1030.58	1105.0	78.94	57.6
PTHR11751	14568.17	14194.23	10542.05	354.75	258.85
PTHR11753	2846.0	2685.74	3321.77	269.87	196.91
PTHR11752	20792.34	20151.51	14710.5	358.7	261.71
PTHR24423	16091.0	15663.64	11851.19	422.46	308.24
PTHR11206	15464.06	14983.3	5257.35	207.69	151.54
PTHR11757	5571.0	5357.32	1196.0	46.93	34.25
PTHR24420	49522.66	48294.09	22797.97	645.76	471.18
PTHR10332	2926.32	2819.48	1699.0	71.74	52.34
PTHR32557	1872.0	1818.58	2870.07	115.92	84.58
PTHR14145	3159.01	3052.17	1916.0	94.48	68.93
PTHR20922	2531.33	2424.5	954.0	80.21	58.52
PTHR13600	2335.0	2228.17	271.0	27.31	19.93
PTHR15744	1769.91	1716.5	807.0	34.54	25.2
PTHR23029	9565.91	9192.19	3506.83	159.08	116.07
PTHR23023	7170.85	6957.17	1568.73	59.92	43.71
PTHR12847	2240.0	2079.76	581.85	49.31	35.98
PTHR11119	8396.04	8182.37	6119.36	194.91	142.22
PTHR31595	9533.5	9106.23	1336.04	68.18	49.74
PTHR31596	4198.0	4091.16	2218.47	72.04	52.56
PTHR15948	1404.82	1351.41	190.0	10.34	7.54
PTHR32026	877.0	823.58	48.0	4.3	3.13
PTHR31829	1475.0	1421.58	3308.64	171.1	124.84
PTHR31419	2006.0	1899.16	140.0	10.07	7.34
PTHR14898	1466.54	1413.15	1103.99	57.42	41.9
PTHR19241	45745.82	44410.55	26913.21	835.92	609.92
PTHR14894	2108.47	2001.64	410.94	29.71	21.68
PTHR15239	1752.42	1699.0	453.06	19.59	14.29
PTHR12497	2612.25	2505.41	563.0	28.6	20.87
PTHR12304	1333.0	1279.58	170.0	9.77	7.13
PTHR30540	4301.5	4248.09	752.84	12.99	9.48
PTHR30544	4573.48	4466.64	2291.0	95.96	70.02
PTHR13302	2546.0	2492.58	803.0	23.64	17.25
PTHR12472	1409.0	1302.17	152.0	18.42	13.44
PTHR13308	6476.29	6262.66	11678.65	462.45	337.42
PTHR12477	3975.52	3868.68	1280.54	48.33	35.26
PTHR13878	1975.25	1921.83	645.0	24.65	17.98
PTHR21461	3923.0	3762.74	921.0	52.81	38.54
PTHR13872	528.0	474.59	16575.12	2586.12	1886.96
PTHR22849	9835.83	9568.74	3673.0	87.71	64.0
PTHR21314	2202.0	2095.16	435.0	30.66	22.37
PTHR13271	21358.89	20557.66	7740.15	382.06	278.79
PTHR22841	5354.0	5140.32	2074.65	116.03	84.66
PTHR13273	1137.0	1083.58	998.19	67.8	49.47
PTHR22847	28273.83	27152.38	10191.62	522.78	381.43
PTHR22846	2261.0	2207.58	1150.0	38.24	27.9
PTHR22844	20266.26	19518.41	9031.77	386.98	282.34
PTHR23270	1319.0	1265.58	743.0	43.18	31.51
PTHR11601	7766.0	7552.32	4872.8	177.95	129.85
PTHR21266	4183.0	3969.33	2573.04	156.61	114.27
PTHR12271	6799.18	6638.92	3883.01	124.9	91.13
PTHR21262	3703.0	3649.58	2666.0	53.57	39.09
PTHR12276	2367.61	2207.36	880.0	73.97	53.97
PTHR10657	1777.0	1670.16	911.97	95.53	69.7
PTHR10655	4822.69	4662.45	2078.0	81.21	59.26
PTHR10652	2138.67	2031.84	945.05	65.43	47.74
PTHR17972	4494.0	4440.58	2382.96	39.34	28.71
PTHR10751	5649.0	5488.74	2291.18	69.5	50.72
PTHR21085	1517.0	1463.58	1946.5	97.76	71.33
PTHR11922	5238.0	4971.04	2240.03	164.89	120.32
PTHR11926	3094.87	2934.61	629.0	42.94	31.32
PTHR11431	1280.57	1227.15	5232.59	313.65	228.86
PTHR10430	2560.0	2399.74	1685.97	163.62	119.38
PTHR10436	8878.64	8504.71	3854.06	166.21	121.29
PTHR10434	2546.0	2439.16	920.0	55.04	40.16
PTHR24096	6410.04	6196.37	17405.48	655.81	478.51
PTHR13693	5762.44	5602.18	3063.01	114.6	83.62
PTHR13691	3295.0	3134.74	27328.32	1871.59	1365.6
PTHR13451	6527.97	6314.32	883.0	31.92	23.29
PTHR13452	1024.0	970.58	833.0	63.2	46.12
PTHR10759	530.0	476.59	12939.85	2010.37	1466.86
PTHR12901	1851.0	1797.58	498.78	20.38	14.87
PTHR12903	2862.41	2808.99	4489.04	117.25	85.55
PTHR23237	1005.0	951.58	4296.46	332.54	242.64
PTHR10501	1540.23	1433.4	873.01	89.48	65.29
PTHR31169	6252.91	5985.82	4518.64	309.41	225.74
PTHR11426	1424.25	1317.42	324.0	38.66	28.21
PTHR14087	3340.0	3233.16	823.03	25.76	18.8
PTHR23309	3724.0	3617.16	4712.98	149.23	108.88
PTHR31344	3433.61	3380.2	3643.0	79.05	57.68
PTHR31619	2033.0	1979.58	4244.92	157.47	114.89
PTHR23306	1744.09	1637.26	403.18	36.3	26.49
PTHR23305	2996.0	2835.86	9364.87	514.16	375.16
PTHR14089	1137.0	1083.58	112.0	7.61	5.55
PTHR11748	5757.4	5490.35	1554.17	77.97	56.89
PTHR11214	4936.0	4775.74	2646.31	122.51	89.38
PTHR11216	3384.04	3223.82	658.0	39.45	28.78
PTHR14154	3573.62	3306.54	1408.0	133.62	97.49
PTHR14155	5048.38	4941.54	2133.89	59.62	43.5
PTHR14152	566.0	512.59	248.0	35.8	26.12
PTHR11699	11791.91	11364.58	66589.85	2653.85	1936.39
PTHR11692	2300.0	2246.58	3254.02	106.33	77.58
PTHR11693	1554.0	1500.58	11684.38	572.3	417.58
PTHR11695	12651.48	12170.72	5750.59	301.16	219.74
PTHR31760	490.0	436.59	173.91	29.52	21.54
PTHR31906	11030.58	10549.81	3328.45	252.17	183.98
PTHR21419	2246.0	2192.58	1168.98	39.14	28.56
PTHR23012	8863.72	8489.78	3585.39	194.54	141.96
PTHR11101	7659.42	7232.1	5220.85	338.11	246.71
PTHR11102	6137.98	5977.73	2223.03	106.77	77.91
PTHR11106	782.0	728.58	166.0	16.81	12.26
PTHR31585	1469.0	1415.58	1289.0	66.94	48.84
PTHR32125	1927.0	1820.16	947.0	96.52	70.42
PTHR31588	3973.0	3866.16	1818.0	71.09	51.87
PTHR32120	1371.0	1317.58	438.0	24.45	17.84
PTHR15680	1853.0	1746.16	524.0	45.37	33.1
PTHR11804	6428.53	6214.89	4031.25	127.2	92.81
PTHR11374	1705.0	1651.58	12388.22	551.11	402.12
PTHR10281	950.0	896.58	218.0	17.91	13.07
PTHR18895	553.0	499.59	164.0	24.3	17.73
PTHR12169	3919.22	3812.39	3296.23	141.19	103.02
PTHR12486	1522.19	1415.35	91.0	9.23	6.74
PTHR12480	3628.74	3468.49	512.0	30.12	21.98
PTHR12482	1358.8	1252.0	481.08	51.54	37.61
PTHR12317	2483.0	2376.16	1472.73	78.22	57.08
PTHR12649	1189.93	1136.52	1350.36	87.43	63.79
PTHR10099	4517.0	4463.58	8972.12	147.37	107.53
PTHR13992	2800.0	2746.58	899.0	24.02	17.52
PTHR12461	7460.03	7192.94	3073.02	147.75	107.81
PTHR12466	931.0	877.58	425.0	35.68	26.04
PTHR13847	12202.89	11722.16	6283.26	320.48	233.86
PTHR32251	4886.02	4725.77	3574.75	151.07	110.23
PTHR26312	3445.0	3284.74	1551.4	86.88	63.4
PTHR12000	1527.0	1473.58	690.95	34.47	25.15
PTHR12001	3754.32	3647.48	6423.36	283.74	207.03
PTHR21327	3940.72	3833.88	4640.1	179.04	130.63
PTHR21631	3802.75	3695.92	19837.73	780.22	569.29
PTHR22854	5381.26	5221.0	3069.7	153.18	111.77
PTHR22855	6513.8	6300.12	7010.34	304.72	222.34
PTHR22850	12453.57	12026.22	9846.97	512.29	373.8
PTHR22504	2021.0	1967.58	4639.38	173.15	126.34
PTHR12189	1150.79	1097.37	258.0	17.3	12.63
PTHR21256	3584.93	3478.11	5231.4	194.11	141.63
PTHR12266	2971.0	2864.16	1506.99	82.25	60.01
PTHR10648	4134.98	4028.14	3377.02	123.48	90.09
PTHR10641	13146.77	12826.26	8255.89	247.2	180.36
PTHR10644	13334.27	13013.76	11163.09	289.57	211.28
PTHR12864	3913.06	3699.4	1306.64	100.86	73.58
PTHR12860	2905.0	2851.58	1655.74	42.6	31.08
PTHR13194	750.0	696.58	110.0	11.65	8.5
PTHR13190	1117.76	1064.35	730.15	50.49	36.84
PTHR13193	501.0	447.59	188.0	31.12	22.71
PTHR11913	684.0	630.58	467.0	54.7	39.91
PTHR11911	7492.78	7279.1	33177.15	1246.17	909.27
PTHR11910	1133.0	1079.58	6910.91	471.16	343.78
PTHR11918	6715.13	6448.12	3196.91	144.87	105.7
PTHR12919	779.0	725.58	3029.03	307.99	224.73
PTHR12910	1695.0	1588.16	2006.95	177.8	129.74
PTHR12917	6207.45	5993.78	1564.0	75.91	55.4
PTHR11351	2070.0	2016.58	5691.07	207.23	151.2
PTHR11353	10795.63	10368.29	14793.39	826.17	602.81
PTHR11599	13611.0	12916.54	16060.17	1180.21	861.13
PTHR10516	12378.19	11790.58	4691.43	389.53	284.22
PTHR11592	5204.51	4937.43	3128.97	221.77	161.82
PTHR31620	1587.0	1533.58	5658.66	271.17	197.86
PTHR23315	9001.16	8627.23	3597.99	131.22	95.74
PTHR23316	2252.0	2198.58	4728.98	157.9	115.21
PTHR11778	3103.0	2996.16	2972.0	140.72	102.68
PTHR11774	1201.0	1147.58	169.0	10.84	7.91
PTHR11773	3594.0	3540.58	1943.9	40.27	29.38
PTHR11772	6608.0	6340.9	9041.93	332.16	242.37
PTHR10357	18520.22	18039.46	16787.21	507.85	370.56
PTHR10353	1670.61	1617.19	745.32	33.86	24.71
PTHR10350	4408.0	4354.58	2462.31	41.46	30.25
PTHR10351	2669.13	2562.31	9749.7	717.49	523.51
PTHR10359	5546.07	5332.4	1663.0	79.18	57.76
PTHR31750	2104.69	2051.27	442.2	15.83	11.55
PTHR23418	1527.0	1473.58	1298.06	64.75	47.24
PTHR14189	1752.31	1698.89	1304.0	56.39	41.14
PTHR31245	1570.0	1516.58	1728.33	83.76	61.11
PTHR23001	2070.0	2016.58	3085.4	112.35	81.97
PTHR23002	2091.0	1984.16	277.0	20.44	14.91
PTHR30178	3573.23	3412.98	28435.74	2079.47	1517.27
PTHR22904	17425.13	16677.25	5389.38	289.05	210.91
PTHR11177	24777.55	23869.42	24040.05	1099.18	802.01
PTHR11178	1500.0	1446.58	1048.0	53.25	38.86
PTHR14456	1199.01	1092.17	155.95	21.06	15.37
PTHR31808	1560.0	1506.58	814.0	39.71	28.97
PTHR31803	4213.0	4052.75	2020.0	71.93	52.48
PTHR11009	2042.62	1935.78	416.0	31.87	23.26
PTHR19229	16963.66	16696.57	6275.06	81.44	59.43
PTHR11005	3379.17	3272.33	1311.0	69.26	50.53
PTHR11006	4097.71	3990.88	1853.9	71.5	52.16
PTHR18640	1921.0	1867.58	682.0	26.82	19.57
PTHR18866	20405.91	19925.16	15888.48	471.69	344.17
PTHR15588	2726.0	2619.16	4989.07	206.98	151.02
PTHR12677	7160.0	6946.32	3058.14	130.7	95.36
PTHR19134	1762.96	1709.54	3139.0	134.89	98.42
PTHR19139	7133.51	6866.41	1264.28	67.02	48.9
PTHR30566	7160.57	6946.89	1530.58	62.18	45.39
PTHR12459	1900.0	1846.58	500.0	19.89	14.51
PTHR12456	2061.15	1954.31	266.0	18.72	13.66
PTHR22931	6971.0	6864.16	7270.74	135.13	98.6
PTHR19359	8745.42	8424.91	4720.0	246.71	180.02
PTHR12072	3112.0	3005.16	969.99	40.5	29.54
PTHR13218	953.0	899.58	101.0	8.27	6.04
PTHR13215	1530.0	1423.17	241.0	25.05	18.28
PTHR13213	1616.53	1509.69	1471.86	135.98	99.22
PTHR12290	1970.09	1916.67	363.01	13.91	10.15
PTHR21530	6359.0	6091.9	1873.21	103.73	75.7
PTHR12295	4144.0	4090.58	818.0	14.66	10.7
PTHR12298	6931.8	6664.72	3690.92	152.94	111.6
PTHR10638	3193.91	3140.49	3466.41	80.97	59.08
PTHR10634	1401.0	1347.58	2190.52	119.52	87.21
PTHR10631	2583.8	2476.96	1193.56	56.57	41.27
PTHR10984	4139.0	3978.74	4414.38	249.71	182.2
PTHR13501	1768.0	1661.16	6128.23	595.97	434.84
PTHR13505	677.0	623.58	188.01	22.27	16.25
PTHR12850	449.0	395.59	29425.32	5518.87	4026.84
PTHR12856	678.0	624.58	124.0	14.66	10.7
PTHR12855	1721.0	1667.58	1675.16	73.81	53.85
PTHR12854	2785.37	2678.54	1336.0	71.01	51.81
PTHR13182	620.0	566.58	270.49	35.29	25.75
PTHR10855	1808.0	1754.58	2120.22	88.77	64.77
PTHR10743	971.0	917.58	567.65	45.57	33.25
PTHR10742	19420.0	18885.82	9156.53	349.69	255.15
PTHR10745	2340.0	2286.58	5017.79	161.08	117.53
PTHR10744	1577.0	1470.17	36590.33	3046.86	2223.13
PTHR10746	3452.65	3345.82	7052.56	418.12	305.08
PTHR12924	776.0	722.58	2179.0	222.49	162.34
PTHR23308	5910.83	5643.75	4149.14	332.76	242.8
PTHR11349	1622.0	1515.16	6925.8	714.92	521.64
PTHR10566	20563.9	19976.32	10395.96	373.85	272.79
PTHR11588	3030.0	2869.75	25729.46	1213.6	885.49
PTHR10291	1100.0	1046.58	355.0	24.97	18.22
PTHR11584	8074.76	7861.09	3047.86	140.62	102.59
PTHR11586	1043.0	989.58	425.0	31.62	23.07
PTHR11909	6543.04	6329.36	12713.09	445.68	325.19
PTHR24320	11369.35	10942.01	2482.92	128.42	93.73
PTHR24322	19847.16	18992.45	9851.88	551.83	402.64
PTHR11907	2177.0	2123.58	2969.6	102.67	74.91
PTHR11760	1467.0	1360.16	41871.93	3936.7	2872.42
PTHR11761	1784.0	1677.16	20151.59	2479.3	1809.02
PTHR11766	1920.0	1813.16	779.87	64.61	47.14
PTHR11767	6276.93	6063.31	2182.4	82.4	60.12
PTHR10361	4774.78	4614.53	695.0	33.08	24.14
PTHR10366	14740.16	14099.16	36289.18	1943.16	1417.84
PTHR10169	3361.0	3307.58	1976.78	43.84	31.99
PTHR10168	5679.3	5412.27	3058.47	151.15	110.28
PTHR20973	1986.0	1932.58	286.0	10.87	7.93
PTHR10165	1540.0	1486.58	362.0	17.9	13.06
PTHR31032	3027.0	2920.16	6233.96	310.87	226.82
PTHR23257	143458.29	138865.19	96949.55	3342.34	2438.72
PTHR23253	2218.0	2164.58	204.0	6.92	5.05
PTHR14190	2516.0	2462.58	809.0	24.11	17.59
PTHR14194	9662.66	9235.32	6671.96	377.21	275.23
PTHR31251	28463.6	27235.05	12719.9	655.44	478.26
PTHR23074	15990.88	15403.32	6075.07	358.58	261.65
PTHR23077	11360.07	10612.46	3658.72	301.05	219.64
PTHR23076	16710.59	15962.78	14693.16	821.57	599.47
PTHR12561	1517.0	1463.58	580.0	29.13	21.25
PTHR23073	7505.05	7077.74	11374.35	984.42	718.27
PTHR10293	3996.87	3783.19	2334.0	199.11	145.27
PTHR23078	1748.0	1641.16	918.0	82.33	60.08
PTHR11165	2277.0	2170.16	6219.8	420.96	307.16
PTHR10772	3712.18	3551.93	6552.95	406.82	296.82
PTHR32100	5352.0	5191.74	12284.8	555.31	405.18
PTHR14445	2181.0	2074.16	991.21	70.48	51.42
PTHR31811	2350.07	2243.24	353.0	22.05	16.09
PTHR23102	4077.6	3917.34	2002.02	100.05	73.0
PTHR23105	6012.75	5692.25	60441.22	4398.29	3209.21
PTHR11010	8181.81	7968.15	4711.17	172.35	125.75
PTHR11014	6036.09	5822.46	1433.32	56.94	41.54
PTHR12668	3919.0	3812.16	4244.6	150.41	109.75
PTHR12661	3303.0	3249.58	3894.05	87.9	64.13
PTHR12663	4211.97	4158.56	1712.92	30.2	22.04
PTHR12664	1350.62	1297.2	1837.0	104.14	75.99
PTHR16166	32978.14	32443.95	8399.02	181.98	132.79
PTHR12111	867.0	813.58	622.9	56.44	41.18
PTHR12447	602.0	548.59	8.0	1.08	0.79
PTHR15481	778.0	724.58	131.0	13.34	9.73
PTHR26379	2088.0	1981.16	2761.75	184.47	134.6
PTHR12599	1259.0	1205.58	1314.0	80.18	58.5
PTHR12596	3743.0	3689.58	1756.0	34.9	25.47
PTHR12590	900.03	846.61	278.0	24.2	17.66
PTHR12066	4369.35	4155.67	479.0	32.66	23.82
PTHR12064	3924.0	3763.75	1892.99	81.02	59.11
PTHR13226	1608.52	1501.71	221.96	21.19	15.47
PTHR13889	2988.0	2934.58	3556.97	88.92	64.88
PTHR13887	1074.0	1020.58	143.0	10.32	7.53
PTHR21181	670.0	616.58	433.0	51.88	37.85
PTHR12412	2566.0	2512.58	941.0	27.49	20.05
PTHR13948	2239.66	2132.83	369.0	26.26	19.15
PTHR12146	1020.0	913.34	13602.89	1516.23	1106.32
PTHR10458	3066.0	2959.16	2351.42	115.62	84.36
PTHR19306	9186.55	9026.29	2042.0	53.51	39.05
PTHR12280	5070.31	4910.06	3600.14	144.0	105.07
PTHR11451	7319.78	7106.11	11548.42	388.27	283.3
PTHR12286	3493.53	3386.7	505.0	18.21	13.28
PTHR12415	5771.42	5557.78	292.0	13.55	9.88
PTHR30573	2341.0	2287.58	1417.0	45.47	33.18
PTHR22983	1153.0	1099.58	241.0	16.13	11.77
PTHR22981	1255.0	1201.58	671.87	41.13	30.01
PTHR10947	2702.0	2595.18	2125.02	105.28	76.81
PTHR30191	2624.66	2571.25	3037.12	86.68	63.25
PTHR13082	761.0	707.58	249.0	25.97	18.95
PTHR10629	3752.0	3591.74	319.0	18.83	13.74
PTHR10994	13769.25	13341.9	4833.0	206.4	150.59
PTHR10996	7651.8	7331.3	6438.0	257.22	187.68
PTHR10625	11463.55	10929.42	5932.66	281.38	205.3
PTHR10992	38437.7	36995.42	14533.11	697.41	508.87
PTHR10993	1797.0	1690.16	427.97	46.98	34.28
PTHR17695	4720.49	4560.23	2160.49	98.4	71.8
PTHR12848	2610.0	2503.16	620.0	36.11	26.35
PTHR12849	1895.0	1788.16	516.79	42.59	31.08
PTHR21712	1007.15	953.76	100.0	7.72	5.63
PTHR21294	1706.6	1653.19	1037.08	46.09	33.63
PTHR12841	938.0	884.58	178.0	14.83	10.82
PTHR21290	3992.0	3778.32	1144.0	85.38	62.3
PTHR21349	1582.0	1475.16	3512.87	373.86	272.78
PTHR21347	1996.52	1943.11	1754.64	66.31	48.39
PTHR21343	341.0	287.66	19.0	4.92	3.59
PTHR10196	7060.78	6847.11	1368.0	58.24	42.5
PTHR10192	3011.0	2904.16	5418.04	197.76	144.3
PTHR10755	1485.32	1431.91	23096.38	1185.7	865.15
PTHR10758	3154.24	3047.41	4559.18	242.79	177.16
PTHR13152	835.55	782.13	123.0	11.6	8.46
PTHR12932	6473.88	6260.28	5954.81	220.18	160.64
PTHR12934	1962.0	1855.16	3898.59	313.92	229.06
PTHR10288	11701.35	11380.85	24557.28	877.33	640.12
PTHR11800	1409.0	1355.58	1909.0	103.54	75.55
PTHR11802	14361.3	13987.38	15959.6	554.34	404.47
PTHR11807	2153.15	2046.31	539.1	35.15	25.64
PTHR11808	9332.0	9011.49	6171.23	243.54	177.7
PTHR10283	10897.32	10630.22	4988.96	161.66	117.96
PTHR10285	7909.0	7641.93	20801.2	872.25	636.44
PTHR10286	996.2	942.79	4389.25	342.91	250.2
PTHR11579	3025.95	2919.13	1240.72	60.52	44.15
PTHR13718	2679.0	2572.16	23441.37	1679.08	1225.14
PTHR13711	6479.0	6158.48	13235.55	1466.26	1069.85
PTHR13710	13570.66	13036.81	1836.78	77.32	56.42
PTHR11977	1402.27	1348.85	2875.87	156.77	114.38
PTHR11972	5719.43	5612.6	13866.0	295.7	215.76
PTHR31480	1230.0	1176.58	1662.0	103.92	75.83
PTHR31485	10985.86	10505.12	3889.23	224.13	163.54
PTHR11715	984.0	930.58	4081.9	323.1	235.75
PTHR11717	2186.58	2079.75	268.0	16.06	11.72
PTHR11711	9180.95	8807.03	13276.79	1046.75	763.76
PTHR11712	37006.67	35085.1	4959.45	169.72	123.86
PTHR10374	4260.87	4100.61	7622.35	278.75	203.38
PTHR10178	3022.61	2915.78	4981.28	270.23	197.17
PTHR11482	12035.05	11821.37	16910.06	415.3	303.02
PTHR10173	4745.22	4531.54	3389.32	197.11	143.82
PTHR10177	7490.02	7276.34	19050.12	767.38	559.92
PTHR10174	6305.1	6038.01	3142.0	180.73	131.87
PTHR23249	2132.41	2025.58	682.0	48.02	35.04
PTHR23244	12958.05	12477.41	3613.48	190.22	138.8
PTHR23245	475.09	421.71	227.06	39.92	29.13
PTHR23240	2122.09	2015.26	331.46	22.46	16.39
PTHR14614	12904.85	12424.08	2323.84	118.18	86.24
PTHR31268	2350.0	2243.19	2273.95	88.91	64.87
PTHR31262	1991.5	1831.3	113553.23	9135.73	6665.87
PTHR23063	2121.13	2014.29	1114.01	91.87	67.04
PTHR11620	700.0	646.58	13982.13	1596.78	1165.09
PTHR11624	4458.0	4351.16	5175.33	237.09	172.99
PTHR11627	5134.73	4921.06	24413.04	1151.91	840.49
PTHR11390	4722.97	4616.13	1718.0	73.12	53.35
PTHR31319	4338.0	4231.16	5613.39	194.12	141.64
PTHR14052	1397.62	1344.21	793.0	43.38	31.65
PTHR32118	2364.0	2310.58	5839.99	185.53	135.37
PTHR23117	1824.64	1771.22	3900.03	161.74	118.02
PTHR23115	48028.9	46800.31	153400.15	6001.03	4378.62
PTHR11028	1556.0	1502.58	1791.2	87.62	63.93
PTHR11024	6904.0	6743.74	3522.15	118.17	86.21
PTHR10066	6616.12	6295.6	976.0	55.96	40.84
PTHR11777	3213.0	3159.58	5502.3	127.74	93.21
PTHR12616	2001.0	1947.58	817.0	30.81	22.48
PTHR12613	2775.0	2721.58	2029.1	54.71	39.92
PTHR12612	688.0	634.58	707.01	82.28	60.04
PTHR32060	3859.0	3752.16	4035.12	130.62	95.3
PTHR12126	3156.0	3049.16	3639.02	169.22	123.47
PTHR12436	7106.25	6892.58	3095.62	127.02	92.68
PTHR22734	1395.0	1341.58	1001.0	54.86	40.03
PTHR12121	2209.0	2102.16	597.0	43.7	31.88
PTHR12438	1537.66	1484.24	209.0	10.35	7.55
PTHR15492	1834.0	1780.58	1059.44	43.71	31.89
PTHR21426	2140.0	2086.58	175.0	6.16	4.49
PTHR21427	1217.0	1163.58	266.14	16.83	12.28
PTHR19372	1995.0	1941.58	1343.0	50.8	37.06
PTHR19370	7304.58	7037.48	18836.61	635.57	463.74
PTHR19376	16944.79	16570.85	9604.74	223.4	163.0
PTHR19375	6828.79	6508.27	4952.02	424.3	309.59
PTHR12725	2310.69	2203.85	1073.04	61.19	44.65
PTHR22884	12751.58	12484.5	5658.87	125.02	91.22
PTHR22880	9177.63	8803.71	5828.01	260.38	189.99
PTHR12542	2365.0	2311.58	151.0	4.79	3.5
PTHR12547	2022.0	1915.17	1832.23	93.46	68.19
PTHR12124	4289.86	4129.61	822.98	47.52	34.68
PTHR10114	516.0	462.59	16291.58	2608.5	1903.29
PTHR21512	2591.0	2537.58	321.0	9.28	6.77
PTHR30508	2042.0	1988.58	3804.98	140.51	102.52
PTHR30502	1092.03	1038.61	386.03	27.36	19.96
PTHR10961	2121.64	2014.81	4543.21	315.51	230.21
PTHR10617	8739.97	8419.47	26614.27	1227.19	895.41
PTHR10615	2223.85	2117.01	2592.19	169.3	123.53
PTHR13527	4646.85	4593.43	6883.1	109.86	80.16
PTHR22958	6900.57	6740.31	10738.57	298.82	218.04
PTHR14534	2035.0	1981.58	619.13	22.94	16.74
PTHR22951	2380.0	2326.58	804.04	25.37	18.51
PTHR22950	47252.14	45970.12	49795.03	1474.18	1075.66
PTHR22953	9490.66	9223.56	6904.6	243.09	177.37
PTHR22952	5890.35	5623.26	4281.09	222.65	162.45
PTHR22957	11661.32	11234.04	3749.93	194.62	142.0
PTHR21600	1293.0	1239.58	1085.98	64.44	47.02
PTHR24056	14262.56	13781.86	10568.43	315.12	229.92
PTHR24054	1577.0	1523.58	2451.0	118.23	86.27
PTHR24055	11588.92	11214.98	12252.04	609.42	444.67
PTHR24058	4489.0	4275.33	2234.6	145.98	106.51
PTHR10766	3137.0	2976.74	4038.75	296.19	216.12
PTHR10762	3388.11	3227.86	1004.0	65.35	47.68
PTHR30031	5806.0	5592.36	13462.62	414.08	302.14
PTHR12945	1366.0	1312.58	612.31	34.3	25.03
PTHR12944	2323.85	2270.43	312.99	10.12	7.38
PTHR24128	5505.06	5344.8	8013.52	256.97	187.5
PTHR12858	4377.0	4163.32	1800.77	135.62	98.97
PTHR32228	1169.25	1115.83	45.0	2.97	2.17
PTHR13096	3712.0	3605.16	980.0	40.01	29.2
PTHR11365	5411.49	4984.28	245.99	19.14	13.96
PTHR11361	18749.61	17948.53	3205.34	91.06	66.42
PTHR11814	20714.0	20286.71	13769.95	245.64	179.25
PTHR11363	1403.0	1349.58	39109.04	2130.74	1554.7
PTHR10543	8013.14	7799.46	2487.18	89.28	65.15
PTHR10540	2472.0	2365.16	3680.94	229.61	167.53
PTHR11562	6547.87	6334.19	6392.93	237.02	172.94
PTHR11566	16677.0	16303.06	15740.52	448.02	326.89
PTHR11567	2524.0	2417.16	1303.39	86.09	62.81
PTHR11564	6329.0	6168.74	5194.56	183.12	133.61
PTHR11962	2918.09	2811.27	1874.7	97.64	71.25
PTHR11963	1780.0	1726.58	952.09	40.51	29.56
PTHR10381	7155.87	6728.53	15974.91	1289.74	941.06
PTHR10383	2942.0	2835.16	1652.34	83.36	60.82
PTHR11705	1923.7	1816.87	884.0	59.75	43.6
PTHR11702	10251.0	9983.9	11844.3	351.33	256.34
PTHR11700	1446.0	1339.16	33807.63	4348.35	3172.77
PTHR10388	922.0	868.58	3789.06	321.46	234.55
PTHR11709	11312.45	10991.95	4326.03	146.65	107.01
PTHR10145	5912.0	5858.58	3154.0	39.46	28.79
PTHR23273	2704.0	2597.17	3780.81	141.41	103.18
PTHR12050	3467.59	3414.18	1211.0	26.02	18.98
PTHR24305	907.4	853.98	123.0	10.61	7.75
PTHR23050	2427.0	2266.74	7956.83	737.4	538.05
PTHR23056	2353.0	2246.16	1295.0	85.85	62.64
PTHR23054	1819.0	1765.58	338.13	14.07	10.26
PTHR11638	10157.84	9837.32	28878.81	856.51	624.94
PTHR23291	2910.59	2803.75	3495.11	203.87	148.76
PTHR23293	4666.57	4506.31	5001.0	224.61	163.88
PTHR11141	3077.0	3023.58	1983.32	48.12	35.11
PTHR11142	5399.44	5239.18	1505.03	55.69	40.64
PTHR11143	905.0	851.58	31552.72	2730.68	1992.44
PTHR22748	5233.39	5019.71	994.4	59.05	43.09
PTHR11380	968.0	914.58	947.0	76.28	55.66
PTHR11384	2561.0	2454.16	540.48	32.44	23.67
PTHR32477	2209.0	2155.58	199.0	6.78	4.95
PTHR14043	1964.0	1857.16	462.0	36.75	26.82
PTHR32472	3130.33	3076.92	1119.01	26.68	19.47
PTHR31658	3477.0	3423.58	1220.99	26.16	19.09
PTHR13890	8244.74	8031.12	5729.15	204.24	149.03
PTHR14269	4154.44	3940.77	1994.08	104.76	76.43
PTHR22883	9707.76	9333.84	2671.4	132.34	96.56
PTHR23125	52758.58	51049.55	14322.06	571.56	417.02
PTHR19879	2398.0	2344.58	694.0	21.73	15.85
PTHR22881	3288.96	3182.13	1651.0	71.27	52.0
PTHR14136	2972.0	2811.74	2940.95	235.96	172.17
PTHR19876	6995.0	6888.16	6592.12	139.72	101.95
PTHR12608	4969.94	4756.28	3435.69	181.22	132.22
PTHR12604	2268.0	2214.58	185.0	6.13	4.47
PTHR12603	2815.0	2708.16	1377.01	75.37	55.0
PTHR32091	2751.13	2644.3	6578.72	367.53	268.17
PTHR32098	4342.47	4128.79	720.06	53.75	39.23
PTHR18763	1639.0	1532.16	672.0	64.32	46.93
PTHR22726	2304.89	2198.05	356.0	18.57	13.55
PTHR22727	19172.32	18584.88	7264.88	307.96	224.72
PTHR12428	3520.65	3413.81	4333.03	175.56	128.09
PTHR18968	8274.59	8007.54	11644.84	370.85	270.59
PTHR12730	3614.0	3507.16	2485.97	104.34	76.13
PTHR12506	827.0	773.58	76.0	7.24	5.29
PTHR12735	1840.0	1733.17	1024.0	86.9	63.4
PTHR15020	3832.0	3725.16	4544.41	243.53	177.7
PTHR12558	2699.82	2592.98	744.0	36.48	26.62
PTHR12553	1670.0	1563.17	340.99	26.55	19.37
PTHR12049	2225.97	2119.14	255.0	17.93	13.09
PTHR10497	933.0	826.22	22201.34	3218.47	2348.35
PTHR24073	4688.59	4421.49	4862.5	377.41	275.36
PTHR21569	702.0	648.58	22273.28	2535.74	1850.2
PTHR21567	1313.0	1259.58	1373.61	80.21	58.52
PTHR13950	1190.0	1136.58	358.94	23.24	16.96
PTHR12133	1593.45	1540.03	125.0	5.97	4.35
PTHR10972	6441.23	6280.97	3122.52	128.62	93.85
PTHR10606	4026.75	3973.34	3344.0	61.71	45.03
PTHR10971	1329.0	1275.58	510.0	29.4	21.46
PTHR13743	7955.0	7741.32	840.0	37.36	27.26
PTHR12302	3704.0	3650.58	5505.7	110.6	80.7
PTHR22942	9977.31	9443.28	2809.48	132.99	97.03
PTHR13395	2558.0	2451.16	491.0	30.26	22.08
PTHR13803	6106.76	5946.56	2936.26	64.63	47.16
PTHR21368	1246.0	1139.2	4434.71	437.06	318.9
PTHR24067	16883.74	16082.49	18184.24	1256.15	916.54
PTHR24064	12376.15	12002.22	8600.88	296.29	216.2
PTHR24063	28466.6	27505.46	186867.52	5660.46	4130.13
PTHR21011	1531.0	1424.17	3057.63	284.03	207.24
PTHR10774	14377.19	13843.09	3195.55	156.41	114.14
PTHR24068	3025.0	2864.75	2200.7	232.31	169.5
PTHR19980	2076.0	1969.16	332.0	24.84	18.13
PTHR12959	3635.76	3528.94	373.0	13.25	9.67
PTHR24115	30355.29	29287.07	23268.3	675.96	493.26
PTHR11825	9304.97	8931.03	6859.79	306.11	223.35
PTHR10809	1619.0	1512.16	1727.64	139.9	102.08
PTHR11822	1701.0	1647.58	5364.81	239.24	174.56
PTHR10555	4445.06	4338.22	6029.68	175.63	128.15
PTHR10806	859.0	805.58	760.0	69.55	50.75
PTHR10804	9495.45	9228.37	13263.49	647.2	472.24
PTHR11556	3811.0	3650.77	16741.24	783.96	572.03
PTHR11558	1457.0	1403.58	1408.0	73.75	53.81
PTHR13773	3373.38	3266.56	2285.42	104.37	76.14
PTHR10537	1367.31	1313.9	678.49	37.97	27.71
PTHR11953	2119.0	2012.16	961.0	69.04	50.38
PTHR11952	1761.0	1654.16	1267.47	110.99	80.98
PTHR11956	2198.0	2144.58	2759.97	94.48	68.94
PTHR11959	4186.17	4132.75	3642.9	64.63	47.16
PTHR11739	1930.51	1877.09	2907.66	113.77	83.01
PTHR11732	18006.52	17312.17	8261.86	441.7	322.3
PTHR11731	7460.13	7299.88	1763.21	54.26	39.59
PTHR11730	3423.58	3263.34	966.0	90.43	65.98
PTHR11735	3034.4	2874.16	687.0	47.49	34.65
PTHR10394	790.0	736.58	26746.6	2678.7	1954.51
PTHR20941	2187.22	2080.42	708.0	50.47	36.82
PTHR10150	2686.71	2579.93	495.0	27.42	20.01
PTHR31065	3202.88	3096.04	3181.9	135.36	98.77
PTHR10159	8099.0	7831.9	9002.01	394.95	288.18
PTHR31066	1295.0	1241.58	512.0	30.33	22.13
PTHR13604	1022.0	915.18	75.0	12.4	9.05
PTHR23264	3490.4	3330.14	1361.0	83.74	61.11
PTHR23269	2111.0	2057.58	827.91	29.54	21.56
PTHR31204	1720.0	1666.58	549.0	24.2	17.66
PTHR31201	1685.0	1631.58	1305.83	58.81	42.91
PTHR31209	1301.0	1247.58	265.0	15.62	11.4
PTHR11607	3948.0	3841.16	940.0	37.06	27.04
PTHR11606	4898.36	4738.11	4825.99	184.47	134.6
PTHR23284	1571.03	1517.61	541.0	26.2	19.12
PTHR24316	4355.0	4194.74	4304.12	221.2	161.4
PTHR32467	10387.14	9853.02	2471.0	138.39	100.98
PTHR14255	6557.83	6290.74	1561.7	87.26	63.67
PTHR31840	814.9	761.49	145.0	14.04	10.25
PTHR23130	4459.0	4352.16	2557.01	64.02	46.71
PTHR23133	1077.0	1023.58	921.02	66.25	48.34
PTHR23135	1843.34	1789.93	2750.0	112.84	82.34
PTHR23138	2479.0	2372.16	3812.32	284.65	207.69
PTHR23139	9021.47	8700.97	15248.88	660.61	482.02
PTHR31682	1259.0	1205.58	3485.3	212.67	155.17
PTHR11040	2671.0	2510.75	1068.03	97.4	71.07
PTHR11043	835.0	781.58	1032.0	97.37	71.04
PTHR11042	6745.24	6531.57	2740.91	127.28	92.87
PTHR11048	13174.35	12853.83	7098.99	242.9	177.24
PTHR15818	1985.0	1931.58	835.0	31.75	23.16
PTHR12636	1194.0	1140.58	999.73	64.5	47.06
PTHR31606	1282.0	1228.58	411.0	24.61	17.95
PTHR14490	2820.08	2659.85	2077.42	116.95	85.34
PTHR14493	9647.59	9327.07	11256.86	457.48	333.82
PTHR15651	2177.0	2123.58	568.0	19.64	14.33
PTHR12380	3363.0	3202.74	3608.86	233.17	170.13
PTHR12385	2845.0	2738.16	6360.0	243.91	177.97
PTHR12706	15129.58	14755.66	2983.66	75.35	54.98
PTHR12709	1957.19	1850.36	1791.25	149.89	109.38
PTHR19957	6641.5	6427.85	4069.0	196.76	143.56
PTHR30239	1763.0	1709.58	2917.0	125.35	91.46
PTHR12560	3392.0	3285.16	3540.02	165.8	120.98
PTHR11203	5131.45	4971.22	2530.0	94.28	68.78
PTHR12770	5932.47	5665.4	735.03	53.47	39.02
PTHR12097	7251.0	7144.16	8931.28	184.41	134.55
PTHR19842	2635.0	2581.58	1340.58	38.11	27.8
PTHR11200	8083.67	7976.83	4695.94	83.48	60.9
PTHR21576	1598.97	1492.15	97.0	8.03	5.85
PTHR24193	12707.11	12119.51	8180.64	470.74	343.47
PTHR12419	5068.89	4801.81	2490.05	178.58	130.3
PTHR23338	3031.0	2870.75	3421.0	301.05	219.66
PTHR30525	1631.0	1577.58	1573.84	73.31	53.49
PTHR12413	1933.5	1826.67	208.66	16.53	12.05
PTHR12411	14873.2	14072.04	92307.34	4773.8	3483.21
PTHR23339	3760.8	3653.97	1067.06	54.81	39.98
PTHR21717	5491.15	5330.89	3306.72	91.94	67.08
PTHR10943	3910.0	3803.16	3983.0	132.49	96.68
PTHR12897	3002.0	2948.58	990.0	24.63	17.97
PTHR12894	6310.0	5936.1	498.0	45.72	33.35
PTHR12891	1205.0	1151.58	103.19	6.59	4.81
PTHR22976	4671.0	4457.4	5836.47	229.42	167.4
PTHR22975	2756.16	2596.13	853.03	50.63	36.93
PTHR22970	2668.0	2614.58	500.0	14.03	10.24
PTHR21377	1983.0	1876.16	1157.0	91.52	66.78
PTHR21371	2074.0	2020.58	20110.35	730.81	533.24
PTHR21373	2449.0	2342.16	598.05	38.2	27.88
PTHR22573	10934.98	10667.88	7650.88	275.65	201.13
PTHR22572	7272.0	7004.91	12546.52	680.02	496.18
PTHR21000	2063.0	2009.58	4824.89	176.3	128.64
PTHR10701	613.0	559.58	889.0	117.45	85.7
PTHR13161	914.0	807.28	330.0	56.45	41.18
PTHR13165	2979.22	2872.38	2104.99	104.72	76.4
PTHR21396	1273.0	1166.17	1368.99	172.65	125.97
PTHR12965	2367.42	2260.71	828.0	48.01	35.03
PTHR10681	6969.96	6542.65	4674.17	309.38	225.73
PTHR24106	8905.98	8532.06	4610.0	244.12	178.11
PTHR24103	2839.0	2678.74	370.0	26.88	19.6
PTHR10683	1632.0	1578.58	2820.09	131.28	95.79
PTHR11540	2369.0	2155.46	3106.52	355.84	259.63
PTHR10836	2311.0	2150.91	13909.54	840.33	613.14
PTHR10835	2404.0	2350.58	1616.1	50.46	36.82
PTHR11545	927.0	873.58	26707.46	2252.8	1643.75
PTHR10012	1524.0	1470.58	402.0	20.09	14.66
PTHR13768	2607.0	2500.16	1694.0	101.87	74.33
PTHR24078	11447.0	11019.81	3206.0	163.39	119.22
PTHR11946	14822.0	14501.48	26731.97	656.73	479.18
PTHR11947	4637.28	4530.45	8949.27	298.84	218.05
PTHR11941	9717.69	9343.85	2802.12	149.1	108.8
PTHR24072	1597.0	1543.58	712.0	33.9	24.73
PTHR10496	512.0	458.59	17631.82	2847.98	2078.02
PTHR10491	2788.33	2681.49	1476.49	72.83	53.14
PTHR24076	12237.86	11597.05	6791.45	368.86	269.16
PTHR24077	14363.28	13615.66	22238.24	729.7	532.41
PTHR11728	3894.0	3787.16	5736.45	278.08	202.9
PTHR11726	842.0	788.58	39061.54	3652.39	2664.96
PTHR11727	551.0	497.59	129.0	19.19	14.0
PTHR11721	648.0	594.58	24766.43	3077.83	2245.74
PTHR11722	794.0	740.58	19753.08	1967.53	1435.61
PTHR10120	3978.91	3872.08	1503.99	52.11	38.02
PTHR10122	1136.0	1082.58	7692.93	523.01	381.62
PTHR11831	2383.0	2222.74	22272.48	2075.36	1514.28
PTHR11835	1802.0	1748.58	4497.99	188.97	137.88
PTHR11614	5934.14	5827.3	4637.31	103.32	75.38
PTHR11615	9990.28	9509.57	11898.51	399.51	291.49
PTHR11618	3726.45	3566.19	1227.02	75.05	54.76
PTHR14140	2692.0	2638.58	1993.31	55.44	40.45
PTHR32419	1266.09	1212.68	196.0	11.89	8.67
PTHR10231	5621.0	5460.74	1813.98	73.98	53.98
PTHR10233	9058.0	8790.9	5807.02	226.64	165.37
PTHR31503	4372.49	4212.24	2331.0	87.72	64.0
PTHR23147	604.48	551.07	442.7	59.4	43.34
PTHR23140	2080.0	2026.58	539.0	19.53	14.25
PTHR23142	1020.0	966.58	341.0	25.98	18.96
PTHR23149	1869.0	1815.58	1494.79	60.47	44.12
PTHR23148	863.88	810.46	403.01	36.66	26.75
PTHR11817	11835.0	11514.48	10641.94	371.83	271.3
PTHR11056	2107.97	2054.56	1551.0	55.43	40.44
PTHR11055	4361.53	4201.28	11395.79	515.54	376.16
PTHR32523	2408.88	2302.04	1544.0	83.44	60.89
PTHR31695	2917.0	2863.58	1848.0	47.35	34.55
PTHR11819	329.0	275.69	3.0	0.81	0.59
PTHR10544	507.0	453.59	8013.7	1308.83	954.99
PTHR12629	2670.13	2616.71	3667.02	102.84	75.03
PTHR19316	1500.0	1446.58	703.0	35.72	26.07
PTHR18945	6473.57	6313.32	1782.71	66.66	48.65
PTHR26402	9656.0	9388.91	19884.07	555.76	405.51
PTHR19384	6575.0	6414.74	1103.0	34.87	25.45
PTHR12714	5207.31	4993.64	3806.62	146.5	106.89
PTHR12570	4665.17	4504.92	1473.0	68.28	49.82
PTHR21494	2475.0	2421.58	484.0	14.67	10.7
PTHR21145	1272.02	1218.6	1135.0	68.51	49.99
PTHR21496	4795.0	4528.05	4034.0	248.53	181.35
PTHR21493	32588.22	31626.69	15279.35	635.12	463.41
PTHR21499	9417.7	9257.45	12813.04	299.2	218.32
PTHR21148	4067.05	3906.79	1202.0	76.71	55.98
PTHR12083	3662.63	3502.38	1655.99	91.98	67.11
PTHR19854	3891.0	3730.74	1821.0	69.3	50.57
PTHR13976	1590.0	1483.16	244.0	25.6	18.69
PTHR19852	2220.0	2166.58	1654.84	56.07	40.91
PTHR16128	3616.25	3402.58	462.57	30.7	22.41
PTHR12400	1515.81	1462.4	985.99	49.56	36.16
PTHR19853	3074.0	3020.58	1808.99	43.93	32.06
PTHR30314	1812.0	1758.58	6578.28	274.78	200.5
PTHR12882	706.0	652.58	409.0	46.28	33.76
PTHR12883	1422.0	1368.58	509.0	27.34	19.95
PTHR16255	7422.82	7262.56	5495.4	184.82	134.86
PTHR16254	8709.81	8496.13	6222.97	229.12	167.18
PTHR22960	660.76	607.35	252.0	30.65	22.37
PTHR13373	2177.0	2123.58	315.0	10.89	7.95
PTHR13375	1121.0	1067.58	654.0	45.09	32.9
PTHR22967	5238.0	5077.74	1552.0	46.96	34.26
PTHR19858	4923.65	4816.81	2232.98	63.49	46.33
PTHR30222	2502.6	2449.18	621.01	18.61	13.58
PTHR13115	1969.12	1915.71	1981.5	75.96	55.43
PTHR13117	1603.0	1549.58	108.0	5.12	3.74
PTHR13285	2209.92	2156.5	710.99	24.2	17.66
PTHR13288	1360.0	1306.58	347.0	19.53	14.25
PTHR10953	15428.45	14947.67	5821.3	201.55	147.07
PTHR10954	1074.61	1021.2	288.0	20.76	15.15
PTHR21726	531.0	477.59	27.01	4.19	3.06
PTHR10956	872.37	765.61	25120.35	3971.56	2897.85
PTHR11538	1829.0	1775.58	1419.16	58.71	42.84
PTHR10826	902.0	848.58	1169.15	101.54	74.09
PTHR11533	14018.08	13804.41	7764.87	161.39	117.75
PTHR11532	1954.0	1900.58	4393.03	169.75	123.86
PTHR10000	4227.96	4067.71	1536.59	77.97	56.88
PTHR13021	1320.0	1266.58	911.0	52.9	38.6
PTHR24006	21227.79	20319.78	8835.91	458.06	334.23
PTHR24003	26129.89	25488.88	60030.92	1378.28	1005.65
PTHR31446	2319.0	2212.16	1441.0	94.21	68.74
PTHR31190	2659.07	2552.24	4391.95	176.65	128.89
PTHR11441	1428.0	1374.58	873.0	46.69	34.07
PTHR11440	5066.05	4852.38	637.0	35.24	25.72
PTHR11999	8059.21	7845.53	7597.38	292.28	213.27
PTHR11998	6666.85	6453.17	5728.93	271.14	197.83
PTHR11449	475.0	421.59	27932.98	4912.31	3584.26
PTHR11994	1353.0	1246.16	26420.02	2891.57	2109.83
PTHR10133	10948.59	10681.5	11549.78	291.42	212.64
PTHR13620	5367.0	5099.9	2790.97	135.62	98.95
PTHR11847	739.0	685.58	20335.89	2189.3	1597.42
PTHR11843	848.0	794.58	30295.69	2811.22	2051.2
PTHR11661	1816.0	1709.16	33616.52	3960.43	2889.72
PTHR11662	24050.84	23302.99	12767.4	449.31	327.85
PTHR11669	3339.77	3232.94	1521.02	68.68	50.11
PTHR11668	15348.46	14867.69	18710.24	844.28	616.03
PTHR20856	12013.0	11745.9	7508.0	145.35	106.06
PTHR20854	3961.26	3801.0	1267.07	72.59	52.98
PTHR20855	8350.97	8137.42	3710.06	140.47	102.49
PTHR20852	2918.0	2757.78	14884.2	667.22	486.84
PTHR32404	1401.66	1348.24	438.0	23.89	17.43
PTHR20858	5887.83	5727.57	4346.15	142.46	103.95
PTHR14237	7452.37	7131.89	9644.88	354.44	258.62
PTHR10739	4083.0	3976.16	4865.0	196.56	143.42
PTHR23155	59357.4	57327.87	16055.77	735.31	536.54
PTHR23153	2095.03	1988.19	776.38	76.27	55.65
PTHR23151	7085.0	6550.97	7472.4	685.27	500.0
PTHR11063	3858.09	3751.26	8432.9	309.67	225.95
PTHR11062	10516.1	10195.6	5000.89	184.53	134.64
PTHR11061	4458.08	4244.41	1556.02	93.99	68.58
PTHR11065	5954.27	5794.02	2678.11	105.61	77.06
PTHR11064	3543.9	3383.64	1661.0	105.51	76.98
PTHR11260	9313.69	8993.17	2277.24	113.32	82.69
PTHR11264	1162.88	1109.46	447.0	29.65	21.63
PTHR11266	7310.0	6989.48	5379.18	339.43	247.66
PTHR31998	2914.56	2861.15	1582.18	40.57	29.6
PTHR15838	689.0	635.58	230.0	26.72	19.5
PTHR32338	2629.55	2576.13	1807.0	51.47	37.56
PTHR31407	5301.0	5087.32	2327.32	154.09	112.43
PTHR12363	7091.75	6931.5	2231.54	51.55	37.61
PTHR18952	3246.0	3139.16	1370.04	59.67	43.53
PTHR12765	1970.77	1863.93	895.0	71.17	51.93
PTHR12505	1426.22	1372.81	389.0	20.83	15.2
PTHR22604	3118.97	3012.14	1943.48	90.64	66.13
PTHR21481	1507.0	1453.58	340.84	17.24	12.58
PTHR22778	2114.91	2008.08	372.0	28.78	21.0
PTHR19446	6550.79	6283.75	358.0	15.97	11.65
PTHR12219	1040.0	986.58	3085.0	230.26	168.01
PTHR13561	5595.23	5434.97	2272.57	60.6	44.22
PTHR13563	1967.29	1860.45	617.05	48.74	35.57
PTHR12210	1720.73	1613.89	983.99	73.79	53.84
PTHR12215	2011.0	1904.16	299.0	24.37	17.78
PTHR12214	1141.57	1088.16	364.0	24.62	17.96
PTHR22915	11884.97	11457.62	4377.23	226.88	165.56
PTHR22911	7783.43	7462.93	1028.19	58.48	42.67
PTHR22912	8643.09	8376.01	11994.79	540.82	394.61
PTHR12183	1434.0	1380.58	378.0	20.13	14.69
PTHR19849	2561.0	2507.58	365.0	10.68	7.79
PTHR31783	5651.0	5544.16	902.13	27.3	19.92
PTHR22594	4683.0	4576.16	4834.84	156.4	114.12
PTHR11864	3249.0	3142.16	1285.85	57.7	42.1
PTHR21152	4901.55	4794.71	12657.73	368.07	268.55
PTHR21021	1198.0	1091.17	137.0	19.46	14.2
PTHR30075	3602.0	3548.58	1391.0	28.75	20.98
PTHR11632	2697.1	2643.68	8886.97	246.67	179.99
PTHR13102	2365.0	2311.58	1022.27	32.46	23.69
PTHR12984	1992.0	1938.58	516.0	19.55	14.26
PTHR11630	10203.8	9883.28	14441.15	647.05	472.14
PTHR11140	7459.0	7352.16	12221.9	192.77	140.65
PTHR13299	1518.0	1411.16	424.92	44.87	32.74
PTHR12652	3862.06	3755.23	6664.96	337.76	246.45
PTHR10925	3417.0	3363.58	3730.3	81.34	59.35
PTHR21737	3374.24	3213.98	1791.98	123.2	89.89
PTHR10920	6169.23	6008.97	4516.52	197.27	143.95
PTHR10585	2375.0	2268.16	4113.03	246.35	179.74
PTHR10584	21396.24	20808.63	8583.26	276.8	201.94
PTHR11528	5578.0	5417.75	10066.87	312.33	227.9
PTHR11527	4166.94	3953.33	2119.61	127.79	93.24
PTHR11525	1497.0	1390.16	879.01	93.38	68.13
PTHR10859	818.0	764.58	327.0	31.54	23.01
PTHR10589	4315.64	4208.81	5119.02	128.67	93.88
PTHR10588	2949.0	2788.74	819.63	54.26	39.59
PTHR13038	2182.35	2128.94	575.0	19.83	14.47
PTHR13748	11640.18	11212.85	11686.54	557.61	406.86
PTHR11223	8312.36	8152.11	6813.01	149.9	109.38
PTHR23109	936.0	882.58	190.0	15.86	11.57
PTHR24015	41642.1	40413.45	26922.99	926.31	675.86
PTHR24012	17003.4	16148.8	26504.55	1766.93	1289.23
PTHR24011	30643.39	29361.37	44733.53	2738.36	1998.05
PTHR31187	5054.0	4947.16	11665.95	368.16	268.63
PTHR10548	1530.65	1477.23	1743.81	86.77	63.31
PTHR10459	10501.16	10180.65	3313.37	112.88	82.37
PTHR11453	5191.13	5030.87	1256.99	51.03	37.24
PTHR10108	38914.18	37311.72	14618.8	893.63	652.05
PTHR11986	9380.23	9006.31	12364.01	557.76	406.98
PTHR11455	7365.65	6991.75	1494.0	92.86	67.75
PTHR10102	3623.0	3569.58	2273.65	46.71	34.08
PTHR11458	1544.0	1490.58	3318.82	163.65	119.41
PTHR10106	1780.0	1726.58	1269.99	54.04	39.43
PTHR31057	2692.0	2585.16	342.0	19.4	14.15
PTHR21141	2755.44	2595.19	65772.24	7332.85	5350.41
PTHR11851	15667.71	15240.38	12756.21	587.41	428.6
PTHR23092	1348.0	1294.58	233.0	13.24	9.66
PTHR23091	14804.59	14056.73	5987.76	362.41	264.44
PTHR11673	941.0	887.58	19051.5	1581.51	1153.95
PTHR11670	4122.0	4015.16	9712.71	359.14	262.05
PTHR11671	1243.0	1189.58	1480.0	91.53	66.78
PTHR20863	2924.0	2710.34	11386.25	912.18	665.56
PTHR20861	1538.0	1484.58	1817.57	89.99	65.66
PTHR11679	2541.65	2488.23	647.0	19.08	13.92
PTHR14009	3110.0	3056.58	4589.41	110.15	80.37
PTHR10217	6284.0	6070.33	741.65	20.33	14.83
PTHR14005	4695.0	4641.58	5976.68	94.4	68.88
PTHR10210	3889.73	3782.9	5650.01	220.82	161.12
PTHR31522	1791.0	1737.58	1014.0	42.87	31.28
PTHR14221	1800.0	1746.58	969.0	40.76	29.74
PTHR23163	858.0	804.58	396.0	36.29	26.48
PTHR11079	6070.69	5803.6	8451.01	398.21	290.55
PTHR11076	12029.0	11334.6	791.0	58.57	42.73
PTHR11070	3647.82	3540.98	441.0	16.06	11.72
PTHR11071	19105.24	18197.19	14086.53	1296.94	946.3
PTHR11278	803.0	749.58	19508.06	1919.63	1400.66
PTHR11276	1021.0	967.58	27.0	2.06	1.5
PTHR11274	2912.0	2805.16	1667.01	81.33	59.34
PTHR31984	4949.14	4788.89	6246.55	236.21	172.36
PTHR16201	2583.04	2529.62	981.71	28.48	20.78
PTHR15350	3448.0	3341.16	4437.0	196.19	143.15
PTHR15606	3157.9	3051.06	823.98	41.56	30.33
PTHR12374	2029.0	1922.18	879.0	63.95	46.67
PTHR12375	1053.0	999.58	453.0	33.37	24.35
PTHR12378	2068.0	1961.16	313.17	22.8	16.64
PTHR20961	18426.68	17839.06	5241.51	221.07	161.3
PTHR18929	13682.09	13041.07	16549.31	832.99	607.8
PTHR30535	1030.2	976.82	218.0	16.43	11.99
PTHR12777	681.0	627.58	2056.98	242.08	176.63
PTHR12775	1340.07	1286.66	652.5	37.29	27.21
PTHR20981	628.0	574.58	21834.64	2808.76	2049.41
PTHR16092	2100.01	1993.18	153.0	11.04	8.05
PTHR12406	6200.63	5933.63	5707.01	311.51	227.29
PTHR19211	14376.95	13842.85	118132.38	2788.61	2034.72
PTHR22298	11924.08	11656.99	5091.31	143.93	105.02
PTHR12174	5683.0	5522.74	2407.06	94.85	69.21
PTHR12175	2216.31	2109.47	1785.68	123.81	90.33
PTHR12176	3247.5	3140.66	189.0	9.53	6.95
PTHR22769	7121.47	6854.38	2852.8	169.88	123.96
PTHR22767	3823.25	3662.99	1221.0	81.99	59.82
PTHR22765	2094.54	1987.7	1622.0	120.89	88.21
PTHR22762	10886.68	10619.59	3693.44	114.35	83.43
PTHR22763	2674.0	2567.16	509.15	25.86	18.87
PTHR22761	4188.43	3974.77	3700.07	213.87	156.05
PTHR21231	4831.0	4670.74	2464.03	138.98	101.41
PTHR21230	1355.15	1301.74	365.0	20.62	15.04
PTHR21234	1646.0	1592.58	627.99	28.98	21.14
PTHR21237	1050.0	996.58	607.0	44.85	32.72
PTHR12202	2152.0	2045.16	1208.0	85.7	62.53
PTHR12203	12202.72	11882.21	3311.0	96.48	70.39
PTHR19857	1466.0	1412.58	882.0	45.9	33.49
PTHR13355	1599.0	1545.58	577.0	27.44	20.02
PTHR19855	3948.0	3841.16	1051.0	46.32	33.79
PTHR13353	3114.94	3008.1	321.0	19.34	14.11
PTHR12197	10947.03	10306.14	4384.0	210.93	153.89
PTHR13822	1125.0	1071.58	5681.45	390.25	284.74
PTHR21649	11141.61	10393.92	289420.65	24156.98	17626.11
PTHR32442	1366.0	1312.58	798.75	44.75	32.65
PTHR13138	2294.0	2187.16	389.0	28.87	21.07
PTHR10732	689.0	635.58	15916.64	1849.42	1349.43
PTHR10738	4034.0	3980.58	2465.67	45.42	33.14
PTHR12992	1220.56	1167.15	309.0	19.48	14.21
PTHR22838	4812.74	4599.08	1170.0	69.42	50.66
PTHR22836	2230.0	2176.58	594.0	20.03	14.62
PTHR10693	411.0	357.6	50.0	10.39	7.58
PTHR32379	1365.0	1311.58	525.0	29.44	21.48
PTHR10938	2616.0	2509.16	2930.84	184.19	134.4
PTHR10934	861.0	807.58	18214.67	1662.81	1213.27
PTHR11510	2196.0	2142.58	7327.95	251.1	183.21
PTHR11516	5376.0	5215.74	8321.82	386.9	282.29
PTHR10025	2751.0	2590.75	2788.93	150.3	109.66
PTHR10026	6261.78	5941.26	1806.94	120.22	87.73
PTHR10027	2390.0	2336.58	554.77	17.43	12.72
PTHR13009	3669.26	3455.6	727.0	66.49	48.51
PTHR13007	1819.4	1765.98	1087.08	45.22	32.99
PTHR30115	937.0	883.58	2229.08	185.88	135.63
PTHR11863	3121.0	2960.74	2429.0	153.33	111.88
PTHR17901	798.0	744.58	85.0	8.42	6.14
PTHR24351	6958.32	6691.23	6712.01	310.79	226.78
PTHR20982	1290.0	1236.58	678.0	40.33	29.43
PTHR24352	3444.61	3337.78	1989.04	62.99	45.96
PTHR11467	602.0	548.59	2614.87	352.46	257.17
PTHR10119	2365.0	2311.58	2390.14	75.9	55.38
PTHR10343	3532.0	3478.58	2613.01	55.09	40.2
PTHR10110	6427.92	6214.25	839.99	39.09	28.52
PTHR11469	2545.57	2492.16	4214.99	124.12	90.57
PTHR10445	1222.0	1168.58	606.51	38.19	27.86
PTHR10598	993.0	939.58	125.0	9.8	7.15
PTHR24286	4279.96	4119.7	3627.14	158.42	115.59
PTHR23429	1988.0	1934.58	528.95	20.08	14.65
PTHR23426	2110.8	2003.96	4320.3	322.96	235.65
PTHR10593	3263.0	3156.16	3698.62	168.13	122.67
