GeneFamily	length	effective_length	expected_count	TPM	FPKM
PTHR11649	14038.36	13701.47	7470.49	372.62	264.31
PTHR31089	1067.3	1033.6	143.0	11.3	8.02
PTHR31085	2832.09	2798.4	1382.03	40.12	28.46
PTHR11647	5884.7	5817.32	1551.75	41.97	29.77
PTHR11645	951.44	917.75	237.01	21.12	14.98
PTHR11880	854.0	820.31	16143.07	1611.21	1142.92
PTHR11885	727.0	693.31	24577.25	2908.04	2062.83
PTHR10209	7031.0	6862.55	1353.72	68.14	48.34
PTHR32429	3447.0	3345.93	12190.57	600.48	425.95
PTHR12403	840.0	806.31	431.0	43.77	31.05
PTHR31423	1110.0	1076.31	363.0	27.54	19.54
PTHR31551	758.88	725.19	681.0	76.99	54.61
PTHR32195	2500.31	2432.93	751.0	35.3	25.04
PTHR11081	8781.0	8578.86	717.0	36.96	26.23
PTHR11080	2127.86	2060.47	573.0	40.53	28.75
PTHR11082	4896.0	4828.62	6150.35	173.02	122.74
PTHR11085	7791.07	7555.23	1462.03	95.75	67.92
PTHR11089	6136.66	6001.89	3864.06	216.8	153.78
PTHR32518	5993.0	5925.62	897.04	30.26	21.46
PTHR11247	1426.22	1358.84	73.0	9.75	6.92
PTHR12277	3904.9	3803.82	1217.41	80.29	56.95
PTHR32512	1819.0	1785.31	916.0	41.76	29.62
PTHR23088	4370.5	4235.74	2604.99	160.84	114.09
PTHR23089	1694.0	1626.62	1703.0	189.25	134.24
PTHR23081	5727.93	5626.85	2820.01	113.13	80.26
PTHR23083	29665.18	29126.14	11765.76	474.54	336.63
PTHR23084	6621.56	6486.8	2324.0	150.54	106.78
PTHR23086	6179.0	6044.24	706.5	34.68	24.6
PTHR18806	3810.0	3742.62	2156.98	91.41	64.84
PTHR31953	1816.0	1782.31	387.0	17.67	12.54
PTHR15184	10095.86	9927.41	23646.77	1052.66	746.72
PTHR15341	799.0	765.31	190.0	20.34	14.43
PTHR14744	1242.0	1174.63	59.0	8.71	6.17
PTHR15169	1388.0	1354.31	94.0	5.66	4.01
PTHR12341	11231.07	11028.93	4057.9	104.9	74.41
PTHR15160	5317.02	5182.26	3062.06	155.48	110.29
PTHR18937	20456.6	20254.46	6001.06	134.35	95.3
PTHR18934	26388.63	25849.58	16714.02	679.74	482.18
PTHR12742	2322.0	2288.31	2428.93	86.29	61.21
PTHR12741	1560.0	1526.31	309.0	16.49	11.7
PTHR16557	1964.0	1896.62	138.0	12.01	8.52
PTHR19288	5511.39	5376.63	3941.33	215.26	152.7
PTHR12975	4122.0	4020.93	481.21	33.76	23.95
PTHR13902	2646.52	2612.83	997.0	31.01	21.99
PTHR13903	1438.0	1404.31	1048.0	60.82	43.15
PTHR22753	2304.0	2236.62	75.0	5.82	4.13
PTHR30615	1720.03	1652.65	465.0	49.32	34.99
PTHR22939	14401.91	14065.03	7971.26	338.77	240.3
PTHR22938	3864.3	3763.23	967.03	61.64	43.73
PTHR16266	4659.34	4558.26	483.0	24.56	17.42
PTHR21597	5700.0	5666.31	2460.0	35.21	24.98
PTHR22932	875.65	841.96	739.0	71.84	50.96
PTHR21228	20944.9	20540.61	7469.71	344.05	244.06
PTHR13343	3644.95	3543.87	3551.13	248.85	176.53
PTHR22936	2747.0	2645.93	721.0	67.17	47.65
PTHR31038	1402.0	1368.31	1758.99	104.79	74.33
PTHR13832	36962.28	36086.32	23046.87	1098.69	779.36
PTHR21139	1310.12	1276.42	2446.0	156.28	110.86
PTHR21136	3387.58	3286.51	2224.39	163.39	115.91
PTHR12526	38986.07	38312.27	21869.41	686.9	487.28
PTHR13120	807.0	773.31	560.55	59.39	42.13
PTHR22809	2879.0	2777.93	712.0	67.57	47.93
PTHR22807	4495.66	4428.27	1232.68	46.63	33.08
PTHR20661	2106.0	2038.62	122.0	11.75	8.34
PTHR10900	17139.4	16701.43	9657.91	663.96	470.99
PTHR10906	2767.0	2699.62	5808.37	252.38	179.02
PTHR10909	18081.78	17778.55	19723.45	661.43	469.19
PTHR10055	3197.0	3129.62	1764.0	90.65	64.31
PTHR10057	1659.0	1591.62	964.21	82.62	58.61
PTHR10052	1068.0	1034.31	21155.71	1670.89	1185.25
PTHR13017	860.0	826.31	58.0	5.75	4.08
PTHR13018	17751.3	17515.46	10325.74	282.22	200.19
PTHR10694	9392.6	9224.16	4165.76	183.25	130.0
PTHR12839	2539.31	2471.93	417.0	30.93	21.94
PTHR12835	727.0	693.31	106.0	12.54	8.9
PTHR24031	56948.42	55634.51	77391.96	3768.41	2673.14
PTHR24032	3060.48	2959.4	697.81	60.33	42.78
PTHR24349	22235.44	21797.47	10313.8	463.36	328.67
PTHR24619	5979.0	5877.93	1663.0	53.45	37.91
PTHR24343	28164.01	27557.58	22386.65	880.67	624.71
PTHR11472	10972.32	10702.8	6880.11	232.6	165.0
PTHR24347	14723.88	14420.67	6472.0	206.52	146.47
PTHR11476	1748.0	1714.31	967.0	45.92	32.57
PTHR11477	3526.37	3458.99	1394.0	60.27	42.75
PTHR10438	22902.69	22363.64	20973.61	1314.63	932.55
PTHR10476	5606.68	5539.3	4201.94	127.72	90.6
PTHR24290	3600.0	3498.93	1536.0	102.09	72.41
PTHR23413	574.0	540.31	21566.79	3286.01	2330.95
PTHR23417	2292.67	2225.29	951.86	70.07	49.7
PTHR23416	1565.8	1532.11	664.0	35.3	25.04
PTHR23415	1058.0	1024.31	1676.01	133.68	94.82
PTHR12736	1824.34	1790.65	554.67	25.21	17.88
PTHR10871	1508.0	1440.62	25474.06	3041.86	2157.76
PTHR10877	1376.0	1274.94	20.0	3.37	2.4
PTHR11879	5632.61	5497.86	2778.75	118.65	84.16
PTHR11659	1608.42	1574.73	939.0	48.57	34.45
PTHR31096	3936.24	3835.16	4672.52	296.97	210.66
PTHR31098	4404.0	4370.31	8032.99	149.15	105.8
PTHR11655	1974.0	1906.62	31273.85	2909.09	2063.58
PTHR11652	720.0	686.31	19715.98	2356.94	1671.91
PTHR20883	2097.0	2029.62	731.0	54.8	38.87
PTHR11895	6238.3	6137.22	1445.0	54.3	38.52
PTHR10277	3846.0	3744.93	1657.0	106.74	75.72
PTHR14027	3452.0	3418.31	1578.27	37.49	26.59
PTHR12320	6238.87	6137.8	3384.26	136.5	96.82
PTHR24095	16441.06	16003.09	56071.6	1834.12	1301.06
PTHR11246	9485.0	9383.93	6665.89	178.89	126.89
PTHR24092	4620.0	4586.31	3765.45	66.61	47.25
PTHR24093	32576.8	32071.43	48004.14	1486.07	1054.14
PTHR23180	11455.57	11219.73	8244.79	397.11	281.7
PTHR14593	2610.54	2543.15	438.98	28.45	20.18
PTHR11093	3421.0	3353.62	2679.56	130.17	92.33
PTHR11096	1625.65	1558.27	200.0	19.81	14.05
PTHR23346	8462.0	8360.93	2126.0	32.86	23.31
PTHR11099	2595.0	2561.31	1436.67	45.58	32.33
PTHR10309	1913.0	1879.31	1623.0	70.27	49.85
PTHR14107	556.5	522.81	67.0	10.55	7.49
PTHR11252	4749.28	4715.58	5735.71	98.68	70.0
PTHR11254	14606.38	14336.87	3791.16	128.41	91.08
PTHR11255	1774.77	1741.08	580.0	27.12	19.24
PTHR14110	4147.43	4012.67	4149.03	351.99	249.68
PTHR14374	1535.0	1501.31	96.0	5.21	3.7
PTHR18838	2163.0	2129.31	1153.16	44.04	31.24
PTHR15074	1628.0	1594.31	210.0	10.73	7.61
PTHR12687	2375.0	2307.62	1992.0	104.97	74.46
PTHR15157	3362.88	3261.81	654.0	49.78	35.31
PTHR18901	12165.0	11996.55	5373.44	184.63	130.97
PTHR12281	1396.0	1362.31	1731.94	103.64	73.52
PTHR12755	591.0	557.31	80.0	11.81	8.38
PTHR12750	2171.27	2137.57	1559.0	59.31	42.07
PTHR12753	1222.79	1189.1	695.0	47.69	33.83
PTHR15081	1740.31	1706.62	916.45	43.72	31.01
PTHR15574	7049.7	6881.25	1464.45	87.25	61.89
PTHR24007	357.0	323.32	38.0	9.78	6.93
PTHR13931	2933.66	2899.96	388.0	10.87	7.71
PTHR12358	7192.2	6990.04	2545.1	162.74	115.44
PTHR12356	1924.08	1856.7	652.95	59.73	42.37
PTHR12221	2347.0	2279.62	1421.0	103.94	73.73
PTHR30603	4411.0	4343.62	2799.4	95.38	67.66
PTHR12226	1653.0	1619.31	517.0	26.0	18.44
PTHR19877	1068.0	1034.31	1609.98	127.16	90.2
PTHR31442	557.0	523.31	479.0	75.39	53.48
PTHR12538	617.0	583.31	11624.9	1638.73	1162.44
PTHR12537	3529.21	3461.83	3544.49	137.63	97.63
PTHR12532	1288.0	1254.31	1114.0	72.44	51.39
PTHR13486	675.0	641.31	307.31	39.35	27.91
PTHR20275	2910.0	2842.62	1910.07	106.77	75.74
PTHR13489	2345.06	2277.68	494.08	34.79	24.68
PTHR17583	8276.0	8174.93	1953.52	53.41	37.88
PTHR13572	1494.59	1460.9	175.0	9.76	6.92
PTHR24198	20955.76	20416.69	4910.96	251.68	178.54
PTHR10048	5097.0	4928.54	982.97	78.79	55.87
PTHR21704	2745.26	2677.87	725.0	31.65	22.45
PTHR10046	921.0	887.31	334.0	30.79	21.84
PTHR10044	5245.0	5177.62	1526.05	55.0	39.01
PTHR13060	1573.0	1539.31	203.0	10.74	7.62
PTHR10687	1283.87	1250.17	1470.17	95.92	68.04
PTHR13069	4474.0	4339.24	1476.98	90.45	64.16
PTHR13068	8125.67	7957.21	3356.01	190.61	135.22
PTHR10682	2630.75	2563.37	2462.11	157.21	111.53
PTHR12829	884.0	850.31	95.0	9.14	6.49
PTHR12820	2990.38	2956.68	886.92	24.37	17.28
PTHR12826	1381.0	1347.31	1743.1	105.47	74.82
PTHR12827	986.0	952.31	61.0	5.24	3.71
PTHR17920	2628.0	2594.31	509.0	15.94	11.31
PTHR10137	1631.0	1597.31	938.0	47.82	33.92
PTHR11405	9274.1	9139.34	16250.48	559.6	396.96
PTHR11404	2587.0	2553.31	1014.0	32.27	22.89
PTHR11406	1522.66	1488.97	7812.4	427.46	303.22
PTHR32357	1724.0	1690.31	420.63	20.26	14.37
PTHR13468	1393.64	1359.95	1084.0	64.98	46.09
PTHR23406	3985.0	3917.62	1423.0	60.08	42.62
PTHR23407	2284.7	2251.0	471.0	17.01	12.07
PTHR10869	12306.2	12002.99	5143.14	315.39	223.73
PTHR31717	4866.96	4799.58	6820.69	229.86	163.06
PTHR12452	650.0	616.31	250.0	33.33	23.64
PTHR13393	2910.0	2876.31	362.0	10.22	7.25
PTHR12696	4016.85	3983.15	1726.17	35.17	24.95
PTHR11315	3663.0	3595.62	1536.02	69.03	48.97
PTHR10139	2373.0	2339.31	554.02	19.25	13.66
PTHR10264	4424.0	4289.24	2923.69	173.01	122.73
PTHR10263	2008.0	1940.62	4937.71	410.01	290.85
PTHR31155	2220.18	2186.49	7782.02	289.41	205.29
PTHR32170	2817.53	2750.19	837.0	65.57	46.51
PTHR23350	505.0	471.31	159.0	27.84	19.75
PTHR23354	2843.0	2809.31	1469.83	42.5	30.15
PTHR23355	8438.08	8269.64	1478.0	64.89	46.04
PTHR23359	7240.09	7071.63	8328.91	587.4	416.67
PTHR11227	2252.08	2184.7	554.0	43.31	30.72
PTHR11220	4247.48	4079.03	867.04	91.61	64.99
PTHR13162	6879.0	6811.62	4373.98	55.68	39.5
PTHR11229	1929.0	1861.62	6670.16	562.94	399.32
PTHR10314	20398.65	19859.6	26980.45	1465.81	1039.8
PTHR11035	1315.0	1281.31	363.0	23.1	16.39
PTHR14303	730.0	696.31	404.0	47.59	33.76
PTHR14085	2004.0	1970.31	1737.0	71.72	50.87
PTHR11139	26602.22	26332.69	24553.41	298.6	211.81
PTHR15362	1118.0	1084.31	428.81	32.29	22.91
PTHR11132	22889.01	22383.65	23706.64	1165.08	826.42
PTHR11134	4894.28	4793.2	2620.96	136.98	97.16
PTHR11136	3000.0	2932.62	437.0	25.2	17.88
PTHR32374	7418.61	7283.85	8119.5	280.95	199.3
PTHR31579	8266.84	8098.39	4699.54	217.03	153.95
PTHR18919	3108.6	2973.84	3893.95	233.16	165.4
PTHR32002	16127.5	15723.19	8747.56	482.31	342.15
PTHR14413	950.0	916.31	2968.48	264.94	187.94
PTHR22891	1954.0	1920.31	115.0	4.87	3.46
PTHR22893	1392.36	1358.66	569.0	34.14	24.22
PTHR10778	4853.0	4751.93	4737.55	234.51	166.34
PTHR10072	2478.0	2444.31	5798.77	192.82	136.78
PTHR12786	2468.0	2400.62	1387.97	79.92	56.68
PTHR11706	4379.0	4311.62	2427.0	89.73	63.65
PTHR12782	1285.0	1251.31	983.75	64.13	45.49
PTHR11742	7387.73	7252.97	2815.0	108.66	77.08
PTHR21213	2120.0	2086.31	2890.0	112.66	79.92
PTHR10182	1189.0	1155.31	827.0	58.42	41.44
PTHR13923	803.65	769.96	729.01	77.57	55.03
PTHR11210	674.0	640.31	1200.0	153.9	109.17
PTHR12321	2229.0	2161.62	3343.9	249.45	176.94
PTHR25040	3683.0	3581.93	1652.66	92.87	65.89
PTHR12323	2155.0	2053.93	407.01	48.9	34.68
PTHR10344	903.0	869.31	178.88	16.84	11.94
PTHR21015	1524.18	1490.49	1344.94	73.52	52.15
PTHR16196	1877.0	1809.62	331.0	29.87	21.19
PTHR16193	622.03	588.34	285.08	39.84	28.26
PTHR22792	4865.37	4797.98	6086.22	195.38	138.59
PTHR22790	2046.33	1978.94	189.0	17.27	12.25
PTHR21680	1126.0	1092.31	781.88	58.45	41.46
PTHR21689	2194.36	2126.98	951.0	58.33	41.38
PTHR21113	2354.97	2287.59	298.0	21.2	15.03
PTHR21663	2362.0	2328.31	167.0	5.83	4.14
PTHR13253	13942.25	13571.64	7224.39	423.62	300.5
PTHR12446	6577.11	6442.35	3624.22	104.92	74.43
PTHR22603	1846.55	1779.17	565.0	46.09	32.69
PTHR21206	905.0	871.31	337.0	31.65	22.45
PTHR13789	13594.57	13325.03	17664.26	772.12	547.71
PTHR10071	14682.66	14379.44	8927.16	373.09	264.66
PTHR24188	13010.48	12707.26	935.55	51.88	36.79
PTHR13780	9338.16	9169.71	11426.59	534.7	379.28
PTHR10670	4431.63	4364.25	773.0	26.58	18.86
PTHR10677	4408.34	4307.27	542.21	28.29	20.07
PTHR13078	3085.0	3017.62	167.0	13.61	9.65
PTHR12815	4560.0	4492.62	4076.99	125.32	88.9
PTHR12814	980.92	947.22	937.0	80.87	57.37
PTHR24361	8878.0	8642.2	3394.0	146.3	103.78
PTHR24362	11342.54	11073.01	6879.66	270.87	192.16
PTHR10416	1591.0	1557.31	435.06	22.75	16.14
PTHR10410	2653.0	2585.62	2077.35	133.08	94.4
PTHR10783	6424.33	6255.88	3477.05	225.28	159.81
PTHR10782	2452.0	2418.31	404.3	13.59	9.64
PTHR13476	774.0	740.31	396.0	43.85	31.1
PTHR10788	2773.0	2739.31	3879.18	115.05	81.61
PTHR10891	8049.21	7813.38	4306.96	258.34	183.26
PTHR10890	947.0	879.63	128.0	24.07	17.08
PTHR20426	1843.21	1809.52	3727.95	167.67	118.94
PTHR23213	4955.0	4853.93	1115.0	56.63	40.17
PTHR10520	8513.0	8378.24	7662.05	318.82	226.15
PTHR10250	2229.0	2161.62	1175.97	76.58	54.32
PTHR10527	6880.0	6812.62	7641.17	181.91	129.04
PTHR31384	1763.0	1729.31	197.0	9.27	6.58
PTHR10098	2042.03	1974.64	1032.0	73.15	51.89
PTHR10091	2677.0	2609.62	782.0	48.07	34.1
PTHR31142	1580.0	1546.31	2144.97	112.99	80.15
PTHR31140	2845.0	2777.62	532.0	28.64	20.32
PTHR31412	3765.0	3697.62	1137.0	42.82	30.37
PTHR11787	5958.91	5857.84	2160.94	44.96	31.89
PTHR11785	14933.0	14697.17	11381.82	369.58	262.16
PTHR11782	2690.59	2623.2	1598.0	138.77	98.44
PTHR11780	1354.0	1252.94	207.0	37.8	26.81
PTHR32497	5027.81	4960.43	1678.92	53.2	37.75
PTHR32148	5701.0	5532.55	21684.93	2504.94	1776.9
PTHR23324	6299.84	6198.76	2815.0	119.68	84.9
PTHR23327	4734.21	4633.13	935.25	48.64	34.49
PTHR23326	3043.0	2941.93	1662.79	152.12	107.91
PTHR23321	5205.0	5103.93	6517.04	305.52	216.73
PTHR23323	4882.99	4781.92	1047.0	52.68	37.38
PTHR23322	1357.06	1289.68	317.0	39.88	28.29
PTHR23329	4246.0	4144.93	1394.0	67.92	48.17
PTHR11236	4428.34	4360.95	2377.0	86.71	61.51
PTHR11364	1102.0	1068.31	450.0	34.4	24.4
PTHR20932	2759.0	2691.62	1161.0	63.11	44.77
PTHR10322	16912.88	16609.67	6077.02	165.35	117.28
PTHR11239	4544.0	4442.93	3113.3	155.85	110.56
PTHR10803	3827.0	3725.93	1179.97	72.38	51.34
PTHR31964	15968.21	15563.93	7744.26	591.01	419.26
PTHR10552	1637.38	1603.69	2801.19	142.25	100.9
PTHR23030	2420.0	2386.31	618.0	21.05	14.93
PTHR11129	3312.0	3244.62	1040.89	51.82	36.76
PTHR11122	6042.07	5907.29	3909.6	188.84	133.96
PTHR15316	2735.37	2634.3	1832.23	159.89	113.42
PTHR11127	549.0	515.31	15918.06	2544.96	1805.28
PTHR11125	3423.0	3389.31	1298.0	31.09	22.06
PTHR31566	2019.0	1985.31	549.18	22.5	15.96
PTHR31567	1725.15	1691.46	1311.0	63.1	44.76
PTHR31561	4846.92	4779.54	1991.88	67.15	47.63
PTHR15137	1841.54	1807.85	436.0	19.63	13.92
PTHR14950	6815.91	6714.84	1094.92	29.09	20.63
PTHR15954	3331.0	3229.93	305.0	21.3	15.11
PTHR15952	2837.0	2803.31	1378.51	39.95	28.34
PTHR21319	6461.0	6292.55	3026.49	197.08	139.81
PTHR30612	3238.84	3205.14	4979.09	126.15	89.48
PTHR19271	5239.38	5172.0	2033.56	51.14	36.27
PTHR19861	1033.0	999.31	293.0	23.96	17.0
PTHR12022	1734.0	1700.31	3455.99	165.47	117.38
PTHR12233	1471.0	1437.31	390.0	22.11	15.69
PTHR12029	8434.01	8231.86	4167.57	242.14	171.77
PTHR21220	1060.29	1026.59	71.0	5.65	4.01
PTHR31221	1132.65	1098.96	765.0	56.84	40.32
PTHR22780	3608.08	3574.39	2204.31	50.06	35.51
PTHR21477	1345.03	1311.34	1221.0	75.92	53.85
PTHR19308	5271.0	5203.62	4148.8	129.82	92.1
PTHR16301	1362.11	1294.73	357.1	44.67	31.69
PTHR13265	2157.0	2123.31	459.0	17.58	12.47
PTHR22870	22373.38	21800.64	8007.89	405.46	287.62
PTHR17630	1036.0	1002.31	136.98	11.17	7.92
PTHR10064	627.0	593.31	28389.8	3933.6	2790.32
PTHR10060	3936.09	3835.01	678.0	39.76	28.21
PTHR10663	22756.33	22520.5	5332.29	125.42	88.96
PTHR10666	2637.42	2502.66	35666.5	4320.85	3065.02
PTHR10668	12387.79	12151.96	2635.0	113.36	80.42
PTHR12265	2215.93	2182.24	626.0	23.33	16.55
PTHR12801	8272.14	8103.7	2764.15	140.88	99.94
PTHR12802	7402.17	7233.71	7803.32	378.24	268.3
PTHR12805	857.0	823.31	140.0	13.92	9.88
PTHR12806	852.78	819.09	364.0	36.38	25.81
PTHR21506	3200.0	3132.62	591.0	29.83	21.16
PTHR21091	10758.24	10488.7	14685.51	766.87	543.98
PTHR21090	1529.0	1495.31	3783.0	206.12	146.21
PTHR13734	1740.0	1706.31	769.0	36.69	26.03
PTHR24315	3392.0	3324.62	2898.92	210.72	149.48
PTHR24314	5818.53	5650.07	1388.47	79.46	56.37
PTHR11933	1632.43	1598.74	1037.24	52.84	37.48
PTHR11932	7800.0	7698.93	6283.15	182.66	129.57
PTHR11934	3439.0	3371.62	2673.85	162.17	115.04
PTHR11937	5832.27	5697.51	8749.78	421.52	299.01
PTHR11938	13272.92	13104.47	31386.48	867.7	615.5
PTHR13683	3541.0	3507.31	2022.99	46.83	33.22
PTHR24089	34708.32	33731.3	38489.26	2122.51	1505.58
PTHR10796	7579.58	7478.51	3491.05	90.3	64.06
PTHR10794	4023.0	3921.93	805.0	49.14	34.84
PTHR10795	35096.53	34422.73	13409.73	653.6	463.61
PTHR10792	610.0	576.31	13688.07	1953.36	1385.62
PTHR10799	54039.4	52826.54	10159.58	461.63	327.45
PTHR10882	1142.83	1109.13	938.0	69.05	48.98
PTHR10887	24709.78	24372.86	8171.73	246.75	175.01
PTHR11686	2330.02	2296.33	528.0	18.69	13.26
PTHR11685	5902.68	5801.6	2474.01	112.53	79.82
PTHR11680	1982.59	1948.9	7307.86	305.06	216.4
PTHR24221	18021.33	17583.39	12895.58	541.14	383.85
PTHR24220	7578.98	7343.12	6341.53	425.28	301.67
PTHR24223	10875.81	10673.66	4423.41	109.58	77.73
PTHR11689	9178.0	9076.93	2102.03	54.08	38.37
PTHR10252	2228.0	2126.93	357.0	41.48	29.42
PTHR13124	1019.0	985.31	740.0	61.38	43.54
PTHR31173	4539.0	4471.62	2285.0	67.24	47.7
PTHR10997	12502.56	12367.79	5350.05	122.18	86.67
PTHR31385	3778.03	3676.95	1641.25	112.86	80.05
PTHR31356	7049.13	6914.35	13702.11	787.82	558.85
PTHR31724	3932.82	3798.06	1073.1	66.03	46.84
PTHR31352	3154.0	3086.62	2802.91	124.48	88.3
PTHR31350	9613.48	9377.65	6300.45	300.61	213.24
PTHR11758	654.0	620.31	16907.97	2239.33	1588.48
PTHR23333	1084.0	1050.31	796.0	61.9	43.91
PTHR11751	14602.01	14366.18	9419.27	353.22	250.56
PTHR11753	2846.0	2744.93	2691.77	237.66	168.58
PTHR11752	20855.86	20451.6	13455.9	376.39	267.0
PTHR24423	16091.0	15821.48	9529.21	374.44	265.61
PTHR11206	15706.33	15403.11	4657.96	200.99	142.57
PTHR11757	5571.0	5436.24	1104.09	47.26	33.52
PTHR24420	49503.54	48728.66	18929.86	597.64	423.94
PTHR10332	2927.52	2860.14	1297.97	61.96	43.95
PTHR32557	1872.0	1838.31	2624.94	116.2	82.43
PTHR14145	3201.35	3133.97	1657.0	88.73	62.94
PTHR20922	2536.13	2468.75	909.0	81.47	57.79
PTHR13600	2335.0	2267.62	307.0	34.94	24.79
PTHR15744	1284.29	1250.6	633.0	41.28	29.28
PTHR23029	9611.93	9376.1	3044.49	154.92	109.9
PTHR23023	7184.77	7050.0	1295.0	53.68	38.09
PTHR12847	2240.0	2138.93	392.0	38.85	27.55
PTHR11119	8349.0	8214.23	4980.69	174.0	123.43
PTHR31595	9728.71	9459.21	1254.42	70.71	50.16
PTHR31596	4198.0	4130.62	2021.01	74.82	53.08
PTHR15948	1497.92	1464.23	133.0	7.4	5.25
PTHR32026	877.0	843.31	62.0	6.02	4.27
PTHR31829	1475.0	1441.31	2975.0	168.2	119.32
PTHR31419	2006.0	1938.62	141.0	11.72	8.31
PTHR14898	1291.27	1257.58	1052.0	68.22	48.39
PTHR19241	45707.94	44865.68	21834.95	777.29	551.36
PTHR14894	2111.88	2044.5	398.0	32.31	22.93
PTHR15239	1825.76	1792.07	463.0	21.03	14.92
PTHR12497	2625.82	2558.43	491.0	28.68	20.35
PTHR12304	1333.0	1299.31	177.0	11.11	7.88
PTHR30540	4298.8	4265.1	718.38	13.67	9.7
PTHR30544	4576.21	4508.82	1938.0	88.29	62.63
PTHR13302	2546.0	2512.31	591.0	19.12	13.56
PTHR12472	1409.0	1341.62	125.0	17.34	12.3
PTHR13308	6496.14	6361.38	10951.05	476.52	338.02
PTHR12477	3985.31	3917.93	1003.6	41.55	29.47
PTHR13878	1975.96	1942.26	602.0	25.22	17.89
PTHR21461	3923.0	3821.93	623.0	38.85	27.55
PTHR13872	528.0	494.31	16164.43	2696.02	1912.44
PTHR22849	9892.67	9724.21	2543.89	76.04	53.93
PTHR21314	2202.0	2134.62	399.0	30.63	21.73
PTHR13271	21525.53	21020.18	7926.81	428.85	304.22
PTHR22841	5354.0	5219.24	1968.24	121.65	86.29
PTHR13273	1137.0	1103.31	764.0	56.54	40.1
PTHR22847	28474.29	27766.82	8905.71	504.6	357.95
PTHR22846	2261.0	2227.31	968.43	35.35	25.08
PTHR22844	20159.04	19687.37	7933.04	369.44	262.07
PTHR23270	1319.0	1285.31	770.01	48.86	34.66
PTHR11601	7766.0	7631.24	4580.07	182.61	129.54
PTHR21266	4183.0	4048.24	2627.0	177.21	125.71
PTHR12271	6794.54	6693.46	3630.01	130.18	92.34
PTHR21262	3703.0	3669.31	2009.77	44.46	31.54
PTHR12276	2367.58	2266.51	649.0	59.23	42.02
PTHR10657	1777.0	1709.62	994.0	111.75	79.28
PTHR10655	4599.19	4498.12	1421.01	66.12	46.9
PTHR10652	2149.7	2082.32	902.0	67.34	47.78
PTHR17972	4494.0	4460.31	1970.99	35.86	25.43
PTHR10751	5649.0	5547.93	1651.97	55.8	39.59
PTHR21085	1517.0	1483.31	1966.99	108.04	76.64
PTHR11922	4982.93	4814.53	2558.97	198.66	140.92
PTHR11926	3046.05	2944.98	722.51	54.78	38.85
PTHR11431	1289.14	1255.44	5131.9	333.42	236.51
PTHR10430	2560.0	2458.93	2224.0	234.63	166.43
PTHR10436	8839.54	8603.7	2850.93	143.32	101.66
PTHR10434	2546.0	2478.62	990.99	64.74	45.93
PTHR24096	6380.77	6246.01	13150.95	545.25	386.77
PTHR13693	5768.95	5667.88	2627.97	108.58	77.02
PTHR13691	3295.0	3193.93	24942.78	1859.7	1319.19
PTHR13451	6552.43	6417.66	852.25	32.43	22.99
PTHR13452	1024.0	990.31	725.0	59.83	42.44
PTHR10759	530.0	496.31	11359.26	1886.82	1338.42
PTHR12901	1851.0	1817.31	431.0	19.3	13.69
PTHR12903	2957.31	2923.62	3698.0	102.74	72.88
PTHR23237	1005.0	971.31	4064.89	342.06	242.64
PTHR10501	1539.43	1472.04	736.0	81.95	58.13
PTHR31169	6187.13	6018.68	4352.16	328.0	232.66
PTHR11426	1440.36	1372.97	285.0	35.99	25.52
PTHR14087	3340.0	3272.62	847.38	28.02	19.87
PTHR23309	3724.0	3656.62	3481.04	121.5	86.18
PTHR31344	3820.0	3786.3	3183.04	68.24	48.4
PTHR31619	2033.0	1999.31	3918.36	159.43	113.09
PTHR23306	1724.53	1657.15	378.0	37.31	26.47
PTHR23305	2996.0	2894.94	8297.16	514.67	365.1
PTHR14089	1137.0	1103.31	126.0	9.32	6.61
PTHR11748	5795.8	5627.35	1370.09	77.41	54.91
PTHR11214	4936.0	4834.93	2077.39	105.94	75.15
PTHR11216	3399.79	3298.72	539.94	37.21	26.4
PTHR14154	3585.19	3416.73	1321.22	133.06	94.4
PTHR14155	5161.15	5093.77	1762.82	55.94	39.68
PTHR14152	566.0	532.31	201.0	31.09	22.06
PTHR11699	11685.12	11415.58	75298.17	3289.92	2333.72
PTHR11692	2300.0	2266.31	3446.93	123.66	87.72
PTHR11693	1554.0	1520.31	11861.06	635.55	450.83
PTHR11695	12581.44	12278.22	5115.99	297.08	210.74
PTHR31760	490.0	456.31	131.0	23.7	16.81
PTHR31906	11017.95	10714.72	3102.42	258.36	183.27
PTHR21419	2246.0	2212.31	951.0	34.95	24.79
PTHR23012	8912.24	8676.4	3031.99	179.61	127.42
PTHR11101	7587.51	7317.99	5716.09	410.96	291.5
PTHR11102	6158.79	6057.72	2020.0	108.06	76.65
PTHR11106	771.12	737.42	123.0	13.67	9.7
PTHR31585	1454.59	1420.89	1038.03	59.54	42.23
PTHR32125	1927.0	1859.62	1007.95	110.16	78.15
PTHR31588	3973.0	3905.62	1471.92	62.99	44.68
PTHR32120	1371.0	1337.31	365.0	22.25	15.78
PTHR15680	1853.0	1785.62	532.0	50.14	35.56
PTHR11804	6485.32	6350.56	3539.85	126.79	89.94
PTHR11374	1705.0	1671.31	7571.09	368.83	261.63
PTHR10281	950.0	916.31	243.0	21.69	15.38
PTHR18895	553.0	519.31	149.0	23.64	16.77
PTHR12169	3975.51	3908.12	2924.77	132.67	94.11
PTHR12486	1501.18	1433.8	94.0	10.46	7.42
PTHR12480	3657.33	3556.25	582.0	36.88	26.16
PTHR12482	1377.17	1309.78	386.0	47.18	33.46
PTHR12317	2483.0	2415.62	1341.74	77.98	55.32
PTHR12649	1163.13	1129.43	1062.92	76.82	54.49
PTHR10099	4517.0	4483.31	7363.98	133.27	94.54
PTHR13992	2800.0	2766.31	767.0	22.53	15.98
PTHR12461	7372.54	7204.09	2658.0	141.59	100.43
PTHR12466	931.0	897.31	409.0	37.28	26.45
PTHR13847	12038.27	11735.06	5990.46	339.04	240.5
PTHR32251	4847.04	4745.96	3031.45	142.71	101.23
PTHR26312	3445.0	3343.93	1481.11	91.05	64.58
PTHR12000	1527.0	1493.31	570.0	31.1	22.06
PTHR12001	3758.56	3691.17	5448.72	260.88	185.05
PTHR21327	3907.43	3840.04	3854.95	165.0	117.04
PTHR21631	3990.95	3923.57	24410.06	1002.8	711.34
PTHR22854	5392.49	5291.41	2681.53	145.28	103.05
PTHR22855	6489.3	6354.54	5610.67	262.93	186.51
PTHR22850	12018.61	11749.09	8969.27	512.6	363.62
PTHR22504	2021.0	1987.31	3474.24	142.21	100.88
PTHR12189	1151.7	1118.0	252.0	18.4	13.05
PTHR21256	3600.0	3532.62	4694.46	193.08	136.96
PTHR12266	2971.0	2903.62	1252.0	76.56	54.31
PTHR10648	4134.08	4066.7	2653.06	106.45	75.5
PTHR10641	13150.89	12948.75	6950.26	202.97	144.0
PTHR10644	13261.92	13059.77	9057.1	263.57	186.97
PTHR12864	3907.36	3772.59	1187.0	100.67	71.42
PTHR12860	2905.0	2871.31	1440.0	40.74	28.9
PTHR13194	750.0	716.31	114.0	13.05	9.26
PTHR13190	1220.07	1186.38	582.0	40.03	28.39
PTHR13193	501.0	467.31	160.0	28.26	20.04
PTHR11913	684.0	650.31	440.0	55.55	39.4
PTHR11911	7507.33	7372.57	27943.21	1237.32	877.71
PTHR11910	1133.0	1099.31	6868.58	510.15	361.88
PTHR11918	6739.29	6570.84	3325.43	163.64	116.08
PTHR12919	779.0	745.31	3295.0	362.35	257.04
PTHR12910	1695.0	1627.62	2191.51	209.54	148.64
PTHR12917	5941.85	5807.09	1238.0	69.44	49.25
PTHR11351	2070.0	2036.31	5697.81	227.6	161.45
PTHR11353	10731.95	10462.43	13151.82	817.05	579.58
PTHR11599	13611.0	13173.03	13994.42	1120.96	795.18
PTHR10516	12389.48	12018.88	4685.93	412.61	292.68
PTHR11592	5195.46	5027.0	2759.17	212.72	150.9
PTHR31620	1587.0	1553.31	4065.06	213.16	151.21
PTHR23315	9004.19	8768.35	3172.15	124.96	88.63
PTHR23316	2252.0	2218.31	3826.91	140.27	99.5
PTHR11778	3103.0	3035.62	2941.18	152.75	108.36
PTHR11774	1201.0	1167.31	178.0	12.44	8.83
PTHR11773	3594.0	3560.31	1898.06	43.28	30.7
PTHR11772	6608.0	6439.55	7630.55	302.04	214.24
PTHR10357	18587.58	18284.36	14455.67	477.79	338.92
PTHR10353	1674.57	1640.88	798.0	39.6	28.09
PTHR10350	4408.0	4374.31	1942.25	36.03	25.56
PTHR10351	2975.79	2908.4	10541.96	843.26	598.18
PTHR10359	5459.13	5324.37	1501.0	78.02	55.34
PTHR31750	2109.93	2076.24	249.0	9.75	6.92
PTHR23418	1527.0	1493.31	1138.44	62.11	44.06
PTHR14189	1806.15	1772.46	1373.01	63.05	44.72
PTHR31245	1570.0	1536.31	1252.85	66.43	47.12
PTHR23001	2070.0	2036.31	2587.99	103.38	73.33
PTHR23002	2091.0	2023.62	238.0	20.93	14.85
PTHR30178	3577.12	3476.04	39103.03	3118.93	2212.43
PTHR22904	17473.56	17001.9	4917.13	290.54	206.11
PTHR11177	24639.41	24066.65	14163.33	705.9	500.73
PTHR11178	1500.0	1466.31	1111.25	61.75	43.8
PTHR14456	1210.09	1142.71	90.0	12.89	9.15
PTHR31808	1560.0	1526.31	719.0	38.37	27.22
PTHR31803	4213.0	4111.93	1888.5	73.65	52.24
PTHR11009	2031.66	1964.28	319.0	26.62	18.88
PTHR19229	16979.74	16811.28	4868.17	68.67	48.7
PTHR11005	3367.51	3300.13	1050.0	60.8	43.13
PTHR11006	4165.08	4097.7	1721.8	72.11	51.15
PTHR18640	1921.0	1887.31	634.0	27.33	19.39
PTHR18866	20164.78	19861.57	13105.3	432.32	306.67
PTHR15588	2726.0	2658.62	4647.54	214.2	151.94
PTHR12677	7160.0	7025.24	2695.05	132.6	94.06
PTHR19134	1761.15	1727.46	2331.0	109.84	77.92
PTHR19139	7236.81	7068.35	1780.1	99.27	70.42
PTHR30566	7078.41	6943.65	1362.08	59.3	42.07
PTHR12459	1900.0	1866.31	499.02	21.76	15.43
PTHR12456	2013.27	1945.89	227.0	18.16	12.88
PTHR22931	6971.0	6903.62	5596.75	117.95	83.67
PTHR19359	8659.93	8457.78	4177.99	247.49	175.55
PTHR12072	3112.0	3044.62	947.98	40.49	28.72
PTHR13218	953.0	919.31	101.0	8.98	6.37
PTHR13215	1530.0	1462.62	211.0	23.97	17.01
PTHR13213	1617.92	1550.53	1169.01	115.88	82.2
PTHR12290	1993.5	1959.8	368.85	15.31	10.86
PTHR21530	6345.88	6177.42	1574.93	96.95	68.77
PTHR12295	4144.0	4110.31	639.59	12.63	8.96
PTHR12298	6924.22	6755.75	3143.0	150.43	106.72
PTHR10638	3184.74	3151.05	2800.0	72.16	51.19
PTHR10634	1401.0	1367.31	1976.99	117.87	83.61
PTHR10631	2616.17	2548.78	1139.19	59.11	41.93
PTHR10984	4139.0	4037.93	4001.98	247.62	175.66
PTHR13501	1768.0	1700.62	6545.14	689.66	489.22
PTHR13505	677.0	643.31	192.0	24.51	17.38
PTHR12850	449.0	415.31	29837.14	5942.24	4215.16
PTHR12856	678.0	644.31	148.0	18.86	13.38
PTHR12855	1721.0	1687.31	1348.83	65.08	46.17
PTHR12854	2795.41	2728.02	1114.05	60.85	43.16
PTHR13182	620.0	586.31	278.09	39.0	27.66
PTHR10855	1808.0	1774.31	1701.56	78.06	55.37
PTHR10743	971.0	937.31	494.0	43.09	30.57
PTHR10742	19435.26	19098.35	8424.16	350.45	248.6
PTHR10745	2340.0	2306.31	4905.0	172.9	122.65
PTHR10744	1577.0	1509.62	31801.33	2921.68	2072.51
PTHR10746	3450.1	3382.72	6868.03	455.58	323.17
PTHR12924	776.0	742.31	1913.33	211.27	149.87
PTHR23308	5912.76	5744.3	3972.17	347.9	246.79
PTHR11349	1622.0	1554.62	7489.11	836.7	593.51
PTHR10566	20640.25	20269.66	9090.9	358.61	254.37
PTHR11588	3030.0	2928.93	17049.47	880.09	624.29
PTHR10291	1100.0	1066.31	343.0	26.27	18.64
PTHR11584	8058.32	7923.56	2633.54	137.97	97.87
PTHR11586	1043.0	1009.31	436.0	35.3	25.04
PTHR11909	6551.78	6417.01	10727.43	411.19	291.68
PTHR24320	11489.93	11220.4	2255.5	129.46	91.83
PTHR24322	19984.71	19445.64	10329.3	628.71	445.97
PTHR11907	2177.0	2143.31	2494.0	94.63	67.12
PTHR11760	1467.0	1399.62	38421.6	3912.74	2775.52
PTHR11761	1784.0	1716.62	19551.07	2573.74	1825.69
PTHR11766	1920.0	1852.62	838.14	75.42	53.5
PTHR11767	6290.1	6155.34	1759.0	71.53	50.75
PTHR10361	4732.54	4631.46	694.0	36.55	25.93
PTHR10366	14750.24	14345.95	26235.01	1553.64	1102.1
PTHR10169	3361.0	3327.31	2196.44	53.6	38.02
PTHR10168	5654.04	5485.59	2597.92	144.17	102.26
PTHR20973	1855.03	1821.34	290.0	12.96	9.19
PTHR10165	1540.0	1506.31	236.0	12.76	9.05
PTHR31032	3027.0	2959.62	5496.61	300.16	212.92
PTHR23257	143142.64	140245.26	88479.33	3362.59	2385.28
PTHR23253	2218.0	2184.31	190.0	7.07	5.02
PTHR14190	2516.0	2482.31	627.25	20.54	14.57
PTHR14194	9598.06	9328.54	5801.7	354.8	251.67
PTHR31251	28467.97	27693.09	10215.08	556.6	394.82
PTHR23074	15987.33	15616.72	4989.0	312.67	221.8
PTHR23077	11367.78	10896.14	2847.9	250.36	177.58
PTHR23076	16742.22	16270.56	12722.43	772.26	547.79
PTHR12561	1517.0	1483.31	561.29	30.83	21.87
PTHR23073	7515.44	7245.91	9504.16	880.39	624.5
PTHR10293	3996.62	3861.86	2383.58	215.86	153.12
PTHR23078	1748.0	1680.62	737.0	71.72	50.88
PTHR11165	2277.0	2209.62	4675.48	344.78	244.57
PTHR10772	3728.12	3627.05	6261.77	420.88	298.55
PTHR32100	5352.0	5250.93	12220.21	605.86	429.77
PTHR14445	2181.0	2113.62	699.0	52.43	37.2
PTHR31811	2346.12	2278.74	359.28	23.82	16.9
PTHR23102	4107.0	4005.93	1835.0	99.18	70.35
PTHR23105	6011.99	5809.85	55200.64	4367.38	3098.02
PTHR11010	8288.34	8153.57	4526.84	179.18	127.1
PTHR11014	6057.14	5922.38	1259.23	54.96	38.98
PTHR12668	3919.0	3851.62	3819.71	152.3	108.03
PTHR12661	3303.0	3269.31	3440.09	85.44	60.61
PTHR12663	4212.79	4179.1	1157.28	22.47	15.94
PTHR12664	1347.68	1313.98	1536.0	95.32	67.61
PTHR16166	32798.0	32461.09	6765.49	169.07	119.94
PTHR12111	867.0	833.31	561.0	55.11	39.09
PTHR12447	602.0	568.31	20.0	2.89	2.05
PTHR15481	778.0	744.31	97.0	10.68	7.58
PTHR26379	2088.0	2020.62	2330.13	163.73	116.15
PTHR12599	1259.0	1225.31	906.0	60.32	42.79
PTHR12596	3743.0	3709.31	1485.85	32.52	23.07
PTHR12590	920.85	887.16	243.0	22.41	15.89
PTHR12066	4343.02	4208.24	423.0	31.97	22.68
PTHR12064	3924.0	3822.93	1184.06	60.85	43.17
PTHR13226	1680.14	1612.76	224.0	21.23	15.06
PTHR13889	2988.0	2954.31	3129.19	86.03	61.03
PTHR13887	1074.0	1040.31	179.0	14.06	9.97
PTHR21181	670.0	636.31	365.0	47.11	33.42
PTHR12412	2566.0	2532.31	838.0	26.89	19.08
PTHR13948	2184.36	2116.98	347.0	27.02	19.17
PTHR12146	1020.0	952.64	12408.62	1492.76	1058.9
PTHR10458	3066.0	2998.62	2711.0	143.32	101.66
PTHR19306	9209.1	9108.02	1599.0	44.76	31.75
PTHR12280	5164.76	5063.69	2840.0	127.72	90.6
PTHR11451	7401.63	7266.86	10343.02	377.65	267.89
PTHR12286	3334.87	3267.48	465.0	19.65	13.94
PTHR12415	5657.4	5522.63	228.0	12.05	8.54
PTHR30573	2341.0	2307.31	1167.0	41.12	29.17
PTHR22983	1153.0	1119.31	192.0	14.0	9.93
PTHR22981	1255.0	1221.31	638.91	42.68	30.27
PTHR10947	2702.0	2634.62	2065.04	102.02	72.37
PTHR30191	2313.66	2279.96	2441.78	87.07	61.76
PTHR13082	761.0	727.31	307.25	34.63	24.57
PTHR10629	3752.0	3650.93	231.82	15.6	11.07
PTHR10994	13961.17	13691.64	4551.1	206.75	146.66
PTHR10996	7759.74	7557.6	7600.02	324.3	230.05
PTHR10625	11459.22	11122.32	4802.32	257.82	182.89
PTHR10992	38492.93	37583.23	13174.06	690.69	489.95
PTHR10993	1797.0	1729.62	457.0	51.21	36.32
PTHR17695	4782.14	4681.05	2087.98	102.13	72.45
PTHR12848	2610.0	2542.62	664.0	41.73	29.61
PTHR12849	1895.0	1827.62	405.94	36.33	25.77
PTHR21712	1082.18	1048.49	126.0	9.82	6.96
PTHR21294	1364.75	1331.06	866.52	53.07	37.65
PTHR12841	938.0	904.31	127.0	11.49	8.15
PTHR21290	3992.0	3857.24	1014.0	82.87	58.78
PTHR21349	1582.0	1514.62	3352.23	385.8	273.67
PTHR21347	2010.6	1976.91	1454.0	59.83	42.44
PTHR21343	341.0	307.32	8.0	2.17	1.54
PTHR10196	7089.6	6954.83	1430.0	67.03	47.54
PTHR10192	3011.0	2943.62	5279.66	213.46	151.42
PTHR10755	1479.81	1446.12	26858.93	1513.46	1073.58
PTHR10758	3150.61	3083.23	3848.16	227.58	161.43
PTHR13152	831.88	798.19	126.0	12.93	9.17
PTHR12932	6502.28	6367.51	3904.14	160.11	113.57
PTHR12934	1962.0	1894.62	3561.24	311.25	220.79
PTHR10288	11576.07	11373.92	18282.89	744.28	527.95
PTHR11800	1409.0	1375.31	1805.0	106.98	75.89
PTHR11802	14648.25	14412.39	13343.03	537.28	381.13
PTHR11807	2193.08	2125.7	612.0	42.04	29.83
PTHR11808	9329.74	9127.6	6019.88	262.64	186.31
PTHR10283	10897.39	10728.93	5949.44	213.09	151.16
PTHR10285	7677.98	7509.52	19074.01	866.64	614.76
PTHR10286	998.73	965.03	4589.01	388.7	275.73
PTHR11579	3045.97	2978.59	1107.0	58.32	41.37
PTHR13718	2679.0	2611.62	23762.15	1859.09	1318.76
PTHR13711	6479.0	6276.86	12437.71	1511.06	1071.88
PTHR13710	13637.34	13300.46	1581.23	72.16	51.17
PTHR11977	1371.51	1337.82	2076.8	126.56	89.78
PTHR11972	5649.29	5581.9	7713.56	185.78	131.79
PTHR31480	1230.0	1196.31	1611.98	109.95	77.99
PTHR31485	10913.04	10609.82	3244.07	205.64	145.87
PTHR11715	984.0	950.31	3621.75	311.57	221.01
PTHR11717	2192.0	2124.62	212.89	13.76	9.76
PTHR11711	9185.83	8950.0	10865.62	945.9	671.0
PTHR11712	36717.79	35505.12	4206.06	168.79	119.72
PTHR10374	4261.05	4159.98	6170.85	254.71	180.68
PTHR10178	3038.52	2971.14	4040.07	237.87	168.73
PTHR11482	12039.73	11904.96	13840.51	360.86	255.97
PTHR10173	4793.03	4658.26	2782.69	188.14	133.46
PTHR10177	7490.87	7356.1	13442.6	594.8	421.94
PTHR10174	6285.05	6116.59	3292.97	207.52	147.21
PTHR23249	2133.94	2066.56	565.0	43.7	31.0
PTHR23244	12794.38	12491.18	2951.95	179.96	127.66
PTHR23245	482.09	448.4	232.0	42.73	30.31
PTHR23240	2099.89	2032.51	260.0	19.08	13.53
PTHR14614	12978.5	12675.28	2168.04	121.03	85.84
PTHR31268	2350.0	2282.62	1747.92	74.44	52.8
PTHR31262	1991.59	1890.51	105064.88	9181.89	6513.23
PTHR23063	2116.87	2049.49	1205.8	110.29	78.24
PTHR11620	700.0	666.31	12897.39	1588.7	1126.95
PTHR11624	4458.0	4390.62	4902.8	246.47	174.84
PTHR11627	5155.08	5020.31	26377.45	1332.91	945.51
PTHR11390	4636.36	4568.97	1913.92	86.94	61.67
PTHR31319	4338.0	4270.62	4085.96	155.01	109.95
PTHR14052	1399.93	1366.24	668.05	39.86	28.27
PTHR32118	2364.0	2330.31	5929.69	206.86	146.74
PTHR23117	1830.12	1796.42	2442.15	110.64	78.49
PTHR23115	48055.54	47280.62	130569.75	5549.63	3936.67
PTHR11028	1556.0	1522.31	1399.08	74.87	53.11
PTHR11024	6904.0	6802.93	3198.03	119.86	85.02
PTHR10066	6632.23	6430.09	792.0	49.85	35.35
PTHR11777	3213.0	3179.31	5137.6	131.23	93.09
PTHR12616	2001.0	1967.31	684.0	28.28	20.06
PTHR12613	2775.0	2741.31	1646.3	48.79	34.61
PTHR12612	688.0	654.31	675.0	84.69	60.08
PTHR32060	3859.0	3791.62	2816.0	101.83	72.23
PTHR12126	3156.0	3088.62	3615.14	183.49	130.16
PTHR12436	7099.92	6965.15	2545.97	117.49	83.33
PTHR22734	1395.0	1361.31	846.81	50.71	35.97
PTHR12121	2209.0	2141.62	524.0	42.45	30.11
PTHR12438	1648.0	1614.31	166.0	8.37	5.94
PTHR15492	1834.0	1800.31	943.0	42.63	30.24
PTHR21426	2140.0	2106.31	133.0	5.14	3.64
PTHR21427	1217.0	1183.31	225.0	15.52	11.01
PTHR19372	1995.0	1961.31	1216.0	50.44	35.78
PTHR19370	7354.11	7185.66	16586.06	599.43	425.19
PTHR19376	16941.37	16705.53	8404.0	215.25	152.7
PTHR19375	6941.11	6738.97	3724.5	332.75	236.03
PTHR12725	2279.91	2212.53	942.64	58.31	41.37
PTHR22884	12845.17	12676.71	4027.99	100.18	71.05
PTHR22880	9235.17	8999.34	4991.97	238.32	169.07
PTHR12542	2365.0	2331.31	108.0	3.77	2.67
PTHR12547	2022.0	1954.62	1615.0	90.48	64.17
PTHR12124	4380.56	4279.48	741.01	46.64	33.08
PTHR10114	516.0	482.31	16279.35	2783.93	1974.8
PTHR21512	2591.0	2557.31	267.0	8.48	6.02
PTHR30508	2042.0	2008.31	3544.7	143.57	101.85
PTHR30502	1083.0	1049.31	399.0	31.06	22.03
PTHR10961	2135.16	2067.77	4594.21	338.83	240.35
PTHR10617	8729.67	8527.53	21381.38	1050.31	745.05
PTHR10615	2261.06	2193.68	2325.18	159.78	113.34
PTHR13527	4617.64	4583.95	4234.65	74.95	53.17
PTHR22958	6927.05	6825.97	8276.64	252.02	178.77
PTHR14534	2035.0	2001.31	560.64	22.79	16.16
PTHR22951	2380.0	2346.31	680.0	23.56	16.71
PTHR22950	47143.0	46334.4	43464.62	1416.4	1004.75
PTHR22953	9548.41	9379.95	5737.89	224.05	158.93
PTHR22952	5919.25	5750.8	3584.12	194.58	138.04
PTHR22957	11837.54	11567.99	3018.99	174.2	123.58
PTHR21600	1293.0	1259.31	909.75	58.92	41.8
PTHR24056	14290.98	13987.76	6628.65	255.13	180.98
PTHR24054	1577.0	1543.31	2197.0	115.96	82.26
PTHR24055	11439.05	11203.22	9670.97	515.82	365.89
PTHR24058	4489.0	4354.24	1907.0	139.2	98.73
PTHR10766	3137.0	3035.93	2796.99	223.5	158.55
PTHR10762	3398.02	3296.95	910.0	63.19	44.83
PTHR30031	5806.0	5671.24	14265.33	471.54	334.49
PTHR12945	1366.0	1332.31	647.0	39.59	28.09
PTHR12944	2428.3	2394.6	316.0	10.73	7.61
PTHR24128	5335.81	5234.73	5296.84	208.18	147.66
PTHR12858	4354.69	4219.92	1693.0	140.81	99.87
PTHR32228	1165.12	1131.43	72.0	5.19	3.68
PTHR13096	3712.0	3644.62	889.0	39.76	28.21
PTHR11365	5622.42	5352.89	247.0	19.22	13.62
PTHR11361	18777.74	18272.39	2563.08	83.9	59.51
PTHR11814	20734.35	20464.81	11052.92	217.02	153.95
PTHR11363	1403.0	1369.31	36412.91	2167.71	1537.67
PTHR10543	8113.0	7978.24	2433.88	95.22	67.56
PTHR10540	2472.0	2404.62	3537.64	242.89	172.3
PTHR11562	6533.91	6399.14	6277.06	240.78	170.81
PTHR11566	16677.0	16441.17	11240.47	347.76	246.68
PTHR11567	2524.0	2456.62	998.0	71.05	50.4
PTHR11564	6329.0	6227.93	4408.34	172.94	122.68
PTHR11962	3019.68	2952.3	1749.26	97.68	69.29
PTHR11963	1780.0	1746.31	904.68	42.17	29.91
PTHR10381	7155.99	6886.47	14979.77	1306.42	926.73
PTHR10383	2942.0	2874.62	1332.18	71.72	50.87
PTHR11705	1923.97	1856.58	747.0	55.35	39.27
PTHR11702	10251.0	10082.55	10323.0	346.72	245.95
PTHR11700	1446.0	1378.62	29380.46	4034.64	2861.99
PTHR10388	922.0	888.31	2661.39	245.09	173.86
PTHR11709	11312.02	11109.88	4079.01	148.65	105.45
PTHR10145	5912.0	5878.31	2677.73	36.94	26.21
PTHR23273	2704.0	2636.62	3143.1	131.53	93.3
PTHR12050	3464.75	3431.06	893.0	21.13	14.99
PTHR24305	862.11	828.42	125.0	12.35	8.76
PTHR23050	2427.0	2325.93	6166.66	624.61	443.07
PTHR23056	2353.0	2285.62	925.2	66.4	47.1
PTHR23054	1819.0	1785.31	341.0	15.55	11.03
PTHR11638	10133.27	9931.13	22987.56	750.39	532.3
PTHR23291	2875.63	2808.25	2592.26	168.28	119.37
PTHR23293	4666.02	4564.95	4514.94	221.74	157.29
PTHR11141	3077.0	3043.31	1696.67	45.28	32.12
PTHR11142	5416.96	5315.89	1372.0	57.72	40.95
PTHR11143	905.0	871.31	29794.95	2797.95	1984.74
PTHR22748	5179.84	5045.08	888.0	58.42	41.44
PTHR11380	968.0	934.31	864.0	75.61	53.64
PTHR11384	2561.0	2493.62	556.0	37.67	26.72
PTHR32477	2209.0	2175.31	145.2	5.43	3.85
PTHR14043	1964.0	1896.62	352.18	30.4	21.56
PTHR32472	2921.42	2887.73	1007.0	28.33	20.09
PTHR31658	3477.0	3443.31	829.0	19.55	13.87
PTHR13890	8096.26	7961.52	5009.14	196.03	139.07
PTHR14269	4155.83	4021.07	2507.03	140.2	99.44
PTHR22883	9532.42	9296.58	2244.68	126.05	89.41
PTHR23125	53031.87	51953.79	12714.07	565.12	400.88
PTHR19879	2398.0	2364.31	720.0	24.75	17.56
PTHR22881	3002.72	2935.34	1403.0	70.27	49.85
PTHR14136	2972.0	2870.93	2979.97	257.99	183.0
PTHR19876	6995.0	6927.62	5163.81	120.61	85.55
PTHR12608	4922.51	4787.73	2919.06	177.76	126.09
PTHR12604	2268.0	2234.31	122.0	4.44	3.15
PTHR12603	2815.0	2747.62	1018.99	62.79	44.55
PTHR32091	2906.64	2839.26	4818.22	271.98	192.93
PTHR32098	4325.58	4190.81	698.24	54.32	38.55
PTHR18763	1639.0	1571.62	667.0	69.55	49.34
PTHR22726	2309.51	2242.13	285.0	16.71	11.85
PTHR22727	19106.86	18736.27	5883.37	269.44	191.15
PTHR12428	3439.45	3372.07	3980.17	184.51	130.88
PTHR18968	8297.98	8129.52	9031.31	315.95	224.11
PTHR12730	3614.0	3546.62	2207.0	101.73	72.17
PTHR12506	827.0	793.31	59.0	6.09	4.32
PTHR12735	1840.0	1772.62	1089.07	107.76	76.44
PTHR15020	3832.0	3764.62	4367.98	250.66	177.81
PTHR12558	2707.09	2639.7	565.0	29.65	21.03
PTHR12553	1670.0	1602.62	329.0	28.96	20.54
PTHR12049	2338.98	2271.59	246.0	17.61	12.5
PTHR10497	933.0	865.62	21166.32	3287.06	2331.7
PTHR24073	4668.52	4500.06	3890.4	331.92	235.46
PTHR21569	702.0	668.31	20506.0	2518.27	1786.35
PTHR21567	1313.0	1279.31	851.0	54.25	38.48
PTHR13950	1190.0	1156.31	327.0	23.08	16.37
PTHR12133	1587.75	1554.06	95.05	4.98	3.53
PTHR10972	6451.77	6350.7	2739.0	122.88	87.17
PTHR10606	4039.3	4005.61	2862.46	58.0	41.14
PTHR10971	1329.0	1295.31	529.04	33.31	23.63
PTHR13743	7955.0	7820.24	650.0	30.65	21.74
PTHR12302	3704.0	3670.31	4025.94	89.04	63.16
PTHR22942	9929.94	9593.06	2265.0	115.68	82.07
PTHR13395	2558.0	2490.62	426.05	28.23	20.03
PTHR13803	5499.02	5397.96	2364.51	64.25	45.58
PTHR21368	1246.0	1178.62	4913.55	525.86	373.02
PTHR24067	16907.67	16402.3	15119.46	1171.53	831.02
PTHR24064	12254.66	12018.82	7626.44	288.17	204.43
PTHR24063	28502.6	27896.19	153446.37	5139.22	3645.54
PTHR21011	1531.0	1463.62	2901.92	293.72	208.36
PTHR10774	14517.87	14180.96	3048.0	151.15	107.22
PTHR24068	3025.0	2923.93	1924.0	215.51	152.87
PTHR19980	2076.0	2008.62	326.0	27.75	19.68
PTHR12959	3636.35	3568.97	357.0	15.11	10.72
PTHR24115	30174.49	29500.7	14982.48	498.24	353.43
PTHR11825	9276.92	9041.08	6132.2	297.74	211.21
PTHR10809	1619.0	1551.62	1502.98	132.2	93.78
PTHR11822	1701.0	1667.31	4816.76	235.22	166.85
PTHR10555	4464.09	4396.71	4462.32	141.24	100.19
PTHR10806	859.0	825.31	709.0	70.33	49.89
PTHR10804	9192.4	9023.95	12592.52	681.61	483.51
PTHR11556	3811.0	3709.93	16059.31	814.3	577.62
PTHR11558	1457.0	1423.31	1351.79	77.4	54.9
PTHR13773	3418.55	3351.16	1948.8	94.95	67.36
PTHR10537	1360.65	1326.95	595.0	36.56	25.93
PTHR11953	2119.0	2051.62	842.0	66.14	46.92
PTHR11952	1761.0	1693.62	911.0	88.15	62.52
PTHR11956	2198.0	2164.31	2978.19	111.9	79.37
PTHR11959	4175.25	4141.55	2852.54	55.89	39.65
PTHR11739	1955.55	1921.86	3190.53	135.07	95.81
PTHR11732	17979.35	17541.36	7906.95	461.84	327.62
PTHR11731	7558.63	7457.56	1937.14	64.5	45.76
PTHR11730	3415.86	3314.78	870.96	81.53	57.84
PTHR11735	3061.4	2960.32	654.0	49.35	35.01
PTHR10394	790.0	756.31	26250.26	2844.27	2017.6
PTHR20941	2208.0	2140.62	659.0	54.44	38.61
PTHR10150	2425.62	2358.24	465.0	30.6	21.71
PTHR31065	3360.4	3293.01	2361.0	102.51	72.72
PTHR10159	8099.0	7930.55	7230.56	345.62	245.15
PTHR31066	1295.0	1261.31	387.0	25.03	17.75
PTHR13604	1022.0	954.62	95.0	16.81	11.93
PTHR23264	3501.67	3400.59	1343.05	86.82	61.59
PTHR23269	2111.0	2077.31	803.0	31.44	22.3
PTHR31204	1720.0	1686.31	536.0	25.88	18.36
PTHR31201	1685.0	1651.31	1079.99	53.25	37.78
PTHR31209	1301.0	1267.31	318.0	20.47	14.52
PTHR11607	3948.0	3880.62	896.12	38.44	27.27
PTHR11606	4889.96	4788.88	3928.98	165.9	117.68
PTHR23284	1567.48	1533.78	501.38	26.63	18.89
PTHR24316	4355.0	4253.93	4576.5	256.4	181.88
PTHR32467	10340.51	10003.6	1933.56	122.71	87.07
PTHR14255	6535.09	6366.64	1343.0	81.96	58.15
PTHR31840	816.81	783.12	143.0	14.96	10.61
PTHR23130	4459.0	4391.62	1702.97	47.05	33.38
PTHR23133	1077.0	1043.31	780.0	61.07	43.32
PTHR23135	1900.4	1866.7	2539.02	110.67	78.51
PTHR23138	2479.0	2411.62	2963.2	244.79	173.65
PTHR23139	9110.01	8907.86	12926.43	613.81	435.41
PTHR31682	1259.0	1225.31	2522.05	167.92	119.11
PTHR11040	2671.0	2569.93	996.99	102.01	72.36
PTHR11043	835.0	801.31	828.0	84.62	60.03
PTHR11042	6749.82	6615.06	2169.48	99.57	70.64
PTHR11048	13174.67	12972.53	6643.12	254.8	180.73
PTHR15818	1985.0	1951.31	657.0	27.39	19.43
PTHR12636	1194.0	1160.31	1186.32	83.44	59.19
PTHR31606	1282.0	1248.31	411.0	26.86	19.05
PTHR14490	2800.36	2699.29	1798.01	113.5	80.52
PTHR14493	9633.01	9430.86	7904.6	344.64	244.47
PTHR15651	2177.0	2143.31	448.0	17.0	12.06
PTHR12380	3363.0	3261.93	2109.95	150.45	106.73
PTHR12385	2845.0	2777.62	4298.35	181.69	128.89
PTHR12706	15135.03	14899.19	1989.47	61.6	43.71
PTHR12709	1963.25	1895.87	1595.61	143.44	101.76
PTHR19957	6824.49	6689.73	2945.99	152.94	108.47
PTHR30239	1763.0	1729.31	2726.19	128.33	91.03
PTHR12560	3392.0	3324.62	3002.79	155.22	110.1
PTHR11203	5134.76	5033.69	2416.0	99.51	70.58
PTHR12770	6096.03	5927.58	657.0	50.59	35.89
PTHR12097	7251.0	7183.62	6588.35	146.53	103.94
PTHR19842	2635.0	2601.31	1108.0	34.61	24.55
PTHR11200	8096.99	8029.6	3211.44	63.23	44.86
PTHR21576	1428.05	1360.67	68.05	7.16	5.08
PTHR24193	12917.96	12547.35	7268.16	464.07	329.2
PTHR12419	5000.76	4832.31	2293.42	182.5	129.46
PTHR23338	3031.0	2929.93	3319.96	298.81	211.97
PTHR30525	1631.0	1597.31	1763.0	89.89	63.76
PTHR12413	1925.05	1857.66	221.0	18.59	13.18
PTHR12411	14889.86	14384.51	92513.52	5262.63	3733.07
PTHR23339	3750.53	3683.15	940.99	56.08	39.78
PTHR21717	5462.83	5361.76	2932.09	89.68	63.61
PTHR10943	3910.0	3842.62	3495.02	129.67	91.99
PTHR12897	3002.0	2968.31	860.74	23.55	16.71
PTHR12894	6310.0	6074.17	443.0	46.05	32.68
PTHR12891	1205.0	1171.31	116.0	8.08	5.73
PTHR22976	4671.0	4536.25	5411.85	234.3	166.2
PTHR22975	2669.09	2568.05	717.0	45.41	32.21
PTHR22970	2668.0	2634.31	467.0	14.4	10.22
PTHR21377	1983.0	1915.62	1007.0	87.26	61.9
PTHR21371	2074.0	2040.31	18598.57	741.45	525.95
PTHR21373	2449.0	2381.62	599.0	40.8	28.94
PTHR22573	10881.66	10713.2	6899.89	276.67	196.25
PTHR22572	7272.0	7103.55	12193.96	709.01	502.93
PTHR21000	2063.0	2029.31	5542.11	222.14	157.58
PTHR10701	613.0	579.31	730.01	103.63	73.51
PTHR13161	914.0	846.63	309.0	57.75	40.96
PTHR13165	2847.56	2780.18	1366.0	77.57	55.02
PTHR21396	1273.0	1205.62	1222.83	162.55	115.31
PTHR12965	2231.59	2164.22	681.01	46.57	33.04
PTHR10681	6970.77	6701.25	5142.73	384.1	272.45
PTHR24106	8931.63	8695.79	4350.0	240.13	170.34
PTHR24103	2839.0	2737.93	345.0	27.2	19.29
PTHR10683	1632.0	1598.31	2536.93	129.27	91.69
PTHR11540	2369.0	2234.25	2953.73	355.86	252.43
PTHR10836	2311.0	2209.95	14628.48	958.83	680.15
PTHR10835	2404.0	2370.31	1311.05	44.96	31.89
PTHR11545	927.0	893.31	26303.33	2408.63	1708.57
PTHR10012	1524.0	1490.31	403.0	22.03	15.63
PTHR13768	2607.0	2539.62	1527.01	100.32	71.16
PTHR24078	11447.0	11177.5	2763.37	152.49	108.17
PTHR11946	14822.0	14619.86	26405.97	720.8	511.3
PTHR11947	4649.65	4582.27	7083.31	258.49	183.36
PTHR11941	9836.23	9600.4	2681.86	153.33	108.76
PTHR24072	1597.0	1563.31	770.0	40.12	28.46
PTHR10496	512.0	478.31	16773.43	2892.84	2052.05
PTHR10491	2782.22	2714.83	2230.86	118.42	84.0
PTHR24076	12232.46	11828.19	5899.2	351.4	249.26
PTHR24077	14258.7	13787.06	17868.42	664.22	471.14
PTHR11728	3894.0	3826.62	6026.02	321.17	227.82
PTHR11726	842.0	808.31	33829.22	3427.1	2431.03
PTHR11727	551.0	517.31	119.0	18.95	13.44
PTHR11721	648.0	614.31	23441.58	3135.4	2224.11
PTHR11722	794.0	760.31	13750.85	1482.01	1051.27
PTHR10120	4031.86	3964.48	1305.7	50.79	36.03
PTHR10122	1136.0	1102.31	6231.0	461.52	327.38
PTHR11831	2383.0	2281.93	21686.53	2189.19	1552.91
PTHR11835	1802.0	1768.31	5693.1	262.05	185.89
PTHR11614	5882.33	5814.95	3785.08	97.3	69.02
PTHR11615	9957.76	9654.55	9776.43	358.79	254.51
PTHR11618	3632.99	3531.91	1024.77	69.29	49.15
PTHR14140	2692.0	2658.31	1519.0	46.43	32.94
PTHR32419	1251.71	1218.02	228.0	15.27	10.83
PTHR10231	5621.0	5519.93	1496.97	68.76	48.77
PTHR10233	9058.0	8889.55	5334.91	226.12	160.39
PTHR31503	4320.68	4219.61	2061.99	90.67	64.31
PTHR23147	615.27	581.58	416.0	58.82	41.72
PTHR23140	2080.0	2046.31	532.0	21.15	15.0
PTHR23142	1020.0	986.31	344.89	28.58	20.27
PTHR23149	1869.0	1835.31	1076.0	47.71	33.84
PTHR23148	849.85	816.15	312.0	31.3	22.2
PTHR11817	11835.0	11632.86	10413.04	404.88	287.21
PTHR11056	2154.96	2121.27	1170.81	44.89	31.84
PTHR11055	4364.77	4263.69	8390.82	428.74	304.13
PTHR32523	2440.85	2373.46	1539.98	89.88	63.76
PTHR31695	2917.0	2883.31	1433.0	40.37	28.64
PTHR11819	329.0	295.32	3.0	0.85	0.6
PTHR10544	507.0	473.31	6669.21	1162.58	824.68
PTHR12629	2685.15	2651.46	3110.75	95.33	67.62
PTHR19316	1500.0	1466.31	587.0	32.62	23.14
PTHR18945	6465.52	6364.44	1633.95	65.66	46.58
PTHR26402	9656.0	9487.55	15735.4	487.28	345.65
PTHR19384	6575.0	6473.93	1125.02	40.69	28.85
PTHR12714	5219.61	5084.85	3633.49	153.72	109.04
PTHR12570	4632.03	4530.95	1302.0	68.73	48.75
PTHR21494	2475.0	2441.31	407.0	13.55	9.61
PTHR21145	1267.6	1233.91	955.15	63.15	44.79
PTHR21496	4795.0	4626.57	3717.61	263.53	186.93
PTHR21493	32215.39	31608.95	13386.92	624.79	443.2
PTHR21499	9386.87	9285.79	11970.15	309.07	219.24
PTHR21148	4093.3	3992.23	846.0	58.61	41.57
PTHR12083	3715.3	3614.23	1530.08	91.2	64.7
PTHR19854	3789.54	3688.48	1629.0	70.38	49.92
PTHR13976	1590.0	1522.62	238.78	27.33	19.39
PTHR19852	2220.0	2186.31	1658.0	61.67	43.74
PTHR16128	3608.99	3474.23	488.0	38.63	27.4
PTHR12400	1519.74	1486.05	786.0	43.09	30.57
PTHR19853	3074.0	3040.31	1691.0	45.17	32.04
PTHR30314	1812.0	1778.31	4138.03	189.4	134.35
PTHR12882	706.0	672.31	427.0	52.12	36.97
PTHR12883	1422.0	1388.31	545.0	32.0	22.7
PTHR16255	7372.9	7271.83	4522.04	165.23	117.21
PTHR16254	8738.79	8604.03	5652.26	231.78	164.41
PTHR22960	665.0	631.31	271.0	35.26	25.01
PTHR13373	2177.0	2143.31	310.0	11.76	8.34
PTHR13375	1121.0	1087.31	554.0	41.6	29.51
PTHR22967	5238.0	5136.93	919.96	32.42	22.99
PTHR19858	4920.32	4852.94	2166.61	67.6	47.96
PTHR30222	2496.26	2462.57	632.0	20.86	14.8
PTHR13115	1938.09	1904.4	1697.73	72.53	51.45
PTHR13117	1603.0	1569.31	106.0	5.5	3.9
PTHR13285	2080.92	2047.22	618.0	24.55	17.42
PTHR13288	1360.0	1326.31	377.0	23.18	16.44
PTHR10953	15447.11	15143.89	5216.84	197.68	140.23
PTHR10954	1072.92	1039.22	237.0	18.63	13.21
PTHR21726	531.0	497.31	28.0	4.64	3.29
PTHR10956	876.48	809.1	24667.41	4167.09	2955.95
PTHR11538	1829.0	1795.31	1308.41	59.32	42.08
PTHR10826	902.0	868.31	1038.0	97.82	69.39
PTHR11533	13808.77	13674.01	6373.26	145.31	103.08
PTHR11532	1954.0	1920.31	3973.14	168.34	119.41
PTHR10000	4219.84	4118.77	1660.15	100.91	71.57
PTHR13021	1320.0	1286.31	777.0	49.26	34.94
PTHR24006	21337.57	20764.84	7491.62	435.64	309.05
PTHR24003	26191.75	25787.46	51573.43	1286.83	912.82
PTHR31446	2319.0	2251.62	1115.02	79.63	56.49
PTHR31190	2658.58	2591.2	3937.68	173.43	123.03
PTHR11441	1428.0	1394.31	818.0	47.82	33.92
PTHR11440	4975.54	4840.78	547.0	32.38	22.97
PTHR11999	8015.52	7880.76	6487.35	272.32	193.17
PTHR11998	6661.99	6527.22	4443.68	234.36	166.24
PTHR11449	475.0	441.31	25115.35	4701.61	3335.11
PTHR11994	1353.0	1285.62	25331.99	2993.04	2123.13
PTHR10133	11047.33	10878.88	8400.0	244.98	173.79
PTHR13620	5367.0	5198.55	2519.53	136.32	96.7
PTHR11847	739.0	705.31	19529.99	2271.03	1610.97
PTHR11843	848.0	814.31	31113.01	3128.46	2219.19
PTHR11661	1816.0	1748.62	31469.13	3957.37	2807.18
PTHR11662	24138.68	23667.01	10977.22	428.99	304.29
PTHR11669	3351.55	3284.17	1314.28	64.59	45.82
PTHR11668	15335.11	15031.89	15686.09	770.07	546.24
PTHR20856	12013.0	11844.55	6507.93	137.53	97.55
PTHR20854	3989.97	3888.9	1331.0	83.19	59.02
PTHR20855	8120.63	7985.87	3399.61	143.82	102.01
PTHR20852	2918.0	2816.93	13233.52	643.68	456.6
PTHR32404	1426.12	1392.43	430.0	25.17	17.85
PTHR20858	5941.34	5840.26	3996.34	143.76	101.98
PTHR14237	7343.75	7141.61	8665.98	345.67	245.2
PTHR10739	4083.0	4015.62	3917.99	170.34	120.83
PTHR23155	59079.66	57799.37	14457.02	747.7	530.4
PTHR23153	2092.56	2025.17	613.83	64.21	45.55
PTHR23151	7085.0	6748.11	7748.7	744.78	528.31
PTHR11063	3916.98	3849.6	6609.6	261.55	185.53
PTHR11062	10509.03	10306.89	3930.05	162.74	115.45
PTHR11061	4506.15	4371.39	1521.09	102.43	72.65
PTHR11065	5941.32	5840.24	2212.26	100.17	71.05
PTHR11064	3548.47	3447.39	1514.96	101.75	72.18
PTHR11260	9250.89	9048.73	2247.01	123.06	87.29
PTHR11264	1152.15	1118.46	336.0	24.52	17.4
PTHR11266	7310.0	7107.86	4456.72	299.4	212.38
PTHR31998	2909.44	2875.75	1448.01	40.9	29.01
PTHR15838	689.0	655.31	197.0	24.68	17.51
PTHR32338	2615.63	2581.94	2024.91	63.73	45.21
PTHR31407	5301.0	5166.24	2358.27	172.03	122.03
PTHR12363	7126.55	7025.48	1792.06	46.98	33.33
PTHR18952	3246.0	3178.62	1087.93	51.79	36.74
PTHR12765	1970.97	1903.59	685.41	59.74	42.38
PTHR12505	1360.3	1326.6	350.0	21.51	15.26
PTHR22604	3152.97	3085.59	1872.98	93.72	66.48
PTHR21481	1507.0	1473.31	256.0	14.16	10.04
PTHR22778	2117.34	2049.96	341.07	29.15	20.68
PTHR19446	6175.93	6007.47	457.0	21.67	15.37
PTHR12219	1040.0	1006.31	3185.29	258.64	183.47
PTHR13561	5605.71	5504.63	1643.15	48.14	34.15
PTHR13563	1854.8	1787.42	600.0	54.27	38.5
PTHR12210	1724.53	1657.14	1008.19	82.25	58.34
PTHR12215	2011.0	1943.62	197.01	17.33	12.29
PTHR12214	1142.0	1108.3	256.0	18.86	13.38
PTHR22915	11885.55	11616.02	3739.09	212.09	150.46
PTHR22911	7793.42	7591.28	1124.01	69.21	49.09
PTHR22912	8638.87	8470.41	10452.73	512.04	363.23
PTHR12183	1434.0	1400.31	287.0	16.7	11.85
PTHR19849	2561.0	2527.31	396.0	12.73	9.03
PTHR31783	5651.0	5583.62	598.04	19.78	14.03
PTHR22594	4683.0	4615.62	4549.28	162.33	115.14
PTHR11864	3249.0	3181.62	1113.1	54.71	38.81
PTHR21152	4863.99	4796.61	13561.75	426.91	302.83
PTHR21021	1198.0	1130.62	113.0	17.72	12.56
PTHR30075	3602.0	3568.31	1443.0	32.83	23.29
PTHR11632	2660.9	2627.21	8621.48	266.65	189.15
PTHR13102	2365.0	2331.31	862.91	30.09	21.34
PTHR12984	1992.0	1958.31	472.0	19.61	13.91
PTHR11630	10248.69	10046.54	11770.86	567.94	402.86
PTHR11140	7459.0	7391.62	10298.31	173.43	123.02
PTHR13299	1518.0	1450.62	373.98	42.93	30.45
PTHR12652	3859.69	3792.31	4917.3	270.47	191.86
PTHR10925	3417.0	3383.31	3292.8	79.02	56.05
PTHR21737	3370.93	3269.84	1535.01	114.5	81.21
PTHR10920	6169.56	6068.49	4091.95	194.71	138.12
PTHR10585	2375.0	2307.62	3261.99	213.45	151.41
PTHR10584	21324.21	20953.6	7542.25	263.35	186.83
PTHR11528	5578.0	5476.93	8788.79	297.34	210.91
PTHR11527	4161.39	4026.63	1836.3	116.76	82.83
PTHR11525	1497.0	1429.62	812.79	93.17	66.09
PTHR10859	818.0	784.31	278.0	29.03	20.6
PTHR10589	4394.15	4326.77	4368.02	120.84	85.72
PTHR10588	2949.0	2847.93	804.0	56.85	40.33
PTHR13038	2179.6	2145.9	512.0	19.4	13.76
PTHR13748	11648.57	11379.04	10737.88	552.13	391.67
PTHR11223	8323.09	8222.01	5998.92	145.88	103.48
PTHR23109	936.0	902.31	167.0	15.14	10.74
PTHR24015	41739.58	40964.69	22510.69	865.8	614.13
PTHR24012	16823.4	16284.34	24207.6	1756.77	1246.19
PTHR24011	30584.02	29775.44	37796.32	2556.0	1813.12
PTHR31187	5059.81	4992.43	12408.37	430.26	305.22
PTHR10548	1551.76	1518.07	1564.89	83.98	59.57
PTHR10459	10536.23	10334.06	2676.46	101.33	71.88
PTHR11453	5235.43	5134.36	1139.0	54.0	38.3
PTHR10108	38756.15	37745.42	14995.29	1052.5	746.57
PTHR11986	9355.67	9119.83	11800.95	585.21	415.12
PTHR11455	7233.94	6998.11	1351.99	92.04	65.28
PTHR10102	3623.0	3589.31	2186.0	49.44	35.07
PTHR11458	1544.0	1510.31	3289.82	177.45	125.88
PTHR10106	1780.0	1746.31	1067.91	49.78	35.31
PTHR31057	2692.0	2624.62	285.8	17.6	12.48
PTHR21141	2784.72	2683.65	47954.63	5298.94	3758.83
PTHR11851	15667.3	15397.78	12357.71	665.19	471.86
PTHR23092	1348.0	1314.31	177.0	10.98	7.79
PTHR23091	14792.65	14320.99	5896.35	392.75	278.59
PTHR11673	941.0	907.31	16008.88	1443.11	1023.68
PTHR11670	4122.0	4054.62	8548.99	355.07	251.88
PTHR11671	1243.0	1209.31	1186.0	80.02	56.76
PTHR20863	2924.0	2789.24	10714.81	926.26	657.04
PTHR20861	1538.0	1504.31	1961.03	106.2	75.34
PTHR11679	2551.27	2517.58	534.0	17.24	12.23
PTHR14009	3110.0	3076.31	4036.64	106.57	75.59
PTHR10217	6284.0	6149.24	612.0	19.3	13.7
PTHR14005	4695.0	4661.31	5006.86	87.15	61.82
PTHR10210	3929.19	3861.8	4919.03	209.27	148.44
PTHR31522	1791.0	1757.31	797.0	36.92	26.19
PTHR14221	1800.0	1766.31	748.09	34.47	24.45
PTHR23163	858.0	824.31	355.0	35.26	25.01
PTHR11079	6065.67	5897.21	7426.23	375.36	266.26
PTHR11076	12029.0	11591.03	812.0	62.59	44.4
PTHR11070	3784.81	3717.42	398.0	15.47	10.97
PTHR11071	19185.55	18612.8	14901.62	1499.15	1063.43
PTHR11278	803.0	769.31	17710.3	1886.15	1337.95
PTHR11276	1021.0	987.31	10.0	0.83	0.59
PTHR11274	2912.0	2844.62	1485.0	81.24	57.62
PTHR31984	5283.57	5182.5	5755.05	232.62	165.02
PTHR16201	2638.45	2604.76	862.95	26.92	19.1
PTHR15350	3448.0	3380.62	3739.93	180.87	128.3
PTHR15606	3181.15	3113.76	748.0	43.43	30.81
PTHR12374	2029.0	1961.62	732.0	58.79	41.7
PTHR12375	1053.0	1019.31	347.0	27.81	19.73
PTHR12378	2068.0	2000.62	273.0	21.84	15.5
PTHR20961	18413.02	18042.43	3891.03	173.28	122.93
PTHR18929	13698.07	13293.77	14278.7	785.66	557.31
PTHR30535	1059.06	1025.37	254.03	20.24	14.36
PTHR12777	681.0	647.31	1990.1	252.43	179.06
PTHR12775	1339.23	1305.53	460.0	28.73	20.38
PTHR20981	628.0	594.31	20899.97	2890.89	2050.67
PTHR16092	2094.44	2027.05	138.0	10.84	7.69
PTHR12406	6068.28	5899.85	5513.41	327.03	231.99
PTHR19211	14350.97	14014.07	96547.49	2514.85	1783.93
PTHR22298	11733.63	11565.18	4689.1	145.0	102.87
PTHR12174	5683.0	5581.93	2006.0	87.52	62.09
PTHR12175	2195.87	2128.47	1579.88	120.68	85.6
PTHR12176	3234.97	3167.59	184.0	10.28	7.29
PTHR22769	6608.38	6439.92	2309.99	157.64	111.83
PTHR22767	3809.76	3708.69	1096.73	81.55	57.86
PTHR22765	2124.92	2057.54	1476.0	119.09	84.48
PTHR22762	10897.62	10729.17	3146.0	104.04	73.8
PTHR22763	2674.0	2606.62	399.0	23.77	16.87
PTHR22761	4170.44	4035.68	2943.97	185.32	131.46
PTHR21231	4831.0	4729.93	2455.59	145.04	102.88
PTHR21230	1236.17	1202.48	266.0	18.05	12.8
PTHR21234	1646.0	1612.31	475.0	23.99	17.02
PTHR21237	1050.0	1016.31	603.02	48.48	34.39
PTHR12202	2152.0	2084.62	979.17	75.38	53.47
PTHR12203	12185.38	11983.22	2774.71	91.61	64.99
PTHR19857	1466.0	1432.31	724.97	41.25	29.26
PTHR13355	1599.0	1565.31	569.01	29.61	21.0
PTHR19855	3948.0	3880.62	965.0	46.57	33.04
PTHR13353	3122.65	3055.27	321.0	20.77	14.74
PTHR12197	11008.47	10604.2	4282.41	219.84	155.96
PTHR13822	1125.0	1091.31	5720.0	427.98	303.59
PTHR21649	11141.66	10670.02	344598.81	31462.32	22317.99
PTHR32442	1366.0	1332.31	956.68	58.54	41.53
PTHR13138	2294.0	2226.62	312.0	26.39	18.72
PTHR10732	689.0	655.31	15299.72	1916.67	1359.6
PTHR10738	4034.0	4000.31	1998.8	40.55	28.77
PTHR12992	1232.5	1198.81	201.0	13.68	9.7
PTHR22838	4735.17	4600.4	1031.0	65.96	46.79
PTHR22836	2230.0	2196.31	432.0	15.99	11.35
PTHR10693	411.0	377.31	34.0	7.47	5.3
PTHR32379	1365.0	1331.31	455.0	27.87	19.77
PTHR10938	2616.0	2548.62	3033.91	205.35	145.67
PTHR10934	861.0	827.31	19929.09	1972.07	1398.9
PTHR11510	2196.0	2162.31	5776.98	217.26	154.11
PTHR11516	5376.0	5274.93	6776.0	345.11	244.81
PTHR10025	2751.0	2649.93	2541.98	153.31	108.76
PTHR10026	6301.15	6099.01	1654.48	119.22	84.58
PTHR10027	2390.0	2356.31	553.0	19.08	13.53
PTHR13009	3548.13	3413.36	706.15	68.07	48.29
PTHR13007	1823.74	1790.05	890.0	40.47	28.71
PTHR30115	937.0	903.31	2154.87	195.12	138.41
PTHR11863	3121.0	3019.93	2035.0	145.25	103.03
PTHR17901	798.0	764.31	99.0	10.61	7.53
PTHR24351	6966.68	6798.23	5339.37	287.51	203.94
PTHR20982	1290.0	1256.31	676.0	43.89	31.13
PTHR24352	3405.74	3338.36	1291.0	48.64	34.5
PTHR11467	602.0	568.31	1968.53	284.93	202.12
PTHR10119	2365.0	2331.31	2218.95	77.37	54.89
PTHR10343	3532.0	3498.31	2463.0	57.16	40.55
PTHR10110	6645.78	6511.01	755.0	37.08	26.31
PTHR11469	2553.84	2520.15	4338.0	139.89	99.23
PTHR10445	1222.0	1188.31	610.02	41.89	29.71
PTHR10598	993.0	959.31	127.0	10.82	7.68
PTHR24286	4291.05	4189.98	3487.46	163.85	116.23
PTHR23429	1988.0	1954.31	517.0	21.52	15.27
PTHR23426	2099.69	2032.31	3849.77	318.7	226.07
PTHR10593	3263.0	3195.62	3050.52	151.69	107.61
