GeneFamily	length	effective_length	expected_count	TPM	FPKM
PTHR11649	13940.57	13476.76	3901.91	235.44	182.95
PTHR31089	1079.61	1033.22	117.04	11.84	9.2
PTHR31085	2828.16	2781.77	1261.62	47.19	36.67
PTHR11647	6027.87	5935.09	1461.01	50.08	38.92
PTHR11645	958.44	912.05	184.0	21.1	16.39
PTHR11880	854.0	807.61	10493.97	1360.11	1056.83
PTHR11885	727.0	680.61	14864.03	2289.41	1778.91
PTHR10209	7031.0	6799.07	1646.23	109.14	84.83
PTHR32429	3447.0	3307.85	9161.94	583.52	453.4
PTHR12403	840.0	793.61	376.03	49.6	38.54
PTHR31423	1110.0	1063.61	147.0	14.44	11.22
PTHR31551	757.19	710.8	463.96	68.4	53.15
PTHR32195	2462.12	2369.34	547.0	33.95	26.38
PTHR11081	8781.0	8502.66	600.24	39.28	30.52
PTHR11080	2105.01	2012.23	586.0	52.8	41.02
PTHR11082	4896.0	4803.22	3496.0	124.81	96.98
PTHR11085	7610.12	7285.4	862.79	72.26	56.14
PTHR11089	6130.16	5944.6	2104.03	151.58	117.77
PTHR32518	5993.0	5900.22	833.26	37.8	29.37
PTHR11247	1424.74	1331.96	42.0	7.61	5.92
PTHR12277	3924.78	3785.61	916.0	78.21	60.78
PTHR32512	1819.0	1772.61	503.0	29.57	22.98
PTHR23088	4369.27	4183.72	2066.42	184.0	142.97
PTHR23089	1694.0	1601.22	842.0	120.5	93.63
PTHR23081	5131.39	4992.23	2423.18	138.85	107.89
PTHR23083	29967.52	29225.28	8848.15	433.37	336.75
PTHR23084	6627.16	6441.6	1358.0	104.46	81.16
PTHR23086	6179.0	5993.44	876.02	55.13	42.84
PTHR18806	3810.0	3717.23	1481.0	72.12	56.03
PTHR31953	1816.0	1769.61	650.16	38.28	29.75
PTHR15184	10578.16	10346.21	14240.46	766.6	595.67
PTHR15341	799.0	752.61	118.0	16.42	12.76
PTHR14744	1242.0	1149.28	37.0	6.25	4.85
PTHR15169	1388.0	1341.61	80.0	6.22	4.83
PTHR12341	11085.31	10806.98	3021.04	97.58	75.82
PTHR15160	5313.52	5127.97	3033.81	199.76	155.21
PTHR18937	21171.81	20893.47	5916.2	162.76	126.48
PTHR18934	26434.56	25692.33	13596.86	679.55	528.03
PTHR12742	2322.0	2275.61	4221.48	193.14	150.07
PTHR12741	1560.0	1513.61	1131.0	77.91	60.54
PTHR16557	1964.0	1871.22	100.0	11.27	8.76
PTHR19288	5415.05	5229.49	2425.21	175.95	136.71
PTHR12975	4122.0	3982.83	337.01	29.6	23.0
PTHR13902	2643.94	2597.55	656.95	26.32	20.45
PTHR13903	1438.0	1391.61	847.0	63.49	49.33
PTHR22753	2304.0	2211.22	57.0	5.62	4.36
PTHR30615	1751.91	1659.14	229.0	29.39	22.84
PTHR22939	14324.84	13861.03	3832.57	240.52	186.89
PTHR22938	3864.0	3724.83	760.81	63.53	49.37
PTHR16266	4691.0	4551.83	360.0	23.99	18.64
PTHR21597	5700.0	5653.61	1293.12	23.77	18.47
PTHR22932	876.0	829.61	723.04	91.21	70.87
PTHR21228	20418.07	19861.48	4536.76	266.26	206.9
PTHR13343	3631.98	3492.81	2283.08	206.21	160.23
PTHR22936	2747.0	2607.83	423.0	50.77	39.46
PTHR31038	1402.0	1355.61	920.0	70.8	55.01
PTHR13832	37261.97	36055.94	20185.45	1253.17	973.75
PTHR21139	1299.46	1253.07	1135.71	94.59	73.5
PTHR21136	3418.0	3278.83	2504.0	238.59	185.38
PTHR12526	39059.37	38131.71	19703.15	815.84	633.92
PTHR13120	807.0	760.61	264.05	36.36	28.25
PTHR22809	2879.0	2739.83	410.0	51.51	40.02
PTHR22807	4488.0	4395.22	733.0	35.64	27.7
PTHR20661	2106.0	2013.22	140.0	15.77	12.25
PTHR10900	17063.73	16460.71	15773.48	1180.76	917.46
PTHR10906	2767.0	2674.22	5076.01	281.87	219.01
PTHR10909	18187.54	17770.08	18658.54	812.45	631.27
PTHR10055	3197.0	3104.22	951.94	63.28	49.17
PTHR10057	1659.0	1566.22	767.0	83.37	64.78
PTHR10052	1068.0	1021.61	15031.07	1537.44	1194.62
PTHR13017	860.0	813.61	98.0	12.61	9.8
PTHR13018	17706.72	17382.0	11441.85	409.55	318.23
PTHR10694	9205.05	8973.17	3580.83	200.81	156.02
PTHR12839	2548.46	2455.69	247.0	22.76	17.68
PTHR12835	727.0	680.61	81.0	12.48	9.69
PTHR24031	56500.59	54691.74	61404.84	3817.86	2966.55
PTHR24032	3030.74	2891.57	535.0	61.27	47.61
PTHR24349	21635.77	21032.83	10097.46	557.47	433.15
PTHR24619	5979.0	5839.83	1042.08	44.35	34.46
PTHR24343	27780.11	26945.11	22923.94	1118.61	869.15
PTHR11472	11128.73	10757.63	3998.07	215.83	167.71
PTHR24347	14741.99	14324.59	4202.55	165.76	128.8
PTHR11476	1748.0	1701.61	444.0	27.19	21.13
PTHR11477	3857.58	3764.82	1381.02	68.7	53.39
PTHR10438	22862.9	22120.67	15652.6	1267.24	984.67
PTHR10476	5585.32	5492.54	5083.22	290.61	225.81
PTHR24290	3600.0	3460.83	571.0	47.03	36.54
PTHR23413	574.0	527.61	13239.15	2637.55	2049.42
PTHR23417	2129.83	2037.06	430.0	43.53	33.83
PTHR23416	1595.6	1549.21	439.0	29.54	22.96
PTHR23415	1058.0	1011.61	453.59	46.86	36.41
PTHR12736	1801.9	1755.51	613.0	36.39	28.27
PTHR10871	1508.0	1415.22	15289.93	2414.74	1876.29
PTHR10877	1376.0	1236.93	4.0	0.86	0.67
PTHR11879	5670.77	5485.32	1920.7	83.3	64.73
PTHR11659	1610.96	1564.57	616.0	41.05	31.89
PTHR31096	3933.85	3794.68	3309.99	270.08	209.85
PTHR31098	4404.0	4357.61	8886.5	212.0	164.73
PTHR11655	1974.0	1881.22	18498.7	2257.42	1754.06
PTHR11652	720.0	673.61	16217.81	2524.13	1961.29
PTHR20883	2097.0	2004.22	852.0	81.95	63.68
PTHR11895	6220.79	6081.62	917.0	44.89	34.88
PTHR10277	3846.0	3706.83	364.0	30.79	23.92
PTHR14027	3452.0	3405.61	1231.0	37.59	29.21
PTHR12320	6240.0	6100.83	2431.92	124.45	96.69
PTHR24095	16727.48	16124.52	12403.59	553.92	430.41
PTHR11246	9485.0	9345.83	4445.35	150.26	116.75
PTHR24092	4620.0	4573.61	3053.02	69.39	53.92
PTHR24093	33052.32	32356.54	42864.29	1784.67	1386.76
PTHR23180	11415.74	11091.02	11388.08	629.33	488.99
PTHR14593	2600.69	2507.91	660.0	54.76	42.55
PTHR11093	3421.0	3328.22	1195.0	74.87	58.17
PTHR11096	1559.68	1466.9	122.0	15.42	11.98
PTHR23346	8462.0	8322.83	1079.0	24.48	19.01
PTHR11099	2595.0	2548.61	1657.0	67.67	52.58
PTHR10309	1913.0	1866.61	2046.81	114.24	88.77
PTHR14107	675.8	629.41	83.0	13.83	10.75
PTHR11252	4746.89	4700.5	2727.75	60.32	46.87
PTHR11254	14581.03	14209.96	3338.0	155.04	120.47
PTHR11255	1779.36	1732.97	281.49	16.93	13.15
PTHR14110	4148.59	3963.04	2077.98	230.34	178.97
PTHR14374	1535.0	1488.61	96.0	6.72	5.23
PTHR18838	2163.0	2116.61	376.0	18.5	14.37
PTHR15074	1628.0	1581.61	221.0	14.57	11.32
PTHR12687	2375.0	2282.23	684.0	44.63	34.68
PTHR15157	3334.96	3195.79	690.65	71.92	55.89
PTHR18901	12165.0	11933.05	4014.93	202.48	157.32
PTHR12281	1396.0	1349.61	1640.87	126.84	98.56
PTHR12755	591.0	544.61	42.0	8.1	6.3
PTHR12750	2252.24	2205.85	1772.73	83.68	65.02
PTHR12753	1204.23	1157.84	531.0	47.89	37.21
PTHR15081	1736.96	1690.57	738.95	45.56	35.4
PTHR15574	7270.65	7038.7	1267.0	96.36	74.86
PTHR24007	357.0	310.65	40.0	13.64	10.6
PTHR13931	3151.07	3104.69	671.0	22.48	17.47
PTHR12358	7114.09	6835.76	2509.0	220.62	171.42
PTHR12356	1979.0	1886.22	459.06	64.14	49.83
PTHR12221	2347.0	2254.22	635.83	59.07	45.9
PTHR30603	4411.0	4318.22	3104.0	138.95	107.97
PTHR12226	1653.0	1606.61	223.0	14.47	11.24
PTHR19877	1068.0	1021.61	1215.01	124.28	96.56
PTHR31442	557.0	510.61	520.0	107.09	83.21
PTHR12538	617.0	570.61	7345.91	1351.99	1050.52
PTHR12537	3503.23	3410.45	1952.32	99.82	77.57
PTHR12532	1288.0	1241.61	489.0	41.11	31.94
PTHR13486	675.0	628.61	136.0	22.7	17.64
PTHR20275	2910.0	2817.22	1615.94	121.14	94.13
PTHR13489	2394.99	2302.21	562.0	49.86	38.74
PTHR17583	8276.0	8136.84	1758.95	68.41	53.16
PTHR13572	1514.21	1467.82	221.0	15.7	12.2
PTHR24198	20990.87	20248.64	4359.9	295.38	229.51
PTHR10048	5134.68	4902.74	831.0	84.76	65.86
PTHR21704	3310.17	3217.39	900.0	43.1	33.48
PTHR10046	921.0	874.61	218.0	26.07	20.26
PTHR10044	5245.0	5152.22	1465.0	61.71	47.95
PTHR13060	1573.0	1526.61	129.0	8.81	6.85
PTHR10687	1284.0	1237.61	2151.9	181.48	141.02
PTHR13069	4474.0	4288.45	1019.01	81.44	63.27
PTHR13068	8301.99	8070.05	2152.0	150.41	116.87
PTHR10682	2609.14	2516.36	1909.0	156.63	121.71
PTHR12829	884.0	837.61	101.0	12.62	9.8
PTHR12820	3108.0	3061.61	924.0	31.4	24.4
PTHR12826	1381.0	1334.61	847.49	66.25	51.48
PTHR12827	986.0	939.61	101.0	11.24	8.73
PTHR17920	2628.0	2581.61	1417.77	57.16	44.41
PTHR10137	1631.0	1584.61	681.0	44.8	34.81
PTHR11405	9307.45	9121.89	9666.45	415.63	322.95
PTHR11404	2587.0	2540.61	13833.17	566.69	440.33
PTHR11406	1519.81	1473.43	4024.9	284.86	221.34
PTHR32357	1724.0	1677.61	279.0	17.33	13.47
PTHR13468	1278.59	1232.2	861.95	73.01	56.73
PTHR23406	3985.0	3892.22	2243.98	111.18	86.4
PTHR23407	2244.58	2198.19	343.0	16.25	12.62
PTHR10869	12267.4	11849.9	5290.78	395.6	307.38
PTHR31717	4932.04	4839.26	8900.89	383.94	298.32
PTHR12452	650.0	603.61	177.0	30.78	23.91
PTHR13393	2910.0	2863.61	89.0	3.23	2.51
PTHR12696	4021.76	3975.37	1658.11	43.37	33.7
PTHR11315	3663.0	3570.22	921.98	53.92	41.9
PTHR10139	2373.0	2326.61	831.0	37.18	28.89
PTHR10264	4424.0	4238.45	4747.57	363.48	282.43
PTHR10263	2008.0	1915.22	3709.0	398.1	309.34
PTHR31155	2185.77	2139.38	4011.08	195.23	151.7
PTHR32170	3093.54	3000.82	884.0	70.85	55.05
PTHR23350	505.0	458.61	142.0	32.6	25.33
PTHR23354	2843.0	2796.61	1618.14	60.21	46.78
PTHR23355	8483.79	8251.87	1382.77	80.01	62.15
PTHR23359	7200.1	6968.15	3832.95	298.72	232.12
PTHR11227	2311.69	2218.91	720.76	72.99	56.71
PTHR11220	4241.37	4009.42	752.01	92.14	71.6
PTHR13162	6879.0	6786.25	4136.97	66.46	51.64
PTHR11229	1929.0	1836.22	2726.0	300.13	233.2
PTHR10314	20241.67	19499.46	16921.91	1222.68	950.05
PTHR11035	1315.0	1268.61	296.0	24.35	18.92
PTHR14303	730.0	683.61	324.0	49.68	38.6
PTHR14085	2004.0	1957.61	636.97	33.89	26.34
PTHR11139	25937.14	25566.02	24246.2	332.45	258.32
PTHR15362	1118.0	1071.61	232.0	22.62	17.57
PTHR11132	22879.18	22183.35	21751.22	1377.08	1070.01
PTHR11134	4899.15	4759.98	2670.46	175.24	136.17
PTHR11136	3000.0	2907.22	225.0	16.79	13.05
PTHR32374	7413.52	7227.96	7642.92	338.88	263.31
PTHR31579	8294.03	8062.08	9119.12	543.0	421.91
PTHR18919	3118.58	2933.09	4061.87	277.25	215.42
PTHR32002	16120.82	15564.15	8738.11	569.6	442.6
PTHR14413	950.0	903.61	1333.02	154.28	119.88
PTHR22891	1954.0	1907.61	345.0	18.84	14.64
PTHR22893	1378.61	1332.22	220.0	17.23	13.39
PTHR10778	4853.0	4713.83	6022.37	374.41	290.92
PTHR10072	2478.0	2431.61	6205.61	265.65	206.41
PTHR12786	2468.0	2375.22	734.99	70.74	54.96
PTHR11706	4379.0	4286.22	2054.99	97.62	75.85
PTHR12782	1285.0	1238.61	349.0	29.41	22.85
PTHR11742	7381.55	7196.0	1367.05	77.3	60.07
PTHR21213	2120.0	2073.61	1773.92	89.09	69.23
PTHR10182	1189.0	1142.61	458.0	41.86	32.52
PTHR13923	810.39	764.0	527.0	72.24	56.13
PTHR11210	674.0	627.61	1004.0	167.83	130.41
PTHR12321	2229.0	2136.22	2229.05	213.16	165.63
PTHR25040	3683.0	3543.83	2322.04	161.1	125.18
PTHR12323	2155.0	2015.83	234.0	36.1	28.04
PTHR10344	903.0	856.61	215.0	26.26	20.4
PTHR21015	1569.65	1523.27	608.0	41.62	32.34
PTHR16196	1877.0	1784.22	355.0	41.82	32.49
PTHR16193	645.13	598.75	248.0	43.48	33.78
PTHR22792	4819.62	4726.85	4147.91	149.47	116.14
PTHR22790	2056.0	1963.22	254.74	29.01	22.55
PTHR21680	1126.0	1079.61	846.0	81.85	63.6
PTHR21689	3301.47	3208.69	1766.0	100.42	78.03
PTHR21113	2376.44	2283.66	315.0	28.64	22.26
PTHR21663	2362.0	2315.61	203.0	9.13	7.09
PTHR13253	13999.63	13489.34	4957.72	361.41	280.82
PTHR12446	6553.33	6367.78	1967.49	84.59	65.73
PTHR22603	1927.0	1834.22	305.0	28.48	22.13
PTHR21206	905.0	858.61	276.0	33.63	26.13
PTHR13789	13519.38	13148.27	6952.65	421.76	327.7
PTHR10071	14691.85	14274.34	10565.14	532.26	413.57
PTHR24188	12499.94	12082.71	935.04	83.04	64.54
PTHR13780	9393.35	9161.41	7663.74	457.63	355.6
PTHR10670	4503.53	4410.75	1209.0	50.34	39.12
PTHR10677	4412.32	4273.15	746.0	50.22	39.02
PTHR13078	3085.0	2992.22	82.0	7.68	5.97
PTHR12815	4560.0	4467.22	1440.04	56.64	44.01
PTHR12814	997.36	950.97	514.37	56.55	43.94
PTHR24361	8878.0	8553.41	2847.26	170.53	132.5
PTHR24362	12310.29	11939.25	8176.35	318.14	247.21
PTHR10416	1591.0	1544.61	452.0	30.51	23.71
PTHR10410	2653.0	2560.22	1740.0	143.75	111.69
PTHR10783	6436.17	6204.22	3167.55	245.73	190.94
PTHR10782	2452.0	2405.61	300.0	12.98	10.09
PTHR13476	774.0	727.61	281.0	40.46	31.44
PTHR10788	2773.0	2726.61	2129.04	81.25	63.14
PTHR10891	8289.24	7964.52	3695.79	297.21	230.94
PTHR10890	947.0	854.26	40.0	10.25	7.95
PTHR20426	1938.77	1892.39	1787.44	98.4	76.46
PTHR23213	4955.0	4815.83	862.99	57.67	44.81
PTHR10520	8513.0	8327.44	3562.39	192.95	149.92
PTHR10250	2229.0	2136.22	691.17	57.5	44.67
PTHR10527	6880.0	6787.22	4931.0	150.7	117.1
PTHR31384	1763.0	1716.61	292.0	17.73	13.77
PTHR10098	2025.95	1933.18	1114.02	98.23	76.33
PTHR10091	2677.0	2584.22	1006.0	79.85	62.05
PTHR31142	1580.0	1533.61	1753.48	119.21	92.63
PTHR31140	2845.0	2752.22	992.5	62.69	48.72
PTHR31412	3765.0	3672.22	932.65	45.28	35.18
PTHR11787	5957.95	5818.8	1943.96	51.77	40.23
PTHR11785	14885.19	14560.47	7283.16	304.98	236.98
PTHR11782	2385.29	2292.54	772.0	91.55	71.13
PTHR11780	1354.0	1214.89	126.99	32.16	24.99
PTHR32497	5037.13	4944.35	1794.02	72.48	56.32
PTHR32148	5701.0	5469.06	8168.12	1134.74	881.71
PTHR23324	7280.38	7141.21	1913.0	95.2	73.96
PTHR23327	4763.81	4624.64	1032.0	66.32	51.52
PTHR23326	3043.0	2903.83	1321.03	158.31	123.02
PTHR23321	5205.0	5065.83	1838.0	113.67	88.33
PTHR23323	4667.32	4528.15	1120.0	79.9	62.08
PTHR23322	1360.33	1267.55	313.0	51.47	39.99
PTHR23329	4246.0	4106.83	1117.0	72.49	56.32
PTHR11236	4389.58	4296.8	1134.1	53.3	41.42
PTHR11364	1102.0	1055.61	480.0	47.5	36.91
PTHR20932	2759.0	2666.22	1306.98	92.21	71.65
PTHR10322	16981.54	16564.07	6543.17	237.6	184.64
PTHR11239	4544.0	4404.83	3191.72	182.53	141.84
PTHR10803	3827.0	3687.83	2191.0	162.86	126.54
PTHR31964	15986.63	15429.95	5759.86	557.65	433.31
PTHR10552	1806.65	1760.26	1970.0	116.62	90.62
PTHR23030	2420.0	2373.61	1160.89	50.91	39.56
PTHR11129	3312.0	3219.22	724.0	46.59	36.2
PTHR11122	6250.02	6064.47	2731.81	168.48	130.91
PTHR15316	2686.1	2546.94	1107.0	130.16	101.14
PTHR11127	549.0	502.61	8366.68	1750.77	1360.38
PTHR11125	3423.0	3376.61	1103.97	34.01	26.42
PTHR31566	2019.0	1972.61	1226.0	64.74	50.3
PTHR31567	1409.16	1362.8	835.98	63.98	49.72
PTHR31561	5070.83	4978.05	1274.05	51.8	40.25
PTHR15137	1858.84	1812.45	231.0	13.28	10.32
PTHR14950	6895.67	6756.53	1052.0	33.77	26.23
PTHR15954	3331.0	3191.83	595.0	56.22	43.69
PTHR15952	2837.0	2790.61	661.01	24.65	19.15
PTHR21319	6461.0	6229.07	2146.17	174.56	135.65
PTHR30612	3131.57	3085.18	3134.11	105.68	82.11
PTHR19271	5243.65	5150.87	352.0	10.79	8.39
PTHR19861	1033.0	986.61	146.62	15.53	12.07
PTHR12022	1734.0	1687.61	1587.99	98.07	76.2
PTHR12233	1471.0	1424.61	560.25	41.02	31.87
PTHR12029	8224.41	7946.08	3038.93	226.74	176.18
PTHR21220	1087.03	1040.64	100.0	10.04	7.8
PTHR31221	1134.14	1087.75	856.42	82.24	63.9
PTHR22780	3581.77	3535.38	2430.44	71.49	55.55
PTHR21477	1307.56	1261.17	1094.0	90.52	70.34
PTHR19308	5271.0	5178.22	3798.84	153.18	119.02
PTHR16301	1443.96	1351.18	238.72	36.68	28.5
PTHR13265	2157.0	2110.61	274.0	13.52	10.5
PTHR22870	22320.95	21532.41	5617.81	369.38	287.04
PTHR17630	1036.0	989.61	137.0	14.47	11.24
PTHR10064	627.0	580.61	17396.14	3145.95	2444.46
PTHR10060	3924.83	3785.67	433.0	36.94	28.7
PTHR10663	22752.75	22428.03	5549.98	163.17	126.78
PTHR10666	2659.75	2474.22	23435.62	3668.08	2850.17
PTHR10668	12353.68	12028.95	2413.85	125.68	97.65
PTHR12265	2179.39	2133.01	382.09	18.65	14.49
PTHR12801	8379.0	8147.05	1731.72	104.02	80.84
PTHR12802	7575.35	7343.41	8074.98	506.32	393.42
PTHR12805	857.0	810.61	119.0	15.37	11.94
PTHR12806	1035.84	989.45	285.02	30.11	23.39
PTHR21506	3200.0	3107.22	663.0	42.63	33.13
PTHR21091	10611.0	10239.93	11958.84	794.32	617.21
PTHR21090	1529.0	1482.61	1337.05	94.04	73.07
PTHR13734	1740.0	1693.61	657.0	40.43	31.41
PTHR24315	3392.0	3299.22	2650.01	246.99	191.92
PTHR24314	6199.19	5967.25	945.0	68.58	53.28
PTHR11933	1620.53	1574.14	709.0	46.96	36.49
PTHR11932	7800.0	7660.83	5696.92	213.92	166.22
PTHR11934	3439.0	3346.22	1063.0	80.0	62.16
PTHR11937	5828.38	5642.82	10137.89	654.79	508.79
PTHR11938	13262.78	13030.83	22169.51	765.64	594.91
PTHR13683	3541.0	3494.61	2158.02	64.22	49.9
PTHR24089	34761.09	33415.8	29037.94	2111.3	1640.54
PTHR10796	7493.24	7354.07	2977.0	105.29	81.81
PTHR10794	4023.0	3883.83	454.0	35.78	27.8
PTHR10795	36715.17	35787.49	15968.84	748.42	581.52
PTHR10792	610.0	563.61	7033.35	1310.72	1018.45
PTHR10799	53515.44	51845.69	10044.69	613.8	476.94
PTHR10882	1144.81	1098.42	344.0	32.71	25.42
PTHR10887	24715.29	24251.39	6497.97	259.38	201.57
PTHR11686	2302.9	2256.51	395.0	18.23	14.16
PTHR11685	5718.42	5579.25	2430.45	154.41	119.99
PTHR11680	1990.77	1944.38	5969.92	319.82	248.51
PTHR24221	17999.8	17396.9	10152.35	581.02	451.45
PTHR24220	7531.83	7207.11	3047.72	304.08	236.26
PTHR24223	10891.7	10613.38	4184.38	126.7	98.43
PTHR11689	9178.0	9038.83	1723.01	56.93	44.24
PTHR10252	2228.0	2088.83	277.0	41.77	32.46
PTHR13124	1019.0	972.61	268.0	28.8	22.38
PTHR31173	4403.93	4311.15	2442.99	91.76	71.3
PTHR10997	12501.85	12316.29	3717.45	108.19	84.07
PTHR31385	3756.75	3617.58	1286.0	114.23	88.76
PTHR31356	7051.96	6866.4	7745.65	568.38	441.65
PTHR31724	3726.46	3540.92	885.0	93.0	72.26
PTHR31352	3154.0	3061.22	2438.14	143.44	111.45
PTHR31350	9819.1	9494.37	6170.48	390.79	303.65
PTHR11758	654.0	607.61	10727.52	1852.88	1439.73
PTHR23333	1084.0	1037.61	833.78	83.96	65.24
PTHR11751	14671.34	14346.62	6781.13	329.52	256.05
PTHR11753	2846.0	2706.83	2023.15	231.27	179.69
PTHR11752	21075.17	20518.61	9511.45	314.92	244.72
PTHR24423	16091.0	15719.88	9028.61	471.85	366.64
PTHR11206	15385.15	14967.64	4372.61	244.93	190.32
PTHR11757	5571.0	5385.44	978.19	52.24	40.6
PTHR24420	49467.82	48400.9	16620.39	754.63	586.38
PTHR10332	2734.91	2642.13	1063.0	74.76	58.09
PTHR32557	1872.0	1825.61	977.33	55.78	43.34
PTHR14145	3141.97	3049.19	1335.89	93.86	72.93
PTHR20922	2546.08	2453.31	589.4	62.78	48.79
PTHR13600	2335.0	2242.22	234.0	30.66	23.83
PTHR15744	1591.39	1545.0	604.0	40.76	31.67
PTHR23029	9530.78	9206.12	2101.0	127.61	99.17
PTHR23023	7164.17	6978.62	1561.0	80.67	62.67
PTHR12847	2240.0	2100.83	485.0	58.74	45.64
PTHR11119	8422.77	8237.21	2509.01	117.52	91.32
PTHR31595	9162.83	8791.84	1139.0	89.43	69.49
PTHR31596	4198.0	4105.22	1799.0	77.65	60.33
PTHR15948	1546.76	1500.37	223.0	15.5	12.04
PTHR32026	877.0	830.61	61.0	7.69	5.97
PTHR31829	1475.0	1428.61	2249.9	164.26	127.63
PTHR31419	2006.0	1913.22	104.0	10.62	8.25
PTHR14898	1234.07	1187.7	644.0	56.6	43.98
PTHR19241	45748.4	44588.77	20508.66	854.89	664.27
PTHR14894	2105.78	2013.01	370.97	37.94	29.48
PTHR15239	1753.2	1706.81	326.0	19.9	15.47
PTHR12497	2609.0	2516.22	592.06	46.41	36.06
PTHR12304	1333.0	1286.61	80.0	6.49	5.04
PTHR30540	4308.43	4262.04	268.0	6.54	5.08
PTHR30544	4537.3	4444.52	1160.01	68.63	53.34
PTHR13302	2546.0	2499.61	650.0	27.07	21.03
PTHR12472	1409.0	1316.22	128.0	22.37	17.39
PTHR13308	6687.06	6501.51	10357.1	570.43	443.23
PTHR12477	3989.18	3896.4	1276.94	62.28	48.4
PTHR13878	1957.78	1911.4	340.0	18.53	14.4
PTHR21461	3923.0	3783.83	825.0	66.7	51.83
PTHR13872	528.0	481.61	9566.47	2090.23	1624.15
PTHR22849	9871.51	9639.56	4491.26	145.07	112.71
PTHR21314	2202.0	2109.22	344.82	34.24	26.61
PTHR13271	21009.23	20313.39	5317.61	384.35	298.62
PTHR22841	5354.0	5168.44	1089.02	87.48	67.98
PTHR13273	1137.0	1090.61	700.02	67.04	52.09
PTHR22847	28278.45	27304.37	8330.84	593.21	460.92
PTHR22846	2261.0	2214.61	662.0	31.12	24.18
PTHR22844	20323.45	19674.0	6582.21	401.42	311.89
PTHR23270	1319.0	1272.61	277.92	22.79	17.71
PTHR11601	7766.0	7580.44	3202.7	166.88	129.66
PTHR21266	4183.0	3997.44	2142.71	182.43	141.75
PTHR12271	6846.28	6707.12	3229.92	147.83	114.86
PTHR21262	3703.0	3656.61	2568.0	73.03	56.75
PTHR12276	2362.18	2223.02	1371.0	160.31	124.56
PTHR10657	1777.0	1684.22	647.13	95.86	74.49
PTHR10655	4921.15	4781.99	4108.47	202.42	157.28
PTHR10652	2165.56	2072.78	856.96	82.62	64.19
PTHR17972	4494.0	4447.61	1039.03	24.29	18.87
PTHR10751	5649.0	5509.83	1899.05	85.27	66.25
PTHR21085	1517.0	1470.61	962.0	68.22	53.01
PTHR11922	5151.75	4919.9	1018.0	116.7	90.67
PTHR11926	3125.25	2986.08	540.99	51.85	40.28
PTHR11431	1225.78	1179.39	2950.9	261.22	202.97
PTHR10430	2560.0	2420.83	753.0	101.28	78.7
PTHR10436	8825.0	8500.27	2907.52	150.61	117.04
PTHR10434	2546.0	2453.22	633.0	53.52	41.59
PTHR24096	6370.41	6184.85	16708.71	890.61	692.02
PTHR13693	5763.54	5624.37	2275.16	119.79	93.08
PTHR13691	3295.0	3155.83	17124.35	1654.29	1285.41
PTHR13451	6571.83	6386.29	978.0	58.17	45.2
PTHR13452	1024.0	977.61	300.0	32.08	24.92
PTHR10759	530.0	483.61	6813.71	1482.53	1151.95
PTHR12901	1851.0	1804.61	627.0	36.2	28.13
PTHR12903	2609.93	2563.54	3581.59	145.41	112.98
PTHR23237	1005.0	958.61	1673.12	182.46	141.77
PTHR10501	1499.83	1407.06	553.0	84.95	66.01
PTHR31169	6287.73	6055.78	2834.07	268.71	208.79
PTHR11426	1474.02	1381.24	140.04	26.29	20.43
PTHR14087	3340.0	3247.22	428.9	18.69	14.52
PTHR23309	3724.0	3631.22	3390.0	156.51	121.61
PTHR31344	3103.52	3057.13	2665.91	90.71	70.49
PTHR31619	2033.0	1986.61	2488.0	130.45	101.36
PTHR23306	1763.08	1670.3	459.0	57.13	44.4
PTHR23305	2996.0	2856.9	5224.64	397.19	308.62
PTHR14089	1137.0	1090.61	89.0	8.52	6.62
PTHR11748	5801.97	5570.05	1423.0	101.99	79.24
PTHR11214	4936.0	4796.83	2384.0	153.29	119.11
PTHR11216	3419.0	3279.83	640.43	52.26	40.61
PTHR14154	3564.57	3332.62	883.0	119.95	93.2
PTHR14155	5120.46	5027.68	1054.96	58.67	45.6
PTHR14152	566.0	519.61	171.0	34.6	26.88
PTHR11699	11888.59	11517.48	8466.96	524.79	407.77
PTHR11692	2300.0	2253.61	1185.97	54.79	42.57
PTHR11693	1554.0	1507.61	6463.52	447.04	347.36
PTHR11695	12452.82	12035.31	6235.82	423.28	328.91
PTHR31760	490.0	443.62	92.0	21.85	16.98
PTHR31906	11030.49	10612.99	2922.52	314.21	244.14
PTHR21419	2246.0	2199.61	737.0	34.89	27.11
PTHR23012	9317.94	8993.21	3690.12	300.78	233.72
PTHR11101	7206.92	6835.82	6757.1	824.49	640.65
PTHR11102	6028.36	5889.2	1919.97	128.43	99.79
PTHR11106	782.0	735.61	104.0	14.81	11.51
PTHR31585	1419.5	1373.12	1046.0	79.47	61.75
PTHR32125	1927.0	1834.22	582.0	82.6	64.17
PTHR31588	3973.0	3880.22	1784.83	98.68	76.67
PTHR32120	1371.0	1324.61	229.0	18.04	14.02
PTHR15680	1853.0	1760.22	229.0	28.01	21.76
PTHR11804	6432.24	6246.71	3220.72	137.91	107.17
PTHR11374	1705.0	1658.61	6416.61	403.23	313.32
PTHR10281	950.0	903.61	79.0	9.14	7.1
PTHR18895	553.0	506.61	236.0	48.99	38.07
PTHR12169	3979.25	3886.47	1828.96	109.07	84.75
PTHR12486	1551.18	1458.4	121.0	17.07	13.26
PTHR12480	3663.61	3524.44	375.0	30.62	23.79
PTHR12482	1349.33	1256.57	362.03	55.13	42.84
PTHR12317	2483.0	2390.22	1543.0	114.87	89.26
PTHR12649	1256.0	1209.61	1002.78	86.54	67.24
PTHR10099	4517.0	4470.61	4712.37	109.58	85.14
PTHR13992	2800.0	2753.61	534.0	20.18	15.68
PTHR12461	7655.32	7423.37	2206.0	144.79	112.53
PTHR12466	931.0	884.61	311.0	36.77	28.57
PTHR13847	12646.68	12229.18	5069.66	373.93	290.54
PTHR32251	4928.81	4789.65	3333.38	209.99	163.17
PTHR26312	3445.0	3305.83	1478.0	109.99	85.47
PTHR12000	1527.0	1480.61	1096.98	77.26	60.03
PTHR12001	3544.41	3451.64	4557.03	306.81	238.4
PTHR21327	3976.85	3884.07	2856.0	153.37	119.18
PTHR21631	3681.91	3589.13	10774.83	620.76	482.34
PTHR22854	5354.12	5214.95	2122.58	132.87	103.25
PTHR22855	6535.29	6349.73	5163.43	339.07	263.47
PTHR22850	12747.79	12376.67	6162.9	450.77	350.25
PTHR22504	2021.0	1974.61	3222.21	169.97	132.07
PTHR12189	1154.01	1107.63	208.0	19.61	15.24
PTHR21256	3600.0	3507.22	3304.43	169.36	131.59
PTHR12266	2971.0	2878.22	1174.0	91.01	70.72
PTHR10648	4135.56	4042.78	2039.0	105.31	81.83
PTHR10641	13116.64	12838.3	5301.82	219.19	170.3
PTHR10644	13505.9	13227.57	7300.04	260.89	202.72
PTHR12864	3903.71	3718.16	1198.0	129.4	100.55
PTHR12860	2905.0	2858.61	1047.0	38.11	29.61
PTHR13194	750.0	703.61	96.0	14.3	11.11
PTHR13190	920.0	873.61	1054.99	126.32	98.16
PTHR13193	501.0	454.61	178.0	41.23	32.04
PTHR11913	684.0	637.61	287.01	47.22	36.69
PTHR11911	7465.16	7279.6	22868.05	1195.36	928.81
PTHR11910	1133.0	1086.61	3164.0	304.15	236.33
PTHR11918	6673.64	6441.74	1507.65	94.72	73.59
PTHR12919	779.0	732.61	1288.99	184.32	143.22
PTHR12910	1695.0	1602.22	1134.0	140.98	109.55
PTHR12917	6468.3	6282.74	1253.0	83.73	65.06
PTHR11351	2070.0	2023.61	3087.94	158.93	123.49
PTHR11353	10812.0	10440.88	7866.6	617.72	479.98
PTHR11599	13611.0	13007.93	11441.45	1184.08	920.03
PTHR10516	12393.7	11883.41	3185.29	353.42	274.6
PTHR11592	5193.73	4961.79	2879.31	286.77	222.84
PTHR31620	1587.0	1540.61	5179.74	350.54	272.38
PTHR23315	9028.77	8704.06	1827.0	103.37	80.31
PTHR23316	2252.0	2205.61	3411.44	161.05	125.14
PTHR11778	3103.0	3010.22	1040.38	71.13	55.26
PTHR11774	1201.0	1154.61	146.0	13.2	10.26
PTHR11773	3594.0	3547.61	1234.0	36.17	28.11
PTHR11772	6608.0	6376.05	6313.14	321.33	249.67
PTHR10357	18563.21	18145.7	11187.94	444.28	345.2
PTHR10353	1675.92	1629.54	528.1	33.78	26.25
PTHR10350	4408.0	4361.61	1403.01	33.44	25.98
PTHR10351	3207.34	3114.57	4551.88	457.61	355.56
PTHR10359	5436.89	5251.33	1566.44	107.89	83.83
PTHR31750	2087.86	2041.47	1061.0	54.13	42.06
PTHR23418	1527.0	1480.61	687.0	48.39	37.6
PTHR14189	1533.08	1486.69	771.0	54.08	42.02
PTHR31245	1570.0	1523.61	1647.94	112.78	87.63
PTHR23001	2070.0	2023.61	2099.01	108.03	83.94
PTHR23002	2091.0	1998.22	205.0	19.95	15.49
PTHR30178	3580.54	3441.37	8735.94	896.53	696.62
PTHR22904	17405.11	16755.65	3817.0	272.21	211.51
PTHR11177	24401.03	23612.4	28725.06	1786.41	1388.06
PTHR11178	1500.0	1453.61	773.93	55.53	43.14
PTHR14456	1192.6	1099.83	114.99	21.86	16.99
PTHR31808	1560.0	1513.61	795.74	54.82	42.59
PTHR31803	4213.0	4073.83	2241.41	135.85	105.56
PTHR11009	2017.05	1924.28	419.0	45.44	35.32
PTHR19229	16893.55	16661.61	4835.49	88.28	68.6
PTHR11005	3479.47	3386.69	1373.87	96.97	75.34
PTHR11006	3846.86	3754.08	829.93	46.36	36.03
PTHR18640	1921.0	1874.61	578.0	32.12	24.96
PTHR18866	21766.53	21349.03	15033.2	619.81	481.6
PTHR15588	2726.0	2633.22	2720.94	158.33	123.02
PTHR12677	7160.0	6974.44	2219.11	124.97	97.11
PTHR19134	2074.29	2027.9	3026.96	155.46	120.79
PTHR19139	6981.0	6749.06	960.09	78.06	60.64
PTHR30566	7313.47	7127.91	1519.0	86.16	66.96
PTHR12459	1900.0	1853.61	383.0	21.53	16.73
PTHR12456	2184.29	2091.51	189.0	18.28	14.2
PTHR22931	6971.0	6878.22	4770.12	125.15	97.24
PTHR19359	8702.5	8424.17	4136.08	329.04	255.67
PTHR12072	3112.0	3019.22	576.0	34.55	26.85
PTHR13218	953.0	906.61	92.0	10.61	8.25
PTHR13215	1530.0	1437.22	207.03	29.56	22.96
PTHR13213	1514.93	1422.15	754.66	106.85	83.03
PTHR12290	1967.69	1921.3	354.0	19.19	14.91
PTHR21530	6359.0	6127.05	1473.59	115.01	89.35
PTHR12295	4144.0	4097.61	551.0	13.98	10.86
PTHR12298	6923.88	6691.94	2539.42	135.86	105.57
PTHR10638	3200.81	3154.42	4918.71	162.2	126.04
PTHR10634	1401.0	1354.61	1454.56	112.02	87.04
PTHR10631	2592.61	2499.83	504.0	36.02	27.98
PTHR10984	4139.0	3999.83	2739.0	212.68	165.26
PTHR13501	1768.0	1675.22	2765.0	379.58	294.94
PTHR13505	677.0	630.61	92.0	15.31	11.89
PTHR12850	449.0	402.62	16683.93	4371.37	3396.64
PTHR12856	678.0	631.61	47.0	7.81	6.07
PTHR12855	1721.0	1674.61	930.0	57.88	44.98
PTHR12854	2771.67	2678.89	1057.0	78.16	60.73
PTHR13182	620.0	573.61	163.0	29.84	23.19
PTHR10855	1808.0	1761.61	1660.19	98.21	76.31
PTHR10743	971.0	924.61	387.48	43.82	34.05
PTHR10742	19536.81	19072.91	5917.88	311.1	241.75
PTHR10745	2340.0	2293.61	1985.1	90.11	70.01
PTHR10744	1577.0	1484.22	20832.9	2400.72	1865.4
PTHR10746	3482.18	3389.4	4402.3	318.48	247.46
PTHR12924	776.0	729.61	1703.0	244.53	190.0
PTHR23308	5966.72	5734.77	3290.03	373.29	290.07
PTHR11349	1622.0	1529.22	2736.01	396.39	308.01
PTHR10566	20811.05	20300.79	8464.77	410.56	319.01
PTHR11588	3030.0	2890.84	25340.46	1687.72	1311.4
PTHR10291	1100.0	1053.61	267.0	26.48	20.57
PTHR11584	8090.13	7904.57	1920.99	131.59	102.25
PTHR11586	1043.0	996.61	146.0	15.31	11.9
PTHR11909	6509.78	6324.22	8346.26	408.77	317.62
PTHR24320	11488.02	11116.91	1925.0	136.99	106.46
PTHR24322	19673.85	18931.62	6168.01	490.05	380.78
PTHR11907	2177.0	2130.61	1314.99	64.27	49.94
PTHR11760	1467.0	1374.22	25441.87	3364.97	2614.65
PTHR11761	1784.0	1691.22	13575.28	2378.67	1848.27
PTHR11766	1920.0	1827.22	273.0	31.53	24.5
PTHR11767	6310.37	6124.84	1503.0	75.85	58.93
PTHR10361	4845.22	4706.06	644.0	42.64	33.13
PTHR10366	14731.76	14175.11	31733.07	2411.45	1873.74
PTHR10169	3361.0	3314.61	685.0	21.5	16.7
PTHR10168	5416.27	5184.36	3140.38	206.12	160.15
PTHR20973	1952.44	1906.05	237.0	12.95	10.06
PTHR10165	1540.0	1493.61	766.0	53.48	41.55
PTHR31032	3027.0	2934.22	4479.0	315.83	245.4
PTHR23257	144638.76	140649.74	70052.29	3394.66	2637.7
PTHR23253	2218.0	2171.61	205.0	9.83	7.64
PTHR14190	2516.0	2469.61	740.0	31.19	24.23
PTHR14194	9651.97	9280.86	7677.93	649.58	504.74
PTHR31251	28355.69	27288.76	9857.02	777.57	604.19
PTHR23074	15909.46	15399.2	5515.98	510.73	396.86
PTHR23077	11346.42	10697.1	2507.83	298.93	232.25
PTHR23076	16712.76	16063.35	10468.4	814.4	632.8
PTHR12561	1517.0	1470.61	285.0	20.21	15.7
PTHR23073	7529.93	7158.83	9040.97	1084.71	842.85
PTHR10293	3997.5	3811.94	1475.67	172.42	133.97
PTHR23078	1748.0	1655.22	569.0	72.0	55.95
PTHR11165	2277.0	2184.22	3670.97	350.33	272.21
PTHR10772	3723.3	3584.13	3270.91	283.17	220.03
PTHR32100	5352.0	5212.83	6630.29	434.72	337.78
PTHR14445	2181.0	2088.22	525.0	53.47	41.55
PTHR31811	2357.97	2265.19	121.0	10.28	7.99
PTHR23102	4079.7	3940.54	1442.0	104.07	80.88
PTHR23105	6013.71	5735.37	35745.74	3656.75	2841.36
PTHR11010	8033.67	7848.12	2831.0	150.36	116.83
PTHR11014	6032.31	5846.77	1308.0	73.03	56.74
PTHR12668	3919.0	3826.22	3041.91	143.46	111.47
PTHR12661	3303.0	3256.61	1732.01	55.32	42.98
PTHR12663	4215.76	4169.38	1799.41	44.87	34.86
PTHR12664	1344.3	1297.91	1361.99	109.5	85.08
PTHR16166	32954.48	32490.58	6738.36	213.95	166.24
PTHR12111	867.0	820.61	597.9	76.26	59.25
PTHR12447	602.0	555.61	11.0	2.08	1.62
PTHR15481	778.0	731.61	18.0	2.58	2.0
PTHR26379	2088.0	1995.22	2431.36	228.3	177.39
PTHR12599	1259.0	1212.61	1678.96	144.53	112.3
PTHR12596	3743.0	3696.61	1347.29	37.9	29.45
PTHR12590	901.82	855.43	215.0	26.3	20.43
PTHR12066	4322.8	4137.24	314.0	30.36	23.6
PTHR12064	3924.0	3784.83	2893.21	143.45	111.46
PTHR13226	1651.97	1559.2	229.0	30.31	23.55
PTHR13889	2988.0	2941.61	1915.01	67.73	52.63
PTHR13887	1074.0	1027.61	78.0	7.93	6.16
PTHR21181	670.0	623.61	255.0	42.9	33.34
PTHR12412	2566.0	2519.61	613.0	25.32	19.68
PTHR13948	2202.68	2109.91	301.0	30.01	23.32
PTHR12146	1020.0	927.32	8642.61	1359.65	1056.47
PTHR10458	3066.0	2973.22	1641.42	112.31	87.27
PTHR19306	9212.56	9073.39	1745.0	64.41	50.05
PTHR12280	4922.62	4783.45	2642.11	148.74	115.58
PTHR11451	7238.18	7052.62	6035.74	282.69	219.66
PTHR12286	3481.11	3388.33	492.0	26.93	20.93
PTHR12415	5560.41	5374.87	346.43	22.38	17.39
PTHR30573	2341.0	2294.61	702.7	31.88	24.77
PTHR22983	1153.0	1106.61	125.0	11.8	9.17
PTHR22981	1255.0	1208.61	557.0	48.11	37.38
PTHR10947	2702.0	2609.23	947.65	75.36	58.56
PTHR30191	2990.65	2944.26	8340.27	294.71	229.0
PTHR13082	761.0	714.61	138.0	20.23	15.72
PTHR10629	3752.0	3612.83	230.0	19.01	14.76
PTHR10994	12915.93	12544.81	3877.24	256.29	199.14
PTHR10996	7814.27	7535.94	1912.33	122.7	95.34
PTHR10625	11418.31	10954.44	4050.01	275.19	213.84
PTHR10992	38646.84	37394.34	12185.29	831.94	646.46
PTHR10993	1797.0	1704.22	223.0	32.86	25.53
PTHR17695	4433.42	4294.25	729.0	53.36	41.45
PTHR12848	2610.0	2517.22	431.0	35.81	27.82
PTHR12849	1895.0	1802.22	301.0	34.94	27.15
PTHR21712	1054.97	1008.59	95.0	9.84	7.65
PTHR21294	2411.05	2364.66	1156.0	50.89	39.54
PTHR12841	938.0	891.61	75.0	8.8	6.84
PTHR21290	3992.0	3806.44	1194.0	124.97	97.11
PTHR21349	1582.0	1489.22	1514.0	226.07	175.67
PTHR21347	1970.39	1924.0	1418.0	76.77	59.65
PTHR21343	341.0	294.66	9.0	3.24	2.52
PTHR10196	6999.58	6814.02	944.0	57.6	44.76
PTHR10192	3011.0	2918.22	3610.01	192.79	149.8
PTHR10755	1337.76	1291.37	7362.06	594.88	462.24
PTHR10758	3167.16	3074.38	3973.36	303.67	235.96
PTHR13152	835.24	788.86	82.0	10.88	8.46
PTHR12932	6308.37	6122.85	6286.82	355.25	276.04
PTHR12934	1962.0	1869.22	1535.68	174.35	135.47
PTHR10288	11629.02	11350.69	18577.55	911.04	707.89
PTHR11800	1409.0	1362.61	837.73	64.14	49.84
PTHR11802	14568.01	14243.29	15831.66	678.74	527.39
PTHR11807	2091.85	1999.07	342.88	35.93	27.92
PTHR11808	9332.0	9053.67	3762.07	204.67	159.04
PTHR10283	10897.0	10665.05	3626.75	163.53	127.08
PTHR10285	7809.16	7577.24	14786.52	883.82	686.75
PTHR10286	993.55	947.16	2520.0	278.16	216.13
PTHR11579	3026.58	2933.8	1086.0	76.75	59.64
PTHR13718	2679.0	2586.22	15484.15	1577.44	1225.71
PTHR13711	6479.0	6200.66	7472.0	1104.75	858.41
PTHR13710	13606.43	13142.73	1446.0	86.56	67.26
PTHR11977	1499.8	1453.41	2110.89	151.47	117.69
PTHR11972	5706.25	5613.47	5072.01	180.52	140.27
PTHR31480	1230.0	1183.61	1078.28	95.11	73.9
PTHR31485	10986.75	10569.25	4493.68	331.0	257.21
PTHR11715	984.0	937.61	1662.0	185.33	144.01
PTHR11717	2187.05	2094.28	290.0	22.76	17.69
PTHR11711	9173.46	8848.74	9109.71	1012.41	786.65
PTHR11712	36938.57	35269.19	3546.0	161.31	125.35
PTHR10374	4261.52	4122.35	5727.01	292.35	227.16
PTHR10178	2950.56	2857.78	2639.48	217.16	168.73
PTHR11482	12028.84	11843.29	19572.64	679.94	528.33
PTHR10173	4656.98	4471.42	3279.76	277.66	215.75
PTHR10177	7484.38	7298.82	14089.75	804.36	624.99
PTHR10174	6295.39	6063.44	2021.0	164.32	127.69
PTHR23249	2138.79	2046.01	473.08	46.85	36.4
PTHR23244	13599.9	13182.41	3034.0	220.84	171.59
PTHR23245	452.81	406.45	113.0	29.32	22.78
PTHR23240	2069.17	1976.39	378.0	37.46	29.11
PTHR14614	13055.0	12637.49	1255.99	88.24	68.58
PTHR31268	2350.0	2257.24	1342.0	73.09	56.79
PTHR31262	1991.79	1852.65	57371.62	6542.48	5083.63
PTHR23063	2100.03	2007.25	620.0	70.65	54.9
PTHR11620	700.0	653.61	8631.49	1384.91	1076.1
PTHR11624	4458.0	4365.22	3094.96	193.3	150.2
PTHR11627	5074.39	4888.83	16172.73	1133.04	880.4
PTHR11390	5111.13	5018.36	984.0	63.21	49.12
PTHR31319	4338.0	4245.22	5747.13	281.13	218.44
PTHR14052	1370.21	1323.82	820.06	64.63	50.22
PTHR32118	2364.0	2317.61	5185.7	232.94	181.0
PTHR23117	1834.37	1787.98	3854.0	224.6	174.52
PTHR23115	47969.38	46902.42	111130.68	6245.01	4852.47
PTHR11028	1556.0	1509.61	1499.6	103.58	80.48
PTHR11024	6904.0	6764.83	1739.44	93.24	72.45
PTHR10066	6599.4	6321.06	1181.89	99.08	77.0
PTHR11777	3213.0	3166.61	3183.03	104.56	81.25
PTHR12616	2001.0	1954.61	465.0	24.78	19.25
PTHR12613	2775.0	2728.61	1114.98	42.52	33.04
PTHR12612	688.0	641.61	439.51	71.85	55.83
PTHR32060	3859.0	3766.22	4209.95	191.38	148.7
PTHR12126	3156.0	3063.22	2086.0	138.99	108.0
PTHR12436	7097.32	6911.76	1957.02	112.85	87.69
PTHR22734	1395.0	1348.61	433.0	33.5	26.03
PTHR12121	2209.0	2116.22	315.0	33.52	26.05
PTHR12438	1648.0	1601.61	233.0	15.17	11.78
PTHR15492	1834.0	1787.61	398.0	23.2	18.03
PTHR21426	2140.0	2093.61	267.0	13.28	10.32
PTHR21427	1217.0	1170.61	150.0	13.38	10.4
PTHR19372	1995.0	1948.61	1010.0	53.99	41.95
PTHR19370	7538.74	7306.79	16161.78	688.77	535.18
PTHR19376	16959.21	16634.48	5227.89	183.47	142.57
PTHR19375	6997.57	6719.23	3582.03	461.14	358.33
PTHR12725	2244.72	2151.94	494.86	41.78	32.47
PTHR22884	12784.45	12552.5	3834.04	122.85	95.45
PTHR22880	9303.22	8978.49	4915.08	301.12	233.97
PTHR12542	2365.0	2318.61	219.14	9.84	7.65
PTHR12547	2022.0	1929.22	1318.46	97.12	75.46
PTHR12124	4730.0	4590.83	517.0	37.94	29.48
PTHR10114	516.0	469.61	8560.82	1918.92	1491.04
PTHR21512	2591.0	2544.61	297.02	12.15	9.44
PTHR30508	2042.0	1995.61	2904.35	151.59	117.79
PTHR30502	1115.7	1069.31	242.0	23.64	18.37
PTHR10961	2106.15	2013.37	3940.96	376.67	292.69
PTHR10617	8713.0	8434.67	25158.22	1664.58	1293.41
PTHR10615	2257.99	2165.21	2069.26	185.89	144.44
PTHR13527	4557.66	4511.27	6032.82	139.01	108.02
PTHR22958	6968.49	6829.32	7195.13	287.2	223.16
PTHR14534	2035.0	1988.61	535.0	28.02	21.77
PTHR22951	2380.0	2333.61	556.19	24.81	19.28
PTHR22950	47686.1	46572.76	29133.27	1223.16	950.44
PTHR22953	9312.73	9080.79	5768.59	295.39	229.51
PTHR22952	5891.19	5659.24	2542.64	222.68	173.03
PTHR22957	11656.48	11285.41	3587.29	266.05	206.74
PTHR21600	1293.0	1246.61	587.0	49.15	38.19
PTHR24056	14285.76	13868.3	11018.24	388.84	302.13
PTHR24054	1577.0	1530.61	1148.03	78.2	60.77
PTHR24055	11473.82	11149.09	8315.21	560.09	435.19
PTHR24058	4489.0	4303.45	1653.57	150.01	116.57
PTHR10766	3137.0	2997.83	3720.07	384.99	299.14
PTHR10762	3359.1	3219.93	502.0	48.04	37.32
PTHR30031	5806.0	5620.47	8754.3	382.37	297.12
PTHR12945	1366.0	1319.61	312.0	24.67	19.17
PTHR12944	2534.5	2488.11	206.0	8.62	6.7
PTHR24128	5364.79	5225.62	6473.73	307.94	239.27
PTHR12858	4337.27	4151.71	585.0	61.57	47.83
PTHR32228	997.03	950.65	15.0	1.65	1.28
PTHR13096	3712.0	3619.22	605.0	35.03	27.23
PTHR11365	5236.43	4865.39	206.0	21.92	17.03
PTHR11361	18785.87	18090.13	3174.01	127.26	98.9
PTHR11814	20696.13	20325.04	10356.27	265.54	206.32
PTHR11363	1403.0	1356.61	26169.55	2012.47	1563.72
PTHR10543	8113.0	7927.44	1765.03	89.2	69.32
PTHR10540	2472.0	2379.22	1887.74	164.38	127.73
PTHR11562	6556.15	6370.6	11192.54	464.55	360.97
PTHR11566	16677.0	16352.27	13553.33	564.57	438.67
PTHR11567	2524.0	2431.22	1664.45	132.14	102.68
PTHR11564	6329.0	6189.83	3612.19	177.11	137.62
PTHR11962	2982.88	2890.1	903.03	65.23	50.68
PTHR11963	1780.0	1733.61	631.0	37.93	29.47
PTHR10381	7170.47	6799.35	9495.63	1064.5	827.15
PTHR10383	2942.0	2849.22	2961.26	222.25	172.69
PTHR11705	1923.78	1831.02	696.0	67.21	52.22
PTHR11702	10251.0	10019.05	7877.66	314.67	244.5
PTHR11700	1446.0	1353.22	21586.62	3922.73	3048.03
PTHR10388	922.0	875.61	3163.99	378.0	293.71
PTHR11709	11302.56	11024.25	5502.01	268.7	208.78
PTHR10145	5912.0	5865.61	2030.78	35.98	27.96
PTHR23273	2704.0	2611.22	3175.0	166.89	129.68
PTHR12050	3470.7	3424.31	909.0	27.61	21.45
PTHR24305	883.46	837.07	69.0	8.63	6.7
PTHR23050	2427.0	2287.83	6152.91	798.39	620.37
PTHR23056	2353.0	2260.22	1163.06	108.89	84.61
PTHR23054	1819.0	1772.61	271.0	15.93	12.38
PTHR11638	10186.6	9908.26	22706.66	983.65	764.3
PTHR23291	2975.78	2883.0	4033.54	317.65	246.82
PTHR23293	4666.22	4527.05	3936.97	244.32	189.84
PTHR11141	3077.0	3030.61	1382.23	47.45	36.87
PTHR11142	5367.37	5228.2	614.01	31.37	24.37
PTHR11143	905.0	858.61	16984.51	2069.59	1608.11
PTHR22748	5276.42	5090.86	686.0	56.21	43.68
PTHR11380	968.0	921.61	553.11	62.76	48.76
PTHR11384	2561.0	2468.22	373.0	31.26	24.29
PTHR32477	2209.0	2162.61	226.0	10.88	8.46
PTHR14043	1964.0	1871.22	436.0	48.8	37.92
PTHR32472	3283.87	3237.48	945.0	30.36	23.59
PTHR31658	3477.0	3430.61	778.0	23.59	18.33
PTHR13890	8567.24	8381.71	3719.65	189.56	147.28
PTHR14269	4165.0	3979.44	923.93	77.1	59.91
PTHR22883	9867.37	9542.64	2576.23	180.13	139.94
PTHR23125	53316.15	51831.8	11880.85	685.64	532.75
PTHR19879	2398.0	2351.61	393.0	17.4	13.52
PTHR22881	3122.99	3030.21	1178.38	76.86	59.72
PTHR14136	2972.0	2832.83	1312.87	150.04	116.59
PTHR19876	6995.0	6902.22	5886.28	180.11	139.95
PTHR12608	5021.22	4835.66	2302.0	169.11	131.41
PTHR12604	2268.0	2221.61	291.0	13.64	10.6
PTHR12603	2815.0	2722.22	1143.0	87.44	67.94
PTHR32091	2701.42	2608.64	4218.48	343.45	266.86
PTHR32098	4261.7	4076.14	521.0	56.9	44.21
PTHR18763	1639.0	1546.22	318.0	43.05	33.45
PTHR22726	2314.6	2221.82	310.0	23.08	17.94
PTHR22727	19539.29	19029.1	5360.22	332.59	258.41
PTHR12428	3518.1	3425.32	2926.25	164.37	127.71
PTHR18968	8666.65	8434.7	10977.26	496.87	386.07
PTHR12730	3614.0	3521.22	1171.0	68.71	53.39
PTHR12506	827.0	780.61	102.0	13.68	10.63
PTHR12735	1840.0	1747.22	730.43	82.23	63.89
PTHR15020	3832.0	3739.22	3105.59	234.25	182.02
PTHR12558	2819.45	2726.67	615.0	40.69	31.62
PTHR12553	1670.0	1577.23	215.01	22.96	17.84
PTHR12049	2436.0	2343.22	137.0	11.96	9.29
PTHR10497	933.0	840.25	18659.99	4577.99	3557.18
PTHR24073	4678.0	4446.05	3934.02	425.65	330.74
PTHR21569	702.0	655.61	13344.39	2134.49	1658.54
PTHR21567	1313.0	1266.61	1329.02	109.5	85.09
PTHR13950	1190.0	1143.61	232.0	21.18	16.46
PTHR12133	1600.95	1554.57	101.0	6.77	5.26
PTHR10972	6439.36	6300.19	2330.51	136.06	105.72
PTHR10606	4034.37	3987.98	1830.0	47.71	37.07
PTHR10971	1329.0	1282.61	308.0	25.06	19.47
PTHR13743	7955.0	7769.44	838.99	51.28	39.84
PTHR12302	3704.0	3657.61	3898.37	110.84	86.12
PTHR22942	10057.4	9593.59	2245.0	164.1	127.52
PTHR13395	2558.0	2465.22	406.0	35.49	27.58
PTHR13803	6164.37	6025.23	2406.07	73.53	57.13
PTHR21368	1246.0	1153.24	1885.66	259.21	201.41
PTHR24067	16824.64	16128.79	14391.4	1327.86	1031.79
PTHR24064	11677.72	11353.0	4869.42	266.68	207.21
PTHR24063	28401.69	27566.89	61548.17	2632.69	2045.64
PTHR21011	1531.0	1438.22	1283.79	178.17	138.44
PTHR10774	14356.54	13892.7	3032.49	204.55	158.94
PTHR24068	3025.0	2885.84	1699.51	253.2	196.73
PTHR19980	2076.0	1983.22	148.06	16.27	12.64
PTHR12959	3648.13	3555.35	211.0	12.89	10.02
PTHR24115	30339.43	29411.7	22415.07	839.61	652.39
PTHR11825	9396.42	9071.69	3798.03	248.12	192.78
PTHR10809	1619.0	1526.22	1158.0	132.04	102.59
PTHR11822	1701.0	1654.61	2910.16	183.32	142.45
PTHR10555	4499.13	4406.35	5534.04	219.34	170.43
PTHR10806	859.0	812.61	443.0	57.06	44.34
PTHR10804	9646.24	9414.29	6653.01	436.92	339.49
PTHR11556	3811.0	3671.85	9226.91	619.93	481.7
PTHR11558	1457.0	1410.61	872.65	64.53	50.14
PTHR13773	3429.2	3336.42	1451.0	91.93	71.43
PTHR10537	1380.08	1333.69	380.0	29.73	23.1
PTHR11953	2119.0	2026.22	378.0	38.46	29.88
PTHR11952	1761.0	1668.22	1319.86	165.11	128.29
PTHR11956	2198.0	2151.61	1296.0	62.72	48.74
PTHR11959	4187.74	4141.35	2518.51	63.23	49.13
PTHR11739	1968.81	1922.42	2610.0	141.43	109.89
PTHR11732	18003.6	17400.61	5048.43	382.76	297.41
PTHR11731	7516.04	7376.88	1562.62	67.79	52.68
PTHR11730	3414.52	3275.36	840.46	75.48	58.65
PTHR11735	3050.11	2910.95	425.0	40.26	31.29
PTHR10394	790.0	743.61	15671.05	2207.44	1715.22
PTHR20941	2176.02	2083.26	632.0	61.03	47.42
PTHR10150	2850.54	2757.79	459.0	34.24	26.6
PTHR31065	2857.91	2765.13	2899.0	198.04	153.88
PTHR10159	8099.0	7867.05	6462.82	399.08	310.1
PTHR31066	1295.0	1248.61	373.0	31.18	24.23
PTHR13604	1022.0	929.23	55.0	12.69	9.86
PTHR23264	3437.58	3298.41	1030.0	91.91	71.41
PTHR23269	2111.0	2064.61	464.0	23.41	18.19
PTHR31204	1720.0	1673.61	458.0	28.52	22.16
PTHR31201	1685.0	1638.61	973.0	61.89	48.09
PTHR31209	1301.0	1254.61	108.0	8.98	6.98
PTHR11607	3948.0	3855.22	869.35	47.84	37.17
PTHR11606	4843.65	4704.48	3976.0	206.41	160.39
PTHR23284	1574.96	1528.57	326.0	22.24	17.28
PTHR24316	4355.0	4215.83	5450.81	392.98	305.36
PTHR32467	10397.06	9933.22	2818.12	227.78	176.97
PTHR14255	6555.49	6323.54	1240.03	102.06	79.32
PTHR31840	796.5	750.12	91.0	12.71	9.87
PTHR23130	4459.0	4366.22	3349.48	124.27	96.56
PTHR23133	1077.0	1030.61	662.68	67.19	52.2
PTHR23135	1446.47	1400.09	849.0	63.24	49.14
PTHR23138	2479.0	2386.22	1807.98	181.79	141.25
PTHR23139	8185.45	7907.11	7080.9	495.92	385.34
PTHR31682	1259.0	1212.61	2929.0	252.14	195.92
PTHR11040	2671.0	2531.83	709.0	92.85	72.15
PTHR11043	835.0	788.61	545.63	72.44	56.28
PTHR11042	6743.95	6558.4	2899.0	217.93	169.33
PTHR11048	13202.25	12923.91	5643.49	262.07	203.63
PTHR15818	1985.0	1938.61	531.0	28.53	22.17
PTHR12636	1194.0	1147.61	297.03	27.03	21.0
PTHR31606	1282.0	1235.61	524.0	44.26	34.39
PTHR14490	2698.86	2559.71	1097.0	82.87	64.39
PTHR14493	9675.58	9397.24	9773.49	558.83	434.22
PTHR15651	2177.0	2130.61	405.0	19.79	15.38
PTHR12380	3363.0	3223.83	2201.01	206.89	160.76
PTHR12385	2845.0	2752.22	8397.87	464.65	361.04
PTHR12706	15114.7	14789.98	2027.99	76.77	59.66
PTHR12709	1937.07	1844.3	927.02	112.2	87.18
PTHR19957	6181.45	5995.91	3424.0	246.15	191.28
PTHR30239	1763.0	1716.61	1676.0	101.75	79.06
PTHR12560	3392.0	3299.22	2516.86	167.73	130.33
PTHR11203	5150.02	5010.86	1507.0	77.92	60.54
PTHR12770	5887.41	5655.49	486.0	52.48	40.78
PTHR12097	7251.0	7158.22	6256.64	178.6	138.77
PTHR19842	2635.0	2588.61	732.0	29.43	22.87
PTHR11200	8082.09	7989.32	2802.23	71.32	55.41
PTHR21576	1593.33	1500.56	120.0	15.31	11.9
PTHR24193	13321.6	12811.31	4839.67	388.71	302.03
PTHR12419	4962.86	4730.91	1815.0	195.96	152.25
PTHR23338	3031.0	2891.84	1231.0	166.54	129.41
PTHR30525	1631.0	1584.61	753.0	49.54	38.49
PTHR12413	2042.03	1949.26	205.0	21.89	17.0
PTHR12411	14881.36	14185.6	18288.31	1155.79	898.08
PTHR23339	3749.64	3656.86	684.0	55.2	42.89
PTHR21717	5454.45	5315.28	2902.0	117.84	91.57
PTHR10943	3910.0	3817.22	2702.0	132.07	102.62
PTHR12897	3002.0	2955.61	886.96	31.22	24.26
PTHR12894	6310.0	5985.29	494.0	60.45	46.97
PTHR12891	1205.0	1158.61	99.0	8.92	6.93
PTHR22976	4671.0	4485.49	4976.91	262.38	203.87
PTHR22975	2658.61	2519.57	647.0	56.87	44.2
PTHR22970	2668.0	2621.61	277.0	11.0	8.54
PTHR21377	1983.0	1890.22	1241.86	129.59	100.69
PTHR21371	2074.0	2027.61	13329.32	684.68	532.01
PTHR21373	2449.0	2356.22	423.0	37.74	29.32
PTHR22573	10510.2	10278.25	5032.37	223.98	174.03
PTHR22572	7272.0	7040.05	7381.98	586.08	455.4
PTHR21000	2063.0	2016.61	2106.89	108.82	84.55
PTHR10701	613.0	566.61	347.0	64.32	49.98
PTHR13161	914.0	821.28	177.0	43.05	33.44
PTHR13165	2843.76	2750.98	1140.0	85.28	66.26
PTHR21396	1273.0	1180.23	521.0	90.15	70.05
PTHR12965	2218.49	2125.81	589.09	52.44	40.75
PTHR10681	6973.69	6602.57	2373.93	236.13	183.47
PTHR24106	9106.0	8781.28	2938.73	206.4	160.37
PTHR24103	2839.0	2699.83	306.0	33.37	25.93
PTHR10683	1632.0	1585.61	1920.0	126.23	98.09
PTHR11540	2369.0	2183.52	1373.0	253.62	197.06
PTHR10836	2311.0	2171.93	12349.93	1870.07	1453.08
PTHR10835	2404.0	2357.61	1145.74	50.59	39.31
PTHR11545	927.0	880.61	16034.69	1904.67	1479.97
PTHR10012	1524.0	1477.61	372.0	26.25	20.4
PTHR13768	2607.0	2514.22	1361.0	115.09	89.43
PTHR24078	11447.0	11075.97	2027.0	146.57	113.89
PTHR11946	14822.0	14543.66	14258.41	513.81	399.23
PTHR11947	4625.56	4532.78	5548.66	262.8	204.21
PTHR11941	10082.34	9757.64	1997.0	137.47	106.83
PTHR24072	1597.0	1550.61	435.0	29.25	22.73
PTHR10496	512.0	465.61	10130.06	2290.43	1779.71
PTHR10491	2792.23	2699.45	1026.0	73.28	56.93
PTHR24076	12258.94	11702.38	3823.08	301.64	234.39
PTHR24077	14288.37	13639.06	16037.79	729.23	566.64
PTHR11728	3894.0	3801.22	3776.04	251.93	195.76
PTHR11726	842.0	795.61	23404.7	3079.58	2392.89
PTHR11727	551.0	504.61	57.0	11.88	9.23
PTHR11721	648.0	601.61	15766.78	2750.72	2137.36
PTHR11722	794.0	747.61	10768.01	1508.61	1172.22
PTHR10120	4070.16	3977.38	1228.99	58.89	45.76
PTHR10122	1136.0	1089.61	3322.06	318.46	247.45
PTHR11831	2383.0	2243.83	14205.62	1862.24	1447.0
PTHR11835	1802.0	1755.61	1958.35	116.24	90.32
PTHR11614	5962.56	5869.78	3989.6	121.79	94.63
PTHR11615	9990.49	9573.02	8256.18	416.17	323.38
PTHR11618	3755.9	3616.73	980.42	84.35	65.55
PTHR14140	2692.0	2645.61	1661.0	65.34	50.77
PTHR32419	1332.0	1285.61	240.26	19.5	15.15
PTHR10231	5621.0	5481.83	1483.0	90.37	70.23
PTHR10233	9058.0	8826.05	2799.04	166.4	129.3
PTHR31503	4415.18	4276.01	1804.0	93.3	72.5
PTHR23147	591.68	545.3	234.79	45.24	35.15
PTHR23140	2080.0	2033.61	277.0	14.19	11.02
PTHR23142	1020.0	973.61	187.0	20.08	15.6
PTHR23149	1869.0	1822.61	1012.0	57.85	44.95
PTHR23148	868.61	822.22	190.0	24.18	18.79
PTHR11817	11835.0	11556.66	6614.54	330.33	256.66
PTHR11056	2050.88	2004.49	1079.01	56.07	43.56
PTHR11055	4335.04	4195.88	8880.28	575.55	447.22
PTHR32523	2437.09	2344.31	1286.41	100.82	78.34
PTHR31695	2917.0	2870.61	1217.0	44.11	34.27
PTHR11819	329.0	282.67	9.0	3.38	2.63
PTHR10544	507.0	460.61	4265.69	975.09	757.66
PTHR12629	2667.04	2620.65	2439.12	96.86	75.26
PTHR19316	1500.0	1453.61	250.0	17.94	13.94
PTHR18945	6438.28	6299.11	1174.95	60.3	46.85
PTHR26402	9656.0	9424.05	15353.61	638.52	496.14
PTHR19384	6575.0	6435.83	714.0	31.95	24.83
PTHR12714	5073.54	4887.99	2492.14	140.85	109.44
PTHR12570	4675.84	4536.67	977.0	61.71	47.95
PTHR21494	2475.0	2428.61	295.0	12.64	9.82
PTHR21145	1269.1	1222.71	577.0	49.26	38.27
PTHR21496	4795.0	4563.14	2584.02	208.3	161.84
PTHR21493	32519.48	31684.52	11092.78	661.72	514.18
PTHR21499	9346.56	9207.39	7428.08	250.14	194.36
PTHR21148	3834.57	3695.4	910.0	77.45	60.17
PTHR12083	3732.73	3593.57	1041.57	82.34	63.98
PTHR19854	3891.0	3751.83	730.0	41.82	32.49
PTHR13976	1590.0	1497.22	105.0	15.22	11.82
PTHR19852	2220.0	2173.61	1013.0	48.53	37.71
PTHR16128	3604.0	3418.45	399.0	33.69	26.17
PTHR12400	1503.09	1456.7	1100.47	78.79	61.22
PTHR19853	3074.0	3027.61	468.04	16.08	12.5
PTHR30314	1812.0	1765.61	5729.57	338.15	262.75
PTHR12882	706.0	659.61	279.0	44.35	34.46
PTHR12883	1422.0	1375.61	413.0	31.32	24.34
PTHR16255	7442.11	7302.95	4014.99	188.5	146.47
PTHR16254	8740.41	8554.85	4078.0	206.09	160.13
PTHR22960	672.14	625.76	206.0	34.54	26.84
PTHR13373	2177.0	2130.61	201.01	9.82	7.63
PTHR13375	1121.0	1074.61	306.0	29.75	23.11
PTHR22967	5238.0	5098.83	3287.14	133.96	104.09
PTHR19858	4924.9	4832.12	991.01	39.05	30.35
PTHR30222	2470.79	2424.4	381.0	16.36	12.71
PTHR13115	1996.93	1950.55	1180.0	63.02	48.96
PTHR13117	1603.0	1556.61	117.0	7.84	6.09
PTHR13285	2263.08	2216.69	610.54	28.68	22.28
PTHR13288	1360.0	1313.61	287.0	22.8	17.71
PTHR10953	15421.83	15004.33	4887.11	238.87	185.6
PTHR10954	1102.0	1055.61	188.0	18.61	14.46
PTHR21726	531.0	484.61	32.0	6.95	5.4
PTHR10956	872.02	779.28	20768.09	5598.18	4349.9
PTHR11538	1829.0	1782.61	585.0	34.2	26.57
PTHR10826	902.0	855.61	469.0	57.35	44.56
PTHR11533	14183.0	13997.44	5340.05	156.77	121.81
PTHR11532	1954.0	1907.61	2353.01	128.5	99.84
PTHR10000	4248.3	4109.13	852.36	60.35	46.9
PTHR13021	1320.0	1273.61	509.0	41.71	32.41
PTHR24006	21236.01	20447.47	6741.89	479.37	372.48
PTHR24003	25999.9	25443.22	86974.99	2681.52	2083.59
PTHR31446	2319.0	2226.22	799.96	73.8	57.35
PTHR31190	2655.37	2562.59	2707.92	156.84	121.87
PTHR11441	1428.0	1381.61	452.0	34.13	26.52
PTHR11440	5031.85	4846.29	563.0	43.08	33.48
PTHR11999	8021.04	7835.48	5172.0	280.43	217.9
PTHR11998	6659.12	6473.56	3979.86	298.74	232.12
PTHR11449	475.0	428.62	16425.6	4038.99	3138.37
PTHR11994	1353.0	1260.22	17723.65	2725.93	2118.09
PTHR10133	11139.04	10907.09	9109.97	323.13	251.07
PTHR13620	5367.0	5135.05	1847.0	131.31	102.03
PTHR11847	739.0	692.61	13811.76	2090.13	1624.07
PTHR11843	848.0	801.61	18111.74	2365.15	1837.77
PTHR11661	1816.0	1723.22	17979.8	3019.64	2346.32
PTHR11662	23680.45	23031.0	10859.46	533.02	414.16
PTHR11669	3333.35	3240.57	1402.99	92.34	71.74
PTHR11668	15334.11	14916.6	13381.55	831.83	646.36
PTHR20856	12013.0	11781.05	4752.49	126.93	98.63
PTHR20854	4004.09	3864.92	779.87	62.97	48.93
PTHR20855	7942.57	7757.13	2128.0	128.88	100.14
PTHR20852	2918.0	2778.85	9270.0	580.67	451.18
PTHR32404	1373.12	1326.73	276.0	21.7	16.87
PTHR20858	5890.0	5750.83	3556.06	183.56	142.62
PTHR14237	7362.76	7084.45	6329.0	329.84	256.29
PTHR10739	4083.0	3990.22	3055.0	174.32	135.45
PTHR23155	59085.2	57322.59	14975.98	985.72	765.92
PTHR23153	2077.23	1984.45	688.13	90.22	70.1
PTHR23151	7085.0	6621.18	4326.3	561.58	436.38
PTHR11063	4617.16	4524.38	8173.28	338.26	262.83
PTHR11062	10444.43	10166.09	3949.73	206.53	160.49
PTHR11061	4532.59	4347.03	708.0	63.61	49.43
PTHR11065	5952.53	5813.36	3996.76	223.37	173.56
PTHR11064	3551.6	3412.43	1005.51	92.23	71.67
PTHR11260	9397.48	9119.15	1706.1	119.83	93.11
PTHR11264	1171.78	1125.39	273.0	25.33	19.68
PTHR11266	7310.0	7031.66	5087.8	477.17	370.76
PTHR31998	2921.16	2874.77	635.0	22.98	17.86
PTHR15838	689.0	642.61	134.0	21.87	16.99
PTHR32338	2629.71	2583.32	864.26	34.82	27.05
PTHR31407	5301.0	5115.44	1438.87	118.02	91.7
PTHR12363	7074.6	6935.44	1229.0	40.75	31.66
PTHR18952	3246.0	3153.22	1116.0	68.49	53.22
PTHR12765	1976.78	1884.0	539.01	59.8	46.46
PTHR12505	1457.71	1411.32	298.0	22.02	17.11
PTHR22604	3088.47	2995.69	820.0	60.01	46.63
PTHR21481	1507.0	1460.61	250.0	17.85	13.87
PTHR22778	2083.52	1990.75	217.0	24.71	19.2
PTHR19446	6129.23	5897.32	683.0	47.18	36.67
PTHR12219	1040.0	993.61	1550.91	163.13	126.76
PTHR13561	5800.6	5661.43	1458.0	52.35	40.67
PTHR13563	1898.74	1805.96	180.0	21.09	16.39
PTHR12210	1741.53	1648.76	656.93	70.35	54.67
PTHR12215	2011.0	1918.22	220.0	25.95	20.17
PTHR12214	1141.32	1094.93	200.0	19.08	14.82
PTHR22915	11874.11	11503.0	5435.58	379.52	294.88
PTHR22911	7856.79	7578.45	522.0	40.28	31.29
PTHR22912	8628.36	8396.41	7268.57	457.4	355.4
PTHR12183	1434.0	1387.61	230.0	17.29	13.43
PTHR19849	2561.0	2514.61	276.98	11.46	8.91
PTHR31783	5651.0	5558.22	802.08	33.36	25.92
PTHR22594	4683.0	4590.22	2664.17	123.58	96.03
PTHR11864	3249.0	3156.22	682.0	43.55	33.84
PTHR21152	5255.36	5162.59	3157.85	131.0	101.79
PTHR21021	1198.0	1105.22	116.0	22.98	17.86
PTHR30075	3602.0	3555.61	860.01	25.15	19.55
PTHR11632	2708.69	2662.3	4872.92	190.48	148.0
PTHR13102	2365.0	2318.61	356.0	15.98	12.42
PTHR12984	1992.0	1945.61	374.0	20.02	15.56
PTHR11630	10212.02	9933.68	12198.1	762.43	592.4
PTHR11140	7459.0	7366.22	9250.29	212.61	165.2
PTHR13299	1518.0	1425.22	228.0	33.5	26.04
PTHR12652	3856.66	3763.88	5486.47	396.82	308.33
PTHR10925	3417.0	3370.61	1874.98	57.86	44.96
PTHR21737	3391.1	3251.94	1026.97	101.58	78.93
PTHR10920	6169.76	6030.59	2492.0	145.91	113.37
PTHR10585	2375.0	2282.22	2915.99	247.36	192.2
PTHR10584	21505.56	20995.28	6353.77	282.01	219.11
PTHR11528	5578.0	5438.83	5895.19	264.13	205.24
PTHR11527	4156.95	3971.42	3272.01	296.03	230.03
PTHR11525	1497.0	1404.22	542.0	80.8	62.78
PTHR10859	818.0	771.61	257.0	34.88	27.1
PTHR10589	4507.48	4414.71	2977.93	104.23	80.99
PTHR10588	2949.0	2809.83	773.0	71.38	55.46
PTHR13038	2181.62	2135.23	432.0	21.07	16.37
PTHR13748	11607.68	11236.56	9691.79	644.25	500.59
PTHR11223	8298.24	8159.08	4346.78	132.47	102.94
PTHR23109	936.0	889.61	119.0	13.99	10.87
PTHR24015	41549.37	40482.4	19411.74	934.7	726.25
PTHR24012	16823.85	16081.68	12966.63	1104.99	858.61
PTHR24011	30633.94	29520.61	31222.41	2483.34	1929.61
PTHR31187	5048.14	4955.36	5740.55	255.63	198.63
PTHR10548	1587.55	1541.16	1321.08	89.37	69.44
PTHR10459	11159.95	10881.62	3214.09	147.41	114.54
PTHR11453	5223.47	5084.31	1694.65	78.53	61.03
PTHR10108	38555.02	37163.36	9816.61	756.59	587.86
PTHR11986	9434.87	9110.14	9020.84	570.74	443.48
PTHR11455	7495.45	7170.74	1036.0	90.48	70.3
PTHR10102	3623.0	3576.61	1222.14	35.54	27.61
PTHR11458	1544.0	1497.61	2711.48	188.79	146.7
PTHR10106	1780.0	1733.61	798.0	47.97	37.27
PTHR31057	2692.0	2599.22	234.0	18.68	14.51
PTHR21141	2757.58	2618.42	34566.56	5321.69	4135.06
PTHR11851	15700.99	15329.89	6926.34	402.73	312.94
PTHR23092	1348.0	1301.61	104.0	8.34	6.48
PTHR23091	14767.44	14117.99	4140.99	370.68	288.02
PTHR11673	941.0	894.61	8686.53	1015.56	789.11
PTHR11670	4122.0	4029.22	7424.05	334.38	259.82
PTHR11671	1243.0	1196.61	934.0	81.48	63.31
PTHR20863	2924.0	2738.45	4537.1	531.2	412.75
PTHR20861	1538.0	1491.61	708.05	49.5	38.46
PTHR11679	2591.0	2544.61	552.07	22.58	17.55
PTHR14009	3110.0	3063.61	2434.0	82.65	64.22
PTHR10217	6024.0	5838.45	454.0	18.21	14.15
PTHR14005	4695.0	4648.61	2955.47	66.09	51.35
PTHR10210	3950.71	3857.93	3233.12	177.2	137.69
PTHR31522	1791.0	1744.61	615.47	36.76	28.57
PTHR14221	1800.0	1753.61	858.12	50.99	39.62
PTHR23163	858.0	811.61	264.0	34.05	26.45
PTHR11079	6065.82	5833.87	5703.0	379.12	294.59
PTHR11076	12029.0	11425.94	790.0	86.64	67.32
PTHR11070	3810.58	3717.8	342.0	16.31	12.67
PTHR11071	18992.18	18203.59	7273.85	915.82	711.6
PTHR11278	803.0	756.61	12458.6	1724.52	1339.99
PTHR11276	1021.0	974.61	12.0	1.29	1.0
PTHR11274	2912.0	2819.22	1521.96	107.95	83.88
PTHR31984	4728.86	4589.69	3718.0	213.66	166.01
PTHR16201	2641.28	2594.89	643.0	25.79	20.04
PTHR15350	3448.0	3355.22	2287.0	141.74	110.14
PTHR15606	3089.58	2996.8	439.0	28.95	22.48
PTHR12374	2029.0	1936.23	510.0	52.06	40.45
PTHR12375	1053.0	1006.61	243.0	25.23	19.6
PTHR12378	2068.0	1975.22	222.11	23.12	17.96
PTHR20961	18397.36	17887.08	5064.95	304.63	236.7
PTHR18929	13678.87	13122.2	11313.66	818.39	635.91
PTHR30535	1103.0	1056.61	131.0	12.95	10.06
PTHR12777	681.0	634.61	965.0	159.51	123.95
PTHR12775	1424.0	1377.61	656.0	49.67	38.6
PTHR20981	628.0	581.61	13977.39	2523.3	1960.65
PTHR16092	2083.97	1991.19	165.0	16.08	12.5
PTHR12406	6219.9	5987.96	2883.35	228.01	177.16
PTHR19211	14652.11	14188.26	84097.38	2808.99	2182.63
PTHR22298	11806.19	11574.24	3318.0	130.27	101.22
PTHR12174	5683.0	5543.83	2460.86	136.66	106.18
PTHR12175	2187.95	2095.17	1257.94	123.43	95.91
PTHR12176	3168.87	3076.1	170.0	11.28	8.77
PTHR22769	7213.15	6981.21	1635.0	140.79	109.4
PTHR22767	3784.93	3645.76	577.0	56.56	43.96
PTHR22765	2074.59	1981.81	1217.25	129.65	100.74
PTHR22762	10869.13	10637.18	3044.39	135.06	104.95
PTHR22763	2674.0	2581.22	575.0	42.01	32.64
PTHR22761	4194.02	4008.48	3397.88	281.02	218.36
PTHR21231	4831.0	4691.83	1282.0	103.36	80.31
PTHR21230	1343.11	1296.72	324.03	26.07	20.26
PTHR21234	1646.0	1599.61	564.0	36.76	28.56
PTHR21237	1050.0	1003.61	214.0	22.28	17.32
PTHR12202	2152.0	2059.22	576.0	60.39	46.93
PTHR12203	12302.33	12023.99	2271.0	99.85	77.58
PTHR19857	1466.0	1419.61	492.0	36.15	28.09
PTHR13355	1599.0	1552.61	412.0	27.67	21.5
PTHR19855	3948.0	3855.22	521.0	31.32	24.34
PTHR13353	3105.22	3012.44	288.0	22.17	17.23
PTHR12197	10708.5	10151.89	2822.0	195.45	151.88
PTHR13822	1125.0	1078.61	2261.93	219.06	170.21
PTHR21649	11145.17	10495.84	217679.22	25061.68	19473.41
PTHR32442	1366.0	1319.61	298.03	23.57	18.31
PTHR13138	2294.0	2201.22	429.0	42.01	32.64
PTHR10732	689.0	642.61	9561.24	1560.6	1212.62
PTHR10738	4034.0	3987.61	1470.0	38.33	29.78
PTHR12992	1244.0	1197.61	184.0	16.04	12.46
PTHR22838	4763.81	4578.25	1162.0	96.4	74.91
PTHR22836	2230.0	2183.61	347.0	16.55	12.86
PTHR10693	411.0	364.62	28.0	8.11	6.3
PTHR32379	1365.0	1318.61	224.0	17.72	13.77
PTHR10938	2616.0	2523.22	1355.86	114.02	88.6
PTHR10934	861.0	814.61	14049.0	1805.1	1402.6
PTHR11510	2196.0	2149.61	6787.84	328.81	255.49
PTHR11516	5376.0	5236.83	4977.85	323.23	251.16
PTHR10025	2751.0	2611.84	1173.0	89.7	69.69
PTHR10026	6285.08	6006.74	1096.0	102.19	79.4
PTHR10027	2390.0	2343.61	318.0	14.13	10.98
PTHR13009	3631.83	3446.28	397.0	52.09	40.47
PTHR13007	1812.9	1766.51	841.0	49.61	38.55
PTHR30115	937.0	890.61	1100.0	129.19	100.38
PTHR11863	3121.0	2981.83	1168.3	97.48	75.75
PTHR17901	798.0	751.61	78.0	10.87	8.45
PTHR24351	6979.19	6747.25	5889.67	476.25	370.06
PTHR20982	1290.0	1243.61	291.0	24.42	18.98
PTHR24352	3458.13	3365.35	1243.95	64.09	49.8
PTHR11467	602.0	555.61	1465.7	277.12	215.33
PTHR10119	2365.0	2318.61	1173.92	52.71	40.96
PTHR10343	3532.0	3485.61	1391.98	41.53	32.27
PTHR10110	6708.92	6523.36	869.0	55.61	43.22
PTHR11469	2602.2	2555.81	2517.49	102.52	79.66
PTHR10445	1222.0	1175.61	415.73	36.92	28.69
PTHR10598	993.0	946.61	105.0	11.6	9.01
PTHR24286	4286.65	4147.48	3019.0	234.14	181.94
PTHR23429	1988.0	1941.61	463.0	24.84	19.3
PTHR23426	2117.78	2025.0	2466.96	256.23	199.1
PTHR10593	3263.0	3170.22	2114.53	136.94	106.4
