GeneFamily	length	effective_length	expected_count	TPM	FPKM
PTHR11649	11356.88	10881.35	616.0	100.28	74.97
PTHR31089	2013.0	1969.76	133.0	10.97	8.2
PTHR31085	2915.43	2872.2	1079.01	60.99	45.59
PTHR11647	7096.37	6880.26	412.34	33.54	25.08
PTHR11645	3495.0	3408.52	592.97	56.04	41.88
PTHR11880	930.0	886.76	6324.98	1164.42	870.39
PTHR11885	734.0	690.76	9159.7	2169.53	1621.7
PTHR10209	7715.0	7455.57	985.98	141.07	105.45
PTHR32429	7057.12	6797.72	3386.0	304.12	227.32
PTHR31423	1109.0	1065.76	92.0	14.07	10.52
PTHR31551	1789.0	1745.76	302.0	28.13	21.03
PTHR32195	2394.36	2351.12	278.02	19.21	14.36
PTHR11081	4378.37	4205.42	281.0	46.26	34.57
PTHR11080	5712.0	5495.8	1914.06	160.58	120.03
PTHR11082	4799.0	4626.05	342.0	38.47	28.75
PTHR11085	7460.43	7201.03	1711.0	109.37	81.77
PTHR11089	7876.69	7617.26	1190.0	119.2	89.08
PTHR12271	2260.0	2216.76	65.0	4.76	3.56
PTHR32518	7103.04	6973.32	2072.04	183.32	137.03
PTHR11247	756.0	712.76	59.0	13.54	10.12
PTHR11246	9844.0	9671.04	1641.67	110.43	82.54
PTHR32512	4241.57	4155.09	163.17	12.55	9.39
PTHR23088	4722.0	4549.04	1004.0	131.54	98.33
PTHR23089	2512.0	2425.52	385.0	48.0	35.89
PTHR23081	2391.25	2348.01	366.0	25.32	18.93
PTHR23083	38829.37	37748.49	7321.58	537.65	401.85
PTHR23084	4677.48	4418.08	150.95	23.3	17.41
PTHR23086	7053.91	6837.73	380.0	42.02	31.42
PTHR18806	1529.0	1485.76	102.0	11.17	8.35
PTHR15184	9942.0	9682.65	11860.58	823.92	615.88
PTHR15341	1267.0	1223.76	121.0	16.11	12.04
PTHR12696	4249.95	4206.71	996.01	38.41	28.71
PTHR12341	6450.0	6147.34	474.0	72.51	54.21
PTHR15160	5287.17	5114.21	777.4	122.57	91.61
PTHR18937	20642.27	20296.37	1561.59	80.81	60.41
PTHR18934	22537.98	21586.86	1402.06	225.92	168.87
PTHR12742	2471.12	2384.65	552.54	65.65	49.07
PTHR12741	954.0	910.76	84.0	15.05	11.25
PTHR16557	1238.0	1194.76	20.0	2.73	2.04
PTHR19288	4052.58	3879.62	305.0	37.44	27.98
PTHR12975	3678.0	3591.52	150.0	13.05	9.75
PTHR13902	3023.0	2936.55	812.0	104.4	78.04
PTHR13903	3147.0	3017.38	143.0	16.93	12.66
PTHR22753	2477.0	2390.52	36.0	4.91	3.68
PTHR30615	2009.0	1922.52	235.0	40.29	30.11
PTHR22939	18394.26	17832.29	2345.03	206.0	153.98
PTHR16266	3305.0	3132.05	71.0	15.07	11.25
PTHR30612	1350.0	1306.76	70.0	8.72	6.52
PTHR22932	1363.0	1319.76	351.0	43.3	32.37
PTHR22931	18495.66	18279.47	134682.56	6173.69	4614.77
PTHR31038	1767.0	1723.76	1127.0	106.32	79.47
PTHR32357	1612.0	1525.53	141.0	31.02	23.19
PTHR13832	43302.67	42178.47	22946.32	2039.96	1524.85
PTHR21139	2031.0	1944.52	5556.0	861.48	643.95
PTHR21136	4389.0	4259.28	2272.59	244.19	182.53
PTHR12526	48010.14	46669.86	26384.9	2339.65	1748.89
PTHR13120	2049.0	2005.76	184.0	14.91	11.14
PTHR22809	2281.0	2151.29	99.0	24.62	18.41
PTHR22807	7295.0	6992.33	563.0	83.5	62.42
PTHR20661	1464.88	1421.64	46.0	5.27	3.94
PTHR10900	19186.0	18580.72	36328.38	6001.4	4485.99
PTHR10906	5156.48	4983.84	1921.39	157.14	117.47
PTHR10909	16029.56	15597.19	4609.76	387.53	289.69
PTHR10055	2378.0	2291.52	243.17	26.58	19.87
PTHR10057	3197.0	3110.52	689.88	48.57	36.3
PTHR10052	1948.0	1861.52	10428.81	2297.96	1717.7
PTHR13018	6901.0	6814.52	1637.24	81.81	61.15
PTHR10694	12887.19	12498.06	2529.64	218.65	163.44
PTHR12839	3054.22	2967.74	176.0	17.96	13.43
PTHR12835	432.0	388.77	8.0	3.39	2.54
PTHR24031	73952.62	71747.61	47057.68	3915.06	2926.46
PTHR24032	1044.76	1001.52	137.0	22.31	16.68
PTHR24349	19537.91	18975.8	9303.98	753.51	563.25
PTHR24619	11501.12	11241.7	2000.49	190.78	142.62
PTHR24343	57540.22	55681.15	28232.4	2793.51	2088.1
PTHR11472	6887.0	6627.6	402.0	28.29	21.14
PTHR24347	9541.0	9238.35	1168.0	110.75	82.78
PTHR11476	4668.27	4625.03	299.0	10.49	7.84
PTHR10438	23222.68	22487.73	10669.63	1170.44	874.89
PTHR10476	5109.0	4936.04	1643.94	225.19	168.33
PTHR11538	4285.32	4155.6	900.04	96.91	72.44
PTHR24290	7687.37	7557.65	1948.94	100.15	74.85
PTHR12730	2393.0	2306.52	262.97	38.8	29.0
PTHR23413	555.0	511.77	9299.99	2983.29	2229.98
PTHR23417	2012.49	1926.01	123.0	19.02	14.22
PTHR23416	5823.0	5563.56	831.21	120.97	90.43
PTHR23415	1729.35	1686.11	253.0	24.4	18.24
PTHR12736	2437.81	2394.57	1428.0	96.86	72.4
PTHR10871	3750.0	3620.28	9874.9	2231.1	1667.73
PTHR23418	1042.0	998.76	305.0	49.81	37.23
PTHR10877	4794.0	4448.22	74.0	13.73	10.27
PTHR11879	1848.0	1804.76	494.0	44.5	33.27
PTHR10430	5287.47	5114.53	1458.0	180.06	134.6
PTHR11659	1852.0	1808.76	135.0	12.13	9.07
PTHR31096	5978.0	5848.28	5276.33	530.82	396.78
PTHR11655	1809.0	1722.52	12362.48	2488.85	1860.39
PTHR11652	1166.0	1079.53	10082.74	2656.26	1985.53
PTHR10436	8598.61	8252.7	203.0	32.82	24.54
PTHR20883	666.0	622.76	9.0	2.37	1.77
PTHR11895	7383.27	7123.84	213.0	24.28	18.15
PTHR10277	2310.52	2180.86	2743.24	302.43	226.05
PTHR14027	3526.0	3439.52	448.0	42.31	31.62
PTHR13691	2908.82	2779.18	10283.19	1539.11	1150.47
PTHR23180	4893.14	4676.95	520.0	89.96	67.24
PTHR14593	4172.0	4085.52	303.0	25.72	19.22
PTHR11093	3744.77	3615.05	393.73	48.27	36.09
PTHR11096	2963.53	2877.05	380.0	43.13	32.24
PTHR23346	13473.31	13213.88	889.0	65.32	48.83
PTHR11099	3935.0	3805.28	350.0	48.32	36.12
PTHR10309	2089.0	2045.76	2395.39	190.29	142.24
PTHR11252	2549.0	2505.76	396.0	25.67	19.18
PTHR11254	15298.6	14866.22	3811.51	253.21	189.27
PTHR11255	2439.07	2395.83	793.0	53.76	40.19
PTHR14110	5916.0	5743.04	1651.28	177.61	132.76
PTHR16201	1790.0	1746.76	112.0	10.43	7.79
PTHR14374	1402.0	1358.76	118.0	14.14	10.57
PTHR18838	1861.69	1818.45	165.0	14.75	11.03
PTHR12687	1895.0	1851.76	55.01	4.83	3.61
PTHR15157	4785.04	4612.08	254.99	35.93	26.86
PTHR18901	9000.95	8784.75	1598.73	145.41	108.71
PTHR12755	3848.0	3718.28	226.0	29.79	22.26
PTHR12750	4241.0	4154.52	831.6	74.96	56.04
PTHR12753	1043.0	999.76	119.0	19.41	14.51
PTHR15081	1137.0	1093.76	128.0	19.08	14.26
PTHR15574	7102.42	6799.74	482.0	89.45	66.85
PTHR12506	3583.0	3496.52	1505.0	93.37	69.8
PTHR23109	662.0	618.76	9.0	2.38	1.78
PTHR31811	2272.54	2142.83	112.0	26.7	19.95
PTHR12358	7241.19	7068.24	439.0	37.14	27.77
PTHR22748	4380.18	4164.07	141.0	23.91	17.87
PTHR12356	2260.0	2173.52	122.04	19.11	14.29
PTHR12221	2845.0	2758.52	387.0	46.99	35.12
PTHR30603	1059.0	972.54	28.0	9.17	6.86
PTHR12226	2234.0	2147.52	294.0	55.97	41.83
PTHR19876	7855.0	7682.04	3382.24	271.32	202.81
PTHR19877	3153.0	3066.52	2061.72	220.59	164.88
PTHR31953	3116.0	2986.3	250.0	30.83	23.05
PTHR31442	2662.0	2575.52	1573.0	164.59	123.03
PTHR13803	8596.86	8467.14	1199.23	68.23	51.01
PTHR19980	3668.0	3581.52	438.0	36.91	27.59
PTHR12537	5158.26	5071.79	2230.41	162.63	121.56
PTHR12532	541.0	497.77	5.0	1.65	1.23
PTHR13486	1375.0	1331.76	130.0	15.89	11.88
PTHR20275	7256.0	7083.04	1162.0	100.12	74.84
PTHR13489	2642.54	2556.06	105.0	13.34	9.98
PTHR17583	5046.6	5003.36	321.0	10.4	7.78
PTHR19316	2665.0	2535.28	135.0	25.6	19.13
PTHR24198	23878.61	22970.77	2537.37	292.49	218.65
PTHR10048	9212.69	8996.49	888.47	94.51	70.64
PTHR21704	3077.23	3033.99	276.0	14.77	11.04
PTHR24193	11263.7	10831.38	1482.92	165.45	123.68
PTHR10044	4547.78	4461.3	1081.07	64.2	47.98
PTHR11014	6988.62	6815.67	1766.1	141.4	105.69
PTHR10687	1366.0	1322.76	344.02	42.35	31.65
PTHR10681	10368.89	9936.53	4731.35	620.2	463.6
PTHR10682	1773.0	1729.76	994.02	93.45	69.85
PTHR10683	4509.0	4379.28	2627.1	260.09	194.42
PTHR12829	2466.16	2379.69	327.0	44.6	33.34
PTHR12820	2597.0	2553.76	593.99	37.77	28.23
PTHR12826	1586.0	1542.76	775.0	81.73	61.09
PTHR12827	6317.31	6274.16	592.27	15.3	11.44
PTHR17920	303.0	259.86	3.0	1.92	1.43
PTHR13017	1131.0	1087.76	54.0	8.09	6.05
PTHR10137	1109.0	1065.76	516.0	78.94	59.0
PTHR11405	6114.0	5984.28	4407.86	326.08	243.75
PTHR11404	2033.27	1903.57	1724.08	319.71	238.97
PTHR11406	2387.95	2258.27	3992.45	586.29	438.24
PTHR14744	1136.0	1092.76	35.0	5.22	3.9
PTHR13468	1190.0	1146.76	190.0	27.0	20.18
PTHR23406	11386.67	11213.72	2909.0	162.18	121.23
PTHR23407	1371.0	1327.76	78.0	9.57	7.15
PTHR10869	15158.35	14639.5	2642.54	293.48	219.39
PTHR31717	2862.0	2818.76	1429.56	82.34	61.55
PTHR22942	10930.0	10540.92	1439.81	132.59	99.11
PTHR15169	2507.7	2464.46	133.0	8.76	6.55
PTHR11315	5816.62	5730.14	3435.03	150.17	112.25
PTHR10139	728.5	685.28	311.0	74.23	55.49
PTHR10264	4604.52	4474.8	6074.01	755.52	564.74
PTHR10263	2086.0	1999.52	2553.95	407.3	304.45
PTHR31155	4373.42	4286.94	1773.82	90.45	67.61
PTHR32170	5719.76	5590.04	696.0	66.74	49.88
PTHR23350	2788.05	2658.33	537.15	90.41	67.59
PTHR23354	902.0	858.76	30.0	5.7	4.26
PTHR23355	13700.66	13441.22	942.41	56.39	42.15
PTHR23359	4232.15	4102.44	705.4	82.21	61.45
PTHR11227	2777.0	2647.28	180.04	34.1	25.49
PTHR11220	4469.56	4296.61	817.79	112.88	84.36
PTHR11223	6671.41	6584.93	1490.92	70.91	53.0
PTHR11229	2489.0	2402.52	1238.43	179.55	134.22
PTHR10314	19738.18	19176.06	13917.98	1252.94	936.55
PTHR14303	1379.0	1335.76	88.0	10.73	8.02
PTHR11139	34377.28	33728.7	2904.04	196.36	146.77
PTHR15362	1496.0	1452.76	37.0	4.14	3.1
PTHR11132	33445.42	32537.43	19897.86	1666.08	1245.36
PTHR11134	3150.0	3063.52	1082.0	118.81	88.81
PTHR11136	3997.0	3824.04	128.0	23.7	17.71
PTHR32374	2071.0	2027.76	349.0	27.97	20.91
PTHR31579	13730.0	13427.32	5598.93	441.95	330.36
PTHR32379	1273.0	1229.76	25.0	3.31	2.48
PTHR18919	2469.0	2382.52	1564.21	156.6	117.06
PTHR32002	13555.21	13166.06	4006.99	427.83	319.82
PTHR14413	973.0	929.76	475.0	83.37	62.32
PTHR22891	3616.0	3572.76	863.0	39.19	29.3
PTHR14089	2363.0	2276.52	421.0	61.06	45.64
PTHR21368	2033.0	1946.52	731.0	121.33	90.7
PTHR24067	17007.41	16272.6	4752.81	753.57	563.28
PTHR12786	2851.0	2721.28	412.0	72.89	54.49
PTHR11706	4625.0	4495.34	885.0	62.22	46.5
PTHR12782	4128.83	4042.36	1368.0	91.5	68.39
PTHR11742	10855.67	10553.0	2203.25	173.03	129.34
PTHR21213	457.0	413.77	74.0	29.45	22.01
PTHR10182	1651.0	1607.76	1204.97	121.92	91.13
PTHR13923	2652.0	2565.53	447.09	51.5	38.49
PTHR11210	1290.0	1203.52	705.12	189.22	141.43
PTHR13780	3751.09	3664.62	3064.04	266.16	198.95
PTHR12321	2365.0	2278.52	917.97	124.19	92.83
PTHR12320	5802.61	5672.89	1348.95	123.73	92.49
PTHR12323	1801.0	1671.3	70.93	20.64	15.42
PTHR14155	3622.7	3536.22	1074.02	99.54	74.41
PTHR21015	1428.0	1341.57	46.0	9.57	7.16
PTHR16196	2131.62	2045.17	233.0	25.54	19.08
PTHR16193	1962.0	1875.53	108.0	16.88	12.61
PTHR22792	2075.0	1988.52	258.0	42.75	31.95
PTHR22790	5562.0	5389.04	392.0	39.31	29.39
PTHR21680	995.0	951.76	52.0	8.91	6.66
PTHR21689	3249.0	3119.28	254.0	37.21	27.81
PTHR21113	3971.75	3842.04	1326.96	94.64	70.74
PTHR10677	2174.83	2131.6	437.05	33.32	24.9
PTHR21663	4910.0	4823.52	302.0	20.39	15.24
PTHR13253	18103.51	17584.63	4603.98	523.02	390.95
PTHR12446	3195.72	3022.78	239.98	50.18	37.5
PTHR22603	4199.9	4026.94	588.39	90.43	67.59
PTHR21206	1614.0	1527.54	370.96	53.52	40.01
PTHR13789	14581.72	14149.32	5785.91	461.38	344.89
PTHR10071	17235.23	16889.32	6598.76	347.41	259.69
PTHR24188	19051.03	18532.27	6668.4	335.91	251.1
PTHR10670	7048.0	6961.52	341.0	15.72	11.75
PTHR13078	2419.82	2376.58	4921.35	336.36	251.42
PTHR12815	9913.0	9696.81	1360.01	113.08	84.53
PTHR12814	888.0	844.76	106.0	20.49	15.32
PTHR24361	8446.3	8230.1	2511.36	181.66	135.79
PTHR24362	18839.37	18363.87	4539.23	345.21	258.04
PTHR10416	1806.0	1762.76	76.14	7.02	5.25
PTHR10410	3521.0	3391.28	1376.41	198.26	148.2
PTHR10783	13507.05	13117.9	3395.29	362.74	271.14
PTHR10782	1735.18	1691.94	267.0	25.66	19.18
PTHR13476	1626.0	1539.52	324.0	64.62	48.3
PTHR10788	8571.56	8441.84	2019.1	111.34	83.22
PTHR10891	8516.0	8256.56	1600.99	279.02	208.55
PTHR10890	4311.01	4181.3	607.7	40.13	30.0
PTHR20426	2880.02	2836.78	1220.0	69.82	52.19
PTHR23213	6173.0	5913.6	208.0	24.26	18.12
PTHR10072	4123.0	3950.09	532.0	71.26	53.26
PTHR10520	4986.07	4856.35	5599.27	600.4	448.79
PTHR10250	2880.26	2793.78	438.0	38.55	28.81
PTHR10527	11209.31	11079.6	1942.01	99.99	74.75
PTHR31384	1913.0	1869.76	251.92	21.9	16.37
PTHR31385	3134.59	3004.88	211.0	31.55	23.58
PTHR10091	1551.32	1508.08	109.0	11.76	8.79
PTHR31142	1822.0	1778.76	1699.0	155.31	116.09
PTHR31140	2220.0	2176.76	176.0	13.14	9.82
PTHR31412	1689.0	1602.52	65.0	13.24	9.9
PTHR11787	4899.65	4726.7	5734.24	461.4	344.9
PTHR11785	12707.93	12405.26	2618.68	175.3	131.01
PTHR11782	5083.92	4954.21	1691.04	155.42	116.18
PTHR11780	1081.0	994.56	0.0	0.0	0.0
PTHR32497	3118.0	3031.52	224.0	26.87	20.09
PTHR32148	12315.0	11925.86	4008.11	607.42	454.05
PTHR23324	7590.18	7460.46	1042.0	66.6	49.78
PTHR23327	4805.74	4632.79	319.0	44.87	33.54
PTHR23326	5157.71	5071.23	1551.99	113.65	84.96
PTHR23321	3154.0	3024.28	1116.54	246.66	184.38
PTHR23323	2438.0	2351.53	245.94	29.19	21.82
PTHR23322	6378.76	6076.13	1012.0	154.32	115.36
PTHR23329	5817.97	5645.03	367.0	35.95	26.87
PTHR11236	6276.0	6016.62	509.28	48.71	36.41
PTHR11364	1373.44	1330.21	147.0	17.99	13.45
PTHR10322	17941.92	17596.0	2679.32	127.54	95.33
PTHR11239	2504.0	2417.53	230.0	58.89	44.02
PTHR10555	2987.18	2900.71	1512.01	179.9	134.46
PTHR31964	19310.98	18748.87	7540.92	857.27	640.79
PTHR23030	3422.96	3336.48	848.0	68.5	51.2
PTHR11129	2054.0	1967.52	257.0	36.62	27.38
PTHR11122	9247.0	8987.56	4073.55	373.72	279.35
PTHR15316	2516.0	2429.53	248.99	34.36	25.68
PTHR11127	520.0	476.77	5429.24	1871.22	1398.72
PTHR11125	3900.0	3856.76	550.2	23.14	17.3
PTHR31566	609.0	565.76	0.0	0.0	0.0
PTHR31567	1768.0	1724.76	697.0	65.72	49.12
PTHR31561	2994.0	2821.04	314.01	73.43	54.89
PTHR15137	2847.0	2760.53	107.0	13.07	9.77
PTHR14950	2991.0	2861.28	212.0	38.04	28.43
PTHR15954	2884.0	2840.76	70.0	4.0	2.99
PTHR15952	4283.37	4240.13	653.0	24.98	18.67
PTHR21597	5310.0	5093.82	284.0	45.54	34.03
PTHR19271	1886.0	1756.32	18.0	3.92	2.94
PTHR21228	18641.92	18079.84	5120.34	441.92	330.34
PTHR13343	2746.65	2660.17	378.04	45.13	33.73
PTHR12233	1648.01	1604.77	299.12	30.32	22.66
PTHR12029	9348.48	9002.59	480.11	61.73	46.13
PTHR21220	1162.0	1118.76	31.0	4.52	3.38
PTHR22936	2396.0	2309.52	208.0	27.72	20.72
PTHR22780	9304.0	9174.28	1470.86	74.77	55.89
PTHR19308	3126.0	3082.76	287.0	15.11	11.3
PTHR19306	13601.0	13428.04	1269.3	42.53	31.8
PTHR16301	989.0	902.54	12.0	4.37	3.27
PTHR13265	1438.0	1394.76	113.0	13.19	9.86
PTHR22870	26724.0	26032.18	3496.07	365.38	273.13
PTHR17630	2612.0	2482.29	35.0	4.85	3.62
PTHR10064	519.0	475.77	8278.97	2859.47	2137.43
PTHR10066	7066.0	6849.8	180.0	22.29	16.68
PTHR10060	985.0	941.76	34.0	5.89	4.4
PTHR10663	19828.7	19396.3	1656.72	110.39	82.52
PTHR10666	4893.15	4720.24	25706.16	7828.8	5851.95
PTHR10668	15760.9	15198.89	1599.15	150.0	112.1
PTHR12801	5326.63	5196.92	266.0	28.54	21.33
PTHR12802	8099.0	7839.57	488.0	59.09	44.17
PTHR12805	1583.0	1496.52	110.0	24.18	18.07
PTHR12806	1224.0	1180.76	471.95	65.12	48.68
PTHR21091	14367.22	13978.08	4861.2	428.19	320.07
PTHR21090	3958.0	3871.52	1225.0	110.65	82.71
PTHR12281	3957.48	3871.01	778.1	65.99	49.33
PTHR24315	2442.43	2399.2	374.0	25.32	18.93
PTHR24314	5231.0	5058.04	487.4	57.08	42.66
PTHR11933	4141.0	3924.88	205.0	48.27	36.08
PTHR24316	8109.68	7893.51	1153.42	90.37	67.56
PTHR11426	1269.0	1182.62	115.0	20.32	15.19
PTHR11937	11178.48	10832.57	8900.25	858.7	641.87
PTHR11938	23668.99	23107.12	13714.51	401.7	300.27
PTHR21021	4745.12	4615.4	8849.64	495.65	370.48
PTHR13683	9708.75	9492.55	3075.74	202.75	151.56
PTHR24089	65125.84	63309.85	28009.42	2685.56	2007.45
PTHR10796	2578.31	2535.07	761.0	48.75	36.44
PTHR10794	1606.0	1562.76	92.0	9.58	7.16
PTHR10795	30994.79	30389.46	9268.8	386.81	289.13
PTHR10792	690.0	646.76	8120.49	2055.61	1536.54
PTHR10799	86675.64	84297.81	7763.21	636.32	475.61
PTHR10882	731.0	687.76	18.0	4.28	3.2
PTHR10887	34212.26	33261.07	2963.97	258.29	193.07
PTHR11686	1572.64	1486.25	102.0	13.64	10.19
PTHR11685	10767.94	10378.87	1623.45	162.84	121.73
PTHR24221	22819.36	22214.1	3541.53	280.99	210.04
PTHR24220	12049.25	11573.7	1408.54	166.76	124.65
PTHR24223	21010.33	20534.71	1014.12	71.49	53.45
PTHR11689	10586.98	10370.79	821.0	59.42	44.41
PTHR10252	1167.16	1080.69	153.0	44.92	33.58
PTHR13124	1458.0	1414.76	223.0	25.66	19.18
PTHR31173	5668.99	5496.05	1525.0	107.93	80.67
PTHR12538	782.89	739.65	10590.17	2340.61	1749.58
PTHR10099	5276.0	5232.76	1680.35	52.07	38.92
PTHR10625	11321.37	10932.22	2433.61	160.83	120.22
PTHR10098	2794.0	2707.52	348.99	45.62	34.09
PTHR31356	5606.0	5433.04	5206.46	561.74	419.89
PTHR31352	5047.0	4960.52	1377.19	87.52	65.43
PTHR31350	7588.0	7328.6	1507.18	176.73	132.11
PTHR11758	740.0	696.76	5006.9	1175.6	878.75
PTHR23333	1501.0	1457.76	568.0	63.41	47.4
PTHR11751	21140.72	20535.43	7338.53	660.06	493.37
PTHR11753	1054.0	1010.76	353.0	56.96	42.58
PTHR11752	22119.98	21212.16	1204.35	174.85	130.69
PTHR24423	10315.42	9926.34	1262.0	131.13	98.03
PTHR11206	23117.12	22468.64	5101.45	305.33	228.23
PTHR24420	187162.28	181845.08	65122.4	5717.39	4273.6
PTHR10332	3009.1	2879.38	204.0	34.48	25.77
PTHR14140	1880.0	1836.76	160.94	14.25	10.65
PTHR20922	2856.0	2769.52	775.23	81.88	61.21
PTHR10159	15322.82	14890.44	3601.28	317.62	237.41
PTHR12848	1921.05	1877.81	208.12	18.02	13.47
PTHR12363	8816.0	8599.86	591.35	54.55	40.78
PTHR23029	13183.68	12794.53	1104.0	105.86	79.15
PTHR23023	5143.4	4970.44	1251.99	105.36	78.75
PTHR21294	2250.36	2207.12	12520.19	921.62	688.9
PTHR11119	13441.81	13182.37	3070.0	189.87	141.93
PTHR31595	10412.22	10066.31	1861.24	205.19	153.38
PTHR31596	4853.0	4723.3	679.0	30.76	22.99
PTHR15948	1783.51	1740.27	263.01	24.58	18.37
PTHR32026	6039.94	5866.98	1120.0	123.6	92.38
PTHR31829	1335.0	1291.76	1860.93	234.6	175.36
PTHR31419	356.0	312.8	2.0	1.06	0.79
PTHR22938	1948.17	1861.7	190.0	34.58	25.85
PTHR14898	5947.0	5860.52	464.0	25.61	19.14
PTHR19241	64723.0	62690.98	46548.27	3701.63	2766.9
PTHR14894	1613.0	1526.52	36.0	7.34	5.49
PTHR15239	3909.79	3736.83	220.0	38.53	28.8
PTHR12497	1372.0	1328.76	102.0	12.5	9.34
PTHR12302	3793.0	3749.76	2039.41	88.24	65.96
PTHR12304	2444.36	2357.89	281.0	40.75	30.46
PTHR30540	4933.82	4847.35	1516.0	98.07	73.31
PTHR30544	3110.84	3024.42	293.08	31.39	23.46
PTHR13302	3057.0	2927.28	141.0	25.51	19.07
PTHR12472	820.74	777.51	38.0	7.99	5.97
PTHR13308	1704.33	1617.85	75.0	15.22	11.38
PTHR12477	5597.97	5468.25	922.02	79.62	59.52
PTHR13878	3314.0	3184.29	126.41	12.2	9.13
PTHR21461	8369.25	8153.06	598.41	62.52	46.73
PTHR13872	3456.0	3369.53	7935.99	2331.18	1742.53
PTHR22849	25866.39	25261.04	6143.96	534.5	399.56
PTHR21314	2492.74	2406.26	339.0	35.09	26.23
PTHR21649	11758.52	11110.15	143321.43	25037.66	18715.4
PTHR22841	4202.0	4115.52	549.0	50.1	37.45
PTHR21319	5606.41	5390.26	656.0	100.02	74.76
PTHR22847	37167.55	36129.82	6697.65	611.81	457.3
PTHR22846	4342.97	4213.26	592.81	72.64	54.3
PTHR22844	15173.6	14697.97	3877.15	341.01	254.9
PTHR11606	6795.34	6535.93	2675.45	206.87	154.63
PTHR31606	598.0	554.76	272.0	80.41	60.11
PTHR23284	1110.0	1066.76	56.0	8.56	6.4
PTHR21266	14961.54	14615.62	3802.91	270.82	202.41
PTHR21262	8889.17	8672.97	4421.0	329.45	246.25
PTHR12276	2289.0	2202.55	118.0	10.26	7.67
PTHR10657	3304.92	3131.99	167.0	30.71	22.96
PTHR10655	4585.53	4412.57	490.9	60.76	45.42
PTHR10652	2117.0	2073.76	253.0	19.83	14.82
PTHR17972	4057.0	3927.28	479.0	61.5	45.97
PTHR21085	1605.0	1561.76	206.0	21.46	16.04
PTHR11922	4535.0	4362.05	656.14	74.96	56.04
PTHR24305	14209.26	13776.87	1602.0	163.62	122.32
PTHR11431	3321.0	3191.28	738.0	102.83	76.86
PTHR10434	2422.0	2335.52	289.0	44.04	32.92
PTHR24096	16413.17	15851.22	3930.57	340.93	254.85
PTHR13693	7508.74	7292.63	1023.07	86.69	64.8
PTHR24095	22138.01	21489.74	17864.87	1261.14	942.67
PTHR24092	5193.0	5149.76	607.12	19.12	14.29
PTHR24093	41211.77	40001.41	15491.31	1064.09	795.44
PTHR22604	7665.33	7535.61	3062.37	158.78	118.69
PTHR13451	3552.16	3465.69	227.0	21.77	16.27
PTHR13452	946.0	902.76	204.0	36.89	27.57
PTHR10759	513.0	469.77	4026.72	1408.8	1053.06
PTHR12406	5149.48	5019.76	1119.0	96.95	72.47
PTHR12901	1390.0	1346.76	197.0	23.82	17.8
PTHR12903	848.0	804.76	1191.0	241.79	180.74
PTHR23237	551.0	507.77	175.0	56.59	42.3
PTHR10501	2458.0	2414.76	317.0	21.32	15.94
PTHR31169	6003.28	5873.56	253.0	20.31	15.17
PTHR12277	3683.4	3553.69	519.0	63.24	47.27
PTHR14087	722.0	678.76	18.0	4.34	3.24
PTHR23309	5912.0	5782.28	1366.73	91.16	68.13
PTHR23308	4914.0	4697.81	343.95	57.93	43.3
PTHR31344	6463.1	6376.62	619.79	29.98	22.41
PTHR31619	2248.0	2204.76	2310.73	170.28	127.28
PTHR23306	2148.96	2105.73	352.0	27.16	20.3
PTHR23305	3266.37	3179.89	385.43	45.27	33.84
PTHR11748	12481.92	12222.56	6765.15	455.56	340.52
PTHR11214	8427.45	8124.83	2144.38	176.81	132.17
PTHR11216	6321.94	6148.98	817.53	76.04	56.84
PTHR14154	7004.58	6745.14	1620.0	300.03	224.26
PTHR10344	559.2	515.97	64.05	20.38	15.23
PTHR14152	2339.0	2209.29	392.99	82.66	61.79
PTHR11699	15464.48	15032.21	4766.45	278.51	208.19
PTHR11692	1880.0	1836.76	429.43	38.01	28.41
PTHR11693	2738.0	2651.52	5392.54	658.93	492.54
PTHR11695	29363.99	28456.1	7790.47	740.34	553.37
PTHR31760	839.0	752.56	9.0	3.67	2.74
PTHR31906	7235.0	7018.8	629.0	61.51	45.97
PTHR13847	6818.87	6516.23	172.94	25.66	19.18
PTHR23012	11797.16	11408.01	6448.46	559.39	418.13
PTHR11101	9623.03	9277.19	12458.42	894.31	668.48
PTHR11102	5713.57	5540.61	452.0	54.6	40.82
PTHR11106	2818.0	2688.3	373.0	41.84	31.27
PTHR31585	1914.41	1871.17	162.0	14.07	10.52
PTHR32125	1947.0	1860.52	296.0	55.43	41.43
PTHR31588	9209.87	9036.91	1074.0	80.36	60.06
PTHR32120	1991.0	1904.52	38.0	6.58	4.92
PTHR15680	919.0	875.76	397.0	74.01	55.32
PTHR11807	3136.76	3050.28	135.0	15.93	11.9
PTHR11374	324.0	280.83	0.0	0.0	0.0
PTHR10281	1757.06	1670.58	304.0	59.66	44.6
PTHR26312	1444.0	1400.76	315.0	36.6	27.36
PTHR10285	6708.2	6492.0	4308.6	413.2	308.87
PTHR12000	1017.0	973.76	23.0	3.85	2.88
PTHR18895	1330.0	1243.57	26.0	5.26	3.93
PTHR12169	3948.0	3818.29	234.0	19.66	14.7
PTHR12486	2271.85	2142.15	83.0	18.04	13.48
PTHR12480	5135.0	4832.56	415.0	131.85	98.55
PTHR12482	3307.0	3220.52	164.0	16.81	12.56
PTHR12317	10900.48	10597.82	4472.81	490.87	366.93
PTHR12649	3284.47	3111.51	414.98	91.48	68.38
PTHR13992	1587.0	1500.53	103.0	22.89	17.11
PTHR12461	3353.0	3093.66	170.95	48.13	35.96
PTHR12466	2239.0	2152.52	206.0	30.99	23.16
PTHR21419	2032.0	1988.76	225.0	18.39	13.74
PTHR12001	3088.74	3002.26	1406.39	149.25	111.57
PTHR21327	4121.77	4035.29	1770.82	144.79	108.23
PTHR21631	9989.62	9773.42	7219.02	587.45	439.11
PTHR22854	2642.0	2555.52	636.57	74.68	55.83
PTHR22855	7568.0	7395.13	1642.0	133.73	99.95
PTHR22850	7004.48	6788.28	1093.99	98.82	73.85
PTHR22504	2054.0	2010.76	621.07	50.2	37.52
PTHR22915	23105.87	22543.76	5297.78	450.03	336.38
PTHR21256	4463.71	4377.23	2070.0	149.51	111.76
PTHR12265	1445.0	1358.52	12.0	2.64	1.97
PTHR12266	2478.03	2391.55	139.0	18.89	14.12
PTHR10648	2151.0	2107.76	569.0	43.87	32.79
PTHR30178	2823.0	2736.52	12020.58	1458.02	1089.86
PTHR10641	12043.0	11653.87	1841.96	152.88	114.29
PTHR22912	20991.37	20472.59	6406.0	499.11	373.09
PTHR10644	4375.0	4245.28	241.0	24.96	18.65
PTHR12864	5726.44	5596.73	1352.19	106.81	79.84
PTHR12860	2542.0	2498.76	147.99	9.62	7.19
PTHR13194	1617.0	1530.52	54.0	12.97	9.69
PTHR13193	524.0	480.77	120.0	41.01	30.65
PTHR11913	1494.0	1450.76	136.0	15.26	11.4
PTHR11911	8832.34	8529.8	9479.62	1189.14	888.86
PTHR11910	2270.0	2183.52	4244.06	644.86	482.02
PTHR11918	6763.86	6590.9	801.0	79.49	59.42
PTHR12919	1403.0	1316.52	597.07	155.02	115.88
PTHR12910	1825.0	1738.52	989.0	152.69	114.13
PTHR12917	4725.0	4595.28	471.05	46.27	34.59
PTHR11351	5712.0	5582.28	2624.66	237.68	177.67
PTHR11353	16835.0	16402.62	6118.14	538.22	402.32
PTHR11599	16590.0	16114.36	8192.63	920.26	687.9
PTHR10516	17901.92	17080.43	1709.99	291.45	217.87
PTHR11592	4714.0	4541.04	1033.01	148.69	111.14
PTHR13273	995.0	951.76	325.0	55.72	41.65
PTHR31724	2886.44	2756.73	246.98	32.51	24.31
PTHR31098	8663.0	8533.28	5519.89	337.58	252.35
PTHR22594	9759.0	9499.56	1629.87	160.0	119.6
PTHR23315	9260.88	8958.4	1931.69	134.23	100.34
PTHR23316	2720.09	2676.85	842.01	51.08	38.18
PTHR11778	6227.0	6097.28	962.0	70.93	53.02
PTHR11774	3690.0	3560.28	184.0	25.15	18.8
PTHR11773	3696.0	3652.76	1312.93	58.32	43.59
PTHR11772	8052.09	7835.9	10066.01	664.51	496.71
PTHR10357	29003.67	28441.55	8029.77	568.48	424.94
PTHR10353	1321.0	1277.76	80.0	10.2	7.62
PTHR10350	4559.0	4472.52	413.97	29.13	21.78
PTHR10351	3171.44	3084.96	4096.12	639.31	477.88
PTHR32557	2106.0	2062.76	761.05	59.96	44.82
PTHR10359	5644.31	5471.35	847.84	88.65	66.27
PTHR32442	1319.0	1275.76	43.0	5.49	4.1
PTHR31750	1086.0	1042.76	132.0	20.64	15.43
PTHR14189	556.45	513.22	18.0	5.76	4.3
PTHR32228	1153.0	1109.76	18.0	2.64	1.98
PTHR31245	1577.0	1490.52	577.99	124.73	93.24
PTHR23001	2847.0	2760.52	1037.0	113.24	84.66
PTHR23002	1813.48	1727.0	79.0	14.46	10.81
PTHR22904	31259.62	30221.87	5120.19	632.1	472.48
PTHR11177	28519.01	27784.05	4632.04	444.99	332.61
PTHR10445	2284.0	2240.76	1177.99	85.41	63.84
PTHR11178	5182.78	5009.83	1892.69	208.68	155.99
PTHR14456	1835.0	1705.3	483.0	132.77	99.25
PTHR31808	1987.71	1944.47	587.0	49.07	36.68
PTHR31803	6108.5	5978.78	2008.89	162.26	121.29
PTHR11009	734.0	690.76	269.0	63.71	47.63
PTHR19229	20518.56	20086.22	8059.45	423.62	316.64
PTHR20961	24183.28	23621.19	4596.12	372.18	278.19
PTHR11005	3028.0	2941.52	98.0	10.98	8.21
PTHR11006	10088.7	9742.79	1103.07	103.38	77.27
PTHR18640	1854.0	1724.36	8.0	1.51	1.13
PTHR18866	18441.0	17662.91	3110.97	292.36	218.55
PTHR12022	685.0	641.76	1283.99	327.59	244.87
PTHR15588	1971.0	1884.52	361.0	62.56	46.77
PTHR12677	10240.96	9981.52	2157.92	187.69	140.3
PTHR19134	1218.97	1175.73	749.0	103.8	77.59
PTHR19139	7340.58	7081.16	281.0	31.77	23.77
PTHR30566	5355.29	5225.57	1048.97	110.27	82.42
PTHR12459	3650.0	3606.76	190.0	8.55	6.39
PTHR12456	1358.0	1271.52	18.0	4.65	3.48
PTHR12452	883.85	840.61	98.0	19.04	14.23
PTHR19359	5053.19	4837.0	1845.46	242.7	181.41
PTHR12072	4652.95	4479.99	484.04	69.3	51.79
PTHR13218	799.0	755.76	28.0	6.06	4.53
PTHR13215	1316.25	1229.8	48.0	11.94	8.93
PTHR13213	3313.0	3183.28	231.0	32.56	24.34
PTHR10809	1030.82	987.59	111.0	18.33	13.7
PTHR12290	422.0	378.78	17.0	7.4	5.53
PTHR21530	7744.17	7528.0	1003.99	81.15	60.65
PTHR12295	7123.0	7036.52	982.05	45.43	33.95
PTHR12298	2689.0	2559.28	85.0	14.9	11.14
PTHR10638	2390.0	2346.76	449.0	31.08	23.23
PTHR10631	1120.0	1076.76	13.0	1.97	1.47
PTHR10984	5123.47	4993.75	1414.0	136.77	102.24
PTHR12858	3927.0	3840.52	268.0	22.48	16.81
PTHR13505	838.0	794.76	42.0	8.63	6.45
PTHR12850	783.0	739.76	5894.0	1302.71	973.76
PTHR12856	1049.0	962.53	5.0	1.81	1.35
PTHR12855	1808.0	1764.76	108.0	9.95	7.44
PTHR12854	1988.0	1944.76	364.0	30.42	22.74
PTHR21737	1153.0	1109.76	40.0	5.87	4.39
PTHR13190	1875.0	1788.52	78.0	13.64	10.2
PTHR13182	1532.2	1488.96	201.0	21.97	16.42
PTHR10855	3305.0	3218.52	1146.0	100.48	75.1
PTHR10585	1288.0	1244.76	378.0	49.46	36.97
PTHR10743	992.0	948.76	176.0	30.27	22.63
PTHR10742	26809.65	26031.35	4941.55	405.3	302.96
PTHR10745	2337.0	2293.76	1032.28	73.11	54.65
PTHR10744	1904.0	1774.3	11119.45	2754.49	2058.95
PTHR10746	3378.0	3291.52	1301.22	172.08	128.63
PTHR11528	8417.57	8201.37	5512.46	534.61	399.61
PTHR12924	1240.0	1196.76	1271.04	173.03	129.34
PTHR11349	2181.0	2051.29	1429.0	350.58	262.06
PTHR10566	34809.91	34031.62	6934.02	436.38	326.2
PTHR11588	4870.79	4654.9	34782.79	3742.75	2797.65
PTHR10291	4934.0	4847.52	161.0	10.92	8.17
PTHR11584	8870.0	8740.28	1459.0	72.41	54.13
PTHR11586	863.0	819.76	80.0	15.94	11.92
PTHR11909	8043.0	7826.8	3880.72	369.66	276.31
PTHR23429	2901.0	2857.76	2285.87	129.86	97.07
PTHR24320	12751.19	12318.8	1404.97	169.41	126.63
PTHR24322	21438.42	20703.49	5604.85	558.69	417.61
PTHR11907	4522.0	4435.52	754.0	64.49	48.21
PTHR11760	873.0	829.76	12362.86	2433.64	1819.12
PTHR11761	1791.0	1704.52	9564.99	2516.43	1881.0
PTHR11766	1901.0	1857.76	51.37	4.5	3.36
PTHR11767	2937.66	2851.18	992.71	106.96	79.95
PTHR10361	6359.22	6186.26	1130.83	112.71	84.27
PTHR10366	24280.38	23502.11	7763.68	922.33	689.44
PTHR10169	7128.0	6955.04	1065.99	85.02	63.55
PTHR10168	8279.5	7976.94	1921.66	224.19	167.58
PTHR20973	912.0	868.76	41.0	7.71	5.76
PTHR10165	5519.0	5389.28	914.0	81.74	61.09
PTHR31032	2856.0	2769.52	1705.05	177.02	132.31
PTHR23257	230551.86	223893.99	56720.45	4297.17	3212.13
PTHR23253	6190.0	5973.81	2674.36	351.05	262.4
PTHR14190	1107.0	1020.53	117.0	36.1	26.98
PTHR14194	12357.0	11967.84	2630.17	225.98	168.94
PTHR19957	7156.85	6983.9	1120.24	115.98	86.7
PTHR31251	33720.98	32510.42	6682.01	644.87	482.04
PTHR23074	9492.74	9146.83	2089.0	223.87	167.33
PTHR23077	16958.34	16007.41	1465.33	246.04	183.9
PTHR23076	23922.64	23187.69	5924.31	536.25	400.87
PTHR30239	1935.0	1891.76	1602.82	137.73	102.95
PTHR23073	13790.33	13357.93	4538.21	569.41	425.64
PTHR23078	2614.0	2570.76	362.0	22.87	17.09
PTHR11165	932.0	888.76	1054.37	193.67	144.76
PTHR32100	5960.0	5830.28	3462.23	279.96	209.27
PTHR14534	591.0	547.76	7.0	2.1	1.57
PTHR14445	4978.0	4805.04	988.16	171.06	127.87
PTHR23102	615.56	572.33	68.0	19.48	14.56
PTHR23105	4782.0	4565.8	30177.31	4954.59	3703.51
PTHR11010	3118.33	3031.85	8713.88	1216.1	909.03
PTHR12668	1048.0	1004.76	102.0	16.56	12.38
PTHR12661	1331.0	1287.76	106.2	13.43	10.04
PTHR12663	4658.0	4485.04	81.0	11.82	8.83
PTHR12664	1613.0	1526.59	91.0	17.42	13.02
PTHR16166	25097.27	24578.42	2714.98	175.39	131.08
PTHR12111	2090.0	2003.52	381.46	65.52	48.97
PTHR12447	1719.0	1675.76	237.0	23.0	17.19
PTHR15481	404.0	360.78	27.0	12.35	9.23
PTHR21477	5126.63	4996.91	1964.22	142.08	106.21
PTHR26379	2735.0	2648.52	2024.65	216.19	161.6
PTHR12599	1381.0	1294.52	136.0	34.82	26.03
PTHR12596	2897.0	2810.52	98.0	10.96	8.19
PTHR12590	1225.0	1138.52	29.0	8.33	6.23
PTHR12066	2306.85	2133.91	53.0	15.79	11.81
PTHR12064	8459.98	8243.78	1177.0	101.24	75.67
PTHR13226	3173.0	3086.52	217.0	20.74	15.5
PTHR13889	6224.0	6094.28	1733.38	132.79	99.26
PTHR13887	2281.0	2151.29	66.0	17.39	13.0
PTHR21181	1597.81	1511.34	155.94	54.6	40.82
PTHR12412	1322.24	1279.0	131.78	16.78	12.54
PTHR13948	1431.53	1345.09	53.0	13.36	9.99
PTHR12146	1080.0	993.6	5443.8	1250.85	935.0
PTHR11453	2510.0	2466.76	36.0	2.37	1.77
PTHR21506	1550.65	1507.41	260.0	28.06	20.98
PTHR12280	2288.62	2202.14	333.0	48.15	35.99
PTHR11451	8032.0	7815.89	1452.97	109.52	81.86
PTHR12286	5207.0	5077.28	280.03	25.12	18.78
PTHR12415	3184.41	3141.17	264.0	13.64	10.2
PTHR30573	2706.0	2662.76	843.99	51.47	38.47
PTHR22983	6698.58	6482.38	479.0	57.94	43.31
PTHR22981	7662.49	7532.77	6093.8	410.22	306.64
PTHR30191	4098.0	4054.76	10385.25	415.49	310.58
PTHR13082	1314.0	1270.76	372.92	47.79	35.73
PTHR10629	19862.13	19429.74	3310.66	238.47	178.25
PTHR10994	10528.58	10225.9	3186.3	353.68	264.37
PTHR10996	8621.94	8362.5	1290.96	144.77	108.21
PTHR10997	17627.0	17194.69	2230.12	114.98	85.94
PTHR10992	45700.19	44230.18	5181.86	574.01	429.07
PTHR10993	1971.0	1884.52	46.0	7.8	5.83
PTHR17695	7139.0	6836.34	227.97	36.19	27.04
PTHR12849	901.0	857.76	121.0	23.04	17.22
PTHR10943	7835.0	7748.52	2601.44	111.07	83.02
PTHR12847	4682.0	4552.28	547.58	46.83	35.01
PTHR21290	5014.0	4884.28	282.0	26.42	19.75
PTHR21349	2276.0	2189.52	1268.28	225.7	168.71
PTHR21347	2423.61	2337.13	417.01	54.19	40.5
PTHR21343	3144.0	3057.53	510.0	36.88	27.57
PTHR10196	9683.0	9510.04	557.98	38.31	28.63
PTHR10192	3538.0	3451.52	1312.82	118.07	88.25
PTHR10751	1910.0	1866.76	56.0	4.88	3.65
PTHR10755	2385.21	2298.73	1841.49	211.36	157.99
PTHR10758	1460.0	1416.76	186.45	21.42	16.01
PTHR13152	703.0	659.76	11.0	2.73	2.04
PTHR12932	4925.11	4752.15	261.0	38.23	28.58
PTHR12934	1159.0	1115.76	196.0	28.63	21.4
PTHR10288	12451.51	12192.08	8418.12	537.84	402.03
PTHR11800	2852.58	2766.1	393.93	47.93	35.83
PTHR11802	4240.0	4110.28	943.16	76.43	57.13
PTHR11804	9220.0	8874.17	1993.25	174.25	130.26
PTHR11808	7665.11	7448.95	2062.0	157.19	117.49
PTHR10283	12921.35	12575.5	11806.24	641.76	479.7
PTHR10286	3202.0	3115.52	2488.5	235.59	176.1
PTHR13734	4044.0	3957.52	340.0	25.77	19.26
PTHR11579	3004.0	2917.52	188.0	20.41	15.26
PTHR13718	2775.0	2688.52	11257.43	1596.6	1193.44
PTHR13711	9215.0	8955.56	3647.97	235.19	175.8
PTHR13710	8757.67	8411.86	252.0	29.75	22.24
PTHR11977	1824.06	1780.86	947.0	86.46	64.63
PTHR11972	10740.24	10524.09	26055.81	1638.41	1224.68
PTHR31480	2646.0	2602.76	214.99	13.41	10.03
PTHR31485	12646.0	12386.56	1167.25	92.58	69.21
PTHR11715	942.0	898.76	904.0	164.19	122.73
PTHR11717	2102.0	1929.1	74.0	20.84	15.58
PTHR11711	14643.02	14167.39	8076.42	1011.3	755.95
PTHR11712	24030.0	23122.42	1606.0	105.04	78.5
PTHR10374	5175.0	5002.04	3350.95	415.93	310.9
PTHR10178	19024.72	18549.17	4621.48	357.57	267.28
PTHR11482	3294.87	3208.4	2808.7	272.25	203.5
PTHR10173	4198.0	4025.04	1530.0	253.08	189.16
PTHR10177	9880.62	9621.18	2502.17	272.04	203.35
PTHR10174	14616.42	14140.83	5852.45	593.44	443.57
PTHR23249	2131.0	2044.52	302.08	60.91	45.53
PTHR23244	19233.55	18801.16	2002.99	144.09	107.69
PTHR23245	2257.72	2128.01	65.0	14.53	10.87
PTHR23240	4301.34	4128.43	213.0	29.61	22.13
PTHR14614	10068.1	9722.18	711.0	81.26	60.75
PTHR31268	6768.25	6595.35	378.0	28.15	21.03
PTHR31262	738.0	694.76	70.0	16.48	12.32
PTHR23063	4607.0	4477.28	366.0	40.21	30.05
PTHR11620	679.0	635.76	5891.66	1517.48	1134.3
PTHR11624	11235.09	10889.28	11505.63	1135.69	848.93
PTHR11627	2928.0	2798.3	18075.74	2270.81	1697.42
PTHR11390	5460.02	5287.15	396.02	30.57	22.85
PTHR31620	4035.0	3948.52	7178.21	479.28	358.26
PTHR31319	2690.14	2646.9	6483.79	397.76	297.32
PTHR14052	1856.74	1813.5	312.92	28.05	20.97
PTHR32118	1854.0	1810.76	1931.92	173.47	129.66
PTHR23117	3102.75	3016.27	668.0	68.15	50.94
PTHR23115	46786.45	45619.08	118538.39	10584.68	7911.92
PTHR11028	2347.0	2260.52	1600.04	232.0	173.42
PTHR11024	1434.0	1390.76	186.0	21.77	16.27
PTHR12841	1033.0	989.76	92.0	15.16	11.33
PTHR11777	4022.0	3978.76	867.15	35.36	26.43
PTHR12616	2657.23	2527.51	515.0	101.78	76.07
PTHR12613	1854.0	1810.76	64.0	5.75	4.3
PTHR12612	1130.0	1086.76	713.01	106.95	79.95
PTHR32060	5009.97	4793.84	1400.0	111.22	83.14
PTHR12436	1873.0	1743.33	81.87	23.73	17.75
PTHR22734	2627.0	2540.52	207.98	28.4	21.23
PTHR12121	13082.16	12476.89	3470.44	530.85	396.8
PTHR12438	1627.0	1583.76	52.0	5.34	3.99
PTHR11757	4692.85	4563.14	935.0	67.88	50.75
PTHR15492	1108.83	1065.59	83.0	12.7	9.49
PTHR21426	2119.0	2032.52	76.0	12.12	9.06
PTHR21427	1996.0	1952.76	156.0	12.98	9.71
PTHR13161	2042.0	1912.28	277.0	71.04	53.1
PTHR19372	2797.0	2710.52	150.0	15.04	11.24
PTHR19370	2875.0	2788.52	822.0	100.63	75.22
PTHR19376	13291.49	13075.3	3572.9	189.11	141.35
PTHR19375	13661.77	13229.55	11594.38	1235.45	923.49
PTHR12725	5046.5	4787.15	471.0	71.04	53.1
PTHR13890	7060.3	6714.47	990.95	164.1	122.66
PTHR22883	10219.6	9873.68	716.0	66.23	49.5
PTHR22880	9699.46	9310.32	990.34	135.42	101.22
PTHR12542	2413.0	2283.35	42.0	7.29	5.45
PTHR12124	2678.99	2592.51	130.02	14.7	10.98
PTHR21512	2713.0	2626.52	138.0	17.84	13.33
PTHR30508	3786.0	3699.52	1651.33	131.46	98.27
PTHR30502	1508.0	1464.76	102.0	11.33	8.47
PTHR10617	10546.15	10200.32	13325.32	958.6	716.53
PTHR10615	6293.0	6076.8	1163.0	131.64	98.41
PTHR13527	1540.0	1496.76	239.0	25.98	19.42
PTHR22958	6599.96	6470.25	5359.33	350.51	262.0
PTHR22951	1156.89	1113.65	212.01	31.02	23.19
PTHR22950	36782.24	35744.57	8739.66	554.24	414.27
PTHR22953	19755.61	19366.47	3769.53	272.33	203.58
PTHR22952	12765.67	12549.47	18153.12	1022.01	763.95
PTHR22957	13632.06	13199.69	1277.61	149.63	111.84
PTHR21600	1591.0	1547.76	172.0	18.08	13.51
PTHR24056	15769.53	15380.37	2540.08	183.46	137.13
PTHR24054	1353.0	1309.76	638.97	79.44	59.38
PTHR24055	12593.15	12247.25	2754.81	239.05	178.7
PTHR24058	6483.65	6224.31	916.97	126.16	94.3
PTHR10766	10144.92	10015.2	4811.02	242.46	181.24
PTHR10762	3081.65	2995.17	222.0	25.95	19.4
PTHR30031	6041.67	5782.27	15357.84	1004.39	750.77
PTHR12945	2747.64	2661.16	119.0	16.98	12.7
PTHR12944	1704.7	1618.24	64.0	10.82	8.09
PTHR24128	9181.12	8964.92	985.0	64.54	48.24
PTHR13096	2349.14	2262.66	261.0	36.63	27.38
PTHR11365	3009.63	2966.39	417.0	22.82	17.06
PTHR10548	4230.25	4057.32	2726.12	417.84	312.34
PTHR11817	9115.06	8942.11	3497.02	257.36	192.36
PTHR11814	10201.66	9769.47	1167.4	129.01	96.44
PTHR11363	1439.0	1395.76	21537.94	2511.83	1877.57
PTHR10543	7764.0	7461.43	257.0	29.06	21.71
PTHR10540	3629.74	3500.02	950.87	124.24	92.86
PTHR13931	3107.52	2977.91	715.67	114.9	85.89
PTHR12965	3036.0	2949.54	154.0	17.01	12.72
PTHR10544	654.43	611.2	3796.76	1017.65	760.68
PTHR11562	4057.0	3884.1	266.0	46.85	35.02
PTHR11566	18019.0	17759.56	4519.0	241.53	180.53
PTHR11567	4850.35	4720.63	514.0	63.66	47.58
PTHR11564	5195.0	4978.81	773.71	82.56	61.73
PTHR11962	4310.0	4180.33	590.0	39.54	29.55
PTHR11963	4239.64	4109.95	112.0	9.69	7.24
PTHR10381	8445.74	8099.83	6462.35	860.9	643.53
PTHR10383	4921.0	4834.52	1539.8	96.04	71.79
PTHR11705	1231.0	1187.76	26.0	3.57	2.67
PTHR11702	9442.87	9140.19	844.76	99.16	74.13
PTHR11700	1379.0	1292.52	7827.08	2203.58	1647.15
PTHR10388	855.0	811.76	3648.0	734.17	548.79
PTHR11709	8247.62	8031.5	652.0	35.41	26.46
PTHR10145	4981.0	4894.52	417.0	24.73	18.49
PTHR23273	4114.57	4028.09	784.98	58.33	43.6
PTHR23270	5937.75	5635.15	331.0	59.48	44.45
PTHR23050	3435.0	3262.04	4076.68	756.22	565.26
PTHR23056	1987.0	1900.52	223.0	37.22	27.82
PTHR23054	1172.0	1128.76	51.0	7.36	5.5
PTHR11638	14890.7	14501.55	17202.11	884.77	661.35
PTHR31783	5563.0	5519.76	2492.04	73.2	54.72
PTHR23291	4332.42	4245.95	2113.0	146.11	109.22
PTHR11630	17365.4	16976.24	3456.27	274.99	205.54
PTHR11140	4008.0	3964.76	1968.96	80.57	60.22
PTHR11141	3167.0	3123.76	1115.0	57.94	43.31
PTHR11142	6231.31	5928.67	299.01	54.46	40.72
PTHR11380	460.0	416.77	93.0	36.74	27.46
PTHR11384	9953.27	9520.97	714.0	96.54	72.15
PTHR32477	2054.0	2010.76	71.0	5.74	4.29
PTHR14043	1196.0	1109.59	28.0	6.3	4.71
PTHR32472	1714.67	1628.25	80.0	15.76	11.78
PTHR31658	1728.0	1641.52	79.0	15.76	11.79
PTHR14269	3164.74	3035.14	420.0	70.15	52.43
PTHR22884	18550.52	17945.2	2187.36	231.43	172.96
PTHR23125	34220.86	33269.63	5613.4	430.57	321.85
PTHR12050	3349.0	3305.76	177.0	8.69	6.5
PTHR19879	2112.0	2025.52	42.0	6.95	5.2
PTHR19211	14293.0	13730.94	3100.72	392.37	293.29
PTHR12547	5105.0	4888.81	1139.0	120.07	89.76
PTHR12608	3279.31	3149.65	763.0	88.35	66.03
PTHR12604	1254.17	1210.95	741.01	99.67	74.5
PTHR12603	3307.0	3220.52	384.95	42.4	31.69
PTHR32091	1512.0	1468.76	407.0	45.1	33.71
PTHR32098	3876.0	3703.14	67.0	8.45	6.32
PTHR18763	1558.0	1514.76	70.0	7.52	5.62
PTHR22726	5715.5	5542.54	2747.69	231.86	173.31
PTHR22727	3835.0	3791.76	917.0	39.24	29.33
PTHR12428	5046.41	4873.45	864.0	79.08	59.1
PTHR18968	11232.0	10886.09	26052.89	1714.22	1281.39
PTHR12735	2910.0	2780.28	575.0	96.53	72.15
PTHR15020	7465.09	7205.67	874.52	113.45	84.8
PTHR12049	2097.62	2011.16	116.12	13.61	10.17
PTHR12558	4641.0	4511.28	967.37	77.79	58.15
PTHR12553	7247.76	6988.32	474.0	62.25	46.53
PTHR24072	2621.0	2577.76	241.0	15.18	11.35
PTHR11477	2985.0	2855.3	195.01	28.45	21.27
PTHR24073	12592.96	12117.39	7838.5	976.06	729.59
PTHR21569	1462.0	1375.52	6588.98	1799.15	1344.85
PTHR10491	1185.0	1141.76	51.03	7.28	5.44
PTHR21567	6031.0	5858.04	532.0	42.74	31.94
PTHR13950	3863.43	3820.19	195.0	8.28	6.19
PTHR12133	983.68	940.44	27.0	4.68	3.5
PTHR10972	7734.0	7561.04	1890.11	163.21	122.0
PTHR10606	975.0	888.55	14.0	4.96	3.71
PTHR10971	8135.41	8005.69	1948.45	108.34	80.99
PTHR13393	986.0	942.76	19.0	3.29	2.46
PTHR13395	1403.0	1316.52	72.0	17.16	12.83
PTHR11680	5940.56	5810.84	14941.9	1137.77	850.47
PTHR22893	5997.7	5781.65	972.0	81.59	60.99
PTHR10778	5100.0	4927.05	687.49	89.88	67.18
PTHR24064	10725.18	10508.98	7417.18	762.17	569.71
PTHR24063	16963.05	16444.25	4556.37	383.77	286.86
PTHR21011	1933.0	1846.52	1920.06	320.4	239.49
PTHR10772	2995.0	2865.28	760.01	128.66	96.17
PTHR10774	13816.22	13340.67	5824.33	802.78	600.07
PTHR24068	2443.0	2356.52	1557.87	237.85	177.8
PTHR12959	2234.54	2191.3	156.0	11.57	8.65
PTHR24115	49098.09	48146.95	5228.57	301.53	225.39
PTHR10961	1864.0	1777.52	32.0	5.89	4.41
PTHR11825	9345.11	9085.67	1893.1	181.84	135.91
PTHR11822	2452.0	2408.76	2071.82	139.7	104.43
PTHR10803	1624.88	1538.44	170.13	36.77	27.48
PTHR10806	751.0	707.76	75.01	17.34	12.96
PTHR10804	12613.83	12311.16	3222.95	340.89	254.8
PTHR11556	4466.38	4336.67	2565.13	276.34	206.57
PTHR11558	1273.0	1229.76	1871.0	247.83	185.25
PTHR13773	4778.0	4691.52	1017.0	107.36	80.25
PTHR10537	1824.0	1780.76	47.58	4.34	3.25
PTHR11953	3036.0	2863.06	131.0	30.28	22.65
PTHR11952	6596.25	6466.53	934.17	76.98	57.54
PTHR11956	2215.0	2171.76	754.0	56.41	42.17
PTHR11959	3036.0	2949.52	517.94	45.95	34.35
PTHR11739	3810.0	3723.52	1120.17	89.72	67.07
PTHR11732	27664.41	26886.21	3475.36	280.94	209.97
PTHR11731	8126.1	7823.5	622.0	64.17	47.97
PTHR11730	15283.91	14808.44	11366.11	814.0	608.46
PTHR11735	2340.0	2253.52	173.0	24.42	18.26
PTHR10394	1371.0	1284.53	9138.97	1778.31	1329.26
PTHR20941	1546.0	1416.33	39.0	11.35	8.48
PTHR31065	4077.22	3990.74	8986.56	580.46	433.89
PTHR13600	8083.08	7910.13	760.0	71.53	53.46
PTHR31066	3024.0	2980.76	774.96	42.2	31.55
PTHR13604	1561.0	1517.76	38.0	4.07	3.05
PTHR23264	6369.76	6240.04	5798.62	332.9	248.84
PTHR23269	1834.0	1790.76	127.0	11.53	8.62
PTHR31204	1388.0	1344.76	42.0	5.08	3.8
PTHR31201	4187.35	4100.87	428.0	33.68	25.18
PTHR31209	1265.55	1222.32	86.0	11.46	8.57
PTHR11607	2133.0	2089.76	225.56	17.54	13.11
PTHR15074	740.0	696.76	14.0	3.29	2.46
PTHR11601	8587.0	8327.56	1294.0	112.46	84.07
PTHR32467	9757.13	9368.23	1340.96	137.49	102.78
PTHR14255	11018.69	10672.88	562.0	73.36	54.83
PTHR31840	694.0	650.76	19.0	4.78	3.57
PTHR23130	1786.61	1743.37	1930.78	180.09	134.62
PTHR23133	1304.0	1260.76	432.0	55.81	41.71
PTHR23135	5043.73	4957.25	7330.52	270.14	201.93
PTHR23138	2392.0	2305.52	974.05	135.92	101.59
PTHR23139	11838.71	11492.8	4909.67	623.35	465.95
PTHR31682	1615.0	1571.76	634.32	65.66	49.08
PTHR11040	1808.0	1678.37	219.0	36.46	27.25
PTHR11043	832.0	788.76	101.95	21.12	15.79
PTHR11042	6443.0	6270.04	221.78	20.91	15.62
PTHR11048	4514.87	4341.99	1063.0	111.5	83.35
PTHR14005	3537.77	3494.53	912.66	42.38	31.68
PTHR15818	1419.0	1332.53	120.0	28.62	21.4
PTHR12636	1097.0	1053.76	174.0	26.92	20.12
PTHR14490	2215.6	2085.9	1021.0	156.54	117.01
PTHR14493	23157.72	22682.08	19695.38	1083.5	809.9
PTHR15651	2607.2	2563.96	83.0	5.26	3.93
PTHR12380	3739.0	3566.05	1353.27	203.39	152.04
PTHR12385	6697.79	6524.84	3764.76	356.41	266.42
PTHR12706	8021.84	7805.65	509.99	50.79	37.96
PTHR12709	1652.0	1565.52	237.0	52.77	39.44
PTHR12561	794.0	750.76	37.0	8.06	6.02
PTHR12560	3251.0	3164.52	763.87	71.24	53.25
PTHR11203	5950.54	5820.82	1362.93	80.86	60.45
PTHR12097	4051.0	4007.76	1764.91	71.44	53.4
PTHR11200	9311.96	9052.52	1359.91	112.75	84.27
PTHR21576	4753.0	4623.28	988.06	114.43	85.54
PTHR10046	5194.02	4977.95	358.0	59.78	44.68
PTHR12419	4190.0	4017.04	404.15	63.83	47.72
PTHR23338	5067.34	5024.1	694.58	22.42	16.76
PTHR30525	1707.0	1663.76	469.55	45.9	34.31
PTHR12413	3291.37	3204.89	148.0	15.02	11.23
PTHR12411	63824.85	62268.35	42898.43	2784.53	2081.41
PTHR23339	3746.0	3616.29	86.01	7.14	5.35
PTHR10947	4645.03	4558.55	1507.7	105.94	79.19
PTHR21717	694.0	650.76	16.0	4.03	3.01
PTHR21712	2704.0	2617.52	301.0	34.11	25.5
PTHR12897	3235.0	3148.52	229.0	23.65	17.68
PTHR12894	5580.63	5364.43	299.0	49.38	36.92
PTHR12891	1045.0	1001.76	5.0	0.81	0.61
PTHR22976	9002.45	8743.04	14606.39	934.92	698.84
PTHR22975	11899.43	11596.85	14327.82	748.58	559.57
PTHR22970	2189.0	2102.53	302.77	34.52	25.81
PTHR14145	3013.0	2926.52	812.0	89.15	66.64
PTHR21377	863.0	819.76	25.0	4.98	3.72
PTHR21371	2164.0	2120.76	9120.76	698.83	522.36
PTHR21373	2045.0	1915.32	83.0	23.06	17.23
PTHR22573	7775.42	7602.46	3351.02	307.15	229.6
PTHR22572	12774.0	12471.33	4971.97	372.7	278.59
PTHR13060	1675.0	1631.76	59.0	5.88	4.4
PTHR21000	2318.98	2275.74	2520.01	179.89	134.47
PTHR10701	1164.71	1121.47	598.11	86.92	64.97
PTHR13162	7454.0	7410.76	3063.23	67.0	50.08
PTHR13165	1582.35	1539.11	265.0	28.01	20.94
PTHR21396	1678.0	1591.52	300.0	60.74	45.4
PTHR13069	3050.6	2964.13	95.0	8.86	6.62
PTHR13068	8060.63	7801.23	2026.48	220.55	164.84
PTHR24106	5426.0	5296.28	700.96	67.65	50.56
PTHR24103	3674.0	3501.04	192.0	30.59	22.86
PTHR11540	4555.0	4338.81	6344.98	812.27	607.16
PTHR10836	4144.0	3971.08	33246.0	3921.24	2931.09
PTHR10835	2444.0	2400.76	518.57	35.08	26.23
PTHR11545	2518.0	2388.28	9857.38	1798.77	1344.57
PTHR10012	1497.0	1453.76	227.0	25.41	19.0
PTHR13768	2914.0	2827.52	643.0	76.04	56.84
PTHR24078	14060.24	13627.93	1491.01	175.44	131.14
PTHR11946	21622.83	21147.19	4712.86	344.3	257.35
PTHR11947	4326.0	4239.52	1710.94	119.9	89.62
PTHR11941	10907.09	10561.28	2721.01	235.47	176.0
PTHR10497	2064.0	2020.76	9646.09	775.78	579.89
PTHR10496	307.0	263.85	1.0	0.63	0.47
PTHR24076	24421.69	23600.19	4018.53	358.03	267.62
PTHR24077	17091.52	16442.95	1881.47	246.71	184.41
PTHR11728	6292.34	6162.62	1158.01	96.28	71.98
PTHR11726	963.0	919.76	11349.77	2013.94	1505.4
PTHR11727	3331.0	3201.28	274.0	45.71	34.17
PTHR11721	781.0	737.76	7238.01	1604.14	1199.08
PTHR11722	892.44	849.2	6923.88	1331.52	995.3
PTHR10120	1841.0	1797.76	457.18	41.35	30.91
PTHR10122	1212.0	1168.76	4127.97	575.49	430.17
PTHR11831	938.0	894.76	13432.49	2450.62	1831.81
PTHR11835	1842.0	1798.76	357.61	32.32	24.16
PTHR11614	1552.82	1509.59	386.0	41.6	31.1
PTHR11615	17879.41	17144.59	21285.55	2379.22	1778.43
PTHR11618	5037.96	4865.0	990.57	117.51	87.85
PTHR32419	2061.0	2017.76	48.0	3.87	2.89
PTHR10231	3178.94	3049.22	215.0	28.25	21.11
PTHR10233	8082.77	7866.57	1611.0	160.26	119.79
PTHR31503	5573.44	5400.48	933.0	86.43	64.61
PTHR23147	2137.65	2051.19	1380.0	236.08	176.46
PTHR23140	2273.46	2186.99	173.0	25.39	18.98
PTHR23142	2471.7	2385.23	330.0	39.03	29.17
PTHR23149	1541.0	1454.52	212.0	53.89	40.28
PTHR23148	958.01	914.77	105.0	18.73	14.0
PTHR11361	14082.18	13649.98	980.08	66.1	49.4
PTHR11056	3136.47	3050.0	1378.99	179.63	134.27
PTHR11055	5043.12	4913.41	1812.97	162.99	121.83
PTHR32251	4293.38	4163.66	677.0	67.37	50.35
PTHR31695	2265.0	2178.52	188.0	30.78	23.01
PTHR11819	3820.0	3733.55	1181.99	57.09	42.68
PTHR22767	6244.0	6071.04	317.06	35.3	26.39
PTHR22765	8995.0	8778.86	2837.95	198.86	148.64
PTHR12629	1743.0	1699.76	1061.44	101.56	75.91
PTHR18945	4488.35	4358.64	711.74	58.44	43.68
PTHR26402	18351.62	17919.45	4085.51	208.74	156.03
PTHR19384	8284.0	7981.35	2552.61	307.01	229.49
PTHR12714	6182.29	6009.33	1265.0	133.7	99.94
PTHR32523	1434.0	1390.76	93.0	10.89	8.14
PTHR12570	3983.41	3853.7	297.0	38.08	28.47
PTHR21494	2138.0	2051.52	66.0	10.48	7.83
PTHR21145	3548.06	3461.58	561.0	50.98	38.1
PTHR21496	3471.0	3298.04	638.0	140.75	105.21
PTHR21493	38265.88	37098.51	5505.01	532.06	397.72
PTHR21499	3743.94	3657.5	4202.24	204.63	152.96
PTHR21148	4302.0	4129.04	655.0	89.95	67.22
PTHR12083	2128.0	2041.52	54.0	8.67	6.48
PTHR19854	5475.87	5346.15	258.94	14.86	11.11
PTHR30535	4856.04	4726.36	2008.0	264.38	197.63
PTHR19855	3505.0	3418.52	698.0	64.39	48.13
PTHR19852	1270.0	1226.76	186.0	24.7	18.46
PTHR16128	4065.99	3936.36	176.91	18.23	13.63
PTHR12400	3822.0	3735.56	435.0	33.39	24.95
PTHR13572	1995.2	1951.96	128.0	10.66	7.97
PTHR30314	6467.0	6294.06	3979.24	294.54	220.18
PTHR12882	688.0	644.76	96.0	24.38	18.22
PTHR12883	1449.0	1405.76	232.05	26.87	20.08
PTHR16255	6790.0	6617.04	1102.0	97.99	73.24
PTHR16254	7921.68	7791.96	1467.0	88.49	66.15
PTHR13373	1546.0	1502.76	60.0	6.5	4.86
PTHR13375	1448.0	1404.76	134.0	15.53	11.61
PTHR22967	1291.0	1247.76	48.0	6.27	4.68
PTHR10150	3962.0	3832.33	109.0	11.92	8.91
PTHR30222	1593.0	1549.76	32.0	3.36	2.51
PTHR13115	2358.0	2314.76	179.0	12.56	9.39
PTHR13117	1932.0	1888.76	979.0	84.26	62.98
PTHR13285	1761.0	1631.32	25.0	6.94	5.19
PTHR13288	1305.0	1261.76	49.0	6.32	4.73
PTHR10953	16522.4	16046.83	3172.23	234.82	175.53
PTHR10954	1974.0	1887.52	121.0	20.91	15.63
PTHR21726	717.0	673.76	15.0	3.64	2.72
PTHR10956	1380.0	1336.76	9607.79	1170.21	874.72
PTHR10826	1172.0	1128.76	504.0	72.77	54.39
PTHR11533	7564.0	7434.28	2108.01	113.07	84.52
PTHR11532	3802.0	3585.81	2257.07	467.11	349.15
PTHR10000	5257.55	5127.83	461.99	44.1	32.96
PTHR13021	1366.02	1322.79	161.0	19.82	14.81
PTHR10108	51757.87	50244.54	19920.11	945.6	706.82
PTHR24007	4283.17	4196.69	592.97	44.62	33.35
PTHR24006	27195.41	26373.88	3083.04	370.83	277.17
PTHR24003	31855.95	30731.77	12045.24	1043.04	779.62
PTHR31446	1048.0	1004.76	389.0	63.15	47.2
PTHR31190	4053.0	3923.28	1084.98	107.07	80.03
PTHR11441	1551.0	1507.76	424.0	45.76	34.2
PTHR11440	2341.0	2254.52	220.0	26.02	19.45
PTHR11999	7871.67	7655.55	4238.06	270.31	202.06
PTHR11998	5138.0	5008.28	1840.96	194.19	145.16
PTHR11449	884.22	797.78	8139.45	2920.34	2182.93
PTHR11994	754.0	710.76	10417.41	2397.33	1791.98
PTHR10133	13196.43	12937.1	4272.95	192.59	143.95
PTHR13620	10075.61	9729.74	1025.54	133.28	99.64
PTHR11847	800.0	756.76	10587.38	2287.01	1709.52
PTHR11843	692.0	648.76	8145.24	2055.45	1536.43
PTHR11661	3035.0	2905.28	8156.18	1507.35	1126.73
PTHR11662	21646.0	21127.14	9320.82	463.04	346.13
PTHR11669	5576.0	5403.04	774.22	86.51	64.66
PTHR11668	10846.0	10456.85	5179.92	624.83	467.06
PTHR20856	9720.99	9461.58	2748.25	185.42	138.6
PTHR20854	5888.0	5671.81	561.98	72.57	54.24
PTHR20855	2886.0	2799.52	306.0	38.49	28.78
PTHR20852	4798.35	4625.39	8610.01	821.22	613.85
PTHR32404	3115.61	3029.13	592.77	63.59	47.54
PTHR20858	3584.0	3454.28	915.18	120.02	89.71
PTHR10634	697.0	653.76	242.0	60.6	45.3
PTHR14237	9242.67	8940.17	1399.72	81.95	61.25
PTHR11143	816.0	772.76	8748.96	1850.41	1383.16
PTHR23155	157997.61	153587.6	22301.61	1483.76	1109.08
PTHR23153	7108.15	6805.5	1049.0	201.63	150.72
PTHR23151	7561.04	7171.99	1918.02	323.4	241.73
PTHR11063	3315.0	3228.52	687.95	70.44	52.65
PTHR11062	20789.36	20184.05	3906.8	218.43	163.28
PTHR11061	3876.0	3616.64	72.0	15.46	11.56
PTHR11065	3953.64	3823.92	2640.48	313.97	234.69
PTHR11064	2073.91	1987.43	863.79	99.57	74.42
PTHR11260	14936.84	14547.77	2087.47	180.36	134.8
PTHR11264	1497.65	1454.41	307.01	34.35	25.68
PTHR11266	11895.11	11462.72	4457.99	476.02	355.81
PTHR13501	779.0	735.76	501.0	111.34	83.23
PTHR31998	5891.0	5761.28	34009.86	1739.52	1300.28
PTHR31221	3074.43	2987.96	421.0	44.38	33.17
PTHR15838	1059.43	972.99	20.0	6.74	5.04
PTHR32338	1527.0	1483.76	557.0	61.09	45.66
PTHR31407	3578.0	3448.28	614.0	90.94	67.99
PTHR15744	1121.44	1034.98	114.0	34.72	25.95
PTHR20932	1401.14	1357.91	279.41	33.5	25.04
PTHR18952	1776.0	1732.76	44.0	4.13	3.09
PTHR10552	1229.0	1185.76	243.0	33.39	24.96
PTHR25040	6398.0	6225.05	3726.64	258.41	193.15
PTHR12765	1200.0	1113.53	83.0	24.05	17.98
PTHR12505	3066.43	2979.95	181.0	21.57	16.13
PTHR21481	2826.0	2739.52	73.0	8.62	6.44
PTHR22778	5034.0	4817.82	468.0	51.49	38.49
PTHR19446	12211.95	11952.53	31062.41	1566.7	1171.1
PTHR12219	2912.0	2868.76	2822.44	159.72	119.39
PTHR13561	5271.12	5141.4	248.0	23.88	17.85
PTHR13563	961.0	917.76	69.0	12.27	9.17
PTHR12210	4326.0	4239.52	2465.54	187.46	140.13
PTHR12215	1294.0	1207.55	15.0	4.72	3.53
PTHR12214	1993.0	1949.76	102.0	8.5	6.36
PTHR12189	1085.0	998.54	35.0	11.18	8.36
PTHR22911	7338.55	7079.13	708.95	85.59	63.99
PTHR11926	2383.0	2296.52	235.0	33.31	24.89
PTHR19842	1791.0	1747.76	162.0	15.07	11.27
PTHR12183	2182.99	2096.51	496.0	68.91	51.51
PTHR19849	2217.0	2130.52	184.0	28.3	21.15
PTHR21152	5081.85	4865.66	663.78	136.08	101.72
PTHR19861	1045.0	1001.76	137.0	22.31	16.67
PTHR30075	4129.0	3956.05	243.0	47.45	35.47
PTHR11632	8552.97	8293.63	11062.11	679.36	507.82
PTHR13102	2271.43	2141.72	167.0	35.68	26.67
PTHR12984	4264.0	4177.52	382.0	29.83	22.31
PTHR23293	6373.0	6200.05	3070.16	281.13	210.14
PTHR13299	1724.0	1680.76	179.0	17.32	12.95
PTHR12652	3473.0	3386.52	688.0	67.25	50.27
PTHR10925	2662.0	2618.76	1129.9	70.06	52.37
PTHR10920	5135.0	4918.8	586.2	97.6	72.96
PTHR10584	25035.29	24343.51	14576.53	721.45	539.28
PTHR11527	2478.02	2348.36	55.0	8.94	6.68
PTHR11525	1644.0	1600.76	574.98	58.43	43.68
PTHR10859	4005.0	3832.04	556.91	90.93	67.97
PTHR10589	4320.25	4233.77	523.0	33.51	25.05
PTHR10588	6282.0	6022.62	246.0	28.18	21.08
PTHR13038	2309.0	2265.76	103.27	7.4	5.53
PTHR13748	7711.14	7451.75	2032.85	198.83	148.63
PTHR12126	2855.14	2768.66	1738.92	196.94	147.21
PTHR13743	13961.95	13745.75	968.82	49.54	37.04
PTHR24015	48240.5	46900.34	11443.74	854.04	638.42
PTHR24012	37535.22	36368.0	12814.42	1712.98	1280.4
PTHR24011	35580.55	34586.17	22563.96	2089.87	1562.16
PTHR31187	8803.0	8630.04	4835.35	294.29	219.99
PTHR10459	6362.81	6146.62	539.01	70.57	52.76
PTHR10458	2043.0	1956.52	77.97	16.81	12.57
PTHR11986	15366.79	14977.66	4176.77	321.93	240.66
PTHR11455	6412.0	6195.89	929.0	58.77	43.94
PTHR10102	3400.0	3313.52	213.0	21.27	15.89
PTHR11458	1860.0	1773.58	1302.01	142.41	106.45
PTHR10106	886.0	842.76	28.0	5.43	4.06
PTHR31057	2491.82	2362.11	99.0	20.04	14.99
PTHR21141	2842.0	2712.29	14290.64	2904.45	2171.04
PTHR11851	17567.97	17092.42	7669.43	689.11	515.1
PTHR23092	3863.0	3733.28	333.0	43.16	32.27
PTHR23091	11477.54	10958.7	997.0	138.15	103.26
PTHR11673	999.0	955.76	9690.97	1654.35	1236.61
PTHR11670	8268.5	8009.08	8950.96	637.5	476.54
PTHR11671	1576.0	1532.76	1324.52	140.6	105.1
PTHR20863	3026.95	2897.23	2957.51	585.71	437.81
PTHR20861	3582.0	3495.52	875.0	76.92	57.5
PTHR11679	7365.59	7235.87	1066.13	74.21	55.48
PTHR14009	5862.47	5775.99	880.05	48.98	36.61
PTHR10217	9368.47	9109.14	813.0	62.21	46.51
PTHR10210	6537.0	6450.52	1772.0	100.84	75.38
PTHR31522	1599.0	1555.76	476.69	49.85	37.26
PTHR14221	2100.0	2056.76	369.0	29.16	21.79
PTHR23163	3206.0	3119.53	172.0	15.43	11.54
PTHR11079	5309.29	5049.91	353.0	51.51	38.51
PTHR11076	7235.39	6759.88	106.0	27.83	20.81
PTHR11070	5346.0	5216.29	225.0	12.45	9.3
PTHR11071	24281.36	23243.74	14102.36	2020.82	1510.56
PTHR11278	1059.0	1015.76	9750.25	1565.48	1170.18
PTHR14107	1509.72	1466.48	304.11	33.75	25.23
PTHR11276	6275.9	6102.98	288.0	19.07	14.26
PTHR11274	2920.0	2833.52	162.0	18.47	13.8
PTHR14136	4895.91	4722.95	1539.7	234.63	175.39
PTHR31984	3316.0	3229.52	472.0	45.37	33.92
PTHR15350	2649.0	2562.52	617.0	65.09	48.66
PTHR15606	2714.0	2627.52	187.93	22.78	17.03
PTHR12374	2741.18	2654.7	477.0	50.98	38.11
PTHR12375	1863.0	1776.52	208.0	37.29	27.88
PTHR12378	1049.53	1006.3	128.0	20.75	15.51
PTHR18929	17470.11	16908.02	12154.15	1672.77	1250.39
PTHR13976	2294.0	2207.52	215.33	30.81	23.03
PTHR12777	676.0	632.76	688.0	178.05	133.09
PTHR12775	2761.0	2674.52	689.0	83.6	62.49
PTHR12770	6768.36	6508.92	211.0	26.49	19.8
PTHR20981	722.0	678.76	9386.96	2263.06	1691.61
PTHR14085	1723.0	1679.76	163.0	15.78	11.8
PTHR16092	1717.0	1630.53	116.0	25.77	19.26
PTHR11035	3295.0	3208.52	148.0	15.04	11.24
PTHR22298	3516.0	3472.76	95.0	4.44	3.32
PTHR12174	5499.49	5369.77	568.0	46.32	34.63
PTHR12175	1825.0	1781.76	168.0	15.33	11.46
PTHR12176	967.0	923.76	31.0	5.48	4.09
PTHR22769	8769.1	8379.98	718.0	112.18	83.84
PTHR10293	3109.75	2893.68	1446.0	246.19	184.03
PTHR12403	2746.0	2659.52	496.0	66.63	49.81
PTHR22762	6843.41	6756.93	1136.41	54.71	40.9
PTHR22763	1619.0	1532.52	90.0	19.13	14.3
PTHR22761	3460.35	3330.64	2423.36	306.73	229.28
PTHR21231	1242.0	1198.76	140.0	19.03	14.22
PTHR21230	3227.0	3097.28	1329.0	177.54	132.7
PTHR21234	2648.27	2561.79	375.0	50.1	37.44
PTHR21237	1404.0	1360.76	302.0	36.13	27.01
PTHR12202	2266.0	2136.29	103.0	24.32	18.18
PTHR12203	6159.61	6073.13	2918.95	256.8	191.96
PTHR19857	1713.56	1670.32	511.0	49.76	37.19
PTHR13355	3995.02	3865.31	985.19	112.25	83.9
PTHR13353	2848.0	2761.52	150.0	17.66	13.21
PTHR19853	3158.0	3071.52	142.0	14.81	11.07
PTHR12197	13146.13	12584.12	616.0	83.87	62.7
PTHR19858	861.0	817.76	58.0	11.59	8.66
PTHR11932	13989.08	13729.64	2704.86	183.43	137.12
PTHR13822	1460.0	1416.76	1857.99	213.46	159.56
PTHR13271	21904.74	21256.15	1754.68	171.43	128.14
PTHR13138	3109.63	3023.15	159.0	14.75	11.02
PTHR10732	1270.0	1183.54	8363.5	1653.64	1236.08
PTHR10738	2138.49	2052.02	124.0	18.75	14.01
PTHR10739	3541.0	3454.52	824.04	73.89	55.23
PTHR12992	1823.0	1779.76	118.0	10.78	8.06
PTHR22838	3534.48	3448.01	455.0	52.82	39.48
PTHR22881	3058.0	2971.52	570.0	62.89	47.02
PTHR22836	1825.04	1781.8	155.0	14.14	10.57
PTHR22960	2735.0	2648.52	916.35	120.88	90.36
PTHR11934	2258.0	2171.52	271.0	45.3	33.86
PTHR10693	1638.0	1551.52	155.0	32.32	24.17
PTHR10938	1030.0	986.76	148.0	24.47	18.29
PTHR10934	911.0	867.76	11730.78	2207.28	1649.92
PTHR11510	1633.0	1589.76	1573.86	161.05	120.38
PTHR11516	5748.0	5618.28	2950.58	234.45	175.25
PTHR10025	2258.82	2172.34	507.75	74.43	55.63
PTHR10026	7102.15	6885.95	943.11	111.05	83.0
PTHR10027	3449.0	3362.52	208.79	18.93	14.14
PTHR13009	493.0	449.77	34.0	12.43	9.29
PTHR13007	2462.2	2375.73	471.0	54.17	40.49
PTHR30115	7308.0	7178.28	1216.0	140.33	104.89
PTHR11863	2299.0	2212.52	122.0	16.07	12.01
PTHR17901	3201.18	3114.7	568.1	52.19	39.01
PTHR24351	5480.12	5393.65	3865.75	231.05	172.71
PTHR20982	1025.0	981.76	240.01	39.88	29.81
PTHR24352	1156.0	1069.53	45.0	13.67	10.22
PTHR11467	1184.0	1140.76	1128.33	161.19	120.49
PTHR10119	7762.0	7632.28	2862.79	157.57	117.79
PTHR10343	3038.0	2908.29	628.0	96.03	71.79
PTHR10114	808.0	764.76	10413.07	2225.61	1663.62
PTHR10110	16046.65	15614.27	1767.41	208.99	156.23
PTHR11469	4120.18	3990.53	3335.6	241.36	180.41
PTHR10598	1542.0	1498.76	56.0	6.08	4.54
PTHR24286	5055.0	4968.52	1143.27	74.61	55.77
PTHR11864	6405.08	6188.94	2444.08	265.1	198.16
PTHR23426	1108.46	1065.22	367.26	56.21	42.02
PTHR10593	4609.0	4479.28	1157.0	113.94	85.17
