GeneFamily	length	effective_length	expected_count	TPM	FPKM
PTHR11649	13945.47	13476.59	9019.8	307.9	227.16
PTHR31089	1115.03	1068.13	190.0	10.27	7.57
PTHR31085	2830.45	2783.55	2695.97	55.68	41.08
PTHR11647	6061.77	5967.97	2421.0	46.12	34.02
PTHR11645	979.5	932.6	320.0	19.82	14.62
PTHR11880	854.0	807.1	19287.26	1381.73	1019.36
PTHR11885	727.0	680.1	26601.39	2264.8	1670.85
PTHR10209	7031.0	6796.52	3436.0	127.21	93.84
PTHR32429	3447.0	3306.32	14761.36	518.58	382.57
PTHR12403	840.0	793.1	668.0	48.71	35.93
PTHR31423	1110.0	1063.1	330.0	17.91	13.22
PTHR31551	756.1	709.2	1071.72	87.47	64.53
PTHR32195	2440.62	2346.82	838.0	29.2	21.54
PTHR11081	8781.0	8499.6	1242.99	46.26	34.11
PTHR11080	2104.4	2010.6	1173.46	58.67	43.28
PTHR11082	4896.0	4802.2	7090.73	143.31	105.73
PTHR11085	7647.62	7319.32	1743.0	80.49	59.37
PTHR11089	6122.03	5934.43	5167.99	202.58	149.46
PTHR32518	5993.0	5899.2	1759.65	43.01	31.73
PTHR11247	1425.15	1331.36	106.0	9.77	7.21
PTHR12277	3891.38	3750.68	1737.0	83.96	61.94
PTHR32512	1819.0	1772.1	1101.0	35.77	26.39
PTHR23088	4402.19	4214.6	4358.81	211.12	155.75
PTHR23089	1694.0	1600.2	1965.66	156.49	115.45
PTHR23081	5600.57	5459.88	4023.29	117.14	86.42
PTHR23083	30279.52	29529.12	17147.16	494.47	364.8
PTHR23084	6611.12	6423.52	3587.77	156.66	115.57
PTHR23086	6179.0	5991.4	1680.03	60.33	44.51
PTHR18806	3810.0	3716.2	2947.0	85.67	63.2
PTHR31953	1816.0	1769.1	917.0	29.84	22.02
PTHR15184	10239.8	10005.3	28628.51	888.1	655.19
PTHR15341	799.0	752.1	416.0	32.0	23.61
PTHR14744	1242.0	1148.27	32.0	3.55	2.61
PTHR15169	1388.0	1341.1	133.0	5.72	4.22
PTHR12341	11277.21	10995.82	6552.51	121.07	89.33
PTHR15160	5311.11	5123.52	4215.99	154.15	113.73
PTHR18937	21294.84	21013.44	14193.13	209.61	154.64
PTHR18934	26410.0	25659.61	27428.03	751.22	554.22
PTHR12742	2322.0	2275.1	6499.94	164.35	121.25
PTHR12741	1560.0	1513.1	1986.0	75.61	55.78
PTHR16557	1964.0	1870.2	176.0	11.47	8.46
PTHR19288	5129.84	4942.24	4387.29	197.32	145.58
PTHR12975	4122.0	3981.3	454.35	21.71	16.02
PTHR13902	2646.06	2599.16	1026.68	22.71	16.76
PTHR13903	1438.0	1391.1	1267.13	52.49	38.73
PTHR22753	2304.0	2210.2	114.0	6.15	4.53
PTHR30615	1754.34	1660.54	435.0	30.64	22.6
PTHR22939	14201.0	13732.12	7097.83	234.79	173.23
PTHR22938	3864.39	3723.69	1585.0	73.77	54.43
PTHR16266	4691.0	4550.3	832.0	30.24	22.3
PTHR21597	5700.0	5653.1	2677.0	27.19	20.06
PTHR22932	875.79	828.89	1754.1	122.33	90.25
PTHR21228	20485.61	19922.9	8477.11	278.06	205.14
PTHR13343	3624.71	3484.02	5452.8	273.27	201.61
PTHR22936	2747.0	2606.3	941.48	63.24	46.66
PTHR31038	1402.0	1355.1	2746.06	116.8	86.17
PTHR13832	37371.71	36152.43	35464.95	1206.08	889.8
PTHR21139	1322.32	1275.42	2053.68	92.83	68.49
PTHR21136	3418.0	3277.3	5199.64	274.32	202.37
PTHR12526	39313.75	38375.92	30473.59	715.3	527.72
PTHR13120	807.0	760.1	420.0	31.96	23.58
PTHR22809	2879.0	2738.3	840.0	57.09	42.13
PTHR22807	4489.38	4395.58	1606.0	43.22	31.88
PTHR20661	2106.0	2012.2	323.0	19.91	14.69
PTHR10900	17077.88	16468.24	28300.93	1081.57	797.92
PTHR10906	2767.0	2673.2	10799.5	333.2	245.82
PTHR10909	17799.54	17377.47	31204.13	773.33	570.52
PTHR10055	3197.0	3103.2	1953.0	71.57	52.8
PTHR10057	1659.0	1565.2	1407.01	85.71	63.23
PTHR10052	1068.0	1021.1	28773.56	1626.65	1200.06
PTHR13017	860.0	813.1	199.0	14.15	10.44
PTHR13018	17711.16	17382.86	20722.72	409.66	302.25
PTHR10694	9326.52	9092.08	7320.44	223.63	164.99
PTHR12839	2555.39	2461.6	552.0	28.84	21.27
PTHR12835	727.0	680.1	143.0	12.17	8.98
PTHR24031	56733.95	54905.17	126323.68	4591.13	3387.1
PTHR24032	3049.62	2908.92	1014.0	63.64	46.94
PTHR24349	21785.18	21175.61	17665.41	554.92	409.39
PTHR24619	5979.0	5838.3	2017.54	49.34	36.4
PTHR24343	28018.59	27174.4	38977.7	1080.6	797.19
PTHR11472	11180.0	10804.82	7105.0	209.68	154.69
PTHR24347	14754.84	14332.86	8072.81	182.84	134.91
PTHR11476	1748.0	1701.1	1162.97	39.37	29.04
PTHR11477	3807.3	3713.54	2989.99	79.1	58.36
PTHR10438	22879.53	22129.13	27351.16	1255.17	925.99
PTHR10476	5588.75	5494.96	7556.7	234.84	173.25
PTHR24290	3600.0	3459.3	1399.0	65.2	48.1
PTHR23413	574.0	527.1	24434.41	2691.06	1985.32
PTHR23417	2125.31	2031.51	1180.99	65.79	48.54
PTHR23416	1478.86	1431.97	1064.85	42.85	31.61
PTHR23415	1058.0	1011.1	1419.0	81.02	59.77
PTHR12736	1806.76	1759.86	864.0	28.27	20.85
PTHR10871	1508.0	1414.2	28275.27	2460.78	1815.44
PTHR10877	1376.0	1235.41	11.0	1.75	1.3
PTHR11879	5628.18	5440.7	4013.88	99.23	73.21
PTHR11659	1601.72	1554.82	1460.3	54.1	39.91
PTHR31096	3939.57	3798.87	6182.82	281.07	207.36
PTHR31098	4404.0	4357.1	11887.99	156.73	115.63
PTHR11655	1974.0	1880.2	34230.54	2294.33	1692.63
PTHR11652	720.0	673.1	28928.73	2488.79	1836.1
PTHR20883	2097.0	2003.2	1563.0	83.28	61.44
PTHR11895	6228.41	6087.72	1487.0	40.72	30.04
PTHR10277	3846.0	3705.3	896.95	41.7	30.76
PTHR14027	3452.0	3405.1	2557.01	43.15	31.84
PTHR12320	6239.17	6098.48	4928.91	136.34	100.58
PTHR24095	16717.24	16107.67	19136.72	494.36	364.72
PTHR11246	9485.0	9344.3	10414.42	193.83	142.99
PTHR24092	4620.0	4573.1	5865.64	73.67	54.35
PTHR24093	33266.04	32562.62	87639.22	1916.62	1413.98
PTHR23180	11372.98	11044.69	20231.85	639.43	471.74
PTHR14593	2625.62	2531.82	1130.0	51.01	37.63
PTHR11093	3421.0	3327.2	2830.0	98.01	72.3
PTHR11096	1531.82	1438.02	205.0	15.66	11.55
PTHR23346	8462.0	8321.3	2428.0	29.97	22.11
PTHR11099	2595.0	2548.1	3197.01	72.15	53.23
PTHR10309	1913.0	1866.1	3236.48	99.83	73.65
PTHR14107	734.0	687.1	164.0	13.82	10.2
PTHR11252	4758.6	4711.7	8203.0	100.0	73.77
PTHR11254	14605.87	14230.72	5502.54	143.12	105.57
PTHR11255	1971.0	1924.1	429.0	12.83	9.47
PTHR14110	4147.94	3960.34	4844.67	297.41	219.41
PTHR14374	1535.0	1488.1	174.0	6.74	4.97
PTHR18838	2163.0	2116.1	867.0	23.57	17.39
PTHR15074	1628.0	1581.1	389.0	14.17	10.45
PTHR12687	2375.0	2281.21	2960.82	115.63	85.3
PTHR15157	3339.18	3198.48	1240.0	72.61	53.56
PTHR18901	12165.0	11930.5	6125.07	157.87	116.46
PTHR12281	1396.0	1349.1	2789.81	119.19	87.93
PTHR12755	591.0	544.1	110.0	11.73	8.66
PTHR12750	2407.68	2360.78	3700.0	90.15	66.5
PTHR12753	1201.93	1155.03	968.0	48.34	35.67
PTHR15081	1736.08	1689.18	1404.92	47.89	35.33
PTHR15574	7135.1	6900.6	2193.0	91.99	67.87
PTHR24007	357.0	310.14	101.0	19.05	14.05
PTHR13931	3206.23	3159.33	1439.07	26.18	19.31
PTHR12358	6925.72	6644.33	4788.45	243.48	179.63
PTHR12356	1945.19	1851.39	1070.0	76.43	56.39
PTHR12221	2347.0	2253.2	2435.0	126.31	93.19
PTHR30603	4411.0	4317.2	5371.59	131.25	96.83
PTHR12226	1653.0	1606.1	367.32	13.17	9.72
PTHR19877	1068.0	1021.1	3316.91	187.51	138.34
PTHR31442	557.0	510.1	783.99	89.26	65.85
PTHR12538	617.0	570.1	13661.99	1389.97	1025.45
PTHR12537	3510.97	3417.17	4736.09	132.42	97.68
PTHR12532	1288.0	1241.1	1124.14	52.23	38.53
PTHR13486	675.0	628.1	316.0	29.15	21.51
PTHR20275	2910.0	2816.2	2670.82	107.08	79.0
PTHR13489	2376.78	2282.98	1113.57	54.94	40.53
PTHR17583	8276.0	8135.31	2937.04	68.86	50.8
PTHR13572	1541.17	1494.27	367.0	14.15	10.44
PTHR24198	20962.16	20211.78	8264.33	319.43	235.64
PTHR10048	5208.1	4973.6	1415.0	78.74	58.09
PTHR21704	3319.72	3225.92	1605.0	40.21	29.67
PTHR10046	921.0	874.1	392.0	25.91	19.12
PTHR10044	5245.0	5151.2	2874.02	64.15	47.32
PTHR13060	1573.0	1526.1	352.0	13.29	9.8
PTHR10687	1281.56	1234.66	3960.0	184.95	136.44
PTHR13069	4474.0	4286.4	1903.0	83.9	61.91
PTHR13068	8220.7	7986.2	4433.16	178.99	132.05
PTHR10682	2613.68	2519.88	4065.02	184.28	135.95
PTHR12829	884.0	837.1	211.0	14.57	10.75
PTHR12820	3094.67	3047.77	1706.39	32.18	23.74
PTHR12826	1381.0	1334.1	2344.28	101.29	74.72
PTHR12827	986.0	939.1	218.01	13.41	9.89
PTHR17920	2628.0	2581.1	2991.38	66.64	49.17
PTHR10137	1631.0	1584.1	1460.0	53.08	39.16
PTHR11405	9284.69	9097.09	26313.34	616.0	454.45
PTHR11404	2587.0	2540.1	15537.06	351.75	259.5
PTHR11406	1432.47	1385.57	7062.01	293.72	216.69
PTHR32357	1724.0	1677.1	694.0	23.83	17.58
PTHR13468	1265.79	1218.89	2144.04	101.44	74.83
PTHR23406	3985.0	3891.2	4269.98	119.32	88.02
PTHR23407	2242.62	2195.72	690.0	18.08	13.34
PTHR10869	12342.14	11920.04	10953.21	448.05	330.54
PTHR31717	4934.01	4840.21	14608.45	341.85	252.2
PTHR12452	650.0	603.1	439.0	42.2	31.13
PTHR13393	2910.0	2863.1	122.0	2.45	1.81
PTHR12696	4020.79	3973.89	3962.31	57.28	42.26
PTHR11315	3663.0	3569.2	1873.3	60.87	44.9
PTHR10139	2373.0	2326.1	1732.0	42.83	31.6
PTHR10264	4424.0	4236.4	7932.01	335.54	247.54
PTHR10263	2008.0	1914.2	7076.58	420.2	310.0
PTHR31155	2229.92	2183.02	9680.68	255.12	188.22
PTHR32170	3121.95	3028.21	1515.0	63.94	47.18
PTHR23350	505.0	458.1	294.0	37.32	27.53
PTHR23354	2843.0	2796.1	2810.01	57.78	42.63
PTHR23355	8507.25	8272.79	2155.0	69.0	50.91
PTHR23359	7187.44	6952.94	9103.1	419.88	309.77
PTHR11227	2282.81	2189.01	1216.0	67.72	49.96
PTHR11220	4220.49	3985.99	1164.0	78.52	57.93
PTHR13162	6879.0	6785.24	7472.13	66.34	48.94
PTHR11229	1929.0	1835.2	7322.9	445.25	328.48
PTHR10314	20098.83	19348.45	37076.82	1464.94	1080.75
PTHR11035	1315.0	1268.1	575.0	26.14	19.29
PTHR14303	730.0	683.1	523.02	44.33	32.71
PTHR14085	2004.0	1957.1	1861.0	54.73	40.37
PTHR11139	25670.73	25295.56	40935.59	338.17	249.49
PTHR15362	1118.0	1071.1	283.0	15.25	11.25
PTHR11132	22913.15	22209.66	45287.34	1543.23	1138.53
PTHR11134	4891.59	4750.89	5137.21	190.47	140.53
PTHR11136	3000.0	2906.2	395.0	16.46	12.14
PTHR32374	7428.51	7240.91	13299.46	328.84	242.6
PTHR31579	8324.93	8090.43	11806.06	377.72	278.68
PTHR18919	3130.1	2942.58	7270.17	267.68	197.49
PTHR32002	15901.26	15338.46	15302.15	581.8	429.22
PTHR14413	950.0	903.1	3196.0	204.45	150.83
PTHR22891	1954.0	1907.1	352.0	10.62	7.84
PTHR22893	1403.86	1356.96	496.0	21.07	15.54
PTHR10778	4853.0	4712.3	11337.16	392.75	289.74
PTHR10072	2478.0	2431.1	13581.9	321.31	237.05
PTHR12786	2468.0	2374.2	1830.0	96.64	71.3
PTHR11706	4379.0	4285.2	3809.23	99.36	73.31
PTHR12782	1285.0	1238.1	975.0	45.41	33.5
PTHR11742	7394.12	7206.52	2598.0	82.98	61.23
PTHR21213	2120.0	2073.1	4532.51	125.8	92.81
PTHR10182	1189.0	1142.1	758.0	38.29	28.25
PTHR13923	807.53	760.63	1303.17	99.11	73.12
PTHR11210	674.0	627.1	1682.0	155.42	114.66
PTHR12321	2229.0	2135.2	4788.16	252.71	186.44
PTHR25040	3683.0	3542.3	3011.85	109.73	80.96
PTHR12323	2155.0	2014.3	476.0	42.55	31.39
PTHR10344	903.0	856.1	513.99	34.7	25.6
PTHR21015	1607.13	1560.23	1206.96	44.56	32.87
PTHR16196	1877.0	1783.2	820.15	52.8	38.96
PTHR16193	648.83	601.93	811.0	78.1	57.62
PTHR22792	4824.15	4730.35	9251.8	237.66	175.34
PTHR22790	2055.42	1961.62	555.0	35.65	26.3
PTHR21680	1126.0	1079.1	1733.0	92.67	68.37
PTHR21689	3312.22	3218.42	3890.08	126.97	93.67
PTHR21113	2345.97	2252.18	548.04	27.49	20.28
PTHR21663	2362.0	2315.1	478.0	11.88	8.76
PTHR13253	14000.27	13484.38	10231.81	421.07	310.63
PTHR12446	6550.36	6362.77	3252.15	77.95	57.51
PTHR22603	1914.08	1820.28	595.0	33.5	24.71
PTHR21206	905.0	858.1	661.0	44.52	32.84
PTHR13789	13585.98	13210.79	17487.38	584.0	430.85
PTHR10071	14811.63	14389.53	15964.3	450.59	332.44
PTHR24188	12814.44	12392.41	1901.61	88.79	65.49
PTHR13780	9430.32	9195.82	18002.88	609.69	449.79
PTHR10670	4508.98	4415.18	2843.0	66.63	49.16
PTHR10677	4518.71	4378.01	1258.0	46.48	34.29
PTHR13078	3085.0	2991.2	148.0	7.55	5.57
PTHR12815	4560.0	4466.2	4160.73	88.86	65.55
PTHR12814	982.1	935.2	1463.55	90.39	66.68
PTHR24361	8878.0	8549.87	6404.02	205.81	151.85
PTHR24362	12341.36	11966.21	16615.35	357.75	263.93
PTHR10416	1591.0	1544.1	974.11	36.34	26.81
PTHR10410	2653.0	2559.2	3638.35	166.39	122.76
PTHR10783	6435.57	6201.07	5942.4	272.95	201.36
PTHR10782	2452.0	2405.1	525.0	12.55	9.26
PTHR13476	774.0	727.1	475.69	37.86	27.93
PTHR10788	2773.0	2726.1	4680.8	98.72	72.83
PTHR10891	8216.89	7888.61	6330.15	276.27	203.83
PTHR10890	947.0	853.24	97.0	13.8	10.18
PTHR20426	1874.39	1827.5	4566.71	143.85	106.12
PTHR23213	4955.0	4814.3	1777.67	65.28	48.16
PTHR10520	8513.0	8325.4	11045.98	328.26	242.18
PTHR10250	2229.0	2135.2	1382.76	63.71	47.0
PTHR10527	6880.0	6786.2	12669.1	212.42	156.71
PTHR31384	1763.0	1716.1	483.11	16.21	11.96
PTHR10098	2027.0	1933.2	1990.33	98.51	72.68
PTHR10091	2677.0	2583.2	2350.81	103.02	75.99
PTHR31142	1580.0	1533.1	3112.0	116.93	86.26
PTHR31140	2845.0	2751.2	939.0	36.37	26.84
PTHR31412	3765.0	3671.2	1494.0	39.23	28.95
PTHR11787	5959.91	5819.23	3470.0	51.8	38.22
PTHR11785	14902.48	14574.18	17612.53	395.6	291.85
PTHR11782	2308.91	2215.15	1766.0	127.04	93.72
PTHR11780	1354.0	1213.36	206.0	27.58	20.35
PTHR32497	5021.76	4927.96	3876.0	85.62	63.17
PTHR32148	5701.0	5466.51	15277.43	1215.5	896.74
PTHR23324	7209.47	7068.77	4623.0	124.26	91.67
PTHR23327	4784.35	4643.65	1413.0	50.7	37.41
PTHR23326	3043.0	2902.3	2377.24	160.56	118.44
PTHR23321	5205.0	5064.3	4929.82	169.24	124.86
PTHR23323	4773.29	4632.6	1973.01	75.35	55.59
PTHR23322	1361.0	1267.2	664.0	58.01	42.8
PTHR23329	4246.0	4105.3	2297.53	78.87	58.19
PTHR11236	4398.25	4304.45	2372.0	61.45	45.33
PTHR11364	1102.0	1055.1	953.0	52.13	38.46
PTHR20932	2759.0	2665.2	2297.01	89.18	65.79
PTHR10322	16979.01	16556.96	12598.69	247.88	182.87
PTHR11239	4544.0	4403.3	6486.39	201.44	148.62
PTHR10803	3827.0	3686.3	4628.0	189.7	139.93
PTHR31964	16029.37	15466.57	9922.07	549.3	405.24
PTHR10552	1729.54	1682.64	4257.03	145.68	107.48
PTHR23030	2420.0	2373.1	2004.0	48.57	35.83
PTHR11129	3312.0	3218.2	1690.0	59.93	44.21
PTHR11122	6313.47	6125.87	6594.33	222.34	164.03
PTHR15316	2679.27	2538.57	2497.0	163.88	120.91
PTHR11127	549.0	502.1	16757.04	1938.49	1430.11
PTHR11125	3423.0	3376.1	2017.94	34.35	25.34
PTHR31566	2019.0	1972.1	1748.01	51.01	37.63
PTHR31567	1488.12	1441.24	1897.0	75.83	55.94
PTHR31561	4965.21	4871.41	2062.03	48.84	36.04
PTHR15137	1867.74	1820.84	444.07	14.04	10.36
PTHR14950	7039.01	6898.34	2275.06	38.82	28.64
PTHR15954	3331.0	3190.3	960.0	50.11	36.96
PTHR15952	2837.0	2790.1	1615.0	33.28	24.55
PTHR21319	6461.0	6226.52	3560.05	155.2	114.5
PTHR30612	3204.12	3157.22	7370.69	134.18	98.99
PTHR19271	5242.48	5148.68	977.77	18.41	13.59
PTHR19861	1033.0	986.1	257.0	15.05	11.1
PTHR12022	1734.0	1687.1	3618.0	123.49	91.1
PTHR12233	1471.0	1424.1	1120.36	45.33	33.44
PTHR12029	8230.63	7949.23	6902.85	300.25	221.51
PTHR21220	1088.24	1041.34	168.0	9.31	6.87
PTHR31221	1137.69	1090.79	1683.47	89.05	65.7
PTHR22780	3587.47	3540.57	4865.69	78.97	58.26
PTHR21477	1300.3	1253.4	1893.0	87.08	64.24
PTHR19308	5271.0	5177.2	6026.5	134.28	99.07
PTHR16301	1441.82	1348.02	480.68	40.36	29.77
PTHR13265	2157.0	2110.1	608.0	16.58	12.23
PTHR22870	22168.76	21371.59	11546.46	411.05	303.26
PTHR17630	1036.0	989.1	289.0	16.87	12.45
PTHR10064	627.0	580.1	34432.38	3442.15	2539.43
PTHR10060	3912.36	3771.66	972.98	43.22	31.88
PTHR10663	22744.57	22416.27	10435.36	164.22	121.16
PTHR10666	2702.1	2514.52	43207.12	3739.48	2758.79
PTHR10668	12370.62	12042.33	4243.18	123.23	90.91
PTHR12265	2187.78	2140.88	1200.36	32.26	23.8
PTHR12801	8379.0	8144.5	4060.99	139.48	102.9
PTHR12802	7658.95	7424.45	16370.29	563.7	415.87
PTHR12805	857.0	810.1	203.0	14.49	10.69
PTHR12806	974.27	927.38	698.0	43.47	32.07
PTHR21506	3200.0	3106.2	1342.0	48.58	35.84
PTHR21091	10565.87	10190.73	21977.22	801.6	591.39
PTHR21090	1529.0	1482.1	3945.73	153.38	113.16
PTHR13734	1740.0	1693.1	1274.0	43.33	31.96
PTHR24315	3392.0	3298.2	6156.26	307.33	226.74
PTHR24314	6122.69	5888.2	1435.0	55.6	41.01
PTHR11933	1619.15	1572.25	1327.0	48.61	35.86
PTHR11932	7800.0	7659.3	10839.07	225.14	166.11
PTHR11934	3439.0	3345.2	2619.0	111.52	82.27
PTHR11937	5834.53	5646.93	17469.97	638.79	471.26
PTHR11938	13275.09	13040.59	47095.31	879.74	649.01
PTHR13683	3541.0	3494.1	3015.21	49.59	36.58
PTHR24089	34729.12	33369.04	59154.47	2386.14	1760.38
PTHR10796	7508.54	7367.84	6073.86	117.05	86.36
PTHR10794	4023.0	3882.3	777.0	35.18	25.96
PTHR10795	36495.4	35557.53	30542.95	980.6	723.44
PTHR10792	610.0	563.1	14841.92	1528.99	1128.01
PTHR10799	53836.23	52148.1	19913.88	645.5	476.21
PTHR10882	1142.13	1095.24	1260.0	66.38	48.97
PTHR10887	24881.69	24412.69	13893.17	303.52	223.94
PTHR11686	2359.29	2312.39	637.0	15.85	11.69
PTHR11685	5932.81	5792.12	4163.56	143.6	105.93
PTHR11680	1980.1	1933.2	12204.35	363.34	268.05
PTHR24221	17860.98	17251.45	20484.94	634.78	468.28
PTHR24220	7525.55	7197.26	6798.62	349.94	258.16
PTHR24223	10898.72	10617.33	5273.94	106.46	78.54
PTHR11689	9178.0	9037.3	3256.19	58.65	43.27
PTHR10252	2228.0	2087.3	494.0	42.58	31.42
PTHR13124	1019.0	972.1	868.0	51.56	38.04
PTHR31173	4460.22	4366.42	2777.72	58.66	43.27
PTHR10997	12502.96	12315.36	8701.54	141.73	104.56
PTHR31385	3693.13	3552.43	1810.0	89.7	66.18
PTHR31356	7060.74	6873.14	18133.93	748.27	552.01
PTHR31724	3736.04	3548.47	1861.0	97.25	71.74
PTHR31352	3154.0	3060.2	3705.19	121.86	89.9
PTHR31350	9807.26	9478.96	9441.35	323.26	238.48
PTHR11758	654.0	607.1	20330.06	1941.08	1432.02
PTHR23333	1084.0	1037.1	1693.0	94.22	69.51
PTHR11751	14648.02	14319.72	12676.03	341.84	252.2
PTHR11753	2846.0	2705.3	3931.07	247.89	182.87
PTHR11752	20990.6	20427.93	19560.33	376.14	277.49
PTHR24423	16091.0	15715.8	16176.17	456.65	336.89
PTHR11206	15764.59	15342.49	8988.33	274.66	202.63
PTHR11757	5571.0	5383.4	2165.0	61.58	45.42
PTHR24420	49425.22	48346.58	32639.76	792.3	584.5
PTHR10332	2851.85	2758.05	2047.0	72.66	53.6
PTHR32557	1872.0	1825.1	3004.45	94.76	69.91
PTHR14145	3192.88	3099.08	2521.96	96.97	71.54
PTHR20922	2542.76	2448.96	1021.0	66.68	49.19
PTHR13600	2335.0	2241.2	457.0	36.47	26.9
PTHR15744	1708.58	1661.68	796.0	27.58	20.35
PTHR23029	9572.11	9243.87	4328.01	146.04	107.75
PTHR23023	7163.99	6976.39	2788.04	78.59	57.98
PTHR12847	2240.0	2099.3	696.83	45.97	33.91
PTHR11119	8614.34	8426.75	6077.13	151.54	111.81
PTHR31595	9263.06	8887.93	1883.93	78.91	58.22
PTHR31596	4198.0	4104.2	4048.26	95.16	70.2
PTHR15948	1546.02	1499.13	365.0	14.03	10.35
PTHR32026	877.0	830.1	120.0	8.36	6.17
PTHR31829	1475.0	1428.1	5555.26	224.15	165.36
PTHR31419	2006.0	1912.2	90.0	5.16	3.8
PTHR14898	1156.75	1109.88	1446.99	75.2	55.48
PTHR19241	45823.02	44650.64	41966.99	969.45	715.22
PTHR14894	2108.68	2014.89	941.0	51.79	38.21
PTHR15239	1743.25	1696.35	537.21	18.23	13.45
PTHR12497	2615.59	2521.79	1044.0	45.0	33.2
PTHR12304	1333.0	1286.1	136.0	6.1	4.5
PTHR30540	4304.9	4258.0	587.0	7.92	5.84
PTHR30544	4548.79	4454.99	2859.09	97.07	71.61
PTHR13302	2546.0	2499.1	1366.0	31.43	23.19
PTHR12472	1409.0	1315.2	251.0	24.22	17.87
PTHR13308	6549.8	6362.22	21288.48	653.31	481.98
PTHR12477	3986.2	3892.4	2193.9	57.77	42.62
PTHR13878	1946.34	1899.44	785.0	23.79	17.55
PTHR21461	3923.0	3782.3	1170.18	52.2	38.52
PTHR13872	528.0	481.1	20782.02	2510.32	1851.98
PTHR22849	9933.8	9699.3	7223.02	139.97	103.25
PTHR21314	2202.0	2108.2	660.51	36.26	26.75
PTHR13271	21247.59	20544.09	10642.7	420.16	309.96
PTHR22841	5354.0	5166.4	2889.98	141.2	104.16
PTHR13273	1137.0	1090.1	1447.0	76.59	56.51
PTHR22847	28097.59	27112.93	17372.89	682.44	503.47
PTHR22846	2261.0	2214.1	1142.0	29.67	21.89
PTHR22844	20280.9	19624.31	12629.17	430.64	317.72
PTHR23270	1319.0	1272.1	876.0	39.7	29.29
PTHR11601	7766.0	7578.4	5098.41	149.16	110.03
PTHR21266	4183.0	3995.4	2293.0	114.47	84.45
PTHR12271	6868.47	6727.77	5998.96	147.06	108.49
PTHR21262	3703.0	3656.1	2781.0	43.71	32.24
PTHR12276	2357.81	2217.11	2221.93	145.13	107.07
PTHR10657	1777.0	1683.2	1639.12	134.31	99.08
PTHR10655	4935.92	4795.22	5633.75	160.53	118.43
PTHR10652	2151.34	2057.54	2009.0	108.01	79.68
PTHR17972	4494.0	4447.1	3566.97	46.07	33.99
PTHR10751	5649.0	5508.3	4693.08	111.4	82.18
PTHR21085	1517.0	1470.1	2794.48	109.52	80.8
PTHR11922	5092.37	4857.97	2684.01	158.45	116.89
PTHR11926	3126.36	2985.66	1162.0	59.96	44.25
PTHR11431	1259.3	1212.4	6969.92	331.53	244.58
PTHR10430	2560.0	2419.3	1467.08	110.73	81.69
PTHR10436	8831.91	8503.62	6293.2	189.5	139.83
PTHR10434	2546.0	2452.2	1262.0	59.03	43.55
PTHR24096	6358.35	6170.76	27735.11	837.56	617.91
PTHR13693	5763.95	5623.25	4740.03	136.78	100.91
PTHR13691	3295.0	3154.3	31104.01	1658.32	1223.42
PTHR13451	6616.16	6428.56	1667.0	51.82	38.24
PTHR13452	1024.0	977.1	1154.0	68.2	50.31
PTHR10759	530.0	483.1	12918.44	1553.92	1146.4
PTHR12901	1851.0	1804.1	820.78	26.19	19.32
PTHR12903	2669.07	2622.17	7103.62	155.78	114.92
PTHR23237	1005.0	958.1	4972.33	299.71	221.11
PTHR10501	1503.3	1409.51	1387.0	117.69	86.82
PTHR31169	6286.82	6052.32	6288.01	314.68	232.14
PTHR11426	1428.12	1334.32	235.93	24.98	18.43
PTHR14087	3340.0	3246.2	699.0	16.6	12.24
PTHR23309	3724.0	3630.2	6507.94	161.4	119.07
PTHR31344	3132.71	3085.81	5584.75	104.02	76.74
PTHR31619	2033.0	1986.1	4714.17	136.6	100.77
PTHR23306	1766.1	1672.3	775.0	53.3	39.32
PTHR23305	2996.0	2855.38	9448.32	402.86	297.21
PTHR14089	1137.0	1090.1	198.0	10.48	7.73
PTHR11748	5721.73	5487.26	2510.43	98.88	72.94
PTHR11214	4936.0	4795.3	4545.36	160.12	118.13
PTHR11216	3403.34	3262.65	1411.0	67.43	49.74
PTHR14154	3573.12	3338.62	1380.01	100.38	74.05
PTHR14155	5162.59	5068.79	2463.01	61.03	45.02
PTHR14152	566.0	519.1	456.0	51.0	37.63
PTHR11699	11883.64	11508.46	12693.13	430.48	317.59
PTHR11692	2300.0	2253.1	3864.0	98.65	72.78
PTHR11693	1554.0	1507.1	12278.44	469.34	346.25
PTHR11695	12547.64	12125.54	12336.52	470.97	347.46
PTHR31760	490.0	443.1	353.0	46.34	34.19
PTHR31906	11039.68	10617.58	5462.82	318.54	234.99
PTHR21419	2246.0	2199.1	1403.12	36.71	27.08
PTHR23012	9207.1	8878.81	5272.11	241.82	178.4
PTHR11101	7188.55	6813.36	13993.0	887.28	654.59
PTHR11102	6116.25	5975.55	3764.85	125.72	92.75
PTHR11106	776.56	729.66	203.0	16.1	11.88
PTHR31585	1448.84	1401.94	2220.0	91.25	67.32
PTHR32125	1927.0	1833.2	1409.0	112.33	82.87
PTHR31588	3973.0	3879.2	1581.99	48.3	35.64
PTHR32120	1371.0	1324.1	545.0	23.73	17.5
PTHR15680	1853.0	1759.2	563.0	38.08	28.09
PTHR11804	6422.47	6234.89	5973.13	139.29	102.77
PTHR11374	1705.0	1658.1	14477.27	502.8	370.94
PTHR10281	950.0	903.1	124.0	7.93	5.85
PTHR18895	553.0	506.1	540.0	61.97	45.72
PTHR12169	3904.69	3810.89	4009.78	133.98	98.85
PTHR12486	1568.0	1474.2	140.0	11.14	8.23
PTHR12480	3634.42	3493.72	834.0	36.77	27.13
PTHR12482	1346.54	1252.76	908.0	72.77	53.69
PTHR12317	2483.0	2389.2	2364.49	97.29	71.77
PTHR12649	1254.3	1207.4	3065.08	146.4	108.01
PTHR10099	4517.0	4470.1	12640.12	162.43	119.83
PTHR13992	2800.0	2753.1	891.02	18.61	13.73
PTHR12461	7637.19	7402.69	4594.0	163.52	120.64
PTHR12466	931.0	884.1	683.0	44.64	32.93
PTHR13847	12603.13	12181.05	7537.4	295.59	218.08
PTHR32251	4883.8	4743.1	6068.07	206.26	152.16
PTHR26312	3445.0	3304.3	1901.25	78.81	58.14
PTHR12000	1527.0	1480.1	1914.06	74.51	54.97
PTHR12001	3514.26	3420.46	7752.01	302.12	222.89
PTHR21327	3913.24	3819.44	6176.31	187.02	137.97
PTHR21631	3730.51	3636.71	16424.15	514.28	379.41
PTHR22854	5384.76	5244.06	4057.75	149.95	110.62
PTHR22855	6528.08	6340.48	8796.24	318.15	234.71
PTHR22850	13090.41	12715.21	15625.98	639.22	471.57
PTHR22504	2021.0	1974.1	4037.84	117.71	86.84
PTHR12189	1156.95	1110.06	351.0	18.24	13.46
PTHR21256	3600.0	3506.2	8033.6	222.61	164.23
PTHR12266	2971.0	2877.2	2614.0	110.27	81.35
PTHR10648	4133.05	4039.25	4925.88	140.63	103.75
PTHR10641	13112.34	12830.94	10826.33	246.08	181.55
PTHR10644	13438.54	13157.14	15702.97	314.84	232.27
PTHR12864	3893.55	3705.95	1959.0	117.24	86.5
PTHR12860	2905.0	2858.1	2209.0	44.43	32.78
PTHR13194	750.0	703.1	115.0	9.47	6.98
PTHR13190	924.23	877.34	2122.01	139.76	103.11
PTHR13193	501.0	454.1	246.0	31.5	23.24
PTHR11913	684.0	637.1	551.01	50.11	36.97
PTHR11911	7468.89	7281.3	37255.83	1143.51	843.63
PTHR11910	1133.0	1086.1	8297.42	440.84	325.23
PTHR11918	6678.97	6444.52	3543.47	125.79	92.8
PTHR12919	779.0	732.1	3215.0	254.12	187.47
PTHR12910	1695.0	1601.2	2228.0	152.88	112.78
PTHR12917	6166.59	5978.99	2551.88	96.13	70.9
PTHR11351	2070.0	2023.1	6177.81	175.72	129.64
PTHR11353	10812.0	10436.8	16890.17	755.3	557.22
PTHR11599	13611.0	13001.3	22538.09	1285.29	948.24
PTHR10516	12358.58	11842.68	6754.96	434.79	320.76
PTHR11592	5189.2	4954.71	5355.95	297.62	219.57
PTHR31620	1587.0	1540.1	10248.5	383.32	282.79
PTHR23315	9026.89	8698.6	4651.54	131.48	97.01
PTHR23316	2252.0	2205.1	7402.17	193.12	142.47
PTHR11778	3103.0	3009.2	2817.03	104.9	77.39
PTHR11774	1201.0	1154.1	196.99	9.85	7.26
PTHR11773	3594.0	3547.1	1656.99	26.84	19.8
PTHR11772	6608.0	6373.5	10544.75	289.29	213.42
PTHR10357	18563.63	18141.53	17558.59	406.82	300.13
PTHR10353	1672.91	1626.01	1292.87	45.79	33.78
PTHR10350	4408.0	4361.1	3879.49	51.1	37.7
PTHR10351	3249.81	3156.01	10904.35	607.17	447.94
PTHR10359	5468.73	5281.13	2909.95	110.12	81.24
PTHR31750	2086.42	2039.52	1438.99	40.6	29.95
PTHR23418	1527.0	1480.1	1393.4	54.24	40.01
PTHR14189	1649.36	1602.46	2094.58	75.28	55.54
PTHR31245	1570.0	1523.1	2565.01	97.01	71.57
PTHR23001	2070.0	2023.1	3469.98	98.7	72.82
PTHR23002	2091.0	1997.2	495.0	29.23	21.56
PTHR30178	3599.72	3459.02	13563.4	765.76	564.94
PTHR22904	17382.27	16725.67	7233.01	289.67	213.72
PTHR11177	24658.85	23861.55	49246.81	1729.14	1275.65
PTHR11178	1500.0	1453.1	1418.0	56.23	41.48
PTHR14456	1205.36	1111.56	230.0	23.82	17.58
PTHR31808	1560.0	1513.1	1841.71	70.12	51.73
PTHR31803	4213.0	4072.3	3570.06	113.21	83.52
PTHR11009	2009.85	1916.05	559.0	33.66	24.84
PTHR19229	16875.35	16640.85	9193.71	95.23	70.26
PTHR11005	3537.38	3443.58	2490.82	92.15	67.99
PTHR11006	3915.93	3822.13	2496.99	76.88	56.72
PTHR18640	1921.0	1874.1	1015.7	31.2	23.01
PTHR18866	19807.15	19385.05	24951.86	586.94	433.01
PTHR15588	2726.0	2632.2	4583.94	146.84	108.34
PTHR12677	7160.0	6972.4	3838.94	115.78	85.42
PTHR19134	2018.24	1971.34	6340.59	185.1	136.56
PTHR19139	7257.31	7022.81	1874.13	80.53	59.42
PTHR30566	7307.48	7119.88	2800.73	89.33	65.9
PTHR12459	1900.0	1853.1	821.0	25.5	18.81
PTHR12456	2114.27	2020.47	308.0	16.59	12.24
PTHR22931	6971.0	6877.2	9477.92	138.52	102.19
PTHR19359	8680.97	8399.57	6714.89	299.42	220.9
PTHR12072	3112.0	3018.2	1528.8	50.57	37.3
PTHR13218	953.0	906.1	131.0	8.35	6.16
PTHR13215	1530.0	1436.2	290.0	23.06	17.01
PTHR13213	1531.67	1437.87	2673.98	207.47	153.06
PTHR12290	1971.26	1924.36	681.78	20.39	15.04
PTHR21530	6351.62	6117.12	2259.09	100.55	74.17
PTHR12295	4144.0	4097.1	1266.77	17.76	13.1
PTHR12298	6966.85	6732.35	4588.99	146.02	107.73
PTHR10638	3201.24	3154.34	7495.77	136.58	100.76
PTHR10634	1401.0	1354.1	2512.0	106.92	78.88
PTHR10631	2591.37	2497.57	1397.0	53.23	39.26
PTHR10984	4139.0	3998.3	4421.24	191.05	140.94
PTHR13501	1768.0	1674.2	6642.93	503.06	371.13
PTHR13505	677.0	630.1	172.0	15.82	11.67
PTHR12850	449.0	402.11	34931.33	5060.29	3733.21
PTHR12856	678.0	631.1	104.0	9.55	7.04
PTHR12855	1721.0	1674.1	1847.0	63.53	46.87
PTHR12854	2770.52	2676.72	2385.0	99.73	73.57
PTHR13182	620.0	573.1	309.0	31.27	23.07
PTHR10855	1808.0	1761.1	3683.06	120.4	88.83
PTHR10743	971.0	924.1	840.0	52.51	38.74
PTHR10742	19562.37	19093.37	12128.7	360.11	265.66
PTHR10745	2340.0	2293.1	5676.0	142.38	105.04
PTHR10744	1577.0	1483.2	41032.45	2660.8	1962.99
PTHR10746	3479.41	3385.61	9646.01	407.33	300.51
PTHR12924	776.0	729.1	2848.46	226.08	166.79
PTHR23308	5852.16	5617.66	5725.18	356.73	263.18
PTHR11349	1622.0	1528.2	6989.61	560.82	413.74
PTHR10566	20792.03	20276.17	15756.94	427.56	315.43
PTHR11588	3030.0	2889.3	38619.07	1421.72	1048.86
PTHR10291	1100.0	1053.1	575.0	31.51	23.25
PTHR11584	8056.31	7868.71	3398.04	134.19	99.0
PTHR11586	1043.0	996.1	509.0	29.5	21.76
PTHR11909	6512.32	6324.72	14430.93	395.01	291.42
PTHR24320	11532.21	11157.01	4030.0	155.39	114.64
PTHR24322	19836.99	19086.59	12781.22	566.18	417.7
PTHR11907	2177.0	2130.1	3680.1	99.4	73.33
PTHR11760	1467.0	1373.2	48615.86	3554.25	2622.13
PTHR11761	1784.0	1690.2	23335.76	2226.34	1642.48
PTHR11766	1920.0	1826.2	622.0	39.83	29.38
PTHR11767	6232.48	6044.92	2954.58	85.79	63.29
PTHR10361	4774.55	4633.85	1220.0	46.72	34.46
PTHR10366	14713.1	14150.33	63170.36	2670.96	1970.49
PTHR10169	3361.0	3314.1	1710.12	29.66	21.88
PTHR10168	5457.12	5222.68	5655.76	208.99	154.18
PTHR20973	1986.0	1939.1	440.0	13.06	9.63
PTHR10165	1540.0	1493.1	1260.87	48.65	35.89
PTHR31032	3027.0	2933.2	9972.1	388.18	286.37
PTHR23257	145646.09	141613.24	155328.65	4068.57	3001.57
PTHR23253	2218.0	2171.1	484.0	12.83	9.46
PTHR14190	2516.0	2469.1	1209.0	28.16	20.78
PTHR14194	9635.53	9260.34	15545.41	732.62	540.49
PTHR31251	28343.44	27264.79	20594.21	894.48	659.89
PTHR23074	15959.89	15444.0	10191.16	514.02	379.2
PTHR23077	11350.65	10694.22	5084.06	331.73	244.73
PTHR23076	16651.08	15994.52	18864.72	810.26	597.77
PTHR12561	1517.0	1470.1	747.53	29.3	21.61
PTHR23073	7512.85	7137.66	16739.81	1142.42	842.81
PTHR10293	3999.45	3811.86	2522.35	172.65	127.38
PTHR23078	1748.0	1654.2	1006.0	70.34	51.89
PTHR11165	2277.0	2183.2	6582.09	347.19	256.13
PTHR10772	3713.8	3573.1	7500.6	366.5	270.38
PTHR32100	5352.0	5211.3	13980.72	508.45	375.1
PTHR14445	2181.0	2087.2	1445.97	84.55	62.38
PTHR31811	2344.34	2250.55	411.0	19.56	14.43
PTHR23102	4081.34	3940.64	2393.04	95.6	70.53
PTHR23105	6005.25	5723.85	75727.68	4298.17	3170.98
PTHR11010	7933.84	7746.25	5797.99	171.63	126.61
PTHR11014	6049.36	5861.78	2564.0	78.43	57.87
PTHR12668	3919.0	3825.2	5836.5	156.55	115.5
PTHR12661	3303.0	3256.1	4831.49	85.28	62.92
PTHR12663	4209.43	4162.53	2993.08	41.31	30.47
PTHR12664	1343.92	1297.02	3060.34	136.02	100.35
PTHR16166	33425.14	32956.14	11630.61	198.95	146.77
PTHR12111	867.0	820.1	1290.0	90.94	67.09
PTHR12447	602.0	555.1	10.0	1.05	0.77
PTHR15481	778.0	731.1	40.0	3.17	2.34
PTHR26379	2088.0	1994.2	4219.0	225.46	166.32
PTHR12599	1259.0	1212.1	2849.68	135.58	100.02
PTHR12596	3743.0	3696.1	2333.38	36.27	26.76
PTHR12590	887.48	840.58	387.0	26.61	19.63
PTHR12066	4370.21	4182.61	578.0	29.9	22.05
PTHR12064	3924.0	3783.3	4337.95	120.42	88.85
PTHR13226	1687.44	1593.65	537.0	35.32	26.06
PTHR13889	2988.0	2941.1	5399.85	105.54	77.86
PTHR13887	1074.0	1027.1	94.0	5.28	3.9
PTHR21181	670.0	623.1	535.0	49.76	36.71
PTHR12412	2566.0	2519.1	1112.14	25.39	18.73
PTHR13948	2186.21	2092.41	569.0	31.8	23.46
PTHR12146	1020.0	926.32	14826.9	1283.28	946.74
PTHR10458	3066.0	2972.2	2783.0	105.63	77.92
PTHR19306	9230.52	9089.82	3514.0	70.87	52.29
PTHR12280	4885.31	4744.61	6088.11	186.46	137.56
PTHR11451	7418.25	7230.65	12994.94	335.54	247.55
PTHR12286	3347.63	3253.83	943.0	28.43	20.97
PTHR12415	5531.16	5343.58	628.18	22.89	16.88
PTHR30573	2341.0	2294.1	1597.13	40.05	29.54
PTHR22983	1153.0	1106.1	175.0	9.13	6.73
PTHR22981	1255.0	1208.1	1104.0	52.7	38.88
PTHR10947	2702.0	2608.21	2432.7	104.17	76.85
PTHR30191	3157.0	3110.1	19771.86	365.41	269.58
PTHR13082	761.0	714.1	283.0	22.94	16.92
PTHR10629	3752.0	3611.3	454.01	20.93	15.44
PTHR10994	12902.28	12527.08	8052.14	289.96	213.92
PTHR10996	7963.51	7682.12	7026.95	216.86	159.98
PTHR10625	11531.93	11062.96	8044.3	292.25	215.61
PTHR10992	38679.14	37412.86	23343.35	874.52	645.16
PTHR10993	1797.0	1703.2	441.98	37.99	28.03
PTHR17695	4613.9	4473.2	2220.0	82.32	60.73
PTHR12848	2610.0	2516.2	860.0	38.95	28.74
PTHR12849	1895.0	1801.2	612.0	39.26	28.97
PTHR21712	1102.0	1055.1	155.0	8.48	6.25
PTHR21294	2250.83	2203.93	1770.0	46.2	34.08
PTHR12841	938.0	891.1	90.0	5.84	4.31
PTHR21290	3992.0	3804.4	2142.52	123.96	91.45
PTHR21349	1582.0	1488.2	4298.75	354.73	261.71
PTHR21347	1975.15	1928.25	2247.34	67.08	49.49
PTHR21343	341.0	294.16	14.0	2.79	2.06
PTHR10196	7077.8	6890.21	1850.99	61.8	45.59
PTHR10192	3011.0	2917.2	7807.64	225.93	166.68
PTHR10755	1501.55	1454.66	26103.71	1033.93	762.78
PTHR10758	3165.1	3071.31	7851.38	330.94	244.15
PTHR13152	838.0	791.1	201.67	14.74	10.88
PTHR12932	6445.77	6258.22	11776.49	359.0	264.85
PTHR12934	1962.0	1868.2	4312.01	270.69	199.7
PTHR10288	11526.63	11245.23	31306.54	875.69	646.04
PTHR11800	1409.0	1362.1	2560.0	108.32	79.91
PTHR11802	14353.59	14025.29	31225.87	743.67	548.63
PTHR11807	2127.66	2033.86	739.0	41.36	30.52
PTHR11808	9332.0	9050.6	7593.77	228.3	168.42
PTHR10283	10897.7	10663.2	5800.71	142.22	104.93
PTHR10285	7765.89	7531.42	24397.18	816.87	602.65
PTHR10286	993.43	946.53	5201.94	317.4	234.16
PTHR11579	3018.93	2925.13	2005.0	76.4	56.37
PTHR13718	2679.0	2585.2	27154.83	1508.22	1112.68
PTHR13711	6479.0	6197.6	18132.09	1494.9	1102.85
PTHR13710	13592.8	13124.03	2953.79	99.45	73.36
PTHR11977	1450.87	1403.98	4843.72	198.81	146.67
PTHR11972	5756.14	5662.34	4721.21	111.9	82.55
PTHR31480	1230.0	1183.1	1757.5	85.68	63.21
PTHR31485	11018.94	10596.86	8747.84	345.77	255.08
PTHR11715	984.0	937.1	3618.0	222.99	164.51
PTHR11717	2192.0	2098.2	477.0	20.95	15.46
PTHR11711	9170.81	8842.52	18392.03	1128.11	832.26
PTHR11712	36906.37	35218.64	5794.66	145.88	107.63
PTHR10374	4261.33	4120.63	9988.17	277.98	205.07
PTHR10178	2960.42	2866.62	6685.23	304.09	224.34
PTHR11482	12037.18	11849.58	40615.49	774.18	571.15
PTHR10173	4660.22	4472.62	6100.94	290.03	213.96
PTHR10177	7486.12	7298.52	26612.22	837.63	617.95
PTHR10174	6289.27	6054.77	3800.97	180.51	133.18
PTHR23249	2132.91	2039.11	713.99	38.81	28.63
PTHR23244	13813.56	13391.51	6732.96	288.76	213.01
PTHR23245	494.81	447.92	305.0	39.61	29.22
PTHR23240	2101.58	2007.78	660.99	35.02	25.84
PTHR14614	13055.0	12632.9	3462.84	130.03	95.94
PTHR31268	2350.0	2256.22	2172.52	65.53	48.35
PTHR31262	1992.07	1851.41	93493.36	5850.92	4316.49
PTHR23063	2110.73	2016.93	1321.92	85.72	63.23
PTHR11620	700.0	653.1	14876.25	1319.39	973.37
PTHR11624	4458.0	4364.2	5513.04	192.2	141.79
PTHR11627	5091.06	4903.46	26842.53	1034.01	762.83
PTHR11390	4632.46	4538.66	1909.0	67.83	50.04
PTHR31319	4338.0	4244.2	7771.57	210.2	155.07
PTHR14052	1369.12	1322.22	1722.0	75.07	55.38
PTHR32118	2364.0	2317.1	7347.17	182.39	134.56
PTHR23117	1851.19	1804.29	6624.39	211.36	155.93
PTHR23115	47951.83	46873.13	178449.33	5460.72	4028.63
PTHR11028	1556.0	1509.1	2583.02	98.6	72.74
PTHR11024	6904.0	6763.3	3488.09	107.13	79.04
PTHR10066	6601.05	6319.65	2401.59	108.69	80.18
PTHR11777	3213.0	3166.1	9147.18	166.06	122.51
PTHR12616	2001.0	1954.1	1016.24	29.93	22.08
PTHR12613	2775.0	2728.1	2586.0	54.5	40.21
PTHR12612	688.0	641.1	1064.36	96.18	70.96
PTHR32060	3859.0	3765.2	4231.98	108.43	79.99
PTHR12126	3156.0	3062.2	4466.5	163.16	120.37
PTHR12436	7102.57	6914.97	3718.0	120.54	88.93
PTHR22734	1395.0	1348.1	1229.0	52.55	38.77
PTHR12121	2209.0	2115.2	483.74	28.47	21.0
PTHR12438	1648.0	1601.1	377.0	13.56	10.0
PTHR15492	1834.0	1787.1	1019.0	32.83	24.22
PTHR21426	2140.0	2093.1	411.0	11.3	8.34
PTHR21427	1217.0	1170.1	294.0	14.49	10.69
PTHR19372	1995.0	1948.1	2528.03	74.68	55.1
PTHR19370	7665.05	7430.56	27310.35	639.54	471.82
PTHR19376	16955.23	16626.93	11253.13	218.48	161.18
PTHR19375	6941.04	6659.64	8089.29	586.76	432.87
PTHR12725	2203.51	2109.72	1019.07	49.1	36.22
PTHR22884	12740.64	12506.14	7401.96	129.61	95.62
PTHR22880	9286.98	8958.68	9003.38	311.14	229.53
PTHR12542	2365.0	2318.1	357.0	8.86	6.54
PTHR12547	2022.0	1928.2	2479.92	102.39	75.54
PTHR12124	4596.68	4455.98	1343.0	57.12	42.14
PTHR10114	516.0	469.1	19456.34	2411.06	1778.75
PTHR21512	2591.0	2544.1	598.0	13.52	9.97
PTHR30508	2042.0	1995.1	5014.1	144.63	106.7
PTHR30502	1092.39	1045.49	465.98	25.72	18.98
PTHR10961	2104.35	2010.55	12070.24	685.97	506.07
PTHR10617	8713.0	8431.61	33342.29	1192.98	880.11
PTHR10615	2272.67	2178.87	3296.65	163.01	120.26
PTHR13527	4589.9	4543.0	10285.77	130.05	95.94
PTHR22958	6977.76	6837.06	17740.73	393.1	290.01
PTHR14534	2035.0	1988.1	604.0	17.48	12.9
PTHR22951	2380.0	2333.1	1038.91	25.61	18.9
PTHR22950	47750.37	46624.79	66907.54	1531.12	1129.55
PTHR22953	9318.68	9084.18	10266.88	294.61	217.37
PTHR22952	5898.7	5664.2	4479.99	227.74	168.0
PTHR22957	11656.35	11281.19	6495.0	270.34	199.43
PTHR21600	1293.0	1246.1	2120.31	98.11	72.38
PTHR24056	14307.25	13885.18	19412.75	381.56	281.49
PTHR24054	1577.0	1530.1	2403.88	90.5	66.77
PTHR24055	11431.55	11103.26	15856.16	630.93	465.47
PTHR24058	4489.0	4301.41	2600.83	126.67	93.45
PTHR10766	3137.0	2996.3	6341.56	363.51	268.18
PTHR10762	3342.48	3201.78	963.31	51.84	38.24
PTHR30031	5806.0	5618.43	15851.46	410.04	302.51
PTHR12945	1366.0	1319.1	839.0	36.66	27.05
PTHR12944	2568.0	2521.1	342.51	7.81	5.76
PTHR24128	5185.92	5045.22	10698.94	304.36	224.54
PTHR12858	4377.0	4189.4	1976.0	111.17	82.01
PTHR32228	1154.55	1107.65	69.0	3.59	2.65
PTHR13096	3712.0	3618.2	1621.42	51.78	38.21
PTHR11365	5239.29	4864.17	389.0	24.47	18.06
PTHR11361	18785.99	18082.63	6444.61	138.78	102.36
PTHR11814	20721.73	20346.57	21435.26	302.75	223.35
PTHR11363	1403.0	1356.1	40284.39	1712.15	1263.13
PTHR10543	8113.0	7925.4	3257.0	89.24	65.84
PTHR10540	2472.0	2378.2	4873.99	237.53	175.23
PTHR11562	6503.99	6316.4	13495.12	325.79	240.35
PTHR11566	16677.0	16348.7	27043.95	605.71	446.87
PTHR11567	2524.0	2430.2	1966.24	91.79	67.71
PTHR11564	6329.0	6188.3	6518.37	176.41	130.15
PTHR11962	2907.67	2813.87	2337.1	95.4	70.37
PTHR11963	1780.0	1733.1	1599.4	53.13	39.2
PTHR10381	7161.91	6786.71	18936.12	1224.32	903.24
PTHR10383	2942.0	2848.2	3770.0	154.82	114.21
PTHR11705	1922.34	1828.54	1338.01	75.39	55.61
PTHR11702	10251.0	10016.5	15685.9	351.49	259.32
PTHR11700	1446.0	1352.2	40543.87	4050.08	2987.93
PTHR10388	922.0	875.1	6129.0	404.71	298.58
PTHR11709	11291.72	11010.33	9389.88	255.15	188.22
PTHR10145	5912.0	5865.1	4695.67	45.97	33.92
PTHR23273	2704.0	2610.2	7719.77	225.52	166.38
PTHR12050	3467.89	3420.99	2082.5	34.98	25.81
PTHR24305	900.56	853.66	162.0	10.97	8.09
PTHR23050	2427.0	2286.3	13757.59	989.65	730.11
PTHR23056	2353.0	2259.2	2055.1	107.05	78.98
PTHR23054	1819.0	1772.1	561.0	18.23	13.45
PTHR11638	10179.94	9898.54	40650.36	930.18	686.24
PTHR23291	2979.26	2885.46	8019.5	348.78	257.31
PTHR23293	4666.15	4525.45	6407.71	221.82	163.64
PTHR11141	3077.0	3030.1	2720.0	51.6	38.07
PTHR11142	5429.67	5288.97	1666.98	47.67	35.17
PTHR11143	905.0	858.1	36916.21	2486.33	1834.28
PTHR22748	5239.88	5052.29	1422.0	65.1	48.03
PTHR11380	968.0	921.1	1372.0	86.04	63.48
PTHR11384	2561.0	2467.2	550.0	26.06	19.23
PTHR32477	2209.0	2162.1	463.0	12.32	9.09
PTHR14043	1964.0	1870.2	844.0	52.16	38.48
PTHR32472	3301.07	3254.17	1740.0	30.73	22.67
PTHR31658	3477.0	3430.1	1802.0	30.19	22.27
PTHR13890	8226.72	8039.19	7790.99	219.22	161.73
PTHR14269	4159.17	3971.57	2316.0	101.61	74.97
PTHR22883	9820.59	9492.29	4838.57	185.75	137.04
PTHR23125	53372.44	51871.83	19450.34	645.88	476.49
PTHR19879	2398.0	2351.1	963.0	23.56	17.38
PTHR22881	3265.17	3171.37	2205.15	78.9	58.21
PTHR14136	2972.0	2831.3	2786.99	176.33	130.08
PTHR19876	6995.0	6901.2	11261.58	193.8	142.98
PTHR12608	5038.1	4850.5	4196.2	171.3	126.37
PTHR12604	2268.0	2221.1	396.0	10.26	7.57
PTHR12603	2815.0	2721.2	2710.11	116.58	86.01
PTHR32091	2691.06	2597.26	8745.6	395.96	292.12
PTHR32098	4267.31	4079.71	702.0	42.71	31.51
PTHR18763	1639.0	1545.2	1019.0	75.37	55.61
PTHR22726	2306.19	2212.39	494.0	22.47	16.58
PTHR22727	19151.3	18635.52	9277.01	320.49	236.45
PTHR12428	3543.53	3449.73	5652.37	177.29	130.79
PTHR18968	8438.56	8204.07	38883.09	942.29	695.15
PTHR12730	3614.0	3520.2	3312.9	108.93	80.36
PTHR12506	827.0	780.1	58.0	4.3	3.17
PTHR12735	1840.0	1746.2	1464.78	92.49	68.23
PTHR15020	3832.0	3738.2	5130.04	214.36	158.14
PTHR12558	2778.21	2684.42	1103.0	42.14	31.09
PTHR12553	1670.0	1576.21	481.0	28.54	21.06
PTHR12049	2401.72	2307.92	354.0	17.49	12.9
PTHR10497	933.0	839.23	24951.33	2876.65	2122.24
PTHR24073	4688.8	4454.3	7156.98	428.7	316.28
PTHR21569	702.0	655.1	23859.69	2109.62	1556.36
PTHR21567	1313.0	1266.1	2730.0	124.32	91.72
PTHR13950	1190.0	1143.1	418.9	21.14	15.6
PTHR12133	1621.62	1574.72	182.0	6.66	4.91
PTHR10972	6437.43	6296.73	4592.22	148.51	109.56
PTHR10606	4023.64	3976.74	3707.83	53.57	39.52
PTHR10971	1329.0	1282.1	633.0	28.46	21.0
PTHR13743	7955.0	7767.4	1205.0	39.9	29.45
PTHR12302	3704.0	3657.1	10462.23	164.38	121.27
PTHR22942	10107.51	9638.6	4942.99	190.66	140.66
PTHR13395	2558.0	2464.2	990.0	47.86	35.31
PTHR13803	6041.15	5900.49	4110.96	71.59	52.82
PTHR21368	1246.0	1152.22	5291.22	402.02	296.59
PTHR24067	16928.97	16225.47	24236.34	1279.78	944.15
PTHR24064	11346.88	11018.59	13208.4	407.93	300.95
PTHR24063	28408.74	27564.79	166335.91	3888.74	2868.91
PTHR21011	1531.0	1437.2	3362.0	256.0	188.86
PTHR10774	14232.63	13763.7	5092.92	203.65	150.23
PTHR24068	3025.0	2884.3	3014.64	243.3	179.5
PTHR19980	2076.0	1982.2	299.0	17.62	13.0
PTHR12959	3608.1	3514.3	338.0	12.8	9.45
PTHR24115	30198.51	29260.6	42965.72	960.13	708.34
PTHR11825	9351.56	9023.26	7918.85	278.67	205.6
PTHR10809	1619.0	1525.2	2487.01	156.54	115.49
PTHR11822	1701.0	1654.1	6658.81	231.82	171.03
PTHR10555	4506.39	4412.6	7257.19	167.43	123.52
PTHR10806	859.0	812.1	1040.0	74.04	54.62
PTHR10804	9626.9	9392.4	15276.03	563.7	415.87
PTHR11556	3811.0	3670.32	15556.35	587.79	433.64
PTHR11558	1457.0	1410.1	2371.0	96.89	71.48
PTHR13773	3473.89	3380.09	2755.97	95.99	70.81
PTHR10537	1396.92	1350.02	680.0	29.03	21.42
PTHR11953	2119.0	2025.2	988.0	56.08	41.37
PTHR11952	1761.0	1667.2	2654.02	181.09	133.6
PTHR11956	2198.0	2151.1	3966.82	106.1	78.27
PTHR11959	4192.14	4145.24	5450.0	75.53	55.72
PTHR11739	1988.95	1942.05	5787.03	171.5	126.52
PTHR11732	18006.82	17397.19	12637.7	531.92	392.42
PTHR11731	7660.52	7519.82	3104.03	71.73	52.92
PTHR11730	3413.17	3272.48	1773.95	102.02	75.27
PTHR11735	3065.54	2924.84	1101.0	58.87	43.42
PTHR10394	790.0	743.1	30150.48	2347.54	1731.89
PTHR20941	2175.26	2081.49	1262.28	69.21	51.06
PTHR10150	2874.16	2780.39	616.0	25.05	18.48
PTHR31065	3034.23	2940.44	5194.99	179.13	132.16
PTHR10159	8099.0	7864.5	9245.57	317.87	234.5
PTHR31066	1295.0	1248.1	683.0	31.55	23.28
PTHR13604	1022.0	928.21	91.0	11.54	8.51
PTHR23264	3426.35	3285.65	1951.1	96.22	70.98
PTHR23269	2111.0	2064.1	977.47	27.25	20.1
PTHR31204	1720.0	1673.1	663.85	22.85	16.86
PTHR31201	1685.0	1638.1	1752.0	61.59	45.44
PTHR31209	1301.0	1254.1	281.0	12.92	9.53
PTHR11607	3948.0	3854.2	1615.0	48.95	36.12
PTHR11606	4852.0	4711.3	7898.63	226.87	167.38
PTHR23284	1574.94	1528.04	632.0	23.83	17.58
PTHR24316	4355.0	4214.3	7992.13	320.65	236.57
PTHR32467	10300.14	9831.19	5654.57	243.92	179.95
PTHR14255	6597.0	6362.5	2214.0	96.82	71.44
PTHR31840	820.34	773.45	144.0	10.77	7.94
PTHR23130	4459.0	4365.2	5452.1	110.77	81.72
PTHR23133	1077.0	1030.1	1345.0	75.37	55.6
PTHR23135	1548.64	1501.74	2899.03	111.2	82.04
PTHR23138	2479.0	2385.2	4640.29	267.28	197.18
PTHR23139	8122.5	7841.11	14228.05	583.27	430.31
PTHR31682	1259.0	1212.1	5918.99	281.61	207.76
PTHR11040	2671.0	2530.3	1157.77	84.9	62.63
PTHR11043	835.0	788.1	1307.0	95.91	70.76
PTHR11042	6734.13	6546.53	6672.0	311.76	230.0
PTHR11048	13187.58	12906.19	9978.77	255.14	188.22
PTHR15818	1985.0	1938.1	1224.07	36.35	26.82
PTHR12636	1194.0	1147.1	873.88	43.95	32.42
PTHR31606	1282.0	1235.1	661.0	30.86	22.77
PTHR14490	2752.87	2612.18	2597.98	112.6	83.07
PTHR14493	9618.66	9337.26	14172.85	464.56	342.74
PTHR15651	2177.0	2130.1	749.83	20.25	14.94
PTHR12380	3363.0	3222.3	4518.29	229.38	169.23
PTHR12385	2845.0	2751.2	16362.27	496.88	366.57
PTHR12706	15118.56	14790.26	4239.03	87.58	64.63
PTHR12709	1935.04	1841.24	2185.0	150.83	111.27
PTHR19957	6320.41	6132.83	6868.32	269.21	198.61
PTHR30239	1763.0	1716.1	4360.0	146.29	107.92
PTHR12560	3392.0	3298.2	5420.81	199.97	147.53
PTHR11203	5044.79	4904.11	2972.0	86.37	63.72
PTHR12770	6062.36	5827.87	998.0	54.28	40.04
PTHR12097	7251.0	7157.2	12155.31	194.87	143.76
PTHR19842	2635.0	2588.1	1149.01	25.53	18.83
PTHR11200	8071.97	7978.17	5515.71	77.62	57.26
PTHR21576	1420.9	1327.1	240.0	18.36	13.55
PTHR24193	13391.05	12875.16	10884.12	489.7	361.3
PTHR12419	4929.61	4695.11	3611.9	214.28	158.09
PTHR23338	3031.0	2890.31	3307.0	248.55	183.37
PTHR30525	1631.0	1584.1	1721.98	62.61	46.19
PTHR12413	2061.02	1967.22	500.0	27.44	20.24
PTHR12411	14953.95	14250.52	72265.88	2767.53	2041.75
PTHR23339	3741.34	3647.54	821.0	35.1	25.89
PTHR21717	5489.71	5349.01	3089.37	75.08	55.39
PTHR10943	3910.0	3816.2	5641.0	159.73	117.84
PTHR12897	3002.0	2955.1	1623.0	31.57	23.29
PTHR12894	6310.0	5981.73	887.0	62.15	45.84
PTHR12891	1205.0	1158.1	236.0	11.75	8.67
PTHR22976	4671.0	4483.45	11022.84	322.49	237.92
PTHR22975	2658.08	2517.56	966.0	47.75	35.23
PTHR22970	2668.0	2621.1	373.0	8.18	6.04
PTHR21377	1983.0	1889.2	1566.16	90.89	67.05
PTHR21371	2074.0	2027.1	21851.58	620.31	457.63
PTHR21373	2449.0	2355.2	912.0	44.39	32.74
PTHR22573	10689.35	10454.85	9663.31	272.37	200.94
PTHR22572	7272.0	7037.5	13618.57	606.86	447.72
PTHR21000	2063.0	2016.1	5859.01	167.23	123.38
PTHR10701	613.0	566.1	988.89	101.33	74.75
PTHR13161	914.0	820.28	428.28	57.51	42.43
PTHR13165	2736.41	2642.61	2625.15	112.5	82.99
PTHR21396	1273.0	1179.2	1351.01	128.74	94.98
PTHR12965	2217.19	2123.5	1068.14	52.99	39.09
PTHR10681	6974.18	6598.99	5656.54	309.87	228.6
PTHR24106	9057.64	8729.34	7999.78	318.45	234.93
PTHR24103	2839.0	2698.3	544.0	33.0	24.34
PTHR10683	1632.0	1585.1	3519.86	127.9	94.36
PTHR11540	2369.0	2181.49	4219.7	394.11	290.75
PTHR10836	2311.0	2170.42	18227.79	928.49	684.99
PTHR10835	2404.0	2357.1	2308.12	56.32	41.55
PTHR11545	927.0	880.1	29461.83	1934.32	1427.03
PTHR10012	1524.0	1477.1	837.0	32.65	24.09
PTHR13768	2607.0	2513.2	2770.77	129.6	95.62
PTHR24078	11447.0	11071.91	3949.77	156.89	115.74
PTHR11946	14822.0	14540.6	30178.07	607.86	448.44
PTHR11947	4625.71	4531.91	9990.41	261.6	192.99
PTHR11941	10153.77	9825.5	3581.08	131.12	96.74
PTHR24072	1597.0	1550.1	869.0	32.29	23.82
PTHR10496	512.0	465.1	19082.41	2385.31	1759.75
PTHR10491	2793.13	2699.33	1481.14	60.88	44.92
PTHR24076	12244.44	11681.78	7970.88	352.62	260.13
PTHR24077	14525.04	13868.61	37836.89	879.54	648.85
PTHR11728	3894.0	3800.2	6777.09	252.59	186.34
PTHR11726	842.0	795.1	44981.11	3271.43	2413.48
PTHR11727	551.0	504.1	232.0	26.73	19.72
PTHR11721	648.0	601.1	29294.55	2825.19	2084.27
PTHR11722	794.0	747.1	21839.95	1691.3	1247.75
PTHR10120	4063.15	3969.35	2472.94	66.54	49.09
PTHR10122	1136.0	1089.1	9468.0	501.64	370.08
PTHR11831	2383.0	2242.3	23239.33	1683.95	1242.32
PTHR11835	1802.0	1755.1	4416.58	144.88	106.88
PTHR11614	4799.03	4705.23	6210.61	139.51	102.92
PTHR11615	9976.0	9553.94	18181.06	498.21	367.54
PTHR11618	3742.27	3601.57	1988.94	94.49	69.71
PTHR14140	2692.0	2645.1	3638.0	79.08	58.34
PTHR32419	1311.66	1264.76	511.0	23.29	17.19
PTHR10231	5621.0	5480.3	2360.14	81.99	60.48
PTHR10233	9058.0	8823.5	6958.95	231.44	170.75
PTHR31503	4403.78	4263.08	2857.3	81.38	60.03
PTHR23147	573.17	526.27	530.0	58.46	43.13
PTHR23140	2080.0	2033.1	565.94	16.02	11.82
PTHR23142	1020.0	973.1	443.13	26.3	19.4
PTHR23149	1869.0	1822.1	3566.01	112.66	83.11
PTHR23148	861.89	814.99	403.0	28.59	21.09
PTHR11817	11835.0	11553.6	12237.57	338.32	249.6
PTHR11056	2060.93	2014.03	1799.7	51.42	37.94
PTHR11055	4342.95	4202.25	17058.56	620.92	458.07
PTHR32523	2453.0	2359.2	1986.0	86.15	63.55
PTHR31695	2917.0	2870.1	2668.37	53.45	39.43
PTHR11819	329.0	282.17	13.0	2.7	1.99
PTHR10544	507.0	460.1	7792.99	984.85	726.57
PTHR12629	2645.03	2598.14	4555.75	100.83	74.39
PTHR19316	1500.0	1453.1	569.0	22.56	16.64
PTHR18945	6453.39	6312.69	2903.09	83.71	61.77
PTHR26402	9656.0	9421.5	26017.25	627.69	463.08
PTHR19384	6575.0	6434.3	1418.92	37.35	27.56
PTHR12714	5207.78	5020.19	4552.85	135.16	99.72
PTHR12570	4658.91	4518.21	1844.89	63.54	46.88
PTHR21494	2475.0	2428.1	492.0	11.65	8.6
PTHR21145	1265.21	1218.31	1373.0	64.99	47.95
PTHR21496	4795.0	4560.6	5149.68	230.14	169.78
PTHR21493	32799.5	31955.33	23205.77	743.37	548.4
PTHR21499	9372.01	9231.31	17067.38	316.35	233.38
PTHR21148	3876.37	3735.67	1495.0	78.76	58.12
PTHR12083	3671.83	3531.13	1635.09	74.82	55.21
PTHR19854	3891.0	3750.3	2584.0	77.93	57.49
PTHR13976	1590.0	1496.2	315.47	25.62	18.91
PTHR19852	2220.0	2173.1	2013.0	53.29	39.32
PTHR16128	3608.9	3421.31	723.0	36.73	27.1
PTHR12400	1509.62	1462.72	1282.0	50.5	37.25
PTHR19853	3074.0	3027.1	2193.0	41.64	30.72
PTHR30314	1812.0	1765.1	11218.5	365.91	269.95
PTHR12882	706.0	659.1	477.22	41.94	30.94
PTHR12883	1422.0	1375.1	1104.96	46.31	34.17
PTHR16255	7459.61	7318.91	6230.46	164.1	121.07
PTHR16254	8713.03	8525.43	8801.13	251.16	185.29
PTHR22960	678.44	631.54	378.0	34.68	25.59
PTHR13373	2177.0	2130.1	424.0	11.45	8.45
PTHR13375	1121.0	1074.1	545.0	29.28	21.6
PTHR22967	5238.0	5097.3	6660.89	147.97	109.17
PTHR19858	4928.27	4834.47	2168.87	49.49	36.51
PTHR30222	2468.62	2421.73	668.0	15.86	11.7
PTHR13115	1998.87	1951.97	2325.07	68.55	50.57
PTHR13117	1603.0	1556.1	200.0	7.4	5.46
PTHR13285	2257.58	2210.68	897.0	23.34	17.22
PTHR13288	1360.0	1313.1	454.01	19.93	14.7
PTHR10953	15403.49	14981.39	10143.55	277.21	204.5
PTHR10954	1102.0	1055.1	398.0	21.77	16.06
PTHR21726	531.0	484.1	56.0	6.72	4.96
PTHR10956	872.0	778.25	29260.42	3702.41	2731.44
PTHR11538	1829.0	1782.1	1233.0	39.83	29.39
PTHR10826	902.0	855.1	1480.68	100.08	73.83
PTHR11533	14181.49	13993.89	11359.06	182.83	134.88
PTHR11532	1954.0	1907.1	5394.35	162.8	120.11
PTHR10000	4241.25	4100.55	2217.0	92.83	68.49
PTHR13021	1320.0	1273.1	1218.0	55.16	40.69
PTHR24006	21143.29	20346.05	14850.34	589.33	434.77
PTHR24003	26197.41	25634.62	114361.67	2023.08	1492.52
PTHR31446	2319.0	2225.2	1666.55	84.52	62.36
PTHR31190	2655.18	2561.38	5073.58	163.85	120.89
PTHR11441	1428.0	1381.1	884.28	36.9	27.22
PTHR11440	5115.77	4928.17	875.0	35.59	26.25
PTHR11999	8017.46	7829.86	8211.0	245.37	181.02
PTHR11998	6655.09	6467.49	7395.32	319.32	235.58
PTHR11449	475.0	428.11	31401.63	4269.03	3149.46
PTHR11994	1353.0	1259.2	32611.1	2772.48	2045.39
PTHR10133	11142.54	10908.05	15906.51	320.39	236.36
PTHR13620	5367.0	5132.5	5337.0	194.09	143.17
PTHR11847	739.0	692.1	25330.73	2118.9	1563.21
PTHR11843	848.0	801.1	36499.5	2634.53	1943.62
PTHR11661	1816.0	1722.2	37753.95	3477.01	2565.14
PTHR11662	23664.56	23007.96	18340.98	495.83	365.82
PTHR11669	3332.41	3238.61	2914.37	104.28	76.94
PTHR11668	15328.3	14906.2	24073.77	839.67	619.46
PTHR20856	12013.0	11778.5	8811.88	130.59	96.35
PTHR20854	4013.63	3872.94	1640.29	73.14	53.95
PTHR20855	7660.5	7473.0	3704.01	118.41	87.35
PTHR20852	2918.0	2777.33	15886.33	548.96	404.99
PTHR32404	1359.77	1312.87	661.0	29.02	21.41
PTHR20858	5902.08	5761.38	7193.97	191.49	141.27
PTHR14237	7478.33	7196.95	25213.05	676.58	499.13
PTHR10739	4083.0	3989.2	6337.79	200.41	147.84
PTHR23155	59603.08	57821.1	26604.04	964.53	711.62
PTHR23153	2067.85	1974.05	1230.0	91.75	67.69
PTHR23151	7085.0	6616.08	8598.44	633.43	467.31
PTHR11063	4530.93	4437.13	14996.96	347.11	256.08
PTHR11062	10545.22	10263.82	7346.07	211.01	155.65
PTHR11061	4449.93	4262.33	2154.0	105.08	77.53
PTHR11065	5959.06	5818.36	5840.63	176.67	130.34
PTHR11064	3547.63	3406.93	2218.01	103.63	76.46
PTHR11260	9347.6	9066.21	3194.16	125.99	92.94
PTHR11264	1177.06	1130.17	566.02	28.89	21.32
PTHR11266	7310.0	7028.6	8485.07	442.1	326.15
PTHR31998	2952.83	2905.94	1465.0	28.98	21.38
PTHR15838	689.0	642.1	325.0	29.32	21.63
PTHR32338	2622.9	2576.0	2278.02	50.85	37.52
PTHR31407	5301.0	5113.4	3095.07	157.92	116.5
PTHR12363	7133.07	6992.37	2509.0	45.29	33.41
PTHR18952	3246.0	3152.2	1565.0	53.13	39.19
PTHR12765	1974.4	1880.6	1133.53	69.87	51.54
PTHR12505	1454.63	1407.73	570.0	23.33	17.21
PTHR22604	3092.54	2998.74	1905.0	75.53	55.72
PTHR21481	1507.0	1460.1	539.0	21.27	15.69
PTHR22778	2134.6	2040.81	419.0	23.67	17.46
PTHR19446	6083.69	5849.23	659.0	21.8	16.09
PTHR12219	1040.0	993.1	3886.94	225.97	166.71
PTHR13561	6071.63	5930.93	3561.76	69.45	51.23
PTHR13563	1975.07	1881.27	573.0	35.08	25.88
PTHR12210	1728.63	1634.84	1097.01	65.59	48.39
PTHR12215	2011.0	1917.2	440.0	28.61	21.11
PTHR12214	1146.38	1099.48	524.0	27.5	20.29
PTHR22915	11888.04	11512.84	12476.61	513.26	378.65
PTHR22911	7829.85	7548.45	1030.89	45.48	33.55
PTHR22912	8643.32	8408.82	17204.46	602.3	444.35
PTHR12183	1434.0	1387.1	304.0	12.63	9.32
PTHR19849	2561.0	2514.1	526.0	12.03	8.88
PTHR31783	5651.0	5557.2	1072.0	24.47	18.05
PTHR22594	4683.0	4589.2	6358.99	161.8	119.36
PTHR11864	3249.0	3155.2	1685.0	59.29	43.75
PTHR21152	5110.95	5017.15	13597.79	281.83	207.92
PTHR21021	1198.0	1104.2	195.0	21.41	15.79
PTHR30075	3602.0	3555.1	1859.0	30.05	22.17
PTHR11632	2681.93	2635.03	11107.36	242.38	178.82
PTHR13102	2365.0	2318.1	1343.0	33.32	24.59
PTHR12984	1992.0	1945.1	643.12	19.03	14.04
PTHR11630	10171.45	9890.05	29133.52	1009.54	744.79
PTHR11140	7459.0	7365.2	15193.82	199.03	146.83
PTHR13299	1518.0	1424.2	532.0	43.59	32.16
PTHR12652	3850.91	3757.11	9973.92	395.3	291.62
PTHR10925	3417.0	3370.1	6502.99	110.89	81.81
PTHR21737	3366.09	3225.4	1865.34	103.23	76.16
PTHR10920	6171.13	6030.43	5769.03	198.64	146.55
PTHR10585	2375.0	2281.2	6454.95	299.07	220.64
PTHR10584	21515.47	20999.58	13165.11	326.68	241.0
PTHR11528	5578.0	5437.3	11111.39	274.61	202.59
PTHR11527	4159.04	3971.48	5871.14	290.12	214.04
PTHR11525	1497.0	1403.2	1102.0	90.87	67.03
PTHR10859	818.0	771.1	443.0	33.23	24.52
PTHR10589	4524.18	4430.38	7042.91	130.62	96.36
PTHR10588	2949.0	2808.3	1710.77	84.94	62.66
PTHR13038	2183.34	2136.44	712.0	19.17	14.15
PTHR13748	11675.71	11300.51	18817.79	677.73	499.98
PTHR11223	8298.15	8157.45	8913.18	151.81	112.0
PTHR23109	936.0	889.1	429.38	27.9	20.59
PTHR24015	41470.8	40392.1	36584.95	1023.17	754.79
PTHR24012	16893.59	16143.24	32512.83	1672.51	1233.9
PTHR24011	30600.41	29474.83	54668.87	2515.62	1855.87
PTHR31187	5056.65	4962.85	11172.88	274.53	202.54
PTHR10548	1541.28	1494.38	2936.0	113.19	83.5
PTHR10459	12201.44	11920.04	6194.09	142.18	104.9
PTHR11453	5178.94	5038.25	3134.98	94.56	69.77
PTHR10108	38723.63	37316.68	21074.32	1020.97	753.24
PTHR11986	9442.49	9114.19	18879.54	656.81	484.54
PTHR11455	7613.78	7285.5	2006.86	98.25	72.49
PTHR10102	3623.0	3576.1	3127.0	50.25	37.07
PTHR11458	1544.0	1497.1	4095.26	157.59	116.26
PTHR10106	1780.0	1733.1	1393.0	46.28	34.14
PTHR31057	2692.0	2598.2	477.0	20.99	15.49
PTHR21141	2756.68	2615.99	74315.28	6477.18	4778.52
PTHR11851	15703.68	15328.5	14652.42	506.78	373.88
PTHR23092	1348.0	1301.1	227.0	10.06	7.42
PTHR23091	14766.61	14110.02	7976.39	394.17	290.8
PTHR11673	941.0	894.1	18693.77	1207.99	891.19
PTHR11670	4122.0	4028.2	14187.21	369.44	272.55
PTHR11671	1243.0	1196.1	1725.0	83.18	61.36
PTHR20863	2924.0	2736.41	12388.76	809.04	596.86
PTHR20861	1538.0	1491.1	1530.0	59.11	43.61
PTHR11679	2578.88	2531.98	1058.58	24.04	17.74
PTHR14009	3110.0	3063.1	6244.86	117.19	86.46
PTHR10217	5363.74	5176.14	884.0	23.3	17.19
PTHR14005	4695.0	4648.1	9252.05	114.33	84.35
PTHR10210	3905.5	3811.7	8135.81	247.78	182.8
PTHR31522	1791.0	1744.1	1129.0	37.27	27.5
PTHR14221	1800.0	1753.1	1692.0	55.57	40.99
PTHR23163	858.0	811.1	647.0	46.12	34.03
PTHR11079	6081.64	5847.14	9959.96	365.53	269.68
PTHR11076	12029.0	11419.31	1437.0	86.76	63.99
PTHR11070	3684.59	3590.79	592.0	17.45	12.88
PTHR11071	18956.59	18159.33	15959.87	1176.86	868.22
PTHR11278	803.0	756.1	22111.49	1691.77	1248.1
PTHR11276	1021.0	974.1	18.0	1.07	0.79
PTHR11274	2912.0	2818.2	3046.95	122.42	90.32
PTHR31984	4775.66	4634.97	5114.87	149.38	110.2
PTHR16201	2689.24	2642.34	1207.02	26.27	19.38
PTHR15350	3448.0	3354.2	6259.1	217.01	160.1
PTHR15606	3154.6	3060.8	1013.0	39.4	29.07
PTHR12374	2029.0	1935.21	977.0	58.64	43.26
PTHR12375	1053.0	1006.1	565.0	32.42	23.92
PTHR12378	2068.0	1974.2	318.0	19.0	14.02
PTHR20961	18401.83	17885.93	8825.47	281.55	207.72
PTHR18929	13662.5	13099.71	23787.61	941.04	694.25
PTHR30535	1103.0	1056.1	304.0	16.61	12.26
PTHR12777	681.0	634.1	2379.92	217.46	160.43
PTHR12775	1410.46	1363.56	1210.64	51.17	37.75
PTHR20981	628.0	581.1	23154.49	2310.69	1704.7
PTHR16092	2089.02	1995.22	332.0	19.06	14.06
PTHR12406	6242.51	6008.03	8122.87	348.61	257.18
PTHR19211	14762.3	14293.35	157045.79	2877.8	2123.09
PTHR22298	11806.14	11571.64	5567.14	122.25	90.18
PTHR12174	5683.0	5542.3	4869.72	148.09	109.26
PTHR12175	2177.27	2083.47	2024.87	113.52	83.75
PTHR12176	3172.42	3078.62	332.0	11.5	8.49
PTHR22769	7198.52	6964.02	4212.86	190.14	140.26
PTHR22767	3794.32	3653.62	1766.71	95.02	70.1
PTHR22765	2090.93	1997.13	2190.0	132.42	97.7
PTHR22762	10872.87	10638.37	5684.07	136.41	100.64
PTHR22763	2674.0	2580.2	923.0	39.29	28.98
PTHR22761	4199.0	4011.41	4881.5	219.06	161.61
PTHR21231	4831.0	4690.3	3083.83	139.82	103.15
PTHR21230	1474.62	1427.72	667.0	26.92	19.86
PTHR21234	1646.0	1599.1	693.0	24.96	18.41
PTHR21237	1050.0	1003.1	564.0	32.46	23.95
PTHR12202	2152.0	2058.2	1866.0	102.16	75.37
PTHR12203	12374.56	12093.16	3954.0	98.13	72.4
PTHR19857	1466.0	1419.1	1576.0	64.0	47.21
PTHR13355	1599.0	1552.1	522.69	19.4	14.31
PTHR19855	3948.0	3854.2	1737.0	59.37	43.81
PTHR13353	3102.34	3008.55	482.0	18.92	13.96
PTHR12197	10652.05	10089.34	6632.26	248.11	183.03
PTHR13822	1125.0	1078.1	5863.46	313.85	231.54
PTHR21649	11142.81	10486.33	325944.58	20938.3	15447.15
PTHR32442	1366.0	1319.1	522.0	22.81	16.83
PTHR13138	2294.0	2200.2	695.0	40.34	29.76
PTHR10732	689.0	642.1	17791.67	1605.25	1184.27
PTHR10738	4034.0	3987.1	2734.99	39.41	29.07
PTHR12992	1244.0	1197.1	394.0	18.98	14.0
PTHR22838	4795.03	4607.43	1720.0	78.9	58.21
PTHR22836	2230.0	2183.1	666.0	17.55	12.95
PTHR10693	411.0	364.11	68.0	10.89	8.04
PTHR32379	1365.0	1318.1	571.0	24.97	18.42
PTHR10938	2616.0	2522.2	3280.81	158.49	116.92
PTHR10934	861.0	814.1	20968.88	1489.18	1098.64
PTHR11510	2196.0	2149.1	12310.41	329.56	243.13
PTHR11516	5376.0	5235.3	9244.17	332.2	245.07
PTHR10025	2751.0	2610.3	3993.02	169.44	125.0
PTHR10026	6285.36	6003.96	2142.28	112.4	82.92
PTHR10027	2390.0	2343.1	480.0	11.78	8.69
PTHR13009	3557.39	3369.8	732.0	51.84	38.25
PTHR13007	1819.57	1772.67	1873.02	60.83	44.88
PTHR30115	937.0	890.1	2657.0	172.47	127.24
PTHR11863	3121.0	2980.3	2489.92	118.86	87.69
PTHR17901	798.0	751.1	169.0	13.02	9.6
PTHR24351	6951.82	6717.33	12105.27	550.45	406.1
PTHR20982	1290.0	1243.1	712.05	33.03	24.37
PTHR24352	3470.86	3377.06	2171.99	57.87	42.69
PTHR11467	602.0	555.1	3369.34	352.16	259.81
PTHR10119	2365.0	2318.1	2992.72	74.26	54.79
PTHR10343	3532.0	3485.1	3081.67	50.81	37.49
PTHR10110	6743.64	6556.04	1653.85	58.08	42.86
PTHR11469	2639.76	2592.86	4240.98	94.05	69.39
PTHR10445	1222.0	1175.1	769.24	37.76	27.86
PTHR10598	993.0	946.1	183.0	11.17	8.24
PTHR24286	4308.93	4168.23	6436.8	267.58	197.4
PTHR23429	1988.0	1941.1	725.4	21.51	15.87
PTHR23426	2108.66	2014.86	6207.06	347.47	256.34
PTHR10593	3263.0	3169.2	5497.16	198.35	146.33
