GeneFamily	length	effective_length	expected_count	TPM	FPKM
PTHR11649	14169.02	13691.56	2201.0	200.33	155.55
PTHR31089	1067.38	1019.62	79.0	12.23	9.5
PTHR31085	2819.97	2772.22	733.29	41.59	32.29
PTHR11647	6028.79	5933.27	984.0	52.02	40.39
PTHR11645	974.48	926.72	116.0	19.78	15.36
PTHR11880	854.0	806.24	11022.01	2162.5	1679.09
PTHR11885	727.0	679.24	11120.26	2593.64	2013.85
PTHR10209	7031.0	6792.23	815.0	80.56	62.55
PTHR32429	3447.0	3303.74	8131.13	772.62	599.9
PTHR12403	840.0	792.24	316.0	63.1	49.0
PTHR31423	1110.0	1062.24	124.0	18.43	14.31
PTHR31551	759.28	711.52	251.0	55.86	43.37
PTHR32195	2457.1	2361.58	364.0	34.38	26.69
PTHR11081	8781.0	8494.44	332.0	29.56	22.96
PTHR11080	2126.1	2030.58	366.0	50.33	39.08
PTHR11082	4896.0	4800.48	3500.04	180.03	139.78
PTHR11085	7517.54	7183.22	562.0	73.07	56.75
PTHR11089	6130.17	5939.13	1100.0	108.44	84.19
PTHR32518	5993.0	5897.48	551.0	34.66	26.91
PTHR11247	1424.0	1328.48	45.0	11.15	8.66
PTHR12277	3917.06	3773.8	522.0	68.49	53.18
PTHR32512	1819.0	1771.24	414.0	36.8	28.58
PTHR23088	4255.93	4064.9	1107.37	151.12	117.33
PTHR23089	1694.0	1598.48	797.0	174.54	135.52
PTHR23081	5269.72	5126.46	2127.09	170.19	132.15
PTHR23083	29984.51	29220.37	6287.85	454.54	352.9
PTHR23084	6633.31	6442.27	1016.97	117.62	91.32
PTHR23086	6179.0	5987.96	639.25	61.68	47.89
PTHR18806	3810.0	3714.49	870.0	67.68	52.56
PTHR31953	1816.0	1768.24	382.0	34.02	26.41
PTHR15184	10548.52	10309.72	9478.47	780.53	606.07
PTHR15341	799.0	751.24	43.02	9.06	7.04
PTHR14744	1242.0	1146.56	19.0	5.8	4.5
PTHR15169	1388.0	1340.24	50.0	5.88	4.57
PTHR12341	10841.01	10554.47	1834.0	98.96	76.84
PTHR15160	5329.53	5138.5	1936.03	192.06	149.12
PTHR18937	20413.57	20127.01	2865.0	122.82	95.36
PTHR18934	26518.61	25754.46	7448.9	579.95	450.28
PTHR12742	2322.0	2274.24	1702.0	117.74	91.42
PTHR12741	1560.0	1512.24	558.0	58.14	45.14
PTHR16557	1964.0	1868.48	77.0	12.68	9.84
PTHR19288	5393.46	5202.42	1862.02	203.87	158.31
PTHR12975	4122.0	3978.72	250.95	33.57	26.08
PTHR13902	2648.26	2600.5	557.0	33.68	26.15
PTHR13903	1438.0	1390.24	552.0	62.59	48.6
PTHR22753	2304.0	2208.48	48.0	7.03	5.46
PTHR30615	1663.31	1567.79	173.28	36.07	28.01
PTHR22939	14304.5	13827.0	2692.22	248.96	193.31
PTHR22938	3864.0	3720.72	490.0	61.11	47.45
PTHR16266	4691.0	4547.72	232.0	23.25	18.05
PTHR21597	5700.0	5652.24	896.01	24.89	19.33
PTHR22932	876.0	828.24	370.0	70.65	54.86
PTHR21228	20948.86	20375.83	3307.12	307.11	238.45
PTHR13343	3645.08	3501.81	1772.26	238.13	184.9
PTHR22936	2747.0	2603.72	263.0	48.39	37.58
PTHR31038	1402.0	1354.24	760.0	88.47	68.7
PTHR13832	36847.23	35605.54	14459.89	1398.86	1086.16
PTHR21139	1269.73	1221.98	1193.0	154.0	119.57
PTHR21136	3418.0	3274.72	1324.11	190.83	148.18
PTHR12526	39100.3	38145.29	14744.55	922.62	716.38
PTHR13120	807.0	759.24	199.0	41.48	32.21
PTHR22809	2879.0	2735.72	305.0	60.8	47.21
PTHR22807	4492.47	4396.95	366.0	26.83	20.83
PTHR20661	2106.0	2010.48	69.0	11.38	8.83
PTHR10900	17190.76	16569.95	14814.89	2044.39	1587.37
PTHR10906	2767.0	2671.48	3475.42	292.53	227.14
PTHR10909	18253.75	17823.95	11401.05	751.65	583.64
PTHR10055	3197.0	3101.48	607.0	61.25	47.56
PTHR10057	1659.0	1563.48	858.12	147.79	114.75
PTHR10052	1068.0	1020.24	13545.71	2096.55	1627.88
PTHR13017	860.0	812.24	110.0	21.42	16.63
PTHR13018	17769.93	17435.62	6975.6	365.43	283.75
PTHR10694	9466.41	9227.67	2467.23	209.62	162.76
PTHR12839	2550.81	2455.29	206.0	27.4	21.28
PTHR12835	727.0	679.24	50.0	11.66	9.05
PTHR24031	56660.16	54797.94	39756.92	3609.36	2802.52
PTHR24032	3118.38	2975.11	369.0	58.91	45.74
PTHR24349	22714.44	22093.61	5855.73	462.01	358.74
PTHR24619	5979.0	5835.72	614.0	39.57	30.72
PTHR24343	27769.44	26909.77	16408.98	1148.49	891.75
PTHR11472	11082.09	10700.02	3042.06	224.66	174.46
PTHR24347	14745.86	14316.16	2699.01	171.02	132.77
PTHR11476	1748.0	1700.24	267.0	24.73	19.2
PTHR11477	3579.13	3483.67	775.0	62.53	48.55
PTHR10438	22920.31	22156.15	11150.4	1394.94	1083.1
PTHR10476	5603.0	5507.48	3696.08	245.27	190.44
PTHR24290	3600.0	3456.72	604.0	78.85	61.23
PTHR23413	574.0	526.24	11112.96	3354.66	2604.75
PTHR23417	2085.58	1990.06	206.05	32.9	25.55
PTHR23416	1488.32	1440.56	261.0	28.55	22.17
PTHR23415	1058.0	1010.24	394.0	61.59	47.82
PTHR12736	1773.02	1725.27	301.55	27.52	21.37
PTHR10871	1508.0	1412.48	13584.09	3243.07	2518.11
PTHR10877	1376.0	1232.85	0.0	0.0	0.0
PTHR11879	5604.74	5413.83	1415.69	114.55	88.94
PTHR11659	1622.26	1574.5	523.79	52.41	40.69
PTHR31096	3937.88	3794.6	2216.0	272.41	211.52
PTHR31098	4404.0	4356.24	5316.81	191.73	148.87
PTHR11655	1974.0	1878.48	18869.71	3483.09	2704.47
PTHR11652	720.0	672.24	14474.25	3411.41	2648.81
PTHR20883	2097.0	2001.48	476.0	69.77	54.18
PTHR11895	6222.83	6079.56	713.0	52.25	40.57
PTHR10277	3846.0	3702.72	373.0	47.55	36.93
PTHR14027	3452.0	3404.24	739.01	34.12	26.49
PTHR12320	6238.25	6094.97	1560.9	123.43	95.84
PTHR24095	16049.57	15428.83	11236.72	868.33	674.22
PTHR11246	9485.0	9341.72	2803.01	147.11	114.23
PTHR24092	4620.0	4572.24	1556.9	53.49	41.53
PTHR24093	33109.33	32393.03	23795.3	1554.79	1207.22
PTHR23180	11471.14	11136.82	6166.76	529.64	411.24
PTHR14593	2623.48	2527.96	425.0	52.9	41.07
PTHR11093	3421.0	3325.48	732.0	69.35	53.84
PTHR11096	1567.86	1472.35	84.0	16.6	12.89
PTHR23346	8462.0	8318.72	1301.58	141.64	109.99
PTHR11099	2595.0	2547.24	918.0	56.68	44.01
PTHR10309	1913.0	1865.24	885.0	74.7	58.0
PTHR14107	693.22	645.46	47.0	11.54	8.96
PTHR11252	4748.04	4700.29	1667.0	55.71	43.25
PTHR11254	14384.66	14002.63	2224.0	159.36	123.74
PTHR11255	1718.88	1671.12	179.0	16.87	13.1
PTHR14110	4147.69	3956.65	1572.79	268.9	208.78
PTHR14374	1535.0	1487.24	47.0	4.98	3.87
PTHR18838	2163.0	2115.24	321.0	23.88	18.54
PTHR15074	1628.0	1580.24	110.0	10.97	8.51
PTHR12687	2375.0	2279.49	413.51	42.43	32.95
PTHR15157	3370.79	3227.51	459.09	70.2	54.5
PTHR18901	12165.0	11926.2	2443.28	163.6	127.02
PTHR12281	1396.0	1348.24	1156.0	135.17	104.96
PTHR12755	591.0	543.24	39.0	11.4	8.85
PTHR12750	2107.03	2059.28	1054.0	80.55	62.54
PTHR12753	1203.1	1155.34	412.0	56.27	43.69
PTHR15081	1742.81	1695.05	359.0	33.35	25.9
PTHR15574	7160.01	6921.21	890.0	111.13	86.29
PTHR24007	357.0	309.29	18.0	9.32	7.24
PTHR13931	3079.24	3031.49	176.0	9.13	7.09
PTHR12358	7339.63	7053.07	1237.0	156.96	121.87
PTHR12356	1953.61	1858.09	256.0	46.74	36.3
PTHR12221	2347.0	2251.48	295.0	42.43	32.94
PTHR30603	4411.0	4315.48	2191.98	147.4	114.45
PTHR12226	1653.0	1605.24	179.0	17.57	13.64
PTHR19877	1068.0	1020.24	1253.91	194.08	150.69
PTHR31442	557.0	509.24	263.5	82.23	63.85
PTHR12538	617.0	569.24	7230.15	2015.87	1565.24
PTHR12537	3525.61	3430.09	1673.0	140.77	109.31
PTHR12532	1288.0	1240.24	343.0	43.62	33.87
PTHR13486	675.0	627.24	80.0	20.22	15.7
PTHR20275	2910.0	2814.48	998.0	112.02	86.98
PTHR13489	2167.79	2072.27	322.49	49.84	38.7
PTHR17583	8276.0	8132.73	1358.0	76.78	59.61
PTHR13572	1572.78	1525.02	86.0	8.89	6.9
PTHR24198	20798.15	20034.01	2786.04	284.76	221.11
PTHR10048	5207.05	4968.25	581.04	86.67	67.3
PTHR21704	3204.26	3108.75	506.64	34.55	26.82
PTHR10046	921.0	873.24	188.0	34.03	26.43
PTHR10044	5245.0	5149.48	968.0	67.99	52.8
PTHR13060	1573.0	1525.24	79.0	8.16	6.34
PTHR10687	1284.0	1236.24	1050.05	133.97	104.02
PTHR13069	4474.0	4282.97	698.0	81.13	62.99
PTHR13068	8284.22	8045.42	1381.0	143.79	111.64
PTHR10682	2618.31	2522.79	1162.0	145.12	112.68
PTHR12829	884.0	836.24	33.0	6.24	4.85
PTHR12820	2867.86	2820.1	523.0	29.16	22.64
PTHR12826	1381.0	1333.24	453.0	53.57	41.59
PTHR12827	986.0	938.24	34.0	5.73	4.45
PTHR17920	2628.0	2580.24	674.0	41.08	31.9
PTHR10137	1631.0	1583.24	416.0	41.39	32.14
PTHR11405	9318.44	9127.4	9469.78	597.29	463.77
PTHR11404	2587.0	2539.24	3941.05	244.1	189.53
PTHR11406	1394.01	1346.25	3420.85	400.58	311.03
PTHR32357	1724.0	1676.24	149.0	14.0	10.87
PTHR13468	1269.35	1221.59	354.0	45.71	35.49
PTHR23406	3985.0	3889.48	1095.92	87.68	68.08
PTHR23407	2286.95	2239.19	274.01	19.25	14.95
PTHR10869	12392.45	11962.62	3431.98	401.19	311.51
PTHR31717	4906.93	4811.41	5914.43	381.25	296.02
PTHR12452	650.0	602.24	158.37	41.71	32.39
PTHR13393	2910.0	2862.24	99.0	5.44	4.22
PTHR12696	4011.08	3963.32	940.0	37.26	28.93
PTHR11315	3663.0	3567.48	371.0	32.86	25.52
PTHR10139	2373.0	2325.24	367.0	24.83	19.28
PTHR10264	4424.0	4232.97	3054.2	351.13	272.64
PTHR10263	2008.0	1912.48	2349.0	383.3	297.62
PTHR31155	2089.08	2041.32	2026.6	156.24	121.32
PTHR32170	3017.32	2921.93	499.0	64.45	50.05
PTHR23350	505.0	457.24	139.72	48.63	37.76
PTHR23354	2843.0	2795.24	875.82	49.26	38.25
PTHR23355	8538.14	8299.38	756.24	63.08	48.98
PTHR23359	7208.81	6970.01	2746.98	362.8	281.69
PTHR11227	2211.65	2116.15	443.0	69.58	54.02
PTHR11220	4269.42	4030.62	587.0	110.21	85.57
PTHR13162	6879.0	6783.52	2935.23	71.27	55.34
PTHR11229	1929.0	1833.48	2405.67	399.08	309.87
PTHR10314	20470.5	19706.36	13103.5	1398.14	1085.6
PTHR11035	1315.0	1267.24	147.0	18.29	14.2
PTHR14303	730.0	682.24	321.0	74.54	57.87
PTHR14085	2004.0	1956.24	374.0	30.09	23.37
PTHR11139	25544.71	25162.63	20574.03	415.21	322.38
PTHR15362	1118.0	1070.24	170.0	25.07	19.47
PTHR11132	22698.99	21982.6	11835.61	1189.14	923.29
PTHR11134	4887.0	4743.72	1424.99	158.99	123.45
PTHR11136	3000.0	2904.48	169.0	18.39	14.28
PTHR32374	7429.18	7238.15	4951.8	346.66	269.17
PTHR31579	8335.45	8096.65	4518.11	412.65	320.4
PTHR18919	3121.97	2931.02	2318.62	240.59	186.8
PTHR32002	16512.96	15939.86	5862.28	537.78	417.57
PTHR14413	950.0	902.24	1388.98	243.31	188.92
PTHR22891	1954.0	1906.24	222.02	18.33	14.24
PTHR22893	1370.1	1322.34	115.0	13.71	10.65
PTHR10778	4853.0	4709.72	2324.99	217.39	168.79
PTHR10072	2478.0	2430.24	621.98	40.26	31.26
PTHR12786	2468.0	2372.48	440.0	58.04	45.06
PTHR11706	4379.0	4283.48	1240.0	89.57	69.54
PTHR12782	1285.0	1237.24	344.94	43.97	34.14
PTHR11742	7392.95	7201.91	1048.0	83.34	64.71
PTHR21213	2120.0	2072.24	976.4	74.15	57.57
PTHR10182	1189.0	1141.24	294.0	40.65	31.56
PTHR13923	814.31	766.55	323.0	66.68	51.78
PTHR11210	674.0	626.24	687.0	173.93	135.05
PTHR12321	2229.0	2133.48	1539.0	222.26	172.57
PTHR25040	3683.0	3539.72	1517.0	169.43	131.56
PTHR12323	2155.0	2011.72	132.0	32.28	25.06
PTHR10344	903.0	855.24	90.0	16.64	12.92
PTHR21015	1513.39	1465.63	447.0	48.06	37.32
PTHR16196	1877.0	1781.48	214.0	37.27	28.94
PTHR16193	657.98	610.23	82.0	21.31	16.55
PTHR22792	4804.35	4708.83	2799.78	140.51	109.1
PTHR22790	2044.07	1948.55	125.0	21.76	16.89
PTHR21680	1126.0	1078.24	490.0	71.74	55.7
PTHR21689	3316.48	3220.96	867.0	68.69	53.33
PTHR21113	2327.89	2232.37	238.0	33.04	25.66
PTHR21663	2362.0	2314.24	143.0	9.72	7.55
PTHR13253	13995.16	13469.81	4278.95	470.78	365.54
PTHR12446	6562.58	6371.56	1704.32	109.96	85.38
PTHR22603	1927.0	1831.48	201.98	26.53	20.59
PTHR21206	905.0	857.24	99.56	18.36	14.26
PTHR13789	13244.28	12862.21	3762.35	387.8	301.12
PTHR10071	14639.7	14209.86	6875.19	516.04	400.68
PTHR24188	12552.38	12122.81	555.0	72.67	56.43
PTHR13780	9369.81	9131.01	4616.35	398.61	309.5
PTHR10670	4421.63	4326.11	368.88	24.98	19.39
PTHR10677	4403.06	4259.78	387.0	41.19	31.98
PTHR13078	3085.0	2989.48	49.0	7.93	6.15
PTHR12815	4560.0	4464.48	1488.0	88.25	68.52
PTHR12814	1020.27	972.51	275.0	44.67	34.68
PTHR24361	8878.0	8543.86	1678.09	144.05	111.85
PTHR24362	12130.66	11748.67	4077.79	261.89	203.33
PTHR10416	1591.0	1543.24	165.0	16.85	13.08
PTHR10410	2653.0	2557.48	1033.99	129.63	100.65
PTHR10783	6439.09	6200.3	1527.0	171.09	132.85
PTHR10782	2452.0	2404.24	194.0	12.69	9.86
PTHR13476	774.0	726.24	178.0	38.81	30.13
PTHR10788	2773.0	2725.24	1474.0	85.05	66.04
PTHR10891	8018.48	7684.18	2588.44	318.54	247.32
PTHR10890	947.0	851.53	32.0	12.75	9.9
PTHR20426	2180.33	2132.57	833.0	61.46	47.72
PTHR23213	4955.0	4811.72	593.87	60.09	46.66
PTHR10520	8513.0	8321.96	1945.0	155.96	121.1
PTHR10250	2229.0	2133.48	608.0	78.21	60.73
PTHR10527	6880.0	6784.48	2573.0	119.76	92.99
PTHR31384	1763.0	1715.24	423.0	38.84	30.16
PTHR10098	2027.37	1931.85	566.0	78.36	60.84
PTHR10091	2677.0	2581.48	567.0	68.56	53.23
PTHR31142	1580.0	1532.24	1156.0	118.87	92.3
PTHR31140	2845.0	2749.48	616.0	58.02	45.05
PTHR31412	3765.0	3669.48	667.0	51.44	39.94
PTHR11787	5962.69	5819.42	1260.97	47.01	36.49
PTHR11785	14990.01	14655.69	3469.12	225.15	174.82
PTHR11782	2371.26	2275.77	468.0	76.21	59.17
PTHR11780	1354.0	1210.8	125.0	46.51	36.12
PTHR32497	5043.05	4947.53	1705.13	101.4	78.74
PTHR32148	5701.0	5462.21	9233.87	2104.26	1633.86
PTHR23324	6819.27	6676.01	990.0	80.37	62.4
PTHR23327	4727.44	4584.16	769.0	77.19	59.92
PTHR23326	3043.0	2899.72	755.16	138.78	107.75
PTHR23321	5205.0	5061.72	1505.75	140.12	108.8
PTHR23323	4785.77	4642.49	672.0	67.58	52.47
PTHR23322	1361.0	1265.49	203.0	53.79	41.76
PTHR23329	4246.0	4102.72	684.0	68.35	53.07
PTHR11236	4367.66	4272.15	708.0	50.4	39.14
PTHR11364	1102.0	1054.24	345.0	51.66	40.12
PTHR20932	2759.0	2663.48	991.0	106.41	82.63
PTHR10322	16991.87	16562.08	3561.51	196.74	152.76
PTHR11239	4544.0	4400.72	1755.62	162.19	125.94
PTHR10803	3827.0	3683.72	1091.0	126.3	98.06
PTHR31964	15968.01	15394.89	4864.64	707.84	549.59
PTHR10552	1687.79	1640.03	1043.19	100.19	77.79
PTHR23030	2420.0	2372.24	422.0	27.98	21.73
PTHR11129	3312.0	3216.48	355.0	34.55	26.83
PTHR11122	6402.0	6210.96	1899.0	191.9	148.99
PTHR15316	2702.34	2559.07	747.0	134.95	104.79
PTHR11127	549.0	501.24	7802.64	2474.32	1921.2
PTHR11125	3423.0	3375.24	806.0	37.53	29.14
PTHR31566	2019.0	1971.24	377.0	30.1	23.37
PTHR31567	1779.91	1732.16	427.0	38.82	30.14
PTHR31561	4901.91	4806.39	941.68	58.08	45.09
PTHR15137	1859.38	1811.62	154.0	13.38	10.39
PTHR14950	6752.84	6609.6	637.0	33.04	25.66
PTHR15954	3331.0	3187.72	406.0	54.6	42.4
PTHR15952	2837.0	2789.24	454.36	25.61	19.89
PTHR21319	6461.0	6222.22	1572.11	193.03	149.89
PTHR30612	3166.77	3119.01	2219.41	111.85	86.85
PTHR19271	5235.15	5139.63	573.96	43.08	33.44
PTHR19861	1033.0	985.24	85.0	13.63	10.58
PTHR12022	1734.0	1686.24	1435.0	134.03	104.07
PTHR12233	1471.0	1423.24	296.0	32.78	25.45
PTHR12029	8253.91	7967.36	2267.02	243.32	188.93
PTHR21220	1115.24	1067.48	85.0	12.57	9.76
PTHR31221	1136.76	1089.0	540.28	78.31	60.8
PTHR22780	3607.29	3559.53	1509.77	66.65	51.75
PTHR21477	1406.71	1358.95	643.0	74.59	57.91
PTHR19308	5271.0	5175.48	2993.24	182.45	141.66
PTHR16301	1448.02	1352.5	139.0	32.16	24.97
PTHR13265	2157.0	2109.24	133.0	9.92	7.7
PTHR22870	22320.14	21508.34	4036.98	383.2	297.55
PTHR17630	1036.0	988.24	60.0	9.59	7.45
PTHR10064	627.0	579.24	16759.51	4591.23	3564.9
PTHR10060	3956.02	3812.74	286.0	35.35	27.45
PTHR10663	22757.69	22423.37	3746.21	165.87	128.79
PTHR10666	2638.8	2447.79	21746.34	5186.77	4027.3
PTHR10668	12304.19	11969.88	1559.0	128.53	99.8
PTHR12265	2224.66	2176.9	115.32	8.34	6.47
PTHR12801	8379.0	8140.2	1417.0	135.67	105.35
PTHR12802	7437.31	7198.51	5406.83	511.08	396.83
PTHR12805	857.0	809.24	53.0	10.36	8.04
PTHR12806	938.97	891.23	189.0	33.52	26.02
PTHR21506	3200.0	3104.48	310.0	29.9	23.21
PTHR21091	10651.02	10269.0	7823.97	767.41	595.88
PTHR21090	1529.0	1481.24	1055.31	112.27	87.17
PTHR13734	1740.0	1692.24	429.17	39.94	31.01
PTHR24315	3392.0	3296.48	1937.18	287.16	222.97
PTHR24314	6057.03	5818.24	695.0	82.11	63.76
PTHR11933	1629.17	1581.41	376.0	37.46	29.08
PTHR11932	7800.0	7656.72	3178.17	180.4	140.07
PTHR11934	3439.0	3343.48	1145.0	130.05	100.98
PTHR11937	5825.12	5634.08	5274.49	506.93	393.61
PTHR11938	13256.8	13018.0	19312.19	988.28	767.36
PTHR13683	3541.0	3493.24	1399.04	62.94	48.87
PTHR24089	34665.98	33280.97	23109.53	2465.0	1913.97
PTHR10796	7584.06	7440.78	1989.14	101.46	78.78
PTHR10794	4023.0	3879.72	309.0	37.75	29.3
PTHR10795	36602.87	35647.82	8104.63	437.95	340.05
PTHR10792	610.0	562.24	6824.23	1926.65	1495.96
PTHR10799	53752.8	52033.79	5723.01	528.37	410.3
PTHR10882	1144.51	1096.75	226.0	32.52	25.25
PTHR10887	23905.28	23427.69	4205.14	278.05	215.89
PTHR11686	2307.69	2259.93	307.0	21.37	16.59
PTHR11685	5672.96	5529.69	1281.0	122.66	95.24
PTHR11680	2000.39	1952.63	3372.98	271.9	211.12
PTHR24221	18211.4	17590.59	6360.31	542.16	420.98
PTHR24220	7550.89	7216.58	2173.0	304.05	236.09
PTHR24223	10890.53	10603.99	8576.01	316.97	246.12
PTHR11689	9178.0	9034.72	1484.96	74.43	57.79
PTHR10252	2228.0	2084.72	233.0	52.05	40.43
PTHR13124	1019.0	971.24	212.0	34.48	26.77
PTHR31173	4506.37	4410.85	1407.0	81.8	63.52
PTHR10997	12502.6	12311.56	2177.13	96.98	75.3
PTHR31385	3816.72	3673.44	886.0	117.83	91.48
PTHR31356	7031.15	6840.11	5037.15	527.79	409.81
PTHR31724	3816.72	3625.71	592.43	86.98	67.54
PTHR31352	3154.0	3058.48	1284.72	115.86	89.96
PTHR31350	9615.58	9281.27	3780.0	363.06	281.89
PTHR11758	654.0	606.24	10526.22	2753.86	2138.25
PTHR23333	1084.0	1036.24	463.0	70.55	54.78
PTHR11751	14601.13	14266.82	4247.16	309.35	240.19
PTHR11753	2846.0	2702.72	1539.08	266.5	206.93
PTHR11752	20886.45	20313.49	6105.01	288.84	224.27
PTHR24423	16091.0	15708.92	5209.82	405.27	314.67
PTHR11206	15806.4	15376.57	2487.07	209.5	162.67
PTHR11757	5571.0	5379.96	572.06	49.72	38.61
PTHR24420	49477.98	48379.58	9568.2	646.09	501.66
PTHR10332	2724.04	2628.52	658.0	71.24	55.31
PTHR32557	1872.0	1824.24	603.0	52.04	40.41
PTHR14145	3127.31	3031.79	652.0	69.07	53.63
PTHR20922	2518.64	2423.13	291.33	50.23	39.0
PTHR13600	2335.0	2239.48	122.0	23.67	18.38
PTHR15744	1434.18	1386.42	545.05	61.97	48.11
PTHR23029	9699.42	9365.16	1548.33	151.1	117.33
PTHR23023	7141.1	6950.06	961.01	75.58	58.7
PTHR12847	2240.0	2096.72	309.0	63.67	49.44
PTHR11119	8341.75	8150.72	1336.99	98.17	76.23
PTHR31595	9293.02	8911.01	834.48	95.2	73.93
PTHR31596	4198.0	4102.48	1364.0	94.42	73.32
PTHR15948	1307.18	1259.43	92.0	11.52	8.94
PTHR32026	877.0	829.24	62.0	11.82	9.18
PTHR31829	1475.0	1427.24	1186.0	130.97	101.69
PTHR31419	2006.0	1910.48	73.0	11.83	9.19
PTHR14898	1275.86	1228.13	334.0	42.89	33.3
PTHR19241	45921.34	44727.48	12213.16	843.63	655.06
PTHR14894	2106.67	2011.15	210.0	31.72	24.64
PTHR15239	1681.1	1633.34	207.0	19.96	15.5
PTHR12497	2638.52	2543.0	459.02	45.87	35.62
PTHR12304	1333.0	1285.24	52.0	6.38	4.95
PTHR30540	4297.44	4249.68	324.0	11.98	9.3
PTHR30544	4600.57	4505.05	537.0	44.34	34.43
PTHR13302	2546.0	2498.24	340.0	21.4	16.62
PTHR12472	1409.0	1313.48	85.0	22.32	17.33
PTHR13308	6682.96	6491.93	4036.05	314.62	244.28
PTHR12477	3985.66	3890.14	911.0	75.16	58.35
PTHR13878	1956.67	1908.91	221.0	18.22	14.15
PTHR21461	3923.0	3779.72	369.0	44.87	34.83
PTHR13872	528.0	480.24	9441.22	3126.54	2427.63
PTHR22849	9819.8	9581.01	2705.0	126.39	98.14
PTHR21314	2202.0	2106.48	196.0	29.47	22.88
PTHR13271	21149.98	20433.63	3648.0	405.11	314.54
PTHR22841	5354.0	5162.96	965.0	106.15	82.42
PTHR13273	1137.0	1089.24	405.0	58.69	45.57
PTHR22847	28199.08	27196.36	5493.19	572.24	444.32
PTHR22846	2261.0	2213.24	464.0	32.99	25.61
PTHR22844	20127.9	19459.27	4301.02	401.21	311.51
PTHR23270	1319.0	1271.24	140.0	17.37	13.49
PTHR11601	7766.0	7574.96	2415.02	187.86	145.85
PTHR21266	4183.0	3991.96	1639.13	209.11	162.37
PTHR12271	6834.08	6690.8	2475.47	170.59	132.46
PTHR21262	3703.0	3655.24	1906.91	81.98	63.65
PTHR12276	2379.28	2236.01	622.0	108.77	84.46
PTHR10657	1777.0	1681.48	418.0	93.15	72.33
PTHR10655	4868.46	4725.19	1643.43	126.71	98.38
PTHR10652	2172.26	2076.74	489.0	70.24	54.54
PTHR17972	4494.0	4446.24	591.96	20.91	16.24
PTHR10751	5649.0	5505.72	782.98	53.39	41.46
PTHR21085	1517.0	1469.24	688.96	73.9	57.38
PTHR11922	5157.48	4918.78	834.0	134.42	104.37
PTHR11926	3039.16	2895.88	322.0	48.41	37.59
PTHR11431	1224.22	1176.46	3120.46	418.47	324.93
PTHR10430	2560.0	2416.72	767.65	158.6	123.15
PTHR10436	8891.26	8556.94	1624.03	131.68	102.24
PTHR10434	2546.0	2450.48	420.0	53.77	41.76
PTHR24096	6362.29	6171.26	9051.1	731.23	567.77
PTHR13693	5797.89	5654.61	1174.04	92.71	71.99
PTHR13691	3295.0	3151.72	16108.9	2356.58	1829.79
PTHR13451	6581.16	6390.12	625.0	57.16	44.38
PTHR13452	1024.0	976.24	137.0	22.17	17.21
PTHR10759	530.0	482.24	6203.38	2045.68	1588.38
PTHR12901	1851.0	1803.24	410.0	35.8	27.8
PTHR12903	2801.35	2753.59	1523.94	87.02	67.57
PTHR23237	1005.0	957.24	1084.93	179.05	139.02
PTHR10501	1522.64	1427.12	322.0	72.08	55.96
PTHR31169	6271.0	6032.21	1656.16	244.06	189.51
PTHR11426	1455.67	1360.15	79.0	23.18	18.0
PTHR14087	3340.0	3244.48	434.95	27.63	21.46
PTHR23309	3724.0	3628.48	2181.02	150.37	116.76
PTHR31344	3060.21	3012.45	1364.99	71.23	55.31
PTHR31619	2033.0	1985.24	2355.0	186.71	144.97
PTHR23306	1749.74	1654.22	237.42	45.47	35.31
PTHR23305	2996.0	2852.82	4138.98	487.38	378.43
PTHR14089	1137.0	1089.24	35.0	5.07	3.94
PTHR11748	5756.87	5518.1	1077.0	119.96	93.13
PTHR11214	4936.0	4792.72	1496.0	147.44	114.48
PTHR11216	3399.42	3256.16	341.04	43.1	33.46
PTHR14154	3559.75	3320.96	776.0	172.92	134.27
PTHR14155	4890.66	4795.14	1164.0	73.2	56.84
PTHR14152	566.0	518.24	75.0	22.99	17.85
PTHR11699	11691.52	11309.45	5516.0	465.02	361.07
PTHR11692	2300.0	2252.24	1086.0	75.86	58.9
PTHR11693	1554.0	1506.24	4979.71	520.93	404.48
PTHR11695	13091.28	12661.44	4104.16	420.73	326.68
PTHR31760	490.0	442.25	47.0	16.92	13.14
PTHR31906	11062.37	10632.54	1836.99	289.38	224.69
PTHR21419	2246.0	2198.24	437.0	31.28	24.29
PTHR23012	9315.54	8981.23	2411.01	282.93	219.68
PTHR11101	7309.93	6927.87	2150.0	372.91	289.54
PTHR11102	6085.64	5942.36	1002.74	101.05	78.46
PTHR11106	782.0	734.24	64.0	13.8	10.71
PTHR31585	1425.11	1377.36	474.0	54.25	42.12
PTHR32125	1927.0	1831.48	357.34	71.56	55.56
PTHR31588	3973.0	3877.48	1287.46	107.65	83.59
PTHR32120	1371.0	1323.24	184.0	21.92	17.02
PTHR15680	1853.0	1757.48	201.0	37.25	28.93
PTHR11804	6468.44	6277.43	2045.95	132.75	103.07
PTHR11374	1705.0	1657.24	4625.34	439.59	341.32
PTHR10281	950.0	902.24	50.0	8.76	6.8
PTHR18895	553.0	505.24	103.0	32.4	25.16
PTHR12169	4089.7	3994.18	1169.99	99.22	77.04
PTHR12486	1568.0	1472.48	38.0	7.96	6.18
PTHR12480	3642.57	3499.29	240.0	32.26	25.05
PTHR12482	1374.97	1279.48	275.0	61.33	47.62
PTHR12317	2483.0	2387.48	748.98	85.07	66.05
PTHR12649	1295.18	1247.42	306.0	38.69	30.04
PTHR10099	4517.0	4469.24	2605.0	91.56	71.09
PTHR13992	2800.0	2752.24	446.8	25.53	19.82
PTHR12461	7631.8	7393.0	1653.85	162.24	125.98
PTHR12466	931.0	883.24	172.99	30.96	24.04
PTHR13847	12754.9	12325.08	3384.97	371.12	288.15
PTHR32251	4861.24	4717.96	2152.0	215.85	167.59
PTHR26312	3445.0	3301.72	752.0	85.99	66.76
PTHR12000	1527.0	1479.24	409.27	43.6	33.85
PTHR12001	3680.64	3585.12	3071.94	297.05	230.64
PTHR21327	3983.34	3887.82	1604.99	130.25	101.13
PTHR21631	3727.39	3631.87	7527.32	649.64	504.42
PTHR22854	5185.8	5042.52	2066.05	181.54	140.96
PTHR22855	6539.77	6348.73	3970.03	365.96	284.16
PTHR22850	11782.08	11400.0	3511.14	407.36	316.32
PTHR22504	2021.0	1973.24	2167.88	172.92	134.27
PTHR12189	1150.27	1102.52	115.04	16.47	12.79
PTHR21256	3584.41	3488.9	1916.43	158.16	122.8
PTHR12266	2971.0	2875.48	556.41	65.0	50.47
PTHR10648	4132.9	4037.38	1119.0	87.42	67.88
PTHR10641	13141.95	12855.39	3702.0	209.18	162.41
PTHR10644	13289.79	13003.24	4328.77	238.56	185.23
PTHR12864	3913.19	3722.17	703.03	109.38	84.93
PTHR12860	2905.0	2857.24	682.0	37.53	29.14
PTHR13194	750.0	702.24	48.0	10.83	8.41
PTHR13190	1008.9	961.14	469.0	77.08	59.85
PTHR13193	501.0	453.24	106.99	37.57	29.17
PTHR11913	684.0	636.24	129.0	32.14	24.96
PTHR11911	7477.15	7286.11	14186.1	1192.53	925.94
PTHR11910	1133.0	1085.24	2643.93	384.55	298.59
PTHR11918	6738.29	6499.55	1006.01	94.43	73.32
PTHR12919	779.0	731.24	1461.05	316.32	245.61
PTHR12910	1695.0	1599.48	881.0	165.21	128.28
PTHR12917	6719.57	6528.53	868.99	82.45	64.01
PTHR11351	2070.0	2022.24	1838.01	143.05	111.07
PTHR11353	10812.0	10429.92	5446.0	664.91	516.26
PTHR11599	13611.0	12990.12	6582.32	1030.04	799.79
PTHR10516	12406.37	11881.01	2311.0	405.25	314.65
PTHR11592	5170.3	4931.51	2453.86	369.49	286.89
PTHR31620	1587.0	1539.24	5916.08	605.56	470.19
PTHR23315	9030.58	8696.28	1176.61	105.43	81.85
PTHR23316	2252.0	2204.24	1958.18	139.77	108.53
PTHR11778	3103.0	3007.48	717.02	74.32	57.7
PTHR11774	1201.0	1153.24	76.0	10.4	8.07
PTHR11773	3594.0	3546.24	1732.02	76.75	59.59
PTHR11772	6608.0	6369.2	4021.61	320.07	248.53
PTHR10357	18413.35	17983.51	8812.03	525.35	407.91
PTHR10353	1662.2	1614.44	266.0	25.95	20.15
PTHR10350	4408.0	4360.24	876.0	31.56	24.51
PTHR10351	3170.76	3075.25	4732.09	721.03	559.85
PTHR10359	5306.08	5115.06	1143.0	114.54	88.93
PTHR31750	2086.16	2038.4	616.0	47.56	36.93
PTHR23418	1527.0	1479.24	563.0	59.98	46.57
PTHR14189	1767.83	1720.07	489.0	44.77	34.76
PTHR31245	1570.0	1522.24	822.0	85.08	66.06
PTHR23001	2070.0	2022.24	1189.21	92.55	71.86
PTHR23002	2091.0	1995.48	89.0	15.14	11.76
PTHR30178	3599.52	3456.24	7731.9	1192.96	926.27
PTHR22904	17550.24	16881.6	2501.0	262.72	203.98
PTHR11177	24592.37	23780.45	17223.94	1658.97	1288.11
PTHR11178	1500.0	1452.24	490.04	53.18	41.29
PTHR14456	1172.45	1076.93	81.0	23.51	18.25
PTHR31808	1560.0	1512.24	412.0	42.93	33.33
PTHR31803	4213.0	4069.72	1054.91	85.68	66.51
PTHR11009	2041.44	1945.92	258.0	42.25	32.81
PTHR19229	17023.45	16784.66	2635.98	74.37	57.75
PTHR11005	3282.05	3186.53	811.43	98.42	76.41
PTHR11006	3957.06	3861.54	627.0	52.08	40.43
PTHR18640	1921.0	1873.24	355.0	29.83	23.16
PTHR18866	21705.02	21275.2	9865.02	616.91	479.0
PTHR15588	2726.0	2630.48	2169.81	193.2	150.01
PTHR12677	7160.0	6968.96	1370.75	123.52	95.91
PTHR19134	1959.67	1911.91	2149.0	176.93	137.38
PTHR19139	7289.23	7050.43	905.03	105.66	82.04
PTHR30566	6883.71	6692.68	1096.0	98.45	76.44
PTHR12459	1900.0	1852.24	283.0	24.05	18.68
PTHR12456	2076.33	1980.81	119.0	18.45	14.33
PTHR22931	6971.0	6875.48	2750.02	108.73	84.43
PTHR19359	8699.89	8413.33	2942.0	339.24	263.42
PTHR12072	3112.0	3016.48	388.0	34.82	27.04
PTHR13218	953.0	905.24	56.0	9.78	7.59
PTHR13215	1530.0	1434.48	93.0	21.39	16.61
PTHR13213	1537.29	1441.77	329.23	69.19	53.72
PTHR12290	1968.17	1920.41	272.0	22.3	17.31
PTHR21530	6359.0	6120.2	1045.0	120.7	93.72
PTHR12295	4144.0	4096.24	323.0	12.39	9.62
PTHR12298	6925.8	6687.0	1728.04	136.59	106.03
PTHR10638	3187.14	3139.38	3291.17	164.79	127.95
PTHR10634	1401.0	1353.24	1014.0	118.13	91.72
PTHR10631	2600.35	2504.84	287.0	30.1	23.37
PTHR10984	4139.0	3995.72	2065.0	244.98	190.21
PTHR13501	1768.0	1672.48	2632.96	545.53	423.58
PTHR13505	677.0	629.24	49.0	12.35	9.59
PTHR12850	449.0	401.25	16287.64	6471.85	5025.11
PTHR12856	678.0	630.24	52.0	13.08	10.16
PTHR12855	1721.0	1673.24	596.0	56.1	43.56
PTHR12854	2782.75	2687.23	523.83	54.89	42.61
PTHR13182	620.0	572.24	73.0	20.25	15.72
PTHR10855	1808.0	1760.24	860.0	76.93	59.73
PTHR10743	971.0	923.24	204.0	34.92	27.11
PTHR10742	19544.42	19066.82	3967.22	316.51	245.76
PTHR10745	2340.0	2292.24	1453.73	99.77	77.47
PTHR10744	1577.0	1481.48	18935.92	3340.76	2593.95
PTHR10746	3470.6	3375.08	3198.83	395.13	306.8
PTHR12924	776.0	728.24	1128.0	245.23	190.41
PTHR23308	5891.82	5653.03	2112.0	371.53	288.49
PTHR11349	1622.0	1526.48	3504.37	772.78	600.03
PTHR10566	20661.81	20136.48	5201.05	396.79	308.07
PTHR11588	3030.0	2886.72	11614.72	1171.79	909.84
PTHR10291	1100.0	1052.24	124.0	18.6	14.45
PTHR11584	8052.37	7861.33	1237.95	107.37	83.37
PTHR11586	1043.0	995.24	105.0	16.66	12.94
PTHR11909	6494.77	6303.73	5493.81	421.48	327.25
PTHR24320	11602.66	11220.58	1324.0	140.68	109.23
PTHR24322	19839.58	19075.43	5313.1	645.67	501.34
PTHR11907	2177.0	2129.24	789.0	58.31	45.27
PTHR11760	1467.0	1371.48	21717.88	4350.55	3378.02
PTHR11761	1784.0	1688.48	13119.72	3441.61	2672.27
PTHR11766	1920.0	1824.48	286.0	50.54	39.24
PTHR11767	6217.78	6026.78	925.0	80.09	62.19
PTHR10361	4895.16	4751.88	390.83	38.22	29.68
PTHR10366	14723.54	14150.45	17400.37	1979.05	1536.64
PTHR10169	3361.0	3313.24	529.0	25.09	19.48
PTHR10168	5883.31	5644.56	2431.91	228.1	177.1
PTHR20973	1896.66	1848.9	159.78	13.61	10.56
PTHR10165	1540.0	1492.24	341.0	36.01	27.96
PTHR31032	3027.0	2931.48	3757.14	400.68	311.11
PTHR23257	142524.41	138417.77	45228.82	3493.38	2712.52
PTHR23253	2218.0	2170.24	119.0	8.63	6.7
PTHR14190	2516.0	2468.24	427.03	27.21	21.13
PTHR14194	9637.47	9255.4	5336.4	682.38	529.84
PTHR31251	28502.85	27404.41	4453.05	547.68	425.26
PTHR23074	15916.97	15391.63	3351.76	432.28	335.64
PTHR23077	11354.04	10685.59	1512.0	270.49	210.01
PTHR23076	16750.38	16081.78	6115.36	743.71	577.47
PTHR12561	1517.0	1469.24	168.28	18.05	14.01
PTHR23073	7520.7	7138.66	5422.74	1014.4	787.64
PTHR10293	3993.7	3802.66	1296.97	226.62	175.96
PTHR23078	1748.0	1652.48	360.0	68.69	53.33
PTHR11165	2277.0	2181.48	2100.74	303.33	235.52
PTHR10772	3726.87	3583.6	3324.15	435.36	338.04
PTHR32100	5352.0	5208.72	7227.62	731.8	568.21
PTHR14445	2181.0	2085.48	358.0	53.93	41.87
PTHR31811	2357.32	2261.8	69.0	8.67	6.72
PTHR23102	4105.69	3962.42	1024.0	109.99	85.4
PTHR23105	6014.99	5728.44	31556.0	4892.41	3798.74
PTHR11010	8342.65	8151.63	2273.01	175.54	136.3
PTHR11014	6046.88	5855.87	868.0	74.89	58.14
PTHR12668	3919.0	3823.48	1651.0	132.1	102.57
PTHR12661	3303.0	3255.24	1053.0	50.84	39.48
PTHR12663	4223.08	4175.32	1070.0	40.26	31.26
PTHR12664	1368.77	1321.01	1063.75	126.96	98.58
PTHR16166	33544.19	33066.6	5004.98	217.87	169.17
PTHR12111	867.0	819.24	310.0	59.85	46.47
PTHR12447	602.0	554.24	9.0	2.58	2.0
PTHR15481	778.0	730.24	30.0	6.5	5.05
PTHR26379	2088.0	1992.48	1411.1	198.47	154.11
PTHR12599	1259.0	1211.24	898.0	116.95	90.81
PTHR12596	3743.0	3695.24	698.0	29.68	23.05
PTHR12590	878.64	830.88	157.0	29.88	23.2
PTHR12066	4368.37	4177.33	223.0	31.36	24.36
PTHR12064	3924.0	3780.72	1248.07	98.26	76.29
PTHR13226	1691.84	1596.32	140.0	26.03	20.22
PTHR13889	2988.0	2940.24	1367.38	73.11	56.77
PTHR13887	1074.0	1026.24	47.0	7.23	5.62
PTHR21181	670.0	622.24	155.0	39.5	30.67
PTHR12412	2566.0	2518.24	341.0	21.3	16.54
PTHR13948	2219.13	2123.61	234.0	35.81	27.8
PTHR12146	1020.0	924.62	8928.68	2117.1	1643.84
PTHR10458	3066.0	2970.48	1151.0	129.17	100.29
PTHR19306	9197.41	9054.14	1208.53	62.98	48.9
PTHR12280	5101.54	4958.26	1301.56	111.23	86.36
PTHR11451	7279.67	7088.63	4695.92	324.22	251.74
PTHR12286	3254.74	3159.22	368.07	30.9	23.99
PTHR12415	5501.08	5310.06	258.0	25.81	20.04
PTHR30573	2341.0	2293.24	323.0	22.16	17.2
PTHR22983	1153.0	1105.24	122.0	17.42	13.53
PTHR22981	1255.0	1207.24	359.07	46.92	36.43
PTHR10947	2702.0	2606.49	521.0	57.01	44.26
PTHR30191	2526.79	2479.03	2528.0	160.39	124.53
PTHR13082	761.0	713.24	108.0	23.98	18.62
PTHR10629	3752.0	3608.72	139.0	17.55	13.62
PTHR10994	13198.04	12815.97	2149.01	207.71	161.29
PTHR10996	7545.92	7259.37	1796.0	143.2	111.19
PTHR10625	11382.06	10904.51	2744.0	282.56	219.41
PTHR10992	38328.95	37039.45	8047.45	857.98	666.21
PTHR10993	1797.0	1701.48	131.0	28.78	22.35
PTHR17695	4518.11	4374.84	564.86	59.17	45.94
PTHR12848	2610.0	2514.48	230.0	28.34	22.0
PTHR12849	1895.0	1799.48	142.0	24.94	19.37
PTHR21712	993.58	945.85	63.0	10.52	8.17
PTHR21294	1955.54	1907.78	639.02	52.72	40.94
PTHR12841	938.0	890.24	53.0	9.41	7.31
PTHR21290	3992.0	3800.96	547.0	86.28	66.99
PTHR21349	1582.0	1486.48	1623.95	368.37	286.02
PTHR21347	2004.3	1956.54	676.0	54.38	42.23
PTHR21343	341.0	293.31	7.0	3.83	2.97
PTHR10196	6978.65	6787.62	710.08	66.01	51.26
PTHR10192	3011.0	2915.48	2395.01	190.6	148.0
PTHR10755	1136.64	1088.88	3520.01	510.23	396.17
PTHR10758	3120.08	3024.57	2520.38	305.0	236.82
PTHR13152	828.55	780.79	51.0	10.34	8.02
PTHR12932	6332.05	6141.07	3135.47	261.32	202.89
PTHR12934	1962.0	1866.48	1703.0	292.93	227.44
PTHR10288	11711.55	11425.0	11836.22	900.65	699.32
PTHR11800	1409.0	1361.24	373.0	43.2	33.54
PTHR11802	14598.85	14264.54	8602.0	587.6	456.25
PTHR11807	2188.58	2093.06	176.0	25.8	20.03
PTHR11808	9332.0	9045.45	2920.84	241.59	187.59
PTHR10283	10898.1	10659.31	2793.04	191.0	148.3
PTHR10285	7748.23	7509.46	9660.19	875.76	680.0
PTHR10286	988.5	940.75	1523.02	255.79	198.61
PTHR11579	3017.43	2921.91	940.0	100.46	78.0
PTHR13718	2679.0	2583.48	14177.09	2186.07	1697.39
PTHR13711	6479.0	6192.44	5143.68	1219.97	947.25
PTHR13710	13584.6	13107.26	875.0	84.0	65.22
PTHR11977	1537.34	1489.58	1119.0	118.37	91.91
PTHR11972	5707.24	5611.72	4799.52	240.97	187.1
PTHR31480	1230.0	1182.24	653.0	87.14	67.66
PTHR31485	10794.98	10365.15	2080.0	231.73	179.94
PTHR11715	984.0	936.24	1714.0	289.26	224.6
PTHR11717	2192.0	2096.48	193.0	23.55	18.28
PTHR11711	9195.24	8860.94	5844.23	983.4	763.56
PTHR11712	36969.06	35251.36	3267.37	222.09	172.44
PTHR10374	4258.43	4115.15	3459.71	271.49	210.8
PTHR10178	2943.6	2848.09	2058.25	256.27	198.98
PTHR11482	12010.14	11819.1	9076.45	507.59	394.13
PTHR10173	4672.46	4481.42	2222.51	286.8	222.68
PTHR10177	7488.86	7297.82	8471.02	731.51	567.99
PTHR10174	6302.21	6063.41	1556.95	198.33	153.99
PTHR23249	2143.0	2047.48	292.0	43.25	33.59
PTHR23244	12970.13	12540.37	2411.0	315.44	244.94
PTHR23245	430.67	382.96	81.0	33.74	26.2
PTHR23240	2129.93	2034.42	179.0	24.95	19.37
PTHR14614	12798.54	12368.7	687.0	79.25	61.54
PTHR31268	2350.0	2254.51	752.01	61.94	48.09
PTHR31262	1992.26	1849.03	52565.02	9239.99	7174.46
PTHR23063	2120.39	2024.87	413.14	72.24	56.1
PTHR11620	700.0	652.24	8182.43	1988.22	1543.77
PTHR11624	4458.0	4362.48	2100.76	197.7	153.5
PTHR11627	5124.05	4933.01	10436.68	1040.44	807.86
PTHR11390	4496.71	4401.2	799.0	77.19	59.94
PTHR31319	4338.0	4242.48	4741.2	350.97	272.52
PTHR14052	1393.79	1346.03	276.0	32.33	25.1
PTHR32118	2364.0	2316.24	4256.27	289.08	224.46
PTHR23117	1836.78	1789.02	3524.2	310.17	240.83
PTHR23115	48037.87	46939.39	86563.71	7534.83	5850.44
PTHR11028	1556.0	1508.24	943.0	98.52	76.49
PTHR11024	6904.0	6760.72	1082.08	76.94	59.74
PTHR10066	6608.96	6322.4	398.0	51.74	40.19
PTHR11777	3213.0	3165.24	2094.02	103.99	80.74
PTHR12616	2001.0	1953.24	361.0	29.09	22.59
PTHR12613	2775.0	2727.24	654.0	37.71	29.28
PTHR12612	688.0	640.24	250.57	62.04	48.17
PTHR32060	3859.0	3763.48	1924.86	134.14	104.15
PTHR12126	3156.0	3060.48	1865.37	187.04	145.22
PTHR12436	7077.15	6886.11	1276.0	111.25	86.37
PTHR22734	1395.0	1347.24	203.02	23.76	18.45
PTHR12121	2209.0	2113.48	273.0	40.32	31.31
PTHR12438	1607.25	1559.5	118.0	11.92	9.26
PTHR15492	1834.0	1786.24	222.0	19.57	15.19
PTHR21426	2140.0	2092.24	110.0	8.27	6.42
PTHR21427	1217.0	1169.24	114.0	15.38	11.94
PTHR19372	1995.0	1947.24	493.98	39.93	31.0
PTHR19370	7467.05	7228.26	5924.5	411.39	319.43
PTHR19376	16961.71	16627.39	3477.81	180.9	140.45
PTHR19375	6868.32	6581.77	1736.0	280.4	217.71
PTHR12725	2383.86	2288.34	491.0	58.32	45.28
PTHR22884	12643.43	12404.63	2045.77	100.16	77.78
PTHR22880	9181.76	8847.44	2833.57	281.22	218.35
PTHR12542	2365.0	2317.24	143.0	9.71	7.54
PTHR12547	2022.0	1926.48	896.0	97.26	75.52
PTHR12124	4474.98	4331.7	320.01	35.8	27.8
PTHR10114	516.0	468.24	8673.3	2946.82	2288.08
PTHR21512	2591.0	2543.24	172.0	10.64	8.26
PTHR30508	2042.0	1994.24	2737.79	216.07	167.77
PTHR30502	1078.82	1031.06	153.0	23.43	18.19
PTHR10961	2084.9	1989.38	2999.85	384.06	298.22
PTHR10617	8713.0	8426.45	12069.11	1166.05	905.39
PTHR10615	2236.76	2141.24	1210.0	166.2	129.05
PTHR13527	4619.96	4572.2	3736.76	128.38	99.68
PTHR22958	6950.9	6807.62	4825.92	285.07	221.34
PTHR14534	2035.0	1987.24	311.77	24.69	19.17
PTHR22951	2380.0	2332.24	336.0	22.66	17.6
PTHR22950	47458.46	46312.22	13216.81	858.71	666.75
PTHR22953	9304.67	9065.87	2997.19	241.83	187.77
PTHR22952	5896.56	5657.76	1416.18	180.94	140.49
PTHR22957	11633.09	11251.08	2074.18	242.55	188.33
PTHR21600	1293.0	1245.24	247.0	31.28	24.29
PTHR24056	14276.88	13847.1	9435.42	451.93	350.91
PTHR24054	1577.0	1529.24	830.0	85.52	66.4
PTHR24055	11360.7	11026.38	5526.05	573.98	445.67
PTHR24058	4489.0	4297.97	1250.07	168.71	131.01
PTHR10766	3137.0	2993.72	1590.0	248.75	193.14
PTHR10762	3366.37	3223.09	304.0	42.93	33.34
PTHR30031	5806.0	5614.99	6382.63	406.25	315.43
PTHR12945	1366.0	1318.24	158.0	18.9	14.67
PTHR12944	2342.74	2294.98	150.0	10.28	7.98
PTHR24128	5600.67	5457.4	4947.07	323.5	251.19
PTHR12858	4377.0	4185.96	383.0	63.09	48.99
PTHR32228	1147.05	1099.29	51.0	7.32	5.69
PTHR13096	3712.0	3616.48	353.0	30.9	23.99
PTHR11365	5380.73	4998.73	226.57	42.5	33.01
PTHR11361	18747.9	18031.66	1472.02	101.88	79.08
PTHR11814	20755.03	20373.01	6890.65	277.07	215.11
PTHR11363	1403.0	1355.24	22358.03	2600.81	2019.42
PTHR10543	8112.09	7921.05	1851.02	137.61	106.84
PTHR10540	2472.0	2376.48	1088.39	143.89	111.72
PTHR11562	6625.1	6434.06	4089.2	310.72	241.26
PTHR11566	16677.0	16342.68	8708.35	569.9	442.5
PTHR11567	2524.0	2428.48	733.0	97.91	76.02
PTHR11564	6329.0	6185.72	2025.05	153.09	118.87
PTHR11962	3023.54	2928.02	589.1	63.76	49.51
PTHR11963	1780.0	1732.24	651.11	59.19	45.96
PTHR10381	7170.58	6788.5	7606.38	1305.39	1013.59
PTHR10383	2942.0	2846.48	1474.87	169.3	131.46
PTHR11705	1922.32	1826.81	383.0	55.38	43.01
PTHR11702	10251.0	10012.2	5021.5	298.07	231.43
PTHR11700	1446.0	1350.48	15607.13	4270.39	3315.77
PTHR10388	922.0	874.24	2107.0	380.99	295.82
PTHR11709	11292.2	11005.66	2962.02	226.15	175.59
PTHR10145	5912.0	5864.24	1314.02	35.18	27.32
PTHR23273	2704.0	2608.48	1145.01	95.5	74.15
PTHR12050	3472.53	3424.77	461.0	21.15	16.43
PTHR24305	871.65	823.89	78.0	14.97	11.63
PTHR23050	2427.0	2283.72	3140.02	626.83	486.71
PTHR23056	2353.0	2257.48	675.0	96.89	75.23
PTHR23054	1819.0	1771.24	157.0	13.96	10.84
PTHR11638	10175.45	9888.89	15921.1	1012.86	786.46
PTHR23291	2973.38	2877.86	811.08	94.46	73.35
PTHR23293	4667.78	4524.5	3728.0	346.81	269.28
PTHR11141	3077.0	3029.24	770.0	39.96	31.03
PTHR11142	5390.64	5247.36	438.05	37.43	29.06
PTHR11143	905.0	857.24	16577.93	3057.57	2374.07
PTHR22748	5219.06	5028.02	508.0	64.8	50.31
PTHR11380	968.0	920.24	446.01	76.59	59.47
PTHR11384	2561.0	2465.48	279.0	38.21	29.67
PTHR32477	2209.0	2161.24	102.0	7.43	5.77
PTHR14043	1964.0	1868.48	182.0	30.84	23.94
PTHR32472	3107.58	3059.82	692.01	35.55	27.6
PTHR31658	3477.0	3429.24	556.0	25.48	19.78
PTHR13890	8489.25	8298.22	2291.96	174.89	135.8
PTHR14269	4146.13	3955.09	855.36	105.37	81.82
PTHR22883	9946.57	9612.26	1439.97	149.6	116.17
PTHR23125	53181.37	51653.3	8296.74	708.0	549.7
PTHR19879	2398.0	2350.24	264.0	17.67	13.72
PTHR22881	2969.59	2874.08	831.0	82.6	64.13
PTHR14136	2972.0	2828.72	1071.0	183.87	142.76
PTHR19876	6995.0	6899.48	2475.0	113.06	87.79
PTHR12608	4979.37	4788.33	1592.19	182.79	141.93
PTHR12604	2268.0	2220.24	158.0	11.2	8.69
PTHR12603	2815.0	2719.48	596.94	68.79	53.4
PTHR32091	2741.71	2646.19	3353.05	402.96	312.88
PTHR32098	4292.24	4101.2	421.0	62.39	48.45
PTHR18763	1639.0	1543.48	146.0	29.8	23.14
PTHR22726	2296.64	2201.12	193.0	22.29	17.31
PTHR22727	19380.13	18854.91	2848.88	258.13	200.4
PTHR12428	3555.76	3460.24	2111.0	180.03	139.8
PTHR18968	8075.12	7836.35	1708.0	135.22	105.01
PTHR12730	3614.0	3518.48	581.27	51.7	40.15
PTHR12506	827.0	779.24	92.0	18.68	14.5
PTHR12735	1840.0	1744.48	544.0	98.13	76.19
PTHR15020	3832.0	3736.48	2362.01	265.44	206.1
PTHR12558	2683.18	2587.66	245.0	25.38	19.71
PTHR12553	1670.0	1574.49	90.0	17.06	13.25
PTHR12049	2386.6	2291.08	106.0	13.91	10.8
PTHR10497	933.0	837.52	10990.44	3383.48	2627.13
PTHR24073	4700.0	4461.2	2285.97	379.92	294.98
PTHR21569	702.0	654.24	12820.05	3105.48	2411.27
PTHR21567	1313.0	1265.24	652.0	81.27	63.1
PTHR13950	1190.0	1142.24	207.01	28.6	22.2
PTHR12133	1577.2	1529.44	65.0	6.7	5.2
PTHR10972	6444.6	6301.32	1175.98	101.93	79.14
PTHR10606	4065.84	4018.08	1388.0	54.27	42.14
PTHR10971	1329.0	1281.24	246.0	30.28	23.51
PTHR13743	7955.0	7763.96	540.0	51.58	40.04
PTHR12302	3704.0	3656.24	1552.45	66.72	51.81
PTHR22942	9918.39	9440.91	1292.17	132.14	102.6
PTHR13395	2558.0	2462.48	327.0	38.23	29.68
PTHR13803	5963.35	5820.13	1308.0	60.48	46.96
PTHR21368	1246.0	1150.51	1766.01	362.81	281.7
PTHR24067	16930.42	16214.08	9537.65	1318.01	1023.36
PTHR24064	12368.65	12034.34	3588.24	265.12	205.85
PTHR24063	28423.23	27563.87	6483.02	488.34	379.19
PTHR21011	1531.0	1435.48	1241.03	242.87	188.57
PTHR10774	14581.19	14103.67	2228.0	204.18	158.55
PTHR24068	3025.0	2881.73	964.21	211.16	163.96
PTHR19980	2076.0	1980.48	78.0	13.73	10.67
PTHR12959	3597.0	3501.48	140.0	12.75	9.9
PTHR24115	30514.79	29559.68	12707.89	721.25	560.02
PTHR11825	9440.17	9105.85	2467.16	239.81	186.2
PTHR10809	1619.0	1523.48	746.99	128.19	99.54
PTHR11822	1701.0	1653.24	1905.54	181.54	140.96
PTHR10555	4431.89	4336.38	3959.09	235.93	183.19
PTHR10806	859.0	811.24	306.0	59.66	46.33
PTHR10804	9576.4	9337.6	5653.4	576.26	447.44
PTHR11556	3811.0	3667.74	6350.96	642.54	498.9
PTHR11558	1457.0	1409.24	248.95	27.84	21.62
PTHR13773	3391.3	3295.78	814.01	79.58	61.79
PTHR10537	1403.0	1355.24	192.0	22.33	17.34
PTHR11953	2119.0	2023.48	253.0	38.92	30.22
PTHR11952	1761.0	1665.48	650.0	123.79	96.11
PTHR11956	2198.0	2150.24	999.45	73.14	56.79
PTHR11959	4194.48	4146.72	1519.82	57.58	44.71
PTHR11739	1969.41	1921.65	1764.0	144.5	112.2
PTHR11732	18018.15	17397.35	2535.34	283.22	219.92
PTHR11731	7667.23	7523.96	1265.0	79.77	61.93
PTHR11730	3419.06	3275.8	569.83	79.54	61.76
PTHR11735	3013.61	2870.33	283.0	39.02	30.3
PTHR10394	790.0	742.24	15364.76	3276.78	2544.27
PTHR20941	2207.89	2112.4	401.29	55.55	43.13
PTHR10150	2837.29	2741.8	245.0	27.9	21.66
PTHR31065	2886.26	2790.74	1437.01	147.56	114.58
PTHR10159	8099.0	7860.2	3528.92	333.77	259.16
PTHR31066	1295.0	1247.24	333.0	42.11	32.7
PTHR13604	1022.0	926.49	33.0	11.8	9.16
PTHR23264	3526.9	3383.62	739.99	99.53	77.29
PTHR23269	2111.0	2063.24	333.0	25.4	19.72
PTHR31204	1720.0	1672.24	535.24	50.41	39.14
PTHR31201	1685.0	1637.24	596.62	57.4	44.57
PTHR31209	1301.0	1253.24	88.0	11.07	8.6
PTHR11607	3948.0	3852.48	503.0	42.14	32.73
PTHR11606	4807.83	4664.56	1623.18	132.49	102.87
PTHR23284	1573.8	1526.04	242.0	24.99	19.4
PTHR24316	4355.0	4211.72	3600.83	391.16	303.71
PTHR32467	10352.03	9874.49	1569.94	193.81	150.49
PTHR14255	6597.0	6358.2	585.0	73.33	56.94
PTHR31840	772.84	725.1	44.0	9.61	7.46
PTHR23130	4459.0	4363.48	2852.28	156.51	121.53
PTHR23133	1077.0	1029.24	400.0	61.37	47.65
PTHR23135	1899.34	1851.59	593.01	50.42	39.15
PTHR23138	2479.0	2383.48	1033.02	160.8	124.86
PTHR23139	8551.41	8264.85	4827.04	483.59	375.49
PTHR31682	1259.0	1211.24	1150.0	149.77	116.29
PTHR11040	2671.0	2527.72	472.0	92.08	71.49
PTHR11043	835.0	787.24	261.0	52.45	40.73
PTHR11042	6746.33	6555.29	1555.0	134.19	104.19
PTHR11048	13177.09	12890.53	3871.04	278.06	215.9
PTHR15818	1985.0	1937.24	244.0	19.83	15.39
PTHR12636	1194.0	1146.24	245.07	33.74	26.2
PTHR31606	1282.0	1234.24	400.12	51.13	39.7
PTHR14490	2686.55	2543.29	631.0	70.09	54.42
PTHR14493	9743.35	9456.79	7218.57	598.62	464.81
PTHR15651	2177.0	2129.24	200.0	14.78	11.48
PTHR12380	3363.0	3219.72	1682.81	234.38	181.98
PTHR12385	2845.0	2749.48	3020.77	258.03	200.35
PTHR12706	15116.99	14782.67	1115.0	63.74	49.5
PTHR12709	1965.31	1869.79	497.88	86.85	67.43
PTHR19957	6228.1	6037.08	1993.0	220.05	170.85
PTHR30239	1763.0	1715.24	1448.02	132.95	103.23
PTHR12560	3392.0	3296.48	1408.98	139.72	108.49
PTHR11203	5179.43	5036.17	1105.0	80.02	62.13
PTHR12770	6041.64	5802.84	388.0	59.25	46.01
PTHR12097	7251.0	7155.48	3930.41	171.83	133.42
PTHR19842	2635.0	2587.24	572.0	34.77	27.0
PTHR11200	8110.75	8015.23	1698.97	65.32	50.72
PTHR21576	1690.39	1594.87	66.0	12.35	9.6
PTHR24193	12589.93	12064.58	3736.65	455.11	353.37
PTHR12419	5058.28	4819.49	1272.97	198.96	154.48
PTHR23338	3031.0	2887.73	1070.0	208.62	161.98
PTHR30525	1631.0	1583.24	731.65	72.8	56.53
PTHR12413	2072.41	1976.89	129.0	20.62	16.0
PTHR12411	14843.25	14126.95	6098.15	521.95	405.25
PTHR23339	3742.52	3647.01	738.0	74.54	57.88
PTHR21717	5404.49	5261.21	1911.09	115.82	89.94
PTHR10943	3910.0	3814.48	1445.0	104.87	81.43
PTHR12897	3002.0	2954.24	667.0	35.49	27.56
PTHR12894	6310.0	5975.71	347.0	70.15	54.48
PTHR12891	1205.0	1157.24	73.0	9.95	7.73
PTHR22976	4671.0	4480.02	2313.64	196.36	152.46
PTHR22975	2972.12	2829.04	415.0	48.43	37.59
PTHR22970	2668.0	2620.24	240.0	14.4	11.18
PTHR21377	1983.0	1887.48	540.01	92.37	71.73
PTHR21371	2074.0	2026.24	11927.28	926.42	719.32
PTHR21373	2449.0	2353.48	214.0	28.78	22.35
PTHR22573	10639.9	10401.1	3200.02	230.75	179.17
PTHR22572	7272.0	7033.2	5105.02	601.47	467.01
PTHR21000	2063.0	2015.24	2150.0	167.91	130.37
PTHR10701	613.0	565.24	245.0	68.8	53.42
PTHR13161	914.0	818.57	110.0	41.08	31.9
PTHR13165	2861.83	2766.31	747.0	83.64	64.95
PTHR21396	1273.0	1177.48	420.96	110.57	85.86
PTHR12965	2640.4	2544.96	333.0	36.81	28.58
PTHR10681	6967.87	6585.79	2608.04	360.91	280.22
PTHR24106	8811.35	8477.04	1830.0	205.8	159.79
PTHR24103	2839.0	2695.72	164.0	25.3	19.65
PTHR10683	1632.0	1584.24	1492.58	148.42	115.24
PTHR11540	2369.0	2178.06	1353.0	341.35	265.05
PTHR10836	2311.0	2167.85	9632.81	1239.06	962.08
PTHR10835	2404.0	2356.24	520.83	34.77	27.0
PTHR11545	927.0	879.24	15250.9	2741.9	2128.97
PTHR10012	1524.0	1476.24	223.34	23.84	18.51
PTHR13768	2607.0	2511.48	823.73	105.54	81.94
PTHR24078	11447.0	11065.05	1115.96	116.53	90.49
PTHR11946	14822.0	14535.44	11118.07	575.31	446.7
PTHR11947	4633.91	4538.4	3858.79	275.63	214.01
PTHR11941	10230.41	9896.1	1602.0	170.73	132.56
PTHR24072	1597.0	1549.24	363.0	36.91	28.66
PTHR10496	512.0	464.24	8949.04	3067.05	2381.43
PTHR10491	2790.12	2694.6	374.04	41.36	32.11
PTHR24076	12228.64	11655.68	2526.12	302.98	235.26
PTHR24077	13997.16	13328.74	4306.58	395.8	307.35
PTHR11728	3894.0	3798.48	2494.33	256.58	199.23
PTHR11726	842.0	794.24	24702.12	4920.35	3820.44
PTHR11727	551.0	503.24	28.0	8.84	6.87
PTHR11721	648.0	600.24	14434.65	3814.53	2961.82
PTHR11722	794.0	746.24	10667.33	2262.67	1756.87
PTHR10120	4054.58	3959.06	872.0	60.11	46.67
PTHR10122	1136.0	1088.24	3074.95	446.01	346.3
PTHR11831	2383.0	2239.72	11492.73	2281.25	1771.29
PTHR11835	1802.0	1754.24	1353.12	121.46	94.31
PTHR11614	6085.98	5990.46	2763.0	125.86	97.72
PTHR11615	9995.3	9565.51	4716.0	382.41	296.92
PTHR11618	3693.34	3550.06	550.04	72.28	56.12
PTHR14140	2692.0	2644.24	600.0	35.68	27.71
PTHR32419	1214.2	1166.45	166.0	22.45	17.43
PTHR10231	5621.0	5477.72	652.0	58.86	45.71
PTHR10233	9058.0	8819.2	1952.5	163.54	126.99
PTHR31503	4337.38	4194.1	1013.0	83.39	64.74
PTHR23147	662.8	615.04	136.0	35.06	27.23
PTHR23140	2080.0	2032.24	223.0	17.27	13.41
PTHR23142	1020.0	972.24	102.0	16.57	12.87
PTHR23149	1869.0	1821.24	386.0	33.37	25.91
PTHR23148	856.8	809.04	110.0	21.51	16.7
PTHR11817	11835.0	11548.44	4390.68	331.37	257.3
PTHR11056	2060.06	2012.3	473.0	36.99	28.72
PTHR11055	4346.64	4203.36	5937.47	558.43	433.61
PTHR32523	2440.61	2345.1	1032.01	119.35	92.67
PTHR31695	2917.0	2869.24	634.0	34.74	26.97
PTHR11819	329.0	281.32	6.0	3.42	2.66
PTHR10544	507.0	459.24	4440.99	1538.82	1194.83
PTHR12629	2681.87	2634.11	1820.3	108.67	84.38
PTHR19316	1500.0	1452.24	187.68	20.37	15.81
PTHR18945	6473.26	6329.99	1030.0	75.5	58.62
PTHR26402	9656.0	9417.2	11087.43	674.66	523.84
PTHR19384	6575.0	6431.72	492.0	34.55	26.82
PTHR12714	5130.2	4939.17	2158.93	183.79	142.71
PTHR12570	4690.37	4547.09	698.0	61.09	47.43
PTHR21494	2475.0	2427.24	169.0	10.95	8.5
PTHR21145	1260.21	1212.45	355.0	46.19	35.86
PTHR21496	4795.0	4556.32	1677.0	222.97	173.13
PTHR21493	32558.3	31698.66	5499.02	463.44	359.84
PTHR21499	9339.11	9195.83	5259.89	267.05	207.36
PTHR21148	3842.97	3699.7	415.0	55.37	43.0
PTHR12083	3746.02	3602.74	776.0	91.77	71.26
PTHR19854	3891.0	3747.72	448.0	37.72	29.29
PTHR13976	1590.0	1494.48	132.03	29.36	22.79
PTHR19852	2220.0	2172.24	652.0	47.23	36.67
PTHR16128	3604.0	3412.97	281.0	38.49	29.88
PTHR12400	1499.46	1451.7	568.0	61.66	47.88
PTHR19853	3074.0	3026.24	373.0	19.38	15.04
PTHR30314	1812.0	1764.24	2345.99	209.39	162.58
PTHR12882	706.0	658.24	219.5	52.85	41.03
PTHR12883	1422.0	1374.24	228.0	26.15	20.31
PTHR16255	7371.89	7228.61	2656.73	185.59	144.09
PTHR16254	8754.29	8563.25	3675.96	305.28	237.04
PTHR22960	679.35	631.59	123.0	30.87	23.97
PTHR13373	2177.0	2129.24	107.0	7.91	6.14
PTHR13375	1121.0	1073.24	192.0	28.24	21.93
PTHR22967	5238.0	5094.72	1113.03	70.25	54.55
PTHR19858	4930.0	4834.48	580.99	35.3	27.41
PTHR30222	2482.5	2434.74	215.0	13.89	10.78
PTHR13115	1978.84	1931.08	736.0	59.99	46.58
PTHR13117	1603.0	1555.24	36.0	3.65	2.83
PTHR13285	2114.76	2067.0	277.0	21.09	16.37
PTHR13288	1360.0	1312.24	156.0	18.74	14.55
PTHR10953	15426.71	14996.87	2680.98	202.97	157.59
PTHR10954	1087.3	1039.54	107.0	16.25	12.62
PTHR21726	531.0	483.24	11.0	3.62	2.81
PTHR10956	873.48	778.01	11862.34	3979.44	3089.86
PTHR11538	1829.0	1781.24	413.14	36.52	28.36
PTHR10826	902.0	854.24	491.0	90.88	70.56
PTHR11533	14149.23	13958.19	3227.0	145.09	112.65
PTHR11532	1954.0	1906.24	605.97	50.04	38.85
PTHR10000	4216.42	4073.15	533.54	57.58	44.71
PTHR13021	1320.0	1272.24	294.0	36.44	28.3
PTHR24006	21249.2	20437.34	3839.88	423.41	328.76
PTHR24003	25897.79	25324.68	29895.77	1476.97	1146.82
PTHR31446	2319.0	2223.48	607.03	83.2	64.6
PTHR31190	2668.42	2572.9	1963.5	169.33	131.48
PTHR11441	1428.0	1380.24	303.0	34.61	26.87
PTHR11440	4987.35	4796.31	365.04	42.06	32.66
PTHR11999	8008.9	7817.86	3267.3	265.7	206.29
PTHR11998	6669.68	6478.64	2849.98	304.44	236.38
PTHR11449	475.0	427.25	14304.3	5333.04	4140.87
PTHR11994	1353.0	1257.48	15692.3	3655.62	2838.44
PTHR10133	10789.13	10550.33	5760.75	310.27	240.91
PTHR13620	5367.0	5128.2	977.0	104.96	81.48
PTHR11847	739.0	691.24	12948.35	2967.1	2303.82
PTHR11843	848.0	800.24	17714.68	3501.87	2719.05
PTHR11661	1816.0	1720.48	16599.27	4194.8	3257.08
PTHR11662	23702.04	23033.4	6766.09	509.6	395.71
PTHR11669	3343.41	3247.89	656.0	64.38	49.98
PTHR11668	15362.66	14932.82	8440.84	782.52	607.61
PTHR20856	12013.0	11774.2	2916.13	120.38	93.47
PTHR20854	3801.29	3658.01	579.0	73.53	57.1
PTHR20855	8018.23	7827.31	1650.98	148.12	115.02
PTHR20852	2918.0	2774.75	6084.1	612.56	475.63
PTHR32404	1414.95	1367.2	152.0	17.53	13.61
PTHR20858	5937.34	5794.06	1626.0	114.67	89.04
PTHR14237	7452.03	7165.49	991.39	94.38	73.28
PTHR10739	4083.0	3987.48	2089.96	186.25	144.62
PTHR23155	59695.46	57880.81	11911.01	1129.91	877.28
PTHR23153	2069.07	1973.55	445.0	89.62	69.59
PTHR23151	7085.0	6607.5	3392.37	648.89	503.81
PTHR11063	4950.39	4854.87	4620.98	273.7	212.52
PTHR11062	10436.54	10149.98	2562.13	197.18	153.11
PTHR11061	4520.89	4329.85	412.0	55.56	43.15
PTHR11065	5968.06	5824.78	2485.65	212.67	165.14
PTHR11064	3556.1	3412.83	864.0	96.98	75.3
PTHR11260	9256.45	8969.89	1210.03	133.14	103.39
PTHR11264	1098.88	1051.12	124.0	18.62	14.46
PTHR11266	7310.0	7023.44	2972.88	410.51	318.75
PTHR31998	2915.85	2868.1	448.0	24.56	19.07
PTHR15838	689.0	641.24	76.0	18.79	14.59
PTHR32338	2622.27	2574.51	580.0	35.43	27.51
PTHR31407	5301.0	5109.96	1147.0	156.09	121.2
PTHR12363	7059.89	6916.61	784.0	38.83	30.16
PTHR18952	3246.0	3150.48	1201.0	111.29	86.42
PTHR12765	1964.29	1868.77	302.0	52.52	40.79
PTHR12505	1355.47	1307.72	188.0	22.67	17.6
PTHR22604	3101.03	3005.51	283.0	32.78	25.45
PTHR21481	1507.0	1459.24	159.0	17.17	13.33
PTHR22778	2078.26	1982.75	162.0	26.53	20.6
PTHR19446	5915.05	5676.31	140.0	14.76	11.45
PTHR12219	1040.0	992.24	1353.95	215.51	167.34
PTHR13561	5612.13	5468.85	938.43	52.07	40.43
PTHR13563	1844.03	1748.51	168.0	31.09	24.14
PTHR12210	1725.5	1629.99	464.03	73.92	57.4
PTHR12215	2011.0	1915.48	149.0	26.62	20.66
PTHR12214	1138.49	1090.73	159.0	23.01	17.87
PTHR22915	11899.62	11517.56	1970.89	206.75	160.54
PTHR22911	7874.9	7588.34	474.0	55.87	43.36
PTHR22912	8649.12	8410.32	5606.27	532.22	413.24
PTHR12183	1434.0	1386.24	172.0	19.56	15.19
PTHR19849	2561.0	2513.24	126.0	7.88	6.12
PTHR31783	5651.0	5555.48	563.0	36.25	28.15
PTHR22594	4683.0	4587.48	2017.22	142.56	110.7
PTHR11864	3249.0	3153.48	368.81	35.72	27.74
PTHR21152	4488.0	4392.48	1422.0	124.92	97.0
PTHR21021	1198.0	1102.48	57.0	16.58	12.88
PTHR30075	3602.0	3554.24	597.0	26.4	20.5
PTHR11632	2699.0	2651.24	4296.58	254.84	197.87
PTHR13102	2365.0	2317.24	168.0	11.41	8.86
PTHR12984	1992.0	1944.24	170.06	13.77	10.69
PTHR11630	10319.93	10033.37	4836.29	457.24	355.03
PTHR11140	7459.0	7363.48	6415.15	214.21	166.32
PTHR13299	1518.0	1422.48	161.0	36.12	28.05
PTHR12652	3867.0	3771.48	2957.78	317.66	246.65
PTHR10925	3417.0	3369.24	786.01	36.66	28.47
PTHR21737	3382.99	3239.72	720.0	106.51	82.69
PTHR10920	6171.37	6028.09	1374.76	128.41	99.71
PTHR10585	2375.0	2279.48	1768.99	225.44	175.05
PTHR10584	21275.29	20749.94	4950.22	319.58	248.15
PTHR11528	5578.0	5434.72	3331.1	217.83	169.14
PTHR11527	4157.14	3966.14	2804.91	381.63	296.32
PTHR11525	1497.0	1401.48	311.0	70.42	54.68
PTHR10859	818.0	770.24	148.0	30.41	23.61
PTHR10589	4340.93	4245.41	1948.0	112.95	87.7
PTHR10588	2949.0	2805.72	484.89	67.58	52.47
PTHR13038	2182.2	2134.44	255.0	18.8	14.6
PTHR13748	11629.53	11247.45	7125.77	691.99	537.3
PTHR11223	8312.32	8169.04	2689.01	128.31	99.63
PTHR23109	936.0	888.24	44.0	7.83	6.08
PTHR24015	41500.38	40401.91	12511.67	909.89	706.49
PTHR24012	17008.63	16244.52	8179.25	1044.29	810.84
PTHR24011	30622.12	29475.9	18930.51	2519.08	1955.93
PTHR31187	5050.85	4955.33	6326.66	434.01	336.99
PTHR10548	1815.91	1768.16	851.0	75.78	58.84
PTHR10459	11167.17	10880.61	1667.0	118.12	91.71
PTHR11453	5315.7	5172.42	1146.0	73.28	56.9
PTHR10108	38667.61	37234.84	6669.88	726.76	564.34
PTHR11986	9407.89	9073.57	5260.4	507.85	394.32
PTHR11455	7423.54	7089.24	674.02	91.02	70.68
PTHR10102	3623.0	3575.24	766.99	33.71	26.18
PTHR11458	1544.0	1496.24	1842.93	194.08	150.7
PTHR10106	1780.0	1732.24	554.0	50.36	39.1
PTHR31057	2692.0	2596.48	135.0	16.64	12.92
PTHR21141	2756.84	2613.57	34978.65	8319.46	6459.7
PTHR11851	15716.9	15334.84	5682.0	564.23	438.09
PTHR23092	1348.0	1300.24	77.0	9.34	7.25
PTHR23091	14774.19	14105.57	2555.24	337.13	261.75
PTHR11673	941.0	893.24	9067.17	1604.41	1245.76
PTHR11670	4122.0	4026.48	6397.27	448.25	348.05
PTHR11671	1243.0	1195.24	572.0	75.5	58.62
PTHR20863	2924.0	2732.98	4573.78	795.12	617.38
PTHR20861	1538.0	1490.24	636.0	67.25	52.22
PTHR11679	2547.76	2500.0	213.0	13.4	10.4
PTHR14009	3110.0	3062.24	2061.9	105.85	82.18
PTHR10217	6284.0	6092.96	382.0	24.73	19.2
PTHR14005	4695.0	4647.24	1802.52	60.92	47.3
PTHR10210	3983.45	3887.93	2061.99	170.06	132.05
PTHR31522	1791.0	1743.24	348.0	31.44	24.41
PTHR14221	1800.0	1752.24	493.0	44.3	34.4
PTHR23163	858.0	810.24	135.0	26.35	20.46
PTHR11079	6087.0	5848.2	4889.15	482.64	374.77
PTHR11076	12029.0	11408.13	401.02	61.51	47.78
PTHR11070	3687.57	3592.05	215.91	16.52	12.83
PTHR11071	19076.44	18264.58	6245.96	1231.25	956.03
PTHR11278	803.0	755.24	11333.98	2375.18	1844.23
PTHR11276	1021.0	973.24	10.0	1.62	1.26
PTHR11274	2912.0	2816.48	887.0	92.26	71.63
PTHR31984	4606.73	4463.45	3574.96	327.34	254.16
PTHR16201	2618.66	2570.9	348.0	21.29	16.53
PTHR15350	3448.0	3352.48	1640.97	152.45	118.37
PTHR15606	3198.85	3103.33	368.0	38.34	29.77
PTHR12374	2029.0	1933.49	330.67	52.36	40.66
PTHR12375	1053.0	1005.24	152.0	23.88	18.54
PTHR12378	2068.0	1972.48	179.44	27.97	21.72
PTHR20961	18341.68	17816.32	3196.01	296.53	230.23
PTHR18929	13726.73	13153.62	7081.53	762.5	592.04
PTHR30535	1103.0	1055.24	82.0	12.27	9.53
PTHR12777	681.0	633.24	722.23	180.81	140.39
PTHR12775	1364.86	1317.1	545.0	65.24	50.66
PTHR20981	628.0	580.24	11862.92	3244.16	2518.95
PTHR16092	2107.94	2012.42	145.0	23.25	18.06
PTHR12406	6279.07	6040.27	1242.0	145.44	112.93
PTHR19211	14471.11	13993.56	86959.83	4420.9	3432.64
PTHR22298	11558.48	11319.68	3735.03	221.01	171.61
PTHR12174	5683.0	5539.72	1060.99	91.36	70.93
PTHR12175	2207.76	2112.24	771.21	113.65	88.24
PTHR12176	3196.17	3100.65	114.0	10.52	8.16
PTHR22769	7136.52	6897.72	1079.03	144.36	112.1
PTHR22767	3786.98	3643.7	362.0	52.93	41.09
PTHR22765	2106.22	2010.7	985.98	153.67	119.32
PTHR22762	10873.77	10634.97	2050.0	134.12	104.13
PTHR22763	2674.0	2578.48	345.0	37.62	29.21
PTHR22761	4190.98	3999.96	1805.0	222.73	172.95
PTHR21231	4831.0	4687.72	747.0	90.67	70.4
PTHR21230	1544.12	1496.36	257.0	27.06	21.01
PTHR21234	1646.0	1598.24	341.0	33.61	26.1
PTHR21237	1050.0	1002.24	226.0	35.61	27.65
PTHR12202	2152.0	2056.48	301.0	48.67	37.79
PTHR12203	11960.12	11673.56	1741.42	125.65	97.57
PTHR19857	1466.0	1418.24	212.0	23.56	18.29
PTHR13355	1599.0	1551.24	298.0	30.27	23.5
PTHR19855	3948.0	3852.48	166.0	14.78	11.48
PTHR13353	3108.02	3012.5	246.0	30.28	23.51
PTHR12197	10796.68	10223.67	2037.0	208.37	161.8
PTHR13822	1125.0	1077.24	2155.0	315.78	245.19
PTHR21649	11142.59	10474.09	163766.92	29090.22	22587.29
PTHR32442	1366.0	1318.24	278.0	33.25	25.82
PTHR13138	2294.0	2198.48	323.0	45.31	35.18
PTHR10732	689.0	641.24	9000.6	2224.92	1727.55
PTHR10738	4034.0	3986.24	1124.61	44.33	34.42
PTHR12992	1177.29	1129.53	99.0	13.83	10.74
PTHR22838	4738.57	4547.53	767.94	99.64	77.37
PTHR22836	2230.0	2182.24	241.0	17.38	13.49
PTHR10693	411.0	363.26	15.0	6.59	5.12
PTHR32379	1365.0	1317.24	114.0	13.65	10.6
PTHR10938	2616.0	2520.48	1083.39	136.77	106.19
PTHR10934	861.0	813.24	11878.1	2310.24	1793.8
PTHR11510	2196.0	2148.24	3502.03	256.51	199.17
PTHR11516	5376.0	5232.72	3446.84	338.02	262.46
PTHR10025	2751.0	2607.73	1075.57	127.83	99.25
PTHR10026	6281.57	5995.01	890.05	117.29	91.07
PTHR10027	2390.0	2342.24	340.0	22.83	17.73
PTHR13009	3516.19	3325.16	240.01	46.27	35.93
PTHR13007	1812.05	1764.29	426.0	38.02	29.52
PTHR30115	937.0	889.24	653.98	116.24	90.26
PTHR11863	3121.0	2977.72	819.0	111.09	86.26
PTHR17901	798.0	750.24	69.0	14.56	11.3
PTHR24351	6987.15	6748.36	4921.18	803.47	623.85
PTHR20982	1290.0	1242.24	297.0	37.71	29.28
PTHR24352	3347.77	3252.31	842.26	63.78	49.52
PTHR11467	602.0	554.24	792.77	227.09	176.32
PTHR10119	2365.0	2317.24	774.97	52.61	40.85
PTHR10343	3532.0	3484.24	1178.28	53.14	41.26
PTHR10110	6652.22	6461.18	673.0	64.23	49.88
PTHR11469	2614.51	2566.75	1800.72	110.33	85.67
PTHR10445	1222.0	1174.24	207.0	27.81	21.6
PTHR10598	993.0	945.24	70.0	11.7	9.08
PTHR24286	4296.63	4153.35	2764.61	341.55	265.19
PTHR23429	1988.0	1940.24	210.0	17.04	13.23
PTHR23426	2080.05	1984.53	1449.01	244.19	189.61
PTHR10593	3263.0	3167.48	1000.0	98.56	76.53
