GeneFamily	length	effective_length	expected_count	TPM	FPKM
PTHR11649	14171.02	13712.4	5747.74	260.97	205.58
PTHR31089	1115.8	1069.93	194.0	13.78	10.85
PTHR31085	2827.3	2781.43	1584.0	43.1	33.95
PTHR11647	6027.56	5935.82	2072.02	52.74	41.55
PTHR11645	940.87	895.0	295.0	25.08	19.75
PTHR11880	854.0	808.13	20455.88	1927.45	1518.3
PTHR11885	727.0	681.13	23591.59	2641.44	2080.73
PTHR10209	7031.0	6801.66	1655.0	77.58	61.13
PTHR32429	3447.0	3309.4	13655.45	630.17	496.4
PTHR12403	840.0	794.13	492.0	47.18	37.17
PTHR31423	1110.0	1064.13	274.0	19.57	15.41
PTHR31551	762.25	716.38	690.96	73.52	57.91
PTHR32195	2467.08	2375.34	716.0	32.19	25.36
PTHR11081	8781.0	8505.78	931.22	46.31	36.48
PTHR11080	2139.18	2047.43	924.0	59.76	47.08
PTHR11082	4896.0	4804.26	10837.98	259.69	204.56
PTHR11085	7596.76	7275.67	1274.67	80.36	63.3
PTHR11089	6156.92	5973.44	2575.16	128.86	101.52
PTHR32518	5993.0	5901.26	1231.18	47.16	37.16
PTHR11247	1424.0	1332.26	135.0	15.62	12.31
PTHR12277	3898.14	3760.53	1284.98	80.74	63.6
PTHR32512	1819.0	1773.13	1468.0	62.75	49.43
PTHR23088	4368.79	4185.31	2246.1	140.44	110.63
PTHR23089	1694.0	1602.26	2015.0	212.45	167.35
PTHR23081	5551.26	5413.66	4068.07	154.57	121.76
PTHR23083	29742.13	29008.24	12770.08	466.15	367.19
PTHR23084	6647.01	6463.53	2619.93	149.43	117.71
PTHR23086	6179.0	5995.52	989.16	45.7	36.0
PTHR18806	3810.0	3718.26	2325.62	82.81	65.23
PTHR31953	1816.0	1770.13	426.0	18.24	14.37
PTHR15184	10257.77	10028.42	22173.09	901.47	710.11
PTHR15341	799.0	753.13	124.12	12.56	9.89
PTHR14744	1242.0	1150.31	65.0	8.48	6.68
PTHR15169	1388.0	1342.13	115.0	6.5	5.12
PTHR12341	10374.3	10099.09	4310.66	125.77	99.08
PTHR15160	5345.85	5162.37	3383.21	162.82	128.26
PTHR18937	20692.4	20417.17	10623.49	212.03	167.04
PTHR18934	26448.29	25714.36	16070.41	593.48	467.51
PTHR12742	2322.0	2276.13	2123.0	70.63	55.64
PTHR12741	1560.0	1514.13	606.0	30.36	23.91
PTHR16557	1964.0	1872.26	143.0	11.7	9.22
PTHR19288	5544.9	5361.42	3673.11	186.2	146.68
PTHR12975	4122.0	3984.39	661.0	42.6	33.56
PTHR13902	2648.16	2602.29	1216.0	35.37	27.86
PTHR13903	1438.0	1392.13	1049.0	57.17	45.04
PTHR22753	2304.0	2212.26	143.0	10.15	8.0
PTHR30615	1727.53	1635.79	510.0	49.79	39.22
PTHR22939	14257.41	13798.8	5415.9	250.35	197.22
PTHR22938	3864.0	3726.39	949.99	56.93	44.84
PTHR16266	4667.46	4529.85	585.0	28.25	22.25
PTHR21597	5700.0	5654.13	2020.0	27.0	21.27
PTHR22932	876.0	830.13	668.0	61.26	48.26
PTHR21228	20678.82	20128.43	7373.63	343.05	270.23
PTHR13343	3672.74	3535.13	3729.41	242.19	190.78
PTHR22936	2747.0	2609.39	654.0	57.71	45.46
PTHR31038	1402.0	1356.13	2235.97	125.12	98.56
PTHR13832	36823.6	35631.04	27631.04	1293.04	1018.57
PTHR21139	1300.63	1254.76	2304.56	139.43	109.83
PTHR21136	3418.0	3280.39	2628.74	181.87	143.27
PTHR12526	38942.61	38025.32	24941.21	761.12	599.57
PTHR13120	807.0	761.13	471.0	47.14	37.14
PTHR22809	2879.0	2741.39	832.15	73.35	57.79
PTHR22807	4489.59	4397.85	1159.0	40.89	32.21
PTHR20661	2106.0	2014.26	223.0	18.08	14.24
PTHR10900	17121.22	16524.94	24900.13	1602.56	1262.38
PTHR10906	2767.0	2675.26	6692.85	272.61	214.75
PTHR10909	18076.43	17663.6	22343.7	707.9	557.64
PTHR10055	3197.0	3105.26	1510.0	73.22	57.68
PTHR10057	1659.0	1567.26	2093.0	170.27	134.13
PTHR10052	1068.0	1022.13	26916.25	2001.66	1576.76
PTHR13017	860.0	814.13	151.0	14.12	11.12
PTHR13018	17826.29	17505.2	13755.0	355.3	279.89
PTHR10694	9196.87	8967.59	6248.5	257.94	203.18
PTHR12839	2555.41	2463.67	445.0	29.45	23.2
PTHR12835	727.0	681.13	73.0	8.17	6.44
PTHR24031	56639.05	54850.32	76735.52	3387.0	2668.05
PTHR24032	3092.97	2955.36	799.94	61.51	48.45
PTHR24349	22078.07	21481.85	11455.05	462.34	364.19
PTHR24619	5979.0	5841.39	1391.02	45.1	35.52
PTHR24343	27728.52	26902.86	26074.59	967.74	762.32
PTHR11472	10975.01	10608.06	8289.09	277.53	218.62
PTHR24347	14754.92	14342.16	5611.18	188.21	148.25
PTHR11476	1748.0	1702.13	692.0	30.82	24.28
PTHR11477	3867.47	3775.77	1709.0	64.94	51.15
PTHR10438	22875.09	22141.17	21864.41	1361.77	1072.71
PTHR10476	5621.16	5529.42	6256.19	180.77	142.4
PTHR24290	3600.0	3462.39	1623.99	103.23	81.32
PTHR23413	574.0	528.13	23851.1	3453.69	2720.56
PTHR23417	2207.35	2115.61	667.0	47.79	37.64
PTHR23416	1585.38	1539.51	687.0	33.84	26.66
PTHR23415	1058.0	1012.13	1118.01	83.97	66.14
PTHR12736	1793.65	1747.78	661.38	28.68	22.59
PTHR10871	1508.0	1416.26	27263.78	3112.12	2451.5
PTHR10877	1376.0	1238.47	6.0	1.46	1.14
PTHR11879	5616.89	5433.51	2985.01	128.4	101.14
PTHR11659	1607.84	1561.97	1088.0	52.82	41.61
PTHR31096	3956.87	3819.26	4796.61	282.81	222.78
PTHR31098	4404.0	4358.13	11505.74	199.62	157.25
PTHR11655	1974.0	1882.26	39296.28	3462.91	2727.83
PTHR11652	720.0	674.13	26741.82	3025.55	2383.31
PTHR20883	2097.0	2005.26	981.0	69.34	54.62
PTHR11895	6231.24	6093.63	1529.8	54.14	42.65
PTHR10277	3846.0	3708.39	1119.3	68.22	53.74
PTHR14027	3452.0	3406.13	1409.97	31.31	24.67
PTHR12320	6239.51	6101.9	3397.71	127.53	100.46
PTHR24095	16265.68	15669.45	42342.43	1436.94	1131.92
PTHR11246	9485.0	9347.39	6475.67	161.51	127.22
PTHR24092	4620.0	4574.13	3066.0	50.68	39.92
PTHR24093	32623.41	31935.4	46648.65	1400.01	1102.83
PTHR23180	11375.1	11054.01	10076.48	434.3	342.11
PTHR14593	2610.38	2518.64	983.0	59.22	46.65
PTHR11093	3421.0	3329.26	1947.99	88.72	69.89
PTHR11096	1603.82	1512.08	251.0	23.3	18.36
PTHR23346	8462.0	8324.39	2298.49	62.61	49.32
PTHR11099	2595.0	2549.13	1437.0	42.67	33.62
PTHR10309	1913.0	1867.13	1845.0	74.88	58.98
PTHR14107	687.97	642.1	107.0	12.72	10.02
PTHR11252	4753.04	4707.17	4255.13	68.34	53.83
PTHR11254	14383.19	14016.26	3896.81	131.82	103.85
PTHR11255	1916.86	1870.99	597.0	24.18	19.05
PTHR14110	4147.85	3964.37	3972.56	323.6	254.9
PTHR14374	1535.0	1489.13	119.0	6.06	4.77
PTHR18838	2163.0	2117.13	838.99	30.02	23.64
PTHR15074	1628.0	1582.13	258.0	12.37	9.74
PTHR12687	2375.0	2283.27	1231.99	63.62	50.11
PTHR15157	3366.68	3229.07	877.75	62.54	49.26
PTHR18901	12165.0	11935.65	4748.0	154.41	121.63
PTHR12281	1396.0	1350.13	2026.09	113.88	89.71
PTHR12755	591.0	545.13	65.0	9.12	7.18
PTHR12750	2288.96	2243.09	3355.01	113.27	89.22
PTHR12753	1213.4	1167.53	995.0	64.72	50.99
PTHR15081	1753.25	1707.38	1223.01	54.3	42.77
PTHR15574	7253.41	7024.06	1914.85	106.18	83.64
PTHR24007	357.0	311.16	39.0	9.66	7.61
PTHR13931	3085.02	3039.15	425.0	10.58	8.34
PTHR12358	7127.47	6852.25	2663.91	169.37	133.41
PTHR12356	1927.59	1835.85	622.0	62.95	49.59
PTHR12221	2347.0	2255.26	829.55	57.5	45.3
PTHR30603	4411.0	4319.26	3855.04	123.02	96.9
PTHR12226	1653.0	1607.13	329.0	15.52	12.23
PTHR19877	1068.0	1022.13	2491.0	185.25	145.92
PTHR31442	557.0	511.13	536.0	80.23	63.2
PTHR12538	617.0	571.13	14222.78	1902.68	1498.79
PTHR12537	3495.78	3404.04	4007.94	171.03	134.73
PTHR12532	1288.0	1242.13	1000.0	61.12	48.15
PTHR13486	675.0	629.13	246.0	29.84	23.51
PTHR20275	2910.0	2818.26	1763.0	91.46	72.04
PTHR13489	2266.26	2174.52	708.97	49.03	38.62
PTHR17583	8276.0	8138.39	2431.95	70.81	55.78
PTHR13572	1408.46	1362.59	193.0	10.75	8.47
PTHR24198	20783.87	20049.95	6188.78	303.28	238.89
PTHR10048	5140.26	4910.91	1179.0	87.47	68.9
PTHR21704	3168.96	3077.22	1205.0	42.43	33.42
PTHR10046	921.0	875.13	268.0	23.3	18.36
PTHR10044	5245.0	5153.26	1593.68	52.42	41.3
PTHR13060	1573.0	1527.13	178.0	8.84	6.96
PTHR10687	1284.0	1238.13	1940.21	118.97	93.72
PTHR13069	4474.0	4290.52	1705.0	93.18	73.41
PTHR13068	8142.25	7912.9	3166.06	166.9	131.48
PTHR10682	2661.02	2569.28	2648.01	156.38	123.19
PTHR12829	884.0	838.13	95.0	8.63	6.8
PTHR12820	2879.89	2834.02	1097.0	29.29	23.08
PTHR12826	1381.0	1335.13	936.9	53.26	41.95
PTHR12827	986.0	940.13	69.0	5.58	4.4
PTHR17920	2628.0	2582.13	1146.0	33.6	26.46
PTHR10137	1631.0	1585.13	815.0	38.99	30.71
PTHR11405	9295.97	9112.49	15150.36	484.36	381.55
PTHR11404	2587.0	2541.13	6091.63	181.47	142.95
PTHR11406	1585.31	1539.44	8863.32	436.63	343.94
PTHR32357	1724.0	1678.13	369.0	16.67	13.13
PTHR13468	1336.14	1290.27	1135.55	66.8	52.62
PTHR23406	3985.0	3893.26	2090.19	80.66	63.53
PTHR23407	2287.64	2241.76	693.0	23.41	18.44
PTHR10869	12432.28	12019.45	6749.57	388.72	306.19
PTHR31717	4825.35	4733.61	8669.26	272.02	214.28
PTHR12452	650.0	604.13	395.0	49.92	39.33
PTHR13393	2910.0	2864.13	265.0	7.0	5.52
PTHR12696	4017.92	3972.05	1863.0	35.47	27.94
PTHR11315	3663.0	3571.26	989.0	41.81	32.94
PTHR10139	2373.0	2327.13	651.92	21.21	16.71
PTHR10264	4424.0	4240.52	4580.85	254.63	200.57
PTHR10263	2008.0	1916.26	4404.03	344.61	271.46
PTHR31155	2096.62	2050.75	4187.99	154.7	121.86
PTHR32170	3034.34	2942.67	1008.01	60.66	47.78
PTHR23350	505.0	459.13	306.0	51.06	40.22
PTHR23354	2843.0	2797.13	1493.0	40.4	31.82
PTHR23355	8364.48	8135.17	2060.98	90.5	71.28
PTHR23359	7230.68	7001.33	7425.69	471.9	371.72
PTHR11227	2073.46	1981.75	876.0	68.81	54.2
PTHR11220	4265.33	4035.98	1065.0	102.28	80.56
PTHR13162	6879.0	6787.28	5140.04	60.05	47.31
PTHR11229	1929.0	1837.26	6148.19	486.8	383.47
PTHR10314	20415.76	19681.85	27978.88	1435.01	1130.42
PTHR11035	1315.0	1269.13	411.0	24.58	19.37
PTHR14303	730.0	684.13	539.0	60.08	47.33
PTHR14085	2004.0	1958.13	1170.99	45.31	35.69
PTHR11139	25974.25	25607.29	36555.5	378.85	298.43
PTHR15362	1118.0	1072.13	367.0	26.01	20.49
PTHR11132	22854.22	22166.17	35108.63	1619.4	1275.64
PTHR11134	4895.13	4757.52	2437.99	120.45	94.89
PTHR11136	3000.0	2908.26	372.66	19.77	15.57
PTHR32374	7426.92	7243.44	13761.7	444.14	349.87
PTHR31579	8308.92	8079.57	6744.84	293.79	231.42
PTHR18919	3123.26	2939.83	3898.11	204.04	160.74
PTHR32002	16778.11	16227.67	11884.79	546.74	430.71
PTHR14413	950.0	904.13	3537.03	297.62	234.45
PTHR22891	1954.0	1908.13	337.0	13.38	10.54
PTHR22893	1397.02	1351.15	345.98	19.43	15.31
PTHR10778	4853.0	4715.39	6863.29	313.55	246.99
PTHR10072	2478.0	2432.13	1646.82	51.26	40.38
PTHR12786	2468.0	2376.26	1212.0	74.89	58.99
PTHR11706	4379.0	4287.26	2485.8	86.51	68.14
PTHR12782	1285.0	1239.13	612.0	37.5	29.54
PTHR11742	7389.07	7205.59	2652.23	99.85	78.66
PTHR21213	2120.0	2074.13	2099.88	76.69	60.41
PTHR10182	1189.0	1143.13	623.81	41.45	32.65
PTHR13923	798.01	752.14	676.69	68.55	54.0
PTHR11210	674.0	628.13	1347.0	163.68	128.93
PTHR12321	2229.0	2137.26	3731.38	258.58	203.69
PTHR25040	3683.0	3545.39	2374.0	121.26	95.52
PTHR12323	2155.0	2017.39	402.0	44.58	35.11
PTHR10344	903.0	857.13	297.0	26.37	20.77
PTHR21015	1520.04	1474.17	1178.05	60.62	47.75
PTHR16196	1877.0	1785.26	467.35	38.99	30.71
PTHR16193	656.25	610.38	207.0	25.89	20.4
PTHR22792	4778.13	4686.39	5834.01	157.28	123.9
PTHR22790	2051.99	1960.24	321.0	26.97	21.25
PTHR21680	1126.0	1080.13	832.99	58.6	46.16
PTHR21689	3341.61	3249.87	1654.03	66.19	52.14
PTHR21113	2345.68	2253.94	711.0	47.77	37.63
PTHR21663	2362.0	2316.13	218.0	7.13	5.61
PTHR13253	13957.12	13452.54	10302.66	567.29	446.89
PTHR12446	6565.61	6382.13	3409.18	124.81	98.32
PTHR22603	1814.77	1723.03	605.98	44.82	35.31
PTHR21206	905.0	859.13	422.0	37.38	29.45
PTHR13789	13458.43	13091.47	8094.65	385.45	303.64
PTHR10071	14629.96	14217.13	11525.62	442.29	348.4
PTHR24188	12724.05	12311.33	1520.84	86.45	68.09
PTHR13780	9362.78	9133.43	9005.8	377.77	297.57
PTHR10670	4415.27	4323.53	1347.0	43.2	34.03
PTHR10677	4415.64	4278.03	638.02	33.14	26.11
PTHR13078	3085.0	2993.26	196.0	13.61	10.72
PTHR12815	4560.0	4468.26	4290.87	121.86	95.99
PTHR12814	1031.93	986.06	725.0	55.9	44.03
PTHR24361	8878.0	8557.02	4821.08	171.65	135.22
PTHR24362	11700.64	11333.75	7228.81	260.42	205.13
PTHR10416	1591.0	1545.13	521.0	25.57	20.14
PTHR10410	2653.0	2561.26	2194.06	132.22	104.16
PTHR10783	6438.93	6209.58	3047.0	169.23	133.31
PTHR10782	2452.0	2406.13	348.0	10.95	8.63
PTHR13476	774.0	728.13	385.0	40.3	31.74
PTHR10788	2773.0	2727.13	3409.03	94.61	74.53
PTHR10891	8075.85	7754.77	4987.1	283.15	223.04
PTHR10890	947.0	855.29	108.0	19.68	15.5
PTHR20426	2103.61	2057.74	1358.0	49.99	39.38
PTHR23213	4955.0	4817.39	1578.13	76.19	60.01
PTHR10520	8513.0	8329.52	5143.3	197.97	155.94
PTHR10250	2229.0	2137.26	1287.48	81.41	64.12
PTHR10527	6880.0	6788.26	6141.02	136.41	107.46
PTHR31384	1763.0	1717.13	477.0	21.06	16.59
PTHR10098	2033.5	1941.76	1704.0	111.0	87.43
PTHR10091	2677.0	2585.26	1550.02	89.8	70.75
PTHR31142	1580.0	1534.13	2199.49	108.73	85.65
PTHR31140	2845.0	2753.26	862.0	44.44	35.01
PTHR31412	3765.0	3673.26	1119.99	42.07	33.14
PTHR11787	5959.0	5821.39	2209.0	44.52	35.07
PTHR11785	14976.21	14655.12	7983.63	247.45	194.94
PTHR11782	2387.67	2295.94	1139.0	82.01	64.6
PTHR11780	1354.0	1216.44	229.0	39.42	31.05
PTHR32497	5034.46	4942.71	2879.85	82.47	64.96
PTHR32148	5701.0	5471.66	20356.81	2234.67	1760.3
PTHR23324	6612.07	6474.46	2605.46	100.88	79.47
PTHR23327	4700.05	4562.44	1329.72	64.53	50.83
PTHR23326	3043.0	2905.39	1559.63	136.3	107.37
PTHR23321	5205.0	5067.39	4016.72	179.97	141.76
PTHR23323	4762.88	4625.27	1216.01	61.12	48.14
PTHR23322	1359.13	1267.4	438.0	51.69	40.71
PTHR23329	4246.0	4108.39	1316.97	62.86	49.52
PTHR11236	4369.99	4278.25	1895.0	64.64	50.92
PTHR11364	1102.0	1056.13	633.0	45.55	35.88
PTHR20932	2759.0	2667.26	2063.0	106.25	83.7
PTHR10322	16931.59	16518.78	8667.03	237.47	187.04
PTHR11239	4544.0	4406.39	3076.93	142.3	112.09
PTHR10803	3827.0	3689.39	1401.0	78.48	61.82
PTHR31964	15974.21	15423.77	8999.04	644.04	507.31
PTHR10552	1743.8	1697.93	3308.13	147.69	116.34
PTHR23030	2420.0	2374.13	669.95	21.37	16.83
PTHR11129	3312.0	3220.26	1030.41	48.19	37.96
PTHR11122	6576.3	6392.82	4005.2	178.73	140.79
PTHR15316	2716.95	2579.34	1756.99	151.1	119.02
PTHR11127	549.0	503.13	15742.23	2394.21	1885.98
PTHR11125	3423.0	3377.13	1570.02	35.17	27.7
PTHR31566	2019.0	1973.13	847.0	32.52	25.62
PTHR31567	1674.64	1628.78	1349.0	62.79	49.46
PTHR31561	4938.35	4846.61	2262.53	64.93	51.15
PTHR15137	1859.17	1813.3	442.8	18.51	14.58
PTHR14950	6796.58	6658.98	1379.47	33.03	26.03
PTHR15954	3331.0	3193.39	464.99	31.83	25.08
PTHR15952	2837.0	2791.13	1120.96	30.4	23.94
PTHR21319	6461.0	6231.66	2735.67	154.59	121.77
PTHR30612	3003.62	2957.74	5197.01	132.96	104.73
PTHR19271	5236.42	5144.68	1142.89	40.39	31.82
PTHR19861	1033.0	987.13	258.0	19.87	15.65
PTHR12022	1734.0	1688.13	3727.06	167.37	131.84
PTHR12233	1471.0	1425.13	467.0	24.86	19.58
PTHR12029	8472.77	8197.54	5289.75	271.21	213.64
PTHR21220	1034.22	988.35	140.0	10.77	8.48
PTHR31221	1137.75	1091.88	1129.96	78.63	61.94
PTHR22780	3617.38	3571.51	2705.69	57.3	45.14
PTHR21477	1423.79	1377.92	1229.94	67.73	53.35
PTHR19308	5271.0	5179.26	5307.77	155.52	122.51
PTHR16301	1401.05	1309.31	284.08	32.47	25.58
PTHR13265	2157.0	2111.13	430.0	15.43	12.15
PTHR22870	22204.23	21424.52	9552.12	433.86	341.75
PTHR17630	1036.0	990.13	189.0	14.51	11.43
PTHR10064	627.0	581.13	35801.5	4706.09	3707.11
PTHR10060	3938.42	3800.8	928.0	52.15	41.09
PTHR10663	22769.6	22448.51	6904.14	141.91	111.8
PTHR10666	2669.22	2485.75	41468.94	4748.67	3740.66
PTHR10668	12458.69	12137.6	3142.1	124.43	98.01
PTHR12265	2191.94	2146.07	321.0	11.33	8.92
PTHR12801	8295.05	8065.75	3490.22	153.35	120.79
PTHR12802	7620.27	7390.92	12086.96	538.07	423.86
PTHR12805	857.0	811.13	123.0	11.55	9.1
PTHR12806	897.02	851.16	530.0	47.39	37.33
PTHR21506	3200.0	3108.26	805.0	36.35	28.64
PTHR21091	10638.94	10272.01	18431.39	912.93	719.13
PTHR21090	1529.0	1483.13	2624.05	134.2	105.71
PTHR13734	1740.0	1694.13	1066.0	47.7	37.57
PTHR24315	3392.0	3300.26	4436.69	299.28	235.76
PTHR24314	5936.08	5706.74	1576.43	87.57	68.97
PTHR11933	1627.99	1582.12	927.96	44.48	35.03
PTHR11932	7800.0	7662.39	6242.12	169.77	133.73
PTHR11934	3439.0	3347.26	3166.0	178.72	140.78
PTHR11937	5830.46	5646.98	11892.5	548.28	431.9
PTHR11938	13289.59	13060.24	36199.55	926.78	730.06
PTHR13683	3541.0	3495.13	2282.0	49.39	38.9
PTHR24089	34686.04	33355.81	38858.16	2005.47	1579.75
PTHR10796	7582.42	7444.81	4000.33	98.91	77.91
PTHR10794	4023.0	3885.39	707.0	42.82	33.74
PTHR10795	35987.91	35070.59	11754.83	357.96	281.99
PTHR10792	610.0	564.13	15024.03	2035.1	1603.1
PTHR10799	52450.11	50799.11	12844.81	589.39	464.3
PTHR10882	1144.33	1098.46	584.0	40.39	31.82
PTHR10887	24517.31	24058.61	10002.26	300.25	236.54
PTHR11686	2293.22	2247.35	552.0	18.6	14.65
PTHR11685	5742.38	5604.77	2455.97	111.34	87.71
PTHR11680	2002.51	1956.63	6334.34	245.28	193.21
PTHR24221	18130.03	17533.85	12445.26	502.93	396.18
PTHR24220	7617.05	7295.96	5283.3	360.15	283.71
PTHR24223	10893.11	10617.89	9167.23	181.15	142.7
PTHR11689	9178.0	9040.39	2518.97	60.77	47.87
PTHR10252	2228.0	2090.39	472.0	51.61	40.66
PTHR13124	1019.0	973.13	476.0	37.19	29.3
PTHR31173	4539.0	4447.26	3279.26	90.6	71.36
PTHR10997	12503.3	12319.81	4911.25	102.73	80.92
PTHR31385	3766.82	3629.21	2030.0	129.16	101.74
PTHR31356	7034.54	6851.05	10522.6	526.96	415.1
PTHR31724	3912.25	3728.79	1272.95	86.04	67.78
PTHR31352	3154.0	3062.26	2200.93	95.91	75.55
PTHR31350	9620.41	9299.31	6993.14	321.22	253.02
PTHR11758	654.0	608.13	20356.96	2555.83	2013.3
PTHR23333	1084.0	1038.13	981.98	71.89	56.63
PTHR11751	14639.28	14318.19	9362.71	328.5	258.76
PTHR11753	2846.0	2708.39	2941.36	244.86	192.88
PTHR11752	20927.27	20376.92	12649.69	306.35	241.32
PTHR24423	16091.0	15724.04	9243.8	332.25	261.71
PTHR11206	15549.0	15136.17	4161.0	172.17	135.61
PTHR11757	5571.0	5387.52	1314.0	52.43	41.3
PTHR24420	49481.73	48426.76	18895.83	590.36	465.06
PTHR10332	2931.72	2839.98	2031.0	89.93	70.83
PTHR32557	1872.0	1826.13	1811.87	75.19	59.23
PTHR14145	3180.43	3088.69	1491.0	75.72	59.64
PTHR20922	2508.33	2416.6	694.94	56.55	44.55
PTHR13600	2335.0	2243.26	315.0	26.36	20.76
PTHR15744	1684.17	1638.3	1049.0	48.54	38.24
PTHR23029	9662.27	9341.27	3531.17	165.88	130.67
PTHR23023	7168.85	6985.36	1707.04	62.86	49.51
PTHR12847	2240.0	2102.39	513.0	49.12	38.69
PTHR11119	8420.42	8236.94	3436.77	117.11	92.26
PTHR31595	9267.49	8900.6	1826.25	102.07	80.4
PTHR31596	4198.0	4106.26	2281.1	75.6	59.55
PTHR15948	1407.41	1361.54	208.0	11.59	9.13
PTHR32026	877.0	831.13	105.0	9.62	7.58
PTHR31829	1475.0	1429.13	2175.6	115.49	90.98
PTHR31419	2006.0	1914.26	177.0	13.48	10.62
PTHR14898	1260.37	1214.51	1011.0	63.19	49.78
PTHR19241	45883.06	44736.39	26774.77	896.47	706.15
PTHR14894	2116.5	2024.76	515.0	37.32	29.4
PTHR15239	1687.74	1641.87	388.0	17.92	14.11
PTHR12497	2619.48	2527.74	504.0	24.88	19.59
PTHR12304	1333.0	1287.13	184.0	10.85	8.55
PTHR30540	4303.02	4257.15	549.0	9.75	7.68
PTHR30544	4589.8	4498.05	1437.97	55.74	43.9
PTHR13302	2546.0	2500.13	817.0	24.74	19.49
PTHR12472	1409.0	1317.26	181.0	21.82	17.19
PTHR13308	6689.25	6505.78	7666.1	282.9	222.86
PTHR12477	3987.47	3895.73	1374.22	54.57	42.98
PTHR13878	1980.42	1934.55	654.0	25.61	20.18
PTHR21461	3923.0	3785.39	1164.0	68.18	53.71
PTHR13872	528.0	482.13	19067.09	3027.85	2385.12
PTHR22849	9900.46	9671.11	4268.99	106.22	83.68
PTHR21314	2202.0	2110.26	433.86	31.34	24.69
PTHR13271	21395.26	20707.23	8702.01	447.0	352.12
PTHR22841	5354.0	5170.52	2068.17	108.2	85.24
PTHR13273	1137.0	1091.13	621.96	43.31	34.12
PTHR22847	27910.78	26947.86	11056.56	569.34	448.48
PTHR22846	2261.0	2215.13	978.0	33.44	26.34
PTHR22844	20056.36	19414.17	9032.53	404.4	318.55
PTHR23270	1319.0	1273.13	402.0	23.97	18.88
PTHR11601	7766.0	7582.52	3837.53	145.27	114.43
PTHR21266	4183.0	3999.52	3540.23	227.67	179.33
PTHR12271	6887.74	6750.13	5798.49	195.01	153.62
PTHR21262	3703.0	3657.13	2531.0	52.35	41.23
PTHR12276	2374.88	2237.27	899.01	76.0	59.87
PTHR10657	1777.0	1685.26	1243.3	130.41	102.72
PTHR10655	4781.07	4643.46	3857.45	147.57	116.25
PTHR10652	2136.52	2044.78	1144.0	81.48	64.19
PTHR17972	4494.0	4448.13	1677.96	28.52	22.47
PTHR10751	5649.0	5511.39	1670.78	54.12	42.63
PTHR21085	1517.0	1471.13	1712.0	88.27	69.54
PTHR11922	5044.64	4815.45	2191.0	162.48	128.0
PTHR11926	3108.48	2970.87	817.03	56.86	44.79
PTHR11431	1250.13	1204.26	7038.72	443.82	349.61
PTHR10430	2560.0	2422.39	1862.03	186.53	146.94
PTHR10436	8886.85	8565.76	3983.02	161.48	127.21
PTHR10434	2546.0	2454.26	1012.0	62.21	49.01
PTHR24096	6418.87	6235.39	16817.03	642.7	506.26
PTHR13693	5793.88	5656.27	3075.05	116.81	92.01
PTHR13691	3295.0	3157.39	32713.07	2298.64	1810.71
PTHR13451	6530.14	6346.66	1161.6	45.99	36.22
PTHR13452	1024.0	978.13	511.0	39.72	31.29
PTHR10759	530.0	484.13	11651.56	1842.52	1451.41
PTHR12901	1851.0	1805.13	623.0	26.16	20.6
PTHR12903	2749.92	2704.05	3955.97	110.73	87.22
PTHR23237	1005.0	959.13	3077.39	243.99	192.2
PTHR10501	1536.25	1444.51	786.0	82.5	64.99
PTHR31169	6285.13	6055.78	5659.09	372.44	293.37
PTHR11426	1397.0	1305.26	151.94	21.35	16.82
PTHR14087	3340.0	3248.26	878.0	27.23	21.45
PTHR23309	3724.0	3632.26	4960.58	161.42	127.15
PTHR31344	3153.55	3107.68	4038.99	98.33	77.46
PTHR31619	2033.0	1987.13	4287.0	163.44	128.75
PTHR23306	1772.0	1680.26	395.0	35.97	28.33
PTHR23305	2996.0	2858.45	8067.9	467.6	368.34
PTHR14089	1137.0	1091.13	141.0	9.82	7.73
PTHR11748	5796.17	5566.84	2019.87	107.23	84.46
PTHR11214	4936.0	4798.39	2817.6	135.43	106.69
PTHR11216	3419.0	3281.39	698.08	41.99	33.07
PTHR14154	3566.42	3337.07	1334.0	137.67	108.45
PTHR14155	4871.31	4779.57	3201.84	83.37	65.67
PTHR14152	566.0	520.13	192.0	28.23	22.24
PTHR11699	11742.61	11375.65	21974.33	917.65	722.86
PTHR11692	2300.0	2254.13	2750.0	92.39	72.78
PTHR11693	1554.0	1508.13	11591.08	582.93	459.19
PTHR11695	12367.84	11955.02	6608.5	330.7	260.49
PTHR31760	490.0	444.13	149.0	25.71	20.26
PTHR31906	11041.94	10629.1	3810.88	293.28	231.03
PTHR21419	2246.0	2200.13	841.0	28.95	22.8
PTHR23012	9004.48	8683.39	3827.24	218.46	172.09
PTHR11101	7370.36	7003.41	4986.59	394.01	310.38
PTHR11102	6102.08	5964.47	2022.13	99.79	78.61
PTHR11106	766.09	720.22	157.0	16.62	13.09
PTHR31585	1439.61	1393.74	775.0	42.19	33.23
PTHR32125	1927.0	1835.26	886.46	82.51	65.0
PTHR31588	3973.0	3881.26	1740.0	69.85	55.02
PTHR32120	1371.0	1325.13	460.0	26.35	20.75
PTHR15680	1853.0	1761.26	414.99	36.97	29.12
PTHR11804	6484.15	6300.67	3310.22	109.93	86.59
PTHR11374	1705.0	1659.13	16669.58	761.71	600.02
PTHR10281	950.0	904.13	166.0	13.97	11.0
PTHR18895	553.0	507.13	158.0	23.84	18.78
PTHR12169	4001.29	3909.55	2491.92	104.47	82.3
PTHR12486	1540.14	1448.4	116.87	12.19	9.6
PTHR12480	3672.27	3534.66	548.08	34.55	27.21
PTHR12482	1364.38	1272.64	528.0	58.27	45.9
PTHR12317	2483.0	2391.26	1175.09	64.61	50.9
PTHR12649	1238.22	1192.34	616.99	39.3	30.95
PTHR10099	4517.0	4471.13	6661.47	112.65	88.74
PTHR13992	2800.0	2754.13	959.0	26.35	20.76
PTHR12461	7493.28	7263.93	3714.6	174.6	137.54
PTHR12466	931.0	885.13	383.0	32.92	25.94
PTHR13847	12685.66	12272.84	5665.56	294.71	232.15
PTHR32251	4866.56	4728.95	4685.17	201.23	158.52
PTHR26312	3445.0	3307.39	1428.0	81.99	64.58
PTHR12000	1527.0	1481.13	934.99	47.88	37.72
PTHR12001	3620.72	3528.98	5246.07	251.19	197.86
PTHR21327	3918.21	3826.47	3541.96	141.56	111.51
PTHR21631	3764.72	3672.98	17935.96	734.15	578.32
PTHR22854	5371.08	5233.46	3036.94	143.33	112.91
PTHR22855	6506.21	6322.73	6969.95	313.03	246.57
PTHR22850	12332.63	11965.67	8542.87	461.5	363.54
PTHR22504	2021.0	1975.13	4619.03	177.18	139.57
PTHR12189	1143.66	1097.79	237.07	16.41	12.92
PTHR21256	3592.56	3500.82	3891.85	154.0	121.31
PTHR12266	2971.0	2879.26	1034.0	57.15	45.02
PTHR10648	4132.15	4040.41	2348.75	88.28	69.54
PTHR10641	13163.24	12888.02	9032.33	256.7	202.21
PTHR10644	13436.29	13161.07	10912.49	280.26	220.76
PTHR12864	3905.14	3721.66	1425.0	106.07	83.56
PTHR12860	2905.0	2859.13	1747.0	46.24	36.42
PTHR13194	750.0	704.13	126.0	13.64	10.75
PTHR13190	1113.81	1067.94	724.0	51.51	40.58
PTHR13193	501.0	455.13	177.06	29.81	23.48
PTHR11913	684.0	638.13	429.0	51.3	40.41
PTHR11911	7473.64	7290.16	29297.9	1227.48	966.93
PTHR11910	1133.0	1087.13	7304.05	510.49	402.13
PTHR11918	6725.27	6495.96	2559.04	119.33	93.99
PTHR12919	779.0	733.13	3560.89	370.16	291.59
PTHR12910	1695.0	1603.26	1960.81	177.21	139.59
PTHR12917	6226.55	6043.06	1585.5	77.35	60.93
PTHR11351	2070.0	2024.13	3548.82	132.82	104.62
PTHR11353	10812.0	10445.04	11324.0	672.16	529.5
PTHR11599	13611.0	13014.69	13144.78	989.58	779.53
PTHR10516	12354.78	11850.21	5259.14	451.07	355.32
PTHR11592	5164.71	4935.37	5196.91	372.49	293.42
PTHR31620	1587.0	1541.13	8326.24	409.73	322.76
PTHR23315	9025.31	8704.22	2870.97	127.99	100.82
PTHR23316	2252.0	2206.13	3990.0	136.97	107.9
PTHR11778	3103.0	3011.26	1849.85	91.32	71.93
PTHR11774	1201.0	1155.13	145.0	9.53	7.51
PTHR11773	3594.0	3548.13	2209.05	47.09	37.1
PTHR11772	6608.0	6378.65	7160.78	266.27	209.74
PTHR10357	18510.73	18097.9	16478.57	503.53	396.64
PTHR10353	1678.36	1632.49	748.0	34.74	27.37
PTHR10350	4408.0	4362.13	2189.03	37.94	29.89
PTHR10351	3258.84	3167.1	9420.27	695.35	547.74
PTHR10359	5493.74	5310.26	2115.04	106.79	84.11
PTHR31750	2121.0	2075.13	467.0	17.05	13.43
PTHR23418	1527.0	1481.13	1171.0	59.97	47.24
PTHR14189	1654.53	1608.66	1105.78	52.12	41.06
PTHR31245	1570.0	1524.13	1523.93	75.83	59.74
PTHR23001	2070.0	2024.13	2357.09	88.22	69.49
PTHR23002	2091.0	1999.26	262.96	18.25	14.38
PTHR30178	3510.56	3372.95	27347.75	2036.3	1604.04
PTHR22904	17424.03	16781.85	4613.39	249.23	196.3
PTHR11177	24565.53	23785.74	30045.62	1427.44	1124.43
PTHR11178	1500.0	1454.13	1047.0	54.62	43.03
PTHR14456	1212.63	1120.89	170.0	23.09	18.19
PTHR31808	1560.0	1514.13	613.0	30.71	24.19
PTHR31803	4213.0	4075.39	1812.0	66.99	52.77
PTHR11009	2033.24	1941.5	398.0	31.42	24.75
PTHR19229	16857.66	16628.31	4497.62	60.48	47.65
PTHR11005	3297.59	3205.86	1570.65	91.61	72.17
PTHR11006	4051.44	3959.7	1761.99	69.54	54.78
PTHR18640	1921.0	1875.13	824.0	33.3	26.23
PTHR18866	21075.07	20662.23	15407.14	475.98	374.95
PTHR15588	2726.0	2634.26	4797.77	205.05	161.53
PTHR12677	7160.0	6976.52	2777.84	122.32	96.36
PTHR19134	1829.06	1783.19	3759.21	159.78	125.86
PTHR19139	7150.44	6921.09	2671.39	139.16	109.62
PTHR30566	7097.87	6914.39	2452.27	99.0	77.99
PTHR12459	1900.0	1854.13	761.59	31.13	24.52
PTHR12456	2116.02	2024.28	268.0	19.87	15.65
PTHR22931	6971.0	6879.26	5590.19	106.83	84.15
PTHR19359	8665.93	8390.71	5142.46	288.15	226.98
PTHR12072	3112.0	3020.26	1130.0	49.88	39.29
PTHR13218	953.0	907.13	145.01	12.16	9.58
PTHR13215	1530.0	1438.26	206.0	21.04	16.58
PTHR13213	1585.21	1493.47	894.0	86.33	68.0
PTHR12290	1988.95	1943.08	531.0	20.71	16.31
PTHR21530	6359.0	6129.65	1754.86	104.34	82.19
PTHR12295	4144.0	4098.13	639.0	11.79	9.29
PTHR12298	6927.78	6698.43	3519.0	138.77	109.31
PTHR10638	3188.9	3143.03	5815.07	139.98	110.27
PTHR10634	1401.0	1355.13	1782.02	99.79	78.61
PTHR10631	2580.03	2488.29	774.96	42.45	33.44
PTHR10984	4139.0	4001.39	4321.07	253.91	200.02
PTHR13501	1768.0	1676.26	5781.51	578.41	455.64
PTHR13505	677.0	631.13	148.01	17.9	14.1
PTHR12850	449.0	403.13	35006.19	6665.19	5250.35
PTHR12856	678.0	632.13	89.0	10.75	8.46
PTHR12855	1721.0	1675.13	1570.0	71.05	55.97
PTHR12854	2813.54	2721.8	1319.0	64.52	50.82
PTHR13182	620.0	574.13	144.0	19.16	15.09
PTHR10855	1808.0	1762.13	1768.0	76.05	59.9
PTHR10743	971.0	925.13	404.0	33.22	26.17
PTHR10742	19375.59	18916.89	9288.59	351.85	277.16
PTHR10745	2340.0	2294.13	3576.06	118.04	92.98
PTHR10744	1577.0	1485.26	39718.29	3423.22	2696.55
PTHR10746	3470.79	3379.05	7266.86	458.35	361.06
PTHR12924	776.0	730.13	1661.0	173.38	136.58
PTHR23308	5954.06	5724.71	5028.19	431.97	340.27
PTHR11349	1622.0	1530.26	6857.75	718.85	566.26
PTHR10566	20583.8	20079.24	8850.94	324.86	255.92
PTHR11588	3030.0	2892.39	26656.09	1291.06	1017.0
PTHR10291	1100.0	1054.13	285.0	20.55	16.19
PTHR11584	8063.91	7880.43	2497.46	122.45	96.45
PTHR11586	1043.0	997.13	294.99	22.49	17.72
PTHR11909	6578.15	6394.67	11940.13	438.41	345.35
PTHR24320	11652.33	11285.36	2931.0	148.26	116.8
PTHR24322	20080.5	19346.58	12004.27	700.67	551.95
PTHR11907	2177.0	2131.13	2076.0	73.78	58.12
PTHR11760	1467.0	1375.26	42398.04	4078.09	3212.42
PTHR11761	1784.0	1692.26	23462.38	2939.14	2315.25
PTHR11766	1920.0	1828.26	779.0	65.86	51.89
PTHR11767	6220.89	6037.43	1650.44	67.82	53.43
PTHR10361	4848.24	4710.63	866.0	42.72	33.65
PTHR10366	14720.17	14169.75	46726.32	2557.78	2014.82
PTHR10169	3361.0	3315.13	1519.11	34.67	27.31
PTHR10168	5569.54	5340.21	3962.01	190.89	150.37
PTHR20973	1986.0	1940.13	457.0	17.85	14.06
PTHR10165	1540.0	1494.13	453.89	23.04	18.15
PTHR31032	3027.0	2935.26	7039.98	360.45	283.94
PTHR23257	141275.09	137330.67	95170.51	3683.86	2901.98
PTHR23253	2218.0	2172.13	354.0	12.34	9.72
PTHR14190	2516.0	2470.13	728.0	22.31	17.58
PTHR14194	9660.44	9293.48	9722.01	591.84	466.23
PTHR31251	28441.84	27386.85	8103.12	499.68	393.64
PTHR23074	16057.93	15553.37	6545.76	379.75	299.13
PTHR23077	11372.16	10730.1	3113.22	273.17	215.2
PTHR23076	16653.42	16011.27	11720.8	660.09	519.99
PTHR12561	1517.0	1471.13	377.02	19.44	15.31
PTHR23073	7550.71	7183.76	10777.81	969.51	763.71
PTHR10293	3999.52	3816.04	2331.17	193.14	152.14
PTHR23078	1748.0	1656.26	737.0	67.7	53.33
PTHR11165	2277.0	2185.26	4829.22	335.07	263.95
PTHR10772	3715.61	3578.0	7559.56	484.14	381.37
PTHR32100	5352.0	5214.39	12435.37	599.23	472.03
PTHR14445	2181.0	2089.26	760.0	55.35	43.61
PTHR31811	2339.68	2247.94	283.0	17.18	13.53
PTHR23102	4117.31	3979.7	1929.95	99.28	78.21
PTHR23105	6012.05	5736.83	68699.44	5059.83	3985.76
PTHR11010	8452.29	8268.81	5572.38	204.55	161.14
PTHR11014	6067.12	5883.65	1527.98	63.41	49.95
PTHR12668	3919.0	3827.26	3993.9	140.25	110.48
PTHR12661	3303.0	3257.13	2464.06	57.23	45.08
PTHR12663	4212.93	4167.06	2233.58	40.53	31.93
PTHR12664	1367.64	1321.76	2258.96	129.71	102.17
PTHR16166	33495.63	33036.93	8393.1	186.8	147.15
PTHR12111	867.0	821.13	585.0	54.24	42.73
PTHR12447	602.0	556.13	30.0	4.12	3.25
PTHR15481	778.0	732.13	76.0	7.91	6.23
PTHR26379	2088.0	1996.26	2225.93	152.92	120.46
PTHR12599	1259.0	1213.13	1264.0	79.12	62.32
PTHR12596	3743.0	3697.13	1355.02	27.72	21.84
PTHR12590	896.32	850.45	347.99	31.14	24.53
PTHR12066	4367.56	4184.08	567.0	39.26	30.92
PTHR12064	3924.0	3786.39	1887.0	85.05	66.99
PTHR13226	1695.49	1603.75	317.0	28.16	22.19
PTHR13889	2988.0	2942.13	3061.99	78.75	62.04
PTHR13887	1074.0	1028.13	102.0	7.54	5.94
PTHR21181	670.0	624.13	385.0	47.08	37.09
PTHR12412	2566.0	2520.13	916.0	27.52	21.68
PTHR13948	2241.47	2149.73	524.0	37.73	29.73
PTHR12146	1020.0	928.35	15655.38	1782.29	1403.95
PTHR10458	3066.0	2974.26	2183.0	118.79	93.57
PTHR19306	9228.86	9091.25	2836.84	73.6	57.98
PTHR12280	5021.26	4883.64	4252.14	169.23	133.31
PTHR11451	7282.84	7099.36	10283.82	354.64	279.35
PTHR12286	3185.84	3094.1	815.0	32.89	25.9
PTHR12415	5457.58	5274.11	537.02	26.76	21.08
PTHR30573	2341.0	2295.13	696.01	22.96	18.09
PTHR22983	1153.0	1107.13	256.0	17.57	13.84
PTHR22981	1255.0	1209.13	588.0	36.93	29.09
PTHR10947	2702.0	2610.27	1442.0	74.09	58.37
PTHR30191	2421.41	2375.54	3492.66	111.32	87.69
PTHR13082	761.0	715.13	274.0	29.21	23.01
PTHR10629	3752.0	3614.39	397.0	24.75	19.49
PTHR10994	13141.69	12774.73	4866.96	224.17	176.58
PTHR10996	7798.44	7523.22	5155.99	191.92	151.19
PTHR10625	11474.36	11015.67	6511.88	313.78	247.18
PTHR10992	38490.75	37252.26	14978.69	778.26	613.04
PTHR10993	1797.0	1705.26	414.0	43.9	34.58
PTHR17695	4653.16	4515.55	1638.07	78.2	61.59
PTHR12848	2610.0	2518.26	542.03	32.72	25.77
PTHR12849	1895.0	1803.26	297.0	25.06	19.74
PTHR21712	1078.55	1032.68	135.0	9.94	7.83
PTHR21294	1664.57	1618.7	1291.0	60.46	47.63
PTHR12841	938.0	892.13	109.0	9.3	7.32
PTHR21290	3992.0	3808.52	1106.0	84.58	66.63
PTHR21349	1582.0	1490.26	4486.9	491.37	387.07
PTHR21347	2005.43	1959.56	1291.0	49.91	39.32
PTHR21343	341.0	295.17	10.0	2.61	2.06
PTHR10196	7098.99	6915.5	1814.0	80.45	63.37
PTHR10192	3011.0	2919.26	5353.08	204.07	160.75
PTHR10755	1246.07	1200.2	10983.71	694.9	547.39
PTHR10758	3153.83	3062.1	4811.79	274.35	216.11
PTHR13152	832.5	786.63	100.0	9.68	7.63
PTHR12932	6496.76	6313.31	7324.16	277.97	218.96
PTHR12934	1962.0	1870.26	4334.57	358.13	282.11
PTHR10288	11740.95	11465.73	19239.36	732.03	576.65
PTHR11800	1409.0	1363.13	1014.26	56.46	44.48
PTHR11802	14415.38	14094.28	15484.64	532.8	419.71
PTHR11807	2218.05	2126.31	587.0	40.98	32.29
PTHR11808	9332.0	9056.78	5459.92	214.53	169.0
PTHR10283	10897.75	10668.4	6765.82	225.44	177.58
PTHR10285	7781.25	7551.91	22603.35	979.51	771.59
PTHR10286	986.02	940.15	3496.0	282.82	222.78
PTHR11579	3044.95	2953.21	1479.0	74.52	58.71
PTHR13718	2679.0	2587.26	26844.88	1987.62	1565.7
PTHR13711	6479.0	6203.78	18208.89	2140.29	1685.97
PTHR13710	13582.7	13124.17	2658.55	109.61	86.33
PTHR11977	1455.05	1409.18	2482.72	133.67	105.29
PTHR11972	5707.23	5615.48	11177.25	264.42	208.29
PTHR31480	1230.0	1184.13	1577.99	101.2	79.72
PTHR31485	10959.97	10547.14	3827.0	218.51	172.13
PTHR11715	984.0	938.13	4092.99	331.83	261.39
PTHR11717	2188.13	2096.39	447.93	25.84	20.36
PTHR11711	9204.34	8883.25	13398.51	1064.62	838.65
PTHR11712	37157.13	35506.65	7510.01	231.72	182.55
PTHR10374	4261.23	4123.61	6876.9	260.15	204.92
PTHR10178	2987.91	2896.17	7907.08	461.78	363.76
PTHR11482	12061.24	11877.76	14842.41	405.45	319.38
PTHR10173	4739.78	4556.3	4024.87	239.42	188.6
PTHR10177	7492.46	7308.97	20957.86	868.75	684.34
PTHR10174	6302.51	6073.16	4110.54	253.78	199.92
PTHR23249	2131.89	2040.15	583.04	43.84	34.54
PTHR23244	13178.06	12765.23	4403.0	234.4	184.65
PTHR23245	465.56	419.71	200.0	36.55	28.79
PTHR23240	2095.09	2003.35	425.02	29.46	23.21
PTHR14614	12890.4	12477.57	1789.12	93.17	73.37
PTHR31268	2350.0	2258.27	1467.52	58.67	46.22
PTHR31262	1992.09	1854.51	117630.32	9767.74	7694.31
PTHR23063	2121.76	2030.02	859.19	71.67	56.46
PTHR11620	700.0	654.13	15121.61	1763.68	1389.3
PTHR11624	4458.0	4366.26	5022.99	230.21	181.34
PTHR11627	5090.58	4907.1	24609.65	1202.94	947.58
PTHR11390	4109.13	4017.38	1820.01	85.75	67.55
PTHR31319	4338.0	4246.26	7699.22	274.16	215.96
PTHR14052	1405.95	1360.08	879.0	49.04	38.63
PTHR32118	2364.0	2318.13	9619.08	314.21	247.51
PTHR23117	1820.39	1774.52	5512.27	235.44	185.46
PTHR23115	47985.42	46930.41	151222.68	6180.5	4868.52
PTHR11028	1556.0	1510.13	1466.17	73.64	58.01
PTHR11024	6904.0	6766.39	2604.09	94.81	74.7
PTHR10066	6618.56	6343.34	1063.0	65.29	51.45
PTHR11777	3213.0	3167.13	4364.0	104.25	82.12
PTHR12616	2001.0	1955.13	731.0	28.33	22.31
PTHR12613	2775.0	2729.13	1209.27	33.54	26.42
PTHR12612	688.0	642.13	646.0	76.77	60.47
PTHR32060	3859.0	3767.26	2404.0	84.04	66.2
PTHR12126	3156.0	3064.26	4104.98	197.34	155.45
PTHR12436	7089.74	6906.26	2862.94	119.42	94.07
PTHR22734	1395.0	1349.13	579.0	32.57	25.65
PTHR12121	2209.0	2117.26	650.0	45.9	36.16
PTHR12438	1610.02	1564.14	308.0	14.93	11.76
PTHR15492	1834.0	1788.13	646.0	27.38	21.57
PTHR21426	2140.0	2094.13	217.0	7.85	6.18
PTHR21427	1217.0	1171.13	222.0	14.4	11.34
PTHR19372	1995.0	1949.13	1526.0	59.32	46.73
PTHR19370	7515.25	7285.9	12386.0	420.37	331.14
PTHR19376	16955.72	16634.63	7237.39	178.26	140.44
PTHR19375	6673.64	6398.42	4167.45	325.76	256.6
PTHR12725	2372.25	2280.51	1221.01	69.83	55.0
PTHR22884	12633.12	12403.77	5114.97	121.2	95.47
PTHR22880	9103.08	8781.99	5960.3	280.15	220.68
PTHR12542	2365.0	2319.13	197.0	6.43	5.07
PTHR12547	2022.0	1930.26	1928.65	102.16	80.48
PTHR12124	4513.27	4375.66	755.0	41.08	32.37
PTHR10114	516.0	470.13	19960.98	3251.8	2561.53
PTHR21512	2591.0	2545.13	328.0	9.76	7.68
PTHR30508	2042.0	1996.13	4011.0	152.23	119.91
PTHR30502	1114.52	1068.64	474.0	33.71	26.55
PTHR10961	2122.86	2031.12	3881.0	242.86	191.3
PTHR10617	8731.47	8456.24	31132.82	1439.46	1133.9
PTHR10615	2320.42	2228.68	2414.97	150.51	118.56
PTHR13527	4648.77	4602.9	5254.1	86.3	67.98
PTHR22958	6833.76	6696.15	10778.84	312.38	246.07
PTHR14534	2035.0	1989.13	528.0	20.11	15.84
PTHR22951	2380.0	2334.13	702.39	22.79	17.95
PTHR22950	47392.4	46291.47	28997.18	906.44	714.01
PTHR22953	9501.36	9272.01	5757.78	221.94	174.83
PTHR22952	5908.92	5679.57	2907.0	180.33	142.06
PTHR22957	11723.56	11356.62	4100.76	212.6	167.45
PTHR21600	1293.0	1247.13	739.0	44.99	35.44
PTHR24056	14290.35	13877.54	13755.85	375.09	295.46
PTHR24054	1577.0	1531.13	1953.94	96.78	76.24
PTHR24055	11309.11	10988.01	13036.06	714.64	562.96
PTHR24058	4489.0	4305.52	2601.07	169.66	133.64
PTHR10766	3137.0	2999.39	3352.47	252.99	199.28
PTHR10762	3370.1	3232.49	624.0	43.72	34.43
PTHR30031	5806.0	5622.54	11584.74	354.1	278.93
PTHR12945	1366.0	1320.13	489.02	28.11	22.15
PTHR12944	2568.0	2522.13	342.0	10.27	8.09
PTHR24128	5688.5	5550.89	8735.27	298.63	235.25
PTHR12858	4274.96	4091.48	1029.0	81.07	63.87
PTHR32228	1105.05	1059.18	146.0	10.47	8.25
PTHR13096	3712.0	3620.26	981.0	41.21	32.46
PTHR11365	5494.58	5127.67	436.0	37.88	29.82
PTHR11361	18774.45	18086.49	4205.7	131.34	103.44
PTHR11814	20769.48	20402.53	15264.73	288.36	227.13
PTHR11363	1403.0	1357.13	44000.65	2460.33	1938.07
PTHR10543	8036.1	7852.62	2375.0	87.46	68.89
PTHR10540	2472.0	2380.26	2728.13	174.2	137.22
PTHR11562	6581.49	6398.01	8170.31	323.14	254.55
PTHR11566	16677.0	16355.91	18536.41	518.4	408.37
PTHR11567	2524.0	2432.26	1428.03	99.6	78.46
PTHR11564	6329.0	6191.39	4139.66	152.23	119.91
PTHR11962	2967.76	2876.02	1521.23	80.55	63.45
PTHR11963	1780.0	1734.13	1085.0	47.43	37.36
PTHR10381	7161.0	6794.04	16425.01	1391.65	1096.25
PTHR10383	2942.0	2850.26	1703.97	90.84	71.56
PTHR11705	1919.89	1828.15	627.0	44.23	34.84
PTHR11702	10251.0	10021.65	7905.22	242.3	190.87
PTHR11700	1446.0	1354.26	32605.16	4253.49	3350.59
PTHR10388	922.0	876.13	3156.02	274.12	215.93
PTHR11709	11323.59	11048.37	6759.49	242.24	190.83
PTHR10145	5912.0	5866.13	2416.87	31.14	24.53
PTHR23273	2704.0	2612.26	4335.97	165.63	130.47
PTHR12050	3464.02	3418.15	1454.0	32.18	25.35
PTHR24305	907.29	861.42	131.0	11.57	9.12
PTHR23050	2427.0	2289.39	7976.03	749.64	590.51
PTHR23056	2353.0	2261.26	1598.0	107.26	84.5
PTHR23054	1819.0	1773.13	410.0	17.53	13.81
PTHR11638	10169.68	9894.46	31511.19	921.23	725.67
PTHR23291	2941.04	2849.3	1332.11	75.17	59.21
PTHR23293	4665.88	4528.27	5003.93	226.5	178.43
PTHR11141	3077.0	3031.13	1562.0	38.99	30.72
PTHR11142	5413.79	5276.18	1118.23	48.64	38.31
PTHR11143	905.0	859.13	34265.6	3035.5	2391.14
PTHR22748	5215.94	5032.46	1067.0	64.53	50.83
PTHR11380	968.0	922.13	1248.0	102.95	81.09
PTHR11384	2561.0	2469.26	596.0	37.23	29.33
PTHR32477	2209.0	2163.13	177.0	6.2	4.88
PTHR14043	1964.0	1872.26	367.0	29.89	23.54
PTHR32472	3303.88	3258.01	1277.0	29.65	23.36
PTHR31658	3477.0	3431.13	1177.0	25.95	20.44
PTHR13890	8197.64	8014.23	3875.71	142.98	112.63
PTHR14269	4157.54	3974.06	2337.38	132.22	104.15
PTHR22883	9746.13	9425.04	2674.94	138.91	109.43
PTHR23125	53153.38	51685.68	15686.77	665.33	524.11
PTHR19879	2398.0	2352.13	753.0	24.24	19.09
PTHR22881	3382.0	3290.26	1616.0	68.74	54.15
PTHR14136	2972.0	2834.39	2803.61	231.29	182.2
PTHR19876	6995.0	6903.26	5397.0	118.9	93.66
PTHR12608	4990.27	4806.79	3653.59	204.61	161.18
PTHR12604	2268.0	2222.13	211.0	7.19	5.66
PTHR12603	2815.0	2723.26	1350.0	76.07	59.92
PTHR32091	2760.19	2668.45	6299.59	359.51	283.2
PTHR32098	4375.82	4192.33	739.0	53.81	42.39
PTHR18763	1639.0	1547.26	450.0	44.05	34.7
PTHR22726	2309.49	2217.75	360.0	19.74	15.55
PTHR22727	19368.04	18863.56	5137.32	216.3	170.37
PTHR12428	3459.83	3368.09	4970.24	210.73	166.0
PTHR18968	8207.55	7978.21	3239.02	126.15	99.37
PTHR12730	3614.0	3522.26	1501.0	64.26	50.62
PTHR12506	827.0	781.13	81.0	7.9	6.22
PTHR12735	1840.0	1748.26	1034.0	89.8	70.73
PTHR15020	3832.0	3740.26	5605.05	313.41	246.88
PTHR12558	2697.16	2605.42	564.0	29.46	23.2
PTHR12553	1670.0	1578.26	265.0	21.35	16.81
PTHR12049	2317.02	2225.28	273.0	17.45	13.75
PTHR10497	933.0	841.28	22698.38	3351.08	2639.74
PTHR24073	4660.55	4431.2	4934.02	394.52	310.78
PTHR21569	702.0	656.13	23467.29	2728.64	2149.42
PTHR21567	1313.0	1267.13	1389.1	83.22	65.55
PTHR13950	1190.0	1144.13	428.0	28.41	22.38
PTHR12133	1601.1	1555.23	165.0	8.05	6.34
PTHR10972	6452.09	6314.47	2710.97	114.08	89.87
PTHR10606	4067.67	4021.8	3055.96	57.46	45.26
PTHR10971	1329.0	1283.13	550.0	32.54	25.63
PTHR13743	7955.0	7771.52	794.94	36.2	28.51
PTHR12302	3704.0	3658.13	2684.82	55.51	43.73
PTHR22942	9989.77	9531.15	3622.94	181.92	143.32
PTHR13395	2558.0	2466.26	816.0	50.42	39.72
PTHR13803	5856.93	5719.37	2334.58	58.91	46.4
PTHR21368	1246.0	1154.27	4966.32	488.37	384.71
PTHR24067	17037.83	16349.78	17769.54	1208.0	951.57
PTHR24064	12585.01	12263.92	7256.67	262.84	207.04
PTHR24063	28495.82	27670.35	15874.81	561.51	442.32
PTHR21011	1531.0	1439.26	3123.74	285.67	225.02
PTHR10774	14608.92	14150.25	3966.0	182.42	143.72
PTHR24068	3025.0	2887.39	1776.98	188.08	148.16
PTHR19980	2076.0	1984.26	252.67	19.77	15.57
PTHR12959	3627.87	3536.13	450.87	20.93	16.48
PTHR24115	30550.72	29633.37	26203.71	849.17	668.92
PTHR11825	9390.93	9069.84	4925.0	229.23	180.56
PTHR10809	1619.0	1527.26	1880.1	156.13	122.99
PTHR11822	1701.0	1655.13	3481.43	159.47	125.62
PTHR10555	4430.13	4338.39	6345.17	189.77	149.48
PTHR10806	859.0	813.13	820.0	76.79	60.49
PTHR10804	9513.62	9284.26	13309.63	663.99	523.04
PTHR11556	3811.0	3673.4	16807.14	816.33	643.05
PTHR11558	1457.0	1411.13	603.0	32.42	25.54
PTHR13773	3422.6	3330.86	1727.06	79.58	62.69
PTHR10537	1353.95	1308.08	723.98	42.01	33.09
PTHR11953	2119.0	2027.26	707.0	52.36	41.25
PTHR11952	1761.0	1669.26	1275.59	116.43	91.72
PTHR11956	2198.0	2152.13	2473.0	87.03	68.56
PTHR11959	4169.69	4123.82	2934.89	53.82	42.39
PTHR11739	1945.94	1900.07	3783.02	150.86	118.84
PTHR11732	18000.22	17403.96	6400.68	342.69	269.95
PTHR11731	7573.24	7435.63	2534.95	78.94	62.18
PTHR11730	3423.42	3285.82	1146.0	83.86	66.05
PTHR11735	2996.62	2859.01	732.0	50.59	39.86
PTHR10394	790.0	744.13	30945.4	3168.85	2496.19
PTHR20941	2181.5	2089.77	878.1	68.48	53.94
PTHR10150	2443.12	2351.43	479.0	30.32	23.89
PTHR31065	3029.88	2938.14	2939.0	139.7	110.05
PTHR10159	8099.0	7869.65	6137.44	286.78	225.9
PTHR31066	1295.0	1249.13	522.0	31.73	24.99
PTHR13604	1022.0	930.26	70.0	11.69	9.22
PTHR23264	3562.14	3424.52	1661.0	103.01	81.14
PTHR23269	2111.0	2065.13	742.0	27.22	21.44
PTHR31204	1720.0	1674.13	924.0	41.84	32.96
PTHR31201	1685.0	1639.13	1228.16	56.81	44.75
PTHR31209	1301.0	1255.13	162.0	9.8	7.72
PTHR11607	3948.0	3856.26	915.0	36.99	29.15
PTHR11606	4798.96	4661.34	3454.97	140.64	110.79
PTHR23284	1572.96	1527.09	469.0	23.29	18.35
PTHR24316	4355.0	4217.39	9388.13	490.66	386.5
PTHR32467	10340.08	9881.41	2866.26	163.85	129.06
PTHR14255	6597.0	6367.65	1519.0	91.7	72.25
PTHR31840	821.91	776.05	82.0	8.05	6.34
PTHR23130	4459.0	4367.26	2993.0	79.0	62.23
PTHR23133	1077.0	1031.13	876.0	64.57	50.87
PTHR23135	1710.1	1664.23	1811.0	82.49	64.98
PTHR23138	2479.0	2387.26	2712.0	203.52	160.32
PTHR23139	8576.45	8301.22	10503.68	521.47	410.77
PTHR31682	1259.0	1213.13	3070.03	192.16	151.37
PTHR11040	2671.0	2533.39	1011.37	93.35	73.53
PTHR11043	835.0	789.13	781.03	75.38	59.38
PTHR11042	6749.34	6565.86	3589.01	155.55	122.52
PTHR11048	13198.57	12923.35	8180.64	295.17	232.5
PTHR15818	1985.0	1939.13	638.01	24.93	19.64
PTHR12636	1194.0	1148.13	638.15	42.22	33.26
PTHR31606	1282.0	1236.13	398.0	24.45	19.26
PTHR14490	2727.77	2590.16	1798.0	97.86	77.08
PTHR14493	9614.68	9339.46	11074.91	467.48	368.23
PTHR15651	2177.0	2131.13	483.29	17.18	13.53
PTHR12380	3363.0	3225.39	4151.79	269.4	212.21
PTHR12385	2845.0	2753.26	3500.93	153.91	121.23
PTHR12706	15123.36	14802.27	3817.0	88.46	69.69
PTHR12709	1987.67	1895.93	1178.22	97.3	76.65
PTHR19957	6516.4	6332.93	3798.14	188.55	148.52
PTHR30239	1763.0	1717.13	2720.0	120.07	94.59
PTHR12560	3392.0	3300.26	3416.58	166.93	131.49
PTHR11203	5059.77	4922.17	2395.99	92.37	72.76
PTHR12770	5962.85	5733.53	893.0	64.87	51.09
PTHR12097	7251.0	7159.26	8434.79	185.45	146.09
PTHR19842	2635.0	2589.13	1144.0	33.45	26.35
PTHR11200	8092.65	8000.91	3823.01	70.17	55.28
PTHR21576	1400.51	1308.78	113.0	11.3	8.9
PTHR24193	12502.75	11998.18	6653.44	394.62	310.84
PTHR12419	5091.3	4861.95	2827.28	211.63	166.71
PTHR23338	3031.0	2893.39	2710.27	241.89	190.55
PTHR30525	1631.0	1585.13	2057.0	98.4	77.51
PTHR12413	2004.1	1912.36	336.0	25.94	20.43
PTHR12411	14843.88	14155.88	11674.81	493.89	389.04
PTHR23339	3753.37	3661.63	2035.0	97.21	76.58
PTHR21717	5427.26	5289.65	2897.08	88.33	69.57
PTHR10943	3910.0	3818.26	2861.07	100.81	79.4
PTHR12897	3002.0	2956.13	1205.0	30.85	24.3
PTHR12894	6310.0	5988.93	554.0	52.69	41.49
PTHR12891	1205.0	1159.13	143.0	9.37	7.38
PTHR22976	4671.0	4487.55	5522.02	225.69	177.77
PTHR22975	2817.01	2679.5	825.95	52.6	41.43
PTHR22970	2668.0	2622.13	407.0	11.75	9.25
PTHR21377	1983.0	1891.26	1016.05	84.0	66.17
PTHR21371	2074.0	2028.13	19764.4	738.24	581.53
PTHR21373	2449.0	2357.26	543.0	35.13	27.67
PTHR22573	10711.91	10482.55	7160.01	234.95	185.08
PTHR22572	7272.0	7042.65	11081.34	615.37	484.75
PTHR21000	2063.0	2017.13	4253.0	159.73	125.82
PTHR10701	613.0	567.13	910.0	122.61	96.58
PTHR13161	914.0	822.32	328.0	57.68	45.44
PTHR13165	3190.22	3098.48	2074.58	96.0	75.62
PTHR21396	1273.0	1181.26	918.0	115.96	91.34
PTHR12965	2308.06	2216.4	793.0	48.1	37.89
PTHR10681	6973.82	6606.85	5712.24	401.43	316.21
PTHR24106	8892.86	8571.77	5227.4	277.22	218.36
PTHR24103	2839.0	2701.39	516.99	39.11	30.8
PTHR10683	1632.0	1586.13	2922.09	139.7	110.04
PTHR11540	2369.0	2185.58	2759.99	340.8	268.46
PTHR10836	2311.0	2173.48	13032.98	810.38	638.36
PTHR10835	2404.0	2358.13	1119.94	35.96	28.33
PTHR11545	927.0	881.13	28300.75	2444.01	1925.21
PTHR10012	1524.0	1478.13	419.0	21.5	16.94
PTHR13768	2607.0	2515.26	1707.56	105.12	82.81
PTHR24078	11447.0	11080.12	2299.0	128.69	101.38
PTHR11946	14822.0	14546.78	24655.11	644.36	507.59
PTHR11947	4646.99	4555.25	8413.96	287.58	226.54
PTHR11941	10062.8	9741.72	3354.0	180.09	141.85
PTHR24072	1597.0	1551.13	725.0	35.45	27.92
PTHR10496	512.0	466.13	17255.03	2835.43	2233.54
PTHR10491	2776.43	2684.7	1190.0	63.51	50.03
PTHR24076	12224.62	11674.27	5767.98	331.81	261.38
PTHR24077	13683.48	13041.41	8394.28	397.65	313.23
PTHR11728	3894.0	3802.26	5431.27	271.17	213.61
PTHR11726	842.0	796.13	45228.5	4326.41	3408.03
PTHR11727	551.0	505.13	85.0	12.88	10.14
PTHR11721	648.0	602.13	26815.43	3400.61	2678.75
PTHR11722	794.0	748.13	23100.83	2352.8	1853.36
PTHR10120	3983.45	3891.71	1641.96	56.72	44.68
PTHR10122	1136.0	1090.13	8377.59	583.9	459.96
PTHR11831	2383.0	2245.39	22631.18	2157.15	1699.24
PTHR11835	1802.0	1756.13	2950.0	127.32	100.3
PTHR11614	5932.37	5840.63	4654.1	105.73	83.29
PTHR11615	9978.15	9565.35	10272.88	389.17	306.57
PTHR11618	3747.46	3609.85	1030.97	65.39	51.5
PTHR14140	2692.0	2646.13	1934.0	55.32	43.58
PTHR32419	1314.9	1269.03	336.0	20.1	15.83
PTHR10231	5621.0	5483.39	1520.05	65.53	51.62
PTHR10233	9058.0	8828.65	4765.98	183.38	144.46
PTHR31503	4361.53	4223.92	2173.84	90.05	70.93
PTHR23147	649.21	603.34	392.02	49.61	39.08
PTHR23140	2080.0	2034.13	434.0	16.16	12.73
PTHR23142	1020.0	974.13	276.0	21.54	16.97
PTHR23149	1869.0	1823.13	910.36	37.84	29.81
PTHR23148	846.64	800.77	344.0	32.71	25.77
PTHR11817	11835.0	11559.78	10381.03	378.27	297.97
PTHR11056	2075.46	2029.59	586.0	21.87	17.23
PTHR11055	4352.73	4215.12	14499.53	645.16	508.21
PTHR32523	2446.66	2354.91	2070.91	115.32	90.84
PTHR31695	2917.0	2871.13	1245.99	32.84	25.87
PTHR11819	329.0	283.18	6.0	1.64	1.29
PTHR10544	507.0	461.13	8471.83	1407.43	1108.67
PTHR12629	2686.25	2640.38	3603.03	103.29	81.36
PTHR19316	1500.0	1454.13	327.0	17.06	13.44
PTHR18945	6476.17	6338.55	2233.0	78.87	62.11
PTHR26402	9656.0	9426.65	19519.76	571.83	450.45
PTHR19384	6575.0	6437.39	1246.26	41.61	32.78
PTHR12714	5247.82	5064.34	3982.03	161.38	127.13
PTHR12570	4644.67	4507.06	1708.05	76.85	60.54
PTHR21494	2475.0	2429.13	361.0	11.25	8.86
PTHR21145	1291.2	1245.33	954.0	58.16	45.81
PTHR21496	4795.0	4565.73	5063.71	300.4	236.62
PTHR21493	33007.44	32181.77	10708.29	424.29	334.23
PTHR21499	9278.99	9141.39	11111.32	273.23	215.24
PTHR21148	4016.74	3879.13	977.44	63.75	50.22
PTHR12083	3686.26	3548.65	1719.28	98.85	77.86
PTHR19854	3891.0	3753.39	1185.91	48.88	38.5
PTHR13976	1590.0	1498.26	208.0	22.59	17.79
PTHR19852	2220.0	2174.13	1253.0	43.65	34.38
PTHR16128	3606.35	3422.87	680.0	44.63	35.15
PTHR12400	1502.37	1456.5	870.0	45.31	35.69
PTHR19853	3074.0	3028.13	1206.0	30.14	23.74
PTHR30314	1812.0	1766.13	5680.7	243.79	192.04
PTHR12882	706.0	660.13	370.0	42.76	33.68
PTHR12883	1422.0	1376.13	590.0	32.53	25.63
PTHR16255	7360.02	7222.41	4990.87	169.11	133.2
PTHR16254	8778.09	8594.61	7308.16	281.04	221.38
PTHR22960	673.71	627.84	248.0	30.15	23.75
PTHR13373	2177.0	2131.13	325.0	11.55	9.1
PTHR13375	1121.0	1075.13	442.0	31.24	24.61
PTHR22967	5238.0	5100.39	1394.84	42.98	33.85
PTHR19858	4924.39	4832.65	1546.25	45.26	35.66
PTHR30222	2501.82	2455.95	598.0	18.43	14.52
PTHR13115	1937.92	1892.05	1867.0	74.77	58.9
PTHR13117	1603.0	1557.13	138.0	6.72	5.29
PTHR13285	2140.14	2094.27	826.19	29.88	23.54
PTHR13288	1360.0	1314.13	388.21	22.42	17.66
PTHR10953	15447.93	15035.1	5172.3	197.95	155.96
PTHR10954	1090.45	1044.58	394.0	28.67	22.58
PTHR21726	531.0	485.13	55.0	8.68	6.84
PTHR10956	872.0	780.29	27184.79	4372.43	3444.29
PTHR11538	1829.0	1783.13	928.0	39.44	31.07
PTHR10826	902.0	856.13	1178.17	104.74	82.51
PTHR11533	13999.9	13816.42	6872.39	149.97	118.14
PTHR11532	1954.0	1908.13	1161.01	46.1	36.32
PTHR10000	4188.45	4050.84	1209.94	64.98	51.19
PTHR13021	1320.0	1274.13	664.0	39.56	31.16
PTHR24006	21218.51	20438.79	7155.77	379.97	299.31
PTHR24003	26116.11	25565.66	50427.02	1226.61	966.23
PTHR31446	2319.0	2227.26	1304.0	85.92	67.68
PTHR31190	2669.15	2577.41	4487.8	181.84	143.24
PTHR11441	1428.0	1382.13	674.0	37.0	29.15
PTHR11440	5148.56	4965.08	896.0	47.88	37.71
PTHR11999	8028.93	7845.45	5353.87	209.03	164.66
PTHR11998	6660.77	6477.29	5215.09	273.08	215.11
PTHR11449	475.0	429.13	29004.14	5183.01	4082.79
PTHR11994	1353.0	1261.26	30204.61	3377.61	2660.63
PTHR10133	10985.49	10756.14	9270.31	245.81	193.64
PTHR13620	5367.0	5137.65	1898.0	102.67	80.87
PTHR11847	739.0	693.13	25845.97	2843.27	2239.72
PTHR11843	848.0	802.13	38467.19	3651.89	2876.69
PTHR11661	1816.0	1724.26	38543.38	4624.57	3642.89
PTHR11662	23831.28	23189.1	11899.94	449.27	353.88
PTHR11669	3337.44	3245.7	1696.0	80.01	63.03
PTHR11668	15366.45	14953.62	17212.71	800.78	630.81
PTHR20856	12013.0	11783.65	5317.21	106.18	83.63
PTHR20854	3950.06	3812.45	1494.0	88.15	69.43
PTHR20855	8347.67	8164.24	3679.58	150.59	118.62
PTHR20852	2918.0	2780.41	9382.04	440.65	347.1
PTHR32404	1438.3	1392.43	420.0	22.89	18.03
PTHR20858	5950.52	5812.91	4239.98	141.33	111.32
PTHR14237	7486.1	7210.88	1925.0	83.29	65.6
PTHR10739	4083.0	3991.26	3831.15	159.84	125.91
PTHR23155	59399.03	57656.08	21599.75	1008.54	794.42
PTHR23153	2074.57	1982.83	752.03	77.05	60.7
PTHR23151	7085.0	6626.36	7659.1	746.26	587.84
PTHR11063	4556.73	4464.99	6943.11	209.65	165.14
PTHR11062	10411.66	10136.44	4779.01	184.6	145.4
PTHR11061	4478.68	4295.2	1319.0	84.15	66.29
PTHR11065	5950.22	5812.61	3479.31	149.9	118.08
PTHR11064	3538.95	3401.34	1965.0	116.28	91.6
PTHR11260	9295.17	9019.95	2775.0	138.42	109.02
PTHR11264	1161.44	1115.57	439.0	29.9	23.55
PTHR11266	7310.0	7034.78	4998.0	328.4	258.69
PTHR31998	2939.24	2893.36	975.0	25.5	20.09
PTHR15838	689.0	643.13	187.0	22.19	17.48
PTHR32338	2579.85	2533.98	1511.67	45.16	35.57
PTHR31407	5301.0	5117.52	2385.23	164.73	129.77
PTHR12363	7144.14	7006.53	1631.0	40.96	32.25
PTHR18952	3246.0	3154.26	1540.0	68.64	54.08
PTHR12765	1970.17	1878.43	571.0	46.92	36.96
PTHR12505	1397.21	1351.34	513.89	28.86	22.73
PTHR22604	3093.93	3002.18	524.95	29.6	23.32
PTHR21481	1507.0	1461.13	321.0	16.67	13.13
PTHR22778	2121.45	2029.71	326.0	25.24	19.88
PTHR19446	6941.88	6712.55	379.0	15.92	12.54
PTHR12219	1040.0	994.13	3331.79	254.8	200.71
PTHR13561	5612.72	5475.11	2623.69	73.94	58.25
PTHR13563	1896.75	1805.01	478.0	40.48	31.89
PTHR12210	1742.19	1650.45	934.7	72.6	57.19
PTHR12215	2011.0	1919.26	284.0	23.2	18.27
PTHR12214	1146.3	1100.43	321.0	22.16	17.46
PTHR22915	11924.98	11558.02	3598.96	180.92	142.51
PTHR22911	7888.56	7613.34	1008.92	55.96	44.09
PTHR22912	8644.83	8415.48	12626.92	583.66	459.77
PTHR12183	1434.0	1388.13	322.0	17.6	13.86
PTHR19849	2561.0	2515.13	260.0	7.83	6.16
PTHR31783	5651.0	5559.26	726.0	22.19	17.47
PTHR22594	4683.0	4591.26	4151.0	138.77	109.31
PTHR11864	3249.0	3157.26	1075.0	49.94	39.35
PTHR21152	4510.96	4419.22	3564.09	148.6	117.07
PTHR21021	1198.0	1106.26	108.0	15.46	12.18
PTHR30075	3602.0	3556.13	1445.03	30.74	24.21
PTHR11632	2684.34	2638.47	9869.88	283.15	223.04
PTHR13102	2365.0	2319.13	466.0	15.22	11.99
PTHR12984	1992.0	1946.13	395.0	15.38	12.11
PTHR11630	10270.43	9995.21	17642.47	809.22	637.44
PTHR11140	7459.0	7367.26	11305.84	186.59	146.98
PTHR13299	1518.0	1426.26	372.79	40.14	31.63
PTHR12652	3858.49	3766.74	5171.82	275.43	216.97
PTHR10925	3417.0	3371.13	2433.0	54.6	43.01
PTHR21737	3362.6	3224.99	1502.0	107.3	84.52
PTHR10920	6170.26	6032.65	3175.12	144.15	113.55
PTHR10585	2375.0	2283.26	3480.0	213.58	168.25
PTHR10584	21480.7	20976.13	9221.68	290.28	228.65
PTHR11528	5578.0	5440.39	5422.42	176.92	139.36
PTHR11527	4161.92	3978.47	2823.01	173.62	136.76
PTHR11525	1497.0	1405.26	648.0	70.31	55.38
PTHR10859	818.0	772.13	310.0	30.58	24.09
PTHR10589	4340.26	4248.51	5681.94	146.66	115.53
PTHR10588	2949.0	2811.39	965.0	65.86	51.88
PTHR13038	2181.29	2135.42	465.42	16.51	13.0
PTHR13748	11683.87	11316.91	10876.68	511.9	403.23
PTHR11223	8314.77	8177.16	6097.99	137.79	108.54
PTHR23109	936.0	890.13	170.0	14.53	11.45
PTHR24015	41596.93	40541.92	23508.6	829.64	653.51
PTHR24012	17025.19	16291.29	17770.08	1162.66	915.87
PTHR24011	30575.35	29474.47	37034.82	2422.34	1908.15
PTHR31187	5063.66	4971.92	9268.81	302.5	238.29
PTHR10548	1575.94	1530.07	1699.54	84.24	66.36
PTHR10459	11306.14	11030.9	3701.83	120.09	94.59
PTHR11453	5252.55	5114.94	1935.0	71.7	56.48
PTHR10108	38871.87	37495.78	14138.76	748.99	590.0
PTHR11986	9385.74	9064.65	12801.13	589.42	464.3
PTHR11455	7472.55	7151.47	1396.0	90.51	71.29
PTHR10102	3623.0	3577.13	1415.34	29.93	23.57
PTHR11458	1544.0	1498.13	4502.99	227.98	179.59
PTHR10106	1780.0	1734.13	1076.0	47.03	37.05
PTHR31057	2692.0	2600.26	341.0	20.03	15.77
PTHR21141	2753.44	2615.83	71098.54	8332.46	6563.7
PTHR11851	15702.71	15335.75	12015.02	608.79	479.56
PTHR23092	1348.0	1302.13	200.99	11.72	9.23
PTHR23091	14844.47	14202.29	5957.98	383.93	302.44
PTHR11673	941.0	895.13	18906.15	1606.98	1265.86
PTHR11670	4122.0	4030.26	9141.64	340.09	267.89
PTHR11671	1243.0	1197.13	1230.0	78.02	61.46
PTHR20863	2924.0	2740.53	11807.23	959.17	755.56
PTHR20861	1538.0	1492.13	1477.02	75.08	59.14
PTHR11679	2591.0	2545.13	471.0	14.01	11.04
PTHR14009	3110.0	3064.13	4898.21	120.95	95.28
PTHR10217	5839.35	5655.87	784.02	29.47	23.21
PTHR14005	4695.0	4649.13	4738.04	77.05	60.69
PTHR10210	3985.49	3893.75	4196.55	166.13	130.86
PTHR31522	1791.0	1745.13	566.94	24.62	19.4
PTHR14221	1800.0	1754.13	941.83	40.7	32.06
PTHR23163	858.0	812.13	388.11	36.39	28.66
PTHR11079	6062.51	5833.16	9738.82	465.09	366.34
PTHR11076	12029.0	11432.7	991.0	79.9	62.91
PTHR11070	3742.46	3650.72	616.0	22.15	17.45
PTHR11071	19103.93	18324.15	14649.0	1419.92	1118.53
PTHR11278	803.0	757.13	21146.82	2127.96	1676.25
PTHR11276	1021.0	975.13	21.0	1.64	1.29
PTHR11274	2912.0	2820.26	1683.56	86.63	68.24
PTHR31984	4776.28	4638.67	6951.63	280.65	221.08
PTHR16201	2574.59	2528.72	774.0	23.17	18.25
PTHR15350	3448.0	3356.26	4116.27	185.35	146.0
PTHR15606	3213.58	3121.84	987.0	52.25	41.16
PTHR12374	2029.0	1937.27	950.0	68.76	54.17
PTHR12375	1053.0	1007.13	326.0	24.61	19.38
PTHR12378	2068.0	1976.26	321.63	24.14	19.01
PTHR20961	18447.21	17942.64	6282.01	294.37	231.88
PTHR18929	13670.76	13120.32	14862.26	784.64	618.05
PTHR30535	1103.0	1057.13	323.01	23.22	18.29
PTHR12777	681.0	635.13	1729.0	207.75	163.65
PTHR12775	1335.62	1289.75	702.0	41.31	32.54
PTHR20981	628.0	582.13	22123.31	2903.04	2286.81
PTHR16092	2124.57	2032.83	243.0	18.38	14.47
PTHR12406	6271.29	6041.94	2913.04	159.86	125.93
PTHR19211	14526.63	14067.95	137115.13	3302.15	2601.18
PTHR22298	11547.89	11318.54	5504.63	163.73	128.97
PTHR12174	5683.0	5545.39	2322.0	95.94	75.57
PTHR12175	2209.18	2117.44	1659.63	118.54	93.38
PTHR12176	3215.36	3123.62	256.0	12.16	9.57
PTHR22769	7217.85	6988.5	3122.06	184.82	145.57
PTHR22767	3801.4	3663.79	1026.0	69.7	54.9
PTHR22765	2117.27	2025.53	1757.0	133.22	104.95
PTHR22762	10880.76	10651.41	3870.77	118.65	93.46
PTHR22763	2674.0	2582.26	354.0	18.42	14.51
PTHR22761	4189.59	4006.12	2849.0	171.88	135.38
PTHR21231	4831.0	4693.39	1960.0	107.91	85.0
PTHR21230	1492.39	1446.51	361.99	18.98	14.95
PTHR21234	1646.0	1600.13	518.78	24.58	19.37
PTHR21237	1050.0	1004.13	422.0	31.95	25.17
PTHR12202	2152.0	2060.26	755.0	57.42	45.22
PTHR12203	12131.99	11856.77	3774.35	125.55	98.91
PTHR19857	1466.0	1420.13	449.98	24.04	18.94
PTHR13355	1599.0	1553.13	777.0	37.94	29.89
PTHR19855	3948.0	3856.26	654.0	28.35	22.33
PTHR13353	3122.52	3030.78	585.0	36.33	28.62
PTHR12197	10662.78	10112.4	4635.76	231.81	182.6
PTHR13822	1125.0	1079.13	5166.93	363.82	286.59
PTHR21649	11142.89	10500.79	414324.73	35592.77	28037.35
PTHR32442	1366.0	1320.13	841.01	48.35	38.09
PTHR13138	2294.0	2202.26	667.0	45.16	35.58
PTHR10732	689.0	643.13	17644.91	2093.54	1649.14
PTHR10738	4034.0	3988.13	1917.0	36.35	28.63
PTHR12992	1210.45	1164.58	380.0	24.78	19.52
PTHR22838	4786.92	4603.44	1367.01	85.26	67.17
PTHR22836	2230.0	2184.13	547.0	18.97	14.94
PTHR10693	411.0	365.14	38.0	8.0	6.3
PTHR32379	1365.0	1319.13	308.99	17.78	14.0
PTHR10938	2616.0	2524.26	2742.98	171.01	134.7
PTHR10934	861.0	815.13	20688.81	1932.52	1522.29
PTHR11510	2196.0	2150.13	6068.06	213.75	168.38
PTHR11516	5376.0	5238.39	7506.55	355.68	280.18
PTHR10025	2751.0	2613.39	2250.0	134.71	106.12
PTHR10026	6298.73	6023.51	2093.14	139.99	110.26
PTHR10027	2390.0	2344.13	645.0	20.83	16.41
PTHR13009	3672.44	3488.96	578.0	50.95	40.13
PTHR13007	1829.71	1783.84	903.0	38.37	30.22
PTHR30115	937.0	891.13	1677.64	143.24	112.83
PTHR11863	3121.0	2983.39	1757.01	111.09	87.51
PTHR17901	798.0	752.13	142.0	14.38	11.33
PTHR24351	6989.57	6760.22	6627.96	412.11	324.63
PTHR20982	1290.0	1244.13	622.0	37.96	29.9
PTHR24352	3366.01	3274.29	2183.95	74.27	58.51
PTHR11467	602.0	556.13	2919.81	401.26	316.08
PTHR10119	2365.0	2319.13	1926.92	62.92	49.56
PTHR10343	3532.0	3486.13	2329.72	50.55	39.82
PTHR10110	6703.54	6520.06	1222.0	55.24	43.51
PTHR11469	2585.81	2539.94	4334.02	129.17	101.75
PTHR10445	1222.0	1176.13	569.8	36.79	28.98
PTHR10598	993.0	947.13	152.0	12.21	9.61
PTHR24286	4311.95	4174.33	4192.0	238.14	187.59
PTHR23429	1988.0	1942.13	436.0	17.01	13.4
PTHR23426	2118.96	2027.22	3261.07	270.11	212.78
PTHR10593	3263.0	3171.26	2232.0	105.24	82.9
