GeneFamily	length	effective_length	expected_count	TPM	FPKM
PTHR11649	14186.67	13779.41	1837.0	229.72	185.31
PTHR31089	1043.02	1002.29	64.0	13.34	10.76
PTHR31085	2824.78	2784.05	490.0	36.6	29.52
PTHR11647	5971.38	5889.92	798.0	56.15	45.31
PTHR11645	931.01	890.28	118.0	27.72	22.36
PTHR11880	854.0	813.27	7476.38	1924.31	1552.33
PTHR11885	727.0	686.27	9466.63	2892.37	2333.25
PTHR10209	7031.0	6827.36	602.0	76.95	62.07
PTHR32429	3447.0	3324.82	4784.2	600.4	484.33
PTHR12403	840.0	799.27	258.18	67.63	54.55
PTHR31423	1110.0	1069.27	71.0	13.87	11.19
PTHR31551	760.66	719.93	247.0	71.9	58.0
PTHR32195	2463.57	2382.11	241.0	29.47	23.77
PTHR11081	8781.0	8536.62	280.0	36.68	29.59
PTHR11080	2125.53	2044.07	318.0	58.33	47.06
PTHR11082	4896.0	4814.54	2805.69	185.32	149.5
PTHR11085	7624.28	7339.17	427.18	74.4	60.02
PTHR11089	6136.75	5973.84	839.02	109.82	88.6
PTHR32518	5993.0	5911.54	364.46	35.9	28.96
PTHR11247	1425.15	1343.69	41.0	13.41	10.82
PTHR12277	3814.3	3692.11	434.93	77.45	62.49
PTHR32512	1819.0	1778.27	372.0	43.57	35.14
PTHR23088	4210.39	4047.47	776.0	138.52	111.75
PTHR23089	1694.0	1612.54	704.0	203.13	163.86
PTHR23081	5345.17	5222.99	1312.0	140.65	113.47
PTHR23083	29656.14	29004.46	4173.07	425.86	343.54
PTHR23084	6631.45	6468.53	784.81	118.03	95.22
PTHR23086	6179.0	6016.08	359.0	48.67	39.26
PTHR18806	3810.0	3728.54	653.0	72.18	58.23
PTHR31953	1816.0	1775.27	196.0	22.99	18.55
PTHR15184	10340.29	10136.64	7212.08	799.04	644.57
PTHR15341	799.0	758.27	35.0	9.67	7.8
PTHR14744	1242.0	1160.57	31.0	10.92	8.8
PTHR15169	1388.0	1347.27	37.0	5.73	4.62
PTHR12341	10592.55	10348.18	1247.01	94.11	75.92
PTHR15160	5325.81	5162.89	1319.0	171.88	138.65
PTHR18937	20450.96	20206.58	2696.89	150.36	121.29
PTHR18934	26387.2	25735.52	5275.48	541.52	436.86
PTHR12742	2322.0	2281.27	885.0	80.71	65.11
PTHR12741	1560.0	1519.27	292.0	40.06	32.31
PTHR16557	1964.0	1882.54	46.0	9.89	7.98
PTHR19288	5450.95	5288.03	1356.96	192.79	155.52
PTHR12975	4122.0	3999.81	215.0	38.85	31.34
PTHR13902	2647.67	2606.94	397.0	31.67	25.55
PTHR13903	1438.0	1397.27	403.0	60.14	48.51
PTHR22753	2304.0	2222.54	41.0	8.12	6.55
PTHR30615	1727.74	1646.29	145.0	38.6	31.14
PTHR22939	14208.16	13800.94	1825.85	241.88	195.13
PTHR22938	3865.02	3742.83	340.0	55.35	44.66
PTHR16266	4691.0	4568.81	164.0	20.9	16.85
PTHR21597	5700.0	5659.27	724.07	26.56	21.43
PTHR22932	876.0	835.27	259.32	64.97	52.41
PTHR21228	20446.15	19957.42	2598.99	331.43	267.38
PTHR13343	3675.69	3553.5	1161.01	205.58	165.84
PTHR22936	2747.0	2624.81	225.0	54.13	43.66
PTHR31038	1402.0	1361.27	575.0	88.09	71.06
PTHR13832	36600.26	35541.32	9557.19	1231.98	993.83
PTHR21139	1284.8	1244.07	645.0	108.18	87.26
PTHR21136	3418.0	3295.81	1010.17	191.25	154.28
PTHR12526	38755.43	37940.9	9185.0	781.11	630.1
PTHR13120	807.0	766.27	138.0	37.72	30.43
PTHR22809	2879.0	2756.81	230.0	59.67	48.13
PTHR22807	4488.0	4406.54	257.0	24.81	20.01
PTHR20661	2106.0	2024.54	72.0	16.04	12.94
PTHR10900	17218.48	16689.01	8828.0	1591.55	1283.89
PTHR10906	2767.0	2685.54	2170.01	244.22	197.01
PTHR10909	18236.49	17869.93	7904.19	672.66	542.63
PTHR10055	3197.0	3115.54	479.79	63.74	51.42
PTHR10057	1659.0	1577.54	625.0	143.21	115.52
PTHR10052	1068.0	1027.27	11527.74	2344.44	1891.24
PTHR13017	860.0	819.27	43.0	10.99	8.86
PTHR13018	17842.86	17557.75	4637.16	324.23	261.56
PTHR10694	9546.5	9342.87	1978.17	222.48	179.47
PTHR12839	2577.71	2496.25	132.0	24.56	19.82
PTHR12835	727.0	686.27	30.0	9.17	7.39
PTHR24031	56532.38	54944.08	26095.32	3129.23	2524.33
PTHR24032	3061.1	2938.91	283.0	60.8	49.06
PTHR24349	22523.92	21994.46	4124.39	439.15	354.27
PTHR24619	5979.0	5856.81	455.0	39.93	32.21
PTHR24343	27681.06	26947.93	12000.84	1085.59	875.74
PTHR11472	10884.97	10559.13	2865.29	267.18	215.53
PTHR24347	14635.87	14269.35	1764.0	163.28	131.71
PTHR11476	1748.0	1707.27	211.61	25.82	20.83
PTHR11477	3882.97	3801.54	582.0	58.9	47.51
PTHR10438	22945.0	22293.32	7338.52	1236.55	997.53
PTHR10476	5607.2	5525.75	2475.41	202.46	163.32
PTHR24290	3600.0	3477.81	442.0	75.62	61.0
PTHR23413	574.0	533.27	10144.97	4001.09	3227.65
PTHR23417	2176.56	2095.11	213.0	42.22	34.07
PTHR23416	1608.71	1567.98	258.84	34.4	27.75
PTHR23415	1058.0	1017.27	298.0	61.21	49.37
PTHR12736	1833.0	1792.27	241.0	28.0	22.59
PTHR10871	1508.0	1426.54	11041.0	3450.83	2783.77
PTHR10877	1376.0	1253.86	2.0	0.65	0.52
PTHR11879	5584.18	5421.32	1125.02	128.28	103.48
PTHR11659	1612.23	1571.51	387.0	51.32	41.4
PTHR31096	3934.56	3812.37	1405.02	226.78	182.95
PTHR31098	4404.0	4363.27	3437.98	163.66	132.03
PTHR11655	1974.0	1892.54	16974.23	4113.92	3318.68
PTHR11652	720.0	679.27	12634.81	3900.56	3146.56
PTHR20883	2097.0	2015.54	333.0	64.17	51.77
PTHR11895	6196.0	6073.81	584.0	57.24	46.17
PTHR10277	3846.0	3723.81	381.0	63.55	51.27
PTHR14027	3452.0	3411.27	454.0	27.66	22.31
PTHR12320	6236.9	6114.71	1033.0	106.07	85.58
PTHR24095	15962.28	15432.83	10176.31	1058.12	853.57
PTHR11246	9485.0	9362.81	2096.01	144.67	116.7
PTHR24092	4620.0	4579.27	1062.01	48.17	38.86
PTHR24093	32795.13	32184.22	14436.97	1213.97	979.31
PTHR23180	11411.18	11126.08	3652.32	418.68	337.74
PTHR14593	2607.43	2525.97	338.0	55.92	45.12
PTHR11093	3421.0	3339.54	582.0	72.62	58.59
PTHR11096	1633.76	1552.3	87.85	22.1	17.83
PTHR23346	8462.0	8339.81	1285.96	242.9	195.95
PTHR11099	2595.0	2554.27	608.0	49.51	39.94
PTHR10309	1913.0	1872.27	584.04	64.95	52.39
PTHR14107	679.18	638.45	34.0	11.17	9.01
PTHR11252	4738.31	4697.58	1150.71	50.87	41.04
PTHR11254	14412.3	14086.48	1528.0	136.35	110.0
PTHR11255	1719.21	1678.48	215.0	26.68	21.52
PTHR14110	4148.66	3985.74	1394.28	313.85	253.18
PTHR14374	1535.0	1494.27	36.0	5.02	4.05
PTHR18838	2163.0	2122.27	236.0	23.14	18.67
PTHR15074	1628.0	1587.27	71.0	9.32	7.52
PTHR12687	2375.0	2293.55	306.0	42.69	34.44
PTHR15157	3425.49	3303.3	338.0	67.28	54.27
PTHR18901	12165.0	11961.35	1791.15	155.85	125.72
PTHR12281	1396.0	1355.27	863.01	132.8	107.13
PTHR12755	591.0	550.27	28.0	10.7	8.63
PTHR12750	2090.53	2049.8	889.0	90.27	72.82
PTHR12753	1206.38	1165.65	347.86	62.29	50.25
PTHR15081	1754.38	1713.65	351.92	42.78	34.51
PTHR15574	7240.78	7037.13	669.0	103.5	83.49
PTHR24007	357.0	316.29	18.0	12.08	9.74
PTHR13931	2707.95	2667.22	175.0	13.64	11.01
PTHR12358	7345.47	7101.09	949.0	157.53	127.07
PTHR12356	1979.0	1897.54	181.0	45.18	36.45
PTHR12221	2347.0	2265.54	191.0	37.11	29.93
PTHR30603	4411.0	4329.54	1334.77	118.15	95.31
PTHR12226	1653.0	1612.27	132.0	17.06	13.76
PTHR19877	1068.0	1027.27	1191.2	242.26	195.43
PTHR31442	557.0	516.27	186.0	75.81	61.15
PTHR12538	617.0	576.27	5308.54	1935.46	1561.33
PTHR12537	3530.56	3449.1	1080.0	115.96	93.54
PTHR12532	1288.0	1247.27	297.0	49.68	40.08
PTHR13486	675.0	634.27	77.0	25.48	20.55
PTHR20275	2910.0	2828.54	669.0	96.69	78.0
PTHR13489	2187.23	2105.77	154.09	30.79	24.84
PTHR17583	8276.0	8153.81	908.0	70.24	56.67
PTHR13572	1513.41	1472.68	60.0	8.49	6.85
PTHR24198	20649.37	19997.71	2054.34	282.72	228.07
PTHR10048	5059.6	4855.95	388.0	79.14	63.84
PTHR21704	3149.81	3068.35	379.0	35.13	28.34
PTHR10046	921.0	880.27	111.0	26.38	21.28
PTHR10044	5245.0	5163.54	595.0	55.92	45.1
PTHR13060	1573.0	1532.27	63.99	8.7	7.02
PTHR10687	1284.0	1243.27	714.89	119.97	96.78
PTHR13069	4474.0	4311.08	548.0	83.91	67.7
PTHR13068	8087.23	7883.59	1167.76	168.24	135.72
PTHR10682	2641.87	2560.41	860.99	142.37	114.85
PTHR12829	884.0	843.27	39.0	9.68	7.81
PTHR12820	2801.42	2760.69	350.0	26.36	21.27
PTHR12826	1381.0	1340.27	309.0	48.08	38.79
PTHR12827	986.0	945.27	23.0	5.09	4.1
PTHR17920	2628.0	2587.27	396.0	31.83	25.68
PTHR10137	1631.0	1590.27	291.0	38.13	30.76
PTHR11405	9288.61	9125.69	5116.71	446.96	360.56
PTHR11404	2587.0	2546.27	1733.37	141.58	114.21
PTHR11406	1500.91	1460.19	2493.09	355.9	287.1
PTHR32357	1724.0	1683.27	137.0	16.95	13.68
PTHR13468	1327.29	1286.56	306.0	49.61	40.02
PTHR23406	3985.0	3903.54	736.0	78.95	63.69
PTHR23407	2310.23	2269.5	219.0	20.08	16.2
PTHR10869	12420.64	12054.07	2508.76	388.82	313.66
PTHR31717	4884.42	4802.97	3412.07	289.81	233.79
PTHR12452	650.0	609.27	123.0	42.39	34.19
PTHR13393	2910.0	2869.27	76.0	5.51	4.44
PTHR12696	4019.58	3978.85	618.78	32.31	26.06
PTHR11315	3663.0	3581.54	352.0	41.13	33.18
PTHR10139	2373.0	2332.27	228.0	20.34	16.41
PTHR10264	4424.0	4261.08	2029.78	307.93	248.4
PTHR10263	2008.0	1926.54	1678.01	359.7	290.17
PTHR31155	2089.56	2048.84	1291.19	131.17	105.81
PTHR32170	2958.22	2876.81	349.0	62.58	50.49
PTHR23350	505.0	464.27	140.0	63.55	51.26
PTHR23354	2843.0	2802.27	525.0	38.95	31.42
PTHR23355	8273.25	8069.62	667.0	79.5	64.12
PTHR23359	7216.68	7013.03	2372.21	417.85	337.08
PTHR11227	2224.38	2142.93	342.0	69.26	55.88
PTHR11220	4242.29	4038.65	437.0	114.78	92.59
PTHR13162	6879.0	6797.55	1617.17	51.86	41.83
PTHR11229	1929.0	1847.54	1725.97	374.63	302.22
PTHR10314	20404.45	19752.8	9194.94	1291.83	1042.1
PTHR11035	1315.0	1274.27	129.0	21.12	17.04
PTHR14303	730.0	689.27	192.0	58.4	47.11
PTHR14085	2004.0	1963.27	337.0	35.73	28.83
PTHR11139	25729.14	25403.32	14606.0	400.87	323.37
PTHR15362	1118.0	1077.27	120.0	23.26	18.77
PTHR11132	22890.83	22279.89	9717.92	1251.09	1009.25
PTHR11134	4906.36	4784.17	890.0	127.53	102.88
PTHR11136	3000.0	2918.54	127.0	17.96	14.49
PTHR32374	7427.54	7264.62	3665.0	338.16	272.79
PTHR31579	8331.52	8127.87	2430.03	293.72	236.95
PTHR18919	3119.92	2957.03	1435.86	205.4	165.7
PTHR32002	16811.21	16322.46	4024.23	496.54	400.57
PTHR14413	950.0	909.27	1056.0	242.87	195.92
PTHR22891	1954.0	1913.27	151.0	16.43	13.25
PTHR22893	1435.84	1395.11	78.0	11.66	9.4
PTHR10778	4853.0	4730.81	1901.98	237.73	191.77
PTHR10072	2478.0	2437.27	403.0	34.39	27.75
PTHR12786	2468.0	2386.54	359.01	60.09	48.47
PTHR11706	4379.0	4297.54	873.0	83.35	67.24
PTHR12782	1285.0	1244.27	264.0	44.27	35.71
PTHR11742	7400.63	7237.71	917.0	93.1	75.1
PTHR21213	2120.0	2079.27	681.97	68.26	55.07
PTHR10182	1189.0	1148.27	197.0	35.81	28.89
PTHR13923	797.6	756.87	231.99	64.21	51.79
PTHR11210	674.0	633.27	480.0	159.07	128.32
PTHR12321	2229.0	2147.54	1224.38	231.08	186.42
PTHR25040	3683.0	3560.81	960.74	137.22	110.7
PTHR12323	2155.0	2032.81	120.0	36.41	29.37
PTHR10344	903.0	862.27	71.02	17.23	13.9
PTHR21015	1526.92	1486.19	339.98	47.68	38.46
PTHR16196	1877.0	1795.54	144.0	32.71	26.39
PTHR16193	650.07	609.34	58.0	19.98	16.12
PTHR22792	4803.68	4722.22	1691.2	114.52	92.38
PTHR22790	2051.77	1970.31	104.85	24.54	19.79
PTHR21680	1126.0	1085.27	360.0	69.27	55.88
PTHR21689	3341.9	3260.44	460.0	50.59	40.81
PTHR21113	2314.86	2233.4	160.0	29.21	23.56
PTHR21663	2362.0	2321.27	65.0	5.83	4.7
PTHR13253	14011.33	13563.31	3262.93	486.84	392.74
PTHR12446	6546.2	6383.28	1158.51	91.08	73.47
PTHR22603	1927.0	1845.54	172.0	30.7	24.77
PTHR21206	905.0	864.27	132.0	31.95	25.78
PTHR13789	13372.71	13046.87	2657.99	354.45	285.94
PTHR10071	14669.79	14303.22	4022.0	401.5	323.9
PTHR24188	12965.18	12598.61	529.0	86.47	69.75
PTHR13780	9347.98	9144.34	3289.29	374.51	302.11
PTHR10670	4558.0	4476.54	276.01	25.51	20.58
PTHR10677	4583.54	4461.35	281.0	38.11	30.75
PTHR13078	3085.0	3003.54	62.0	11.29	9.11
PTHR12815	4560.0	4478.54	1123.0	87.45	70.55
PTHR12814	1030.4	989.68	191.0	40.33	32.53
PTHR24361	8878.0	8592.96	1300.37	133.6	107.77
PTHR24362	11403.96	11078.16	2416.25	239.26	193.0
PTHR10416	1591.0	1550.27	159.0	21.37	17.24
PTHR10410	2653.0	2571.54	749.81	123.72	99.8
PTHR10783	6440.51	6236.86	979.0	144.73	116.76
PTHR10782	2452.0	2411.27	131.0	11.3	9.12
PTHR13476	774.0	733.27	169.0	48.29	38.96
PTHR10788	2773.0	2732.27	1063.04	80.9	65.26
PTHR10891	7980.92	7695.82	1834.0	293.7	236.93
PTHR10890	947.0	865.56	17.0	8.53	6.88
PTHR20426	2159.44	2118.71	519.91	51.07	41.2
PTHR23213	4955.0	4832.81	479.0	63.86	51.52
PTHR10520	8513.0	8350.08	1394.0	147.15	118.69
PTHR10250	2229.0	2147.54	477.0	81.32	65.6
PTHR10527	6880.0	6798.54	1838.66	112.56	90.8
PTHR31384	1763.0	1722.27	212.0	25.64	20.68
PTHR10098	2038.41	1956.95	462.0	87.83	70.85
PTHR10091	2677.0	2595.54	429.01	68.29	55.09
PTHR31142	1580.0	1539.27	846.0	114.54	92.4
PTHR31140	2845.0	2763.54	370.82	52.83	42.62
PTHR31412	3765.0	3683.54	414.0	42.14	33.99
PTHR11787	5963.15	5840.96	745.85	37.27	30.06
PTHR11785	14945.83	14660.72	2494.96	212.89	171.75
PTHR11782	2718.75	2637.3	329.0	58.27	47.01
PTHR11780	1354.0	1231.84	93.0	44.33	35.76
PTHR32497	5049.38	4967.92	1033.39	80.69	65.09
PTHR32148	5701.0	5497.36	6290.13	1866.87	1506.0
PTHR23324	6853.59	6731.4	820.0	86.54	69.8
PTHR23327	4724.28	4602.09	543.0	72.41	58.41
PTHR23326	3043.0	2920.81	526.83	123.63	99.73
PTHR23321	5205.0	5082.81	1250.0	153.37	123.72
PTHR23323	4640.92	4518.73	499.0	74.72	60.27
PTHR23322	1358.99	1277.53	145.0	50.09	40.41
PTHR23329	4246.0	4123.81	487.0	62.84	50.7
PTHR11236	4379.53	4298.07	491.01	45.58	36.78
PTHR11364	1102.0	1061.27	218.0	42.9	34.61
PTHR20932	2759.0	2677.54	647.0	90.96	73.37
PTHR10322	16963.87	16597.31	2449.62	187.71	151.42
PTHR11239	4544.0	4421.81	1096.28	134.56	108.54
PTHR10803	3827.0	3704.81	589.0	89.64	72.31
PTHR31964	15989.12	15500.36	3680.01	711.96	574.33
PTHR10552	1722.54	1681.81	922.01	114.2	92.13
PTHR23030	2420.0	2379.27	242.0	21.16	17.07
PTHR11129	3312.0	3230.54	322.0	41.26	33.28
PTHR11122	6430.8	6267.89	1140.0	146.25	117.98
PTHR15316	2721.82	2599.63	493.0	114.3	92.21
PTHR11127	549.0	508.27	6750.87	2795.29	2254.94
PTHR11125	3423.0	3382.27	533.0	32.75	26.42
PTHR31566	2019.0	1978.27	270.52	28.47	22.96
PTHR31567	1596.93	1556.2	347.0	46.46	37.48
PTHR31561	4859.28	4777.82	614.01	50.29	40.57
PTHR15137	1867.94	1827.21	140.0	15.95	12.87
PTHR14950	6741.56	6619.38	448.0	31.01	25.02
PTHR15954	3331.0	3208.81	212.53	38.2	30.81
PTHR15952	2837.0	2796.27	372.0	27.66	22.31
PTHR21319	6461.0	6257.36	1051.97	167.61	135.2
PTHR30612	3173.22	3132.49	1596.0	105.9	85.43
PTHR19271	5238.83	5157.37	507.0	53.14	42.87
PTHR19861	1033.0	992.27	97.0	20.43	16.48
PTHR12022	1734.0	1693.27	1203.0	147.99	119.38
PTHR12233	1471.0	1430.27	156.0	22.74	18.34
PTHR12029	8258.41	8014.03	1626.0	236.26	190.58
PTHR21220	1019.3	978.57	70.0	14.95	12.06
PTHR31221	1139.4	1098.67	347.0	65.95	53.2
PTHR22780	3625.94	3585.21	895.24	51.89	41.86
PTHR21477	1416.47	1375.74	463.0	70.18	56.61
PTHR19308	5271.0	5189.54	1857.33	149.26	120.41
PTHR16301	1397.57	1316.11	122.0	38.49	31.05
PTHR13265	2157.0	2116.27	129.0	12.69	10.23
PTHR22870	22124.64	21432.29	2995.0	378.62	305.41
PTHR17630	1036.0	995.27	57.0	11.97	9.65
PTHR10064	627.0	586.27	16092.97	5766.09	4651.47
PTHR10060	3952.4	3830.21	286.09	45.36	36.58
PTHR10663	22770.07	22484.96	2405.04	137.39	110.83
PTHR10666	2643.61	2480.71	18222.96	5695.35	4594.41
PTHR10668	12318.01	12032.9	1077.97	119.93	96.74
PTHR12265	2179.93	2139.2	97.0	9.44	7.61
PTHR12801	8285.75	8082.13	1045.03	133.6	107.77
PTHR12802	7488.69	7285.05	3767.0	460.87	371.77
PTHR12805	857.0	816.27	39.0	10.0	8.07
PTHR12806	951.95	911.22	191.25	43.89	35.41
PTHR21506	3200.0	3118.54	248.0	29.02	23.41
PTHR21091	10747.01	10421.19	5568.09	733.93	592.06
PTHR21090	1529.0	1488.27	849.0	118.9	95.92
PTHR13734	1740.0	1699.27	369.0	45.23	36.49
PTHR24315	3392.0	3310.54	1597.0	308.17	248.59
PTHR24314	5594.33	5390.71	608.02	93.92	75.78
PTHR11933	1645.34	1604.61	344.0	44.67	36.03
PTHR11932	7800.0	7677.81	2075.82	155.2	125.19
PTHR11934	3439.0	3357.54	951.0	145.91	117.71
PTHR11937	5846.08	5683.17	3516.22	442.05	356.61
PTHR11938	13275.66	13072.02	12121.76	879.59	709.56
PTHR13683	3541.0	3500.27	825.0	48.98	39.51
PTHR24089	34672.32	33491.16	14011.78	1964.43	1584.72
PTHR10796	7577.11	7454.92	1296.0	88.25	71.19
PTHR10794	4023.0	3900.81	240.0	39.5	31.86
PTHR10795	36300.87	35486.33	4841.21	358.35	289.08
PTHR10792	610.0	569.27	6031.69	2226.51	1796.11
PTHR10799	53046.47	51580.35	4211.96	521.59	420.75
PTHR10882	1144.69	1103.96	146.0	27.62	22.28
PTHR10887	24729.89	24322.59	3205.0	262.3	211.59
PTHR11686	2284.94	2244.21	197.98	18.36	14.81
PTHR11685	5764.3	5642.11	838.0	103.04	83.11
PTHR11680	2001.72	1960.99	1910.12	202.77	163.58
PTHR24221	18090.45	17561.07	4124.47	475.38	383.5
PTHR24220	7554.85	7269.76	1765.93	342.86	276.6
PTHR24223	10890.18	10645.81	3579.18	184.7	149.01
PTHR11689	9178.0	9055.81	1018.0	67.34	54.32
PTHR10252	2228.0	2105.81	172.0	51.17	41.28
PTHR13124	1019.0	978.27	176.0	37.6	30.33
PTHR31173	4539.0	4457.54	1061.0	80.16	64.68
PTHR10997	12502.52	12339.6	1554.99	89.86	72.49
PTHR31385	3778.31	3656.12	650.0	112.21	90.51
PTHR31356	7035.37	6872.45	3374.16	462.04	372.74
PTHR31724	3842.48	3679.57	430.0	81.36	65.63
PTHR31352	3154.0	3072.54	874.57	103.48	83.48
PTHR31350	9635.59	9350.48	2617.0	341.24	275.29
PTHR11758	654.0	613.27	8718.94	2984.81	2407.83
PTHR23333	1084.0	1043.27	388.0	77.69	62.67
PTHR11751	14614.42	14329.32	3014.99	290.61	234.42
PTHR11753	2846.0	2723.81	1193.0	270.74	218.41
PTHR11752	20918.72	20430.01	4288.6	275.59	222.33
PTHR24423	16091.0	15765.16	3145.93	316.23	255.1
PTHR11206	15109.13	14742.56	1625.48	186.34	150.32
PTHR11757	5571.0	5408.08	417.0	49.36	39.82
PTHR24420	49563.19	48626.43	6381.85	574.51	463.44
PTHR10332	2794.61	2713.16	545.0	73.14	59.0
PTHR32557	1872.0	1831.27	418.0	47.53	38.34
PTHR14145	3154.28	3072.82	513.02	71.37	57.58
PTHR20922	2524.34	2442.89	284.0	65.94	53.2
PTHR13600	2335.0	2253.54	117.0	27.69	22.34
PTHR15744	1355.29	1314.56	355.0	56.32	45.44
PTHR23029	9757.91	9472.83	1192.0	148.66	119.92
PTHR23023	7155.35	6992.43	660.98	68.56	55.3
PTHR12847	2240.0	2117.81	202.0	57.95	46.74
PTHR11119	8433.44	8270.52	944.0	90.56	73.05
PTHR31595	9189.44	8863.64	635.06	100.97	81.45
PTHR31596	4198.0	4116.54	762.0	70.1	56.55
PTHR15948	1374.09	1333.36	81.0	12.67	10.22
PTHR32026	877.0	836.27	49.0	12.26	9.89
PTHR31829	1475.0	1434.27	691.0	100.44	81.02
PTHR31419	2006.0	1924.54	77.0	16.57	13.36
PTHR14898	1037.31	996.6	259.0	54.29	43.8
PTHR19241	45752.41	44734.23	8491.83	790.26	637.49
PTHR14894	2106.61	2025.15	143.0	30.41	24.53
PTHR15239	1567.53	1526.8	129.0	17.61	14.2
PTHR12497	2641.91	2560.45	239.0	30.07	24.26
PTHR12304	1333.0	1292.27	68.0	10.98	8.85
PTHR30540	4295.77	4255.04	210.0	10.25	8.27
PTHR30544	4589.76	4508.3	416.0	43.92	35.42
PTHR13302	2546.0	2505.27	256.0	21.25	17.15
PTHR12472	1409.0	1327.54	65.0	22.4	18.07
PTHR13308	6568.89	6405.98	2734.79	284.06	229.15
PTHR12477	3998.29	3916.83	519.0	57.72	46.57
PTHR13878	1971.16	1930.43	174.0	18.76	15.14
PTHR21461	3923.0	3800.81	357.0	56.96	45.95
PTHR13872	528.0	487.27	8044.92	3476.76	2804.68
PTHR22849	9842.25	9638.6	1536.01	105.92	85.44
PTHR21314	2202.0	2120.54	138.0	27.27	22.0
PTHR13271	21770.86	21159.91	2646.0	378.45	305.28
PTHR22841	5354.0	5191.08	674.0	93.12	75.12
PTHR13273	1137.0	1096.27	261.0	49.72	40.11
PTHR22847	27744.43	26889.26	3894.61	565.18	455.94
PTHR22846	2261.0	2220.27	289.0	27.08	21.85
PTHR22844	20390.89	19820.67	2972.8	357.14	288.08
PTHR23270	1319.0	1278.27	107.0	17.46	14.09
PTHR11601	7766.0	7603.08	1420.0	148.35	119.68
PTHR21266	4183.0	4020.08	1119.0	196.01	158.12
PTHR12271	6907.74	6785.55	1982.7	182.77	147.43
PTHR21262	3703.0	3662.27	1157.0	65.64	52.95
PTHR12276	2366.07	2243.88	377.87	87.4	70.5
PTHR10657	1777.0	1695.54	467.38	133.87	107.98
PTHR10655	4830.81	4708.62	1513.0	157.2	126.8
PTHR10652	2144.57	2063.11	392.18	75.83	61.17
PTHR17972	4494.0	4453.27	437.0	20.38	16.44
PTHR10751	5649.0	5526.81	482.0	42.55	34.32
PTHR21085	1517.0	1476.27	638.0	90.08	72.67
PTHR11922	5146.94	4943.31	845.0	172.39	139.08
PTHR11926	3067.03	2944.84	187.75	37.18	29.99
PTHR11431	1230.65	1189.92	2438.0	427.62	344.96
PTHR10430	2560.0	2437.81	602.0	165.04	133.14
PTHR10436	8858.46	8573.35	1115.99	123.98	100.01
PTHR10434	2546.0	2464.54	362.86	61.08	49.27
PTHR24096	6363.7	6200.78	6151.02	656.03	529.21
PTHR13693	5802.66	5680.47	870.27	90.25	72.81
PTHR13691	3295.0	3172.81	12970.72	2494.55	2012.34
PTHR13451	6587.75	6424.83	427.0	51.71	41.7
PTHR13452	1024.0	983.27	125.0	26.57	21.43
PTHR10759	530.0	489.27	4692.54	2019.56	1629.17
PTHR12901	1851.0	1810.27	246.0	28.3	22.83
PTHR12903	2906.93	2866.21	1069.0	77.54	62.55
PTHR23237	1005.0	964.27	960.67	208.24	167.99
PTHR10501	1528.99	1447.53	235.0	68.24	55.04
PTHR31169	6263.0	6059.35	1568.59	295.41	238.32
PTHR11426	1455.67	1374.21	50.0	19.17	15.47
PTHR14087	3340.0	3258.54	295.0	25.94	20.93
PTHR23309	3724.0	3642.54	1436.0	131.19	105.83
PTHR31344	3039.78	2999.06	1083.1	75.07	60.56
PTHR31619	2033.0	1992.27	1474.01	154.01	124.24
PTHR23306	1739.84	1658.39	155.0	39.17	31.6
PTHR23305	2996.0	2873.84	3565.8	550.5	444.09
PTHR14089	1137.0	1096.27	27.0	5.14	4.15
PTHR11748	5766.49	5562.86	818.0	119.55	96.44
PTHR11214	4936.0	4813.81	1139.29	149.49	120.59
PTHR11216	3419.0	3296.81	244.0	38.01	30.66
PTHR14154	3554.41	3350.76	521.0	150.87	121.71
PTHR14155	4791.04	4709.58	923.0	72.31	58.33
PTHR14152	566.0	525.27	59.0	23.63	19.06
PTHR11699	11740.3	11414.47	5240.96	595.15	480.09
PTHR11692	2300.0	2259.27	791.01	72.85	58.76
PTHR11693	1554.0	1513.27	3432.34	472.73	381.35
PTHR11695	12447.58	12081.01	2636.99	362.2	292.19
PTHR31760	490.0	449.27	37.0	17.36	14.01
PTHR31906	11019.15	10652.59	1258.18	257.04	207.33
PTHR21419	2246.0	2205.27	309.0	29.16	23.52
PTHR23012	8849.19	8564.09	1633.0	257.6	207.8
PTHR11101	7466.76	7140.93	1363.96	279.73	225.66
PTHR11102	6060.58	5938.39	776.0	107.08	86.38
PTHR11106	732.07	691.34	55.0	16.68	13.46
PTHR31585	1454.57	1413.84	290.0	42.76	34.5
PTHR32125	1927.0	1845.54	307.0	81.88	66.06
PTHR31588	3973.0	3891.54	800.05	88.07	71.05
PTHR32120	1371.0	1330.27	125.0	19.6	15.81
PTHR15680	1853.0	1771.54	221.06	53.77	43.38
PTHR11804	6459.55	6296.64	1194.0	108.54	87.55
PTHR11374	1705.0	1664.27	3885.39	486.34	392.33
PTHR10281	950.0	909.27	58.0	13.34	10.76
PTHR18895	553.0	512.27	65.0	26.7	21.54
PTHR12169	4122.09	4040.63	831.0	90.85	73.29
PTHR12486	1568.0	1486.54	35.0	9.72	7.84
PTHR12480	3654.21	3532.02	168.0	29.39	23.71
PTHR12482	1378.68	1297.24	191.0	56.52	45.59
PTHR12317	2483.0	2401.54	520.0	78.33	63.19
PTHR12649	1185.54	1144.81	194.0	35.38	28.54
PTHR10099	4517.0	4476.27	1789.99	83.06	67.0
PTHR13992	2800.0	2759.27	320.0	24.11	19.45
PTHR12461	7483.08	7279.43	1244.0	168.15	135.64
PTHR12466	931.0	890.27	116.0	27.25	21.98
PTHR13847	12726.23	12359.66	2191.0	316.42	255.27
PTHR32251	4889.2	4767.01	1626.13	202.97	163.74
PTHR26312	3445.0	3322.81	493.0	75.8	61.15
PTHR12000	1527.0	1486.27	328.0	46.0	37.11
PTHR12001	3620.59	3539.13	1952.97	258.49	208.52
PTHR21327	3892.93	3811.47	1156.0	127.15	102.57
PTHR21631	3749.81	3668.35	5726.66	644.45	519.87
PTHR22854	5355.57	5233.39	1270.05	152.61	123.1
PTHR22855	6528.64	6365.72	2486.0	320.86	258.83
PTHR22850	11638.68	11312.84	2704.05	410.46	331.1
PTHR22504	2021.0	1980.27	1589.0	167.03	134.75
PTHR12189	1137.78	1097.05	97.0	18.46	14.89
PTHR21256	3600.0	3518.54	1447.0	156.68	126.39
PTHR12266	2971.0	2889.54	345.0	53.04	42.79
PTHR10648	4132.66	4051.2	727.87	74.98	60.49
PTHR10641	13149.52	12905.14	2941.02	217.1	175.12
PTHR10644	13309.37	13064.99	3240.0	239.61	193.3
PTHR12864	3914.82	3751.9	548.0	110.51	89.15
PTHR12860	2905.0	2864.27	575.0	41.74	33.67
PTHR13194	750.0	709.27	37.0	10.93	8.82
PTHR13190	1027.14	986.41	310.19	65.72	53.01
PTHR13193	501.0	460.27	67.0	30.68	24.75
PTHR11913	684.0	643.27	155.0	50.56	40.79
PTHR11911	7475.82	7312.9	10082.96	1134.29	915.03
PTHR11910	1133.0	1092.27	2442.99	467.07	376.78
PTHR11918	6707.89	6504.26	789.0	100.38	80.97
PTHR12919	779.0	738.27	1094.54	310.63	250.58
PTHR12910	1695.0	1613.54	745.0	184.5	148.83
PTHR12917	6212.95	6050.03	531.33	72.7	58.65
PTHR11351	2070.0	2029.27	1074.97	110.26	88.95
PTHR11353	10717.11	10391.27	3451.9	544.32	439.11
PTHR11599	13611.0	13081.51	4968.33	1024.4	826.39
PTHR10516	12346.6	11898.57	1799.81	417.64	336.89
PTHR11592	5161.58	4957.94	2169.01	426.12	343.74
PTHR31620	1587.0	1546.27	3095.13	417.14	336.5
PTHR23315	9016.79	8731.68	867.0	102.75	82.89
PTHR23316	2252.0	2211.27	1358.06	127.79	103.09
PTHR11778	3103.0	3021.54	511.0	69.28	55.89
PTHR11774	1201.0	1160.27	56.0	10.07	8.13
PTHR11773	3594.0	3553.27	687.06	40.18	32.41
PTHR11772	6608.0	6404.35	2476.0	262.1	211.42
PTHR10357	18466.67	18100.1	4911.12	404.79	326.56
PTHR10353	1675.07	1634.34	226.0	28.81	23.24
PTHR10350	4408.0	4367.27	562.0	26.73	21.56
PTHR10351	3152.47	3071.01	3802.27	769.46	620.72
PTHR10359	5503.99	5341.07	849.0	111.36	89.84
PTHR31750	2091.02	2050.29	259.0	26.29	21.21
PTHR23418	1527.0	1486.27	390.0	54.69	44.12
PTHR14189	1707.67	1666.94	396.09	49.5	39.93
PTHR31245	1570.0	1529.27	526.0	71.68	57.83
PTHR23001	2070.0	2029.27	858.0	88.01	70.99
PTHR23002	2091.0	2009.54	87.0	18.61	15.01
PTHR30178	3599.14	3476.95	7566.21	1534.11	1237.56
PTHR22904	17541.87	16971.65	1859.98	271.33	218.86
PTHR11177	24563.74	23871.34	9077.48	1149.43	927.24
PTHR11178	1500.0	1459.27	382.0	54.57	44.02
PTHR14456	1326.0	1244.54	78.0	27.43	22.12
PTHR31808	1560.0	1519.27	229.0	31.41	25.34
PTHR31803	4213.0	4090.81	635.0	66.88	53.95
PTHR11009	2042.21	1960.75	187.17	40.29	32.51
PTHR19229	16933.37	16729.72	1573.12	61.54	49.65
PTHR11005	3237.55	3156.1	676.0	113.08	91.22
PTHR11006	4101.97	4020.51	503.0	53.73	43.35
PTHR18640	1921.0	1880.27	273.95	30.34	24.47
PTHR18866	21479.73	21113.16	5743.14	484.2	390.61
PTHR15588	2726.0	2644.54	1711.0	201.86	162.84
PTHR12677	7160.0	6997.08	930.99	112.01	90.35
PTHR19134	1872.71	1831.98	1261.96	143.44	115.71
PTHR19139	7246.82	7043.17	568.47	83.09	67.03
PTHR30566	6904.68	6741.76	881.0	101.12	81.57
PTHR12459	1900.0	1859.27	263.0	29.45	23.76
PTHR12456	2080.05	1998.59	92.0	18.9	15.25
PTHR22931	6971.0	6889.54	1759.2	93.31	75.27
PTHR19359	8672.74	8428.36	2065.16	328.72	265.17
PTHR12072	3112.0	3030.54	305.0	34.69	27.99
PTHR13218	953.0	912.27	38.04	8.72	7.03
PTHR13215	1530.0	1448.54	86.0	24.57	19.82
PTHR13213	1536.57	1455.11	274.0	75.11	60.6
PTHR12290	1984.39	1943.66	241.0	25.81	20.82
PTHR21530	6359.0	6155.35	710.92	110.8	89.37
PTHR12295	4144.0	4103.27	203.0	10.28	8.29
PTHR12298	6939.64	6735.99	1379.91	147.06	118.64
PTHR10638	3196.86	3156.14	2219.0	146.14	117.89
PTHR10634	1401.0	1360.27	588.92	90.28	72.83
PTHR10631	2510.28	2428.82	209.0	30.42	24.53
PTHR10984	4139.0	4016.81	1558.01	245.7	198.2
PTHR13501	1765.19	1683.73	1831.22	498.77	402.36
PTHR13505	677.0	636.27	59.0	19.46	15.7
PTHR12850	449.0	408.27	14712.16	7609.58	6138.61
PTHR12856	678.0	637.27	30.0	9.88	7.97
PTHR12855	1721.0	1680.27	497.0	61.62	49.7
PTHR12854	2817.24	2735.78	344.12	44.5	35.9
PTHR13182	620.0	579.27	55.0	19.95	16.09
PTHR10855	1808.0	1767.27	568.98	67.05	54.09
PTHR10743	971.0	930.27	109.01	24.5	19.76
PTHR10742	19383.12	18975.82	2737.97	285.17	230.05
PTHR10745	2340.0	2299.27	1128.81	102.14	82.4
PTHR10744	1577.0	1495.54	18017.65	4181.25	3372.99
PTHR10746	3485.23	3403.77	2497.67	424.0	342.03
PTHR12924	776.0	735.27	692.0	197.2	159.08
PTHR23308	5762.82	5559.17	1649.45	386.68	311.93
PTHR11349	1622.0	1540.54	2607.4	748.92	604.15
PTHR10566	20587.07	20139.07	3373.1	344.21	277.67
PTHR11588	3030.0	2907.81	7210.02	957.41	772.34
PTHR10291	1100.0	1059.27	100.0	19.72	15.91
PTHR11584	8061.91	7898.99	774.48	97.38	78.56
PTHR11586	1043.0	1002.27	81.0	16.89	13.62
PTHR11909	6502.12	6339.2	4049.46	411.43	331.9
PTHR24320	11579.92	11254.08	1009.97	141.24	113.95
PTHR24322	20174.3	19522.62	4203.0	676.6	545.83
PTHR11907	2177.0	2136.27	496.0	48.32	38.98
PTHR11760	1467.0	1385.54	20170.86	5300.25	4275.68
PTHR11761	1784.0	1702.54	10960.12	3766.08	3038.07
PTHR11766	1920.0	1838.54	268.0	62.31	50.26
PTHR11767	6170.5	6007.61	553.0	69.46	56.03
PTHR10361	4867.68	4745.49	289.0	37.97	30.63
PTHR10366	14709.93	14221.18	12623.05	1900.41	1533.08
PTHR10169	3361.0	3320.27	439.88	27.53	22.21
PTHR10168	5783.17	5579.54	1419.04	181.47	146.38
PTHR20973	1986.0	1945.27	171.0	18.3	14.76
PTHR10165	1540.0	1499.27	207.0	28.78	23.21
PTHR31032	3027.0	2945.54	2521.13	353.69	285.32
PTHR23257	142895.38	139392.89	32553.57	3425.86	2763.49
PTHR23253	2218.0	2177.27	95.0	9.08	7.32
PTHR14190	2516.0	2475.27	264.0	22.18	17.9
PTHR14194	9674.13	9348.29	3369.53	567.84	458.07
PTHR31251	28668.74	27731.97	2943.59	479.52	386.8
PTHR23074	15900.92	15452.9	2375.36	379.75	306.35
PTHR23077	11346.47	10776.32	952.99	229.32	185.0
PTHR23076	16722.24	16152.04	4160.89	641.98	517.89
PTHR12561	1517.0	1476.27	124.0	17.51	14.12
PTHR23073	7551.58	7225.75	3923.03	938.26	756.9
PTHR10293	3994.96	3832.04	915.0	211.05	170.24
PTHR23078	1748.0	1666.54	239.0	59.89	48.31
PTHR11165	2277.0	2195.54	1513.87	287.35	231.81
PTHR10772	3691.52	3569.33	2413.05	417.96	337.17
PTHR32100	5352.0	5229.81	4841.87	653.28	527.0
PTHR14445	2181.0	2099.54	261.0	50.9	41.06
PTHR31811	2332.0	2250.54	99.0	16.31	13.16
PTHR23102	4151.25	4029.06	735.0	100.4	80.99
PTHR23105	6013.58	5769.2	27956.3	5646.83	4555.26
PTHR11010	8406.93	8244.01	1917.93	192.42	155.23
PTHR11014	6111.01	5948.1	551.0	61.57	49.67
PTHR12668	3919.0	3837.54	1239.14	128.34	103.52
PTHR12661	3303.0	3262.27	783.0	49.88	40.24
PTHR12663	4216.87	4176.14	695.19	34.58	27.9
PTHR12664	1357.84	1317.11	891.48	141.17	113.88
PTHR16166	33453.56	33046.26	3424.16	195.94	158.06
PTHR12111	867.0	826.27	224.0	56.74	45.77
PTHR12447	602.0	561.27	8.0	3.0	2.42
PTHR15481	778.0	737.27	34.0	9.66	7.79
PTHR26379	2088.0	2006.54	859.03	158.65	127.98
PTHR12599	1259.0	1218.27	670.09	114.78	92.59
PTHR12596	3743.0	3702.27	445.0	24.97	20.15
PTHR12590	904.26	863.54	134.0	32.46	26.19
PTHR12066	4320.85	4157.93	179.0	35.19	28.38
PTHR12064	3924.0	3801.81	732.0	83.45	67.31
PTHR13226	1660.35	1578.89	96.0	24.22	19.54
PTHR13889	2988.0	2947.27	885.19	62.44	50.37
PTHR13887	1074.0	1033.27	58.58	11.84	9.55
PTHR21181	670.0	629.27	153.0	51.03	41.17
PTHR12412	2566.0	2525.27	237.0	19.52	15.75
PTHR13948	2275.3	2193.84	210.0	42.03	33.9
PTHR12146	1020.0	938.59	6132.15	1904.43	1536.29
PTHR10458	3066.0	2984.54	776.29	114.1	92.05
PTHR19306	9237.0	9114.81	867.0	59.7	48.16
PTHR12280	5072.14	4949.95	1055.01	116.75	94.18
PTHR11451	7196.76	7033.84	3531.74	329.96	266.17
PTHR12286	3323.77	3242.32	277.0	30.48	24.59
PTHR12415	5781.81	5618.9	177.0	22.0	17.75
PTHR30573	2341.0	2300.27	178.0	16.1	12.99
PTHR22983	1153.0	1112.27	108.0	20.27	16.36
PTHR22981	1255.0	1214.27	241.0	41.42	33.41
PTHR10947	2702.0	2620.55	388.0	57.29	46.22
PTHR30191	2384.39	2343.67	1416.17	125.71	101.41
PTHR13082	761.0	720.27	115.0	33.46	26.99
PTHR10629	3752.0	3629.81	84.0	14.01	11.29
PTHR10994	13038.29	12712.45	1515.0	194.87	157.22
PTHR10996	7622.02	7377.64	1605.0	169.36	136.63
PTHR10625	11371.46	10964.17	2020.92	273.36	220.52
PTHR10992	38315.44	37215.75	5743.75	822.79	663.74
PTHR10993	1797.0	1715.54	122.0	34.39	27.74
PTHR17695	4516.0	4393.81	480.73	66.46	53.61
PTHR12848	2610.0	2528.54	151.0	24.68	19.91
PTHR12849	1895.0	1813.54	106.0	24.45	19.72
PTHR21712	936.09	895.38	66.0	15.41	12.43
PTHR21294	1824.23	1783.5	532.13	62.13	50.12
PTHR12841	938.0	897.27	44.0	10.26	8.27
PTHR21290	3992.0	3829.08	387.99	79.74	64.33
PTHR21349	1582.0	1500.54	1361.0	404.29	326.15
PTHR21347	2010.32	1969.59	443.0	46.82	37.77
PTHR21343	341.0	300.29	4.0	2.83	2.28
PTHR10196	6984.79	6821.87	563.0	68.3	55.09
PTHR10192	3011.0	2929.54	1707.33	178.94	144.35
PTHR10755	1148.8	1108.07	2910.34	548.4	442.39
PTHR10758	3080.16	2998.71	1752.92	289.31	233.38
PTHR13152	825.13	784.4	43.0	11.48	9.26
PTHR12932	6423.46	6260.56	1989.03	211.97	171.0
PTHR12934	1962.0	1880.54	1227.92	276.99	223.45
PTHR10288	11693.27	11448.89	6750.48	698.42	563.41
PTHR11800	1409.0	1368.27	286.0	43.59	35.16
PTHR11802	14465.82	14180.71	5507.51	530.96	428.32
PTHR11807	2189.08	2107.62	153.0	30.84	24.88
PTHR11808	9332.0	9087.62	1926.0	206.37	166.48
PTHR10283	10899.08	10695.43	2211.99	203.3	164.0
PTHR10285	7736.98	7533.34	6335.8	755.03	609.09
PTHR10286	980.2	939.48	1185.0	263.7	212.73
PTHR11579	3035.9	2954.44	705.0	98.44	79.4
PTHR13718	2679.0	2597.54	10901.93	2208.79	1781.82
PTHR13711	6479.0	6234.62	5251.07	1682.69	1357.42
PTHR13710	13628.68	13221.47	765.0	90.72	73.18
PTHR11977	1449.17	1408.45	785.0	116.21	93.74
PTHR11972	5682.58	5601.12	2860.0	188.52	152.08
PTHR31480	1230.0	1189.27	493.0	86.52	69.79
PTHR31485	10975.01	10608.45	1324.0	202.5	163.35
PTHR11715	984.0	943.27	1240.71	274.98	221.82
PTHR11717	2192.0	2110.54	139.0	22.54	18.18
PTHR11711	9195.84	8910.74	4537.4	1004.32	810.17
PTHR11712	36096.82	34631.06	2454.0	217.45	175.39
PTHR10374	4260.27	4138.08	2501.89	262.9	212.08
PTHR10178	2991.45	2910.0	2483.1	390.57	315.07
PTHR11482	12022.65	11859.73	4985.02	359.54	290.04
PTHR10173	4676.15	4513.23	1488.0	251.02	202.49
PTHR10177	7491.18	7328.26	5806.42	660.79	533.05
PTHR10174	6250.59	6046.94	1278.0	221.12	178.37
PTHR23249	2138.06	2056.61	225.0	45.54	36.74
PTHR23244	12929.71	12563.16	1422.0	224.18	180.83
PTHR23245	449.24	408.53	72.0	37.21	30.02
PTHR23240	2126.18	2044.72	160.0	29.41	23.73
PTHR14614	12819.84	12453.27	589.0	87.86	70.9
PTHR31268	2350.0	2268.55	493.0	54.5	43.97
PTHR31262	1992.24	1870.07	38083.23	9068.12	7315.21
PTHR23063	2120.51	2039.05	336.0	75.87	61.2
PTHR11620	700.0	659.27	5752.25	1830.28	1476.48
PTHR11624	4458.0	4376.54	1535.0	187.67	151.4
PTHR11627	5143.05	4980.13	7004.17	919.01	741.37
PTHR11390	4735.3	4653.85	638.72	78.79	63.56
PTHR31319	4338.0	4256.54	2385.94	232.79	187.78
PTHR14052	1426.63	1385.9	248.01	37.31	30.1
PTHR32118	2364.0	2323.27	2991.62	267.89	216.11
PTHR23117	1828.31	1787.58	2309.95	269.11	217.09
PTHR23115	47868.56	46931.8	58237.28	6839.61	5517.49
PTHR11028	1556.0	1515.27	612.0	84.18	67.91
PTHR11024	6904.0	6781.81	845.0	82.72	66.73
PTHR10066	6611.26	6366.88	296.0	49.34	39.8
PTHR11777	3213.0	3172.27	1291.97	84.65	68.29
PTHR12616	2001.0	1960.27	245.0	26.02	20.99
PTHR12613	2775.0	2734.27	462.14	35.15	28.35
PTHR12612	688.0	647.27	151.0	48.95	39.49
PTHR32060	3859.0	3777.54	1148.0	107.36	86.61
PTHR12126	3156.0	3074.54	1330.0	175.8	141.82
PTHR12436	7062.2	6899.28	1010.0	117.48	94.78
PTHR22734	1395.0	1354.27	186.0	28.64	23.11
PTHR12121	2209.0	2127.54	226.01	43.29	34.92
PTHR12438	1648.0	1607.27	85.0	11.02	8.89
PTHR15492	1834.0	1793.27	200.0	23.23	18.74
PTHR21426	2140.0	2099.27	67.0	6.64	5.36
PTHR21427	1217.0	1176.27	79.0	14.02	11.31
PTHR19372	1995.0	1954.27	449.0	47.83	38.58
PTHR19370	7302.44	7098.79	3214.0	331.37	267.31
PTHR19376	16949.68	16664.57	2288.99	152.21	122.79
PTHR19375	6796.5	6552.12	1227.0	263.77	212.77
PTHR12725	2331.06	2249.6	393.0	63.78	51.45
PTHR22884	12739.96	12536.31	1518.1	98.73	79.64
PTHR22880	9147.13	8862.03	1988.18	247.59	199.72
PTHR12542	2365.0	2324.27	95.0	8.5	6.86
PTHR12547	2022.0	1940.54	716.0	103.26	83.3
PTHR12124	4338.49	4216.31	225.0	33.22	26.8
PTHR10114	516.0	475.27	9101.38	4034.13	3254.3
PTHR21512	2591.0	2550.27	120.0	9.79	7.89
PTHR30508	2042.0	2001.27	1592.11	165.6	133.59
PTHR30502	1022.38	981.65	160.0	34.06	27.48
PTHR10961	2083.01	2001.55	1800.83	304.78	245.87
PTHR10617	8713.0	8468.62	8188.16	1040.28	839.17
PTHR10615	2295.77	2214.31	861.08	151.12	121.91
PTHR13527	4604.35	4563.62	2286.65	104.07	83.95
PTHR22958	6999.15	6876.96	3199.21	244.64	197.36
PTHR14534	2035.0	1994.27	211.0	22.02	17.77
PTHR22951	2380.0	2339.27	201.97	17.96	14.49
PTHR22950	47575.74	46598.23	9635.84	823.44	664.25
PTHR22953	9417.78	9214.13	1962.07	205.43	165.72
PTHR22952	5915.43	5711.79	1014.73	182.1	146.88
PTHR22957	11743.16	11417.33	1521.98	223.12	179.99
PTHR21600	1293.0	1252.27	168.0	27.99	22.58
PTHR24056	14288.41	13921.86	5370.7	380.33	306.81
PTHR24054	1577.0	1536.27	547.0	74.2	59.86
PTHR24055	11541.12	11256.01	3534.47	505.1	407.46
PTHR24058	4489.0	4326.08	843.01	151.47	122.19
PTHR10766	3137.0	3014.81	1055.0	216.86	174.94
PTHR10762	3342.08	3219.9	236.0	45.81	36.95
PTHR30031	5806.0	5643.09	3944.74	333.34	268.91
PTHR12945	1366.0	1325.27	158.0	24.87	20.06
PTHR12944	2402.12	2361.39	131.0	11.54	9.31
PTHR24128	5601.68	5479.5	2913.99	267.4	215.7
PTHR12858	4281.76	4118.84	322.96	70.18	56.62
PTHR32228	1221.36	1180.64	36.0	6.36	5.13
PTHR13096	3712.0	3630.54	268.01	30.93	24.95
PTHR11365	5366.45	5040.64	142.0	33.97	27.4
PTHR11361	18790.0	18179.1	1170.03	106.04	85.53
PTHR11814	20784.45	20458.62	4951.95	254.12	205.01
PTHR11363	1403.0	1362.27	18666.61	2857.48	2305.12
PTHR10543	8113.0	7950.08	986.02	97.39	78.56
PTHR10540	2472.0	2390.54	818.94	142.64	115.07
PTHR11562	6613.83	6450.91	3130.86	309.03	249.29
PTHR11566	16677.0	16391.89	5670.49	462.98	373.48
PTHR11567	2524.0	2442.54	513.0	94.22	76.0
PTHR11564	6329.0	6206.81	1505.98	150.59	121.48
PTHR11962	3000.3	2918.84	487.0	69.95	56.43
PTHR11963	1780.0	1739.27	458.78	54.94	44.32
PTHR10381	7162.54	6836.71	5444.99	1240.84	1000.98
PTHR10383	2942.0	2860.54	773.98	114.67	92.51
PTHR11705	1924.12	1842.66	229.0	42.24	34.08
PTHR11702	10251.0	10047.35	3223.38	257.95	208.1
PTHR11700	1446.0	1364.54	13642.47	4886.28	3941.73
PTHR10388	922.0	881.27	1059.0	251.36	202.77
PTHR11709	11318.63	11074.25	2206.11	224.07	180.76
PTHR10145	5912.0	5871.27	817.94	28.92	23.33
PTHR23273	2704.0	2622.54	1088.0	116.01	93.58
PTHR12050	3468.7	3427.97	391.0	23.7	19.12
PTHR24305	923.0	882.27	43.0	10.19	8.22
PTHR23050	2427.0	2304.81	2468.51	643.4	519.03
PTHR23056	2353.0	2271.54	545.0	100.59	81.14
PTHR23054	1819.0	1778.27	133.0	15.58	12.57
PTHR11638	10163.87	9919.49	10056.22	841.27	678.64
PTHR23291	2967.8	2886.34	486.0	74.65	60.22
PTHR23293	4668.04	4545.85	2178.97	268.37	216.49
PTHR11141	3077.0	3036.27	489.06	33.48	27.01
PTHR11142	5370.19	5248.0	315.74	36.74	29.63
PTHR11143	905.0	864.27	16242.12	3931.66	3171.64
PTHR22748	5194.42	5031.5	348.0	57.98	46.76
PTHR11380	968.0	927.27	449.0	101.24	81.67
PTHR11384	2561.0	2479.54	190.81	34.8	28.07
PTHR32477	2209.0	2168.27	78.0	7.49	6.04
PTHR14043	1964.0	1882.54	128.0	28.51	22.99
PTHR32472	3185.84	3145.11	438.26	28.96	23.37
PTHR31658	3477.0	3436.27	360.0	21.77	17.56
PTHR13890	8187.43	8024.55	1469.0	149.61	120.69
PTHR14269	4165.0	4002.08	781.14	114.13	92.08
PTHR22883	9515.96	9230.86	982.77	142.11	114.64
PTHR23125	52925.32	51622.05	5915.33	687.25	554.41
PTHR19879	2398.0	2357.27	212.0	18.71	15.09
PTHR22881	3018.89	2937.43	580.0	74.48	60.08
PTHR14136	2972.0	2849.81	837.46	189.77	153.08
PTHR19876	6995.0	6913.54	1524.73	91.1	73.49
PTHR12608	4949.75	4786.84	1218.96	186.58	150.52
PTHR12604	2268.0	2227.27	92.0	8.59	6.93
PTHR12603	2815.0	2733.54	462.0	72.64	58.6
PTHR32091	2739.68	2658.22	2399.67	379.84	306.42
PTHR32098	4307.21	4144.29	268.0	52.92	42.68
PTHR18763	1639.0	1557.54	167.0	44.74	36.1
PTHR22726	2320.72	2239.26	138.0	20.18	16.28
PTHR22727	19425.27	18977.29	1927.6	230.78	186.16
PTHR12428	3417.51	3336.06	1540.0	182.78	147.45
PTHR18968	8370.9	8167.26	1245.96	131.59	106.15
PTHR12730	3614.0	3532.54	444.0	51.26	41.34
PTHR12506	827.0	786.27	47.0	12.52	10.1
PTHR12735	1840.0	1758.54	375.96	90.35	72.89
PTHR15020	3832.0	3750.54	2201.04	341.49	275.47
PTHR12558	2511.74	2430.28	192.0	28.64	23.1
PTHR12553	1670.0	1588.54	73.0	16.55	13.35
PTHR12049	2337.68	2256.22	87.0	14.52	11.71
PTHR10497	933.0	851.55	9435.43	3793.59	3060.26
PTHR24073	4676.82	4473.17	1868.0	412.32	332.62
PTHR21569	702.0	661.27	10982.92	3483.92	2810.46
PTHR21567	1313.0	1272.27	368.0	60.34	48.68
PTHR13950	1190.0	1149.27	151.0	27.43	22.13
PTHR12133	1569.93	1529.21	61.0	8.31	6.71
PTHR10972	6443.07	6320.88	834.0	95.98	77.43
PTHR10606	4048.89	4008.16	1034.96	53.64	43.27
PTHR10971	1329.0	1288.27	199.0	32.22	25.99
PTHR13743	7955.0	7792.08	370.95	47.59	38.4
PTHR12302	3704.0	3663.27	931.0	52.81	42.6
PTHR22942	9982.41	9575.15	1205.0	161.52	130.28
PTHR13395	2558.0	2476.54	291.0	45.4	36.63
PTHR13803	5854.68	5732.52	884.0	58.32	47.05
PTHR21368	1246.0	1164.55	1534.86	412.85	333.04
PTHR24067	16971.4	16360.48	6649.35	1218.16	982.68
PTHR24064	12436.56	12151.45	2424.18	243.38	196.33
PTHR24063	28498.87	27765.83	4968.13	493.84	398.38
PTHR21011	1531.0	1449.54	896.0	232.05	187.19
PTHR10774	14533.63	14126.36	1497.0	179.32	144.67
PTHR24068	3025.0	2902.81	584.9	170.3	137.38
PTHR19980	2076.0	1994.54	81.0	17.73	14.31
PTHR12959	3653.93	3572.47	132.0	18.57	14.98
PTHR24115	30371.7	29557.13	8186.39	653.91	527.53
PTHR11825	9280.01	8994.92	1712.65	222.05	179.13
PTHR10809	1619.0	1537.54	617.0	139.7	112.69
PTHR11822	1701.0	1660.27	1302.06	163.38	131.79
PTHR10555	4417.94	4336.48	2251.32	179.36	144.69
PTHR10806	859.0	818.27	256.96	65.73	53.02
PTHR10804	9568.11	9364.47	4646.1	633.42	510.97
PTHR11556	3811.0	3688.82	4363.51	580.62	468.39
PTHR11558	1457.0	1416.27	185.0	27.23	21.97
PTHR13773	3380.18	3298.72	517.0	66.22	53.42
PTHR10537	1302.9	1262.17	188.78	31.2	25.17
PTHR11953	2119.0	2037.54	207.0	41.9	33.8
PTHR11952	1761.0	1679.54	397.0	101.54	81.92
PTHR11956	2198.0	2157.27	659.0	63.57	51.28
PTHR11959	4170.69	4129.96	993.17	49.96	40.3
PTHR11739	1965.86	1925.13	1353.97	146.42	118.12
PTHR11732	18037.52	17508.06	2213.9	325.84	262.86
PTHR11731	7519.86	7397.67	786.0	67.99	54.85
PTHR11730	3410.2	3288.02	378.0	69.92	56.39
PTHR11735	3067.29	2945.11	195.0	35.63	28.74
PTHR10394	790.0	749.27	13622.48	3808.7	3072.46
PTHR20941	2174.5	2093.05	309.0	56.27	45.39
PTHR10150	2344.23	2262.81	202.0	34.98	28.22
PTHR31065	2953.14	2871.68	990.0	130.83	105.53
PTHR10159	8099.0	7895.35	2124.52	268.73	216.78
PTHR31066	1295.0	1254.27	206.0	34.27	27.64
PTHR13604	1022.0	940.54	30.0	13.86	11.18
PTHR23264	3545.2	3423.01	554.01	96.98	78.23
PTHR23269	2111.0	2070.27	240.0	24.13	19.46
PTHR31204	1720.0	1679.27	344.0	42.67	34.42
PTHR31201	1685.0	1644.27	424.0	53.72	43.34
PTHR31209	1301.0	1260.27	53.0	8.77	7.08
PTHR11607	3948.0	3866.54	302.0	33.81	27.28
PTHR11606	4804.52	4682.34	1197.4	129.83	104.73
PTHR23284	1570.62	1529.89	187.0	25.47	20.55
PTHR24316	4355.0	4232.81	2834.02	406.12	327.62
PTHR32467	9977.92	9570.71	855.0	141.23	113.94
PTHR14255	6487.64	6283.99	493.99	83.22	67.15
PTHR31840	758.0	717.27	30.0	8.76	7.07
PTHR23130	4459.0	4377.54	1235.09	91.11	73.49
PTHR23133	1077.0	1036.27	268.0	54.03	43.58
PTHR23135	1633.06	1592.33	507.0	66.34	53.51
PTHR23138	2479.0	2397.54	816.24	169.29	136.56
PTHR23139	8502.65	8258.27	3465.06	476.43	384.34
PTHR31682	1259.0	1218.27	797.0	136.52	110.13
PTHR11040	2671.0	2548.81	356.0	93.0	75.02
PTHR11043	835.0	794.27	237.0	62.47	50.4
PTHR11042	6733.84	6570.92	1207.0	126.63	102.16
PTHR11048	13189.57	12945.19	2580.99	245.82	198.3
PTHR15818	1985.0	1944.27	168.0	17.99	14.51
PTHR12636	1194.0	1153.27	214.94	38.91	31.39
PTHR31606	1282.0	1241.27	208.0	34.96	28.21
PTHR14490	2710.28	2588.09	518.0	73.76	59.5
PTHR14493	9707.82	9463.44	3538.92	392.49	316.61
PTHR15651	2177.0	2136.27	175.0	17.05	13.75
PTHR12380	3363.0	3240.81	1190.0	215.18	173.59
PTHR12385	2845.0	2763.54	1660.81	193.11	155.79
PTHR12706	15109.09	14823.98	975.0	66.35	53.51
PTHR12709	1994.06	1912.6	385.01	86.48	69.76
PTHR19957	6471.39	6308.47	1353.25	183.27	147.84
PTHR30239	1763.0	1722.27	910.47	110.11	88.83
PTHR12560	3392.0	3310.54	1030.0	136.62	110.22
PTHR11203	5271.62	5149.43	805.49	76.85	61.99
PTHR12770	5842.86	5639.23	324.0	67.4	54.38
PTHR12097	7251.0	7169.54	2623.0	151.56	122.26
PTHR19842	2635.0	2594.27	390.97	31.34	25.28
PTHR11200	8108.23	8026.77	1120.44	57.34	46.25
PTHR21576	1565.22	1483.76	51.0	11.82	9.54
PTHR24193	12657.16	12209.14	2678.04	433.73	349.88
PTHR12419	5021.03	4817.38	1015.0	212.19	171.16
PTHR23338	3031.0	2908.81	820.93	208.82	168.45
PTHR30525	1631.0	1590.27	580.91	76.11	61.4
PTHR12413	1862.11	1780.65	83.0	19.13	15.43
PTHR12411	14855.85	14244.93	4055.01	459.72	370.84
PTHR23339	3752.88	3671.43	473.97	66.92	53.99
PTHR21717	5387.33	5265.14	1110.0	90.63	73.1
PTHR10943	3910.0	3828.54	958.01	89.47	72.17
PTHR12897	3002.0	2961.27	440.0	30.89	24.92
PTHR12894	6310.0	6024.9	214.0	57.02	45.99
PTHR12891	1205.0	1164.27	30.0	5.38	4.34
PTHR22976	4671.0	4508.11	1614.83	181.02	146.03
PTHR22975	3004.25	2882.12	318.0	44.23	35.69
PTHR22970	2668.0	2627.27	187.01	14.8	11.94
PTHR21377	1983.0	1901.54	414.0	94.79	76.46
PTHR21371	2074.0	2033.27	7694.92	787.72	635.45
PTHR21373	2449.0	2367.54	168.0	29.96	24.17
PTHR22573	10658.78	10455.14	2239.98	212.27	171.24
PTHR22572	7272.0	7068.35	3448.06	514.08	414.69
PTHR21000	2063.0	2022.27	1428.0	146.98	118.57
PTHR10701	613.0	572.27	220.0	80.78	65.16
PTHR13161	914.0	832.57	105.0	49.01	39.53
PTHR13165	3019.9	2938.44	639.0	87.05	70.23
PTHR21396	1273.0	1191.54	370.0	127.6	102.93
PTHR12965	2269.44	2188.02	253.0	43.68	35.24
PTHR10681	6971.55	6645.71	2173.99	395.82	319.32
PTHR24106	8925.19	8640.08	1352.07	198.37	160.02
PTHR24103	2839.0	2716.81	151.0	31.54	25.45
PTHR10683	1632.0	1591.27	1070.0	140.11	113.02
PTHR11540	2369.0	2206.11	963.66	315.28	254.34
PTHR10836	2311.0	2188.86	5361.94	908.34	732.74
PTHR10835	2404.0	2363.27	286.0	25.18	20.31
PTHR11545	927.0	886.27	12077.28	2850.3	2299.32
PTHR10012	1524.0	1483.27	150.0	21.08	17.0
PTHR13768	2607.0	2525.54	596.0	100.5	81.07
PTHR24078	11447.0	11121.2	855.0	130.89	105.58
PTHR11946	14822.0	14577.62	8779.03	618.57	498.99
PTHR11947	4638.29	4556.83	2617.14	246.18	198.6
PTHR11941	9808.51	9523.42	1305.0	191.69	154.65
PTHR24072	1597.0	1556.27	226.0	30.26	24.41
PTHR10496	512.0	471.27	7599.93	3397.64	2740.86
PTHR10491	2790.03	2708.57	320.97	46.97	37.9
PTHR24076	12278.29	11789.58	1918.0	300.55	242.44
PTHR24077	13895.64	13325.5	2910.45	360.91	291.14
PTHR11728	3894.0	3812.54	1717.32	234.05	188.8
PTHR11726	842.0	801.27	22578.56	5899.24	4758.88
PTHR11727	551.0	510.27	22.0	9.07	7.32
PTHR11721	648.0	607.27	11818.42	4086.33	3296.42
PTHR11722	794.0	753.27	9830.18	2733.68	2205.24
PTHR10120	3968.17	3886.71	672.0	62.47	50.4
PTHR10122	1136.0	1095.27	2637.03	502.77	405.58
PTHR11831	2383.0	2260.81	9642.31	2510.63	2025.31
PTHR11835	1802.0	1761.27	987.01	116.71	94.15
PTHR11614	6084.86	6003.4	1802.4	109.15	88.05
PTHR11615	9985.52	9618.97	3240.04	354.26	285.79
PTHR11618	3645.89	3523.7	378.0	67.13	54.15
PTHR14140	2692.0	2651.27	457.0	35.85	28.92
PTHR32419	1332.0	1291.27	111.0	17.93	14.47
PTHR10231	5621.0	5498.81	524.0	61.68	49.76
PTHR10233	9058.0	8854.35	1418.59	155.63	125.56
PTHR31503	4424.83	4302.64	732.92	77.43	62.47
PTHR23147	685.44	644.71	116.0	37.75	30.45
PTHR23140	2080.0	2039.27	142.0	14.49	11.69
PTHR23142	1020.0	979.27	78.0	16.65	13.43
PTHR23149	1869.0	1828.27	287.0	32.69	26.37
PTHR23148	853.61	812.88	92.0	23.69	19.11
PTHR11817	11835.0	11590.62	2879.0	291.83	235.42
PTHR11056	2055.78	2015.05	282.0	29.13	23.5
PTHR11055	4355.55	4233.36	3997.2	496.26	400.33
PTHR32523	2438.2	2356.74	724.71	111.01	89.55
PTHR31695	2917.0	2876.27	415.0	30.0	24.2
PTHR11819	329.0	288.3	1.0	0.74	0.59
PTHR10544	507.0	466.27	3385.07	1529.81	1234.09
PTHR12629	2692.75	2652.02	1261.94	98.95	79.82
PTHR19316	1500.0	1459.27	121.0	17.28	13.94
PTHR18945	6497.17	6374.98	673.0	64.19	51.78
PTHR26402	9656.0	9452.35	6655.28	532.12	429.26
PTHR19384	6575.0	6452.81	371.24	34.48	27.82
PTHR12714	5158.91	4996.0	1566.11	177.72	143.36
PTHR12570	4668.07	4545.88	599.06	72.16	58.21
PTHR21494	2475.0	2434.27	128.0	10.94	8.82
PTHR21145	1284.04	1243.31	288.01	48.33	38.99
PTHR21496	4795.0	4591.39	1421.0	238.13	192.1
PTHR21493	32633.4	31900.27	3823.25	424.29	342.27
PTHR21499	9292.06	9169.87	3523.0	237.42	191.53
PTHR21148	4019.46	3897.28	313.0	56.05	45.21
PTHR12083	3754.29	3632.1	657.19	101.2	81.64
PTHR19854	3891.0	3768.81	318.0	38.55	31.1
PTHR13976	1590.0	1508.54	77.0	22.61	18.24
PTHR19852	2220.0	2179.27	491.0	46.88	37.82
PTHR16128	3604.0	3441.08	257.0	45.0	36.29
PTHR12400	1506.37	1465.65	360.38	51.26	41.35
PTHR19853	3074.0	3033.27	323.0	22.14	17.86
PTHR30314	1812.0	1771.27	1441.93	169.54	136.77
PTHR12882	706.0	665.27	108.0	34.05	27.47
PTHR12883	1422.0	1381.27	183.0	27.63	22.29
PTHR16255	7351.32	7229.13	1773.26	166.97	134.69
PTHR16254	8797.64	8634.72	2305.04	243.47	196.42
PTHR22960	615.19	574.47	70.0	25.6	20.65
PTHR13373	2177.0	2136.27	96.0	9.35	7.54
PTHR13375	1121.0	1080.27	172.0	33.25	26.82
PTHR22967	5238.0	5115.81	574.01	49.76	40.14
PTHR19858	4914.53	4833.07	452.0	36.59	29.52
PTHR30222	2520.16	2479.43	204.0	17.11	13.81
PTHR13115	1944.82	1904.09	575.0	62.87	50.72
PTHR13117	1603.0	1562.27	28.0	3.73	3.01
PTHR13285	1947.84	1907.11	229.19	25.02	20.18
PTHR13288	1360.0	1319.27	119.0	18.81	15.18
PTHR10953	15445.98	15079.41	1708.51	178.51	144.0
PTHR10954	1056.75	1016.02	113.0	23.24	18.75
PTHR21726	531.0	490.27	9.0	3.87	3.12
PTHR10956	878.0	796.56	12065.71	5280.87	4260.05
PTHR11538	1829.0	1788.27	290.0	33.77	27.24
PTHR10826	902.0	861.27	483.0	117.33	94.65
PTHR11533	14239.26	14076.34	1993.0	116.89	94.29
PTHR11532	1954.0	1913.27	395.04	42.99	34.68
PTHR10000	4194.48	4072.29	381.0	58.43	47.13
PTHR13021	1320.0	1279.27	202.97	33.1	26.7
PTHR24006	21131.78	20439.39	2503.94	358.84	289.5
PTHR24003	25858.94	25370.18	16057.28	1080.91	871.95
PTHR31446	2319.0	2237.54	411.0	74.12	59.79
PTHR31190	2676.69	2595.23	1517.91	170.4	137.46
PTHR11441	1428.0	1387.27	224.0	33.67	27.16
PTHR11440	4961.16	4798.24	332.0	52.11	42.03
PTHR11999	7976.41	7813.49	2039.01	218.76	176.48
PTHR11998	6661.93	6499.02	1844.0	270.72	218.37
PTHR11449	475.0	434.27	12084.93	5870.48	4735.68
PTHR11994	1353.0	1271.54	13999.81	4272.8	3446.84
PTHR10133	10644.94	10441.29	3514.74	257.46	207.68
PTHR13620	5367.0	5163.35	653.24	95.14	76.74
PTHR11847	739.0	698.27	11488.08	3449.03	2782.31
PTHR11843	848.0	807.27	16148.65	4187.6	3378.12
PTHR11661	1816.0	1734.54	15588.95	5184.02	4181.92
PTHR11662	23816.13	23245.91	4136.0	423.93	341.99
PTHR11669	3369.99	3288.53	528.0	68.09	54.93
PTHR11668	15349.78	14983.22	5962.68	752.57	607.1
PTHR20856	12013.0	11809.35	1817.04	101.52	81.89
PTHR20854	3871.6	3749.41	484.0	79.53	64.16
PTHR20855	8159.11	7996.24	1159.86	129.46	104.44
PTHR20852	2918.0	2795.82	4290.6	807.54	651.43
PTHR32404	1436.72	1395.99	138.0	20.61	16.63
PTHR20858	5960.76	5838.57	1228.01	121.35	97.9
PTHR14237	7583.46	7339.09	678.72	84.1	67.84
PTHR10739	4083.0	4001.54	1293.0	149.33	120.46
PTHR23155	59068.42	57520.72	8104.23	1033.61	833.78
PTHR23153	2076.68	1995.22	268.0	75.41	60.83
PTHR23151	7085.0	6677.73	2640.62	664.48	536.02
PTHR11063	4729.0	4647.55	2611.79	210.73	169.99
PTHR11062	10468.99	10224.61	1638.0	168.85	136.21
PTHR11061	4504.58	4341.66	327.0	58.82	47.45
PTHR11065	5978.11	5855.92	1473.0	167.72	135.31
PTHR11064	3541.99	3419.8	822.0	123.4	99.54
PTHR11260	9250.29	9005.91	782.0	107.3	86.56
PTHR11264	1138.6	1097.87	148.0	28.15	22.71
PTHR11266	7310.0	7065.62	1825.25	327.02	263.79
PTHR31998	2952.41	2911.68	429.0	30.63	24.71
PTHR15838	689.0	648.27	52.0	16.83	13.58
PTHR32338	2598.64	2557.91	500.0	40.65	32.8
PTHR31407	5301.0	5138.08	824.99	153.45	123.79
PTHR12363	6945.37	6823.18	483.0	32.32	26.07
PTHR18952	3246.0	3164.54	558.0	68.17	55.0
PTHR12765	1970.11	1888.65	203.0	46.36	37.4
PTHR12505	1446.23	1405.5	164.0	24.33	19.63
PTHR22604	3215.58	3134.12	173.0	26.33	21.24
PTHR21481	1507.0	1466.27	97.99	13.93	11.24
PTHR22778	2135.25	2053.79	139.0	24.1	19.44
PTHR19446	6483.24	6279.62	131.0	16.55	13.37
PTHR12219	1040.0	999.27	1199.58	250.85	202.36
PTHR13561	5493.69	5371.5	708.0	56.65	45.7
PTHR13563	1851.42	1769.96	125.0	29.93	24.14
PTHR12210	1723.22	1641.77	300.0	64.23	51.82
PTHR12215	2011.0	1929.54	100.0	22.65	18.27
PTHR12214	1138.98	1098.25	111.71	21.24	17.13
PTHR22915	11925.29	11599.45	1362.99	183.19	147.79
PTHR22911	7913.4	7669.02	381.01	57.84	46.67
PTHR22912	8641.61	8437.96	4215.67	534.45	431.15
PTHR12183	1434.0	1393.27	115.0	17.21	13.88
PTHR19849	2561.0	2520.27	80.0	6.6	5.33
PTHR31783	5651.0	5569.54	302.0	25.74	20.76
PTHR22594	4683.0	4601.54	1365.0	126.03	101.67
PTHR11864	3249.0	3167.54	285.98	36.38	29.35
PTHR21152	4497.5	4416.04	933.06	109.94	88.68
PTHR21021	1198.0	1116.54	23.0	8.73	7.05
PTHR30075	3602.0	3561.27	400.96	23.4	18.87
PTHR11632	2684.98	2644.26	3176.77	249.84	201.54
PTHR13102	2365.0	2324.27	127.0	11.37	9.17
PTHR12984	1992.0	1951.27	123.0	13.12	10.59
PTHR11630	10276.79	10032.41	4216.58	532.85	429.85
PTHR11140	7459.0	7377.54	4231.0	184.03	148.46
PTHR13299	1518.0	1436.54	95.0	28.19	22.75
PTHR12652	3867.0	3785.54	1935.25	279.87	225.77
PTHR10925	3417.0	3376.27	497.0	30.59	24.68
PTHR21737	3374.82	3252.63	530.0	102.87	82.98
PTHR10920	6170.75	6048.57	982.77	118.92	95.95
PTHR10585	2375.0	2293.54	1217.76	202.78	163.59
PTHR10584	21449.18	21001.15	3247.5	278.97	225.04
PTHR11528	5578.0	5455.81	2030.0	176.93	142.73
PTHR11527	4166.32	4003.42	1739.52	301.7	243.37
PTHR11525	1497.0	1415.54	212.98	63.34	51.1
PTHR10859	818.0	777.27	127.0	34.22	27.6
PTHR10589	4423.16	4341.7	1605.14	117.76	95.0
PTHR10588	2949.0	2826.81	333.0	60.51	48.81
PTHR13038	2184.5	2143.77	193.0	18.74	15.11
PTHR13748	11665.82	11339.99	4054.0	517.55	417.49
PTHR11223	8318.3	8196.11	1912.0	122.04	98.45
PTHR23109	936.0	895.27	50.0	11.68	9.42
PTHR24015	41526.15	40589.36	7667.85	758.02	611.49
PTHR24012	17146.14	16494.48	5899.29	1019.81	822.68
PTHR24011	30479.47	29501.98	12450.85	2277.57	1837.31
PTHR31187	5060.72	4979.26	3123.78	279.79	225.7
PTHR10548	1723.63	1682.9	594.65	73.6	59.38
PTHR10459	11031.17	10786.8	1288.05	122.91	99.16
PTHR11453	5351.0	5228.81	761.0	69.9	56.39
PTHR10108	38434.23	37212.37	4862.14	721.01	581.65
PTHR11986	9429.11	9144.0	3851.0	485.41	391.58
PTHR11455	7525.42	7240.32	508.83	87.36	70.46
PTHR10102	3623.0	3582.27	504.0	29.24	23.58
PTHR11458	1544.0	1503.27	1291.01	179.0	144.39
PTHR10106	1780.0	1739.27	421.56	50.48	40.72
PTHR31057	2692.0	2610.54	98.0	15.87	12.81
PTHR21141	2759.92	2637.74	29345.7	9383.78	7569.84
PTHR11851	15718.5	15392.67	3919.75	531.83	429.01
PTHR23092	1348.0	1307.27	62.0	9.89	7.98
PTHR23091	14817.01	14246.8	2085.04	363.77	293.44
PTHR11673	941.0	900.27	6749.51	1567.94	1264.85
PTHR11670	4122.0	4040.54	3976.51	373.58	301.37
PTHR11671	1243.0	1202.27	464.07	80.55	64.98
PTHR20863	2924.0	2761.09	3474.32	791.35	638.38
PTHR20861	1538.0	1497.27	429.03	59.72	48.18
PTHR11679	2591.0	2550.27	143.0	11.66	9.41
PTHR14009	3110.0	3069.27	1511.01	102.34	82.55
PTHR10217	6284.0	6121.08	270.0	23.68	19.1
PTHR14005	4695.0	4654.27	1257.22	56.1	45.26
PTHR10210	4058.0	3976.54	1247.19	133.78	107.92
PTHR31522	1791.0	1750.27	221.79	26.39	21.29
PTHR14221	1800.0	1759.27	316.0	37.41	30.18
PTHR23163	858.0	817.27	109.0	27.92	22.52
PTHR11079	6087.0	5883.35	3143.98	408.21	329.28
PTHR11076	12029.0	11499.52	333.0	73.0	58.89
PTHR11070	3578.69	3497.24	223.0	23.29	18.78
PTHR11071	19042.39	18350.01	4770.05	1241.83	1001.75
PTHR11278	803.0	762.27	8933.52	2454.7	1980.19
PTHR11276	1021.0	980.27	5.0	1.07	0.86
PTHR11274	2912.0	2830.54	615.0	83.69	67.51
PTHR31984	4775.07	4652.88	2281.96	266.92	215.33
PTHR16201	2464.73	2424.0	255.0	21.88	17.65
PTHR15350	3448.0	3366.54	1197.86	146.76	118.39
PTHR15606	3182.35	3100.89	277.07	40.67	32.81
PTHR12374	2029.0	1947.55	275.0	54.5	43.96
PTHR12375	1053.0	1012.27	99.98	20.64	16.65
PTHR12378	2068.0	1986.54	131.0	27.14	21.89
PTHR20961	18407.69	17959.66	2100.01	261.89	211.27
PTHR18929	13703.13	13214.38	4818.22	707.89	571.05
PTHR30535	965.68	924.97	87.0	19.66	15.86
PTHR12777	681.0	640.27	497.99	163.21	131.66
PTHR12775	1424.0	1383.27	338.0	50.95	41.1
PTHR20981	628.0	587.27	9446.73	3378.91	2725.75
PTHR16092	2101.83	2020.37	106.0	23.08	18.62
PTHR12406	6112.58	5908.93	976.0	146.78	118.4
PTHR19211	14442.82	14035.53	60003.36	4260.23	3436.72
PTHR22298	11363.84	11160.2	1911.0	154.37	124.53
PTHR12174	5683.0	5560.81	808.83	91.02	73.43
PTHR12175	2224.2	2142.74	612.98	117.88	95.09
PTHR12176	3151.97	3070.51	95.0	12.42	10.01
PTHR22769	6869.49	6665.85	937.0	161.18	130.03
PTHR22767	3785.34	3663.15	285.0	53.47	43.14
PTHR22765	2111.08	2029.62	748.98	154.18	124.39
PTHR22762	10910.55	10706.9	1329.0	110.48	89.12
PTHR22763	2674.0	2592.54	202.0	29.76	24.0
PTHR22761	4199.0	4036.09	1248.05	203.47	164.13
PTHR21231	4831.0	4708.81	577.0	89.9	72.53
PTHR21230	1481.27	1440.54	132.0	19.1	15.41
PTHR21234	1646.0	1605.27	187.0	24.27	19.58
PTHR21237	1050.0	1009.27	184.0	38.09	30.73
PTHR12202	2152.0	2070.54	213.0	44.11	35.58
PTHR12203	12288.82	12044.44	1293.71	115.21	92.95
PTHR19857	1466.0	1425.27	139.0	20.33	16.4
PTHR13355	1599.0	1558.27	264.0	35.3	28.48
PTHR19855	3948.0	3866.54	159.0	18.96	15.29
PTHR13353	3122.46	3041.0	218.0	36.02	29.05
PTHR12197	10704.52	10215.8	1404.99	197.31	159.17
PTHR13822	1125.0	1084.27	1740.56	335.24	270.44
PTHR21649	11141.98	10571.8	131621.6	30963.03	24977.69
PTHR32442	1366.0	1325.27	241.0	37.93	30.6
PTHR13138	2294.0	2212.54	262.0	45.02	36.31
PTHR10732	689.0	648.27	6856.46	2219.06	1790.11
PTHR10738	4034.0	3993.27	690.0	35.9	28.96
PTHR12992	1212.48	1171.75	100.0	17.81	14.37
PTHR22838	4773.04	4610.13	539.08	92.63	74.72
PTHR22836	2230.0	2189.27	166.0	15.78	12.73
PTHR10693	411.0	370.28	8.0	4.57	3.69
PTHR32379	1365.0	1324.27	106.0	16.69	13.47
PTHR10938	2616.0	2534.54	958.13	158.49	127.86
PTHR10934	861.0	820.27	9350.94	2386.07	1924.83
PTHR11510	2196.0	2155.27	1975.09	190.7	153.84
PTHR11516	5376.0	5253.81	2440.09	316.0	254.92
PTHR10025	2751.0	2628.81	736.0	115.41	93.1
PTHR10026	6284.69	6040.31	608.0	108.71	87.7
PTHR10027	2390.0	2349.27	182.0	16.12	13.0
PTHR13009	3486.69	3323.78	207.0	55.17	44.5
PTHR13007	1827.47	1786.75	315.0	36.71	29.62
PTHR30115	937.0	896.27	658.0	153.54	123.86
PTHR11863	3121.0	2998.81	539.87	89.1	71.88
PTHR17901	798.0	757.27	52.0	14.38	11.6
PTHR24351	7012.15	6808.51	2626.95	507.69	409.55
PTHR20982	1290.0	1249.27	250.0	41.75	33.68
PTHR24352	3499.0	3417.54	590.0	54.61	44.06
PTHR11467	602.0	561.27	718.98	269.23	217.19
PTHR10119	2365.0	2324.27	545.0	48.78	39.35
PTHR10343	3532.0	3491.27	871.0	51.84	41.82
PTHR10110	6770.51	6607.59	464.0	57.33	46.26
PTHR11469	2606.29	2565.56	1318.72	106.9	86.24
PTHR10445	1222.0	1181.27	185.22	32.73	26.4
PTHR10598	993.0	952.27	50.0	10.98	8.85
PTHR24286	4290.65	4168.46	1509.0	244.39	197.15
PTHR23429	1988.0	1947.27	160.0	17.11	13.8
PTHR23426	2070.9	1989.44	1196.0	280.42	226.21
PTHR10593	3263.0	3181.54	700.0	89.46	72.17
