GeneFamily	length	effective_length	expected_count	TPM	FPKM
PTHR11649	9271.03	8976.14	9.0	5.45	12.02
PTHR31089	3599.0	3562.14	1.0	0.24	0.52
PTHR31085	404.0	367.14	0.0	0.0	0.0
PTHR11647	4046.0	3972.28	2.0	0.85	1.87
PTHR11645	3228.0	3191.14	11.0	2.89	6.38
PTHR10209	3168.0	3094.28	0.0	0.0	0.0
PTHR32429	4034.0	3960.28	766.03	347.29	766.29
PTHR31423	806.0	769.14	2.0	2.2	4.85
PTHR31551	750.0	713.14	2.0	2.37	5.23
PTHR32195	973.0	899.29	0.0	0.0	0.0
PTHR11081	3279.0	3131.57	0.0	0.0	0.0
PTHR11080	2949.0	2875.28	2.0	0.93	2.06
PTHR11082	10543.0	10248.13	7.0	3.91	8.65
PTHR11085	3218.0	3107.42	1.0	0.4	0.88
PTHR13501	1760.0	1723.14	1.0	0.49	1.08
PTHR11089	10419.5	10050.9	15.0	11.38	25.1
PTHR12271	3399.0	3251.57	1.0	1.62	3.58
PTHR32518	3536.0	3499.14	0.0	0.0	0.0
PTHR11247	2234.0	2160.28	1.0	1.04	2.3
PTHR11246	10516.0	10368.56	22.0	7.19	15.87
PTHR32512	1450.0	1413.14	0.0	0.0	0.0
PTHR23088	4168.5	4021.09	11.0	7.06	15.57
PTHR23089	2380.0	2269.42	2.0	2.02	4.46
PTHR23081	5026.5	4952.78	2.0	0.46	1.01
PTHR23083	37229.6	36234.44	36.0	17.04	37.62
PTHR23084	5975.0	5753.84	3.0	2.52	5.58
PTHR23086	3764.0	3616.56	3.0	3.41	7.53
PTHR18806	1225.33	1188.47	3.0	2.13	4.69
PTHR11880	2225.0	2151.28	79.0	117.3	258.81
PTHR31953	4769.5	4658.92	5.0	1.31	2.88
PTHR15184	8886.5	8665.34	73.02	29.31	64.67
PTHR11885	1409.0	1335.28	1940.87	2982.24	6580.36
PTHR15341	780.0	743.14	1.0	1.14	2.51
PTHR32357	929.5	855.79	0.0	0.0	0.0
PTHR12696	4806.0	4769.14	4.0	0.7	1.55
PTHR12341	5365.5	5181.21	11.93	7.77	17.14
PTHR10168	7263.0	7115.56	46.99	15.16	33.44
PTHR15160	10500.08	10315.78	17.0	6.68	14.71
PTHR18937	22496.71	22164.97	26.0	9.15	20.17
PTHR18934	14334.29	13818.27	324.82	101.01	222.89
PTHR12742	4356.0	4245.42	2.0	0.9	2.0
PTHR12741	3673.0	3599.28	8.0	3.19	7.03
PTHR19288	6788.0	6603.7	22.0	8.1	17.88
PTHR13902	7046.0	6935.42	14.0	6.63	14.63
PTHR13903	2142.0	2068.28	6.0	4.81	10.61
PTHR22753	4558.0	4447.42	1.0	0.32	0.71
PTHR30615	1811.0	1700.42	0.0	0.0	0.0
PTHR21220	935.0	861.28	0.0	0.0	0.0
PTHR22938	5516.0	5442.28	6.0	1.85	4.08
PTHR16266	7223.0	7038.71	3.0	1.95	4.3
PTHR30612	3893.0	3819.28	48.98	12.83	28.31
PTHR22932	623.0	586.14	1.0	1.45	3.19
PTHR21228	57062.0	55366.53	27.0	7.44	16.4
PTHR31038	981.0	944.14	7.0	6.25	13.8
PTHR13832	42964.28	42079.65	50.0	16.86	37.18
PTHR21139	2424.0	2387.14	2.0	0.7	1.55
PTHR21136	2700.0	2626.28	9.0	4.62	10.19
PTHR12526	35958.2	35331.6	85.98	21.79	48.08
PTHR13120	2209.0	2172.14	4.0	1.55	3.41
PTHR22809	1835.0	1687.58	0.0	0.0	0.0
PTHR22807	9692.5	9434.52	27.0	31.06	68.54
PTHR20661	2040.0	1966.28	1.0	0.68	1.5
PTHR10900	15397.09	15028.5	18.0	8.51	18.76
PTHR10906	2232.0	2195.14	0.0	0.0	0.0
PTHR10909	17902.67	17607.78	130.37	35.06	77.37
PTHR10055	4483.0	4372.42	44.0	18.85	41.62
PTHR10057	2128.5	2054.78	0.0	0.0	0.0
PTHR10052	394.0	357.14	925.0	2212.72	4882.41
PTHR13017	1207.0	1170.14	0.0	0.0	0.0
PTHR13018	16455.0	16086.41	15.0	5.55	12.26
PTHR10694	7729.0	7434.13	3.0	1.34	2.96
PTHR12839	1771.0	1660.42	0.0	0.0	0.0
PTHR12835	2330.0	2256.28	1.0	0.46	1.01
PTHR24031	60372.71	58124.53	3933.97	1939.09	4278.65
PTHR24032	676.0	639.14	0.0	0.0	0.0
PTHR11922	4520.0	4409.42	13.0	4.45	9.82
PTHR24349	73863.67	72278.73	87.0	32.18	71.03
PTHR24619	5612.0	5280.32	1.0	0.8	1.76
PTHR24343	23809.91	23220.17	68.09	51.49	113.6
PTHR11472	5258.0	4999.98	3.0	5.91	13.04
PTHR11476	5164.0	5053.42	5.0	1.96	4.3
PTHR11477	3417.0	3343.28	3.0	1.47	3.24
PTHR24305	2670.5	2486.2	1.0	1.43	3.16
PTHR10476	5599.0	5451.56	15.0	10.67	23.55
PTHR24290	2182.0	2108.29	3.0	3.46	7.63
PTHR23413	878.67	804.99	8615.32	28530.43	62952.93
PTHR23417	4101.83	3954.39	3.0	1.73	3.81
PTHR23416	3627.0	3553.28	1.0	0.31	0.69
PTHR23415	1476.0	1439.14	1.0	0.58	1.29
PTHR10871	4156.0	4008.56	1054.93	857.48	1892.04
PTHR23418	716.0	679.14	1.0	1.25	2.75
PTHR10877	28917.5	28327.88	9.0	3.46	7.64
PTHR11879	5008.67	4898.08	12.0	4.98	11.0
PTHR10430	2624.0	2550.28	17.0	19.02	41.96
PTHR31724	6103.83	5956.39	2.0	1.01	2.24
PTHR31098	6923.36	6812.78	402.62	68.06	150.18
PTHR11655	2949.0	2838.45	1080.0	2801.77	6182.16
PTHR11652	693.0	656.14	1.0	1.29	2.85
PTHR10436	7892.0	7412.85	0.0	0.0	0.0
PTHR20883	1727.0	1690.14	2.0	0.99	2.19
PTHR11895	4068.0	3846.85	2.0	2.17	4.79
PTHR10277	1495.25	1458.39	6.0	3.46	7.64
PTHR14027	3090.0	2979.43	1.0	0.63	1.39
PTHR13691	966.0	892.29	19.0	49.09	108.32
PTHR23180	17258.0	16963.13	5.0	1.29	2.84
PTHR14593	3057.0	2946.42	6.0	3.99	8.79
PTHR11093	1785.84	1712.11	45.0	35.5	78.32
PTHR11096	2483.0	2372.42	0.0	0.0	0.0
PTHR23346	5473.0	5325.58	5.0	2.16	4.75
PTHR11099	1016.0	979.14	1.0	0.86	1.9
PTHR10309	3074.0	3037.14	1.0	0.28	0.61
PTHR14107	1941.0	1904.14	3.0	1.32	2.92
PTHR11252	1957.0	1883.28	1.0	0.8	1.77
PTHR11254	26384.33	25942.12	18.0	5.39	11.91
PTHR11255	1820.0	1783.14	0.0	0.0	0.0
PTHR14110	7148.0	7000.56	7.0	3.16	6.98
PTHR14374	853.0	816.14	0.0	0.0	0.0
PTHR18838	712.0	675.14	0.0	0.0	0.0
PTHR12687	941.0	867.3	0.0	0.0	0.0
PTHR15157	4129.0	3944.73	4.0	2.78	6.14
PTHR18901	6370.5	6149.36	7.0	4.35	9.61
PTHR12755	3643.0	3532.42	2.0	1.37	3.03
PTHR12750	5749.0	5712.14	8.77	1.29	2.84
PTHR12753	1909.0	1872.14	0.0	0.0	0.0
PTHR15081	2439.0	2402.14	3.0	1.05	2.31
PTHR15574	6692.0	6433.99	2.0	0.81	1.79
PTHR12506	2445.5	2408.64	0.0	0.0	0.0
PTHR23109	648.5	611.64	0.0	0.0	0.0
PTHR13931	7166.0	7018.56	7.0	2.07	4.58
PTHR24006	26060.0	25212.33	33.0	10.23	22.56
PTHR12358	4587.0	4513.28	1.0	0.35	0.77
PTHR22748	3420.0	3346.28	1.0	0.39	0.85
PTHR12356	4860.0	4749.42	8.0	3.2	7.07
PTHR12221	2281.0	2170.44	4.0	2.56	5.65
PTHR21213	1425.0	1388.14	1.0	0.61	1.34
PTHR19879	1725.0	1614.47	0.0	0.0	0.0
PTHR12226	1589.0	1515.28	0.0	0.0	0.0
PTHR19876	4179.33	4105.61	4.0	1.01	2.23
PTHR19877	9874.4	9800.68	9.0	1.71	3.76
PTHR21689	3539.0	3465.28	0.0	0.0	0.0
PTHR31190	4402.0	4291.45	2.0	0.52	1.14
PTHR13803	11598.0	11450.56	314.0	60.56	133.62
PTHR19980	3253.0	3179.28	1.0	0.77	1.69
PTHR12537	3251.0	3177.28	41.0	24.76	54.64
PTHR12532	1731.0	1694.14	0.0	0.0	0.0
PTHR13486	1181.0	1144.14	0.0	0.0	0.0
PTHR13489	1273.0	1236.14	0.0	0.0	0.0
PTHR17583	2484.0	2299.71	0.0	0.0	0.0
PTHR24198	29455.0	28570.41	18.0	10.08	22.22
PTHR10048	5931.0	5746.7	8.0	7.44	16.41
PTHR24193	15594.61	15189.2	7.0	3.05	6.72
PTHR10044	1904.2	1793.63	1.0	0.9	1.99
PTHR11998	8283.0	8172.42	15.0	5.36	11.81
PTHR13060	1901.0	1864.14	0.0	0.0	0.0
PTHR10687	1962.0	1925.14	4.0	1.75	3.85
PTHR10681	20965.33	20486.15	42.0	18.66	41.19
PTHR10682	1828.71	1791.85	2.0	0.94	2.07
PTHR10683	3506.0	3432.28	1.0	0.57	1.25
PTHR12829	2436.0	2325.47	1.0	0.48	1.05
PTHR12820	2193.75	2156.88	6.0	2.34	5.15
PTHR12826	826.0	789.14	6.0	6.42	14.18
PTHR12827	1190.0	1079.44	0.0	0.0	0.0
PTHR17920	1281.0	1207.28	0.0	0.0	0.0
PTHR11405	9995.0	9847.56	307.0	68.57	151.31
PTHR11404	4196.75	4049.3	11.0	7.82	17.27
PTHR11406	3481.0	3407.28	124.0	51.33	113.26
PTHR14744	1086.0	1049.14	0.0	0.0	0.0
PTHR13468	1684.0	1647.14	3.0	1.53	3.38
PTHR23406	11859.0	11601.01	12.0	3.65	8.06
PTHR23407	830.0	793.14	0.0	0.0	0.0
PTHR10869	17927.58	17595.83	134.4	26.72	58.97
PTHR31717	9654.0	9506.56	10.0	4.48	9.91
PTHR13393	1392.0	1355.14	1.0	0.62	1.37
PTHR15169	930.0	856.28	0.0	0.0	0.0
PTHR11315	5014.0	4940.28	22.0	7.45	16.45
PTHR10139	1748.0	1637.43	0.0	0.0	0.0
PTHR10264	1629.5	1555.78	1.0	0.77	1.69
PTHR10263	5318.0	5244.28	9.0	2.66	5.87
PTHR31407	5165.0	5054.42	0.0	0.0	0.0
PTHR32170	1633.0	1559.28	0.0	0.0	0.0
PTHR23350	2733.5	2622.94	0.0	0.0	0.0
PTHR23354	3688.0	3577.42	2.0	0.83	1.84
PTHR23355	7822.94	7454.36	7.0	3.1	6.83
PTHR23359	10995.18	10626.75	22.0	9.61	21.2
PTHR11227	2669.0	2632.14	3.0	0.96	2.11
PTHR11220	11050.4	10866.1	15.0	4.92	10.85
PTHR11223	1047.0	973.29	0.0	0.0	0.0
PTHR11229	2439.0	2365.28	2.0	1.55	3.42
PTHR10314	17585.0	17069.01	297.36	85.64	188.98
PTHR14303	3093.0	3056.14	2.0	0.55	1.21
PTHR14085	1149.5	1112.64	0.0	0.0	0.0
PTHR11139	18995.83	18221.86	64.0	24.5	54.06
PTHR15362	3060.0	2986.28	3.0	2.06	4.54
PTHR11132	33741.61	32930.72	18.0	10.4	22.98
PTHR11134	3758.0	3721.14	47.96	10.81	23.84
PTHR11136	1373.0	1336.14	0.0	0.0	0.0
PTHR32374	4151.14	4003.7	65.0	57.23	126.27
PTHR31579	21061.5	20692.93	39.0	9.92	21.88
PTHR32379	2271.0	2197.28	1.0	0.51	1.13
PTHR18919	6665.03	6554.45	20.0	6.03	13.31
PTHR32002	5972.5	5825.06	0.0	0.0	0.0
PTHR14413	4963.07	4889.34	8.0	4.59	10.13
PTHR14089	4427.0	4316.42	5.0	1.61	3.56
PTHR22893	6440.0	6366.28	5.0	1.27	2.79
PTHR24067	18075.0	17632.68	23.0	11.63	25.67
PTHR10072	2019.0	1982.14	2.0	0.85	1.87
PTHR12786	2968.03	2931.16	10.0	2.86	6.32
PTHR12782	572.0	535.14	0.0	0.0	0.0
PTHR11742	2751.0	2640.44	0.0	0.0	0.0
PTHR11216	3342.0	3268.28	5.0	1.75	3.85
PTHR13923	4762.23	4725.36	1.0	0.18	0.39
PTHR11210	1428.0	1391.14	1.0	0.6	1.33
PTHR12321	1969.0	1932.14	3.0	1.3	2.88
PTHR12320	12101.0	11806.12	12.0	4.28	9.43
PTHR12323	1449.0	1412.14	1.0	0.6	1.31
PTHR16201	1204.0	1167.14	3.0	2.17	4.78
PTHR21015	1809.0	1735.28	0.0	0.0	0.0
PTHR16196	3788.0	3714.28	2.0	1.65	3.65
PTHR16193	1451.0	1377.28	0.0	0.0	0.0
PTHR22792	7382.0	7234.57	4.0	0.66	1.45
PTHR22790	3075.0	2964.43	0.0	0.0	0.0
PTHR21680	1078.0	1041.14	0.0	0.0	0.0
PTHR10343	4179.0	4105.28	3.0	0.93	2.05
PTHR21113	1863.5	1789.78	0.0	0.0	0.0
PTHR19316	1514.0	1477.14	1.0	0.57	1.26
PTHR21663	896.0	822.31	0.0	0.0	0.0
PTHR13253	10855.68	10560.8	10.0	7.32	16.15
PTHR12446	712.0	675.14	0.0	0.0	0.0
PTHR21206	1008.0	971.14	0.0	0.0	0.0
PTHR13789	23700.0	23183.96	32.82	9.63	21.25
PTHR10071	26061.5	25656.04	47.0	11.73	25.89
PTHR24188	10474.59	10179.72	14.0	7.73	17.05
PTHR13780	6979.5	6832.06	22.0	7.19	15.85
PTHR10670	4645.0	4350.14	4.0	6.38	14.06
PTHR10677	4776.0	4702.28	5.0	1.12	2.48
PTHR13078	7309.83	7162.38	3.0	2.36	5.21
PTHR12815	4462.0	4388.28	1.0	0.4	0.88
PTHR12814	1442.0	1368.28	1.0	1.16	2.56
PTHR24361	19792.94	19461.23	28.0	7.12	15.71
PTHR24362	35391.0	34617.09	27.0	14.53	32.07
PTHR10416	2045.0	2008.14	0.0	0.0	0.0
PTHR10410	6425.0	6314.42	52.0	16.94	37.38
PTHR10783	12728.58	12433.71	8.0	2.0	4.43
PTHR10782	985.0	948.14	0.0	0.0	0.0
PTHR13476	3494.0	3420.28	2.0	1.03	2.27
PTHR10788	8068.5	7957.92	18.0	4.92	10.85
PTHR10891	56157.33	54756.68	41.0	19.9	43.86
PTHR10890	942.0	905.14	1.0	0.93	2.06
PTHR20426	1114.0	1077.14	1.0	0.78	1.73
PTHR23213	12885.52	12516.91	4.0	2.8	6.18
PTHR10520	7632.0	7484.56	72.86	21.87	48.26
PTHR10250	1635.0	1598.14	5.0	2.63	5.8
PTHR10527	16533.0	16238.13	24.0	4.61	10.17
PTHR31384	3414.0	3377.14	1.0	0.25	0.55
PTHR31385	4107.0	4033.28	3.0	0.85	1.86
PTHR10091	1482.0	1445.14	4.0	2.33	5.14
PTHR31142	1594.0	1557.14	5.95	3.21	7.09
PTHR31140	2440.0	2403.14	2.0	0.7	1.54
PTHR11787	5045.41	5008.55	6.0	1.0	2.22
PTHR11785	10198.5	9940.51	1.0	0.24	0.54
PTHR11782	9235.0	9050.72	5.0	1.04	2.29
PTHR31419	1613.67	1466.31	0.0	0.0	0.0
PTHR11780	3793.0	3719.28	222.0	71.96	158.78
PTHR32148	10042.0	9747.13	255.0	517.72	1142.36
PTHR23324	9584.0	9436.56	6.0	2.19	4.84
PTHR23327	3699.0	3625.28	1.0	0.3	0.65
PTHR23326	5044.0	4933.42	2.0	0.57	1.25
PTHR23321	4322.75	4175.33	33.0	18.98	41.88
PTHR23323	5392.5	5097.67	0.0	0.0	0.0
PTHR23322	2853.0	2705.58	1.0	0.96	2.12
PTHR23329	763.0	726.14	1.0	1.16	2.57
PTHR11236	4220.5	4036.22	2.0	1.65	3.66
PTHR20932	2633.0	2596.14	2.0	0.65	1.43
PTHR10322	8937.38	8642.51	20.0	10.32	22.77
PTHR11239	1765.0	1691.28	2.0	1.58	3.49
PTHR10803	4861.63	4751.04	36.0	22.6	49.86
PTHR31964	10594.0	10409.7	50.0	26.33	58.09
PTHR10552	1059.0	1022.14	0.0	0.0	0.0
PTHR23030	3228.0	3191.14	1.0	0.26	0.58
PTHR11129	3301.0	3190.42	0.0	0.0	0.0
PTHR15316	3965.0	3817.56	2.0	1.3	2.85
PTHR11127	1073.0	999.28	176.0	360.53	795.51
PTHR11125	2393.0	2282.42	0.0	0.0	0.0
PTHR31566	547.0	510.14	0.0	0.0	0.0
PTHR31567	1662.0	1625.14	7.0	3.62	7.99
PTHR31561	4559.0	4485.28	8.0	2.53	5.59
PTHR15137	2494.0	2383.42	0.0	0.0	0.0
PTHR14950	413.0	376.14	0.0	0.0	0.0
PTHR15954	1842.5	1768.78	0.0	0.0	0.0
PTHR15952	2757.0	2683.28	2.0	0.84	1.86
PTHR21319	7462.0	7351.42	3.0	1.26	2.77
PTHR21597	2221.0	2110.42	0.0	0.0	0.0
PTHR19271	1076.0	1002.28	2.0	2.65	5.84
PTHR22931	8007.0	7601.56	390.06	376.02	829.67
PTHR12022	1317.0	1280.14	6.0	3.95	8.71
PTHR13343	7185.0	7074.42	8.0	2.1	4.62
PTHR12233	731.14	694.28	5.0	6.09	13.44
PTHR12029	7105.2	6773.53	0.0	0.0	0.0
PTHR22936	8959.33	8701.31	3.0	2.0	4.39
PTHR22780	9555.0	9407.56	21.0	6.06	13.36
PTHR21477	3300.6	3226.88	2.0	0.83	1.84
PTHR19308	3433.0	3359.28	45.0	13.19	29.11
PTHR22870	20127.31	19427.0	5.0	3.73	8.23
PTHR17630	10617.5	10396.34	17.0	5.76	12.72
PTHR10064	601.0	564.14	302.0	454.03	1001.82
PTHR10066	4978.0	4793.71	2.0	1.51	3.34
PTHR10060	3256.0	3145.5	1.0	0.61	1.34
PTHR10663	10301.57	9932.97	7.0	3.42	7.55
PTHR10666	711.0	674.14	1822.7	2288.27	5049.12
PTHR10668	9878.0	9509.46	8.03	3.3	7.28
PTHR12265	936.0	862.28	0.0	0.0	0.0
PTHR12801	7096.0	6948.56	10.0	2.73	6.02
PTHR12802	3827.0	3605.87	1.0	0.8	1.75
PTHR12805	1014.0	977.14	0.0	0.0	0.0
PTHR12806	1186.33	1149.47	0.0	0.0	0.0
PTHR21091	13835.9	13541.03	120.0	29.31	64.66
PTHR21090	5440.0	5366.28	101.88	29.98	66.15
PTHR24314	3289.0	3215.28	3.0	1.55	3.42
PTHR11933	825.0	788.14	0.0	0.0	0.0
PTHR24316	13291.0	12885.54	81.21	34.05	75.13
PTHR11426	4721.67	4611.09	30.0	19.84	43.79
PTHR11937	9765.5	9581.2	11.0	4.58	10.11
PTHR11938	14414.0	14303.42	423.32	45.62	100.67
PTHR13683	871.5	834.64	0.0	0.0	0.0
PTHR24089	57948.27	56510.83	234.66	100.14	220.95
PTHR10796	12236.5	11904.81	8.0	3.62	7.99
PTHR10794	6024.4	5876.96	3.0	1.48	3.26
PTHR10795	36195.02	35457.87	20.5	6.23	13.75
PTHR10792	1033.0	959.28	45.0	69.01	152.29
PTHR10799	53625.55	51598.49	269.0	122.55	270.4
PTHR10882	1079.0	1042.14	3.0	2.43	5.35
PTHR10887	26441.57	25409.54	55.09	40.1	88.48
PTHR11686	1325.0	1288.14	0.0	0.0	0.0
PTHR11685	6169.84	6022.4	6.0	2.44	5.38
PTHR11680	5501.05	5390.47	259.74	99.12	218.72
PTHR24221	11438.43	11033.01	30.0	14.24	31.45
PTHR24220	5859.86	5749.28	7.96	3.39	7.5
PTHR24223	13327.5	12664.11	6.0	4.66	10.26
PTHR11689	16531.0	16236.15	16.0	2.21	4.88
PTHR10252	1783.0	1709.28	2.0	1.99	4.39
PTHR10537	566.0	529.14	0.0	0.0	0.0
PTHR13124	2770.0	2696.28	3.0	2.07	4.56
PTHR31173	1806.0	1732.28	0.0	0.0	0.0
PTHR12538	603.0	566.14	101.0	151.3	333.85
PTHR10997	12412.0	12080.26	7.0	3.68	8.12
PTHR10098	1479.0	1442.14	0.0	0.0	0.0
PTHR31356	7921.29	7736.99	26.0	13.09	28.88
PTHR31352	9023.0	8912.42	30.0	9.1	20.06
PTHR31350	4175.0	3990.71	1.0	0.59	1.31
PTHR11758	675.0	638.14	89.0	118.11	260.61
PTHR23333	2749.0	2675.28	6.0	3.67	8.09
PTHR11751	8534.38	8313.21	27.79	15.77	34.8
PTHR11753	3319.37	3245.64	4.0	2.06	4.55
PTHR11200	14158.0	13789.41	18.0	4.53	10.02
PTHR11206	23883.0	23293.29	16.0	4.63	10.21
PTHR11757	13996.0	13737.98	8.0	2.13	4.7
PTHR23339	11387.52	11129.52	10.0	4.62	10.2
PTHR10332	6434.0	6286.56	1.0	0.35	0.77
PTHR32557	4341.0	4304.14	21.0	4.09	9.02
PTHR14145	4972.0	4898.28	5.0	1.58	3.49
PTHR17695	2161.0	1976.72	0.0	0.0	0.0
PTHR13600	2280.0	2243.14	1.0	0.37	0.83
PTHR15744	954.0	917.14	0.0	0.0	0.0
PTHR23029	13969.64	13637.91	24.0	8.36	18.47
PTHR23023	9889.54	9447.24	2.0	1.19	2.62
PTHR21294	1282.0	1245.14	2.0	1.35	2.98
PTHR11119	5706.0	5632.28	1.0	0.25	0.55
PTHR12841	1615.0	1578.14	2.0	1.07	2.35
PTHR31595	9385.5	9090.63	4.0	1.83	4.04
PTHR31596	932.0	858.39	1.0	4.18	9.22
PTHR15948	1503.0	1429.28	0.0	0.0	0.0
PTHR31412	5275.0	5201.28	1.0	0.26	0.57
PTHR32026	3887.05	3813.33	13.0	5.72	12.64
PTHR22939	21219.5	20666.64	10.0	5.7	12.58
PTHR31829	1193.0	1156.14	232.0	169.04	372.99
PTHR30191	3723.0	3686.14	49.0	11.15	24.59
PTHR14898	3160.0	3086.28	1.0	0.45	0.99
PTHR19241	40817.58	39527.65	129.0	52.75	116.41
PTHR14894	3339.0	3302.14	1.0	0.25	0.56
PTHR15239	1831.0	1683.61	1.0	1.19	2.62
PTHR19854	4362.0	4177.7	1.0	0.4	0.89
PTHR32497	4010.0	3936.28	2.0	0.81	1.8
PTHR12304	1632.5	1558.78	1.0	0.82	1.8
PTHR30540	5342.91	5306.04	7.0	1.11	2.44
PTHR30544	7566.0	7418.57	8.0	2.09	4.62
PTHR13302	2497.0	2386.44	0.0	0.0	0.0
PTHR12472	428.0	391.14	0.0	0.0	0.0
PTHR13308	2161.0	2050.42	0.0	0.0	0.0
PTHR12477	1161.0	1124.14	1.0	0.75	1.65
PTHR13878	4538.0	4427.42	1.0	0.41	0.91
PTHR21461	995.5	958.64	0.0	0.0	0.0
PTHR13872	856.0	782.29	35.0	70.75	156.11
PTHR22849	21555.0	21038.99	7.0	2.67	5.88
PTHR21314	2809.0	2735.28	2.0	1.34	2.95
PTHR21649	12408.69	11966.44	1385.21	3306.09	7294.94
PTHR22841	6801.0	6653.57	2.0	0.42	0.93
PTHR22847	66222.5	64232.37	26.0	18.68	41.19
PTHR22846	2088.0	2014.28	0.0	0.0	0.0
PTHR22844	16147.0	15778.4	7.0	1.98	4.34
PTHR31606	927.0	890.14	0.0	0.0	0.0
PTHR23284	1435.0	1398.14	1.0	0.6	1.33
PTHR21266	12104.0	11772.26	2.0	1.08	2.38
PTHR12277	2591.75	2518.03	0.0	0.0	0.0
PTHR12276	1737.0	1700.14	0.0	0.0	0.0
PTHR10657	6902.91	6829.19	7.0	1.26	2.79
PTHR16557	1548.5	1474.78	0.0	0.0	0.0
PTHR10655	1480.0	1443.14	0.0	0.0	0.0
PTHR10652	1062.0	1025.14	1.0	0.82	1.81
PTHR17972	2278.0	2130.57	1.0	2.58	5.68
PTHR21085	1447.0	1410.14	7.0	4.18	9.22
PTHR10438	21382.5	20940.18	53.0	24.81	54.77
PTHR11926	3041.0	3004.14	5.0	1.4	3.08
PTHR11431	2527.0	2490.14	51.0	17.19	37.93
PTHR10434	2098.0	2024.28	3.9	3.41	7.51
PTHR24096	8047.14	7899.7	17.0	6.22	13.75
PTHR13693	5853.0	5668.72	11.0	3.22	7.1
PTHR24095	5552.16	5367.87	46.5	14.42	31.81
PTHR24092	6862.5	6751.92	11.0	2.59	5.7
PTHR24093	45639.02	44533.25	399.7	92.3	203.6
PTHR13451	1399.0	1325.31	0.0	0.0	0.0
PTHR13452	916.5	842.86	0.0	0.0	0.0
PTHR10759	923.0	849.3	98.0	210.01	463.37
PTHR12901	1256.0	1219.14	3.0	2.07	4.57
PTHR12903	3250.0	3176.28	6.0	2.12	4.69
PTHR13992	965.5	891.91	1.0	1.45	3.21
PTHR23237	759.0	722.14	0.0	0.0	0.0
PTHR10501	4761.0	4687.28	3.0	1.06	2.33
PTHR31169	1263.0	1226.14	0.0	0.0	0.0
PTHR11122	1722.0	1685.14	2.0	1.0	2.2
PTHR14087	679.0	642.14	0.0	0.0	0.0
PTHR23309	1536.0	1499.14	0.0	0.0	0.0
PTHR23308	3114.0	2929.72	0.0	0.0	0.0
PTHR31344	379.0	342.15	0.0	0.0	0.0
PTHR31619	3517.0	3480.14	23.93	5.77	12.72
PTHR23306	2815.23	2741.5	4.0	2.23	4.92
PTHR23305	2670.0	2522.58	3.0	4.24	9.37
PTHR11748	16334.0	16039.12	71.0	18.36	40.52
PTHR11214	4643.0	4569.28	1.0	0.32	0.71
PTHR14154	18544.5	18028.47	36.0	22.17	48.9
PTHR10344	1205.5	1168.64	0.0	0.0	0.0
PTHR14152	1100.0	1026.28	0.0	0.0	0.0
PTHR11699	19870.0	19501.41	26.99	9.86	21.75
PTHR11692	1913.01	1876.14	36.08	16.16	35.66
PTHR11693	4161.0	4087.28	115.0	38.33	84.57
PTHR11695	18960.77	18629.03	41.94	17.59	38.79
PTHR31760	389.0	352.33	0.0	0.0	0.0
PTHR31906	9758.33	9426.66	5.0	2.69	5.93
PTHR13847	16716.38	16163.5	25.0	13.26	29.25
PTHR23012	16024.0	15618.59	45.0	18.46	40.71
PTHR11101	8316.5	8169.08	8.0	2.94	6.48
PTHR11102	1831.0	1757.28	0.0	0.0	0.0
PTHR11106	6197.0	6012.71	7.0	3.45	7.59
PTHR31585	5958.67	5848.08	2.0	0.41	0.9
PTHR32125	2704.0	2630.28	3.0	1.94	4.26
PTHR31588	1610.0	1573.14	1.0	0.53	1.18
PTHR32120	307.0	270.17	0.0	0.0	0.0
PTHR10288	10732.0	10584.56	20.0	5.54	12.22
PTHR15680	3208.0	3134.28	8.0	6.57	14.5
PTHR10281	7847.0	7699.56	9.0	3.96	8.75
PTHR24347	20708.0	20302.55	21.0	8.32	18.37
PTHR18895	3185.0	3037.56	2.0	3.97	8.76
PTHR12486	2396.5	2322.78	1.0	0.61	1.35
PTHR21262	10761.09	10613.64	32.0	8.27	18.26
PTHR12480	5193.5	5009.21	0.0	0.0	0.0
PTHR12482	3107.0	2959.56	1.0	1.17	2.58
PTHR12317	8497.0	8275.84	1.0	0.46	1.02
PTHR12649	1481.87	1445.0	2.0	1.16	2.57
PTHR12461	3251.88	3104.46	0.0	0.0	0.0
PTHR12466	1362.0	1251.42	0.0	0.0	0.0
PTHR21419	1609.0	1572.14	0.0	0.0	0.0
PTHR22854	2335.0	2261.28	1.0	0.59	1.3
PTHR26312	3118.0	2933.71	4.0	3.35	7.4
PTHR12000	3559.0	3448.42	1.0	0.7	1.54
PTHR21327	1833.0	1796.14	2.0	0.94	2.06
PTHR21631	12775.0	12590.7	55.0	12.04	26.58
PTHR22855	1839.0	1802.14	1.0	0.47	1.03
PTHR22850	7438.33	7143.58	9.0	14.48	31.93
PTHR22504	1192.0	1155.14	3.0	2.19	4.83
PTHR12189	1136.67	1099.8	0.0	0.0	0.0
PTHR21256	2870.0	2833.14	29.0	8.59	18.95
PTHR12266	7456.0	7345.42	4.0	0.7	1.54
PTHR10648	5248.0	5211.14	11.0	1.77	3.9
PTHR30178	2677.0	2603.28	19.0	12.12	26.74
PTHR10641	27536.11	26651.47	90.0	53.22	117.45
PTHR19842	1161.0	1124.14	0.0	0.0	0.0
PTHR10644	10184.0	9889.13	3.0	0.56	1.23
PTHR12864	5109.5	4962.09	1.0	0.61	1.34
PTHR12860	1379.0	1342.14	0.0	0.0	0.0
PTHR13194	3070.0	3033.14	5.0	1.38	3.05
PTHR13190	4512.0	4438.28	4.0	1.46	3.23
PTHR13193	504.0	467.14	0.0	0.0	0.0
PTHR11913	3338.5	3301.64	0.0	0.0	0.0
PTHR11911	2831.0	2794.14	25.0	7.51	16.57
PTHR11910	2759.0	2685.28	59.0	38.47	84.87
PTHR11918	7814.0	7666.56	42.0	17.55	38.73
PTHR12919	3365.78	3292.05	15.0	7.4	16.33
PTHR13271	32008.5	31160.83	31.0	10.89	24.02
PTHR12910	2842.5	2768.78	3.0	1.57	3.45
PTHR12917	1285.0	1248.14	3.0	2.02	4.47
PTHR11351	4591.0	4517.28	76.0	18.8	41.49
PTHR11353	19002.85	18486.8	331.51	154.64	341.23
PTHR11599	16348.0	15905.68	51.0	31.08	68.56
PTHR10516	30519.3	29782.1	49.0	25.09	55.35
PTHR11592	4194.0	4083.42	5.0	3.03	6.68
PTHR11659	2215.0	2178.14	10.0	3.86	8.51
PTHR13273	1629.0	1592.14	5.0	2.64	5.83
PTHR31096	1769.0	1695.28	0.0	0.0	0.0
PTHR13734	2847.0	2699.58	3.0	2.61	5.77
PTHR31620	7769.0	7658.42	62.0	17.18	37.91
PTHR23315	13957.2	13625.47	10.0	2.2	4.86
PTHR23316	3724.0	3613.42	3.0	2.19	4.85
PTHR11778	4012.0	3938.28	33.0	23.76	52.43
PTHR11777	5840.0	5655.73	75.93	22.53	49.73
PTHR11774	3154.3	3043.75	2.0	0.84	1.86
PTHR11773	5132.0	5095.14	45.0	7.4	16.33
PTHR11772	7761.0	7613.56	17.0	8.77	19.36
PTHR10357	21633.89	21265.28	168.43	44.44	98.07
PTHR10353	1095.0	1058.14	1.0	0.8	1.76
PTHR10350	2512.0	2364.57	0.0	0.0	0.0
PTHR10351	7495.64	7311.33	66.0	31.42	69.34
PTHR10359	2267.0	2156.44	3.0	2.62	5.79
PTHR32442	1233.0	1196.14	0.0	0.0	0.0
PTHR31750	1158.0	1121.14	1.0	0.75	1.66
PTHR14189	2222.0	2185.14	2.0	0.77	1.7
PTHR21021	569.0	532.14	0.0	0.0	0.0
PTHR32228	1305.0	1231.28	0.0	0.0	0.0
PTHR31245	1969.0	1932.14	0.0	0.0	0.0
PTHR23001	4121.0	4047.28	19.0	6.98	15.41
PTHR23002	1464.0	1427.14	0.0	0.0	0.0
PTHR11177	4358.0	4247.42	5.0	2.96	6.53
PTHR10445	1550.0	1513.14	1.0	0.56	1.23
PTHR11178	3255.0	3181.28	2.0	1.99	4.39
PTHR14456	1055.5	1018.64	0.0	0.0	0.0
PTHR31808	2608.0	2571.14	9.0	2.94	6.48
PTHR31803	2691.0	2654.14	23.0	7.27	16.05
PTHR11009	1020.0	983.14	0.0	0.0	0.0
PTHR30075	4293.0	4256.14	13.0	2.56	5.65
PTHR10099	5398.0	5361.14	129.0	20.16	44.49
PTHR19229	13211.52	12511.41	10.0	7.61	16.77
PTHR20961	15390.0	15131.98	3.0	0.69	1.53
PTHR11005	3708.0	3560.56	0.0	0.0	0.0
PTHR11006	9527.5	9269.52	53.0	10.05	22.17
PTHR18640	9018.5	8834.25	4.0	1.68	3.72
PTHR18866	18514.0	18292.87	162.0	59.54	131.38
PTHR15074	646.5	572.89	1.0	2.48	5.47
PTHR15588	2435.5	2361.78	1.0	0.5	1.1
PTHR12677	5279.0	5168.42	2.0	1.08	2.39
PTHR19134	4760.62	4686.9	7.0	1.53	3.37
PTHR19139	2267.5	2230.64	0.0	0.0	0.0
PTHR12459	1293.0	1256.14	1.0	0.67	1.48
PTHR12456	431.0	394.14	0.0	0.0	0.0
PTHR12452	1648.0	1611.14	0.0	0.0	0.0
PTHR19359	568.0	531.14	0.0	0.0	0.0
PTHR12072	3732.0	3584.6	0.0	0.0	0.0
PTHR13218	1141.0	1104.14	2.0	1.53	3.37
PTHR13215	1128.0	1054.28	1.0	1.64	3.62
PTHR13213	670.0	633.14	1.0	1.34	2.95
PTHR10809	2933.0	2896.14	2.0	0.58	1.28
PTHR12290	3794.0	3683.44	1.0	0.51	1.12
PTHR21530	1975.0	1901.28	0.0	0.0	0.0
PTHR12295	6599.0	6451.56	5.0	3.23	7.11
PTHR12298	7490.0	7268.84	6.0	2.79	6.17
PTHR10638	2221.0	2147.28	0.0	0.0	0.0
PTHR10634	3257.0	3220.14	8.0	2.08	4.6
PTHR10631	3127.0	2979.59	0.0	0.0	0.0
PTHR10984	6017.0	5906.42	6.38	2.61	5.76
PTHR12858	3026.0	2878.56	4.29	4.6	10.15
PTHR13505	1023.0	986.14	1.0	0.86	1.89
PTHR12850	428.0	391.14	291.0	634.53	1400.11
PTHR12856	317.0	280.16	0.0	0.0	0.0
PTHR12855	964.0	927.14	1.0	0.91	2.01
PTHR12854	4481.03	4444.16	1.0	0.19	0.42
PTHR13182	2000.0	1963.14	5.0	2.14	4.72
PTHR10182	2288.0	2251.14	18.84	7.03	15.5
PTHR10585	1581.0	1544.14	2.0	1.09	2.4
PTHR10743	1208.5	1171.64	0.0	0.0	0.0
PTHR10742	16738.5	16259.37	52.0	13.84	30.54
PTHR10745	1817.0	1780.14	22.0	10.39	22.92
PTHR10744	943.0	869.29	2177.0	5554.77	12256.71
PTHR10746	5200.0	5126.28	17.0	4.28	9.44
PTHR12924	1379.0	1342.14	0.0	0.0	0.0
PTHR11349	4668.0	4483.7	86.0	67.48	148.9
PTHR10566	28203.03	27502.72	38.0	14.23	31.43
PTHR11588	8666.84	8408.82	3424.17	1983.37	4376.35
PTHR10291	972.0	935.14	0.0	0.0	0.0
PTHR11584	14810.0	14404.55	18.0	5.06	11.17
PTHR11586	4685.0	4537.56	5.0	4.07	8.97
PTHR11909	6696.0	6622.28	91.0	20.65	45.55
PTHR23429	4862.0	4788.28	85.06	24.88	54.9
PTHR24320	6884.33	6626.33	1.0	0.82	1.81
PTHR24322	11449.83	11044.37	16.0	14.21	31.36
PTHR11907	3846.22	3772.5	92.0	24.96	55.08
PTHR11760	1746.0	1672.28	352.0	375.94	829.52
PTHR11761	2052.0	1978.28	344.0	581.95	1284.09
PTHR11766	1688.0	1651.14	1.0	0.51	1.12
PTHR11767	3300.0	3189.43	0.0	0.0	0.0
PTHR10361	2304.0	2230.28	0.0	0.0	0.0
PTHR10366	31786.5	31123.14	131.04	43.54	96.07
PTHR10169	6650.5	6466.2	1.0	1.13	2.49
PTHR20973	2523.0	2486.14	1.0	0.34	0.74
PTHR10165	2250.0	2176.28	1.0	0.68	1.51
PTHR31032	3545.0	3508.14	12.0	2.87	6.33
PTHR23257	260736.58	253438.92	169.0	86.03	189.78
PTHR23253	10770.0	10659.42	7.0	0.99	2.19
PTHR14190	2806.5	2695.92	0.0	0.0	0.0
PTHR14155	8525.0	8340.7	8.0	2.65	5.85
PTHR14194	5204.0	5093.42	3.0	1.45	3.2
PTHR31251	29739.8	28892.02	31.0	11.95	26.36
PTHR23074	10203.22	9797.77	68.0	27.1	59.8
PTHR23077	6973.17	6567.72	5.0	8.18	18.06
PTHR23076	31015.12	30314.82	254.11	102.48	226.1
PTHR12561	1744.0	1670.28	0.0	0.0	0.0
PTHR23073	4862.0	4751.42	117.0	81.96	180.85
PTHR10293	6285.0	6174.42	9.0	4.47	9.86
PTHR23078	5025.0	4988.14	13.0	2.18	4.82
PTHR11165	1707.0	1670.14	13.0	6.54	14.44
PTHR10772	3132.0	3058.28	5.0	2.73	6.01
PTHR32100	2696.67	2622.94	1.0	0.53	1.17
PTHR14534	1417.0	1380.14	2.0	1.22	2.69
PTHR14445	5995.0	5921.28	3.0	0.83	1.83
PTHR31811	925.0	888.14	1.0	0.95	2.1
PTHR23102	3430.0	3356.28	7.0	4.69	10.34
PTHR23105	4571.46	4350.37	13416.6	43160.47	95234.4
PTHR11010	3478.0	3404.28	4.0	1.92	4.25
PTHR11014	6065.17	5844.17	1.0	0.5	1.1
PTHR12668	3387.0	3313.28	3.0	1.51	3.34
PTHR12661	1278.0	1204.29	0.0	0.0	0.0
PTHR12663	336.0	299.16	0.0	0.0	0.0
PTHR12664	1801.0	1764.14	3.0	1.43	3.15
PTHR16166	7923.71	7702.56	6.0	2.08	4.58
PTHR12111	3764.2	3690.47	13.01	14.52	32.04
PTHR12447	3093.0	2945.57	1.0	0.55	1.2
PTHR15481	784.0	747.14	0.0	0.0	0.0
PTHR26379	11327.5	10995.79	3.0	3.21	7.07
PTHR12599	3733.0	3659.28	2.0	0.73	1.6
PTHR12596	4938.0	4901.14	0.0	0.0	0.0
PTHR12590	1528.5	1491.64	0.0	0.0	0.0
PTHR12066	396.0	359.14	1.0	2.38	5.25
PTHR12064	4592.25	4481.67	1.0	0.5	1.1
PTHR13226	4869.0	4758.42	1.0	0.25	0.56
PTHR13889	4583.0	4398.7	1.0	0.38	0.83
PTHR13887	3999.5	3888.94	12.0	3.28	7.23
PTHR21181	1155.0	1118.14	0.0	0.0	0.0
PTHR12413	482.0	445.14	0.0	0.0	0.0
PTHR13948	469.0	432.14	0.0	0.0	0.0
PTHR12146	939.0	902.14	342.0	319.94	705.96
PTHR11453	822.0	748.3	0.0	0.0	0.0
PTHR19306	6327.48	6180.03	4.0	2.16	4.75
PTHR21506	1321.2	1284.33	2.0	1.31	2.89
PTHR12280	4766.0	4581.7	0.0	0.0	0.0
PTHR12281	4921.0	4847.28	3.0	0.87	1.91
PTHR12286	2278.0	2241.14	1.0	0.37	0.83
PTHR12415	720.0	683.14	1.0	1.24	2.73
PTHR30573	2486.0	2449.14	3.0	1.03	2.27
PTHR22983	3328.01	3217.42	6.0	4.2	9.27
PTHR22981	16860.03	16712.58	7.0	1.48	3.25
PTHR11024	3096.0	3022.28	1.0	0.53	1.17
PTHR13082	834.0	797.14	1.0	1.06	2.34
PTHR10629	7880.09	7548.39	39.0	51.08	112.71
PTHR10994	23441.5	22999.18	8.0	2.73	6.03
PTHR10996	11747.88	11526.72	5.0	2.36	5.2
PTHR10625	23699.16	22925.12	41.91	17.48	38.59
PTHR10992	27090.03	26021.1	12.0	10.33	22.79
PTHR10993	4710.0	4599.42	1.0	1.32	2.92
PTHR12848	5539.0	5465.28	15.91	5.09	11.23
PTHR12849	1496.0	1422.28	0.0	0.0	0.0
PTHR21712	4262.0	4225.14	1.0	0.2	0.44
PTHR12847	3996.0	3885.42	5.0	3.22	7.11
PTHR21290	2153.0	2116.14	0.0	0.0	0.0
PTHR21349	2868.0	2794.28	8.0	4.19	9.25
PTHR21347	1882.0	1845.14	12.0	5.46	12.06
PTHR19861	393.0	356.14	0.0	0.0	0.0
PTHR21343	537.0	500.14	0.0	0.0	0.0
PTHR10196	4579.75	4395.45	0.0	0.0	0.0
PTHR10192	4259.0	4185.28	1.0	0.4	0.89
PTHR10751	3757.67	3647.08	0.0	0.0	0.0
PTHR16301	1784.0	1673.42	1.0	1.33	2.93
PTHR10755	1910.0	1873.14	78.1	35.03	77.3
PTHR10758	1466.0	1429.14	0.0	0.0	0.0
PTHR13152	1170.0	1096.28	0.0	0.0	0.0
PTHR12932	8438.0	8290.56	23.0	9.42	20.78
PTHR12934	2402.0	2328.28	10.0	8.25	18.2
PTHR13265	3417.0	3343.28	1.0	0.4	0.88
PTHR11800	3587.0	3513.28	3.0	1.9	4.19
PTHR11802	3228.5	3081.17	2.0	1.05	2.32
PTHR11804	6717.67	6459.68	10.0	2.55	5.62
PTHR11807	1602.0	1528.28	3.0	2.16	4.77
PTHR11374	2748.0	2637.42	52.0	54.4	120.03
PTHR11808	8945.0	8834.42	13.0	3.76	8.3
PTHR10283	20327.13	19995.39	23.0	7.23	15.94
PTHR10285	6320.0	6135.7	2.0	1.39	3.07
PTHR10286	1481.0	1444.14	28.0	16.31	35.99
PTHR11579	3017.5	2906.92	2.0	1.4	3.08
PTHR13718	6955.0	6807.58	2712.0	2286.83	5045.93
PTHR13711	12714.0	12455.98	32.0	16.03	35.38
PTHR13710	5712.83	5491.67	1.0	0.81	1.8
PTHR11977	2419.0	2345.28	0.0	0.0	0.0
PTHR11972	4664.0	4553.42	5.0	3.1	6.83
PTHR31480	1318.0	1281.14	2.0	1.31	2.9
PTHR31485	2357.0	2320.14	0.0	0.0	0.0
PTHR11715	1682.0	1645.14	7.0	3.58	7.89
PTHR11717	1233.0	1196.14	0.0	0.0	0.0
PTHR11711	13848.97	13517.23	40.0	18.22	40.17
PTHR11712	5702.0	5517.7	37.99	16.24	35.85
PTHR10374	4747.5	4636.92	20.0	7.43	16.39
PTHR10178	45011.61	44274.47	62.0	16.64	36.69
PTHR11482	4678.49	4604.77	12.0	2.81	6.21
PTHR10173	5772.5	5625.06	4.0	2.33	5.14
PTHR10177	16895.23	16526.73	16.0	5.22	11.52
PTHR10174	12685.0	12426.98	30.0	13.07	28.8
PTHR23249	2533.33	2459.61	1.0	0.55	1.21
PTHR23244	27426.7	26615.8	10.0	6.33	13.94
PTHR23245	4461.4	4313.97	4.0	1.55	3.42
PTHR23240	3941.0	3867.28	5.0	1.35	2.98
PTHR14614	4814.0	4629.73	3.0	2.14	4.74
PTHR31268	2824.0	2713.42	3.0	4.53	10.0
PTHR31262	3724.77	3577.35	8174.82	22047.97	48649.26
PTHR23063	11295.99	11074.82	14.0	6.34	13.99
PTHR11620	579.0	542.14	454.15	710.85	1568.5
PTHR11624	10563.0	10415.56	240.94	64.02	141.26
PTHR11627	4429.0	4318.42	688.42	363.74	802.61
PTHR11390	5499.0	5314.7	2.0	1.05	2.32
PTHR31319	5075.0	5001.28	33.0	10.18	22.47
PTHR14052	1147.0	1110.14	0.0	0.0	0.0
PTHR32118	2737.0	2700.14	8.0	2.49	5.49
PTHR23117	6523.0	6412.42	2.0	1.47	3.24
PTHR23115	51424.62	50392.57	2671.57	4077.19	8996.38
PTHR11028	1789.0	1752.14	35.0	16.79	37.05
PTHR14140	1803.0	1729.28	0.0	0.0	0.0
PTHR12616	2900.64	2790.05	1.0	0.79	1.75
PTHR12613	2093.0	2056.14	1.0	0.41	0.9
PTHR12612	1084.0	1047.14	4.0	3.22	7.11
PTHR32060	3922.5	3811.92	1.0	0.39	0.87
PTHR12124	2941.0	2719.86	0.0	0.0	0.0
PTHR22734	1347.0	1310.14	11.34	7.29	16.08
PTHR12121	12846.0	12514.26	4.0	1.38	3.05
PTHR12438	6650.0	6539.42	8.0	1.41	3.12
PTHR15492	631.0	594.14	0.0	0.0	0.0
PTHR21426	1014.0	940.3	0.0	0.0	0.0
PTHR21427	926.0	889.14	6.0	5.7	12.57
PTHR13161	1246.0	1209.14	0.0	0.0	0.0
PTHR19372	1379.5	1342.64	0.0	0.0	0.0
PTHR19370	8692.0	8470.84	12.0	6.87	15.18
PTHR19375	21999.5	21372.88	1141.09	382.4	843.75
PTHR12725	5417.0	5306.42	2.0	1.37	3.02
PTHR13890	8005.5	7673.76	12.0	5.42	11.96
PTHR22884	22439.0	22070.4	11.0	2.28	5.03
PTHR12542	5227.5	5153.78	1.0	0.49	1.09
PTHR12547	1088.0	1014.28	0.0	0.0	0.0
PTHR12436	6641.94	6568.22	15.0	4.32	9.54
PTHR10114	432.0	395.14	50.0	107.9	238.09
PTHR21512	1355.0	1244.45	0.0	0.0	0.0
PTHR30508	2232.0	2195.14	2.0	0.77	1.69
PTHR30502	1147.0	1110.14	2.0	1.52	3.35
PTHR10961	1136.0	1062.28	0.0	0.0	0.0
PTHR10617	7469.0	7358.42	725.0	237.44	523.92
PTHR10615	8498.0	8350.56	35.0	17.33	38.23
PTHR13527	965.0	928.14	2.0	1.82	4.01
PTHR22958	2775.0	2738.14	22.99	7.05	15.55
PTHR22951	3836.0	3762.28	1.0	0.31	0.68
PTHR22950	6723.0	6501.86	1.0	0.44	0.96
PTHR22953	4454.9	4381.17	12.0	5.45	12.01
PTHR22952	5961.0	5813.56	9.0	4.16	9.18
PTHR22957	20579.5	20100.33	27.0	10.38	22.88
PTHR21600	3510.0	3436.28	1.0	0.39	0.87
PTHR24056	16564.8	15975.09	9.0	6.35	14.01
PTHR24054	3020.0	2983.14	5.0	1.41	3.1
PTHR24055	32458.76	31942.72	29.0	9.17	20.21
PTHR24058	14595.0	14373.84	17.0	5.66	12.5
PTHR10766	7447.0	7336.42	20.04	6.59	14.55
PTHR10762	758.0	721.14	0.0	0.0	0.0
PTHR12945	1381.0	1307.28	1.0	0.9	1.98
PTHR12944	1494.43	1457.57	8.0	4.62	10.19
PTHR24128	13090.0	12831.98	5.0	2.16	4.76
PTHR13096	945.0	908.14	1.0	0.93	2.05
PTHR11364	1977.23	1903.5	0.0	0.0	0.0
PTHR11365	4045.0	3971.28	7.0	2.96	6.51
PTHR10548	4753.5	4642.94	15.0	5.65	12.47
PTHR11361	9571.0	9091.89	7.0	3.62	7.98
PTHR11814	8207.0	8096.42	22.0	5.6	12.35
PTHR10543	5388.0	5203.7	1.0	0.51	1.13
PTHR10540	3404.0	3293.42	8.0	5.97	13.19
PTHR12965	1882.0	1808.29	0.0	0.0	0.0
PTHR10544	926.0	852.29	97.0	156.81	346.01
PTHR11562	3662.0	3551.42	0.0	0.0	0.0
PTHR11566	7592.32	7371.15	14.0	17.02	37.54
PTHR11567	5265.87	5118.42	5.0	2.56	5.65
PTHR11564	7734.67	7587.22	22.0	6.2	13.68
PTHR11962	2617.0	2506.42	1.0	1.59	3.51
PTHR11963	4108.0	4034.28	13.99	4.85	10.71
PTHR24315	968.5	931.64	0.0	0.0	0.0
PTHR19376	13497.99	13313.69	45.0	30.11	66.45
PTHR10381	14478.5	14220.48	131.0	85.08	187.73
PTHR10383	894.33	857.55	0.0	0.0	0.0
PTHR11705	3371.0	3297.28	3.0	1.49	3.29
PTHR11702	8601.0	8343.1	286.0	159.82	352.65
PTHR11700	1222.5	1148.78	698.0	1246.28	2749.93
PTHR10388	1275.0	1238.14	13.0	8.84	19.51
PTHR11934	1406.0	1369.14	20.0	12.29	27.12
PTHR10145	4816.0	4742.28	2.0	1.08	2.38
PTHR23273	4979.0	4831.56	0.0	0.0	0.0
PTHR23163	2338.38	2301.51	7.0	2.55	5.63
PTHR23050	25658.0	25031.4	69.0	38.51	85.0
PTHR23056	3350.0	3313.14	1.0	0.25	0.56
PTHR23054	949.67	875.95	0.0	0.0	0.0
PTHR11638	15516.81	15185.09	2248.77	461.36	1017.98
PTHR11632	5598.0	5487.42	10.0	4.57	10.09
PTHR23293	4910.0	4762.56	85.0	29.9	65.98
PTHR11140	8052.0	8015.14	2028.0	211.91	467.58
PTHR11141	6405.0	6331.28	4.0	1.0	2.21
PTHR11142	5645.0	5313.31	0.0	0.0	0.0
PTHR11380	1647.0	1610.14	0.0	0.0	0.0
PTHR11384	5935.0	5824.42	1.0	0.41	0.9
PTHR32477	3919.0	3808.42	1.0	1.39	3.06
PTHR14043	3297.0	3112.7	0.0	0.0	0.0
PTHR32472	1190.17	1153.31	0.0	0.0	0.0
PTHR31658	1720.0	1609.43	1.0	2.51	5.53
PTHR14269	9038.5	8854.2	12.0	3.39	7.48
PTHR22883	11849.75	11591.71	21.0	6.82	15.07
PTHR23125	37503.04	36323.68	14.0	7.64	16.86
PTHR12050	2205.0	2168.14	5.0	1.94	4.27
PTHR11035	977.5	940.64	0.0	0.0	0.0
PTHR22880	15971.6	15639.88	10.0	3.78	8.31
PTHR14136	4137.0	3989.56	6.0	6.05	13.36
PTHR23338	3373.0	3299.28	3.0	1.49	3.29
PTHR12608	2773.5	2699.82	2.0	1.03	2.27
PTHR12604	2753.0	2605.56	1.0	1.89	4.17
PTHR12603	3288.0	3251.14	7.0	1.81	3.98
PTHR32091	1284.0	1247.14	1.0	0.68	1.49
PTHR19853	1885.0	1811.29	1.0	2.55	5.63
PTHR32098	2546.0	2472.28	0.0	0.0	0.0
PTHR18763	2124.0	2087.14	1.0	0.4	0.89
PTHR22726	819.0	782.15	0.0	0.0	0.0
PTHR22727	2522.0	2485.14	6.0	2.03	4.47
PTHR12428	5858.67	5711.22	18.0	7.74	17.08
PTHR18968	7187.25	7002.98	42.0	11.95	26.37
PTHR12730	1723.0	1649.28	0.0	0.0	0.0
PTHR12736	1627.0	1590.14	0.0	0.0	0.0
PTHR12735	2874.5	2800.78	1.0	0.39	0.86
PTHR15020	5809.0	5661.56	6.0	1.51	3.34
PTHR12049	3704.0	3556.56	0.0	0.0	0.0
PTHR12558	4500.0	4315.7	1.0	0.76	1.67
PTHR12553	5261.67	5040.52	1.0	1.02	2.26
PTHR24072	990.0	953.15	0.0	0.0	0.0
PTHR24073	12980.17	12648.5	7.0	3.4	7.47
PTHR21569	2697.0	2623.28	106.0	69.38	153.09
PTHR10491	849.0	812.14	0.0	0.0	0.0
PTHR21567	6669.73	6559.15	10.0	3.97	8.75
PTHR13950	786.0	749.14	0.0	0.0	0.0
PTHR12133	1559.0	1522.14	1.0	0.55	1.22
PTHR10972	1703.0	1666.14	0.0	0.0	0.0
PTHR21704	4341.0	4119.85	1.0	0.5	1.1
PTHR10606	4648.5	4537.92	2.0	0.93	2.05
PTHR10971	5454.0	5306.56	5.0	4.05	8.93
PTHR22942	7112.33	6928.03	8.0	3.76	8.3
PTHR13395	1755.0	1718.14	0.0	0.0	0.0
PTHR22891	4763.61	4616.2	2.0	0.48	1.05
PTHR21368	3439.0	3365.28	6.0	3.05	6.73
PTHR10778	7638.5	7527.92	2.0	0.49	1.08
PTHR24064	10540.57	10319.41	20.0	6.39	14.11
PTHR24063	6643.83	6459.55	6.0	3.29	7.26
PTHR21011	1755.0	1718.14	6.0	2.94	6.48
PTHR25040	12382.0	12123.98	21.0	6.4	14.11
PTHR10774	35187.3	34339.56	38.0	26.16	57.68
PTHR24068	3728.0	3654.28	43.0	23.06	50.88
PTHR12959	1684.94	1648.08	2.0	1.02	2.25
PTHR24115	62405.85	60599.76	78.0	24.0	52.94
PTHR11825	5541.0	5467.28	1.0	0.17	0.39
PTHR11822	2594.0	2557.14	109.0	35.78	78.94
PTHR10555	10076.0	9928.56	8.0	1.95	4.31
PTHR10806	1066.0	1029.14	2.0	1.64	3.62
PTHR10804	13220.09	12962.06	24.0	9.52	21.0
PTHR11556	6293.0	6182.42	334.0	175.37	386.96
PTHR11558	3036.0	2962.28	0.0	0.0	0.0
PTHR13773	1988.94	1952.08	12.0	5.16	11.39
PTHR20275	5134.0	4986.64	1.0	0.47	1.03
PTHR11953	2620.0	2546.28	2.0	1.46	3.23
PTHR11952	5681.0	5570.42	8.0	3.57	7.87
PTHR11956	2090.0	2016.28	17.0	16.71	36.87
PTHR11959	2576.0	2539.14	4.0	1.32	2.92
PTHR11739	3971.0	3897.28	41.0	17.34	38.26
PTHR11732	24883.41	24219.95	16.0	6.64	14.65
PTHR11731	6519.2	6261.19	1.0	1.63	3.59
PTHR11730	13055.0	12796.98	10.0	4.08	8.99
PTHR11735	2375.0	2227.58	1.0	1.91	4.21
PTHR10394	731.0	694.14	311.99	380.27	839.07
PTHR20941	2719.0	2645.28	0.0	0.0	0.0
PTHR10150	2280.0	2206.28	0.0	0.0	0.0
PTHR31065	7481.0	7370.42	6.0	2.47	5.45
PTHR10159	9446.0	9151.14	2.0	0.56	1.23
PTHR31066	1881.0	1807.28	1.0	0.63	1.39
PTHR13604	649.0	612.14	0.0	0.0	0.0
PTHR23264	1340.0	1303.14	6.0	3.88	8.55
PTHR23269	1756.0	1719.14	1.0	0.49	1.08
PTHR31204	1427.0	1390.14	1.0	0.61	1.34
PTHR31201	2560.5	2523.64	0.0	0.0	0.0
PTHR31209	1911.0	1837.28	0.0	0.0	0.0
PTHR11607	2050.67	1977.0	0.0	0.0	0.0
PTHR11606	4926.0	4852.28	8.0	2.84	6.25
PTHR11601	4926.0	4741.7	13.0	7.92	17.48
PTHR32467	5302.16	5044.15	5.0	2.28	5.02
PTHR14255	1160.0	1086.28	0.0	0.0	0.0
PTHR31840	2722.0	2685.14	4.0	1.25	2.76
PTHR23130	5858.65	5784.92	10.0	3.18	7.02
PTHR23133	1005.0	968.14	0.0	0.0	0.0
PTHR23135	4134.0	4097.14	3.0	0.61	1.35
PTHR23138	4295.0	4258.14	5.0	0.98	2.17
PTHR23139	14007.0	13675.3	12.0	8.44	18.61
PTHR31682	2247.0	2210.14	44.0	16.72	36.89
PTHR11040	4836.0	4725.42	2.0	1.6	3.54
PTHR11043	2527.67	2453.95	3.0	2.0	4.41
PTHR11042	4285.94	4101.64	0.0	0.0	0.0
PTHR11048	5244.0	5133.42	12.0	5.23	11.56
PTHR15818	1126.0	1052.3	1.0	1.11	2.45
PTHR12636	2737.0	2700.14	0.0	0.0	0.0
PTHR12126	2987.0	2913.28	8.0	4.31	9.5
PTHR14490	2950.5	2876.78	0.0	0.0	0.0
PTHR14493	13399.5	13215.2	43.0	6.48	14.3
PTHR15651	1284.5	1210.78	1.0	1.68	3.7
PTHR12380	3615.0	3504.42	3.0	1.92	4.25
PTHR12385	5733.0	5622.42	17.0	5.49	12.13
PTHR12706	6920.0	6588.27	1.0	0.87	1.92
PTHR12709	1331.0	1294.14	2.0	1.3	2.87
PTHR19957	8503.81	8319.51	28.0	12.23	26.98
PTHR30239	1621.0	1584.14	1.0	0.53	1.17
PTHR12560	7993.0	7771.88	3.0	1.18	2.6
PTHR11203	9847.5	9663.2	12.94	2.83	6.25
PTHR12770	6510.5	6252.67	10.0	8.09	17.86
PTHR12097	4303.0	4229.28	295.0	96.81	213.61
PTHR11752	18735.94	18220.04	142.98	49.46	109.12
PTHR21576	2565.0	2417.58	0.0	0.0	0.0
PTHR24423	11387.88	11019.3	9.0	7.33	16.17
PTHR10046	3624.0	3513.42	9.0	6.82	15.04
PTHR12419	5627.1	5479.65	6.0	2.81	6.21
PTHR30525	2789.0	2752.14	27.0	8.23	18.16
PTHR12412	3518.0	3407.42	0.0	0.0	0.0
PTHR12411	21937.34	21421.32	70.0	20.39	45.0
PTHR24420	22555.58	21929.0	13.0	5.15	11.34
PTHR10947	2225.0	2188.14	21.99	8.44	18.62
PTHR21717	1984.0	1947.14	3.0	1.29	2.86
PTHR10943	9948.0	9874.28	6.0	1.04	2.28
PTHR12897	1012.0	938.28	0.0	0.0	0.0
PTHR12894	4332.0	4221.44	8.0	2.16	4.77
PTHR12891	339.0	302.15	0.0	0.0	0.0
PTHR22976	4648.0	4500.56	14.0	11.27	24.86
PTHR22975	4363.0	4252.42	2.0	2.13	4.69
PTHR22970	843.0	806.14	0.0	0.0	0.0
PTHR20922	4968.67	4858.09	3.0	1.29	2.85
PTHR21377	1829.0	1755.28	3.0	4.1	9.06
PTHR21371	2616.0	2579.14	665.11	216.43	477.56
PTHR21373	2484.5	2337.07	0.0	0.0	0.0
PTHR22573	9525.5	9341.2	9.0	2.85	6.29
PTHR22572	16135.0	15803.26	53.01	17.69	39.04
PTHR30566	4293.0	4219.28	7.0	2.84	6.26
PTHR21000	2589.0	2552.14	33.9	11.15	24.6
PTHR10701	1849.0	1812.14	2.0	0.93	2.05
PTHR30031	3122.57	3048.85	112.0	52.01	114.78
PTHR13162	9193.0	9082.42	15.0	4.15	9.16
PTHR13165	4366.0	4329.14	8.0	1.55	3.42
PTHR21396	738.0	701.14	0.0	0.0	0.0
PTHR13069	4854.67	4670.44	3.0	2.1	4.64
PTHR13068	829.0	792.14	2.0	2.13	4.71
PTHR24106	19421.0	18794.4	4.0	1.37	3.03
PTHR24103	3028.0	2917.44	0.0	0.0	0.0
PTHR11540	2431.0	2394.14	98.5	34.54	76.21
PTHR10836	7089.0	6867.85	2356.3	2454.24	5415.31
PTHR10835	1747.0	1710.14	4.0	1.97	4.34
PTHR11545	2364.0	2253.42	498.98	788.89	1740.68
PTHR10012	1986.0	1949.14	1.99	0.86	1.89
PTHR13768	1175.0	1138.14	0.0	0.0	0.0
PTHR24078	11235.5	10793.19	3.0	2.46	5.42
PTHR11946	21029.12	20734.23	268.15	65.83	145.26
PTHR11947	3091.0	3017.28	2.0	0.68	1.51
PTHR11941	8146.07	7998.63	7.0	3.36	7.43
PTHR10497	567.0	530.14	174.97	280.15	618.16
PTHR10496	528.0	491.14	76.0	131.49	290.14
PTHR24076	15587.0	15107.83	15.0	7.69	16.97
PTHR24077	28105.5	27405.17	23.0	9.17	20.23
PTHR11728	8029.0	7918.42	15.0	4.04	8.92
PTHR11726	2805.0	2731.29	12688.98	33810.66	74603.87
PTHR11727	1552.0	1515.14	0.0	0.0	0.0
PTHR11721	323.0	286.16	7684.08	23049.39	50858.9
PTHR11722	776.0	739.14	148.0	169.3	373.56
PTHR10120	3105.0	3031.28	2.0	1.18	2.6
PTHR10122	1333.0	1296.14	7.0	4.55	10.03
PTHR11451	8685.0	8463.84	118.0	77.33	170.62
PTHR11831	3496.0	3385.42	1185.98	1564.67	3452.48
PTHR11835	6271.0	6160.42	62.0	28.59	63.09
PTHR11614	9164.96	8943.8	25.0	12.01	26.51
PTHR11615	5910.18	5799.63	34.0	11.24	24.79
PTHR11618	2301.0	2264.14	0.0	0.0	0.0
PTHR32419	3924.32	3850.59	4.0	1.74	3.85
PTHR10231	1432.0	1395.14	1.0	0.6	1.33
PTHR10233	5012.0	4864.57	2.0	1.09	2.39
PTHR31503	5717.83	5570.44	3.0	1.21	2.65
PTHR23147	3753.0	3679.28	10.0	5.07	11.19
PTHR23140	2273.0	2199.28	2.0	0.97	2.13
PTHR23142	3300.0	3226.28	10.0	3.55	7.84
PTHR23149	7809.0	7735.28	6.0	0.74	1.63
PTHR23148	762.0	725.14	2.0	2.33	5.15
PTHR11817	5841.98	5768.25	58.0	20.27	44.75
PTHR11056	4765.0	4728.14	12.0	2.13	4.69
PTHR11055	6318.0	6207.42	301.0	87.56	193.2
PTHR11363	1441.0	1404.14	1669.0	1000.11	2206.77
PTHR32523	7581.0	7433.56	4.0	1.07	2.34
PTHR31695	852.0	815.14	1.0	1.04	2.29
PTHR11819	4493.2	4345.76	8.0	9.43	20.8
PTHR22765	3146.67	3109.8	0.0	0.0	0.0
PTHR12629	1696.0	1659.14	1.0	0.51	1.12
PTHR18945	3651.0	3540.42	1.0	0.78	1.73
PTHR26402	18385.0	18016.41	27.0	5.87	12.96
PTHR19384	8372.0	8150.84	433.02	195.22	430.75
PTHR12714	5758.17	5647.58	3.0	1.79	3.95
PTHR32251	3364.0	3290.28	3.0	1.51	3.32
PTHR12570	7511.0	7363.56	8.0	3.78	8.36
PTHR21494	937.5	863.8	0.0	0.0	0.0
PTHR21145	1248.5	1211.64	0.0	0.0	0.0
PTHR21496	3166.0	3055.42	9.0	7.81	17.24
PTHR21493	23571.0	22907.55	12.0	4.66	10.31
PTHR21499	4126.0	4052.28	27.78	7.56	16.69
PTHR21148	1449.0	1375.28	0.0	0.0	0.0
PTHR12083	2058.5	1984.84	1.0	0.53	1.17
PTHR13355	2697.0	2623.28	6.0	2.44	5.38
PTHR30535	685.0	648.14	0.0	0.0	0.0
PTHR19852	2499.0	2462.14	4.0	1.36	3.01
PTHR12406	11938.0	11716.84	15.0	3.62	8.01
PTHR16128	2311.83	2201.25	0.0	0.0	0.0
PTHR12400	3052.0	3015.14	3.0	0.83	1.84
PTHR12403	2728.0	2654.28	3.0	2.02	4.47
PTHR13572	895.0	858.14	1.0	0.98	2.17
PTHR30314	4067.0	3993.28	2.0	0.9	1.99
PTHR12882	1887.0	1850.14	0.0	0.0	0.0
PTHR12883	1540.0	1503.14	0.0	0.0	0.0
PTHR16255	4040.0	3855.7	1.0	0.84	1.86
PTHR16254	6561.0	6413.56	5.0	4.48	9.89
PTHR22960	1799.0	1725.28	0.0	0.0	0.0
PTHR13373	1275.0	1201.28	0.0	0.0	0.0
PTHR22967	2962.4	2851.82	1.0	0.85	1.88
PTHR19858	1175.0	1138.14	0.0	0.0	0.0
PTHR30222	1348.0	1311.14	0.0	0.0	0.0
PTHR13115	1733.0	1696.14	0.0	0.0	0.0
PTHR13117	538.0	501.14	0.0	0.0	0.0
PTHR12975	4494.0	4309.71	1.0	0.49	1.09
PTHR13285	1571.33	1497.61	0.0	0.0	0.0
PTHR13288	4163.0	4089.28	1.0	0.27	0.6
PTHR10953	16576.0	16170.54	45.38	32.19	71.01
PTHR10954	533.0	496.14	0.0	0.0	0.0
PTHR21726	1892.0	1855.14	1.0	0.45	1.0
PTHR10956	900.0	826.28	79.0	156.54	345.42
PTHR11538	2368.0	2331.14	12.0	4.32	9.54
PTHR10826	2397.0	2360.14	2.0	0.71	1.57
PTHR11533	7194.85	6936.85	21.0	17.97	39.64
PTHR11532	939.0	865.28	0.0	0.0	0.0
PTHR10000	1999.0	1925.28	1.0	0.9	1.98
PTHR13021	1421.17	1384.31	2.0	1.22	2.68
PTHR11706	2997.0	2923.28	4.0	2.31	5.09
PTHR24007	3271.0	3160.42	3.0	3.54	7.81
PTHR24003	23341.5	22641.24	6.0	3.71	8.16
PTHR31446	1832.0	1758.28	2.0	1.98	4.38
PTHR31442	464.0	427.14	1.0	1.99	4.4
PTHR11441	1002.0	965.14	0.0	0.0	0.0
PTHR11440	2919.18	2771.76	2.0	1.26	2.78
PTHR11999	11953.2	11842.62	77.0	11.0	24.27
PTHR11449	503.94	467.08	75.8	138.01	304.52
PTHR11994	980.0	906.31	4439.35	13605.61	30021.02
PTHR10137	2422.0	2385.14	1.0	0.35	0.78
PTHR10133	3773.0	3551.86	1.0	0.63	1.38
PTHR13620	5475.46	5291.19	5.0	2.77	6.11
PTHR11847	390.0	353.15	3020.83	7309.66	16128.9
PTHR11843	699.0	662.14	324.58	414.95	915.6
PTHR11661	5381.0	5270.42	617.0	845.13	1864.79
PTHR11662	24640.92	24088.03	15.0	4.9	10.83
PTHR11669	6509.2	6361.76	33.0	15.54	34.3
PTHR11668	14850.0	14591.98	69.07	23.52	51.88
PTHR20856	7320.0	7025.14	109.0	72.84	160.69
PTHR20854	6787.5	6529.48	6.0	3.96	8.73
PTHR20855	3318.0	3244.28	0.0	0.0	0.0
PTHR20852	6425.76	6167.75	299.77	215.19	474.81
PTHR32404	4499.0	4388.42	4.0	1.21	2.66
PTHR20858	1733.0	1585.59	0.0	0.0	0.0
PTHR30603	5894.0	5820.28	11.0	3.11	6.88
PTHR11709	3356.06	3319.2	7.0	1.77	3.9
PTHR14237	4944.17	4759.88	1.0	0.73	1.61
PTHR10738	1197.0	1123.28	0.0	0.0	0.0
PTHR11143	1041.0	1004.14	176.03	147.82	326.17
PTHR23155	21913.09	21175.88	12.0	6.56	14.48
PTHR23153	6362.0	6140.84	6.0	2.87	6.35
PTHR23151	11482.0	11223.98	23.91	7.88	17.37
PTHR11063	5768.0	5657.42	29.0	12.74	28.1
PTHR11062	42750.07	41865.47	42.0	13.35	29.49
PTHR11061	8020.83	7762.81	2.0	1.32	2.92
PTHR11065	5877.4	5803.68	12.0	3.79	8.37
PTHR11064	2836.0	2725.42	3.0	2.31	5.11
PTHR11260	11629.68	11371.74	7.0	4.43	9.76
PTHR11264	735.0	698.14	0.0	0.0	0.0
PTHR11266	12875.85	12617.82	18.0	7.71	17.01
PTHR31998	3479.0	3442.14	65.0	15.84	34.94
PTHR31221	2766.0	2729.14	2.0	0.61	1.36
PTHR15838	1064.0	990.28	1.0	1.78	3.93
PTHR32338	2168.0	2131.14	2.0	0.79	1.74
PTHR23270	4529.0	4234.16	3.0	3.68	8.12
PTHR31155	4289.0	4215.28	33.0	12.86	28.38
PTHR12363	3558.0	3336.84	0.0	0.0	0.0
PTHR18952	4619.0	4508.42	3.0	1.62	3.56
PTHR12765	2718.0	2607.42	3.0	1.74	3.85
PTHR12505	2087.0	2013.28	5.0	3.46	7.63
PTHR22603	2387.0	2276.43	1.0	1.7	3.74
PTHR22604	1286.27	1212.56	2.0	3.31	7.3
PTHR21481	3232.0	3158.28	2.0	1.11	2.46
PTHR22778	4856.0	4671.7	0.0	0.0	0.0
PTHR12169	2715.0	2530.73	0.0	0.0	0.0
PTHR19446	11713.47	11344.89	9.0	6.09	13.43
PTHR12219	769.5	732.65	0.0	0.0	0.0
PTHR13561	4285.0	4211.28	1.0	0.25	0.55
PTHR13563	1376.0	1302.28	0.0	0.0	0.0
PTHR12210	15225.0	14967.04	14.44	11.57	25.53
PTHR12215	1805.5	1731.78	0.0	0.0	0.0
PTHR12214	793.0	756.14	0.0	0.0	0.0
PTHR22915	12318.6	11986.86	28.0	10.77	23.76
PTHR22911	2481.0	2370.42	1.0	0.78	1.71
PTHR22912	15077.0	14818.98	56.0	14.31	31.57
PTHR12497	2124.0	2050.3	0.0	0.0	0.0
PTHR12183	4806.0	4695.44	3.0	1.12	2.47
PTHR19849	2479.0	2405.28	1.0	0.76	1.68
PTHR31783	654.0	617.14	0.0	0.0	0.0
PTHR22594	8298.5	8151.06	27.73	9.72	21.45
PTHR21152	5916.0	5842.28	37.13	11.41	25.18
PTHR23291	833.0	796.14	0.0	0.0	0.0
PTHR13102	1440.0	1403.14	1.0	0.6	1.32
PTHR12984	3650.0	3502.6	1.0	0.44	0.97
PTHR12001	3768.0	3694.28	37.0	15.81	34.88
PTHR11630	16072.82	15667.37	64.0	23.36	51.53
PTHR12302	3984.0	3910.28	5.0	2.55	5.62
PTHR13299	1847.0	1810.14	1.0	0.46	1.02
PTHR12652	2053.0	2016.14	0.0	0.0	0.0
PTHR10925	2509.0	2361.57	102.0	131.68	290.54
PTHR21737	1815.5	1704.93	2.0	3.42	7.54
PTHR10920	5211.89	5027.59	15.0	9.46	20.88
PTHR10855	1581.0	1544.14	2.0	1.09	2.4
PTHR10584	20965.52	20486.32	14.0	5.48	12.07
PTHR11528	9338.5	9154.2	195.04	59.77	131.91
PTHR11527	2701.43	2590.86	8.0	6.03	13.32
PTHR11525	2845.0	2808.14	1.0	0.3	0.66
PTHR10859	3539.4	3465.68	2.0	0.82	1.82
PTHR10589	1752.0	1715.14	1.0	0.49	1.08
PTHR10588	25145.39	24482.0	17.0	8.14	17.97
PTHR13038	1606.0	1532.28	0.0	0.0	0.0
PTHR13748	11463.79	11242.61	38.0	11.15	24.6
PTHR13743	1858.0	1784.28	2.0	1.91	4.2
PTHR24015	21339.5	20897.18	25.0	5.85	12.91
PTHR24012	24277.6	23687.87	90.0	42.51	93.79
PTHR24011	34713.06	34049.63	232.58	273.47	603.4
PTHR31187	2906.0	2869.14	181.0	52.93	116.79
PTHR10459	771.0	697.31	0.0	0.0	0.0
PTHR10458	1319.0	1282.14	1.0	0.66	1.45
PTHR10108	43331.96	42373.6	26.0	10.68	23.61
PTHR11986	11985.0	11616.4	63.0	29.12	64.26
PTHR11455	6699.0	6441.01	16.0	6.85	15.12
PTHR10102	1240.44	1166.74	0.0	0.0	0.0
PTHR11458	1940.0	1903.14	95.0	41.94	92.54
PTHR10106	913.0	876.14	0.0	0.0	0.0
PTHR31057	1390.0	1316.29	2.04	1.7	3.76
PTHR21141	4206.06	4021.78	5069.52	15429.79	34046.12
PTHR11851	26776.51	26039.33	61.0	21.2	46.76
PTHR23092	2795.5	2648.06	1.0	1.62	3.57
PTHR23091	15679.74	15274.31	5.0	2.43	5.34
PTHR11673	1190.0	1153.14	83.0	60.63	133.79
PTHR11670	8895.55	8784.97	743.0	220.64	486.85
PTHR11671	1243.0	1206.14	2.0	1.4	3.08
PTHR20863	4517.0	4406.42	19.0	11.81	26.05
PTHR20861	4371.0	4297.28	2.0	0.79	1.74
PTHR11679	8620.29	8472.89	6.0	5.14	11.34
PTHR14009	3956.46	3845.87	9.0	5.3	11.71
PTHR10217	23188.5	22451.35	5.0	2.3	5.06
PTHR14005	3923.0	3886.14	4.0	0.86	1.9
PTHR10210	2041.0	2004.14	5.0	2.1	4.62
PTHR31522	1739.0	1702.14	4.0	1.98	4.36
PTHR14221	2021.5	1947.78	1.0	0.82	1.8
PTHR11079	4250.5	4066.21	2.0	2.04	4.51
PTHR11076	7369.44	6964.09	9.0	5.8	12.8
PTHR11070	2208.0	2097.44	0.0	0.0	0.0
PTHR11071	26981.33	26059.88	86.28	135.86	299.77
PTHR11278	1788.0	1677.45	1622.36	3095.79	6830.9
PTHR11276	778.0	741.14	0.0	0.0	0.0
PTHR11274	2287.0	2213.28	2.24	1.26	2.78
PTHR31984	4842.0	4731.42	3.0	2.48	5.46
PTHR15350	2579.4	2505.68	3.0	2.11	4.65
PTHR15606	3769.0	3621.56	1.0	0.62	1.36
PTHR12374	2378.0	2341.14	2.0	0.72	1.58
PTHR12375	1223.33	1186.47	0.0	0.0	0.0
PTHR12378	5839.0	5691.56	2.0	0.91	2.01
PTHR18929	12737.0	12478.98	23.0	13.02	28.76
PTHR13976	8177.0	8066.42	19.0	6.12	13.51
PTHR12777	2383.73	2346.87	9.0	3.22	7.1
PTHR12775	4355.0	4281.28	3.0	1.84	4.07
PTHR16092	432.0	395.14	0.0	0.0	0.0
PTHR19211	20469.46	19953.43	1841.16	797.36	1759.37
PTHR22298	1290.0	1253.14	1.0	0.67	1.48
PTHR12174	3607.0	3533.28	2.0	1.19	2.63
PTHR12175	2352.0	2278.28	0.0	0.0	0.0
PTHR12176	6016.64	5869.2	12.0	6.84	15.09
PTHR22769	14061.82	13803.8	20.0	8.31	18.32
PTHR22767	1192.33	1155.52	0.0	0.0	0.0
PTHR22762	3781.0	3744.14	20.0	4.48	9.88
PTHR22763	560.0	523.14	0.0	0.0	0.0
PTHR22761	5572.0	5461.42	22.0	8.41	18.55
PTHR21231	2122.0	2085.14	9.0	3.63	8.0
PTHR21230	2813.0	2739.28	1.0	0.92	2.04
PTHR21234	2677.0	2566.42	0.0	0.0	0.0
PTHR21237	3448.0	3374.28	9.0	5.59	12.34
PTHR12202	1636.0	1525.45	0.0	0.0	0.0
PTHR12203	35009.09	33977.03	25.0	12.89	28.48
PTHR19857	676.0	639.26	0.0	0.0	0.0
PTHR22904	21267.5	20493.46	21.0	10.87	23.98
PTHR19855	2485.0	2448.14	2.0	0.69	1.51
PTHR13353	2848.46	2737.88	5.0	3.75	8.27
PTHR12197	12010.0	11567.7	6.0	4.09	9.05
PTHR11932	8088.0	7940.56	17.0	4.04	8.94
PTHR13822	1954.0	1917.14	8.0	3.51	7.74
PTHR13138	2187.0	2113.28	0.0	0.0	0.0
PTHR10732	1058.0	1021.14	542.39	447.84	988.16
PTHR10739	1637.0	1600.14	5.0	2.63	5.8
PTHR12992	1455.0	1418.14	1.0	0.59	1.31
PTHR22838	2686.0	2575.42	0.0	0.0	0.0
PTHR22881	5401.09	5327.36	8.0	3.19	7.03
PTHR22836	1456.0	1419.14	0.0	0.0	0.0
PTHR10693	3635.0	3598.14	3.0	0.7	1.54
PTHR10938	1521.0	1447.28	0.0	0.0	0.0
PTHR13375	4500.05	4463.18	6.0	1.13	2.49
PTHR10934	1209.0	1135.28	2067.63	4033.02	8898.95
PTHR11510	2895.0	2858.14	45.0	13.21	29.15
PTHR11516	6459.0	6311.56	97.51	27.83	61.42
PTHR10025	3470.33	3359.75	1.0	0.9	1.98
PTHR10026	12763.64	12579.34	27.0	6.86	15.13
PTHR10027	1475.5	1401.78	2.0	2.32	5.12
PTHR13009	3072.0	2961.42	1.0	0.69	1.51
PTHR13007	2571.0	2534.14	1.0	0.33	0.73
PTHR30115	2506.0	2432.28	0.0	0.0	0.0
PTHR10598	2114.0	2077.14	9.0	3.64	8.03
PTHR17901	1705.0	1668.14	1.0	0.5	1.11
PTHR24351	13660.0	13549.42	25.0	3.68	8.13
PTHR20981	1064.0	990.28	689.0	1486.63	3280.29
PTHR20982	1959.0	1885.28	5.0	4.37	9.63
PTHR24352	8230.0	8119.42	10.0	2.74	6.04
PTHR11467	1710.0	1673.14	2.0	1.0	2.22
PTHR10119	8945.62	8835.04	53.0	17.55	38.73
PTHR10110	7001.0	6706.13	0.0	0.0	0.0
PTHR11469	3504.0	3467.14	46.0	11.13	24.55
PTHR11863	5462.0	5388.28	5.0	1.23	2.72
PTHR24286	9054.55	8833.39	21.0	10.09	22.28
PTHR11864	4602.0	4491.42	2.0	0.85	1.88
PTHR23426	4599.67	4452.22	10.0	5.94	13.1
PTHR10593	3657.0	3583.28	2.05	0.69	1.52
