GeneFamily	length	effective_length	expected_count	TPM	FPKM
PTHR11649	9048.57	8748.74	0.0	0.0	0.0
PTHR31089	2408.2	2370.73	0.0	0.0	0.0
PTHR31085	404.0	366.53	0.0	0.0	0.0
PTHR11647	4046.0	3971.04	1.0	0.12	0.34
PTHR11645	3228.0	3190.52	8.0	0.58	1.58
PTHR10209	3168.0	3093.04	0.0	0.0	0.0
PTHR32429	4034.0	3959.04	520.39	64.67	177.82
PTHR31423	806.0	768.52	0.0	0.0	0.0
PTHR31551	750.0	712.52	0.0	0.0	0.0
PTHR32195	973.0	898.06	0.0	0.0	0.0
PTHR11081	3279.0	3129.09	0.0	0.0	0.0
PTHR11080	2513.0	2438.04	0.0	0.0	0.0
PTHR11082	10596.17	10296.35	1.0	0.16	0.44
PTHR11085	3218.0	3105.57	0.0	0.0	0.0
PTHR13501	1760.0	1722.52	0.0	0.0	0.0
PTHR11089	10526.5	10151.71	9.0	1.74	4.81
PTHR12271	3399.0	3249.09	0.0	0.0	0.0
PTHR32518	3536.0	3498.52	0.0	0.0	0.0
PTHR11247	2058.5	1983.54	0.0	0.0	0.0
PTHR11246	10516.0	10366.08	16.97	1.66	4.57
PTHR32512	1450.0	1412.52	0.0	0.0	0.0
PTHR23088	4168.5	4018.61	20.0	3.55	9.77
PTHR23089	2380.0	2267.56	0.0	0.0	0.0
PTHR23081	5303.5	5228.54	0.0	0.0	0.0
PTHR23083	36442.33	35430.46	0.0	0.0	0.0
PTHR23084	6265.5	6040.67	0.0	0.0	0.0
PTHR23086	4203.25	4053.33	0.0	0.0	0.0
PTHR18806	1357.2	1319.72	0.0	0.0	0.0
PTHR11880	2225.0	2150.04	56.0	22.8	62.7
PTHR31953	4697.5	4585.06	0.0	0.0	0.0
PTHR15184	9645.0	9420.13	83.0	9.45	25.98
PTHR11885	1409.0	1334.04	2295.08	972.42	2674.03
PTHR15341	780.0	742.52	0.0	0.0	0.0
PTHR32357	929.5	854.56	0.0	0.0	0.0
PTHR12696	4806.0	4768.52	0.0	0.0	0.0
PTHR12341	5365.5	5178.11	5.0	0.76	2.06
PTHR10168	7263.0	7113.08	0.0	0.0	0.0
PTHR15160	10815.5	10628.1	0.0	0.0	0.0
PTHR18937	22692.46	22355.14	6.0	0.64	1.74
PTHR18934	14292.82	13768.17	212.02	19.77	54.34
PTHR12742	4141.5	4029.06	0.0	0.0	0.0
PTHR12741	3673.0	3598.04	2.0	0.2	0.55
PTHR19288	7986.4	7799.0	10.0	0.96	2.65
PTHR13902	7046.0	6933.56	11.0	1.15	3.15
PTHR13903	2042.5	1967.54	2.0	0.53	1.45
PTHR22753	4558.0	4445.56	0.0	0.0	0.0
PTHR30615	1811.0	1698.56	0.0	0.0	0.0
PTHR21220	935.0	860.04	0.0	0.0	0.0
PTHR22938	5141.17	5066.21	0.0	0.0	0.0
PTHR16266	7223.0	7035.61	0.0	0.0	0.0
PTHR30612	3893.0	3818.04	26.56	1.91	5.24
PTHR22932	623.0	585.52	0.0	0.0	0.0
PTHR21228	54828.83	53104.88	0.0	0.0	0.0
PTHR31038	981.0	943.52	0.0	0.0	0.0
PTHR13832	41597.53	40698.08	1.0	0.1	0.26
PTHR21139	2424.0	2386.52	0.0	0.0	0.0
PTHR21136	2700.0	2625.04	0.0	0.0	0.0
PTHR12526	35166.21	34529.11	28.87	2.24	6.12
PTHR13120	2209.0	2171.52	0.0	0.0	0.0
PTHR22809	1835.0	1685.11	0.0	0.0	0.0
PTHR22807	9692.5	9430.18	35.0	11.33	31.17
PTHR20661	2040.0	1965.04	0.0	0.0	0.0
PTHR10900	13473.04	13098.28	13.0	5.61	15.43
PTHR10906	2232.0	2194.52	0.0	0.0	0.0
PTHR10909	17902.67	17602.83	89.36	6.94	19.11
PTHR10055	4483.0	4370.56	27.0	3.12	8.6
PTHR10057	2128.5	2053.54	0.0	0.0	0.0
PTHR10052	394.0	356.53	1474.0	967.28	2659.89
PTHR13017	1207.0	1169.52	0.0	0.0	0.0
PTHR13018	18123.27	17748.49	0.0	0.0	0.0
PTHR10694	7729.0	7429.17	0.0	0.0	0.0
PTHR12839	1771.0	1658.57	0.0	0.0	0.0
PTHR12835	2330.0	2255.04	1.0	0.56	1.53
PTHR24031	61548.97	59263.03	4369.69	596.82	1641.18
PTHR24032	676.0	638.52	0.0	0.0	0.0
PTHR11922	4520.0	4407.56	7.0	0.7	1.94
PTHR24349	72469.77	70858.2	3.91	0.61	1.67
PTHR24619	5644.5	5307.24	0.0	0.0	0.0
PTHR24343	22850.5	22250.86	34.88	10.8	29.74
PTHR11472	5444.0	5181.64	1.0	0.38	1.03
PTHR11476	5164.0	5051.56	5.0	0.53	1.47
PTHR11477	2769.8	2694.84	0.0	0.0	0.0
PTHR24305	2761.5	2574.12	0.0	0.0	0.0
PTHR10476	5599.0	5449.08	19.0	3.06	8.4
PTHR24290	2182.0	2107.05	1.0	0.69	1.89
PTHR23413	880.09	805.16	15881.87	14405.5	39613.13
PTHR23417	3583.83	3434.02	0.0	0.0	0.0
PTHR23416	3627.0	3552.04	0.0	0.0	0.0
PTHR23415	1476.0	1438.52	0.0	0.0	0.0
PTHR10871	4477.5	4327.58	1461.97	325.9	896.19
PTHR23418	716.0	678.52	0.0	0.0	0.0
PTHR10877	29586.5	28986.98	0.0	0.0	0.0
PTHR11879	5008.67	4896.23	3.0	0.44	1.2
PTHR10430	2624.0	2549.04	4.0	1.27	3.5
PTHR31724	6103.83	5953.92	0.0	0.0	0.0
PTHR31098	6918.99	6806.55	177.0	7.97	21.9
PTHR11655	2949.0	2836.59	1713.06	1325.98	3646.26
PTHR11652	809.0	771.52	0.0	0.0	0.0
PTHR10436	7892.0	7404.82	0.0	0.0	0.0
PTHR20883	1484.6	1447.17	0.0	0.0	0.0
PTHR11895	4300.0	4075.14	0.0	0.0	0.0
PTHR10277	1382.5	1345.02	0.0	0.0	0.0
PTHR14027	3090.0	2977.57	0.0	0.0	0.0
PTHR13691	966.0	891.05	17.0	12.05	33.14
PTHR23180	16887.0	16587.17	3.0	0.16	0.43
PTHR14593	3079.5	2967.07	1.0	0.18	0.5
PTHR11093	1784.42	1709.47	18.0	3.83	10.54
PTHR11096	2483.0	2370.56	0.0	0.0	0.0
PTHR23346	5473.0	5323.1	3.0	0.34	0.94
PTHR11099	904.25	866.77	0.0	0.0	0.0
PTHR10309	3074.0	3036.52	0.0	0.0	0.0
PTHR14107	1941.0	1903.52	0.0	0.0	0.0
PTHR11252	1957.0	1882.04	0.0	0.0	0.0
PTHR11254	24236.5	23786.75	3.0	0.35	0.95
PTHR11255	1820.0	1782.52	0.0	0.0	0.0
PTHR14110	7148.0	6998.08	0.0	0.0	0.0
PTHR14374	853.0	815.52	0.0	0.0	0.0
PTHR18838	712.0	674.52	0.0	0.0	0.0
PTHR12687	941.0	866.06	0.0	0.0	0.0
PTHR15157	3128.0	2940.64	0.0	0.0	0.0
PTHR18901	6507.0	6282.14	0.0	0.0	0.0
PTHR12755	3251.33	3138.9	0.0	0.0	0.0
PTHR12750	5749.0	5711.52	9.0	0.36	0.99
PTHR12753	1909.0	1871.52	0.0	0.0	0.0
PTHR15081	2439.0	2401.52	0.0	0.0	0.0
PTHR15574	6692.0	6429.65	0.0	0.0	0.0
PTHR12506	2445.5	2408.02	0.0	0.0	0.0
PTHR23109	648.5	611.02	0.0	0.0	0.0
PTHR13931	7166.0	7016.08	0.0	0.0	0.0
PTHR24006	26060.0	25198.11	46.0	2.72	7.47
PTHR12358	4587.0	4512.04	0.0	0.0	0.0
PTHR22748	2978.33	2903.38	0.0	0.0	0.0
PTHR12356	4854.0	4741.56	0.0	0.0	0.0
PTHR12221	2281.0	2168.58	0.0	0.0	0.0
PTHR21213	1425.0	1387.52	0.0	0.0	0.0
PTHR19879	1725.0	1612.61	0.0	0.0	0.0
PTHR12226	1589.0	1514.04	0.0	0.0	0.0
PTHR19876	4179.33	4104.38	1.0	0.07	0.19
PTHR19877	9881.0	9806.04	0.0	0.0	0.0
PTHR21689	3539.0	3464.04	0.0	0.0	0.0
PTHR31190	2904.0	2791.61	0.0	0.0	0.0
PTHR13803	11598.0	11448.08	228.98	11.93	32.82
PTHR19980	3253.0	3178.04	0.0	0.0	0.0
PTHR12537	2810.0	2735.04	17.0	2.85	7.83
PTHR12532	1731.0	1693.52	0.0	0.0	0.0
PTHR13486	1181.0	1143.52	0.0	0.0	0.0
PTHR13489	1273.0	1235.52	0.0	0.0	0.0
PTHR17583	2484.0	2296.63	0.0	0.0	0.0
PTHR24198	29692.0	28792.54	0.0	0.0	0.0
PTHR10048	5931.0	5743.6	7.0	1.97	5.42
PTHR24193	15594.61	15182.39	0.0	0.0	0.0
PTHR10044	1904.2	1791.78	0.0	0.0	0.0
PTHR11998	7585.67	7473.23	8.0	0.81	2.21
PTHR13060	1901.0	1863.52	0.0	0.0	0.0
PTHR10687	1962.0	1924.52	0.0	0.0	0.0
PTHR10681	21236.84	20749.63	14.0	1.33	3.68
PTHR10682	3121.6	3084.12	0.0	0.0	0.0
PTHR10683	3506.0	3431.04	0.0	0.0	0.0
PTHR12829	2436.0	2323.61	0.0	0.0	0.0
PTHR12820	5790.0	5752.52	0.0	0.0	0.0
PTHR12826	826.0	788.52	0.0	0.0	0.0
PTHR12827	1190.0	1077.59	0.0	0.0	0.0
PTHR17920	1281.0	1206.05	0.0	0.0	0.0
PTHR11405	9995.0	9845.08	286.24	17.06	46.91
PTHR11404	4836.71	4686.8	0.0	0.0	0.0
PTHR11406	3481.0	3406.04	19.0	2.16	5.93
PTHR14744	1086.0	1048.52	0.0	0.0	0.0
PTHR13468	1322.33	1284.86	0.0	0.0	0.0
PTHR23406	12257.0	11994.69	2.0	0.1	0.29
PTHR23407	830.0	792.52	0.0	0.0	0.0
PTHR10869	17126.85	16789.53	23.72	1.2	3.32
PTHR31717	9654.0	9504.09	0.0	0.0	0.0
PTHR13393	3030.55	2993.08	0.0	0.0	0.0
PTHR15169	930.0	855.05	0.0	0.0	0.0
PTHR11315	5014.0	4939.04	0.0	0.0	0.0
PTHR10139	1748.0	1635.58	0.0	0.0	0.0
PTHR10264	1629.5	1554.54	0.0	0.0	0.0
PTHR10263	5318.0	5243.04	1.0	0.06	0.17
PTHR31407	5165.0	5052.56	0.0	0.0	0.0
PTHR32170	1633.0	1558.05	0.0	0.0	0.0
PTHR23350	2733.5	2621.09	0.0	0.0	0.0
PTHR23354	3745.0	3632.56	0.0	0.0	0.0
PTHR23355	7940.5	7565.73	1.0	0.29	0.8
PTHR23359	9561.84	9187.24	2.0	0.75	2.06
PTHR11227	2669.0	2631.52	0.0	0.0	0.0
PTHR11220	9982.47	9795.09	0.0	0.0	0.0
PTHR11223	1047.0	972.05	0.0	0.0	0.0
PTHR11229	2439.0	2364.04	0.0	0.0	0.0
PTHR10314	17647.67	17123.02	168.78	14.48	39.82
PTHR14303	3093.0	3055.52	0.0	0.0	0.0
PTHR14085	1149.5	1112.02	0.0	0.0	0.0
PTHR11139	19199.33	18412.37	61.0	6.25	17.17
PTHR15362	3532.0	3457.04	0.0	0.0	0.0
PTHR11132	34162.84	33338.32	1.0	0.11	0.3
PTHR11134	3758.0	3720.52	52.17	3.22	8.86
PTHR11136	1373.0	1335.52	0.0	0.0	0.0
PTHR32374	3733.0	3583.08	33.0	8.52	23.43
PTHR31579	18813.96	18439.22	1.0	0.09	0.26
PTHR32379	2271.0	2196.04	0.0	0.0	0.0
PTHR18919	7357.5	7245.06	1.0	0.08	0.23
PTHR32002	5972.5	5822.58	0.0	0.0	0.0
PTHR14413	5386.5	5311.54	0.0	0.0	0.0
PTHR14089	4427.0	4314.56	0.0	0.0	0.0
PTHR22893	6469.0	6394.04	0.0	0.0	0.0
PTHR24067	18659.0	18209.24	7.0	0.92	2.53
PTHR10072	1347.5	1310.02	0.0	0.0	0.0
PTHR12786	2968.19	2930.72	2.0	0.16	0.43
PTHR12782	572.0	534.52	0.0	0.0	0.0
PTHR11742	2751.0	2638.58	0.0	0.0	0.0
PTHR11216	3342.0	3267.04	12.0	1.15	3.16
PTHR13923	4768.5	4731.02	0.0	0.0	0.0
PTHR11210	1428.0	1390.52	0.0	0.0	0.0
PTHR12321	1969.0	1931.52	0.0	0.0	0.0
PTHR12320	12101.0	11801.17	0.0	0.0	0.0
PTHR12323	979.0	941.52	0.0	0.0	0.0
PTHR16201	880.0	842.52	0.0	0.0	0.0
PTHR21015	1809.0	1734.04	0.0	0.0	0.0
PTHR16196	2989.33	2914.38	0.0	0.0	0.0
PTHR16193	1451.0	1376.04	0.0	0.0	0.0
PTHR22792	7382.0	7232.09	3.0	0.13	0.37
PTHR22790	3075.0	2962.57	0.0	0.0	0.0
PTHR21680	1078.0	1040.52	0.0	0.0	0.0
PTHR10343	3779.5	3704.54	0.0	0.0	0.0
PTHR21113	1863.5	1788.55	0.0	0.0	0.0
PTHR19316	1563.5	1526.02	0.0	0.0	0.0
PTHR21663	896.0	821.07	0.0	0.0	0.0
PTHR13253	10855.68	10555.85	1.0	0.1	0.26
PTHR12446	712.0	674.52	0.0	0.0	0.0
PTHR21206	1008.0	970.52	0.0	0.0	0.0
PTHR13789	23825.5	23300.78	3.0	0.29	0.8
PTHR10071	24808.17	24395.94	0.0	0.0	0.0
PTHR24188	11581.97	11282.14	1.0	0.07	0.21
PTHR13780	6265.5	6115.59	0.0	0.0	0.0
PTHR10670	4498.0	4198.23	3.0	1.67	4.62
PTHR10677	4835.5	4760.54	0.0	0.0	0.0
PTHR13078	6524.82	6374.95	0.0	0.0	0.0
PTHR12815	4462.0	4387.04	0.0	0.0	0.0
PTHR12814	1442.0	1367.04	0.0	0.0	0.0
PTHR24361	18682.0	18344.72	2.0	0.17	0.48
PTHR24362	34315.67	33528.7	1.0	0.12	0.34
PTHR10416	2045.0	2007.52	0.0	0.0	0.0
PTHR10410	6425.0	6312.56	36.0	3.11	8.56
PTHR10783	11825.0	11525.18	16.94	1.09	2.99
PTHR10782	985.0	947.52	0.0	0.0	0.0
PTHR13476	3220.5	3145.54	0.0	0.0	0.0
PTHR10788	8067.43	7954.99	9.0	0.72	1.97
PTHR10891	56549.83	55125.64	2.0	0.43	1.18
PTHR10890	1600.5	1563.02	0.0	0.0	0.0
PTHR20426	1114.0	1076.52	1.0	0.21	0.59
PTHR23213	12760.0	12385.22	0.0	0.0	0.0
PTHR10520	7632.0	7482.08	26.58	2.55	7.02
PTHR10250	1635.0	1597.52	1.0	0.14	0.4
PTHR10527	16335.33	16035.51	0.0	0.0	0.0
PTHR31384	3414.0	3376.52	0.0	0.0	0.0
PTHR31385	4107.0	4032.04	0.0	0.0	0.0
PTHR10091	1482.0	1444.52	0.0	0.0	0.0
PTHR31142	1594.0	1556.52	0.0	0.0	0.0
PTHR31140	2477.5	2440.02	0.0	0.0	0.0
PTHR11787	5046.08	5008.61	1.0	0.05	0.13
PTHR11785	9408.5	9146.17	0.0	0.0	0.0
PTHR11782	9373.0	9185.62	0.0	0.0	0.0
PTHR31419	1613.67	1463.85	0.0	0.0	0.0
PTHR11780	3793.0	3718.04	137.0	12.17	33.47
PTHR32148	10229.5	9929.67	71.0	50.71	139.43
PTHR23324	9569.2	9419.28	0.0	0.0	0.0
PTHR23327	3699.0	3624.04	0.0	0.0	0.0
PTHR23326	5044.0	4931.56	0.0	0.0	0.0
PTHR23321	4322.75	4172.86	47.0	7.27	20.0
PTHR23323	5392.5	5092.71	0.0	0.0	0.0
PTHR23322	2853.0	2703.1	0.0	0.0	0.0
PTHR23329	881.0	843.52	0.0	0.0	0.0
PTHR11236	5492.5	5305.12	2.94	0.33	0.91
PTHR20932	2492.0	2454.52	0.0	0.0	0.0
PTHR10322	9090.83	8791.03	21.0	2.58	7.07
PTHR11239	1765.0	1690.04	0.0	0.0	0.0
PTHR10803	5584.0	5471.56	30.98	5.55	15.26
PTHR31964	9330.5	9143.19	0.0	0.0	0.0
PTHR10552	1059.0	1021.52	0.0	0.0	0.0
PTHR23030	2155.0	2117.52	0.0	0.0	0.0
PTHR11129	3301.0	3188.56	0.0	0.0	0.0
PTHR15316	3182.0	3032.08	0.0	0.0	0.0
PTHR11127	1073.0	998.05	168.94	111.18	305.73
PTHR11125	2393.0	2280.56	0.0	0.0	0.0
PTHR31566	547.0	509.52	0.0	0.0	0.0
PTHR31567	1662.0	1624.52	8.0	1.13	3.12
PTHR31561	3574.6	3499.64	0.0	0.0	0.0
PTHR15137	2494.0	2381.56	0.0	0.0	0.0
PTHR14950	413.0	375.53	0.0	0.0	0.0
PTHR15954	1842.5	1767.54	0.0	0.0	0.0
PTHR15952	2757.0	2682.04	0.0	0.0	0.0
PTHR21319	7145.33	7032.9	0.0	0.0	0.0
PTHR21597	2221.0	2108.56	0.0	0.0	0.0
PTHR19271	1076.0	1001.05	5.0	1.81	4.99
PTHR22931	8228.5	7816.24	329.32	95.23	261.87
PTHR12022	1317.0	1279.52	0.0	0.0	0.0
PTHR13343	7316.0	7203.56	0.0	0.0	0.0
PTHR12233	988.0	950.52	2.97	0.72	1.98
PTHR12029	7105.2	6767.95	0.0	0.0	0.0
PTHR22936	8821.33	8558.98	0.0	0.0	0.0
PTHR22780	7983.5	7833.58	14.0	1.17	3.22
PTHR21477	3300.6	3225.64	2.0	0.23	0.63
PTHR19308	3433.0	3358.04	0.0	0.0	0.0
PTHR22870	21157.77	20445.73	3.0	0.36	0.99
PTHR17630	10617.5	10392.62	0.0	0.0	0.0
PTHR10064	601.0	563.52	489.82	201.94	555.32
PTHR10066	4785.33	4597.95	0.0	0.0	0.0
PTHR10060	2797.4	2685.08	0.0	0.0	0.0
PTHR10663	10301.57	9926.78	0.0	0.0	0.0
PTHR10666	711.0	673.52	3573.79	1230.25	3383.03
PTHR10668	9878.0	9503.27	7.0	1.31	3.61
PTHR12265	936.0	861.05	0.0	0.0	0.0
PTHR12801	6650.83	6500.92	0.0	0.0	0.0
PTHR12802	3827.0	3602.17	0.0	0.0	0.0
PTHR12805	1014.0	976.52	0.0	0.0	0.0
PTHR12806	1186.33	1148.86	0.0	0.0	0.0
PTHR21091	14326.0	14026.18	100.0	6.12	16.83
PTHR21090	5440.0	5365.04	47.09	3.75	10.32
PTHR24314	3409.5	3334.54	0.0	0.0	0.0
PTHR11933	825.0	787.52	0.0	0.0	0.0
PTHR24316	13369.5	12957.23	16.98	1.81	4.97
PTHR11426	4780.81	4668.38	12.0	2.81	7.74
PTHR11937	9765.5	9578.1	2.88	0.34	0.91
PTHR11938	14414.0	14301.56	317.4	9.62	26.44
PTHR13683	871.5	834.02	0.0	0.0	0.0
PTHR24089	56101.57	54639.99	22.22	3.25	8.95
PTHR10796	12236.5	11899.24	0.0	0.0	0.0
PTHR10794	6024.4	5874.49	0.0	0.0	0.0
PTHR10795	35415.32	34665.79	2.89	0.4	1.1
PTHR10792	1033.0	958.05	11.0	6.26	17.21
PTHR10799	50946.05	48885.03	209.41	27.46	75.49
PTHR10882	1079.0	1041.52	0.0	0.0	0.0
PTHR10887	26508.2	25458.85	27.12	5.64	15.52
PTHR11686	1325.0	1287.52	0.0	0.0	0.0
PTHR11685	5452.5	5302.6	0.0	0.0	0.0
PTHR11680	5486.79	5374.35	263.4	27.84	76.56
PTHR24221	13070.33	12658.1	3.0	0.21	0.59
PTHR24220	5204.0	5091.56	2.28	0.31	0.84
PTHR24223	13327.5	12652.96	1.0	0.16	0.43
PTHR11689	17234.0	16934.2	0.0	0.0	0.0
PTHR10252	1783.0	1708.04	0.0	0.0	0.0
PTHR10537	566.0	528.52	0.0	0.0	0.0
PTHR13124	2770.0	2695.04	0.0	0.0	0.0
PTHR31173	2525.0	2450.04	1.0	0.15	0.41
PTHR12538	603.0	565.52	38.0	15.61	42.93
PTHR10997	12612.0	12274.68	0.0	0.0	0.0
PTHR10098	1479.0	1441.52	0.0	0.0	0.0
PTHR31356	7835.33	7647.94	25.0	3.15	8.69
PTHR31352	9023.0	8910.56	3.0	0.26	0.71
PTHR31350	4175.0	3987.62	0.0	0.0	0.0
PTHR11758	675.0	637.52	46.0	16.74	46.03
PTHR23333	2749.0	2674.04	0.0	0.0	0.0
PTHR11751	8838.0	8613.12	15.0	2.16	5.93
PTHR11753	3051.0	2976.04	0.0	0.0	0.0
PTHR11200	14158.0	13783.22	0.0	0.0	0.0
PTHR11206	24023.5	23423.88	0.0	0.0	0.0
PTHR11757	14036.5	13774.16	1.0	0.1	0.28
PTHR23339	11171.5	10909.17	1.0	0.04	0.1
PTHR10332	6434.0	6284.09	0.0	0.0	0.0
PTHR32557	4341.0	4303.52	5.0	0.27	0.73
PTHR14145	4972.0	4897.04	0.0	0.0	0.0
PTHR17695	2161.0	1973.64	0.0	0.0	0.0
PTHR13600	2280.0	2242.52	0.0	0.0	0.0
PTHR15744	954.0	916.52	0.0	0.0	0.0
PTHR23029	14017.5	13680.2	1.0	0.19	0.53
PTHR23023	10314.14	9864.41	0.0	0.0	0.0
PTHR21294	1024.0	986.52	0.0	0.0	0.0
PTHR11119	5706.0	5631.04	1.0	0.1	0.28
PTHR12841	1672.0	1634.52	0.0	0.0	0.0
PTHR31595	9385.5	9085.67	0.0	0.0	0.0
PTHR31596	1176.0	1101.09	0.0	0.0	0.0
PTHR15948	1503.0	1428.04	0.0	0.0	0.0
PTHR31412	5275.0	5200.04	0.0	0.0	0.0
PTHR32026	4708.04	4633.08	0.0	0.0	0.0
PTHR22939	18818.5	18256.35	0.0	0.0	0.0
PTHR31829	1193.0	1155.52	250.0	49.94	137.32
PTHR30191	3723.0	3685.52	44.95	2.8	7.71
PTHR14898	3160.0	3085.04	0.0	0.0	0.0
PTHR19241	40710.43	39398.85	33.52	14.34	39.4
PTHR14894	3228.88	3191.4	0.0	0.0	0.0
PTHR15239	1923.39	1773.53	0.0	0.0	0.0
PTHR19854	3766.07	3578.68	0.0	0.0	0.0
PTHR32497	4010.0	3935.04	0.0	0.0	0.0
PTHR12304	1711.0	1636.04	0.0	0.0	0.0
PTHR30540	5464.5	5427.02	0.0	0.0	0.0
PTHR30544	6636.5	6486.59	1.0	0.13	0.34
PTHR13302	2497.0	2384.58	0.0	0.0	0.0
PTHR12472	428.0	390.53	0.0	0.0	0.0
PTHR13308	2161.0	2048.56	0.0	0.0	0.0
PTHR12477	1161.0	1123.52	0.0	0.0	0.0
PTHR13878	4538.0	4425.56	0.0	0.0	0.0
PTHR21461	995.5	958.02	0.0	0.0	0.0
PTHR13872	856.0	781.05	7.01	4.53	12.44
PTHR22849	19947.5	19422.81	0.0	0.0	0.0
PTHR21314	2992.33	2917.38	0.0	0.0	0.0
PTHR21649	12310.89	11861.19	595.57	382.04	1050.56
PTHR22841	6801.0	6651.09	0.0	0.0	0.0
PTHR22847	66214.64	64190.99	0.0	0.0	0.0
PTHR22846	2088.0	2013.04	0.0	0.0	0.0
PTHR22844	16266.5	15891.71	0.0	0.0	0.0
PTHR31606	927.0	889.52	0.0	0.0	0.0
PTHR23284	1435.0	1397.52	0.0	0.0	0.0
PTHR21266	11914.0	11576.72	0.0	0.0	0.0
PTHR12277	2591.75	2516.79	0.0	0.0	0.0
PTHR12276	1737.0	1699.52	0.0	0.0	0.0
PTHR10657	6220.0	6145.04	0.0	0.0	0.0
PTHR16557	1548.5	1473.55	0.0	0.0	0.0
PTHR10655	1480.0	1442.52	0.0	0.0	0.0
PTHR10652	1108.5	1071.02	0.0	0.0	0.0
PTHR17972	2278.0	2128.09	0.0	0.0	0.0
PTHR21085	1447.0	1409.52	2.0	0.33	0.9
PTHR10438	21382.5	20932.74	1.0	0.21	0.59
PTHR11926	3041.0	3003.52	0.0	0.0	0.0
PTHR11431	2527.0	2489.52	2.0	0.18	0.51
PTHR10434	2098.0	2023.04	1.0	0.25	0.68
PTHR24096	7789.85	7639.93	17.44	1.71	4.7
PTHR13693	5853.0	5665.63	1.0	0.08	0.22
PTHR24095	6272.17	6084.79	4.0	0.25	0.69
PTHR24092	5959.4	5846.96	0.0	0.0	0.0
PTHR24093	45796.28	44671.95	358.76	22.47	61.83
PTHR13451	1399.0	1324.07	0.0	0.0	0.0
PTHR13452	916.5	841.62	0.0	0.0	0.0
PTHR10759	923.0	848.06	27.0	21.27	58.49
PTHR12901	1256.0	1218.52	0.0	0.0	0.0
PTHR12903	3250.0	3175.04	1.0	0.1	0.27
PTHR13992	965.5	890.67	0.0	0.0	0.0
PTHR23237	759.0	721.52	0.0	0.0	0.0
PTHR10501	5234.5	5159.54	0.0	0.0	0.0
PTHR31169	1263.0	1225.52	0.0	0.0	0.0
PTHR11122	1185.0	1147.52	0.0	0.0	0.0
PTHR14087	679.0	641.52	0.0	0.0	0.0
PTHR23309	1536.0	1498.52	0.0	0.0	0.0
PTHR23308	3114.0	2926.63	0.0	0.0	0.0
PTHR31344	379.0	341.53	0.0	0.0	0.0
PTHR31619	3517.0	3479.52	8.0	0.53	1.45
PTHR23306	2224.57	2149.64	0.0	0.0	0.0
PTHR23305	2467.0	2317.1	0.0	0.0	0.0
PTHR11748	16211.7	15911.86	16.28	1.03	2.84
PTHR11214	4329.5	4254.54	0.0	0.0	0.0
PTHR14154	18302.5	17777.88	13.0	2.64	7.25
PTHR10344	1205.5	1168.02	0.0	0.0	0.0
PTHR14152	1100.0	1025.04	0.0	0.0	0.0
PTHR11699	18887.5	18512.73	29.92	4.9	13.5
PTHR11692	1913.08	1875.61	4.01	0.49	1.35
PTHR11693	4161.0	4086.04	6.0	0.49	1.35
PTHR11695	18990.5	18653.19	8.0	0.79	2.19
PTHR31760	389.0	351.7	0.0	0.0	0.0
PTHR31906	9771.91	9434.67	0.0	0.0	0.0
PTHR13847	17047.15	16484.99	3.0	0.29	0.81
PTHR23012	15863.5	15451.27	1.0	0.08	0.21
PTHR11101	8316.5	8166.6	0.0	0.0	0.0
PTHR11102	1831.0	1756.04	0.0	0.0	0.0
PTHR11106	6160.0	5972.61	0.0	0.0	0.0
PTHR31585	5972.17	5859.73	0.0	0.0	0.0
PTHR32125	2704.0	2629.04	0.0	0.0	0.0
PTHR31588	1610.0	1572.52	0.0	0.0	0.0
PTHR32120	307.0	269.55	0.0	0.0	0.0
PTHR10288	10387.0	10237.08	1.0	0.08	0.21
PTHR15680	3208.0	3133.04	0.0	0.0	0.0
PTHR10281	6473.5	6323.58	0.0	0.0	0.0
PTHR24347	19958.55	19546.28	0.0	0.0	0.0
PTHR18895	3218.0	3068.08	0.0	0.0	0.0
PTHR12486	3103.5	3028.54	0.0	0.0	0.0
PTHR21262	9935.83	9785.92	0.0	0.0	0.0
PTHR12480	5193.5	5006.11	0.0	0.0	0.0
PTHR12482	3107.0	2957.08	0.0	0.0	0.0
PTHR12317	8497.0	8272.13	0.0	0.0	0.0
PTHR12649	1675.0	1637.52	0.0	0.0	0.0
PTHR12461	3251.88	3101.99	0.0	0.0	0.0
PTHR12466	1362.0	1249.58	0.0	0.0	0.0
PTHR21419	1609.0	1571.52	0.0	0.0	0.0
PTHR22854	2335.0	2260.04	0.0	0.0	0.0
PTHR26312	3118.0	2930.62	0.0	0.0	0.0
PTHR12000	3559.0	3446.56	0.0	0.0	0.0
PTHR21327	1833.0	1795.52	0.0	0.0	0.0
PTHR21631	12775.0	12587.6	4.0	0.22	0.6
PTHR22855	1839.0	1801.52	0.0	0.0	0.0
PTHR22850	6941.33	6641.63	3.0	2.08	5.71
PTHR22504	1192.0	1154.52	0.0	0.0	0.0
PTHR12189	1136.67	1099.19	0.0	0.0	0.0
PTHR21256	2870.0	2832.52	41.0	3.33	9.15
PTHR12266	8318.33	8205.9	0.0	0.0	0.0
PTHR10648	5248.0	5210.52	0.0	0.0	0.0
PTHR30178	2677.0	2602.04	5.0	2.71	7.47
PTHR10641	27119.67	26220.18	66.27	11.24	30.91
PTHR19842	1161.0	1123.52	0.0	0.0	0.0
PTHR10644	10184.0	9884.18	6.0	0.31	0.84
PTHR12864	5109.5	4959.61	0.0	0.0	0.0
PTHR12860	1379.0	1341.52	0.0	0.0	0.0
PTHR13194	3070.0	3032.52	0.0	0.0	0.0
PTHR13190	4512.0	4437.04	0.0	0.0	0.0
PTHR13193	504.0	466.52	0.0	0.0	0.0
PTHR11913	3338.5	3301.02	0.0	0.0	0.0
PTHR11911	2831.0	2793.52	8.79	0.72	1.99
PTHR11910	2759.0	2684.04	0.0	0.0	0.0
PTHR11918	7814.0	7664.08	20.0	2.19	6.03
PTHR12919	2962.0	2887.04	0.0	0.0	0.0
PTHR13271	30702.0	29840.08	1.0	0.07	0.19
PTHR12910	2842.5	2767.54	0.0	0.0	0.0
PTHR12917	1285.0	1247.52	0.0	0.0	0.0
PTHR11351	4752.22	4677.26	8.0	0.53	1.44
PTHR11353	18109.95	17585.23	139.83	18.24	50.16
PTHR11599	16063.0	15613.25	38.0	6.78	18.64
PTHR10516	31411.3	30661.71	9.0	1.1	3.02
PTHR11592	4194.0	4081.56	0.0	0.0	0.0
PTHR11659	2215.0	2177.52	5.0	0.53	1.45
PTHR13273	1644.5	1607.02	0.0	0.0	0.0
PTHR31096	1769.0	1694.04	0.0	0.0	0.0
PTHR13734	2911.17	2761.27	0.0	0.0	0.0
PTHR31620	7769.0	7656.56	1.0	0.07	0.2
PTHR23315	13957.89	13620.6	1.0	0.05	0.13
PTHR23316	3602.17	3489.73	0.0	0.0	0.0
PTHR11778	4012.0	3937.04	15.0	2.9	7.99
PTHR11777	5840.0	5652.63	87.66	7.05	19.4
PTHR11774	2806.17	2693.76	0.0	0.0	0.0
PTHR11773	5132.0	5094.52	22.0	0.99	2.73
PTHR11772	6797.33	6647.42	0.0	0.0	0.0
PTHR10357	21632.71	21257.92	154.54	11.38	31.31
PTHR10353	962.0	924.52	0.0	0.0	0.0
PTHR10350	2512.0	2362.1	0.0	0.0	0.0
PTHR10351	7543.08	7355.69	2.0	0.27	0.73
PTHR10359	2120.09	2007.72	0.0	0.0	0.0
PTHR32442	1233.0	1195.52	0.0	0.0	0.0
PTHR31750	1158.0	1120.52	0.0	0.0	0.0
PTHR14189	1755.0	1717.52	0.0	0.0	0.0
PTHR21021	569.0	531.52	0.0	0.0	0.0
PTHR32228	1305.0	1230.04	0.0	0.0	0.0
PTHR31245	1969.0	1931.52	0.0	0.0	0.0
PTHR23001	4121.0	4046.04	3.0	0.33	0.91
PTHR23002	1464.0	1426.52	0.0	0.0	0.0
PTHR11177	4773.83	4661.4	0.0	0.0	0.0
PTHR10445	1560.5	1523.02	0.0	0.0	0.0
PTHR11178	3255.0	3180.04	0.0	0.0	0.0
PTHR14456	1055.5	1018.02	0.0	0.0	0.0
PTHR31808	2608.0	2570.52	2.0	0.18	0.49
PTHR31803	2691.0	2653.52	3.0	0.26	0.71
PTHR11009	1020.0	982.52	0.0	0.0	0.0
PTHR30075	4293.0	4255.52	5.0	0.27	0.74
PTHR10099	5398.0	5360.52	68.03	2.91	8.01
PTHR19229	12266.2	11554.32	2.0	0.66	1.82
PTHR20961	15390.0	15127.65	1.0	0.07	0.2
PTHR11005	3708.0	3558.08	0.0	0.0	0.0
PTHR11006	9527.5	9265.18	15.0	0.78	2.14
PTHR18640	9018.5	8831.15	0.0	0.0	0.0
PTHR18866	18538.5	18313.65	110.8	12.89	35.42
PTHR15074	646.5	571.65	0.0	0.0	0.0
PTHR15588	2435.5	2360.54	0.0	0.0	0.0
PTHR12677	5279.0	5166.56	1.0	0.1	0.27
PTHR19134	3170.33	3095.43	0.0	0.0	0.0
PTHR19139	2267.5	2230.02	0.0	0.0	0.0
PTHR12459	1293.0	1255.52	0.0	0.0	0.0
PTHR12456	431.0	393.53	0.0	0.0	0.0
PTHR12452	1648.0	1610.52	0.0	0.0	0.0
PTHR19359	568.0	530.52	0.0	0.0	0.0
PTHR12072	3732.0	3582.12	0.0	0.0	0.0
PTHR13218	1141.0	1103.52	1.0	0.21	0.58
PTHR13215	2256.6	2181.65	0.0	0.0	0.0
PTHR13213	670.0	632.52	0.0	0.0	0.0
PTHR10809	2933.0	2895.52	0.0	0.0	0.0
PTHR12290	3800.0	3687.58	0.0	0.0	0.0
PTHR21530	1975.0	1900.04	0.0	0.0	0.0
PTHR12295	5946.0	5796.08	0.0	0.0	0.0
PTHR12298	7490.0	7265.12	0.0	0.0	0.0
PTHR10638	2221.0	2146.04	0.0	0.0	0.0
PTHR10634	3257.0	3219.52	0.0	0.0	0.0
PTHR10631	3127.0	2977.11	0.0	0.0	0.0
PTHR10984	6017.0	5904.56	0.0	0.0	0.0
PTHR12858	2948.67	2798.75	3.0	0.84	2.31
PTHR13505	1023.0	985.52	0.0	0.0	0.0
PTHR12850	428.0	390.53	433.0	258.99	712.18
PTHR12856	317.0	279.54	0.0	0.0	0.0
PTHR12855	964.0	926.52	0.0	0.0	0.0
PTHR12854	4518.0	4480.52	0.0	0.0	0.0
PTHR13182	2000.0	1962.52	1.0	0.12	0.32
PTHR10182	2288.0	2250.52	2.0	0.2	0.56
PTHR10585	1581.0	1543.52	0.0	0.0	0.0
PTHR10743	1208.5	1171.02	0.0	0.0	0.0
PTHR10742	16838.0	16350.83	27.0	2.02	5.55
PTHR10745	1817.0	1779.52	21.1	2.73	7.51
PTHR10744	943.0	868.05	3366.18	2388.0	6566.68
PTHR10746	5200.0	5125.04	1.0	0.07	0.19
PTHR12924	1379.0	1341.52	0.0	0.0	0.0
PTHR11349	4668.0	4480.6	0.0	0.0	0.0
PTHR10566	27254.5	26542.43	18.08	2.21	6.07
PTHR11588	8170.33	7907.98	3417.99	544.35	1496.88
PTHR10291	972.0	934.52	0.0	0.0	0.0
PTHR11584	14851.0	14438.74	0.0	0.0	0.0
PTHR11586	5978.67	5828.76	0.0	0.0	0.0
PTHR11909	6696.0	6621.04	86.0	5.27	14.5
PTHR23429	4942.5	4867.54	40.0	3.17	8.71
PTHR24320	6884.33	6621.99	0.0	0.0	0.0
PTHR24322	11505.33	11093.06	1.0	0.19	0.52
PTHR11907	3952.0	3877.04	40.0	2.88	7.91
PTHR11760	1746.0	1671.04	457.0	133.82	368.0
PTHR11761	2052.0	1977.04	391.0	181.41	498.84
PTHR11766	1688.0	1650.52	0.0	0.0	0.0
PTHR11767	3300.0	3187.57	0.0	0.0	0.0
PTHR10361	2304.0	2229.04	0.0	0.0	0.0
PTHR10366	31792.5	31117.99	75.01	6.79	18.65
PTHR10169	6892.83	6705.44	0.0	0.0	0.0
PTHR20973	2311.0	2273.52	0.0	0.0	0.0
PTHR10165	2250.0	2175.04	0.0	0.0	0.0
PTHR31032	3545.0	3507.52	0.0	0.0	0.0
PTHR23257	250385.24	242965.19	2.0	0.22	0.63
PTHR23253	10770.0	10657.56	0.0	0.0	0.0
PTHR14190	2806.5	2694.06	0.0	0.0	0.0
PTHR14155	8545.0	8357.6	1.0	0.08	0.23
PTHR14194	5204.0	5091.56	3.0	0.33	0.91
PTHR31251	30701.15	29839.14	0.0	0.0	0.0
PTHR23074	10160.0	9747.74	4.0	0.38	1.05
PTHR23077	6920.17	6507.92	0.0	0.0	0.0
PTHR23076	32666.5	31954.44	143.52	15.67	43.09
PTHR12561	1744.0	1669.04	0.0	0.0	0.0
PTHR23073	4862.0	4749.56	99.0	18.68	51.37
PTHR10293	4589.0	4476.56	0.0	0.0	0.0
PTHR23078	5025.0	4987.52	7.0	0.32	0.89
PTHR11165	1707.0	1669.52	3.0	0.41	1.14
PTHR10772	3132.0	3057.04	0.0	0.0	0.0
PTHR32100	2696.67	2621.71	0.0	0.0	0.0
PTHR14534	1417.0	1379.52	0.0	0.0	0.0
PTHR14445	5995.0	5920.04	0.0	0.0	0.0
PTHR31811	925.0	887.52	0.0	0.0	0.0
PTHR23102	3430.0	3355.04	2.0	0.62	1.71
PTHR23105	4600.91	4376.09	23820.54	21157.02	58178.88
PTHR11010	3194.5	3119.54	0.0	0.0	0.0
PTHR11014	5324.67	5100.03	0.0	0.0	0.0
PTHR12668	3467.5	3392.54	0.0	0.0	0.0
PTHR12661	1278.0	1203.05	0.0	0.0	0.0
PTHR12663	336.0	298.54	0.0	0.0	0.0
PTHR12664	1801.0	1763.52	0.0	0.0	0.0
PTHR16166	8740.12	8515.27	0.0	0.0	0.0
PTHR12111	4484.36	4409.41	10.0	1.56	4.29
PTHR12447	3056.0	2906.09	0.0	0.0	0.0
PTHR15481	784.0	746.52	1.0	0.31	0.85
PTHR26379	11327.5	10990.22	0.0	0.0	0.0
PTHR12599	3872.67	3797.71	0.0	0.0	0.0
PTHR12596	4938.0	4900.52	0.0	0.0	0.0
PTHR12590	1528.5	1491.02	0.0	0.0	0.0
PTHR12066	396.0	358.53	0.0	0.0	0.0
PTHR12064	4592.25	4479.82	0.0	0.0	0.0
PTHR13226	4390.0	4277.57	0.0	0.0	0.0
PTHR13889	4583.0	4395.6	0.0	0.0	0.0
PTHR13887	3999.5	3887.08	0.0	0.0	0.0
PTHR21181	1155.0	1117.52	0.0	0.0	0.0
PTHR12413	482.0	444.52	0.0	0.0	0.0
PTHR13948	469.0	431.52	0.0	0.0	0.0
PTHR12146	939.0	901.52	247.0	63.35	174.21
PTHR11453	822.0	747.07	0.0	0.0	0.0
PTHR19306	7564.33	7414.42	1.0	0.09	0.24
PTHR21506	2527.0	2489.52	1.0	0.09	0.25
PTHR12280	4766.0	4578.6	0.0	0.0	0.0
PTHR12281	5054.5	4979.54	0.0	0.0	0.0
PTHR12286	2278.0	2240.52	0.0	0.0	0.0
PTHR12415	738.12	700.68	0.0	0.0	0.0
PTHR30573	2486.0	2448.52	0.0	0.0	0.0
PTHR22983	4265.0	4152.56	1.0	0.21	0.57
PTHR22981	16875.5	16725.58	0.0	0.0	0.0
PTHR11024	3096.0	3021.04	0.0	0.0	0.0
PTHR13082	834.0	796.52	0.0	0.0	0.0
PTHR10629	9495.0	9157.71	15.0	5.1	14.02
PTHR10994	23511.0	23061.24	0.0	0.0	0.0
PTHR10996	11967.38	11742.5	0.0	0.0	0.0
PTHR10625	23406.66	22619.62	7.0	0.7	1.93
PTHR10992	27094.59	26007.7	2.0	1.1	3.02
PTHR10993	4596.0	4483.58	0.0	0.0	0.0
PTHR12848	4595.5	4520.54	7.35	0.66	1.81
PTHR12849	1496.0	1421.04	0.0	0.0	0.0
PTHR21712	4262.0	4224.52	0.0	0.0	0.0
PTHR12847	4075.0	3962.56	3.0	0.56	1.55
PTHR21290	2153.0	2115.52	0.0	0.0	0.0
PTHR21349	2892.0	2817.04	0.0	0.0	0.0
PTHR21347	1882.0	1844.52	11.0	1.37	3.78
PTHR19861	393.0	355.53	0.0	0.0	0.0
PTHR21343	537.0	499.52	0.0	0.0	0.0
PTHR10196	4545.25	4357.86	1.0	0.13	0.35
PTHR10192	4300.0	4225.04	0.0	0.0	0.0
PTHR10751	3456.0	3343.56	1.01	0.27	0.74
PTHR16301	1784.0	1671.56	0.0	0.0	0.0
PTHR10755	1910.0	1872.52	11.02	1.35	3.73
PTHR10758	1466.0	1428.52	0.0	0.0	0.0
PTHR13152	1170.0	1095.04	0.0	0.0	0.0
PTHR12932	8499.5	8349.58	0.0	0.0	0.0
PTHR12934	2402.0	2327.04	0.0	0.0	0.0
PTHR13265	1872.67	1797.79	0.0	0.0	0.0
PTHR11800	3854.67	3779.71	0.0	0.0	0.0
PTHR11802	3228.5	3078.69	0.0	0.0	0.0
PTHR11804	6717.67	6455.35	6.0	0.42	1.15
PTHR11807	1602.0	1527.05	4.0	0.79	2.17
PTHR11374	2857.32	2744.88	27.54	7.41	20.39
PTHR11808	7887.5	7775.06	0.0	0.0	0.0
PTHR10283	20434.79	20097.48	3.0	0.33	0.92
PTHR10285	6320.0	6132.6	1.0	0.16	0.45
PTHR10286	1481.0	1443.52	35.0	5.59	15.37
PTHR11579	3017.5	2905.06	0.0	0.0	0.0
PTHR13718	6973.0	6823.1	3259.62	754.93	2075.96
PTHR13711	12830.0	12567.64	0.0	0.0	0.0
PTHR13710	5772.83	5547.96	0.0	0.0	0.0
PTHR11977	2419.0	2344.05	0.0	0.0	0.0
PTHR11972	4441.6	4329.16	0.0	0.0	0.0
PTHR31480	1318.0	1280.52	0.0	0.0	0.0
PTHR31485	2357.0	2319.52	0.0	0.0	0.0
PTHR11715	1682.0	1644.52	0.0	0.0	0.0
PTHR11717	1233.0	1195.52	0.0	0.0	0.0
PTHR11711	14027.83	13690.52	15.0	1.71	4.71
PTHR11712	5702.0	5514.6	4.97	0.94	2.61
PTHR10374	4698.5	4586.08	1.0	0.09	0.24
PTHR10178	41265.0	40515.56	2.0	0.09	0.26
PTHR11482	4564.5	4489.54	0.0	0.0	0.0
PTHR10173	5772.5	5622.58	0.0	0.0	0.0
PTHR10177	18745.3	18370.6	0.0	0.0	0.0
PTHR10174	12134.8	11872.45	8.0	0.93	2.56
PTHR23249	2533.33	2458.38	0.0	0.0	0.0
PTHR23244	26168.83	25344.32	0.0	0.0	0.0
PTHR23245	4461.4	4311.5	0.0	0.0	0.0
PTHR23240	3941.0	3866.04	0.0	0.0	0.0
PTHR14614	4480.5	4293.14	0.0	0.0	0.0
PTHR31268	2824.0	2711.56	1.0	0.42	1.15
PTHR31262	3723.68	3573.78	5461.94	4277.31	11761.99
PTHR23063	11964.67	11739.79	0.0	0.0	0.0
PTHR11620	579.0	541.52	434.25	186.4	512.58
PTHR11624	10528.0	10378.08	142.94	10.26	28.19
PTHR11627	4429.0	4316.56	471.55	68.27	187.73
PTHR11390	5448.5	5261.1	0.0	0.0	0.0
PTHR31319	4476.33	4401.38	1.0	0.08	0.23
PTHR14052	1147.0	1109.52	0.0	0.0	0.0
PTHR32118	2737.0	2699.52	3.0	0.26	0.7
PTHR23117	6523.0	6410.56	0.0	0.0	0.0
PTHR23115	50872.5	49823.11	2571.91	1390.29	3823.08
PTHR11028	1789.0	1751.52	66.0	8.68	23.86
PTHR14140	1803.0	1728.04	0.0	0.0	0.0
PTHR12616	2477.14	2364.75	0.0	0.0	0.0
PTHR12613	2093.0	2055.52	3.0	0.34	0.92
PTHR12612	1084.0	1046.52	0.0	0.0	0.0
PTHR32060	3200.67	3088.23	0.0	0.0	0.0
PTHR12124	2941.0	2716.15	0.0	0.0	0.0
PTHR22734	1347.0	1309.52	5.0	0.88	2.42
PTHR12121	11559.0	11221.73	0.0	0.0	0.0
PTHR12438	6650.0	6537.57	0.0	0.0	0.0
PTHR15492	631.0	593.52	0.0	0.0	0.0
PTHR21426	1014.0	939.06	0.0	0.0	0.0
PTHR21427	1370.0	1332.52	0.0	0.0	0.0
PTHR13161	1246.0	1208.52	0.0	0.0	0.0
PTHR19372	1379.5	1342.02	0.0	0.0	0.0
PTHR19370	8740.5	8515.62	1.0	0.2	0.56
PTHR19375	20744.25	20107.11	880.05	81.89	225.21
PTHR12725	5417.0	5304.56	0.0	0.0	0.0
PTHR13890	6571.25	6233.96	0.0	0.0	0.0
PTHR22884	21214.0	20839.21	2.0	0.16	0.45
PTHR12542	5227.5	5152.54	1.0	0.14	0.37
PTHR12547	1088.0	1013.05	0.0	0.0	0.0
PTHR12436	8727.5	8652.54	1.0	0.05	0.14
PTHR10114	432.0	394.53	1.0	0.59	1.63
PTHR21512	1355.0	1242.59	0.0	0.0	0.0
PTHR30508	2232.0	2194.52	1.0	0.1	0.29
PTHR30502	774.0	736.53	0.0	0.0	0.0
PTHR10961	1136.0	1061.05	0.0	0.0	0.0
PTHR10617	7469.0	7356.56	265.92	23.86	65.62
PTHR10615	8498.0	8348.08	22.98	3.8	10.44
PTHR13527	965.0	927.52	0.0	0.0	0.0
PTHR22958	2775.0	2737.52	0.0	0.0	0.0
PTHR22951	3836.0	3761.04	0.0	0.0	0.0
PTHR22950	6723.0	6498.14	0.0	0.0	0.0
PTHR22953	4267.31	4192.35	0.0	0.0	0.0
PTHR22952	5541.5	5391.58	0.0	0.0	0.0
PTHR22957	19811.0	19323.78	2.0	0.22	0.59
PTHR21600	3568.5	3493.54	0.0	0.0	0.0
PTHR24056	16729.47	16129.86	2.0	0.42	1.17
PTHR24054	3020.0	2982.52	0.0	0.0	0.0
PTHR24055	33168.28	32643.58	3.0	0.12	0.33
PTHR24058	13892.75	13667.88	4.0	0.64	1.75
PTHR10766	7371.0	7258.56	6.0	0.63	1.73
PTHR10762	758.0	720.52	0.0	0.0	0.0
PTHR12945	1381.0	1306.05	0.0	0.0	0.0
PTHR12944	1898.93	1861.45	0.0	0.0	0.0
PTHR24128	11529.67	11267.31	0.0	0.0	0.0
PTHR13096	945.0	907.52	0.0	0.0	0.0
PTHR11364	1977.23	1902.28	0.0	0.0	0.0
PTHR11365	3298.0	3223.04	1.0	0.11	0.31
PTHR10548	4577.7	4465.28	0.0	0.0	0.0
PTHR11361	9571.0	9083.83	2.0	0.25	0.69
PTHR11814	6942.0	6829.56	0.0	0.0	0.0
PTHR10543	4710.67	4523.28	0.0	0.0	0.0
PTHR10540	3404.0	3291.56	4.0	0.8	2.2
PTHR12965	1882.0	1807.05	0.0	0.0	0.0
PTHR10544	926.0	851.05	4.0	2.33	6.39
PTHR11562	3662.0	3549.56	0.0	0.0	0.0
PTHR11566	7897.5	7672.62	1.0	0.42	1.16
PTHR11567	5285.87	5135.95	0.0	0.0	0.0
PTHR11564	7734.67	7584.75	26.22	2.02	5.57
PTHR11962	2449.0	2336.58	0.0	0.0	0.0
PTHR11963	4108.0	4033.04	2.0	0.19	0.52
PTHR24315	968.5	931.02	0.0	0.0	0.0
PTHR19376	12303.62	12116.22	24.37	4.55	12.51
PTHR10381	14569.5	14307.15	67.0	11.07	30.46
PTHR10383	894.33	856.93	0.0	0.0	0.0
PTHR11705	3371.0	3296.04	0.0	0.0	0.0
PTHR11702	8601.0	8338.77	315.0	49.75	136.81
PTHR11700	1222.5	1147.55	1302.0	637.58	1753.25
PTHR10388	1275.0	1237.52	0.0	0.0	0.0
PTHR11934	1406.0	1368.52	3.0	0.51	1.39
PTHR10145	4376.67	4301.75	0.0	0.0	0.0
PTHR23273	4979.0	4829.08	0.0	0.0	0.0
PTHR23163	1811.08	1773.61	0.0	0.0	0.0
PTHR23050	26019.71	25382.58	6.0	0.68	1.86
PTHR23056	3350.0	3312.52	0.0	0.0	0.0
PTHR23054	949.67	874.72	0.0	0.0	0.0
PTHR11638	15509.95	15172.66	1237.21	69.62	191.44
PTHR11632	5598.0	5485.56	0.0	0.0	0.0
PTHR23293	4910.0	4760.08	228.0	21.99	60.46
PTHR11140	8052.0	8014.52	1537.0	44.02	121.05
PTHR11141	6405.0	6330.04	0.0	0.0	0.0
PTHR11142	5645.0	5307.75	0.0	0.0	0.0
PTHR11380	1647.0	1609.52	0.0	0.0	0.0
PTHR11384	6887.75	6775.31	0.0	0.0	0.0
PTHR32477	3919.0	3806.56	0.0	0.0	0.0
PTHR14043	3297.0	3109.61	0.0	0.0	0.0
PTHR32472	1190.17	1152.7	0.0	0.0	0.0
PTHR31658	1720.0	1607.57	0.0	0.0	0.0
PTHR14269	9067.5	8880.1	0.0	0.0	0.0
PTHR22883	10233.33	9970.98	1.0	0.25	0.7
PTHR23125	37552.04	36352.86	0.0	0.0	0.0
PTHR12050	2205.0	2167.52	0.0	0.0	0.0
PTHR11035	977.5	940.02	0.0	0.0	0.0
PTHR22880	16490.03	16152.73	1.0	0.14	0.4
PTHR14136	4137.0	3987.08	0.0	0.0	0.0
PTHR23338	3373.0	3298.04	0.0	0.0	0.0
PTHR12608	2783.0	2708.08	0.0	0.0	0.0
PTHR12604	2753.0	2603.08	0.0	0.0	0.0
PTHR12603	3288.0	3250.52	0.0	0.0	0.0
PTHR32091	1284.0	1246.52	0.0	0.0	0.0
PTHR19853	1885.0	1810.05	0.0	0.0	0.0
PTHR32098	2546.0	2471.04	0.0	0.0	0.0
PTHR18763	2244.5	2207.02	0.0	0.0	0.0
PTHR22726	819.0	781.54	0.0	0.0	0.0
PTHR22727	2522.0	2484.52	0.0	0.0	0.0
PTHR12428	5858.67	5708.75	2.0	0.24	0.65
PTHR18968	7540.5	7353.13	4.0	0.31	0.86
PTHR12730	1723.0	1648.04	0.0	0.0	0.0
PTHR12736	1627.0	1589.52	0.0	0.0	0.0
PTHR12735	2874.5	2799.54	1.0	0.11	0.29
PTHR15020	5451.0	5301.08	0.0	0.0	0.0
PTHR12049	3704.0	3554.08	0.0	0.0	0.0
PTHR12558	4500.0	4312.61	0.0	0.0	0.0
PTHR12553	5100.67	4875.81	0.0	0.0	0.0
PTHR24072	990.0	952.53	0.0	0.0	0.0
PTHR24073	12737.5	12400.27	0.0	0.0	0.0
PTHR21569	2697.0	2622.04	54.0	9.69	26.64
PTHR10491	849.0	811.52	0.0	0.0	0.0
PTHR21567	6219.5	6107.07	0.0	0.0	0.0
PTHR13950	786.0	748.52	0.0	0.0	0.0
PTHR12133	1559.0	1521.52	0.0	0.0	0.0
PTHR10972	1703.0	1665.52	0.0	0.0	0.0
PTHR21704	4392.0	4167.13	0.0	0.0	0.0
PTHR10606	4648.5	4536.06	0.0	0.0	0.0
PTHR10971	5454.0	5304.08	2.0	0.29	0.8
PTHR22942	6301.99	6114.62	0.0	0.0	0.0
PTHR13395	1755.0	1717.52	0.0	0.0	0.0
PTHR22891	4554.71	4404.84	0.0	0.0	0.0
PTHR21368	3399.0	3324.04	0.0	0.0	0.0
PTHR10778	7638.5	7526.06	0.0	0.0	0.0
PTHR24064	9132.5	8907.62	1.0	0.16	0.44
PTHR24063	5800.83	5613.5	0.0	0.0	0.0
PTHR21011	1755.0	1717.52	0.0	0.0	0.0
PTHR25040	12382.0	12119.64	0.0	0.0	0.0
PTHR10774	35878.66	35016.69	1.0	0.4	1.1
PTHR24068	3728.0	3653.04	26.0	3.82	10.51
PTHR12959	1321.6	1284.14	0.0	0.0	0.0
PTHR24115	61898.82	60062.4	47.0	2.27	6.22
PTHR11825	5541.0	5466.04	0.0	0.0	0.0
PTHR11822	2594.0	2556.52	123.97	11.15	30.67
PTHR10555	10090.0	9940.08	0.0	0.0	0.0
PTHR10806	1066.0	1028.52	0.0	0.0	0.0
PTHR10804	12982.58	12720.24	10.0	1.48	4.06
PTHR11556	6293.0	6180.56	215.98	31.18	85.75
PTHR11558	3036.0	2961.04	0.0	0.0	0.0
PTHR13773	1631.5	1594.02	0.0	0.0	0.0
PTHR20275	5134.0	4984.15	0.0	0.0	0.0
PTHR11953	2676.0	2601.04	0.0	0.0	0.0
PTHR11952	4443.33	4330.94	6.0	0.84	2.3
PTHR11956	2090.0	2015.04	7.0	1.92	5.27
PTHR11959	2576.0	2538.52	5.0	0.45	1.25
PTHR11739	3971.0	3896.04	38.37	4.54	12.47
PTHR11732	23110.14	22435.56	0.0	0.0	0.0
PTHR11731	7183.7	6921.35	0.0	0.0	0.0
PTHR11730	12998.67	12736.31	0.0	0.0	0.0
PTHR11735	2375.0	2225.1	0.0	0.0	0.0
PTHR10394	731.0	693.52	275.02	91.92	252.75
PTHR20941	2719.0	2644.04	0.0	0.0	0.0
PTHR10150	2280.0	2205.04	0.0	0.0	0.0
PTHR31065	6004.0	5891.56	0.0	0.0	0.0
PTHR10159	9485.5	9185.68	0.0	0.0	0.0
PTHR31066	1881.0	1806.04	0.0	0.0	0.0
PTHR13604	649.0	611.52	0.0	0.0	0.0
PTHR23264	1340.0	1302.52	4.0	0.71	1.95
PTHR23269	1756.0	1718.52	0.0	0.0	0.0
PTHR31204	1427.0	1389.52	0.0	0.0	0.0
PTHR31201	2560.5	2523.02	0.0	0.0	0.0
PTHR31209	1911.0	1836.04	0.0	0.0	0.0
PTHR11607	2050.67	1975.76	0.0	0.0	0.0
PTHR11606	4926.0	4851.04	0.0	0.0	0.0
PTHR11601	4529.0	4341.62	15.0	2.51	6.89
PTHR32467	6656.0	6393.67	4.0	0.29	0.79
PTHR14255	1160.0	1085.04	0.0	0.0	0.0
PTHR31840	2722.0	2684.52	0.0	0.0	0.0
PTHR23130	5866.37	5791.41	0.0	0.0	0.0
PTHR23133	1005.0	967.52	0.0	0.0	0.0
PTHR23135	4134.0	4096.52	0.0	0.0	0.0
PTHR23138	4295.0	4257.52	0.0	0.0	0.0
PTHR23139	14518.83	14181.55	0.0	0.0	0.0
PTHR31682	1994.45	1956.98	50.0	5.88	16.17
PTHR11040	4424.6	4312.22	0.0	0.0	0.0
PTHR11043	2588.5	2513.54	0.0	0.0	0.0
PTHR11042	4285.94	4098.56	0.0	0.0	0.0
PTHR11048	4882.33	4769.9	3.0	0.49	1.34
PTHR15818	1126.0	1051.06	0.0	0.0	0.0
PTHR12636	2737.0	2699.52	0.0	0.0	0.0
PTHR12126	2987.0	2912.04	0.0	0.0	0.0
PTHR14490	2950.5	2875.54	0.0	0.0	0.0
PTHR14493	13399.5	13212.1	0.0	0.0	0.0
PTHR15651	1284.5	1209.54	0.0	0.0	0.0
PTHR12380	3650.5	3538.06	0.0	0.0	0.0
PTHR12385	5690.5	5578.06	0.0	0.0	0.0
PTHR12706	6920.0	6582.69	1.0	0.35	0.97
PTHR12709	1331.0	1293.52	1.0	0.18	0.49
PTHR19957	7321.0	7133.6	11.29	1.81	4.98
PTHR30239	1621.0	1583.52	0.0	0.0	0.0
PTHR12560	8005.5	7780.67	0.0	0.0	0.0
PTHR11203	9847.5	9660.1	1.0	0.05	0.13
PTHR12770	7225.0	6962.86	0.0	0.0	0.0
PTHR12097	4303.0	4228.04	273.0	24.51	67.41
PTHR11752	18355.9	17831.33	115.02	6.76	18.58
PTHR21576	2565.0	2415.1	0.0	0.0	0.0
PTHR24423	11387.88	11013.11	2.0	0.43	1.18
PTHR10046	3624.0	3511.56	6.14	1.34	3.68
PTHR12419	5003.29	4853.39	0.0	0.0	0.0
PTHR30525	2789.0	2751.52	11.0	0.92	2.53
PTHR12412	3518.0	3405.57	0.0	0.0	0.0
PTHR12411	20085.75	19561.05	5.0	0.53	1.47
PTHR24420	22603.5	21966.4	0.0	0.0	0.0
PTHR10947	2225.0	2187.52	4.54	0.48	1.31
PTHR21717	1984.0	1946.52	0.0	0.0	0.0
PTHR10943	9948.0	9873.04	3.08	0.1	0.29
PTHR12897	1012.0	937.05	0.0	0.0	0.0
PTHR12894	4332.0	4219.58	0.0	0.0	0.0
PTHR12891	339.0	301.54	0.0	0.0	0.0
PTHR22976	4648.0	4498.08	14.0	2.79	7.68
PTHR22975	4363.0	4250.56	0.0	0.0	0.0
PTHR22970	843.0	805.52	0.0	0.0	0.0
PTHR20922	5016.17	4903.73	0.0	0.0	0.0
PTHR21377	1829.0	1754.04	0.0	0.0	0.0
PTHR21371	2616.0	2578.52	661.99	59.05	162.37
PTHR21373	2484.5	2334.59	0.0	0.0	0.0
PTHR22573	9525.5	9338.1	3.0	0.25	0.67
PTHR22572	16057.0	15719.69	36.01	3.23	8.9
PTHR30566	5422.0	5347.04	2.0	0.22	0.62
PTHR21000	2589.0	2551.52	11.14	1.0	2.76
PTHR10701	1849.0	1811.52	0.0	0.0	0.0
PTHR30031	2946.09	2871.14	51.0	5.88	16.14
PTHR13162	9193.0	9080.56	3.0	0.24	0.65
PTHR13165	3961.0	3923.52	0.0	0.0	0.0
PTHR21396	738.0	700.52	0.0	0.0	0.0
PTHR13069	3557.0	3369.68	0.0	0.0	0.0
PTHR13068	621.0	583.53	0.0	0.0	0.0
PTHR24106	18282.67	17645.57	0.0	0.0	0.0
PTHR24103	3028.0	2915.59	0.0	0.0	0.0
PTHR11540	2431.0	2393.52	18.31	1.76	4.84
PTHR10836	7089.0	6864.13	1374.11	421.0	1157.68
PTHR10835	1747.0	1709.52	1.0	0.13	0.37
PTHR11545	2364.0	2251.56	655.05	296.6	815.62
PTHR10012	2022.0	1984.52	0.0	0.0	0.0
PTHR13768	1175.0	1137.52	0.0	0.0	0.0
PTHR24078	10887.5	10437.77	0.0	0.0	0.0
PTHR11946	21089.71	20789.88	131.71	8.82	24.27
PTHR11947	2377.0	2302.04	0.0	0.0	0.0
PTHR11941	7286.0	7136.08	0.0	0.0	0.0
PTHR10497	567.0	529.52	175.48	77.05	211.88
PTHR10496	528.0	490.52	30.0	14.24	39.14
PTHR24076	15479.0	14991.79	0.0	0.0	0.0
PTHR24077	27366.84	26654.73	1.0	0.06	0.15
PTHR11728	8029.0	7916.56	2.0	0.14	0.4
PTHR11726	2805.0	2730.05	19727.24	14525.67	39943.56
PTHR11727	1552.0	1514.52	0.0	0.0	0.0
PTHR11721	323.0	285.54	12078.61	9941.79	27338.55
PTHR11722	776.0	738.52	88.5	27.76	76.33
PTHR10120	3197.5	3122.54	1.0	0.2	0.55
PTHR10122	1333.0	1295.52	0.0	0.0	0.0
PTHR11451	8685.0	8460.12	60.31	12.56	34.52
PTHR11831	3496.0	3383.56	1391.02	503.79	1385.36
PTHR11835	6271.0	6158.56	20.95	2.38	6.55
PTHR11614	9219.0	8994.12	1.0	0.11	0.31
PTHR11615	4829.5	4717.1	7.0	0.66	1.81
PTHR11618	2301.0	2263.52	0.0	0.0	0.0
PTHR32419	3322.0	3247.06	0.0	0.0	0.0
PTHR10231	1231.0	1193.52	0.0	0.0	0.0
PTHR10233	4623.5	4473.59	0.0	0.0	0.0
PTHR31503	5717.83	5567.96	0.0	0.0	0.0
PTHR23147	3250.0	3175.04	0.0	0.0	0.0
PTHR23140	2273.0	2198.04	0.0	0.0	0.0
PTHR23142	2961.5	2886.54	0.0	0.0	0.0
PTHR23149	7003.0	6928.04	0.0	0.0	0.0
PTHR23148	1112.0	1074.52	0.0	0.0	0.0
PTHR11817	5898.0	5823.04	18.0	1.74	4.8
PTHR11056	4765.0	4727.52	18.98	0.92	2.54
PTHR11055	6318.0	6205.56	253.0	20.14	55.38
PTHR11363	1441.0	1403.52	2176.2	357.49	983.03
PTHR32523	7581.0	7431.08	2.0	0.41	1.14
PTHR31695	1970.25	1932.77	0.0	0.0	0.0
PTHR11819	5829.71	5679.8	0.0	0.0	0.0
PTHR22765	3146.67	3109.19	0.0	0.0	0.0
PTHR12629	1696.0	1658.52	0.0	0.0	0.0
PTHR18945	3768.5	3656.06	0.0	0.0	0.0
PTHR26402	18385.0	18010.21	27.0	1.35	3.7
PTHR19384	7721.5	7496.62	261.0	32.28	88.78
PTHR12714	5758.17	5645.73	0.0	0.0	0.0
PTHR32251	3968.5	3893.54	0.0	0.0	0.0
PTHR12570	6621.85	6471.93	0.0	0.0	0.0
PTHR21494	937.5	862.56	0.0	0.0	0.0
PTHR21145	1248.5	1211.02	0.0	0.0	0.0
PTHR21496	3395.67	3283.25	1.0	0.23	0.64
PTHR21493	24531.37	23856.77	0.0	0.0	0.0
PTHR21499	4126.0	4051.05	19.11	1.43	3.92
PTHR21148	1449.0	1374.04	0.0	0.0	0.0
PTHR12083	2058.5	1983.6	0.0	0.0	0.0
PTHR13355	2697.0	2622.04	1.0	0.11	0.31
PTHR30535	685.0	647.52	0.0	0.0	0.0
PTHR19852	2499.0	2461.52	0.0	0.0	0.0
PTHR12406	11832.67	11607.79	0.0	0.0	0.0
PTHR16128	2311.83	2199.4	0.0	0.0	0.0
PTHR12400	3111.5	3074.02	0.0	0.0	0.0
PTHR12403	2728.0	2653.04	0.0	0.0	0.0
PTHR13572	1259.75	1222.28	0.0	0.0	0.0
PTHR30314	4067.0	3992.04	1.0	0.12	0.34
PTHR12882	1887.0	1849.52	0.0	0.0	0.0
PTHR12883	1540.0	1502.52	0.0	0.0	0.0
PTHR16255	4067.0	3879.62	0.0	0.0	0.0
PTHR16254	6561.0	6411.08	0.0	0.0	0.0
PTHR22960	1799.0	1724.04	0.0	0.0	0.0
PTHR13373	1275.0	1200.04	0.0	0.0	0.0
PTHR22967	2962.4	2849.97	0.0	0.0	0.0
PTHR19858	1175.0	1137.52	0.0	0.0	0.0
PTHR30222	1348.0	1310.52	0.0	0.0	0.0
PTHR13115	1733.0	1695.52	0.0	0.0	0.0
PTHR13117	538.0	500.52	0.0	0.0	0.0
PTHR12975	3896.0	3708.62	0.0	0.0	0.0
PTHR13285	1571.33	1496.38	0.0	0.0	0.0
PTHR13288	2357.67	2282.72	0.0	0.0	0.0
PTHR10953	16728.0	16315.72	40.0	9.81	26.98
PTHR10954	533.0	495.52	0.0	0.0	0.0
PTHR21726	1892.0	1854.52	0.0	0.0	0.0
PTHR10956	900.0	825.05	31.0	18.59	51.12
PTHR11538	2368.0	2330.52	9.0	0.89	2.44
PTHR10826	2397.0	2359.52	0.0	0.0	0.0
PTHR11533	7200.0	6937.66	21.0	4.85	13.33
PTHR11532	939.0	864.04	0.0	0.0	0.0
PTHR10000	1999.0	1924.04	0.0	0.0	0.0
PTHR13021	1567.43	1529.95	0.0	0.0	0.0
PTHR11706	1814.17	1739.26	0.0	0.0	0.0
PTHR24007	3662.0	3549.56	0.0	0.0	0.0
PTHR24003	23341.5	22629.48	2.0	0.18	0.51
PTHR31446	2016.67	1941.71	0.0	0.0	0.0
PTHR31442	1879.0	1841.52	0.0	0.0	0.0
PTHR11441	1002.0	964.52	0.0	0.0	0.0
PTHR11440	2789.0	2639.1	0.0	0.0	0.0
PTHR11999	11953.15	11840.71	18.0	0.68	1.88
PTHR11449	523.76	486.28	4.99	2.39	6.57
PTHR11994	980.0	905.07	8396.02	7204.92	19812.52
PTHR10137	2422.0	2384.52	0.0	0.0	0.0
PTHR10133	3773.0	3548.14	3.0	0.52	1.42
PTHR13620	4342.33	4154.98	0.0	0.0	0.0
PTHR11847	390.0	352.53	5114.76	3395.25	9336.46
PTHR11843	699.0	661.52	235.78	82.65	227.28
PTHR11661	5447.0	5334.56	1139.01	430.88	1184.87
PTHR11662	24295.0	23732.83	2.0	0.11	0.31
PTHR11669	5541.5	5391.59	25.0	3.04	8.36
PTHR11668	14923.5	14661.14	61.0	5.88	16.17
PTHR20856	7320.0	7020.18	44.01	6.71	18.43
PTHR20854	7045.83	6783.49	1.0	0.18	0.49
PTHR20855	3318.0	3243.04	0.0	0.0	0.0
PTHR20852	6385.0	6122.65	541.04	115.68	318.09
PTHR32404	4499.0	4386.56	0.0	0.0	0.0
PTHR20858	1733.0	1583.11	0.0	0.0	0.0
PTHR30603	5894.0	5819.04	0.0	0.0	0.0
PTHR11709	2422.33	2384.86	0.0	0.0	0.0
PTHR14237	4944.17	4756.78	0.0	0.0	0.0
PTHR10738	1197.0	1122.04	0.0	0.0	0.0
PTHR11143	1041.0	1003.52	122.0	28.09	77.24
PTHR23155	21065.02	20315.49	0.0	0.0	0.0
PTHR23153	6362.0	6137.12	1.0	0.1	0.29
PTHR23151	10845.72	10583.38	20.01	1.53	4.21
PTHR11063	5768.0	5655.56	26.95	3.24	8.92
PTHR11062	41533.63	40634.17	2.0	0.17	0.46
PTHR11061	8020.83	7758.48	0.0	0.0	0.0
PTHR11065	5305.67	5230.71	0.0	0.0	0.0
PTHR11064	2836.0	2723.56	0.0	0.0	0.0
PTHR11260	10099.17	9836.91	0.0	0.0	0.0
PTHR11264	735.0	697.53	0.0	0.0	0.0
PTHR11266	12832.35	12569.99	1.0	0.06	0.18
PTHR31998	3479.0	3441.52	53.99	3.61	9.92
PTHR31221	2766.0	2728.52	0.0	0.0	0.0
PTHR15838	958.0	883.06	0.0	0.0	0.0
PTHR32338	2168.0	2130.52	0.0	0.0	0.0
PTHR23270	4563.86	4264.08	0.0	0.0	0.0
PTHR31155	4289.0	4214.04	11.97	1.3	3.57
PTHR12363	3558.0	3333.13	0.0	0.0	0.0
PTHR18952	4702.0	4589.56	1.0	0.17	0.47
PTHR12765	2038.5	1926.09	0.0	0.0	0.0
PTHR12505	2087.0	2012.04	0.0	0.0	0.0
PTHR22603	2417.5	2305.07	0.0	0.0	0.0
PTHR22604	1713.0	1638.05	0.0	0.0	0.0
PTHR21481	2325.6	2250.66	0.0	0.0	0.0
PTHR22778	4856.0	4668.6	0.0	0.0	0.0
PTHR12169	2715.0	2527.63	0.0	0.0	0.0
PTHR19446	12150.47	11775.77	3.0	0.91	2.5
PTHR12219	769.5	732.03	0.0	0.0	0.0
PTHR13561	3946.6	3871.64	0.0	0.0	0.0
PTHR13563	1376.0	1301.04	0.0	0.0	0.0
PTHR12210	15154.25	14891.95	12.09	4.04	11.11
PTHR12215	1805.5	1730.54	0.0	0.0	0.0
PTHR12214	793.0	755.52	0.0	0.0	0.0
PTHR22915	12318.6	11981.28	17.0	1.55	4.27
PTHR22911	2481.0	2368.56	0.0	0.0	0.0
PTHR22912	15077.0	14814.64	30.16	1.74	4.81
PTHR12497	2124.0	2049.06	0.0	0.0	0.0
PTHR12183	4806.0	4693.58	0.0	0.0	0.0
PTHR19849	2553.5	2478.54	0.0	0.0	0.0
PTHR31783	654.0	616.52	0.0	0.0	0.0
PTHR22594	8312.0	8162.08	7.85	0.75	2.07
PTHR21152	5916.0	5841.04	3.0	0.21	0.57
PTHR23291	833.0	795.52	0.0	0.0	0.0
PTHR13102	1440.0	1402.52	0.0	0.0	0.0
PTHR12984	3650.0	3500.12	0.0	0.0	0.0
PTHR12001	3768.0	3693.04	17.93	2.1	5.77
PTHR11630	16007.96	15595.7	30.0	3.16	8.7
PTHR12302	3984.0	3909.04	1.0	0.08	0.22
PTHR13299	1847.0	1809.52	0.0	0.0	0.0
PTHR12652	2053.0	2015.52	0.0	0.0	0.0
PTHR10925	2509.0	2359.1	34.0	10.49	28.87
PTHR21737	1815.5	1703.07	0.0	0.0	0.0
PTHR10920	5219.0	5031.6	5.0	0.95	2.61
PTHR10855	933.0	895.54	0.0	0.0	0.0
PTHR10584	20191.86	19704.63	0.0	0.0	0.0
PTHR11528	9338.5	9151.1	64.0	5.55	15.25
PTHR11527	2875.67	2763.24	0.0	0.0	0.0
PTHR11525	2786.5	2749.02	0.0	0.0	0.0
PTHR10859	3539.4	3464.44	2.0	0.23	0.62
PTHR10589	805.0	767.53	0.0	0.0	0.0
PTHR10588	25681.79	25007.26	0.0	0.0	0.0
PTHR13038	1606.0	1531.04	0.0	0.0	0.0
PTHR13748	11562.0	11337.13	8.02	0.61	1.67
PTHR13743	1858.0	1783.04	0.0	0.0	0.0
PTHR24015	21270.5	20820.75	4.0	0.18	0.49
PTHR24012	24369.0	23769.36	3.0	0.42	1.15
PTHR24011	33659.59	32985.01	106.97	69.74	191.78
PTHR31187	2906.0	2868.52	116.0	9.3	25.57
PTHR10459	771.0	696.07	0.0	0.0	0.0
PTHR10458	1360.0	1322.52	0.0	0.0	0.0
PTHR10108	43037.38	42062.93	0.0	0.0	0.0
PTHR11986	11985.0	11610.22	179.29	23.16	63.65
PTHR11455	6699.0	6436.68	7.0	0.77	2.11
PTHR10102	1240.44	1165.51	0.0	0.0	0.0
PTHR11458	1940.0	1902.52	61.0	7.38	20.3
PTHR10106	913.0	875.52	0.0	0.0	0.0
PTHR31057	1271.0	1196.05	0.0	0.0	0.0
PTHR21141	4148.0	3960.64	5662.74	4832.98	13290.02
PTHR11851	25467.5	24717.94	39.0	4.6	12.64
PTHR23092	4191.25	4041.34	0.0	0.0	0.0
PTHR23091	15333.5	14921.26	1.0	0.06	0.17
PTHR11673	1190.0	1152.52	21.0	4.21	11.57
PTHR11670	8058.2	7945.82	817.99	68.93	189.57
PTHR11671	1252.5	1215.02	0.0	0.0	0.0
PTHR20863	4517.0	4404.56	3.06	0.52	1.43
PTHR20861	4371.0	4296.04	1.0	0.12	0.33
PTHR11679	8302.83	8152.98	3.0	0.26	0.71
PTHR14009	3799.25	3686.82	0.0	0.0	0.0
PTHR10217	21916.67	21167.13	0.0	0.0	0.0
PTHR14005	3923.0	3885.52	0.0	0.0	0.0
PTHR10210	1634.5	1597.02	0.0	0.0	0.0
PTHR31522	1802.0	1764.52	0.0	0.0	0.0
PTHR14221	2212.0	2137.04	0.0	0.0	0.0
PTHR11079	4250.5	4063.12	0.0	0.0	0.0
PTHR11076	7991.24	7579.08	0.0	0.0	0.0
PTHR11070	2208.0	2095.58	0.0	0.0	0.0
PTHR11071	26959.16	26022.24	19.91	7.92	21.8
PTHR11278	1788.0	1675.6	2046.08	1130.01	3107.37
PTHR11276	778.0	740.52	0.0	0.0	0.0
PTHR11274	2287.0	2212.04	11.0	2.2	6.05
PTHR31984	3997.93	3885.58	0.0	0.0	0.0
PTHR15350	2702.0	2627.04	0.0	0.0	0.0
PTHR15606	3806.0	3656.08	0.0	0.0	0.0
PTHR12374	2302.5	2265.02	0.0	0.0	0.0
PTHR12375	1223.33	1185.86	0.0	0.0	0.0
PTHR12378	6177.0	6027.08	0.0	0.0	0.0
PTHR18929	12737.0	12474.64	0.0	0.0	0.0
PTHR13976	6980.0	6867.56	1.0	0.08	0.21
PTHR12777	2339.0	2301.52	1.0	0.1	0.27
PTHR12775	4846.17	4771.21	0.0	0.0	0.0
PTHR16092	432.0	394.53	0.0	0.0	0.0
PTHR19211	20187.86	19663.18	1647.66	310.19	853.01
PTHR22298	1064.33	1026.86	0.0	0.0	0.0
PTHR12174	3607.0	3532.04	2.0	0.33	0.9
PTHR12175	2352.0	2277.04	0.0	0.0	0.0
PTHR12176	6645.33	6495.42	1.0	0.15	0.4
PTHR22769	13801.14	13538.81	0.0	0.0	0.0
PTHR22767	1192.33	1154.9	0.0	0.0	0.0
PTHR22762	3781.0	3743.52	9.0	0.55	1.52
PTHR22763	560.0	522.52	0.0	0.0	0.0
PTHR22761	5572.0	5459.57	2.0	0.21	0.58
PTHR21231	2122.0	2084.52	2.0	0.22	0.61
PTHR21230	4081.5	4006.54	0.0	0.0	0.0
PTHR21234	2677.0	2564.56	0.0	0.0	0.0
PTHR21237	3448.0	3373.04	0.0	0.0	0.0
PTHR12202	1636.0	1523.59	0.0	0.0	0.0
PTHR12203	35676.5	34627.13	1.0	0.08	0.21
PTHR19857	676.0	638.63	0.0	0.0	0.0
PTHR22904	21681.04	20894.01	1.0	0.25	0.7
PTHR19855	2039.0	2001.52	0.0	0.0	0.0
PTHR13353	3296.0	3183.56	0.0	0.0	0.0
PTHR12197	12010.0	11560.27	0.0	0.0	0.0
PTHR11932	8088.0	7938.08	6.97	0.52	1.42
PTHR13822	1954.0	1916.52	0.0	0.0	0.0
PTHR13138	2187.0	2112.04	0.0	0.0	0.0
PTHR10732	1058.0	1020.52	573.0	129.71	356.68
PTHR10739	1637.0	1599.52	3.0	0.43	1.19
PTHR12992	2401.94	2364.47	0.0	0.0	0.0
PTHR22838	2686.0	2573.56	0.0	0.0	0.0
PTHR22881	5418.5	5343.54	0.0	0.0	0.0
PTHR22836	1456.0	1418.52	0.0	0.0	0.0
PTHR10693	3635.0	3597.52	0.0	0.0	0.0
PTHR10938	1521.0	1446.04	0.0	0.0	0.0
PTHR13375	4255.17	4217.69	0.0	0.0	0.0
PTHR10934	1209.0	1134.04	2887.0	1551.28	4265.82
PTHR11510	2895.0	2857.52	36.0	2.9	7.97
PTHR11516	6459.0	6309.08	142.21	10.85	29.83
PTHR10025	3771.33	3658.9	0.0	0.0	0.0
PTHR10026	12860.8	12673.4	0.0	0.0	0.0
PTHR10027	1475.5	1400.54	0.0	0.0	0.0
PTHR13009	3072.0	2959.56	0.0	0.0	0.0
PTHR13007	2571.0	2533.52	0.0	0.0	0.0
PTHR30115	2506.0	2431.04	0.0	0.0	0.0
PTHR10598	2139.5	2102.02	0.0	0.0	0.0
PTHR17901	1267.33	1229.86	0.0	0.0	0.0
PTHR24351	13660.07	13547.63	19.0	0.72	1.98
PTHR20981	1064.0	989.05	1232.95	749.57	2061.22
PTHR20982	1959.0	1884.04	0.0	0.0	0.0
PTHR24352	7957.0	7844.56	2.0	0.16	0.45
PTHR11467	1835.5	1798.02	0.0	0.0	0.0
PTHR10119	8948.5	8836.06	29.0	2.65	7.29
PTHR10110	7001.0	6701.17	0.0	0.0	0.0
PTHR11469	3504.0	3466.52	35.0	2.32	6.38
PTHR11863	5462.0	5387.04	1.0	0.07	0.19
PTHR24286	10543.52	10318.65	3.0	0.36	1.0
PTHR11864	4602.0	4489.56	1.0	0.11	0.31
PTHR23426	4599.67	4449.75	2.0	0.49	1.37
PTHR10593	3657.0	3582.04	1.0	0.09	0.25
