GeneFamily	length	effective_length	expected_count	TPM	FPKM
PTHR11649	13964.39	13494.72	5235.0	277.42	210.87
PTHR31089	1086.11	1039.14	111.0	9.54	7.25
PTHR31085	2821.73	2774.75	1440.0	46.2	35.11
PTHR11647	5945.82	5851.88	1632.93	48.42	36.81
PTHR11645	958.67	911.69	156.0	15.3	11.63
PTHR11880	854.0	807.03	17725.14	1965.79	1494.22
PTHR11885	727.0	680.03	24413.64	3217.64	2445.76
PTHR10209	7031.0	6796.16	1296.0	74.33	56.51
PTHR32429	3447.0	3306.1	9742.32	528.8	401.95
PTHR12403	840.0	793.03	451.0	50.91	38.7
PTHR31423	1110.0	1063.03	253.0	21.26	16.16
PTHR31551	760.47	713.5	598.0	75.09	57.07
PTHR32195	2436.35	2342.4	638.0	33.93	25.79
PTHR11081	8781.0	8499.18	464.0	22.0	16.73
PTHR11080	2119.26	2025.31	700.0	53.3	40.51
PTHR11082	4896.0	4802.06	4006.47	128.22	97.47
PTHR11085	7563.13	7234.34	1039.04	73.52	55.87
PTHR11089	6130.02	5942.14	4065.0	258.96	196.84
PTHR32518	5993.0	5899.06	644.01	18.52	14.07
PTHR11247	1424.71	1330.77	48.0	6.9	5.24
PTHR12277	3814.79	3673.87	757.0	58.62	44.56
PTHR32512	1819.0	1772.03	558.96	28.12	21.37
PTHR23088	4334.03	4146.15	2098.0	161.27	122.58
PTHR23089	1694.0	1600.06	1104.0	135.07	102.67
PTHR23081	4976.14	4835.23	3642.0	171.53	130.38
PTHR23083	29965.06	29213.52	13727.66	611.86	465.07
PTHR23084	6628.14	6440.26	2130.81	143.81	109.32
PTHR23086	6179.0	5991.12	1220.0	70.01	53.22
PTHR18806	3810.0	3716.06	1827.0	77.98	59.28
PTHR31953	1816.0	1769.03	893.11	45.0	34.21
PTHR15184	10222.65	9987.8	18912.93	913.77	694.56
PTHR15341	799.0	752.03	286.0	34.06	25.89
PTHR14744	1242.0	1148.1	47.0	7.03	5.35
PTHR15169	1388.0	1341.03	101.0	6.72	5.11
PTHR12341	11825.75	11543.93	4958.0	127.58	96.97
PTHR15160	5333.23	5145.35	2613.88	146.54	111.39
PTHR18937	21356.57	21074.74	3523.01	85.81	65.21
PTHR18934	26457.9	25706.38	19439.11	840.94	639.2
PTHR12742	2322.0	2275.03	5657.49	221.48	168.35
PTHR12741	1560.0	1513.03	1570.0	92.55	70.34
PTHR16557	1964.0	1870.06	154.0	15.51	11.78
PTHR19288	5412.36	5224.48	2763.0	170.19	129.37
PTHR12975	4122.0	3981.09	276.0	18.87	14.35
PTHR13902	2645.13	2598.16	1018.0	34.88	26.52
PTHR13903	1438.0	1391.03	924.0	59.26	45.05
PTHR22753	2304.0	2210.06	59.0	5.06	3.84
PTHR30615	1756.4	1662.45	265.0	28.82	21.91
PTHR22939	14191.42	13721.78	4477.01	228.89	174.0
PTHR22938	3864.0	3723.09	956.99	68.72	52.24
PTHR16266	4671.87	4530.96	324.0	18.16	13.8
PTHR21597	5700.0	5653.03	1588.0	24.98	18.99
PTHR22932	876.0	829.03	1012.0	109.24	83.03
PTHR21228	20794.28	20230.68	6230.0	306.78	233.19
PTHR13343	3636.09	3495.18	3307.0	255.89	194.51
PTHR22936	2747.0	2606.09	454.0	47.24	35.9
PTHR31038	1402.0	1355.03	1740.57	114.62	87.12
PTHR13832	36621.02	35399.82	23975.68	1317.99	1001.79
PTHR21139	1256.18	1209.2	837.0	61.8	46.97
PTHR21136	3418.0	3277.09	3015.0	246.11	187.08
PTHR12526	39282.44	38343.13	23769.95	814.5	619.14
PTHR13120	807.0	760.03	361.0	42.53	32.33
PTHR22809	2879.0	2738.09	494.01	56.26	42.76
PTHR22807	4496.42	4402.47	956.05	39.49	30.01
PTHR20661	2106.0	2012.06	88.0	8.2	6.23
PTHR10900	17086.45	16475.87	21781.93	1420.79	1079.98
PTHR10906	2767.0	2673.06	6501.07	309.54	235.28
PTHR10909	18119.3	17696.57	16848.3	633.36	481.43
PTHR10055	3197.0	3103.06	1074.69	60.63	46.08
PTHR10057	1659.0	1565.06	742.0	72.91	55.42
PTHR10052	1068.0	1021.03	25161.18	2202.16	1673.89
PTHR13017	860.0	813.03	107.0	11.78	8.95
PTHR13018	17751.81	17423.02	13389.54	397.91	302.45
PTHR10694	8840.25	8605.47	3627.46	174.65	132.76
PTHR12839	2545.77	2451.82	359.47	30.19	22.95
PTHR12835	727.0	680.03	72.0	9.49	7.21
PTHR24031	56542.15	54710.47	101878.66	5692.26	4326.72
PTHR24032	3016.19	2875.27	571.0	55.92	42.5
PTHR24349	22249.06	21638.5	11041.17	491.54	373.61
PTHR24619	5979.0	5838.09	968.0	34.09	25.9
PTHR24343	27905.64	27060.17	28173.12	1140.55	866.96
PTHR11472	10982.46	10606.7	3468.99	153.44	116.62
PTHR24347	14782.89	14360.22	5028.0	155.61	118.28
PTHR11476	1748.0	1701.03	816.83	42.81	32.54
PTHR11477	3713.24	3619.35	1781.0	74.35	56.51
PTHR10438	22945.0	22193.48	19080.52	1304.49	991.56
PTHR10476	5601.64	5507.68	5894.55	271.32	206.23
PTHR24290	3600.0	3459.09	938.0	70.78	53.79
PTHR23413	574.0	527.03	21134.07	3602.9	2738.6
PTHR23417	2355.28	2261.34	729.09	58.57	44.52
PTHR23416	1426.47	1379.5	630.0	40.75	30.97
PTHR23415	1058.0	1011.03	1319.36	116.62	88.65
PTHR12736	1805.32	1758.35	503.0	25.5	19.38
PTHR10871	1508.0	1414.06	24724.39	3338.76	2537.82
PTHR10877	1376.0	1235.15	7.0	1.7	1.29
PTHR11879	5611.15	5423.34	1950.95	76.45	58.11
PTHR11659	1608.31	1561.34	823.0	47.01	35.73
PTHR31096	3936.97	3796.05	3972.32	278.55	211.72
PTHR31098	4404.0	4357.03	9397.39	191.84	145.82
PTHR11655	1974.0	1880.06	33349.51	3477.14	2643.01
PTHR11652	720.0	673.03	23933.27	3187.43	2422.79
PTHR20883	2097.0	2003.06	617.0	50.85	38.65
PTHR11895	6228.71	6087.78	683.0	28.59	21.73
PTHR10277	3846.0	3705.09	450.0	32.53	24.73
PTHR14027	3452.0	3405.03	1567.0	40.95	31.13
PTHR12320	6238.91	6097.99	3220.97	140.93	107.12
PTHR24095	16703.6	16093.05	13035.36	509.99	387.65
PTHR11246	9485.0	9344.09	5103.38	154.12	117.14
PTHR24092	4620.0	4573.03	3959.63	77.01	58.53
PTHR24093	34074.08	33369.53	60470.1	2221.65	1688.7
PTHR23180	11366.46	11037.67	12646.29	615.21	467.62
PTHR14593	2650.38	2556.43	713.0	49.43	37.57
PTHR11093	3421.0	3327.06	1488.0	79.78	60.64
PTHR11096	1606.35	1512.41	101.0	10.84	8.24
PTHR23346	8462.0	8321.09	1655.0	29.77	22.62
PTHR11099	2595.0	2548.03	2089.01	73.0	55.49
PTHR10309	1913.0	1866.03	2186.69	104.43	79.38
PTHR14107	722.12	675.15	84.0	11.15	8.48
PTHR11252	4749.18	4702.21	4573.02	86.49	65.74
PTHR11254	14438.29	14062.54	4234.99	164.31	124.89
PTHR11255	1912.53	1865.55	236.0	11.27	8.57
PTHR14110	4147.96	3960.08	2754.96	267.78	203.54
PTHR14374	1535.0	1488.03	69.0	4.14	3.14
PTHR18838	2163.0	2116.03	670.0	28.21	21.44
PTHR15074	1628.0	1581.03	165.0	9.31	7.07
PTHR12687	2375.0	2281.06	2115.06	123.15	93.6
PTHR15157	3356.64	3215.72	655.06	59.1	44.92
PTHR18901	12165.0	11930.15	4282.35	181.92	138.28
PTHR12281	1396.0	1349.03	1997.0	132.09	100.4
PTHR12755	591.0	544.03	102.0	16.84	12.8
PTHR12750	2178.79	2131.81	1199.93	50.14	38.11
PTHR12753	1194.61	1147.63	618.89	48.16	36.61
PTHR15081	1738.85	1691.88	283.96	14.96	11.37
PTHR15574	7047.35	6812.49	1477.98	99.59	75.69
PTHR24007	357.0	310.05	42.0	12.26	9.32
PTHR13931	3143.04	3096.06	760.0	21.85	16.61
PTHR12358	6968.56	6686.74	2172.0	168.9	128.39
PTHR12356	1938.85	1844.9	488.0	50.84	38.65
PTHR12221	2347.0	2253.06	1990.0	159.36	121.14
PTHR30603	4411.0	4317.06	4692.54	177.6	134.99
PTHR12226	1653.0	1606.03	291.0	16.16	12.28
PTHR19877	1068.0	1021.03	2305.52	201.78	153.38
PTHR31442	557.0	510.03	641.98	113.13	85.99
PTHR12538	617.0	570.03	11911.23	1875.89	1425.88
PTHR12537	3485.6	3391.66	4495.0	193.99	147.45
PTHR12532	1288.0	1241.03	710.99	51.14	38.87
PTHR13486	675.0	628.03	136.0	19.42	14.76
PTHR20275	2910.0	2816.06	1811.95	115.48	87.77
PTHR13489	2214.0	2120.06	500.0	42.14	32.03
PTHR17583	8276.0	8135.09	2386.04	82.14	62.44
PTHR13572	1550.91	1503.94	141.0	8.36	6.36
PTHR24198	20380.01	19628.48	5076.93	308.31	234.37
PTHR10048	5150.35	4915.5	856.92	76.22	57.92
PTHR21704	3305.77	3211.83	848.0	34.46	26.19
PTHR10046	921.0	874.03	295.0	30.19	22.95
PTHR10044	5245.0	5151.06	1708.06	65.27	49.61
PTHR13060	1573.0	1526.03	262.0	15.31	11.64
PTHR10687	1284.0	1237.03	2722.22	196.45	149.32
PTHR13069	4474.0	4286.12	1072.0	73.89	56.16
PTHR13068	8181.55	7946.7	3350.03	209.89	159.54
PTHR10682	2654.59	2560.65	2642.0	182.4	138.65
PTHR12829	884.0	837.03	70.0	7.48	5.69
PTHR12820	3037.43	2990.46	920.0	27.38	20.81
PTHR12826	1381.0	1334.03	2096.14	140.22	106.58
PTHR12827	986.0	939.03	55.0	5.24	3.98
PTHR17920	2628.0	2581.03	1642.0	56.64	43.05
PTHR10137	1631.0	1584.03	693.0	39.01	29.65
PTHR11405	9329.27	9141.39	20620.89	730.28	555.1
PTHR11404	2587.0	2540.03	7208.0	252.67	192.05
PTHR11406	1299.81	1252.84	3117.14	222.08	168.8
PTHR32357	1724.0	1677.03	446.0	23.71	18.02
PTHR13468	1215.95	1168.98	811.86	62.01	47.14
PTHR23406	3985.0	3891.06	3665.0	142.99	108.69
PTHR23407	2253.75	2206.78	268.0	10.82	8.22
PTHR10869	12336.35	11913.61	6108.87	376.71	286.35
PTHR31717	4957.86	4863.91	11279.9	412.86	313.81
PTHR12452	650.0	603.03	206.0	30.65	23.3
PTHR13393	2910.0	2863.03	70.0	2.18	1.65
PTHR12696	4015.25	3968.28	2104.01	47.17	35.85
PTHR11315	3663.0	3569.06	1290.0	64.92	49.34
PTHR10139	2373.0	2326.03	912.0	34.92	26.54
PTHR10264	4424.0	4236.12	6134.0	400.76	304.63
PTHR10263	2008.0	1914.06	4292.01	395.05	300.28
PTHR31155	2125.13	2078.15	4763.09	204.18	155.2
PTHR32170	3082.32	2988.41	899.0	61.28	46.58
PTHR23350	505.0	458.03	157.0	30.85	23.45
PTHR23354	2843.0	2796.03	1626.0	51.77	39.35
PTHR23355	8197.42	7962.61	955.0	53.05	40.31
PTHR23359	7193.16	6958.31	5221.75	388.7	295.45
PTHR11227	2315.13	2221.18	680.04	58.57	44.52
PTHR11220	4261.83	4026.98	904.0	90.45	68.75
PTHR13162	6879.0	6785.08	5654.35	77.73	59.08
PTHR11229	1929.0	1835.06	4863.99	457.08	347.43
PTHR10314	20300.3	19548.78	25945.07	1540.45	1170.89
PTHR11035	1315.0	1268.03	205.0	14.43	10.97
PTHR14303	730.0	683.03	373.0	48.94	37.2
PTHR14085	2004.0	1957.03	1632.03	74.31	56.48
PTHR11139	26138.54	25762.77	31325.48	351.85	267.45
PTHR15362	1118.0	1071.03	225.0	18.77	14.27
PTHR11132	22712.15	22007.58	18362.12	1025.83	779.76
PTHR11134	4893.56	4752.64	2911.0	166.06	126.22
PTHR11136	3000.0	2906.06	274.0	17.43	13.26
PTHR32374	7423.08	7235.2	7519.7	292.31	222.19
PTHR31579	8293.41	8058.55	8828.79	455.31	346.09
PTHR18919	3122.87	2935.04	3940.0	225.69	171.55
PTHR32002	15653.64	15089.98	11417.94	638.63	485.42
PTHR14413	950.0	903.03	2506.16	248.2	188.66
PTHR22891	1954.0	1907.03	380.0	17.76	13.5
PTHR22893	1396.19	1349.22	222.0	14.68	11.16
PTHR10778	4853.0	4712.09	3737.44	196.84	149.62
PTHR10072	2478.0	2431.03	5140.95	188.31	143.14
PTHR12786	2468.0	2374.06	925.0	74.42	56.56
PTHR11706	4379.0	4285.06	1895.0	77.21	58.69
PTHR12782	1285.0	1238.03	471.0	33.96	25.81
PTHR11742	7394.34	7206.46	1362.97	65.77	49.99
PTHR21213	2120.0	2073.03	3100.0	133.22	101.26
PTHR10182	1189.0	1142.03	522.0	40.82	31.03
PTHR13923	810.04	763.07	709.77	83.29	63.31
PTHR11210	674.0	627.03	930.0	133.03	101.12
PTHR12321	2229.0	2135.06	2829.75	230.36	175.1
PTHR25040	3683.0	3542.09	2200.18	127.22	96.7
PTHR12323	2155.0	2014.09	249.17	32.05	24.36
PTHR10344	903.0	856.03	96.0	10.03	7.63
PTHR21015	1548.33	1501.36	751.19	44.63	33.92
PTHR16196	1877.0	1783.06	508.0	51.65	39.25
PTHR16193	656.15	609.18	424.0	62.44	47.46
PTHR22792	4862.2	4768.26	8536.91	301.77	229.37
PTHR22790	2056.0	1962.06	205.03	19.51	14.83
PTHR21680	1126.0	1079.03	1416.39	117.26	89.13
PTHR21689	3390.19	3296.25	1898.0	90.91	69.1
PTHR21113	2391.6	2297.65	275.0	20.76	15.78
PTHR21663	2362.0	2315.03	299.0	11.5	8.74
PTHR13253	14027.79	13511.09	5984.03	381.61	290.05
PTHR12446	6536.2	6348.32	2683.0	87.55	66.55
PTHR22603	1900.94	1806.99	311.0	28.89	21.96
PTHR21206	905.0	858.03	77.0	8.03	6.1
PTHR13789	13529.22	13153.46	7564.78	423.64	322.03
PTHR10071	14648.8	14226.07	13696.47	619.79	471.12
PTHR24188	12871.77	12449.03	829.13	69.56	52.86
PTHR13780	9352.92	9118.07	9749.1	493.42	375.05
PTHR10670	4498.81	4404.87	486.0	15.88	12.07
PTHR10677	4510.0	4369.09	753.0	41.94	31.88
PTHR13078	3085.0	2991.06	81.0	5.69	4.32
PTHR12815	4560.0	4466.06	2964.0	96.86	73.62
PTHR12814	977.79	930.81	1136.0	109.12	82.95
PTHR24361	8878.0	8549.29	2742.98	161.27	122.59
PTHR24362	12823.42	12447.68	11077.77	348.32	264.75
PTHR10416	1591.0	1544.03	212.82	12.29	9.34
PTHR10410	2653.0	2559.06	1910.0	135.39	102.91
PTHR10783	6436.61	6201.76	2869.86	196.22	149.14
PTHR10782	2452.0	2405.03	455.0	16.85	12.81
PTHR13476	774.0	727.03	343.0	42.26	32.12
PTHR10788	2773.0	2726.03	2222.0	72.56	55.16
PTHR10891	8187.61	7858.8	3929.01	276.45	210.13
PTHR10890	947.0	853.08	47.0	10.18	7.74
PTHR20426	1955.27	1908.29	1898.0	88.63	67.37
PTHR23213	4955.0	4814.09	743.0	42.83	32.56
PTHR10520	8513.0	8325.12	7778.71	365.39	277.72
PTHR10250	2229.0	2135.06	736.0	52.03	39.55
PTHR10527	6880.0	6786.06	7234.82	192.02	145.96
PTHR31384	1763.0	1716.03	385.0	20.0	15.2
PTHR10098	2029.2	1935.26	1009.91	74.47	56.6
PTHR10091	2677.0	2583.06	650.0	44.35	33.7
PTHR31142	1580.0	1533.03	1859.57	108.18	82.23
PTHR31140	2845.0	2751.06	1023.78	53.37	40.56
PTHR31412	3765.0	3671.06	1022.0	41.84	31.8
PTHR11787	5959.0	5818.09	2014.92	42.88	32.59
PTHR11785	14876.88	14548.09	10208.03	366.86	278.85
PTHR11782	2082.55	1988.62	924.98	140.69	106.95
PTHR11780	1354.0	1213.12	135.98	28.39	21.58
PTHR32497	5030.78	4936.83	2513.0	85.5	64.99
PTHR32148	5701.0	5466.15	8634.99	1073.18	815.73
PTHR23324	7114.65	6973.74	1643.0	77.51	58.93
PTHR23327	4769.12	4628.21	1136.0	59.63	45.33
PTHR23326	3043.0	2902.09	1423.93	153.54	116.7
PTHR23321	5205.0	5064.09	2874.93	153.85	116.95
PTHR23323	4702.62	4561.71	996.0	61.0	46.36
PTHR23322	1360.38	1266.44	336.0	47.7	36.25
PTHR23329	4246.0	4105.09	1252.0	67.47	51.29
PTHR11236	4426.8	4332.85	1706.0	67.31	51.16
PTHR11364	1102.0	1055.03	485.0	41.07	31.22
PTHR20932	2759.0	2665.06	1311.0	78.7	59.82
PTHR10322	16867.77	16445.05	5290.04	171.42	130.3
PTHR11239	4544.0	4403.09	4189.99	198.85	151.15
PTHR10803	3827.0	3686.09	2692.09	170.05	129.27
PTHR31964	15986.77	15423.13	7153.73	602.19	457.73
PTHR10552	1604.65	1557.68	1610.0	92.17	70.06
PTHR23030	2420.0	2373.03	1124.0	42.18	32.06
PTHR11129	3312.0	3218.06	770.0	42.34	32.18
PTHR11122	6558.16	6370.25	4376.14	224.61	170.74
PTHR15316	2689.23	2548.32	1678.0	166.74	126.74
PTHR11127	549.0	502.03	14063.66	2518.29	1914.18
PTHR11125	3423.0	3376.03	1492.0	39.32	29.89
PTHR31566	2019.0	1972.03	1073.47	48.5	36.87
PTHR31567	1788.0	1741.04	883.0	45.21	34.36
PTHR31561	4957.12	4863.18	1127.69	40.2	30.56
PTHR15137	1853.26	1806.29	180.32	8.9	6.76
PTHR14950	6721.87	6580.98	1357.32	38.18	29.02
PTHR15954	3331.0	3190.09	646.02	49.93	37.95
PTHR15952	2837.0	2790.03	999.65	31.89	24.24
PTHR21319	6461.0	6226.16	2148.0	147.95	112.47
PTHR30612	3262.79	3215.81	4826.84	133.57	101.53
PTHR19271	5237.94	5144.0	492.0	19.56	14.87
PTHR19861	1033.0	986.03	123.0	11.15	8.48
PTHR12022	1734.0	1687.03	2116.0	111.82	84.99
PTHR12233	1471.0	1424.03	521.0	32.64	24.81
PTHR12029	8156.73	7874.89	4793.54	328.84	249.95
PTHR21220	1047.17	1000.19	111.0	9.92	7.54
PTHR31221	1133.44	1086.47	1079.0	88.72	67.43
PTHR22780	3591.63	3544.65	2914.04	73.14	55.6
PTHR21477	1339.5	1292.53	1339.0	92.45	70.27
PTHR19308	5271.0	5177.06	4042.79	139.43	105.97
PTHR16301	1453.58	1359.64	310.0	39.98	30.39
PTHR13265	2157.0	2110.03	337.0	14.23	10.81
PTHR22870	22254.42	21456.01	6266.42	346.77	263.58
PTHR17630	1036.0	989.03	113.0	10.21	7.76
PTHR10064	627.0	580.03	29463.78	4559.44	3465.68
PTHR10060	3940.39	3799.48	463.0	30.97	23.55
PTHR10663	22757.29	22428.49	7034.97	182.22	138.51
PTHR10666	2669.04	2481.17	39541.56	5335.49	4055.55
PTHR10668	12352.09	12023.3	2638.98	116.62	88.65
PTHR12265	2224.54	2177.57	389.0	15.91	12.09
PTHR12801	8379.0	8144.15	2885.0	157.47	119.7
PTHR12802	7337.02	7102.17	10661.48	578.84	439.98
PTHR12805	857.0	810.03	110.0	12.15	9.24
PTHR12806	1000.72	953.75	235.0	22.03	16.74
PTHR21506	3200.0	3106.06	452.0	25.9	19.69
PTHR21091	10636.42	10260.69	13514.62	733.57	557.6
PTHR21090	1529.0	1482.03	3406.0	204.99	155.81
PTHR13734	1740.0	1693.03	916.0	48.23	36.66
PTHR24315	3392.0	3298.06	2636.01	221.31	168.22
PTHR24314	6540.64	6305.78	827.0	52.34	39.77
PTHR11933	1619.43	1572.46	816.99	46.33	35.22
PTHR11932	7800.0	7659.09	6147.95	196.02	149.0
PTHR11934	3439.0	3345.06	1408.0	93.15	70.8
PTHR11937	5824.75	5636.86	8575.0	481.72	366.15
PTHR11938	13256.87	13022.02	37873.1	988.53	751.39
PTHR13683	3541.0	3494.03	1987.0	50.6	38.46
PTHR24089	34692.16	33330.04	46998.12	2896.24	2201.47
PTHR10796	7553.06	7412.14	4014.01	119.68	90.96
PTHR10794	4023.0	3882.09	378.0	26.47	20.12
PTHR10795	36943.99	36004.67	20985.37	604.65	459.6
PTHR10792	610.0	563.03	12077.03	1925.89	1463.89
PTHR10799	52888.59	51197.87	9518.99	536.36	407.73
PTHR10882	1142.0	1095.03	846.91	69.09	52.51
PTHR10887	24658.35	24188.65	7040.08	241.15	183.32
PTHR11686	2360.47	2313.5	457.0	17.59	13.37
PTHR11685	5955.34	5814.43	3000.0	146.8	111.59
PTHR11680	1957.82	1910.85	7990.98	372.65	283.26
PTHR24221	18443.73	17833.14	12400.24	574.67	436.82
PTHR24220	7558.31	7229.52	3868.36	305.35	232.1
PTHR24223	10910.34	10628.52	4460.48	116.73	88.72
PTHR11689	9178.0	9037.09	2462.02	68.91	52.38
PTHR10252	2228.0	2087.09	265.0	33.88	25.75
PTHR13124	1019.0	972.03	473.0	43.5	33.06
PTHR31173	4276.22	4182.27	1610.0	54.45	41.39
PTHR10997	12501.87	12313.98	5742.86	138.58	105.33
PTHR31385	3747.36	3606.45	1256.0	96.39	73.26
PTHR31356	7039.45	6851.56	10363.19	644.62	489.99
PTHR31724	3724.38	3536.51	891.03	77.22	58.69
PTHR31352	3154.0	3060.06	2672.21	138.09	104.97
PTHR31350	9668.91	9340.1	5979.05	326.15	247.92
PTHR11758	654.0	607.03	18771.29	2774.38	2108.83
PTHR23333	1084.0	1037.03	786.0	67.72	51.48
PTHR11751	14653.11	14324.32	7344.78	302.61	230.01
PTHR11753	2846.0	2705.09	2417.0	235.96	179.35
PTHR11752	21033.39	20469.81	13489.21	368.67	280.23
PTHR24423	16091.0	15715.24	10778.06	482.08	366.42
PTHR11206	15720.31	15297.58	4443.0	210.01	159.62
PTHR11757	5571.0	5383.12	1086.0	50.49	38.37
PTHR24420	49472.39	48392.07	21366.95	850.65	646.58
PTHR10332	2504.43	2410.49	624.03	43.69	33.21
PTHR32557	1872.0	1825.03	1949.09	95.18	72.35
PTHR14145	3170.22	3076.28	1230.0	72.87	55.39
PTHR20922	2538.66	2444.72	580.0	64.18	48.78
PTHR13600	2335.0	2241.06	292.0	34.65	26.34
PTHR15744	1459.42	1412.45	907.0	57.29	43.54
PTHR23029	9587.54	9258.82	1997.0	112.18	85.28
PTHR23023	7163.43	6975.54	1384.99	62.7	47.65
PTHR12847	2240.0	2099.09	586.0	63.96	48.62
PTHR11119	8624.51	8436.63	3241.0	126.4	96.08
PTHR31595	9452.27	9076.5	815.0	59.49	45.21
PTHR31596	4198.0	4104.06	3276.96	118.47	90.05
PTHR15948	1429.11	1382.14	135.0	8.71	6.62
PTHR32026	877.0	830.03	54.0	5.82	4.43
PTHR31829	1475.0	1428.03	4854.83	303.28	230.53
PTHR31419	2006.0	1912.06	84.0	7.85	5.97
PTHR14898	910.03	863.08	562.0	58.23	44.26
PTHR19241	45866.96	44692.76	24742.23	901.54	685.28
PTHR14894	2106.33	2012.39	508.0	42.92	32.62
PTHR15239	1818.05	1771.08	408.0	20.53	15.61
PTHR12497	2618.37	2524.42	1123.0	67.89	51.6
PTHR12304	1333.0	1286.03	57.0	3.96	3.01
PTHR30540	4298.87	4251.89	675.0	14.12	10.73
PTHR30544	4547.14	4453.19	1923.15	95.15	72.33
PTHR13302	2546.0	2499.03	702.0	25.01	19.01
PTHR12472	1409.0	1315.06	164.0	24.49	18.61
PTHR13308	6394.78	6206.93	8993.08	423.34	321.77
PTHR12477	3982.87	3888.93	1885.0	82.73	62.89
PTHR13878	1973.18	1926.21	399.0	18.46	14.03
PTHR21461	3923.0	3782.09	340.0	23.66	17.99
PTHR13872	528.0	481.03	17357.82	3245.43	2466.88
PTHR22849	9802.95	9568.09	5838.59	151.24	114.96
PTHR21314	2202.0	2108.06	247.0	21.0	15.97
PTHR13271	20846.0	20141.43	6008.44	376.09	285.88
PTHR22841	5354.0	5166.12	2192.99	162.48	123.51
PTHR13273	1137.0	1090.03	868.0	71.13	54.07
PTHR22847	28358.51	27372.2	10360.1	628.15	477.47
PTHR22846	2261.0	2214.03	842.0	33.87	25.75
PTHR22844	20201.09	19543.5	7544.99	409.0	310.86
PTHR23270	1319.0	1272.03	902.0	63.29	48.11
PTHR11601	7766.0	7578.12	3908.44	177.09	134.6
PTHR21266	4183.0	3995.12	1376.02	102.86	78.19
PTHR12271	6945.46	6804.54	3559.0	132.21	100.5
PTHR21262	3703.0	3656.03	2342.0	56.99	43.32
PTHR12276	2360.13	2219.21	1593.81	158.7	120.62
PTHR10657	1777.0	1683.06	562.0	70.64	53.7
PTHR10655	4814.29	4673.37	2751.0	119.77	91.04
PTHR10652	2193.82	2099.87	695.31	55.62	42.28
PTHR17972	4494.0	4447.03	2945.22	58.9	44.77
PTHR10751	5649.0	5508.09	1765.32	64.15	48.76
PTHR21085	1517.0	1470.03	1976.0	119.9	91.14
PTHR11922	4853.43	4618.74	1326.0	125.01	95.03
PTHR11926	3086.49	2945.58	472.0	38.73	29.44
PTHR11431	1205.0	1158.02	4535.22	349.73	265.83
PTHR10430	2560.0	2419.09	1023.2	121.63	92.45
PTHR10436	8848.16	8519.37	2866.0	149.43	113.56
PTHR10434	2546.0	2452.06	569.96	41.3	31.4
PTHR24096	6296.76	6108.88	16153.02	761.19	578.59
PTHR13693	5786.12	5645.21	2139.85	95.7	72.73
PTHR13691	3295.0	3154.09	29880.25	2470.45	1877.81
PTHR13451	6560.65	6372.77	749.12	39.42	29.95
PTHR13452	1024.0	977.03	631.97	57.82	43.95
PTHR10759	530.0	483.03	12156.45	2263.4	1720.43
PTHR12901	1851.0	1804.03	824.72	40.75	30.97
PTHR12903	2838.88	2791.91	2936.0	93.61	71.15
PTHR23237	1005.0	958.03	3768.0	351.61	267.26
PTHR10501	1520.77	1426.81	588.0	75.73	57.56
PTHR31169	6193.39	5958.52	2019.66	186.12	141.47
PTHR11426	1455.67	1361.72	174.0	28.83	21.92
PTHR14087	3340.0	3246.06	502.0	17.98	13.66
PTHR23309	3724.0	3630.06	3033.0	117.07	88.99
PTHR31344	3337.32	3290.34	1957.0	52.92	40.23
PTHR31619	2033.0	1986.03	3317.0	148.81	113.11
PTHR23306	1772.0	1678.06	661.0	70.27	53.41
PTHR23305	2996.0	2855.14	7450.01	488.07	370.99
PTHR14089	1137.0	1090.03	81.0	6.64	5.05
PTHR11748	5820.32	5585.48	1528.01	96.32	73.22
PTHR11214	4936.0	4795.09	3205.2	174.72	132.8
PTHR11216	3399.69	3258.79	708.0	50.24	38.19
PTHR14154	3545.07	3310.21	1082.0	134.13	101.96
PTHR14155	5160.56	5066.62	1563.98	68.77	52.27
PTHR14152	566.0	519.03	217.0	37.57	28.56
PTHR11699	11860.42	11484.64	6246.03	305.99	232.59
PTHR11692	2300.0	2253.03	2701.0	106.77	81.16
PTHR11693	1554.0	1507.03	8204.0	485.53	369.05
PTHR11695	12480.96	12058.22	8664.25	494.68	376.01
PTHR31760	490.0	443.03	264.0	53.65	40.78
PTHR31906	11043.74	10621.0	2938.01	271.36	206.26
PTHR21419	2246.0	2199.03	836.0	33.86	25.74
PTHR23012	9028.26	8699.47	4439.0	301.52	229.19
PTHR11101	7211.96	6836.2	8284.1	799.02	607.35
PTHR11102	6241.63	6100.71	2404.53	143.97	109.44
PTHR11106	782.0	735.03	102.0	12.43	9.45
PTHR31585	1421.94	1374.97	1015.01	65.86	50.06
PTHR32125	1927.0	1833.06	647.0	80.78	61.41
PTHR31588	3973.0	3879.06	1480.01	70.03	53.24
PTHR32120	1371.0	1324.03	275.0	18.54	14.09
PTHR15680	1853.0	1759.06	469.0	49.12	37.34
PTHR11804	6450.17	6262.29	3857.97	135.13	102.71
PTHR11374	1705.0	1658.03	4991.1	268.38	204.0
PTHR10281	950.0	903.03	61.0	6.04	4.59
PTHR18895	553.0	506.03	337.0	59.86	45.5
PTHR12169	3890.09	3796.14	2627.67	131.87	100.23
PTHR12486	1512.97	1419.03	72.0	8.92	6.78
PTHR12480	3651.59	3510.68	515.0	34.34	26.1
PTHR12482	1360.97	1267.03	501.0	62.94	47.84
PTHR12317	2483.0	2389.06	1219.0	77.66	59.03
PTHR12649	1219.54	1172.56	1227.0	93.44	71.02
PTHR10099	4517.0	4470.03	8731.17	173.72	132.05
PTHR13992	2800.0	2753.03	707.0	22.86	17.38
PTHR12461	7555.23	7320.38	2736.0	149.67	113.76
PTHR12466	931.0	884.03	331.0	33.49	25.46
PTHR13847	12749.33	12326.61	5339.72	325.13	247.12
PTHR32251	4917.13	4776.22	3075.93	182.41	138.65
PTHR26312	3445.0	3304.09	1633.78	101.57	77.2
PTHR12000	1527.0	1480.03	1223.05	73.71	56.03
PTHR12001	3643.14	3549.19	6324.32	352.71	268.09
PTHR21327	3986.48	3892.53	3482.04	159.79	121.46
PTHR21631	3918.98	3825.03	14859.3	681.86	518.28
PTHR22854	5092.97	4952.05	3792.13	195.8	148.83
PTHR22855	6521.2	6333.32	5821.95	306.59	233.05
PTHR22850	11786.84	11411.08	9502.92	644.29	489.73
PTHR22504	2021.0	1974.03	3124.55	141.03	107.2
PTHR12189	1155.11	1108.14	267.0	21.52	16.36
PTHR21256	3600.0	3506.06	5400.94	232.02	176.36
PTHR12266	2971.0	2877.06	2027.0	133.31	101.33
PTHR10648	4133.08	4039.13	2839.0	125.45	95.36
PTHR10641	13137.21	12855.38	7200.0	234.12	177.94
PTHR10644	13284.23	13002.41	8183.36	266.75	202.75
PTHR12864	3922.62	3734.74	991.0	91.89	69.86
PTHR12860	2905.0	2858.03	1179.62	36.74	27.93
PTHR13194	750.0	703.03	42.0	5.35	4.07
PTHR13190	931.58	884.61	1459.99	147.62	112.21
PTHR13193	501.0	454.03	189.0	37.47	28.48
PTHR11913	684.0	637.03	216.0	30.41	23.11
PTHR11911	7469.42	7281.54	24609.53	1103.14	838.51
PTHR11910	1133.0	1086.03	4863.02	400.01	304.05
PTHR11918	6709.43	6474.61	2391.03	126.35	96.04
PTHR12919	779.0	732.03	2523.6	308.79	234.71
PTHR12910	1695.0	1601.06	1253.0	133.32	101.34
PTHR12917	6577.87	6389.99	1420.48	76.25	57.96
PTHR11351	2070.0	2023.03	5381.23	236.99	180.14
PTHR11353	10812.0	10436.24	11920.06	824.29	626.57
PTHR11599	13611.0	13000.39	10360.93	914.63	695.21
PTHR10516	12388.38	11871.71	3717.99	341.87	259.86
PTHR11592	5171.29	4936.44	3759.27	320.28	243.44
PTHR31620	1587.0	1540.03	8273.98	479.13	364.19
PTHR23315	9005.58	8676.79	2315.0	108.81	82.7
PTHR23316	2252.0	2205.03	4020.01	162.39	123.43
PTHR11778	3103.0	3009.06	1698.01	97.85	74.38
PTHR11774	1201.0	1154.03	122.0	9.44	7.18
PTHR11773	3594.0	3547.03	1682.0	42.19	32.07
PTHR11772	6608.0	6373.15	9823.95	414.39	314.99
PTHR10357	18545.35	18122.61	12092.63	447.05	339.8
PTHR10353	1672.03	1625.06	438.0	24.03	18.27
PTHR10350	4408.0	4361.03	1482.98	30.25	22.99
PTHR10351	3242.84	3148.9	8114.98	696.65	529.54
PTHR10359	5400.58	5212.7	1434.0	81.76	62.15
PTHR31750	2093.42	2046.45	950.48	41.38	31.45
PTHR23418	1527.0	1480.03	857.01	51.65	39.26
PTHR14189	1814.99	1768.02	1011.62	51.0	38.77
PTHR31245	1570.0	1523.03	1863.04	109.1	82.92
PTHR23001	2070.0	2023.03	3236.93	142.55	108.36
PTHR23002	2091.0	1997.06	181.0	19.18	14.58
PTHR30178	3601.58	3460.67	9586.24	836.54	635.87
PTHR22904	17542.64	16885.04	5114.27	301.64	229.27
PTHR11177	24416.86	23618.36	42989.11	2312.65	1757.86
PTHR11178	1500.0	1453.03	944.56	57.99	44.08
PTHR14456	1193.62	1099.68	96.0	15.62	11.88
PTHR31808	1560.0	1513.03	1184.0	69.79	53.05
PTHR31803	4213.0	4072.09	3882.83	206.81	157.2
PTHR11009	2020.37	1926.43	451.0	42.12	32.01
PTHR19229	16922.76	16687.9	5997.99	92.24	70.11
PTHR11005	3442.36	3348.42	1302.0	77.93	59.24
PTHR11006	4018.62	3924.67	1578.94	74.41	56.56
PTHR18640	1921.0	1874.03	556.0	26.44	20.1
PTHR18866	19450.56	19027.82	19408.72	698.64	531.04
PTHR15588	2726.0	2632.06	2634.06	129.43	98.38
PTHR12677	7160.0	6972.12	2299.01	109.72	83.41
PTHR19134	2122.76	2075.79	4874.98	209.22	159.03
PTHR19139	7315.62	7080.77	1868.79	119.16	90.58
PTHR30566	7134.99	6947.1	2247.13	116.96	88.9
PTHR12459	1900.0	1853.03	530.0	25.49	19.38
PTHR12456	2083.2	1989.25	172.0	14.47	11.0
PTHR22931	6971.0	6877.06	6065.03	131.94	100.29
PTHR19359	8689.04	8407.21	6556.11	479.14	364.19
PTHR12072	3112.0	3018.06	543.0	31.13	23.66
PTHR13218	953.0	906.03	51.0	5.03	3.83
PTHR13215	1530.0	1436.06	158.0	18.99	14.43
PTHR13213	1516.86	1422.91	1899.0	231.06	175.63
PTHR12290	1975.39	1928.41	359.0	16.59	12.61
PTHR21530	6359.0	6124.15	1740.0	114.85	87.31
PTHR12295	4144.0	4097.03	610.0	13.24	10.07
PTHR12298	6927.17	6692.31	3590.01	179.84	136.7
PTHR10638	3194.53	3147.56	6197.54	175.23	133.19
PTHR10634	1401.0	1354.03	1780.99	117.37	89.21
PTHR10631	2575.38	2481.44	1187.99	67.24	51.11
PTHR10984	4139.0	3998.09	3868.0	261.6	198.85
PTHR13501	1768.0	1674.06	4712.8	550.06	418.1
PTHR13505	677.0	630.03	65.0	9.25	7.03
PTHR12850	449.0	402.03	28664.3	6427.03	4885.25
PTHR12856	678.0	631.03	77.0	10.94	8.32
PTHR12855	1721.0	1674.03	732.0	38.98	29.63
PTHR12854	2778.26	2684.32	1348.88	86.11	65.46
PTHR13182	620.0	573.03	400.0	62.66	47.63
PTHR10855	1808.0	1761.03	1658.76	83.96	63.82
PTHR10743	971.0	924.03	466.0	45.09	34.28
PTHR10742	19498.59	19028.88	6286.08	300.11	228.12
PTHR10745	2340.0	2293.03	3776.57	146.68	111.49
PTHR10744	1577.0	1483.06	33066.13	3272.57	2487.51
PTHR10746	3480.93	3386.99	7013.16	464.49	353.07
PTHR12924	776.0	729.03	2371.83	291.42	221.51
PTHR23308	5933.16	5698.31	3021.27	293.28	222.93
PTHR11349	1622.0	1528.06	5977.01	746.85	567.69
PTHR10566	20794.86	20278.18	12112.75	503.73	382.89
PTHR11588	3030.0	2889.09	20068.33	1145.32	870.57
PTHR10291	1100.0	1053.03	274.0	23.25	17.67
PTHR11584	8085.1	7897.21	2077.0	111.34	84.63
PTHR11586	1043.0	996.03	238.0	21.36	16.23
PTHR11909	6520.62	6332.73	10483.04	450.34	342.31
PTHR24320	11585.41	11209.65	2044.78	127.2	96.7
PTHR24322	19697.18	18945.64	8514.88	578.96	440.08
PTHR11907	2177.0	2130.03	2679.0	112.04	85.16
PTHR11760	1467.0	1373.06	37343.07	4226.86	3212.88
PTHR11761	1784.0	1690.06	19840.28	2953.17	2244.74
PTHR11766	1920.0	1826.06	354.0	34.92	26.54
PTHR11767	6290.41	6102.54	1953.0	89.2	67.79
PTHR10361	4682.92	4542.0	622.0	36.45	27.7
PTHR10366	14707.25	14143.62	25403.02	1661.77	1263.13
PTHR10169	3361.0	3314.03	1039.0	27.9	21.21
PTHR10168	5549.84	5315.0	4168.4	227.67	173.06
PTHR20973	1821.21	1774.24	165.0	8.29	6.3
PTHR10165	1540.0	1493.03	960.0	57.35	43.59
PTHR31032	3027.0	2933.06	6531.32	393.79	299.32
PTHR23257	143839.98	139800.78	79735.04	3291.8	2502.06
PTHR23253	2218.0	2171.03	247.01	10.13	7.7
PTHR14190	2516.0	2469.03	683.0	24.63	18.72
PTHR14194	9642.71	9266.92	10500.19	765.23	581.66
PTHR31251	28329.83	27249.52	10067.97	713.95	542.68
PTHR23074	15904.63	15387.95	6208.84	478.31	363.58
PTHR23077	11353.54	10696.05	2944.0	263.3	200.13
PTHR23076	16842.85	16185.28	13234.18	871.22	662.21
PTHR12561	1517.0	1470.03	482.0	29.25	22.23
PTHR23073	7506.41	7130.63	8654.84	901.09	684.93
PTHR10293	3998.61	3810.73	2238.74	235.42	178.94
PTHR23078	1748.0	1654.06	673.0	73.0	55.48
PTHR11165	2277.0	2183.06	3947.0	322.33	245.01
PTHR10772	3746.68	3605.77	6339.51	473.99	360.29
PTHR32100	5352.0	5211.09	13297.33	755.25	574.07
PTHR14445	2181.0	2087.06	986.45	85.46	64.95
PTHR31811	2355.69	2261.75	240.0	16.66	12.67
PTHR23102	4127.31	3986.4	1889.0	114.64	87.13
PTHR23105	6009.85	5728.03	63156.4	5565.81	4230.63
PTHR11010	8127.01	7939.12	2715.03	121.68	92.49
PTHR11014	6060.84	5872.97	1259.17	60.39	45.9
PTHR12668	3919.0	3825.06	3771.0	162.2	123.28
PTHR12661	3303.0	3256.03	3386.11	92.54	70.34
PTHR12663	4216.93	4169.96	1507.49	32.16	24.44
PTHR12664	1367.44	1320.47	1968.71	133.05	101.13
PTHR16166	32669.36	32199.65	8096.02	222.3	168.98
PTHR12111	867.0	820.03	799.0	87.2	66.28
PTHR12447	602.0	555.03	13.0	2.1	1.6
PTHR15481	778.0	731.03	57.0	6.98	5.31
PTHR26379	2088.0	1994.06	2992.0	239.82	182.29
PTHR12599	1259.0	1212.03	1923.0	141.65	107.67
PTHR12596	3743.0	3696.03	1191.1	28.67	21.79
PTHR12590	891.67	844.7	207.0	21.93	16.67
PTHR12066	4374.86	4186.97	315.0	25.94	19.72
PTHR12064	3924.0	3783.09	3712.38	148.86	113.16
PTHR13226	1717.42	1623.48	185.0	18.1	13.76
PTHR13889	2988.0	2941.03	2664.0	80.62	61.28
PTHR13887	1074.0	1027.03	81.0	7.05	5.36
PTHR21181	670.0	623.03	267.0	38.44	29.22
PTHR12412	2566.0	2519.03	559.0	19.76	15.02
PTHR13948	2267.1	2173.16	314.0	27.6	20.98
PTHR12146	1020.0	926.13	15435.7	2068.12	1572.0
PTHR10458	3066.0	2972.06	2311.97	134.51	102.24
PTHR19306	9211.42	9070.51	1412.0	37.35	28.39
PTHR12280	5038.77	4897.86	2121.0	101.32	77.01
PTHR11451	7476.42	7288.54	8608.71	361.42	274.71
PTHR12286	3258.24	3164.28	508.04	24.11	18.32
PTHR12415	5569.57	5381.7	386.72	21.57	16.39
PTHR30573	2341.0	2294.03	1611.0	62.54	47.54
PTHR22983	1153.0	1106.03	198.0	15.99	12.15
PTHR22981	1255.0	1208.03	590.0	43.6	33.14
PTHR10947	2702.0	2608.06	1633.0	110.49	83.99
PTHR30191	2984.12	2937.15	10016.99	303.55	230.73
PTHR13082	761.0	714.03	188.0	23.59	17.93
PTHR10629	3752.0	3611.09	232.0	16.27	12.37
PTHR10994	12849.69	12473.92	3466.16	200.22	152.2
PTHR10996	7850.58	7568.76	4078.0	187.64	142.63
PTHR10625	11559.18	11089.47	4480.05	250.73	190.59
PTHR10992	38587.18	37318.96	13338.03	788.04	598.99
PTHR10993	1797.0	1703.06	376.0	49.96	37.98
PTHR17695	4579.17	4438.24	1428.0	83.02	63.11
PTHR12848	2610.0	2516.06	452.0	31.8	24.18
PTHR12849	1895.0	1801.06	361.0	35.86	27.25
PTHR21712	1117.69	1070.71	84.0	7.01	5.33
PTHR21294	2115.02	2068.05	1019.02	43.89	33.36
PTHR12841	938.0	891.03	68.0	6.83	5.19
PTHR21290	3992.0	3804.12	1658.99	152.18	115.67
PTHR21349	1582.0	1488.06	2651.11	338.27	257.12
PTHR21347	1991.56	1944.59	1597.0	73.18	55.62
PTHR21343	341.0	294.06	6.0	1.85	1.4
PTHR10196	6945.89	6758.01	980.15	52.03	39.55
PTHR10192	3011.0	2917.06	4292.0	191.94	145.89
PTHR10755	1213.24	1166.27	5519.98	422.62	321.24
PTHR10758	3106.44	3012.5	3313.59	220.14	167.33
PTHR13152	838.0	791.03	106.0	12.0	9.12
PTHR12932	6209.0	6021.14	6137.58	308.47	234.47
PTHR12934	1962.0	1868.06	2947.0	286.64	217.88
PTHR10288	11684.52	11402.69	25049.08	1050.11	798.19
PTHR11800	1409.0	1362.03	2029.0	132.92	101.04
PTHR11802	14518.95	14190.13	19809.42	713.38	542.26
PTHR11807	2150.71	2056.77	352.0	29.92	22.74
PTHR11808	9332.0	9050.18	5911.98	276.83	210.42
PTHR10283	10897.0	10662.15	2831.32	107.71	81.86
PTHR10285	7710.71	7475.88	16819.18	847.07	643.89
PTHR10286	1001.7	954.73	3564.0	333.73	253.67
PTHR11579	3015.26	2921.32	1466.9	89.75	68.22
PTHR13718	2679.0	2585.06	26163.57	2261.87	1719.27
PTHR13711	6479.0	6197.18	5298.79	631.05	479.68
PTHR13710	13671.38	13201.8	1002.22	60.7	46.15
PTHR11977	1450.77	1403.8	2773.63	176.27	133.99
PTHR11972	5748.53	5654.59	3465.04	126.28	95.99
PTHR31480	1230.0	1183.03	1195.0	90.19	68.56
PTHR31485	11087.51	10664.78	5120.98	312.86	237.8
PTHR11715	984.0	937.03	2361.28	225.31	171.26
PTHR11717	2192.0	2098.06	394.31	25.58	19.45
PTHR11711	9181.88	8853.09	9640.55	934.06	710.0
PTHR11712	38039.09	36348.49	5679.13	218.27	165.92
PTHR10374	4257.98	4117.06	6319.99	278.83	211.94
PTHR10178	2949.07	2855.12	1546.9	107.65	81.83
PTHR11482	12013.22	11825.34	27652.73	839.84	638.38
PTHR10173	4643.84	4455.95	4159.86	313.96	238.65
PTHR10177	7482.82	7294.93	13445.12	657.6	499.86
PTHR10174	6294.93	6060.07	2144.01	151.45	115.11
PTHR23249	2135.13	2041.18	439.0	36.93	28.06
PTHR23244	13389.83	12967.13	3666.64	274.1	208.36
PTHR23245	489.86	442.9	202.0	41.06	31.21
PTHR23240	2079.28	1985.34	410.0	34.27	26.05
PTHR14614	13039.09	12616.35	1582.97	95.47	72.55
PTHR31268	2350.0	2256.07	1720.99	80.42	61.13
PTHR31262	1992.06	1851.17	54197.36	5251.32	3991.59
PTHR23063	2107.26	2013.31	559.0	55.23	41.98
PTHR11620	700.0	653.03	14765.55	2027.24	1540.92
PTHR11624	4458.0	4364.06	3409.17	185.11	140.7
PTHR11627	5156.41	4968.53	17135.62	971.85	738.72
PTHR11390	4328.34	4234.4	1322.0	70.66	53.71
PTHR31319	4338.0	4244.06	7916.52	331.66	252.1
PTHR14052	1394.98	1348.0	376.0	24.89	18.92
PTHR32118	2364.0	2317.03	5523.74	212.31	161.38
PTHR23117	1839.68	1792.71	5831.75	289.94	220.39
PTHR23115	47996.13	46915.77	154159.22	7395.2	5621.18
PTHR11028	1556.0	1509.03	1476.0	87.24	66.31
PTHR11024	6904.0	6763.09	1754.0	71.46	54.31
PTHR10066	6606.95	6325.12	629.73	46.95	35.68
PTHR11777	3213.0	3166.03	5889.13	165.54	125.82
PTHR12616	2001.0	1954.03	579.0	26.4	20.07
PTHR12613	2775.0	2728.03	1440.0	46.99	35.72
PTHR12612	688.0	641.03	468.0	65.47	49.76
PTHR32060	3859.0	3765.06	3337.95	130.17	98.95
PTHR12126	3156.0	3062.06	3108.79	175.59	133.47
PTHR12436	7090.22	6902.33	2540.52	125.85	95.66
PTHR22734	1395.0	1348.03	932.0	61.69	46.89
PTHR12121	2209.0	2115.06	496.0	43.89	33.36
PTHR12438	1648.0	1601.03	229.99	12.81	9.74
PTHR15492	1834.0	1787.03	693.02	34.57	26.27
PTHR21426	2140.0	2093.03	178.0	7.58	5.76
PTHR21427	1217.0	1170.03	206.0	15.72	11.95
PTHR19372	1995.0	1948.03	745.0	34.08	25.9
PTHR19370	7591.96	7357.11	13880.71	514.01	390.7
PTHR19376	16971.68	16642.89	8744.93	256.85	195.23
PTHR19375	7057.06	6775.24	3658.99	377.19	286.7
PTHR12725	2253.43	2159.48	755.0	52.56	39.95
PTHR22884	12725.65	12490.8	4650.56	127.34	96.8
PTHR22880	9345.85	9017.05	6458.88	358.11	272.18
PTHR12542	2365.0	2318.03	161.0	6.19	4.7
PTHR12547	2022.0	1928.06	1617.02	99.58	75.69
PTHR12124	4619.17	4478.25	950.0	65.19	49.55
PTHR10114	516.0	469.03	14409.54	2763.94	2100.9
PTHR21512	2591.0	2544.03	254.0	8.89	6.76
PTHR30508	2042.0	1995.03	3714.97	165.91	126.11
PTHR30502	1127.62	1080.64	167.0	13.81	10.49
PTHR10961	2114.38	2020.43	5289.35	423.23	321.71
PTHR10617	8713.0	8431.18	13192.48	661.71	502.95
PTHR10615	2136.48	2042.53	2099.01	176.6	134.24
PTHR13527	4581.72	4534.75	9236.42	181.15	137.69
PTHR22958	7061.91	6921.0	10690.97	345.91	262.92
PTHR14534	2035.0	1988.03	731.0	32.76	24.9
PTHR22951	2380.0	2333.03	556.0	21.22	16.13
PTHR22950	47664.07	46536.75	27777.66	1043.62	793.24
PTHR22953	9269.84	9034.99	6018.47	263.2	200.05
PTHR22952	5891.58	5656.73	2413.97	183.94	139.82
PTHR22957	11693.89	11318.13	3912.81	251.86	191.44
PTHR21600	1293.0	1246.03	1643.02	117.71	89.47
PTHR24056	14311.07	13888.35	16269.06	423.72	322.07
PTHR24054	1577.0	1530.03	1572.0	91.63	69.65
PTHR24055	11347.68	11018.88	12301.76	696.14	529.14
PTHR24058	4489.0	4301.12	2119.71	159.38	121.14
PTHR10766	3137.0	2996.09	3114.08	276.39	210.09
PTHR10762	3377.36	3236.45	855.81	70.0	53.21
PTHR30031	5806.0	5618.13	11956.55	434.19	330.02
PTHR12945	1366.0	1319.03	474.0	32.07	24.38
PTHR12944	2339.35	2292.38	203.0	7.89	5.99
PTHR24128	5261.88	5120.97	7359.94	299.93	227.98
PTHR12858	4377.0	4189.12	1566.22	137.63	104.63
PTHR32228	1231.48	1184.51	35.0	2.64	2.01
PTHR13096	3712.0	3618.06	702.0	34.57	26.28
PTHR11365	5369.66	4993.93	244.0	25.65	19.51
PTHR11361	18784.71	18080.23	2187.0	78.46	59.66
PTHR11814	20751.31	20375.56	10874.98	248.39	188.81
PTHR11363	1403.0	1356.03	42166.37	2774.64	2109.03
PTHR10543	8113.0	7925.12	2125.0	90.22	68.57
PTHR10540	2472.0	2378.06	2537.99	192.73	146.5
PTHR11562	6533.51	6345.62	7348.02	279.53	212.47
PTHR11566	16677.0	16348.21	16360.62	638.94	485.67
PTHR11567	2524.0	2430.06	1500.9	105.7	80.34
PTHR11564	6329.0	6188.09	3908.01	163.1	123.97
PTHR11962	2898.63	2804.68	1344.0	85.27	64.81
PTHR11963	1780.0	1733.03	930.0	47.84	36.36
PTHR10381	7166.1	6790.34	13251.46	1311.83	997.13
PTHR10383	2942.0	2848.06	3676.17	241.44	183.53
PTHR11705	1924.97	1831.02	821.0	68.96	52.42
PTHR11702	10251.0	10016.15	14286.29	471.45	358.36
PTHR11700	1446.0	1352.06	32542.75	5041.08	3831.78
PTHR10388	922.0	875.03	4290.01	438.55	333.35
PTHR11709	11301.05	11019.23	5233.68	223.72	170.05
PTHR10145	5912.0	5865.03	2590.43	39.27	29.85
PTHR23273	2704.0	2610.06	1483.0	69.41	52.76
PTHR12050	3478.44	3431.47	552.45	14.33	10.89
PTHR24305	923.0	876.03	66.0	6.74	5.12
PTHR23050	2427.0	2286.09	5367.0	611.59	464.88
PTHR23056	2353.0	2259.06	949.0	77.39	58.83
PTHR23054	1819.0	1772.03	307.0	15.44	11.74
PTHR11638	10180.01	9898.18	33100.23	1141.48	867.65
PTHR23291	2958.09	2864.15	3405.99	233.38	177.39
PTHR23293	4667.17	4526.26	5539.89	295.11	224.3
PTHR11141	3077.0	3030.03	1757.0	51.61	39.23
PTHR11142	5429.22	5288.31	1355.0	60.56	46.03
PTHR11143	905.0	858.03	30083.37	3136.68	2384.22
PTHR22748	5282.69	5094.81	759.14	53.62	40.76
PTHR11380	968.0	921.03	611.0	59.32	45.09
PTHR11384	2561.0	2467.06	330.0	23.57	17.92
PTHR32477	2209.0	2162.03	172.0	7.09	5.39
PTHR14043	1964.0	1870.06	361.0	34.58	26.28
PTHR32472	3334.11	3287.13	976.29	26.43	20.09
PTHR31658	3477.0	3430.03	770.0	19.97	15.18
PTHR13890	8164.77	7976.95	5084.95	222.02	168.75
PTHR14269	4151.5	3963.62	1275.0	89.27	67.85
PTHR22883	9690.62	9361.82	2688.99	159.08	120.93
PTHR23125	53107.57	51604.58	13047.13	643.88	489.42
PTHR19879	2398.0	2351.03	501.0	18.98	14.42
PTHR22881	3112.94	3019.0	1715.0	100.63	76.49
PTHR14136	2972.0	2831.09	1089.99	106.71	81.12
PTHR19876	6995.0	6901.06	5143.09	135.84	103.26
PTHR12608	4996.04	4808.15	2551.74	166.96	126.92
PTHR12604	2268.0	2221.03	217.0	8.7	6.61
PTHR12603	2815.0	2721.06	1988.05	133.54	101.51
PTHR32091	2707.31	2613.36	7257.27	504.75	383.66
PTHR32098	4284.4	4096.51	515.0	47.9	36.42
PTHR18763	1639.0	1545.06	821.0	94.16	71.57
PTHR22726	2315.58	2221.64	328.0	20.93	15.91
PTHR22727	19542.01	19025.39	5007.82	270.93	205.94
PTHR12428	3540.98	3447.04	3943.0	191.4	145.48
PTHR18968	8213.72	7978.88	9689.26	377.05	286.59
PTHR12730	3614.0	3520.06	2555.0	131.08	99.63
PTHR12506	827.0	780.03	76.0	8.72	6.63
PTHR12735	1840.0	1746.06	960.0	88.82	67.51
PTHR15020	3832.0	3738.06	3174.3	200.29	152.24
PTHR12558	2787.3	2693.36	441.0	24.5	18.63
PTHR12553	1670.0	1576.06	430.0	38.11	28.97
PTHR12049	2436.0	2342.06	155.0	11.59	8.81
PTHR10497	933.0	839.08	22243.75	3866.76	2939.17
PTHR24073	4679.32	4444.46	3638.0	341.26	259.4
PTHR21569	702.0	655.03	21282.53	2912.99	2214.19
PTHR21567	1313.0	1266.03	1305.0	92.01	69.94
PTHR13950	1190.0	1143.03	296.0	23.13	17.58
PTHR12133	1595.93	1548.96	122.0	7.02	5.34
PTHR10972	6462.37	6321.46	2469.0	121.89	92.65
PTHR10606	4031.95	3984.98	2342.0	52.28	39.74
PTHR10971	1329.0	1282.03	334.0	23.25	17.67
PTHR13743	7955.0	7767.12	937.0	48.58	36.92
PTHR12302	3704.0	3657.03	4282.23	104.18	79.19
PTHR22942	10043.1	9573.45	2146.0	117.3	89.16
PTHR13395	2558.0	2464.06	269.0	17.98	13.67
PTHR13803	6125.27	5984.38	2761.95	69.09	52.51
PTHR21368	1246.0	1152.07	3283.0	384.23	292.06
PTHR24067	16985.69	16281.13	15544.41	1240.18	942.68
PTHR24064	12268.12	11939.32	6987.02	291.17	221.33
PTHR24063	28423.25	27577.93	24577.27	934.01	709.95
PTHR21011	1531.0	1437.06	2571.99	314.06	238.71
PTHR10774	14622.24	14152.57	3975.01	213.9	162.57
PTHR24068	3025.0	2884.09	1987.0	245.58	186.66
PTHR19980	2076.0	1982.06	141.0	12.68	9.65
PTHR12959	3597.0	3503.06	162.0	9.37	7.12
PTHR24115	30219.11	29279.75	28016.09	786.39	597.75
PTHR11825	9414.7	9085.9	6447.79	346.52	263.39
PTHR10809	1619.0	1525.06	1238.0	119.89	91.14
PTHR11822	1701.0	1654.03	4516.99	243.48	185.07
PTHR10555	4491.28	4397.34	6009.0	196.93	149.69
PTHR10806	859.0	812.03	486.0	53.57	40.72
PTHR10804	9471.26	9236.4	9479.53	547.55	416.2
PTHR11556	3811.0	3670.1	9303.03	531.09	403.69
PTHR11558	1457.0	1410.03	834.0	52.77	40.11
PTHR13773	3434.44	3340.49	2011.79	111.21	84.53
PTHR10537	1345.46	1298.49	161.0	11.07	8.41
PTHR11953	2119.0	2025.06	633.07	55.84	42.44
PTHR11952	1761.0	1667.06	1081.0	115.52	87.82
PTHR11956	2198.0	2151.03	2667.0	110.44	83.95
PTHR11959	4186.6	4139.63	2662.01	57.2	43.48
PTHR11739	2050.61	2003.63	4703.02	209.13	158.96
PTHR11732	18010.64	17400.05	5537.07	360.35	273.9
PTHR11731	7590.4	7449.49	1739.0	62.91	47.82
PTHR11730	3409.57	3268.67	1321.23	115.2	87.57
PTHR11735	3091.61	2950.69	638.0	55.27	42.01
PTHR10394	790.0	743.03	26606.99	3207.03	2437.7
PTHR20941	2200.29	2106.36	641.0	49.62	37.72
PTHR10150	2915.1	2821.17	471.0	29.52	22.44
PTHR31065	3143.95	3050.01	3703.03	181.58	138.02
PTHR10159	8099.0	7864.15	6619.35	344.19	261.62
PTHR31066	1295.0	1248.03	856.41	61.25	46.56
PTHR13604	1022.0	928.06	67.0	13.32	10.12
PTHR23264	3467.32	3326.41	1204.01	94.41	71.76
PTHR23269	2111.0	2064.03	730.0	31.51	23.95
PTHR31204	1720.0	1673.03	678.0	36.13	27.46
PTHR31201	1685.0	1638.03	927.0	50.46	38.35
PTHR31209	1301.0	1254.03	123.0	8.76	6.65
PTHR11607	3948.0	3854.06	1006.0	47.44	36.06
PTHR11606	4890.71	4749.8	3343.95	147.52	112.14
PTHR23284	1574.36	1527.39	406.96	23.76	18.06
PTHR24316	4355.0	4214.09	5466.47	337.58	256.6
PTHR32467	10152.16	9682.47	3589.0	252.14	191.66
PTHR14255	6549.61	6314.76	1091.04	74.77	56.83
PTHR31840	807.15	760.18	83.0	9.78	7.43
PTHR23130	4459.0	4365.06	5208.39	163.87	124.56
PTHR23133	1077.0	1030.03	849.0	73.65	55.98
PTHR23135	1525.12	1478.15	1679.02	101.3	77.0
PTHR23138	2479.0	2385.06	2699.0	240.6	182.89
PTHR23139	7768.08	7486.26	8755.62	573.7	436.07
PTHR31682	1259.0	1212.03	1810.0	133.32	101.34
PTHR11040	2671.0	2530.09	651.0	70.56	53.64
PTHR11043	835.0	788.03	485.0	55.1	41.88
PTHR11042	6752.48	6564.6	2618.11	151.9	115.46
PTHR11048	13189.35	12907.53	6705.56	252.44	191.88
PTHR15818	1985.0	1938.03	604.0	27.77	21.11
PTHR12636	1194.0	1147.03	609.92	47.49	36.09
PTHR31606	1282.0	1235.03	653.0	47.2	35.88
PTHR14490	2928.55	2787.64	1732.89	131.12	99.67
PTHR14493	9652.01	9370.19	10291.78	501.22	380.99
PTHR15651	2177.0	2130.03	229.0	9.58	7.28
PTHR12380	3363.0	3222.09	2260.0	182.85	138.98
PTHR12385	2845.0	2751.06	10200.49	484.83	368.52
PTHR12706	15113.57	14784.77	1182.38	44.6	33.9
PTHR12709	1948.49	1854.55	1389.0	148.46	112.85
PTHR19957	6263.27	6075.4	4351.0	275.96	209.76
PTHR30239	1763.0	1716.03	3878.96	201.5	153.16
PTHR12560	3392.0	3298.06	2386.92	129.98	98.8
PTHR11203	5157.24	5016.34	1730.0	69.66	52.95
PTHR12770	6156.61	5921.76	571.0	48.35	36.74
PTHR12097	7251.0	7157.06	8566.54	206.29	156.8
PTHR19842	2635.0	2588.03	819.0	28.18	21.42
PTHR11200	8072.3	7978.35	2813.22	61.36	46.64
PTHR21576	1653.77	1559.84	109.0	11.62	8.83
PTHR24193	12608.9	12092.23	8090.92	574.69	436.84
PTHR12419	4957.58	4722.73	2421.0	211.42	160.7
PTHR23338	3031.0	2890.09	1926.0	211.23	160.56
PTHR30525	1631.0	1584.03	999.0	56.24	42.75
PTHR12413	1923.54	1829.6	181.0	16.06	12.21
PTHR12411	14886.13	14181.6	10419.86	494.71	376.03
PTHR23339	3769.24	3675.3	712.0	42.74	32.49
PTHR21717	5426.26	5285.35	3850.0	127.88	97.19
PTHR10943	3910.0	3816.06	2770.0	118.18	89.82
PTHR12897	3002.0	2955.03	1133.0	34.13	25.94
PTHR12894	6310.0	5981.22	433.0	46.08	35.02
PTHR12891	1205.0	1158.03	119.0	9.18	6.98
PTHR22976	4671.0	4483.14	5033.29	235.03	178.65
PTHR22975	3061.06	2920.22	624.0	42.43	32.25
PTHR22970	2668.0	2621.03	283.0	9.61	7.31
PTHR21377	1983.0	1889.06	1514.0	137.48	104.5
PTHR21371	2074.0	2027.03	21028.45	924.26	702.54
PTHR21373	2449.0	2355.06	391.0	29.44	22.38
PTHR22573	10779.87	10545.01	7333.48	383.86	291.78
PTHR22572	7272.0	7037.15	8097.0	582.34	442.65
PTHR21000	2063.0	2016.03	4340.75	191.83	145.81
PTHR10701	613.0	566.03	554.0	87.87	66.79
PTHR13161	914.0	820.1	199.0	41.6	31.62
PTHR13165	2492.08	2398.14	1404.11	104.32	79.3
PTHR21396	1273.0	1179.06	882.99	133.46	101.45
PTHR12965	1983.44	1889.58	517.0	46.69	35.49
PTHR10681	6970.08	6594.32	3259.0	245.82	186.85
PTHR24106	9022.08	8693.3	4052.07	259.24	197.03
PTHR24103	2839.0	2698.09	218.0	19.1	14.51
PTHR10683	1632.0	1585.03	2521.0	141.83	107.8
PTHR11540	2369.0	2181.17	2807.99	393.49	299.09
PTHR10836	2311.0	2170.16	14737.31	1075.84	817.75
PTHR10835	2404.0	2357.03	1284.61	48.54	36.89
PTHR11545	927.0	880.03	26377.52	2681.06	2037.9
PTHR10012	1524.0	1477.03	490.0	29.59	22.49
PTHR13768	2607.0	2513.06	1230.85	89.54	68.06
PTHR24078	11447.0	11071.31	3314.24	179.55	136.48
PTHR11946	14822.0	14540.18	22944.61	673.06	511.61
PTHR11947	4628.6	4534.66	7170.04	290.89	221.12
PTHR11941	9991.65	9662.86	2133.0	124.25	94.45
PTHR24072	1597.0	1550.03	634.0	36.48	27.73
PTHR10496	512.0	465.03	16899.98	3269.85	2485.45
PTHR10491	2768.18	2674.25	654.0	39.71	30.18
PTHR24076	12280.63	11717.07	4987.92	334.26	254.07
PTHR24077	14290.51	13633.02	12975.38	558.03	424.18
PTHR11728	3894.0	3800.06	4157.05	241.44	183.52
PTHR11726	842.0	795.03	39140.22	4406.83	3349.68
PTHR11727	551.0	504.03	121.0	21.58	16.4
PTHR11721	648.0	601.03	26050.34	3889.02	2956.08
PTHR11722	794.0	747.03	18666.77	2237.83	1700.99
PTHR10120	4036.63	3942.69	1316.0	52.59	39.97
PTHR10122	1136.0	1089.03	5123.04	420.23	319.42
PTHR11831	2383.0	2242.09	22238.07	2494.78	1896.31
PTHR11835	1802.0	1755.03	2700.44	137.15	104.25
PTHR11614	5512.25	5418.3	4632.67	134.87	102.52
PTHR11615	9989.29	9566.57	10767.93	476.39	362.11
PTHR11618	3672.89	3531.97	1461.94	106.7	81.11
PTHR14140	2692.0	2645.03	850.0	28.61	21.75
PTHR32419	1311.43	1264.46	248.0	17.51	13.31
PTHR10231	5621.0	5480.09	1554.04	79.87	60.71
PTHR10233	9058.0	8823.15	3880.85	208.67	158.61
PTHR31503	4420.16	4279.25	1626.06	72.85	55.38
PTHR23147	629.62	582.65	299.0	46.06	35.01
PTHR23140	2080.0	2033.03	334.0	14.64	11.13
PTHR23142	1020.0	973.03	229.0	21.04	15.99
PTHR23149	1869.0	1822.03	2851.0	139.46	106.0
PTHR23148	856.16	809.19	211.0	23.34	17.74
PTHR11817	11835.0	11553.18	7950.3	335.51	255.01
PTHR11056	2057.69	2010.71	1017.0	45.06	34.25
PTHR11055	4351.07	4210.15	8769.47	481.2	365.75
PTHR32523	2427.62	2333.68	1282.86	84.56	64.27
PTHR31695	2917.0	2870.03	1339.0	41.53	31.57
PTHR11819	329.0	282.07	20.0	6.43	4.89
PTHR10544	507.0	460.03	7555.94	1478.02	1123.46
PTHR12629	2600.88	2553.91	3378.09	117.77	89.52
PTHR19316	1500.0	1453.03	182.0	11.17	8.49
PTHR18945	6457.93	6317.02	1509.31	65.52	49.8
PTHR26402	9656.0	9421.15	20617.91	745.94	566.99
PTHR19384	6575.0	6434.09	840.0	34.06	25.89
PTHR12714	5273.28	5085.4	3722.25	173.48	131.86
PTHR12570	4684.58	4543.67	1285.0	69.81	53.07
PTHR21494	2475.0	2428.03	388.0	14.23	10.82
PTHR21145	1231.46	1184.49	664.66	50.1	38.08
PTHR21496	4795.0	4560.21	2021.0	164.02	124.67
PTHR21493	31434.01	30588.55	11640.82	606.35	460.89
PTHR21499	9472.32	9331.41	12790.84	359.22	273.04
PTHR21148	3842.1	3701.18	883.98	67.89	51.61
PTHR12083	3701.53	3560.61	990.91	66.66	50.67
PTHR19854	3800.05	3659.15	1881.0	84.06	63.9
PTHR13976	1590.0	1496.06	177.0	21.76	16.54
PTHR19852	2220.0	2173.03	1223.0	50.13	38.11
PTHR16128	3609.26	3421.38	403.0	30.26	22.99
PTHR12400	1501.23	1454.25	1033.0	63.36	48.16
PTHR19853	3074.0	3027.03	1409.02	41.43	31.49
PTHR30314	1812.0	1765.03	4111.0	207.61	157.8
PTHR12882	706.0	659.03	316.0	42.99	32.67
PTHR12883	1422.0	1375.03	347.0	22.52	17.11
PTHR16255	7401.27	7260.35	4069.59	166.61	126.65
PTHR16254	8741.92	8554.04	5050.08	228.13	173.4
PTHR22960	679.7	632.72	229.0	32.46	24.67
PTHR13373	2177.0	2130.03	125.0	5.23	3.97
PTHR13375	1121.0	1074.03	305.0	25.37	19.28
PTHR22967	5238.0	5097.09	3753.0	128.58	97.73
PTHR19858	4926.51	4832.57	2053.07	75.61	57.47
PTHR30222	2489.08	2442.11	237.0	8.64	6.57
PTHR13115	2019.07	1972.1	1500.04	67.77	51.51
PTHR13117	1603.0	1556.03	78.0	4.47	3.4
PTHR13285	2210.96	2163.99	295.0	12.14	9.23
PTHR13288	1360.0	1313.03	199.99	13.59	10.33
PTHR10953	15421.62	14998.88	4779.97	197.94	150.46
PTHR10954	1102.0	1055.03	63.0	5.34	4.06
PTHR21726	531.0	484.03	24.0	4.46	3.39
PTHR10956	872.98	779.07	22514.28	4264.64	3241.6
PTHR11538	1829.0	1782.03	1041.0	52.07	39.58
PTHR10826	902.0	855.03	958.89	100.33	76.26
PTHR11533	14157.09	13969.2	5872.83	146.04	111.0
PTHR11532	1954.0	1907.03	1672.65	78.16	59.41
PTHR10000	4204.79	4063.88	1294.0	76.45	58.11
PTHR13021	1320.0	1273.03	687.0	48.17	36.61
PTHR24006	21116.03	20317.57	8649.87	539.06	409.72
PTHR24003	26051.3	25487.65	86727.46	2303.86	1751.18
PTHR31446	2319.0	2225.06	1094.0	84.65	64.34
PTHR31190	2664.02	2570.08	3949.0	204.12	155.15
PTHR11441	1428.0	1381.03	617.0	39.86	30.3
PTHR11440	5107.79	4919.91	485.0	31.79	24.15
PTHR11999	8011.39	7823.5	7206.86	337.36	256.42
PTHR11998	6661.88	6474.0	4294.37	267.96	203.68
PTHR11449	475.0	428.03	28839.78	6068.58	4612.79
PTHR11994	1353.0	1259.06	28082.9	3696.52	2809.76
PTHR10133	10740.72	10505.87	12245.4	354.41	269.38
PTHR13620	5367.0	5132.15	4405.87	237.53	180.54
PTHR11847	739.0	692.03	23326.79	3020.64	2296.01
PTHR11843	848.0	801.03	30579.68	3417.01	2597.3
PTHR11661	1816.0	1722.06	28905.06	4127.79	3137.58
PTHR11662	23712.1	23054.49	11182.99	464.08	352.74
PTHR11669	3365.72	3271.77	772.0	42.7	32.46
PTHR11668	15352.51	14929.77	16910.9	871.81	662.68
PTHR20856	12013.0	11778.15	6923.46	160.76	122.2
PTHR20854	4019.0	3878.09	889.0	60.94	46.32
PTHR20855	7354.6	7166.77	2460.77	119.7	90.99
PTHR20852	2918.0	2777.1	14804.95	791.51	601.64
PTHR32404	1399.42	1352.45	269.0	17.75	13.49
PTHR20858	6032.16	5891.25	2526.0	81.55	62.0
PTHR14237	7364.44	7082.63	4038.03	191.39	145.46
PTHR10739	4083.0	3989.06	4737.0	243.67	185.22
PTHR23155	60326.5	58541.74	18391.43	924.06	702.43
PTHR23153	2052.75	1958.81	865.0	103.31	78.52
PTHR23151	7085.0	6615.35	6201.71	675.1	513.14
PTHR11063	4940.99	4847.04	10427.14	332.56	252.78
PTHR11062	10561.33	10279.5	4949.42	214.78	163.28
PTHR11061	4497.88	4310.0	1434.0	103.07	78.33
PTHR11065	5947.97	5807.06	5136.88	244.74	186.03
PTHR11064	3551.37	3410.46	1172.28	77.51	58.92
PTHR11260	9354.58	9072.74	1612.99	99.34	75.51
PTHR11264	1170.09	1123.12	237.0	18.85	14.33
PTHR11266	7310.0	7028.18	6186.0	486.31	369.66
PTHR31998	2948.81	2901.84	667.0	20.46	15.55
PTHR15838	689.0	642.03	106.0	14.8	11.25
PTHR32338	2593.86	2546.88	967.98	33.84	25.72
PTHR31407	5301.0	5113.12	1676.06	113.54	86.3
PTHR12363	7152.42	7011.51	1356.05	37.61	28.59
PTHR18952	3246.0	3152.06	1358.0	71.56	54.39
PTHR12765	1971.22	1877.28	754.0	72.72	55.27
PTHR12505	1458.62	1411.65	224.0	14.16	10.76
PTHR22604	3067.87	2973.92	765.0	48.31	36.73
PTHR21481	1507.0	1460.03	357.0	21.81	16.58
PTHR22778	2137.37	2043.42	192.0	18.98	14.42
PTHR19446	6111.8	5876.97	291.0	14.93	11.34
PTHR12219	1040.0	993.03	2241.48	201.74	153.35
PTHR13561	6136.42	5995.5	1238.0	32.91	25.02
PTHR13563	1944.26	1850.31	415.66	40.41	30.72
PTHR12210	1727.04	1633.09	642.81	58.33	44.33
PTHR12215	2011.0	1917.06	371.0	38.64	29.36
PTHR12214	1142.64	1095.67	267.0	21.77	16.55
PTHR22915	11893.05	11517.28	8373.0	533.3	405.37
PTHR22911	7752.19	7470.37	572.0	38.6	29.35
PTHR22912	8650.84	8415.98	9498.22	515.39	391.76
PTHR12183	1434.0	1387.03	189.0	12.16	9.24
PTHR19849	2561.0	2514.03	170.0	6.02	4.58
PTHR31783	5651.0	5557.06	988.92	35.42	26.92
PTHR22594	4683.0	4589.06	4839.08	192.84	146.58
PTHR11864	3249.0	3155.06	950.0	51.45	39.11
PTHR21152	4609.3	4515.36	2886.0	139.02	105.66
PTHR21021	1198.0	1104.06	100.0	17.45	13.27
PTHR30075	3602.0	3555.03	914.0	22.87	17.39
PTHR11632	2695.69	2648.71	8174.07	274.74	208.84
PTHR13102	2365.0	2318.03	1253.0	48.14	36.59
PTHR12984	1992.0	1945.03	343.0	15.71	11.94
PTHR11630	10256.75	9974.93	6892.13	366.49	278.57
PTHR11140	7459.0	7365.06	14131.41	282.65	214.84
PTHR13299	1518.0	1424.06	249.0	31.46	23.91
PTHR12652	3859.6	3765.65	6256.41	357.7	271.89
PTHR10925	3417.0	3370.03	4488.24	118.51	90.08
PTHR21737	3358.94	3218.02	1250.0	105.27	80.02
PTHR10920	6169.84	6028.93	4416.0	243.63	185.18
PTHR10585	2375.0	2281.06	3309.4	238.59	181.36
PTHR10584	21551.86	21035.19	8693.99	333.0	253.11
PTHR11528	5578.0	5437.09	9229.8	338.87	257.57
PTHR11527	4157.18	3969.31	4713.97	363.05	275.97
PTHR11525	1497.0	1403.06	614.0	78.29	59.52
PTHR10859	818.0	771.03	218.0	25.31	19.24
PTHR10589	4435.66	4341.72	2495.0	78.61	59.75
PTHR10588	2949.0	2808.09	932.0	70.78	53.8
PTHR13038	2180.94	2133.97	422.0	17.62	13.39
PTHR13748	11640.42	11264.65	12869.01	723.89	550.22
PTHR11223	8314.36	8173.45	5162.18	142.15	108.06
PTHR23109	936.0	889.03	200.0	20.12	15.29
PTHR24015	41639.1	40558.79	27939.46	1150.13	874.23
PTHR24012	17058.7	16307.21	26469.93	2063.25	1568.27
PTHR24011	30601.68	29474.41	42894.8	3132.37	2380.95
PTHR31187	5047.71	4953.76	9091.68	351.71	267.34
PTHR10548	1637.77	1590.79	1808.99	101.4	77.07
PTHR10459	11314.19	11032.36	2855.57	116.4	88.48
PTHR11453	5138.37	4997.45	2877.9	134.61	102.32
PTHR10108	38476.78	37067.67	10770.82	690.94	525.19
PTHR11986	9445.75	9116.94	10436.92	557.42	423.69
PTHR11455	7523.79	7195.01	1266.0	97.72	74.29
PTHR10102	3623.0	3576.03	3447.0	85.76	65.19
PTHR11458	1544.0	1497.03	2691.0	160.33	121.87
PTHR10106	1780.0	1733.03	1006.67	51.78	39.36
PTHR31057	2692.0	2598.06	181.0	12.24	9.3
PTHR21141	2754.71	2613.8	65333.93	8600.17	6537.08
PTHR11851	15699.79	15324.03	10771.62	558.45	424.5
PTHR23092	1348.0	1301.03	111.0	7.61	5.79
PTHR23091	14769.81	14112.22	4219.02	304.37	231.35
PTHR11673	941.0	894.03	16335.75	1634.22	1242.19
PTHR11670	4122.0	4028.06	12836.03	519.93	395.2
PTHR11671	1243.0	1196.03	1019.0	76.07	57.82
PTHR20863	2924.0	2736.12	7916.74	812.46	617.56
PTHR20861	1538.0	1491.03	1102.02	65.92	50.11
PTHR11679	2585.65	2538.67	512.0	17.96	13.65
PTHR14009	3110.0	3063.03	4092.9	118.92	90.39
PTHR10217	6284.0	6096.12	489.0	14.9	11.33
PTHR14005	4695.0	4648.03	5491.51	105.07	79.87
PTHR10210	3871.43	3777.48	6189.59	293.38	223.0
PTHR31522	1791.0	1744.03	1031.57	52.72	40.08
PTHR14221	1800.0	1753.03	782.67	39.8	30.25
PTHR23163	858.0	811.03	388.0	42.82	32.55
PTHR11079	6061.98	5827.12	7415.75	423.13	321.63
PTHR11076	12029.0	11418.39	612.95	52.53	39.94
PTHR11070	3772.8	3678.86	262.0	10.26	7.8
PTHR11071	18989.4	18190.91	8840.38	1012.7	769.75
PTHR11278	803.0	756.03	19874.41	2354.02	1789.31
PTHR11276	1021.0	974.03	15.0	1.38	1.05
PTHR11274	2912.0	2818.06	1770.0	109.19	83.0
PTHR31984	4643.56	4502.65	4644.99	223.58	169.95
PTHR16201	2604.34	2557.36	625.0	21.76	16.54
PTHR15350	3448.0	3354.06	3440.76	186.44	141.72
PTHR15606	3304.63	3210.69	657.0	36.81	27.98
PTHR12374	2029.0	1935.06	328.0	34.12	25.93
PTHR12375	1053.0	1006.03	281.0	24.96	18.97
PTHR12378	2068.0	1974.06	235.0	20.69	15.73
PTHR20961	18275.19	17758.51	5690.08	285.74	217.21
PTHR18929	13675.92	13112.27	13646.2	828.56	629.81
PTHR30535	1030.79	983.83	88.0	7.99	6.08
PTHR12777	681.0	634.03	1482.0	209.62	159.34
PTHR12775	1330.09	1283.12	908.98	63.23	48.06
PTHR20981	628.0	581.03	23623.23	3649.28	2773.85
PTHR16092	2092.71	1998.77	218.0	19.69	14.98
PTHR12406	6228.17	5993.34	2438.0	165.03	125.45
PTHR19211	14594.32	14124.64	159023.43	4526.43	3440.59
PTHR22298	11674.1	11439.25	5177.24	170.3	129.43
PTHR12174	5683.0	5542.09	2052.0	96.83	73.6
PTHR12175	2193.01	2099.05	928.0	78.03	59.31
PTHR12176	3185.19	3091.25	262.0	14.34	10.9
PTHR22769	7219.38	6984.53	2267.55	165.19	125.56
PTHR22767	3804.79	3663.88	1154.0	97.71	74.27
PTHR22765	2079.53	1985.58	1372.0	124.38	94.54
PTHR22762	10887.2	10652.35	3446.02	125.37	95.3
PTHR22763	2674.0	2580.06	787.0	47.46	36.08
PTHR22761	4199.0	4011.12	4292.83	299.1	227.34
PTHR21231	4831.0	4690.09	1558.0	115.64	87.9
PTHR21230	1432.46	1385.49	360.97	23.24	17.67
PTHR21234	1646.0	1599.03	902.0	50.3	38.23
PTHR21237	1050.0	1003.03	448.0	39.92	30.34
PTHR12202	2152.0	2058.06	1890.0	158.22	120.27
PTHR12203	12184.34	11902.52	2333.19	92.17	70.08
PTHR19857	1466.0	1419.03	981.0	61.67	46.88
PTHR13355	1599.0	1552.03	367.0	21.09	16.03
PTHR19855	3948.0	3854.06	1038.0	56.02	42.58
PTHR13353	3113.65	3019.7	367.0	23.69	18.01
PTHR12197	10842.63	10279.03	4487.0	246.17	187.12
PTHR13822	1125.0	1078.03	3654.01	302.8	230.16
PTHR21649	11144.05	10486.52	170659.03	17052.43	12961.74
PTHR32442	1366.0	1319.03	380.0	25.71	19.54
PTHR13138	2294.0	2200.06	394.02	32.53	24.73
PTHR10732	689.0	642.03	15656.06	2186.66	1662.1
PTHR10738	4034.0	3987.03	2064.0	46.05	35.0
PTHR12992	1244.0	1197.03	87.0	6.49	4.93
PTHR22838	4734.06	4546.18	1037.0	74.43	56.59
PTHR22836	2230.0	2183.03	286.0	11.67	8.87
PTHR10693	411.0	364.04	42.0	10.41	7.92
PTHR32379	1365.0	1318.03	425.98	28.84	21.92
PTHR10938	2616.0	2522.06	2035.0	150.13	114.12
PTHR10934	861.0	814.03	20045.16	2203.84	1675.16
PTHR11510	2196.0	2149.03	10195.96	422.62	321.24
PTHR11516	5376.0	5235.09	6116.23	344.67	261.98
PTHR10025	2751.0	2610.09	2380.87	152.94	116.25
PTHR10026	6276.25	5994.42	1572.89	120.53	91.63
PTHR10027	2390.0	2343.03	266.0	10.11	7.68
PTHR13009	3579.11	3391.22	442.0	49.23	37.42
PTHR13007	1812.66	1765.68	1083.0	54.67	41.56
PTHR30115	937.0	890.03	1214.0	122.0	92.73
PTHR11863	3121.0	2980.09	1706.0	127.9	97.21
PTHR17901	798.0	751.03	102.0	12.16	9.24
PTHR24351	6976.69	6741.84	9824.82	721.34	548.29
PTHR20982	1290.0	1243.03	398.0	28.58	21.73
PTHR24352	3401.08	3307.15	1058.0	49.99	38.0
PTHR11467	602.0	555.03	1356.13	219.41	166.77
PTHR10119	2365.0	2318.03	2241.0	86.1	65.44
PTHR10343	3532.0	3485.03	2048.12	52.29	39.75
PTHR10110	6635.64	6447.74	1030.0	55.96	42.54
PTHR11469	2637.41	2590.44	2463.0	84.65	64.35
PTHR10445	1222.0	1175.03	228.0	17.33	13.17
PTHR10598	993.0	946.03	76.0	7.18	5.46
PTHR24286	4290.88	4149.97	5381.06	354.86	269.73
PTHR23429	1988.0	1941.03	307.0	14.09	10.71
PTHR23426	2118.16	2024.22	2950.85	259.97	197.61
PTHR10593	3263.0	3169.06	4647.38	258.96	196.85
