GeneFamily	length	effective_length	expected_count	TPM	FPKM
PTHR11649	9882.02	9578.41	35.0	16.26	30.76
PTHR31089	3599.0	3561.05	5.0	1.04	1.96
PTHR31085	404.0	366.06	1.0	2.06	3.89
PTHR11647	4046.0	3970.1	2.0	0.75	1.42
PTHR11645	3228.0	3190.05	6.0	1.39	2.63
PTHR10209	3168.0	3092.1	4.0	2.11	3.98
PTHR32429	4034.0	3958.1	1221.0	488.21	923.37
PTHR31423	806.0	768.05	2.0	1.94	3.67
PTHR31551	750.0	712.05	2.0	2.09	3.96
PTHR32195	973.0	897.12	0.0	0.0	0.0
PTHR11081	3279.0	3127.21	1.0	0.79	1.5
PTHR11080	2648.37	2572.47	9.0	4.64	8.78
PTHR11082	10543.0	10239.42	8.89	4.85	9.15
PTHR11085	3218.0	3104.15	1.0	0.35	0.66
PTHR13501	1760.0	1722.05	2.0	0.86	1.63
PTHR11089	10557.62	10178.13	53.0	31.13	58.86
PTHR12271	3399.0	3247.21	2.0	0.97	1.84
PTHR32518	3536.0	3498.05	9.0	1.9	3.6
PTHR11247	2026.5	1950.6	8.0	4.5	8.52
PTHR11246	10516.0	10364.2	35.0	9.4	17.77
PTHR32512	1450.0	1412.05	0.0	0.0	0.0
PTHR23088	4460.0	4308.2	19.0	10.9	20.62
PTHR23089	2380.0	2266.15	5.0	4.98	9.42
PTHR23081	5595.0	5519.1	6.0	1.45	2.73
PTHR23083	37337.29	36312.7	81.0	28.48	53.85
PTHR23084	5523.0	5295.3	13.0	9.52	17.99
PTHR23086	4242.25	4090.45	2.0	1.31	2.48
PTHR18806	1087.27	1049.32	5.0	3.54	6.7
PTHR11880	2225.0	2149.1	207.0	268.18	507.21
PTHR31953	3794.85	3681.0	11.0	3.65	6.9
PTHR15184	9645.0	9417.3	131.01	41.46	78.42
PTHR11885	1409.0	1333.1	2474.39	3321.46	6281.97
PTHR15341	780.0	742.05	0.0	0.0	0.0
PTHR32357	929.5	853.62	0.0	0.0	0.0
PTHR12696	4806.0	4768.05	27.0	4.18	7.91
PTHR12341	5365.5	5175.76	18.0	8.6	16.27
PTHR10168	7263.0	7111.2	107.39	27.19	51.42
PTHR15160	11188.36	10998.6	58.0	19.11	36.1
PTHR18937	22312.56	21971.0	72.0	20.54	38.85
PTHR18934	14333.08	13801.83	419.0	112.09	211.99
PTHR12742	3891.0	3777.15	8.0	3.47	6.57
PTHR12741	3673.0	3597.1	14.0	5.78	10.93
PTHR19288	7464.37	7274.62	51.0	16.77	31.71
PTHR13902	7046.0	6932.15	39.07	10.85	20.52
PTHR13903	1921.0	1845.1	7.0	5.7	10.78
PTHR22753	4558.0	4444.15	3.0	0.85	1.6
PTHR30615	1584.0	1470.15	2.0	3.06	5.79
PTHR21220	935.0	859.1	0.0	0.0	0.0
PTHR22938	5311.5	5235.6	12.0	3.43	6.48
PTHR16266	7223.0	7033.26	3.0	1.04	1.97
PTHR30612	3468.47	3392.56	53.88	14.35	27.15
PTHR22932	623.0	585.05	2.0	2.56	4.83
PTHR21228	54147.95	52402.35	85.0	28.79	54.48
PTHR31038	981.0	943.05	4.0	3.16	5.97
PTHR13832	42546.27	41635.5	144.0	47.42	89.71
PTHR21139	2424.0	2386.05	7.0	2.17	4.11
PTHR21136	2700.0	2624.1	10.0	4.82	9.13
PTHR12526	34689.52	34044.4	203.99	53.54	101.27
PTHR13120	2209.0	2171.05	7.0	2.39	4.51
PTHR22809	1835.0	1683.23	0.0	0.0	0.0
PTHR22807	8692.46	8426.85	50.0	42.7	80.78
PTHR20661	2040.0	1964.1	3.0	3.09	5.84
PTHR10900	14894.5	14515.02	57.0	24.72	46.75
PTHR10906	2232.0	2194.05	2.0	0.67	1.28
PTHR10909	17785.44	17481.84	162.33	41.49	78.47
PTHR10055	4483.0	4369.15	45.0	17.15	32.45
PTHR10057	2153.0	2077.1	4.0	3.09	5.85
PTHR10052	394.0	356.06	1112.46	2354.47	4453.08
PTHR13017	1207.0	1169.05	0.0	0.0	0.0
PTHR13018	20413.36	20033.85	39.0	8.93	16.92
PTHR10694	7828.0	7524.41	11.0	7.05	13.34
PTHR12839	1771.0	1657.16	1.0	0.94	1.78
PTHR12835	2330.0	2254.1	1.0	1.79	3.39
PTHR24031	62916.09	60601.49	4578.14	1964.87	3716.19
PTHR24032	676.0	638.05	0.0	0.0	0.0
PTHR11922	4520.0	4406.15	41.0	11.96	22.63
PTHR24349	72957.19	71325.37	268.0	82.06	155.22
PTHR24619	5677.0	5335.52	1.0	0.66	1.25
PTHR24343	22408.96	21801.79	117.98	65.07	123.06
PTHR11472	4916.74	4651.09	9.0	11.15	21.05
PTHR11476	5164.0	5050.15	15.0	4.73	8.95
PTHR11477	2997.0	2921.1	8.0	4.23	8.0
PTHR24305	2605.0	2415.25	3.0	4.77	9.01
PTHR10476	5599.0	5447.2	49.0	28.31	53.53
PTHR24290	2182.0	2106.11	6.0	4.32	8.16
PTHR23413	879.27	803.42	8813.68	25610.27	48437.38
PTHR23417	4101.83	3950.03	3.0	1.52	2.88
PTHR23416	3627.0	3551.1	7.0	2.5	4.74
PTHR23415	1476.0	1438.05	5.0	2.58	4.88
PTHR10871	4157.0	4005.2	1105.0	794.04	1501.79
PTHR23418	716.0	678.05	3.0	3.3	6.24
PTHR10877	29913.0	29305.97	30.0	8.46	16.01
PTHR11879	5089.0	4975.15	34.0	13.24	25.04
PTHR10430	2624.0	2548.1	23.0	18.0	34.05
PTHR31724	5603.0	5451.2	3.0	1.96	3.7
PTHR31098	6927.19	6813.34	415.0	63.72	120.5
PTHR11655	2949.0	2835.18	1351.28	2431.6	4598.94
PTHR11652	693.0	655.05	1.0	1.14	2.16
PTHR10436	7892.0	7398.69	7.0	6.98	13.21
PTHR20883	1484.6	1446.72	0.0	0.0	0.0
PTHR11895	4191.0	3963.31	3.0	2.4	4.54
PTHR10277	1578.0	1540.05	4.0	1.93	3.64
PTHR14027	3090.0	2976.16	1.0	0.56	1.05
PTHR13691	966.0	890.11	53.0	121.2	229.22
PTHR23180	16654.0	16350.41	23.0	4.68	8.86
PTHR14593	2694.03	2580.19	8.0	5.85	11.06
PTHR11093	1857.56	1781.66	65.0	42.29	79.99
PTHR11096	2483.0	2369.15	6.0	3.72	7.03
PTHR23346	4886.61	4734.83	6.0	4.61	8.69
PTHR11099	1018.32	980.37	3.0	2.28	4.3
PTHR10309	3074.0	3036.05	3.0	0.73	1.38
PTHR14107	1941.0	1903.05	3.0	1.17	2.21
PTHR11252	1957.0	1881.1	1.0	0.89	1.69
PTHR11254	26150.76	25695.35	57.0	15.29	28.91
PTHR11255	1071.75	1033.8	2.0	1.44	2.72
PTHR14110	7148.0	6996.2	41.0	15.76	29.81
PTHR14374	853.0	815.05	0.0	0.0	0.0
PTHR18838	712.0	674.05	1.0	1.11	2.09
PTHR12687	941.0	865.13	0.0	0.0	0.0
PTHR15157	4129.0	3939.29	6.0	1.78	3.37
PTHR18901	6589.0	6361.33	13.0	6.32	11.94
PTHR12755	3671.0	3557.15	3.0	1.3	2.46
PTHR12750	5749.0	5711.05	22.0	2.85	5.38
PTHR12753	1909.0	1871.05	2.0	0.79	1.5
PTHR15081	2439.0	2401.05	11.0	3.39	6.41
PTHR15574	6692.0	6426.36	10.0	8.38	15.86
PTHR12506	2391.0	2353.05	1.0	0.31	0.59
PTHR23109	614.0	576.05	1.0	1.3	2.45
PTHR13931	7166.0	7014.2	40.0	10.87	20.57
PTHR24006	26188.7	25315.91	72.0	25.24	47.71
PTHR12358	4587.0	4511.1	12.0	4.08	7.7
PTHR22748	3420.0	3344.1	3.0	1.02	1.93
PTHR12356	4848.0	4734.15	18.0	7.01	13.26
PTHR12221	2281.0	2167.17	6.0	3.39	6.41
PTHR21213	1425.0	1387.05	4.0	2.14	4.05
PTHR19879	1498.13	1384.39	2.0	3.46	6.55
PTHR12226	1589.0	1513.1	2.0	2.09	3.95
PTHR19876	4088.27	4012.37	19.0	6.79	12.84
PTHR19877	9874.14	9798.24	54.0	8.65	16.36
PTHR21689	3135.4	3059.5	6.0	2.83	5.35
PTHR31190	4402.0	4288.18	4.0	0.91	1.72
PTHR13803	11598.0	11446.2	871.0	145.99	276.13
PTHR19980	3253.0	3177.1	3.0	1.39	2.63
PTHR12537	2959.94	2884.04	50.11	26.78	50.64
PTHR12532	1731.0	1693.05	0.0	0.0	0.0
PTHR13486	1181.0	1143.05	2.0	1.3	2.46
PTHR13489	1273.0	1235.05	0.0	0.0	0.0
PTHR17583	2484.0	2294.27	2.0	2.51	4.75
PTHR24198	29929.0	29018.27	75.0	39.61	74.95
PTHR10048	5931.0	5741.25	7.0	4.52	8.53
PTHR24193	15204.77	14787.52	42.0	25.81	48.8
PTHR10044	1904.2	1790.37	4.0	3.18	6.01
PTHR11998	8283.0	8169.15	31.01	9.25	17.51
PTHR13060	2104.0	2066.05	2.0	0.72	1.36
PTHR10687	1962.0	1924.05	14.0	5.39	10.19
PTHR10681	22021.34	21527.99	136.0	54.68	103.41
PTHR10682	4239.0	4201.05	10.06	1.77	3.35
PTHR10683	3506.0	3430.1	3.0	1.38	2.62
PTHR12829	2436.0	2322.2	0.0	0.0	0.0
PTHR12820	6657.31	6619.35	24.0	2.68	5.06
PTHR12826	826.0	788.05	10.0	9.45	17.88
PTHR12827	1190.0	1076.18	0.0	0.0	0.0
PTHR17920	1281.0	1205.1	0.0	0.0	0.0
PTHR11405	9995.0	9843.2	349.57	69.07	130.64
PTHR11404	4482.82	4331.02	31.0	16.58	31.35
PTHR11406	3481.0	3405.1	111.0	40.53	76.65
PTHR14744	1086.0	1048.05	0.0	0.0	0.0
PTHR13468	1399.18	1361.23	3.0	1.64	3.09
PTHR23406	12619.5	12353.89	32.0	8.07	15.27
PTHR23407	830.0	792.05	0.0	0.0	0.0
PTHR10869	19093.33	18751.77	265.52	41.5	78.49
PTHR31717	9654.0	9502.2	28.0	7.68	14.53
PTHR13393	2568.0	2530.05	8.0	2.34	4.42
PTHR15169	930.0	854.1	0.0	0.0	0.0
PTHR11315	5014.0	4938.1	98.0	29.32	55.45
PTHR10139	1748.0	1634.16	0.0	0.0	0.0
PTHR10264	1671.0	1595.1	2.0	3.01	5.69
PTHR10263	5318.0	5242.1	20.0	5.11	9.65
PTHR31407	5165.0	5051.15	5.0	1.81	3.42
PTHR32170	1633.0	1557.1	0.0	0.0	0.0
PTHR23350	4165.0	4051.17	9.0	2.09	3.96
PTHR23354	3745.0	3631.15	1.0	0.65	1.22
PTHR23355	7822.93	7443.46	10.0	6.99	13.21
PTHR23359	10040.74	9661.24	86.0	51.94	98.27
PTHR11227	2669.0	2631.05	7.0	1.97	3.72
PTHR11220	10739.27	10549.52	49.0	16.78	31.72
PTHR11223	1047.0	971.11	1.0	1.67	3.17
PTHR11229	2439.0	2363.1	4.0	2.74	5.18
PTHR10314	18394.17	17862.92	404.43	113.18	214.06
PTHR14303	3093.0	3055.05	3.0	0.73	1.37
PTHR14085	741.0	703.05	1.0	1.06	2.01
PTHR11139	19110.01	18313.16	78.0	35.4	66.97
PTHR15362	4004.0	3928.1	11.0	5.58	10.56
PTHR11132	32145.09	31310.22	48.01	22.46	42.46
PTHR11134	3758.0	3720.05	48.0	9.54	18.04
PTHR11136	1373.0	1335.05	0.0	0.0	0.0
PTHR32374	4107.1	3955.3	73.0	60.05	113.57
PTHR31579	19396.32	19016.85	121.0	29.89	56.56
PTHR32379	2271.0	2195.1	0.0	0.0	0.0
PTHR18919	6747.54	6633.69	102.0	30.01	56.75
PTHR32002	5913.0	5761.2	9.0	3.11	5.89
PTHR14413	5120.75	5044.85	33.99	15.28	28.9
PTHR14089	4427.0	4313.15	11.0	3.13	5.91
PTHR22893	6440.0	6364.1	14.0	3.12	5.91
PTHR24067	18093.23	17637.82	104.0	52.62	99.57
PTHR10072	2019.0	1981.05	9.0	3.36	6.36
PTHR12786	2980.0	2942.05	14.98	3.76	7.12
PTHR12782	572.0	534.05	0.0	0.0	0.0
PTHR11742	2751.0	2637.17	1.0	0.42	0.8
PTHR11216	3342.0	3266.1	8.0	2.46	4.66
PTHR13923	4762.07	4724.12	1.0	0.16	0.3
PTHR11210	1428.0	1390.05	10.0	5.34	10.09
PTHR12321	1969.0	1931.05	13.0	4.99	9.43
PTHR12320	12295.0	11991.4	61.0	22.84	43.2
PTHR12323	1449.0	1411.05	1.0	0.53	0.99
PTHR16201	924.92	886.97	4.0	3.36	6.35
PTHR21015	1752.0	1676.1	2.0	1.5	2.84
PTHR16196	4046.0	3970.1	11.0	3.42	6.47
PTHR16193	1432.0	1356.1	2.0	2.52	4.78
PTHR22792	7382.0	7230.21	29.0	5.56	10.52
PTHR22790	3027.5	2913.66	1.0	0.62	1.16
PTHR21680	1078.0	1040.05	2.0	1.43	2.7
PTHR10343	3606.98	3531.07	7.0	2.42	4.58
PTHR21113	1739.0	1663.11	2.0	4.14	7.83
PTHR19316	1514.0	1476.05	3.0	1.51	2.85
PTHR21663	896.0	820.13	0.0	0.0	0.0
PTHR13253	9986.82	9683.21	26.0	17.6	33.27
PTHR12446	712.0	674.05	0.0	0.0	0.0
PTHR21206	1008.0	970.05	1.0	0.77	1.45
PTHR13789	23767.5	23236.2	101.95	26.13	49.45
PTHR10071	25265.23	24847.78	174.0	41.14	77.83
PTHR24188	10598.51	10294.93	35.0	16.87	31.91
PTHR13780	6265.5	6113.7	53.0	15.2	28.75
PTHR10670	4645.0	4341.44	6.0	9.5	17.96
PTHR10677	4776.0	4700.1	22.0	4.35	8.23
PTHR13078	6677.63	6525.88	21.0	14.61	27.64
PTHR12815	4462.0	4386.1	2.0	0.67	1.27
PTHR12814	1442.0	1366.1	0.0	0.0	0.0
PTHR24361	20569.0	20227.49	99.0	20.16	38.13
PTHR24362	36131.08	35334.16	121.0	43.94	83.11
PTHR10416	2045.0	2007.05	1.0	0.37	0.7
PTHR10410	6425.0	6311.15	64.0	19.62	37.09
PTHR10783	12831.89	12528.31	37.17	17.1	32.35
PTHR10782	985.0	947.05	0.0	0.0	0.0
PTHR13476	3329.31	3253.41	16.0	9.16	17.33
PTHR10788	8067.2	7953.35	55.0	14.67	27.74
PTHR10891	56625.91	55183.81	158.0	69.1	130.68
PTHR10890	1844.52	1806.57	4.0	1.64	3.1
PTHR20426	1114.0	1076.05	5.0	3.45	6.53
PTHR23213	12634.5	12255.02	18.0	8.61	16.28
PTHR10520	7010.96	6859.16	74.32	21.62	40.9
PTHR10250	1635.0	1597.05	6.0	2.78	5.27
PTHR10527	16709.15	16405.56	74.0	13.62	25.75
PTHR31384	3414.0	3376.05	7.0	1.53	2.9
PTHR31385	4107.0	4031.1	14.0	3.94	7.44
PTHR10091	1482.0	1444.05	5.0	2.57	4.86
PTHR31142	1594.0	1556.05	5.0	2.38	4.51
PTHR31140	2515.0	2477.05	9.0	2.69	5.08
PTHR11787	5056.0	5018.05	37.0	5.45	10.3
PTHR11785	10198.5	9932.89	4.0	0.9	1.7
PTHR11782	9257.5	9067.77	13.0	1.65	3.12
PTHR31419	1613.67	1461.98	1.0	1.55	2.92
PTHR11780	3793.0	3717.1	249.99	71.84	135.86
PTHR32148	10042.0	9738.41	448.0	600.66	1136.05
PTHR23324	9656.99	9505.19	23.0	6.47	12.23
PTHR23327	3699.0	3623.1	9.0	3.04	5.74
PTHR23326	5044.0	4930.15	7.0	4.28	8.09
PTHR23321	4322.75	4170.97	92.0	46.76	88.44
PTHR23323	5434.0	5130.42	8.0	8.4	15.9
PTHR23322	2635.0	2483.22	3.0	2.71	5.12
PTHR23329	1121.0	1083.05	1.0	0.69	1.3
PTHR11236	7015.5	6825.78	9.0	3.57	6.76
PTHR20932	2351.0	2313.05	2.0	0.64	1.21
PTHR10322	8695.53	8391.97	36.76	19.04	36.02
PTHR11239	1765.0	1689.1	1.0	0.7	1.32
PTHR10803	4954.29	4840.44	41.0	23.11	43.71
PTHR31964	10594.0	10404.25	127.0	59.52	112.56
PTHR10552	1059.0	1021.05	3.0	2.18	4.13
PTHR23030	3228.0	3190.05	4.0	0.93	1.75
PTHR11129	3186.0	3072.15	7.0	3.94	7.46
PTHR15316	3965.0	3813.2	6.0	3.42	6.47
PTHR11127	1073.0	997.11	334.0	518.93	981.47
PTHR11125	2047.44	1933.59	6.0	6.02	11.4
PTHR31566	547.0	509.05	0.0	0.0	0.0
PTHR31567	1662.0	1624.05	10.14	4.63	8.75
PTHR31561	4391.22	4315.32	24.0	7.15	13.53
PTHR15137	2494.0	2380.15	2.0	1.32	2.5
PTHR14950	413.0	375.05	0.0	0.0	0.0
PTHR15954	1842.5	1766.6	0.0	0.0	0.0
PTHR15952	2757.0	2681.1	1.0	0.37	0.7
PTHR21319	7145.33	7031.48	9.0	2.16	4.07
PTHR21597	2221.0	2107.15	1.0	1.14	2.17
PTHR19271	1076.0	1000.11	11.0	12.85	24.31
PTHR22931	8238.4	7820.97	494.53	408.47	772.53
PTHR12022	1317.0	1279.05	22.0	12.77	24.14
PTHR13343	7185.0	7071.15	28.0	6.23	11.77
PTHR12233	988.0	950.05	7.0	5.48	10.36
PTHR12029	6256.24	5914.79	7.0	5.45	10.31
PTHR22936	8683.33	8417.68	9.0	3.54	6.69
PTHR22780	8413.6	8261.8	45.64	13.58	25.68
PTHR21477	3490.0	3414.1	10.0	4.64	8.78
PTHR19308	3433.0	3357.1	99.74	27.04	51.14
PTHR22870	22003.59	21282.6	36.0	13.25	25.04
PTHR17630	10912.0	10684.3	44.0	14.16	26.78
PTHR10064	601.0	563.05	668.0	887.33	1678.24
PTHR10066	4978.0	4788.26	6.0	4.01	7.58
PTHR10060	3005.42	2891.66	7.0	5.05	9.56
PTHR10663	11591.38	11211.87	19.0	9.3	17.59
PTHR10666	711.0	673.05	2103.98	2332.91	4412.29
PTHR10668	10059.0	9679.54	12.0	7.42	14.05
PTHR12265	936.0	860.1	0.0	0.0	0.0
PTHR12801	7062.91	6911.11	35.0	5.58	10.54
PTHR12802	4198.0	3970.35	7.0	5.97	11.28
PTHR12805	1417.0	1379.05	2.0	1.08	2.03
PTHR12806	1069.45	1031.5	3.0	2.16	4.09
PTHR21091	14307.37	14003.78	118.98	27.62	52.22
PTHR21090	5469.0	5393.1	117.67	30.66	57.99
PTHR24314	3530.0	3454.1	5.97	2.87	5.43
PTHR11933	825.0	787.05	1.0	0.95	1.79
PTHR24316	13448.0	13030.55	90.7	35.0	66.21
PTHR11426	4870.74	4756.89	113.0	65.17	123.26
PTHR11937	8478.32	8288.57	14.0	7.11	13.44
PTHR11938	14414.0	14300.15	426.93	40.89	77.35
PTHR13683	948.0	910.05	2.0	1.64	3.09
PTHR24089	58087.74	56607.75	679.96	243.08	459.74
PTHR10796	12363.0	12021.48	32.0	12.2	23.07
PTHR10794	5576.0	5424.21	9.0	5.55	10.49
PTHR10795	35879.82	35120.9	91.99	19.54	36.96
PTHR10792	1033.0	957.11	193.0	247.24	467.61
PTHR10799	53506.16	51419.12	275.13	111.99	211.77
PTHR10882	1079.0	1041.05	0.0	0.0	0.0
PTHR10887	26524.15	25461.62	73.17	38.43	72.69
PTHR11686	1325.0	1287.05	2.0	1.15	2.18
PTHR11685	7254.0	7102.2	17.0	6.73	12.73
PTHR11680	5512.32	5398.47	362.35	120.99	228.84
PTHR24221	11633.35	11215.96	63.21	23.97	45.33
PTHR24220	5613.33	5499.47	23.16	9.33	17.65
PTHR24223	13276.0	12593.01	10.0	9.52	17.99
PTHR11689	17597.0	17293.44	65.0	11.48	21.73
PTHR10252	1783.0	1707.1	3.0	2.84	5.38
PTHR10537	566.0	528.05	0.0	0.0	0.0
PTHR13124	2770.0	2694.1	3.0	1.39	2.63
PTHR31173	2525.0	2449.1	3.0	1.44	2.73
PTHR12538	603.0	565.05	301.0	398.4	753.5
PTHR10997	12812.0	12470.45	16.0	7.31	13.84
PTHR10098	1479.0	1441.05	1.0	0.51	0.97
PTHR31356	7720.44	7530.69	72.0	34.64	65.5
PTHR31352	9023.0	8909.15	71.94	17.45	32.99
PTHR31350	4175.0	3985.27	4.0	2.64	4.99
PTHR11758	675.0	637.05	220.0	257.89	487.75
PTHR23333	2749.0	2673.1	7.0	3.55	6.71
PTHR11751	8334.72	8107.02	41.84	20.39	38.55
PTHR11753	3010.88	2934.98	17.0	9.35	17.68
PTHR11200	14158.0	13778.51	39.0	13.97	26.44
PTHR11206	24550.0	23942.82	37.0	12.19	23.05
PTHR11757	14059.0	13793.36	23.0	6.51	12.32
PTHR23339	11781.8	11516.17	40.0	6.69	12.64
PTHR10332	6434.0	6282.2	8.0	2.68	5.07
PTHR32557	4341.0	4303.05	34.99	6.01	11.36
PTHR14145	4972.0	4896.1	6.0	1.65	3.13
PTHR17695	2161.0	1971.27	0.0	0.0	0.0
PTHR13600	2280.0	2242.05	1.0	0.33	0.62
PTHR15744	954.0	916.05	0.0	0.0	0.0
PTHR23029	14178.03	13836.5	63.0	15.08	28.5
PTHR23023	9917.98	9462.6	5.0	4.16	7.86
PTHR21294	1282.0	1244.05	1.0	0.6	1.13
PTHR11119	5706.0	5630.1	2.0	0.55	1.03
PTHR12841	1664.18	1626.23	12.0	5.47	10.34
PTHR31595	9385.5	9081.91	21.0	8.86	16.75
PTHR31596	1176.0	1100.17	0.0	0.0	0.0
PTHR15948	1314.0	1238.1	1.0	1.69	3.2
PTHR31412	5275.0	5199.1	8.0	1.97	3.73
PTHR32026	4829.15	4753.25	27.0	8.83	16.7
PTHR22939	21095.66	20526.46	36.0	14.4	27.26
PTHR31829	1193.0	1155.05	299.0	192.26	363.62
PTHR30191	3723.0	3685.05	125.0	25.07	47.42
PTHR14898	3160.0	3084.1	2.0	1.01	1.9
PTHR19241	42336.81	41008.8	234.0	53.11	100.41
PTHR14894	3339.0	3301.05	5.0	1.12	2.12
PTHR15239	2411.58	2259.83	3.0	1.73	3.26
PTHR19854	4005.49	3815.74	6.0	2.58	4.87
PTHR32497	4010.0	3934.1	2.0	0.72	1.36
PTHR12304	1687.44	1611.54	8.0	6.2	11.74
PTHR30540	5407.05	5369.1	26.0	3.58	6.76
PTHR30544	7234.89	7083.1	32.02	9.03	17.07
PTHR13302	2124.0	2010.2	1.0	3.0	5.68
PTHR12472	428.0	390.05	0.0	0.0	0.0
PTHR13308	2405.0	2291.15	1.0	0.66	1.24
PTHR12477	1161.0	1123.05	0.0	0.0	0.0
PTHR13878	4538.0	4424.15	2.0	0.73	1.37
PTHR21461	995.5	957.55	0.0	0.0	0.0
PTHR13872	856.0	780.11	133.0	231.31	437.48
PTHR22849	22295.21	21763.93	36.0	11.21	21.2
PTHR21314	3084.33	3008.43	5.0	2.42	4.57
PTHR21649	12303.37	11848.07	1262.54	2586.05	4891.02
PTHR22841	6801.0	6649.21	12.0	3.0	5.68
PTHR22847	67733.87	65684.74	88.0	54.88	103.78
PTHR22846	2088.0	2012.1	1.0	1.03	1.95
PTHR22844	16147.0	15767.5	21.0	7.21	13.63
PTHR31606	927.0	889.05	3.0	2.51	4.75
PTHR23284	1435.0	1397.05	6.0	3.19	6.03
PTHR21266	11914.0	11572.5	11.0	2.73	5.17
PTHR12277	2305.0	2229.1	3.0	2.1	3.96
PTHR12276	1737.0	1699.05	2.0	0.87	1.65
PTHR10657	6740.55	6664.65	23.0	4.12	7.79
PTHR16557	1875.0	1799.1	1.0	0.53	1.0
PTHR10655	1480.0	1442.05	3.0	1.54	2.92
PTHR10652	1062.0	1024.05	1.0	0.73	1.37
PTHR17972	2278.0	2126.21	0.0	0.0	0.0
PTHR21085	1447.0	1409.05	6.0	3.16	5.97
PTHR10438	21645.0	21189.6	239.0	103.74	196.23
PTHR11926	3041.0	3003.05	5.0	1.23	2.33
PTHR11431	2527.0	2489.05	161.11	47.89	90.58
PTHR10434	2098.0	2022.1	3.0	2.28	4.31
PTHR24096	8058.59	7906.79	42.0	14.73	27.85
PTHR13693	5853.0	5663.28	22.0	8.68	16.42
PTHR24095	4613.89	4424.15	81.25	33.47	63.3
PTHR24092	5142.01	5028.16	31.01	7.63	14.43
PTHR24093	45756.67	44618.23	627.66	113.93	215.47
PTHR13451	1399.0	1323.14	0.0	0.0	0.0
PTHR13452	1064.0	988.1	1.0	1.55	2.92
PTHR10759	923.0	847.13	257.0	376.65	712.35
PTHR12901	1256.0	1218.05	6.0	3.66	6.92
PTHR12903	3250.0	3174.1	26.0	8.12	15.35
PTHR13992	965.5	889.76	1.0	1.28	2.43
PTHR23237	759.0	721.05	5.0	5.17	9.78
PTHR10501	4761.0	4685.1	18.0	5.51	10.43
PTHR31169	1263.0	1225.05	1.0	0.61	1.15
PTHR11122	1044.47	1006.52	5.0	3.69	6.98
PTHR14087	679.0	641.05	0.0	0.0	0.0
PTHR23309	1536.0	1498.05	2.0	0.99	1.87
PTHR23308	3114.0	2924.28	5.0	5.59	10.58
PTHR31344	379.0	341.06	0.0	0.0	0.0
PTHR31619	3517.0	3479.05	39.22	8.33	15.76
PTHR23306	2710.0	2634.1	9.0	4.98	9.42
PTHR23305	2264.0	2112.22	1.0	0.86	1.62
PTHR11748	16921.0	16617.4	84.23	19.94	37.71
PTHR11214	4643.0	4567.1	8.0	2.26	4.28
PTHR14154	18689.5	18158.21	70.0	37.23	70.39
PTHR10344	1205.5	1167.55	0.0	0.0	0.0
PTHR14152	1100.0	1024.1	2.0	2.78	5.26
PTHR11699	19854.0	19474.52	87.95	27.5	51.99
PTHR11692	1891.33	1853.38	57.5	22.98	43.46
PTHR11693	4161.0	4085.1	342.0	104.41	197.47
PTHR11695	19243.89	18902.35	93.0	30.39	57.49
PTHR31760	389.0	351.28	0.0	0.0	0.0
PTHR31906	10060.0	9718.48	13.0	8.23	15.56
PTHR13847	16857.28	16288.07	82.0	45.86	86.75
PTHR23012	16047.5	15630.11	149.0	51.51	97.45
PTHR11101	8264.0	8112.22	39.0	12.41	23.48
PTHR11102	1831.0	1755.1	0.0	0.0	0.0
PTHR11106	6123.0	5933.26	18.0	7.73	14.61
PTHR31585	5904.0	5790.15	7.0	2.72	5.16
PTHR32125	2704.0	2628.1	6.0	3.46	6.54
PTHR31588	1610.0	1572.05	1.0	0.47	0.89
PTHR32120	307.0	269.08	0.0	0.0	0.0
PTHR10288	10533.21	10381.4	94.0	23.89	45.19
PTHR15680	3208.0	3132.1	15.0	10.88	20.57
PTHR10281	7847.0	7695.2	29.0	11.66	22.06
PTHR24347	19561.6	19144.16	63.26	23.37	44.18
PTHR18895	3218.0	3066.2	1.0	0.75	1.43
PTHR12486	2696.0	2620.1	6.0	3.29	6.22
PTHR21262	10271.95	10120.15	118.0	25.46	48.16
PTHR12480	5193.5	5003.76	1.0	0.65	1.24
PTHR12482	3107.0	2955.2	0.0	0.0	0.0
PTHR12317	8773.0	8545.31	13.0	6.64	12.53
PTHR12649	1605.13	1567.18	7.0	3.31	6.26
PTHR12461	3878.0	3726.22	2.0	1.74	3.3
PTHR12466	1362.0	1248.16	0.0	0.0	0.0
PTHR21419	1609.0	1571.05	0.0	0.0	0.0
PTHR22854	2281.0	2205.1	3.0	2.0	3.78
PTHR26312	3118.0	2928.26	3.03	2.24	4.24
PTHR12000	3559.0	3445.15	0.0	0.0	0.0
PTHR21327	1833.0	1795.05	0.0	0.0	0.0
PTHR21631	11642.69	11452.94	189.0	42.22	79.83
PTHR22855	1839.0	1801.05	6.0	2.47	4.67
PTHR22850	6207.0	5903.49	15.0	18.52	35.02
PTHR22504	1192.0	1154.05	3.0	1.93	3.65
PTHR12189	1136.67	1098.72	0.0	0.0	0.0
PTHR21256	3261.93	3223.98	41.0	9.4	17.78
PTHR12266	9720.92	9607.06	24.0	4.53	8.57
PTHR10648	5248.0	5210.05	25.0	3.54	6.7
PTHR30178	2677.0	2601.1	95.0	32.38	61.24
PTHR10641	26541.46	25630.68	138.03	65.89	124.6
PTHR19842	1161.0	1123.05	3.0	1.98	3.75
PTHR10644	10184.0	9880.41	10.0	2.3	4.36
PTHR12864	5061.0	4909.22	8.0	6.04	11.42
PTHR12860	1645.0	1607.05	1.0	0.46	0.87
PTHR13194	3070.0	3032.05	5.0	1.22	2.31
PTHR13190	4512.0	4436.1	5.0	1.52	2.88
PTHR13193	504.0	466.05	0.0	0.0	0.0
PTHR11913	3354.0	3316.05	3.0	0.67	1.27
PTHR11911	2831.0	2793.05	34.0	9.0	17.03
PTHR11910	2759.0	2683.1	176.34	102.7	194.25
PTHR11918	7814.0	7662.2	50.0	17.01	32.17
PTHR12919	3371.99	3296.09	37.0	16.2	30.63
PTHR13271	30807.89	29935.17	92.0	29.89	56.53
PTHR12910	2842.5	2766.6	7.0	3.22	6.1
PTHR12917	1285.0	1247.05	1.0	0.6	1.13
PTHR11351	4591.0	4515.1	222.99	47.64	90.1
PTHR11353	18679.35	18148.05	522.79	207.75	392.92
PTHR11599	16143.69	15688.29	97.0	56.28	106.45
PTHR10516	30623.24	29864.24	142.0	74.88	141.62
PTHR11592	4194.0	4080.15	7.88	4.34	8.21
PTHR11659	2215.0	2177.05	6.0	2.04	3.86
PTHR13273	1629.0	1591.05	15.0	6.99	13.22
PTHR31096	1769.0	1693.1	0.0	0.0	0.0
PTHR13734	2823.6	2671.82	5.0	4.72	8.93
PTHR31620	7769.0	7655.15	185.0	44.58	84.31
PTHR23315	13275.04	12933.51	22.0	8.96	16.94
PTHR23316	3724.0	3610.15	6.0	3.72	7.04
PTHR11778	4080.36	4004.46	78.0	33.28	62.93
PTHR11777	5840.0	5650.29	69.72	18.27	34.55
PTHR11774	2341.58	2227.76	4.0	3.04	5.75
PTHR11773	5132.0	5094.05	64.0	9.28	17.55
PTHR11772	7761.0	7609.2	82.0	37.71	71.3
PTHR10357	21572.27	21192.77	242.63	60.66	114.73
PTHR10353	1095.0	1057.05	6.0	4.22	7.98
PTHR10350	2512.0	2360.22	1.0	0.92	1.75
PTHR10351	7663.35	7473.59	218.0	89.91	170.05
PTHR10359	2826.31	2712.49	5.0	3.32	6.29
PTHR32442	1233.0	1195.05	0.0	0.0	0.0
PTHR31750	1158.0	1120.05	0.0	0.0	0.0
PTHR14189	2222.0	2184.05	4.0	1.36	2.56
PTHR21021	569.0	531.05	0.0	0.0	0.0
PTHR32228	1305.0	1229.1	1.0	1.21	2.29
PTHR31245	1969.0	1931.05	6.0	2.3	4.35
PTHR23001	4121.0	4045.1	66.0	22.81	43.13
PTHR23002	1464.0	1426.05	0.0	0.0	0.0
PTHR11177	5142.58	5028.73	13.0	4.53	8.56
PTHR10445	1550.0	1512.05	3.0	1.47	2.78
PTHR11178	3255.0	3179.1	5.0	2.15	4.06
PTHR14456	1055.5	1017.55	0.0	0.0	0.0
PTHR31808	2608.0	2570.05	33.0	9.5	17.97
PTHR31803	2691.0	2653.05	44.0	12.27	23.2
PTHR11009	1020.0	982.05	1.0	0.76	1.43
PTHR30075	4293.0	4255.05	7.0	1.22	2.3
PTHR10099	5398.0	5360.05	174.09	23.99	45.37
PTHR19229	14079.98	13359.12	26.0	21.23	40.18
PTHR20961	15668.41	15402.77	31.0	8.29	15.69
PTHR11005	3708.0	3556.2	1.0	0.51	0.97
PTHR11006	9577.07	9311.45	93.0	16.54	31.3
PTHR18640	9437.0	9247.25	21.0	8.02	15.16
PTHR18866	18876.15	18648.49	206.0	48.41	91.56
PTHR15074	646.5	570.73	0.0	0.0	0.0
PTHR15588	2386.0	2310.1	5.0	3.7	7.01
PTHR12677	5279.0	5165.15	13.0	5.54	10.51
PTHR19134	5298.47	5222.57	18.0	3.75	7.1
PTHR19139	2247.0	2209.05	4.0	1.34	2.54
PTHR12459	1293.0	1255.05	0.0	0.0	0.0
PTHR12456	431.0	393.05	0.0	0.0	0.0
PTHR12452	1333.0	1295.05	1.0	0.57	1.08
PTHR19359	568.0	530.05	0.0	0.0	0.0
PTHR12072	3732.0	3580.26	5.0	2.21	4.18
PTHR13218	1141.0	1103.05	5.0	3.37	6.37
PTHR13215	4068.0	3992.1	4.0	3.22	6.09
PTHR13213	670.0	632.05	1.0	1.18	2.23
PTHR10809	2933.0	2895.05	8.0	2.04	3.87
PTHR12290	3794.0	3680.17	1.0	0.45	0.85
PTHR21530	1975.0	1899.1	2.0	1.31	2.48
PTHR12295	6004.41	5852.61	15.0	9.54	18.05
PTHR12298	7490.0	7262.3	13.0	5.01	9.47
PTHR10638	2221.0	2145.1	2.0	1.11	2.09
PTHR10634	3257.0	3219.05	40.0	9.19	17.38
PTHR10631	3290.0	3138.2	1.0	1.32	2.5
PTHR10984	6017.0	5903.15	19.0	6.45	12.19
PTHR12858	2948.67	2796.87	12.0	12.68	23.98
PTHR13505	1023.0	985.05	1.0	0.75	1.43
PTHR12850	428.0	390.05	451.0	869.8	1645.08
PTHR12856	317.0	279.08	0.0	0.0	0.0
PTHR12855	964.0	926.05	5.0	4.02	7.6
PTHR12854	4535.0	4497.05	17.0	2.79	5.28
PTHR13182	2000.0	1962.05	10.0	3.77	7.14
PTHR10182	2288.0	2250.05	19.03	6.26	11.84
PTHR10585	1581.0	1543.05	1.0	0.48	0.91
PTHR10743	1190.0	1152.05	1.0	0.64	1.22
PTHR10742	16490.1	15996.81	109.0	25.87	48.93
PTHR10745	1597.07	1559.12	42.0	19.97	37.77
PTHR10744	943.0	867.11	2292.96	5077.0	9602.26
PTHR10746	5200.0	5124.1	64.0	14.78	27.95
PTHR12924	1379.0	1341.05	7.0	3.87	7.33
PTHR11349	4668.0	4478.25	292.14	201.83	381.74
PTHR10566	28798.12	28077.1	95.0	34.06	64.45
PTHR11588	8717.62	8451.98	4521.19	2256.18	4267.16
PTHR10291	972.0	934.05	1.0	0.8	1.51
PTHR11584	14892.0	14474.56	54.0	15.36	29.07
PTHR11586	5976.65	5824.86	7.0	4.63	8.77
PTHR11909	6281.49	6205.59	131.0	27.21	51.46
PTHR23429	4862.0	4786.1	108.59	29.32	55.45
PTHR24320	6884.33	6618.7	4.0	3.31	6.26
PTHR24322	11777.0	11359.55	28.0	17.27	32.68
PTHR11907	3659.22	3583.32	130.0	32.44	61.34
PTHR11760	1746.0	1670.1	574.0	541.29	1023.75
PTHR11761	2052.0	1976.1	599.0	893.62	1690.12
PTHR11766	1688.0	1650.05	5.0	2.25	4.25
PTHR11767	3300.0	3186.16	5.0	4.96	9.36
PTHR10361	2304.0	2228.1	4.0	2.51	4.75
PTHR10366	31786.5	31103.54	220.97	68.36	129.32
PTHR10169	8035.0	7845.25	2.0	0.75	1.41
PTHR20973	2782.69	2744.74	12.0	3.23	6.12
PTHR10165	2250.0	2174.1	3.0	2.18	4.13
PTHR31032	3545.0	3507.05	33.0	6.96	13.16
PTHR23257	266299.49	258786.1	625.88	248.58	470.11
PTHR23253	10770.0	10656.15	44.01	6.78	12.83
PTHR14190	2748.0	2634.15	2.0	2.03	3.84
PTHR14155	7523.06	7333.33	23.0	9.25	17.49
PTHR14194	5204.0	5090.15	7.0	2.85	5.41
PTHR31251	32521.38	31648.54	99.0	32.44	61.39
PTHR23074	10318.11	9900.67	245.0	84.63	160.07
PTHR23077	6898.0	6480.61	16.0	20.28	38.36
PTHR23076	30580.56	29859.56	410.03	118.34	223.8
PTHR12561	1744.0	1668.1	4.0	2.49	4.71
PTHR23073	4862.0	4748.15	137.0	83.66	158.24
PTHR10293	3583.79	3469.94	28.0	17.73	33.54
PTHR23078	5025.0	4987.05	30.0	4.44	8.4
PTHR11165	1707.0	1669.05	33.0	14.65	27.71
PTHR10772	3132.0	3056.1	8.0	4.07	7.7
PTHR32100	2825.5	2749.6	3.0	1.9	3.6
PTHR14534	1417.0	1379.05	6.0	3.23	6.1
PTHR14445	5995.0	5919.1	14.0	3.56	6.75
PTHR31811	925.0	887.05	1.0	0.84	1.59
PTHR23102	3430.0	3354.1	15.0	4.97	9.4
PTHR23105	4604.03	4376.41	13211.9	37465.01	70858.6
PTHR11010	3194.5	3118.6	0.0	0.0	0.0
PTHR11014	5905.5	5677.98	17.0	10.05	19.01
PTHR12668	3467.5	3391.6	20.0	6.82	12.9
PTHR12661	1278.0	1202.11	1.0	0.84	1.59
PTHR12663	336.0	298.07	0.0	0.0	0.0
PTHR12664	1801.0	1763.05	6.0	2.52	4.77
PTHR16166	7684.74	7457.07	29.0	7.11	13.44
PTHR12111	3777.51	3701.61	12.16	11.77	22.26
PTHR12447	3019.0	2867.21	2.0	1.86	3.51
PTHR15481	784.0	746.05	0.0	0.0	0.0
PTHR26379	11132.0	10790.5	18.0	7.62	14.42
PTHR12599	3900.0	3824.1	11.0	4.29	8.12
PTHR12596	4938.0	4900.05	4.0	0.6	1.14
PTHR12590	1483.0	1445.05	2.0	1.03	1.94
PTHR12066	396.0	358.06	0.0	0.0	0.0
PTHR12064	4738.0	4624.15	8.0	3.91	7.41
PTHR13226	4223.87	4110.02	3.0	0.83	1.58
PTHR13889	4583.0	4393.25	12.0	6.55	12.4
PTHR13887	3982.0	3868.17	22.0	6.54	12.37
PTHR21181	1105.0	1067.05	1.0	0.7	1.32
PTHR12413	482.0	444.05	0.0	0.0	0.0
PTHR13948	469.0	431.05	0.0	0.0	0.0
PTHR12146	939.0	901.05	602.99	497.97	941.83
PTHR11453	822.0	746.14	0.0	0.0	0.0
PTHR19306	6807.05	6655.25	13.0	4.88	9.22
PTHR21506	2527.0	2489.05	5.0	1.49	2.81
PTHR12280	4771.17	4581.42	4.0	2.8	5.27
PTHR12281	5188.0	5112.1	14.0	4.01	7.58
PTHR12286	2278.0	2240.05	0.0	0.0	0.0
PTHR12415	1231.0	1193.05	1.0	0.62	1.18
PTHR30573	2486.0	2448.05	3.72	1.12	2.13
PTHR22983	6859.0	6745.15	19.0	6.03	11.41
PTHR22981	16860.0	16708.2	29.0	6.22	11.76
PTHR11024	3096.0	3020.1	6.0	2.91	5.49
PTHR13082	834.0	796.05	2.0	1.87	3.54
PTHR10629	8359.0	8017.49	54.0	52.46	99.21
PTHR10994	23380.02	22924.61	24.0	7.97	15.07
PTHR10996	11751.0	11523.3	32.0	13.75	26.01
PTHR10625	23521.16	22724.23	56.01	24.06	45.47
PTHR10992	28056.78	26956.25	25.99	15.79	29.87
PTHR10993	4710.0	4596.15	3.0	2.7	5.12
PTHR12848	4030.8	3954.9	24.31	9.46	17.9
PTHR12849	1447.0	1371.1	1.0	0.8	1.51
PTHR21712	4262.0	4224.05	7.0	1.22	2.32
PTHR12847	3996.0	3882.15	7.0	3.31	6.26
PTHR21290	2153.0	2115.05	2.0	0.7	1.32
PTHR21349	2868.0	2792.1	23.0	10.39	19.66
PTHR21347	1882.0	1844.05	6.0	2.41	4.56
PTHR19861	393.0	355.06	0.0	0.0	0.0
PTHR21343	537.0	499.05	0.0	0.0	0.0
PTHR10196	4739.05	4549.3	11.0	5.67	10.73
PTHR10192	4259.0	4183.1	5.0	1.77	3.35
PTHR10751	3456.0	3342.15	6.0	3.87	7.33
PTHR16301	1784.0	1670.15	1.0	1.17	2.22
PTHR10755	1910.0	1872.05	128.52	50.85	96.18
PTHR10758	1466.0	1428.05	0.0	0.0	0.0
PTHR13152	1170.0	1094.1	1.0	1.26	2.39
PTHR12932	8438.0	8286.2	38.0	12.99	24.57
PTHR12934	2807.0	2731.1	33.0	22.84	43.21
PTHR13265	2686.12	2610.22	6.0	3.29	6.22
PTHR11800	3977.39	3901.48	18.0	6.0	11.34
PTHR11802	3636.0	3484.21	7.0	4.42	8.35
PTHR11804	6467.0	6201.39	13.0	9.85	18.62
PTHR11807	2191.72	2115.82	3.0	1.27	2.39
PTHR11374	2836.55	2722.7	85.99	75.25	142.33
PTHR11808	8945.0	8831.15	48.0	12.19	23.06
PTHR10283	22230.58	21889.03	71.0	21.75	41.14
PTHR10285	6222.0	6032.25	8.0	4.73	8.94
PTHR10286	1481.0	1443.05	44.0	22.61	42.77
PTHR11579	3004.0	2890.15	10.0	9.17	17.36
PTHR13718	6955.0	6803.22	3079.41	2282.62	4317.18
PTHR13711	13114.77	12849.12	107.0	43.59	82.44
PTHR13710	6177.0	5949.3	7.0	5.21	9.84
PTHR11977	2419.0	2343.1	2.0	0.76	1.43
PTHR11972	4328.22	4214.37	22.0	13.52	25.57
PTHR31480	1318.0	1280.05	1.0	0.58	1.1
PTHR31485	2357.0	2319.05	2.0	0.64	1.21
PTHR11715	1682.0	1644.05	29.0	13.07	24.73
PTHR11717	1233.0	1195.05	0.0	0.0	0.0
PTHR11711	13719.0	13377.45	75.0	28.72	54.34
PTHR11712	5702.0	5512.25	34.0	12.27	23.21
PTHR10374	4195.0	4081.17	60.0	17.82	33.71
PTHR10178	43691.54	42932.64	298.0	65.49	123.9
PTHR11482	4567.19	4491.29	80.0	17.57	33.24
PTHR10173	5772.5	5620.7	24.0	12.19	23.04
PTHR10177	20833.58	20454.08	71.0	18.34	34.66
PTHR10174	12906.0	12640.36	64.0	27.42	51.86
PTHR23249	3442.0	3366.1	12.1	5.6	10.6
PTHR23244	26279.17	25444.31	35.0	20.95	39.62
PTHR23245	4722.92	4571.14	7.0	3.99	7.53
PTHR23240	3941.0	3865.1	14.0	3.34	6.31
PTHR14614	4480.5	4290.78	3.0	1.86	3.52
PTHR31268	3061.45	2947.6	7.06	7.08	13.39
PTHR31262	3725.22	3573.44	10232.81	21865.43	41354.66
PTHR23063	12887.34	12659.64	37.0	11.15	21.1
PTHR11620	579.0	541.05	702.39	971.47	1837.37
PTHR11624	10563.0	10411.2	371.79	87.34	165.2
PTHR11627	3906.0	3792.15	970.07	453.0	856.76
PTHR11390	5398.0	5208.25	6.0	2.31	4.35
PTHR31319	5075.0	4999.1	85.0	22.88	43.28
PTHR14052	1147.0	1109.05	0.0	0.0	0.0
PTHR32118	2737.0	2699.05	18.0	4.93	9.33
PTHR23117	6523.0	6409.15	3.0	1.45	2.73
PTHR23115	51394.41	50331.85	3375.22	4200.87	7945.24
PTHR11028	1789.0	1751.05	53.0	22.43	42.42
PTHR14140	1803.0	1727.1	0.0	0.0	0.0
PTHR12616	2420.99	2307.2	3.0	2.11	3.98
PTHR12613	2093.0	2055.05	1.0	0.36	0.68
PTHR12612	1084.0	1046.05	28.0	19.89	37.63
PTHR32060	3122.5	3008.65	4.0	2.22	4.2
PTHR12124	2941.0	2713.33	1.0	1.63	3.09
PTHR22734	1347.0	1309.05	6.05	3.43	6.49
PTHR12121	12635.0	12293.46	16.0	7.19	13.58
PTHR12438	6650.0	6536.15	26.0	5.77	10.91
PTHR15492	631.0	593.05	1.0	1.26	2.38
PTHR21426	1014.0	938.13	0.0	0.0	0.0
PTHR21427	983.09	945.14	26.0	20.46	38.7
PTHR13161	1246.0	1208.05	2.0	1.23	2.32
PTHR19372	1683.63	1645.67	2.0	0.9	1.7
PTHR19370	8789.0	8561.3	46.0	24.73	46.76
PTHR19375	21679.76	21034.62	1490.45	451.78	854.5
PTHR12725	5417.0	5303.15	15.0	5.42	10.27
PTHR13890	8231.91	7890.38	58.0	22.7	42.95
PTHR22884	22485.0	22105.5	27.0	5.01	9.46
PTHR12542	5192.0	5116.1	9.0	2.82	5.34
PTHR12547	1088.0	1012.11	1.0	1.15	2.17
PTHR12436	6983.55	6907.65	73.0	16.98	32.11
PTHR10114	432.0	394.05	235.0	448.54	848.33
PTHR21512	1355.0	1241.18	1.0	1.38	2.6
PTHR30508	2232.0	2194.05	2.0	0.67	1.28
PTHR30502	774.0	736.05	0.0	0.0	0.0
PTHR10961	1136.0	1060.1	0.0	0.0	0.0
PTHR10617	7469.0	7355.15	793.73	229.55	434.16
PTHR10615	8498.0	8346.2	42.0	18.82	35.58
PTHR13527	965.0	927.05	0.0	0.0	0.0
PTHR22958	2775.0	2737.05	55.0	14.86	28.11
PTHR22951	3836.0	3760.1	10.0	4.49	8.5
PTHR22950	6723.0	6495.32	2.0	0.85	1.62
PTHR22953	4140.81	4064.91	47.0	22.73	42.99
PTHR22952	5961.0	5809.2	32.0	12.58	23.79
PTHR22957	19985.3	19491.97	86.0	31.84	60.22
PTHR21600	3510.0	3434.1	4.0	1.84	3.48
PTHR24056	19872.64	19265.47	35.04	21.71	41.03
PTHR24054	3020.0	2982.05	15.0	3.72	7.04
PTHR24055	32589.84	32058.55	102.0	27.44	51.9
PTHR24058	14296.08	14068.38	60.0	14.3	27.04
PTHR10766	7371.0	7257.15	51.17	15.68	29.68
PTHR10762	758.0	720.05	0.0	0.0	0.0
PTHR12945	1381.0	1305.11	1.0	0.79	1.5
PTHR12944	1779.48	1741.52	19.0	8.08	15.29
PTHR24128	12003.39	11737.74	21.0	8.74	16.54
PTHR13096	945.0	907.05	1.0	0.82	1.55
PTHR11364	2084.56	2008.67	2.0	1.36	2.58
PTHR11365	3398.04	3322.13	16.0	7.78	14.71
PTHR10548	4732.98	4619.13	37.0	14.74	27.87
PTHR11361	9352.19	8858.91	2.0	0.91	1.73
PTHR11814	8207.0	8093.15	50.0	11.2	21.19
PTHR10543	4867.98	4678.22	4.0	2.66	5.04
PTHR10540	3404.0	3290.15	12.0	7.53	14.24
PTHR12965	1882.0	1806.12	0.0	0.0	0.0
PTHR10544	926.0	850.11	324.88	465.02	879.49
PTHR11562	4132.0	4018.15	7.0	3.54	6.7
PTHR11566	9046.2	8818.5	34.0	26.11	49.38
PTHR11567	4993.64	4841.84	17.0	11.35	21.46
PTHR11564	7734.67	7582.87	40.72	10.36	19.59
PTHR11962	2449.0	2335.17	3.0	1.71	3.23
PTHR11963	4108.0	4032.1	9.0	3.22	6.08
PTHR24315	937.0	899.05	5.0	4.14	7.83
PTHR19376	12328.39	12138.63	58.55	23.96	45.33
PTHR10381	14569.5	14303.85	181.0	84.91	160.6
PTHR10383	1895.0	1857.05	10.0	3.99	7.54
PTHR11705	3371.0	3295.1	8.0	3.58	6.77
PTHR11702	8838.0	8572.37	390.98	197.49	373.5
PTHR11700	857.0	781.12	839.1	1325.2	2506.39
PTHR10388	1275.0	1237.05	40.0	24.0	45.4
PTHR11934	1406.0	1368.05	54.0	29.28	55.39
PTHR10145	4816.0	4740.1	6.0	1.88	3.56
PTHR23273	4979.0	4827.2	1.0	0.51	0.96
PTHR23163	2195.41	2157.46	9.0	3.09	5.84
PTHR23050	25758.05	25112.92	221.0	116.77	220.85
PTHR23056	3350.0	3312.05	9.0	2.01	3.8
PTHR23054	949.67	873.78	1.0	1.48	2.8
PTHR11638	15980.64	15639.11	2502.31	458.97	868.05
PTHR11632	5886.0	5772.15	20.0	6.43	12.17
PTHR23293	4910.0	4758.2	103.82	33.11	62.63
PTHR11140	8052.0	8014.05	2262.2	208.39	394.14
PTHR11141	6405.0	6329.1	8.0	1.85	3.49
PTHR11142	5374.5	5033.02	1.0	0.74	1.39
PTHR11380	1647.0	1609.05	0.0	0.0	0.0
PTHR11384	6875.87	6762.02	8.0	2.28	4.31
PTHR32477	3910.0	3796.15	3.0	2.15	4.08
PTHR14043	3297.0	3107.25	0.0	0.0	0.0
PTHR32472	1190.17	1152.23	0.0	0.0	0.0
PTHR31658	1720.0	1606.16	3.0	2.71	5.13
PTHR14269	9014.0	8824.25	29.0	8.28	15.66
PTHR22883	12148.84	11883.19	79.0	29.6	55.95
PTHR23125	35975.38	34761.19	45.0	26.19	49.52
PTHR12050	2205.0	2167.05	11.0	3.76	7.11
PTHR11035	959.0	921.05	1.0	0.81	1.53
PTHR22880	16493.55	16152.02	45.0	17.88	33.81
PTHR14136	4137.0	3985.2	11.0	8.21	15.53
PTHR23338	3373.0	3297.1	8.0	3.36	6.36
PTHR12608	2370.67	2294.85	6.0	4.76	8.99
PTHR12604	2753.0	2601.2	0.0	0.0	0.0
PTHR12603	3288.0	3250.05	22.0	5.0	9.47
PTHR32091	1284.0	1246.05	3.0	1.79	3.38
PTHR19853	1885.0	1809.11	0.0	0.0	0.0
PTHR32098	2546.0	2470.1	0.0	0.0	0.0
PTHR18763	2365.0	2327.05	6.0	1.91	3.61
PTHR22726	1322.0	1284.05	2.0	1.16	2.19
PTHR22727	2522.0	2484.05	26.0	7.74	14.65
PTHR12428	5584.0	5432.2	54.0	22.94	43.38
PTHR18968	7154.64	6964.92	169.0	42.53	80.44
PTHR12730	1723.0	1647.1	6.0	4.76	9.02
PTHR12736	1627.0	1589.05	1.0	0.47	0.88
PTHR12735	2874.5	2798.6	4.0	1.37	2.59
PTHR15020	5640.0	5488.2	2.0	0.47	0.89
PTHR12049	3658.0	3506.2	2.0	1.22	2.31
PTHR12558	4645.0	4455.26	5.0	3.46	6.55
PTHR12553	5422.59	5194.88	11.0	7.06	13.37
PTHR24072	1648.0	1610.05	2.0	0.92	1.74
PTHR24073	13016.0	12674.55	50.0	27.17	51.37
PTHR21569	2697.0	2621.1	330.0	190.57	360.43
PTHR10491	849.0	811.05	1.0	0.92	1.74
PTHR21567	5939.51	5825.67	31.0	14.5	27.42
PTHR13950	786.0	748.05	1.0	1.0	1.88
PTHR12133	1559.0	1521.05	2.0	0.97	1.84
PTHR10972	1703.0	1665.05	4.0	1.78	3.37
PTHR21704	4392.0	4164.31	2.0	2.6	4.93
PTHR10606	4592.0	4478.15	8.0	3.12	5.89
PTHR10971	5454.0	5302.2	17.0	6.36	12.03
PTHR22942	6460.66	6270.92	18.0	6.42	12.15
PTHR13395	1755.0	1717.05	0.0	0.0	0.0
PTHR22891	4990.0	4838.24	10.0	1.98	3.74
PTHR21368	3554.16	3478.26	17.0	7.47	14.12
PTHR10778	8604.5	8490.65	9.0	1.85	3.5
PTHR24064	10041.59	9813.88	64.88	21.02	39.76
PTHR24063	6891.0	6701.28	14.0	6.89	13.02
PTHR21011	1755.0	1717.05	9.0	3.88	7.35
PTHR25040	12382.0	12116.35	77.0	21.34	40.34
PTHR10774	36008.83	35136.01	110.0	68.2	128.97
PTHR24068	3728.0	3652.1	98.0	44.95	85.01
PTHR12959	2390.0	2352.05	9.0	2.83	5.36
PTHR24115	59199.08	57339.62	193.0	61.6	116.45
PTHR11825	5541.0	5465.1	12.0	1.85	3.5
PTHR11822	2594.0	2556.05	162.0	46.89	88.69
PTHR10555	10076.0	9924.2	48.0	11.41	21.56
PTHR10806	1066.0	1028.05	2.0	1.45	2.74
PTHR10804	13566.17	13300.52	52.23	17.85	33.77
PTHR11556	6293.0	6179.15	414.37	189.31	358.07
PTHR11558	3036.0	2960.1	1.0	0.39	0.73
PTHR13773	1955.29	1917.34	20.0	7.73	14.61
PTHR20275	5134.0	4982.29	5.0	1.7	3.22
PTHR11953	2732.0	2656.1	4.0	2.3	4.35
PTHR11952	5681.0	5567.15	8.27	3.54	6.71
PTHR11956	2090.0	2014.1	28.54	24.68	46.68
PTHR11959	2576.0	2538.05	15.02	4.38	8.28
PTHR11739	3971.0	3895.1	56.0	20.52	38.8
PTHR11732	23628.43	22945.36	36.0	14.34	27.11
PTHR11731	7183.7	6918.06	2.0	1.66	3.14
PTHR11730	13055.0	12789.35	24.0	8.36	15.78
PTHR11735	2375.0	2223.22	0.0	0.0	0.0
PTHR10394	731.0	693.05	602.66	648.74	1226.98
PTHR20941	2719.0	2643.1	4.0	1.4	2.64
PTHR10150	2280.0	2204.1	1.0	0.47	0.89
PTHR31065	6720.82	6606.97	30.0	9.46	17.91
PTHR10159	9335.0	9031.42	18.0	9.48	17.91
PTHR31066	1881.0	1805.1	8.0	4.44	8.39
PTHR13604	649.0	611.05	0.0	0.0	0.0
PTHR23264	1340.0	1302.05	1.0	0.57	1.08
PTHR23269	1756.0	1718.05	0.0	0.0	0.0
PTHR31204	1427.0	1389.05	2.0	1.07	2.02
PTHR31201	2300.0	2262.05	3.0	0.98	1.86
PTHR31209	1911.0	1835.1	5.0	3.27	6.18
PTHR11607	2482.0	2406.1	9.0	4.57	8.65
PTHR11606	4926.0	4850.1	63.0	18.25	34.52
PTHR11601	5120.0	4930.25	15.0	7.71	14.57
PTHR32467	6656.0	6390.38	8.0	1.85	3.5
PTHR14255	1160.0	1084.1	1.0	1.78	3.36
PTHR31840	2722.0	2684.05	7.0	1.93	3.65
PTHR23130	5143.59	5067.69	25.0	7.45	14.11
PTHR23133	1005.0	967.05	7.0	5.38	10.18
PTHR23135	4134.0	4096.05	5.0	0.9	1.71
PTHR23138	4295.0	4257.05	13.0	2.26	4.27
PTHR23139	13821.25	13479.73	30.0	13.77	26.06
PTHR31682	1753.72	1715.78	45.0	19.43	36.75
PTHR11040	4678.39	4564.54	15.0	10.21	19.33
PTHR11043	2656.73	2580.83	18.0	9.4	17.77
PTHR11042	4285.94	4096.2	0.0	0.0	0.0
PTHR11048	5221.95	5108.1	12.0	4.3	8.13
PTHR15818	1126.0	1050.12	0.0	0.0	0.0
PTHR12636	2737.0	2699.05	19.0	5.21	9.85
PTHR12126	2987.0	2911.1	13.0	6.21	11.74
PTHR14490	2977.0	2901.1	3.0	1.9	3.6
PTHR14493	13141.0	12951.25	185.0	36.45	68.95
PTHR15651	1284.5	1208.6	0.0	0.0	0.0
PTHR12380	3615.0	3501.15	33.0	18.88	35.71
PTHR12385	5648.0	5534.15	43.0	12.98	24.54
PTHR12706	6920.0	6578.46	5.0	4.24	8.02
PTHR12709	1369.0	1331.05	0.0	0.0	0.0
PTHR19957	8429.61	8239.86	62.0	20.18	38.15
PTHR30239	1621.0	1583.05	2.0	0.94	1.77
PTHR12560	8502.0	8274.33	18.0	6.8	12.88
PTHR11203	10317.0	10127.25	32.51	7.38	13.97
PTHR12770	8203.5	7938.09	6.0	2.57	4.88
PTHR12097	4303.0	4227.1	284.0	82.51	156.05
PTHR11752	16182.44	15651.32	192.06	66.07	124.97
PTHR21576	2565.0	2413.23	2.0	1.89	3.58
PTHR24423	11511.28	11131.8	25.0	17.68	33.45
PTHR10046	3624.0	3510.15	10.0	7.08	13.41
PTHR12419	5055.53	4903.76	20.0	10.99	20.8
PTHR30525	2789.0	2751.05	9.0	2.42	4.58
PTHR12412	3453.0	3339.15	5.0	3.46	6.55
PTHR12411	22428.06	21896.77	215.0	55.45	104.91
PTHR24420	22555.52	21910.43	26.0	9.41	17.78
PTHR10947	2225.0	2187.05	23.89	8.09	15.29
PTHR21717	1984.0	1946.05	6.0	2.28	4.32
PTHR10943	8339.15	8263.25	31.0	4.83	9.14
PTHR12897	1012.0	936.11	0.0	0.0	0.0
PTHR12894	4332.0	4218.17	36.0	9.25	17.48
PTHR12891	339.0	301.07	0.0	0.0	0.0
PTHR22976	4648.0	4496.2	31.0	19.32	36.54
PTHR22975	4363.0	4249.15	7.71	3.86	7.3
PTHR22970	843.0	805.05	0.0	0.0	0.0
PTHR20922	5063.67	4949.82	24.0	8.85	16.75
PTHR21377	1829.0	1753.1	5.0	4.94	9.34
PTHR21371	2616.0	2578.05	683.0	196.01	370.71
PTHR21373	2484.5	2332.71	1.0	1.36	2.57
PTHR22573	9475.0	9285.25	37.0	11.64	22.02
PTHR22572	16135.0	15793.46	101.07	29.88	56.52
PTHR30566	5422.0	5346.1	1.0	0.36	0.68
PTHR21000	2589.0	2551.05	40.0	11.6	21.94
PTHR10701	1849.0	1811.05	3.0	1.23	2.32
PTHR30031	3359.2	3283.3	178.0	55.75	105.45
PTHR13162	9193.0	9079.15	38.0	8.56	16.19
PTHR13165	4336.92	4298.97	29.0	4.98	9.43
PTHR21396	738.0	700.05	3.0	3.2	6.05
PTHR13069	3448.46	3258.73	5.0	4.35	8.21
PTHR13068	545.85	507.91	2.0	2.95	5.58
PTHR24106	18458.37	17813.24	24.0	15.39	29.1
PTHR24103	3028.0	2914.19	0.0	0.0	0.0
PTHR11540	2431.0	2393.05	112.72	34.86	65.93
PTHR10836	7089.0	6861.31	2335.91	2125.33	4019.66
PTHR10835	1747.0	1709.05	4.0	1.73	3.28
PTHR11545	2364.0	2250.15	524.0	719.46	1360.75
PTHR10012	1986.0	1948.05	4.0	1.52	2.88
PTHR13768	1175.0	1137.05	4.0	2.61	4.94
PTHR24078	11235.5	10780.12	4.0	2.03	3.84
PTHR11946	20418.67	20115.08	326.9	75.22	142.27
PTHR11947	1586.15	1510.25	2.0	1.56	2.96
PTHR11941	7110.71	6958.91	27.0	12.79	24.19
PTHR10497	567.0	529.05	346.0	489.56	925.92
PTHR10496	528.0	490.05	208.99	319.6	604.46
PTHR24076	15413.62	14920.28	38.0	17.74	33.56
PTHR24077	28127.18	27406.13	50.0	23.03	43.56
PTHR11728	8029.0	7915.15	39.0	9.66	18.28
PTHR11726	2805.0	2729.11	12297.04	28308.35	53540.34
PTHR11727	1552.0	1514.05	3.0	1.47	2.78
PTHR11721	323.0	285.07	7954.02	21128.61	39961.1
PTHR11722	776.0	738.05	475.9	480.73	909.22
PTHR10120	3105.0	3029.1	7.0	3.76	7.1
PTHR10122	1333.0	1295.05	28.0	16.05	30.35
PTHR11451	8685.0	8457.3	135.0	77.58	146.74
PTHR11831	3496.0	3382.15	1434.96	1670.21	3158.91
PTHR11835	6271.0	6157.15	79.41	31.46	59.51
PTHR11614	8707.51	8479.81	79.0	36.96	69.89
PTHR11615	5905.13	5791.32	40.99	12.22	23.1
PTHR11618	2301.0	2263.05	3.0	0.98	1.86
PTHR32419	2771.14	2695.25	16.0	8.39	15.87
PTHR10231	1432.0	1394.05	1.0	0.53	1.01
PTHR10233	4682.17	4530.38	5.95	3.05	5.78
PTHR31503	5402.0	5250.2	12.0	6.34	11.99
PTHR23147	2889.35	2813.45	47.0	24.3	45.96
PTHR23140	2273.0	2197.1	6.0	2.56	4.84
PTHR23142	3300.0	3224.1	19.0	7.05	13.34
PTHR23149	7843.46	7767.56	14.68	1.59	3.0
PTHR23148	1887.0	1849.05	3.0	1.2	2.27
PTHR11817	5705.01	5629.11	83.0	26.73	50.56
PTHR11056	4765.0	4727.05	47.0	7.35	13.89
PTHR11055	6318.0	6204.15	331.0	84.9	160.56
PTHR11363	1441.0	1403.05	2623.98	1387.29	2623.82
PTHR32523	7581.0	7429.2	7.0	2.94	5.55
PTHR31695	2944.0	2906.05	1.0	0.25	0.48
PTHR11819	6347.41	6195.61	16.0	8.64	16.35
PTHR22765	2792.0	2754.05	1.0	0.27	0.51
PTHR12629	1696.0	1658.05	3.0	1.34	2.54
PTHR18945	3717.5	3603.65	2.0	1.27	2.41
PTHR26402	18385.0	18005.51	55.0	14.34	27.11
PTHR19384	7797.0	7569.3	454.0	184.77	349.47
PTHR12714	5836.0	5722.15	14.0	5.86	11.08
PTHR32251	3920.5	3844.6	3.0	1.07	2.02
PTHR12570	6114.17	5962.36	32.0	13.91	26.31
PTHR21494	1178.0	1102.11	1.0	0.97	1.84
PTHR21145	1301.0	1263.05	3.0	1.76	3.33
PTHR21496	3307.09	3193.24	22.0	16.3	30.82
PTHR21493	24277.17	23594.11	22.0	8.45	15.99
PTHR21499	4352.0	4276.1	38.93	10.11	19.12
PTHR21148	1449.0	1373.1	0.0	0.0	0.0
PTHR12083	2058.5	1982.67	10.0	4.67	8.83
PTHR13355	2697.0	2621.1	9.0	3.23	6.11
PTHR30535	685.0	647.05	0.0	0.0	0.0
PTHR19852	2499.0	2461.05	3.0	0.9	1.71
PTHR12406	12499.65	12271.94	51.0	12.61	23.84
PTHR16128	2239.0	2125.15	3.0	2.77	5.23
PTHR12400	3052.0	3014.05	5.0	1.23	2.32
PTHR12403	2728.0	2652.1	11.0	4.88	9.23
PTHR13572	1557.68	1519.73	11.0	5.37	10.15
PTHR30314	4067.0	3991.1	4.0	1.59	3.01
PTHR12882	1887.0	1849.05	3.0	1.2	2.27
PTHR12883	1540.0	1502.05	0.0	0.0	0.0
PTHR16255	4040.0	3850.25	5.0	3.41	6.45
PTHR16254	6561.0	6409.2	11.0	4.67	8.84
PTHR22960	1799.0	1723.1	0.0	0.0	0.0
PTHR13373	1275.0	1199.1	0.0	0.0	0.0
PTHR22967	2973.09	2859.24	8.0	6.37	12.04
PTHR19858	1175.0	1137.05	1.0	0.65	1.24
PTHR30222	1348.0	1310.05	0.0	0.0	0.0
PTHR13115	1733.0	1695.05	0.0	0.0	0.0
PTHR13117	538.0	500.05	0.0	0.0	0.0
PTHR12975	4494.0	4304.27	2.0	1.26	2.37
PTHR13285	1807.0	1731.1	1.0	0.7	1.32
PTHR13288	4163.0	4087.1	3.0	1.22	2.32
PTHR10953	16677.74	16260.29	62.04	23.88	45.17
PTHR10954	533.0	495.05	0.0	0.0	0.0
PTHR21726	1892.0	1854.05	14.0	5.59	10.58
PTHR10956	900.0	824.1	217.0	375.75	710.66
PTHR11538	2368.0	2330.05	21.0	6.67	12.62
PTHR10826	2397.0	2359.05	13.0	4.08	7.71
PTHR11533	7197.73	6932.1	33.0	24.91	47.1
PTHR11532	939.0	863.1	0.0	0.0	0.0
PTHR10000	1999.0	1923.1	0.0	0.0	0.0
PTHR13021	1281.93	1243.98	7.0	4.18	7.9
PTHR11706	2568.0	2492.1	4.0	2.81	5.31
PTHR24007	4032.35	3918.5	17.0	7.68	14.52
PTHR24003	24342.91	23621.95	29.0	9.84	18.61
PTHR31446	2016.67	1940.77	0.0	0.0	0.0
PTHR31442	1879.0	1841.05	0.0	0.0	0.0
PTHR11441	1002.0	964.05	1.0	0.77	1.46
PTHR11440	2631.96	2480.19	9.0	6.62	12.53
PTHR11999	11129.96	11016.11	129.99	19.92	37.68
PTHR11449	508.37	470.43	230.0	366.62	693.4
PTHR11994	980.0	904.13	4623.53	12200.46	23075.05
PTHR10137	2422.0	2384.05	4.0	1.24	2.35
PTHR10133	3773.0	3545.32	6.0	3.32	6.28
PTHR13620	4918.83	4729.13	20.0	12.16	23.01
PTHR11847	390.0	352.06	2887.53	6182.13	11692.43
PTHR11843	699.0	661.05	537.78	607.25	1148.51
PTHR11661	5513.0	5399.15	668.0	791.19	1496.4
PTHR11662	24765.51	24196.29	56.0	21.96	41.53
PTHR11669	6994.59	6842.79	55.0	18.2	34.4
PTHR11668	14909.95	14644.3	97.0	29.21	55.23
PTHR20856	7320.0	7016.42	133.01	74.1	140.14
PTHR20854	7026.43	6760.79	13.0	8.56	16.18
PTHR20855	3318.0	3242.1	4.0	1.95	3.7
PTHR20852	6445.48	6179.84	490.55	268.59	507.97
PTHR32404	4499.0	4385.15	21.0	5.58	10.55
PTHR20858	1733.0	1581.23	1.0	2.29	4.34
PTHR30603	5894.0	5818.1	44.0	10.55	19.95
PTHR11709	3508.0	3470.05	8.0	1.7	3.22
PTHR14237	4944.17	4754.43	2.0	1.74	3.29
PTHR10738	1197.0	1121.1	1.0	1.81	3.43
PTHR11143	1041.0	1003.05	365.99	271.27	513.06
PTHR23155	22278.2	21519.2	72.0	34.81	65.84
PTHR23153	6362.0	6134.3	28.0	10.9	20.61
PTHR23151	11152.97	10887.31	51.15	18.81	35.57
PTHR11063	5724.0	5610.15	26.0	10.42	19.72
PTHR11062	43742.98	42832.19	199.0	54.81	103.65
PTHR11061	7722.07	7456.42	8.0	5.49	10.37
PTHR11065	5491.7	5415.8	28.0	11.46	21.67
PTHR11064	2836.0	2722.15	0.0	0.0	0.0
PTHR11260	12640.4	12374.75	48.0	21.33	40.34
PTHR11264	735.0	697.05	0.0	0.0	0.0
PTHR11266	12384.51	12118.86	62.0	24.48	46.3
PTHR31998	3479.0	3441.05	159.01	34.16	64.61
PTHR31221	2766.0	2728.05	5.0	1.36	2.56
PTHR15838	958.0	882.12	0.0	0.0	0.0
PTHR32338	2168.0	2130.05	8.0	2.78	5.26
PTHR23270	4529.0	4225.45	10.0	10.83	20.48
PTHR31155	4289.0	4213.1	77.63	26.65	50.39
PTHR12363	3558.0	3330.3	1.0	1.02	1.93
PTHR18952	4619.0	4505.15	22.0	11.21	21.19
PTHR12765	2038.5	1924.68	2.0	2.77	5.24
PTHR12505	2087.0	2011.1	5.0	3.05	5.77
PTHR22603	3468.5	3354.66	3.0	0.89	1.69
PTHR22604	1285.89	1210.0	3.0	3.99	7.55
PTHR21481	3262.0	3186.1	3.0	1.57	2.97
PTHR22778	4856.0	4666.25	2.0	0.62	1.17
PTHR12169	2715.0	2525.29	1.0	1.34	2.53
PTHR19446	9355.76	8976.47	37.0	17.73	33.55
PTHR12219	1207.0	1169.05	3.0	1.91	3.6
PTHR13561	4285.0	4209.1	2.0	1.09	2.06
PTHR13563	1376.0	1300.1	0.0	0.0	0.0
PTHR12210	15231.77	14966.2	53.0	22.02	41.68
PTHR12215	1424.0	1348.1	1.0	1.25	2.37
PTHR12214	793.0	755.05	0.0	0.0	0.0
PTHR22915	12545.0	12203.45	38.0	14.06	26.58
PTHR22911	2481.0	2367.15	1.0	0.68	1.3
PTHR22912	15077.0	14811.35	111.0	27.89	52.75
PTHR12497	2124.0	2048.12	1.0	0.42	0.8
PTHR12183	4806.0	4692.18	3.0	0.98	1.87
PTHR19849	2479.0	2403.1	2.0	1.34	2.54
PTHR31783	654.0	616.05	0.0	0.0	0.0
PTHR22594	8471.0	8319.2	40.0	13.1	24.75
PTHR21152	5916.0	5840.1	83.98	23.71	44.84
PTHR23291	833.0	795.05	9.0	8.43	15.95
PTHR13102	1440.0	1402.05	1.0	0.53	1.0
PTHR12984	3650.0	3498.25	0.0	0.0	0.0
PTHR12001	3768.0	3692.1	40.76	15.57	29.45
PTHR11630	16922.91	16505.47	93.0	35.62	67.38
PTHR12302	3984.0	3908.1	26.0	9.05	17.13
PTHR13299	1847.0	1809.05	4.0	1.64	3.1
PTHR12652	1983.0	1945.05	3.0	1.14	2.16
PTHR10925	2509.0	2357.22	140.93	160.63	303.8
PTHR21737	1815.5	1701.66	2.0	1.57	2.96
PTHR10920	5208.38	5018.63	16.0	10.01	18.94
PTHR10855	1581.0	1543.05	3.0	1.44	2.73
PTHR10584	22131.42	21638.07	67.0	23.5	44.43
PTHR11528	9301.0	9111.25	470.84	130.25	246.36
PTHR11527	3160.0	3046.16	30.0	17.75	33.56
PTHR11525	2845.0	2807.05	6.0	1.58	2.99
PTHR10859	3289.53	3213.63	8.0	4.25	8.04
PTHR10589	649.75	611.83	3.0	3.66	6.93
PTHR10588	25662.96	24979.89	54.0	26.1	49.36
PTHR13038	1606.0	1530.1	0.0	0.0	0.0
PTHR13748	12694.0	12466.3	81.24	20.6	38.97
PTHR13743	1858.0	1782.1	2.0	1.68	3.18
PTHR24015	21023.0	20567.6	51.0	14.56	27.53
PTHR24012	25142.55	24535.4	243.0	100.58	190.22
PTHR24011	33065.1	32382.03	513.0	345.52	653.5
PTHR31187	2906.0	2868.05	266.9	68.83	130.18
PTHR10459	771.0	695.14	0.0	0.0	0.0
PTHR10458	1360.0	1322.05	0.0	0.0	0.0
PTHR10108	43986.71	43000.03	76.0	25.72	48.64
PTHR11986	11985.0	11605.5	93.0	38.47	72.77
PTHR11455	6699.0	6433.38	31.0	12.2	23.07
PTHR10102	1537.04	1461.15	5.0	3.35	6.33
PTHR11458	1903.65	1865.7	153.0	60.75	114.89
PTHR10106	913.0	875.05	0.0	0.0	0.0
PTHR31057	1271.0	1195.12	0.0	0.0	0.0
PTHR21141	4296.0	4106.28	5820.63	14791.36	27975.29
PTHR11851	24158.21	23399.25	63.0	32.79	61.99
PTHR23092	3001.64	2849.85	7.0	7.16	13.54
PTHR23091	15133.6	14716.2	9.0	5.18	9.78
PTHR11673	1190.0	1152.05	246.0	158.59	299.95
PTHR11670	9046.72	8932.87	980.59	257.6	487.19
PTHR11671	1243.0	1205.05	7.0	4.31	8.16
PTHR20863	4517.0	4403.15	104.0	55.34	104.66
PTHR20861	3615.96	3540.06	7.0	3.45	6.54
PTHR11679	8942.95	8791.18	26.0	10.58	20.01
PTHR14009	3962.34	3848.48	30.0	16.37	30.97
PTHR10217	24339.94	23581.02	12.0	6.46	12.22
PTHR14005	3923.0	3885.05	15.0	2.85	5.4
PTHR10210	2041.0	2003.05	4.0	1.48	2.8
PTHR31522	1824.0	1786.05	5.0	2.07	3.92
PTHR14221	2529.46	2453.56	13.0	6.98	13.21
PTHR11079	5102.0	4912.26	4.0	3.24	6.1
PTHR11076	7331.54	6914.22	37.0	20.45	38.68
PTHR11070	2208.0	2094.17	2.0	1.77	3.34
PTHR11071	27181.83	26233.15	134.11	134.51	254.42
PTHR11278	1788.0	1674.2	2043.62	3486.77	6594.62
PTHR11276	778.0	740.05	0.0	0.0	0.0
PTHR11274	2287.0	2211.1	13.0	8.08	15.28
PTHR31984	4906.43	4792.58	12.0	4.43	8.38
PTHR15350	2829.0	2753.1	3.0	1.61	3.05
PTHR15606	3769.0	3617.2	10.0	6.43	12.17
PTHR12374	2378.0	2340.05	4.0	1.27	2.39
PTHR12375	1241.81	1203.85	9.0	5.55	10.5
PTHR12378	6468.0	6316.2	13.0	5.05	9.54
PTHR18929	12737.0	12471.35	98.0	56.9	107.62
PTHR13976	8357.0	8243.15	45.0	11.77	22.26
PTHR12777	2397.68	2359.73	29.0	9.1	17.2
PTHR12775	4460.51	4384.61	16.0	4.04	7.64
PTHR16092	432.0	394.05	0.0	0.0	0.0
PTHR19211	20744.58	20213.3	3323.59	990.16	1872.7
PTHR22298	2037.07	1999.12	2.0	0.74	1.4
PTHR12174	3607.0	3531.1	6.0	2.98	5.63
PTHR12175	3149.5	3073.6	3.0	1.0	1.9
PTHR12176	6893.29	6741.49	41.0	17.74	33.54
PTHR22769	13993.14	13727.49	45.0	22.03	41.67
PTHR22767	1452.41	1414.46	3.0	1.57	2.98
PTHR22762	3781.0	3743.05	31.0	6.12	11.58
PTHR22763	560.0	522.05	0.0	0.0	0.0
PTHR22761	5953.0	5839.15	71.0	24.22	45.8
PTHR21231	2122.0	2084.05	26.0	9.24	17.47
PTHR21230	4496.63	4420.73	18.0	4.7	8.88
PTHR21234	2677.0	2563.15	1.0	0.91	1.72
PTHR21237	3448.0	3372.1	16.0	8.91	16.87
PTHR12202	1636.0	1522.19	1.0	0.88	1.67
PTHR12203	35620.21	34557.67	85.0	33.04	62.49
PTHR19857	1141.0	1103.05	5.0	3.37	6.37
PTHR22904	21194.0	20397.07	46.0	22.9	43.3
PTHR19855	2485.0	2447.05	5.0	1.51	2.86
PTHR13353	4596.0	4482.15	3.0	2.45	4.62
PTHR12197	12291.0	11835.63	28.0	12.91	24.42
PTHR11932	8088.0	7936.2	34.0	7.09	13.42
PTHR13822	1954.0	1916.05	17.0	6.57	12.43
PTHR13138	2187.0	2111.1	4.0	3.39	6.42
PTHR10732	1058.0	1020.05	762.0	555.31	1050.27
PTHR10739	1637.0	1599.05	2.0	0.93	1.75
PTHR12992	2841.0	2803.05	5.0	1.32	2.5
PTHR22838	2686.0	2572.15	2.0	1.24	2.35
PTHR22881	5370.23	5294.32	16.0	4.71	8.91
PTHR22836	1456.0	1418.05	0.0	0.0	0.0
PTHR10693	3635.0	3597.05	19.0	3.9	7.38
PTHR10938	1521.0	1445.1	0.0	0.0	0.0
PTHR13375	4518.0	4480.05	9.0	1.48	2.81
PTHR10934	1209.0	1133.1	2077.04	3546.44	6707.48
PTHR11510	2895.0	2857.05	108.0	27.96	52.88
PTHR11516	6459.0	6307.2	109.17	26.93	50.94
PTHR10025	4040.62	3926.77	13.0	8.54	16.15
PTHR10026	13058.09	12868.34	85.0	16.15	30.56
PTHR10027	1475.5	1399.6	1.0	1.02	1.94
PTHR13009	3072.0	2958.15	3.0	2.73	5.16
PTHR13007	2571.0	2533.05	11.0	3.21	6.08
PTHR30115	2506.0	2430.1	1.0	0.38	0.72
PTHR10598	2149.82	2111.87	37.0	12.97	24.53
PTHR17901	1267.33	1229.39	0.0	0.0	0.0
PTHR24351	13660.0	13546.15	35.0	4.51	8.53
PTHR20981	1064.0	988.1	878.0	1597.17	3020.78
PTHR20982	1959.0	1883.1	5.0	3.86	7.28
PTHR24352	8162.05	8048.2	34.02	8.88	16.79
PTHR11467	1961.0	1923.05	3.0	1.16	2.19
PTHR10119	8929.49	8815.64	122.0	35.04	66.27
PTHR10110	7001.0	6697.41	3.0	2.65	5.01
PTHR11469	3504.0	3466.05	67.0	14.29	27.03
PTHR11863	5462.0	5386.1	17.0	3.84	7.28
PTHR24286	10014.58	9786.88	35.0	13.5	25.54
PTHR11864	4602.0	4488.15	5.0	1.83	3.45
PTHR23426	4775.0	4623.2	23.0	12.32	23.31
PTHR10593	3657.0	3581.1	7.0	2.07	3.92
