GeneFamily	length	effective_length	expected_count	TPM	FPKM
PTHR11649	13908.19	13460.51	5727.85	296.6	245.95
PTHR31089	1116.0	1071.22	119.59	9.08	7.53
PTHR31085	2817.53	2772.75	885.22	25.87	21.45
PTHR11647	5960.97	5871.41	907.0	24.42	20.25
PTHR11645	974.11	929.33	160.0	14.02	11.63
PTHR11880	854.0	809.22	14523.98	1463.29	1213.46
PTHR11885	727.0	682.22	20728.85	2481.03	2057.45
PTHR10209	7031.0	6807.13	859.96	44.1	36.57
PTHR32429	3447.0	3312.68	12427.97	607.32	503.63
PTHR12403	840.0	795.22	245.0	25.12	20.83
PTHR31423	1110.0	1065.22	288.89	22.07	18.3
PTHR31551	759.14	714.36	680.1	77.71	64.44
PTHR32195	2448.58	2359.02	640.02	30.73	25.49
PTHR11081	8781.0	8512.32	444.0	21.1	17.5
PTHR11080	2113.08	2023.53	372.0	26.41	21.91
PTHR11082	4896.0	4806.44	6056.63	173.46	143.85
PTHR11085	7572.33	7258.9	1060.02	66.72	55.34
PTHR11089	6154.78	5975.67	5214.8	308.65	255.94
PTHR32518	5993.0	5903.44	568.0	22.37	18.55
PTHR11247	1425.77	1336.21	39.0	5.22	4.34
PTHR12277	3873.06	3738.72	779.0	52.96	43.91
PTHR32512	1819.0	1774.22	675.0	30.87	25.6
PTHR23088	4290.26	4111.15	2031.0	127.7	105.89
PTHR23089	1694.0	1604.44	1243.68	140.48	116.49
PTHR23081	5110.14	4975.82	3690.0	154.22	127.89
PTHR23083	29765.91	29049.43	11977.46	488.57	405.15
PTHR23084	6625.16	6446.05	2320.18	149.34	123.85
PTHR23086	6179.0	5999.88	620.64	32.37	26.85
PTHR18806	3810.0	3720.45	2027.69	86.81	71.99
PTHR31953	1816.0	1771.22	357.0	16.36	13.56
PTHR15184	9896.3	9672.41	20056.71	932.88	773.62
PTHR15341	799.0	754.22	212.0	22.93	19.02
PTHR14744	1242.0	1152.51	30.0	4.2	3.48
PTHR15169	1388.0	1343.22	64.0	3.87	3.21
PTHR12341	11277.08	11008.43	4557.08	117.38	97.34
PTHR15160	5322.32	5143.21	2020.73	103.58	85.89
PTHR18937	20852.85	20584.19	4477.33	95.31	79.04
PTHR18934	26581.92	25865.48	14969.96	608.42	504.52
PTHR12742	2322.0	2277.22	3163.68	112.64	93.41
PTHR12741	1560.0	1515.22	451.0	24.17	20.04
PTHR16557	1964.0	1874.44	125.0	11.33	9.4
PTHR19288	5484.24	5305.13	3206.82	176.86	146.67
PTHR12975	4122.0	3987.66	296.0	17.37	14.39
PTHR13902	2639.99	2595.21	1165.0	36.38	30.17
PTHR13903	1438.0	1393.22	1700.16	99.13	82.21
PTHR22753	2304.0	2214.44	48.0	3.64	3.02
PTHR30615	1755.15	1665.59	395.0	41.47	34.4
PTHR22939	14512.45	14064.77	5776.58	252.35	209.25
PTHR22938	3864.0	3729.66	834.0	53.52	44.38
PTHR16266	4636.6	4502.27	347.0	18.11	15.02
PTHR21597	5700.0	5655.22	1679.49	24.03	19.93
PTHR22932	876.0	831.22	557.97	54.72	45.37
PTHR21228	20941.45	20404.18	6212.18	289.39	239.99
PTHR13343	3649.44	3515.11	3175.06	224.14	185.88
PTHR22936	2747.0	2612.66	419.0	39.6	32.84
PTHR31038	1402.0	1357.22	1956.76	117.14	97.14
PTHR13832	36874.3	35710.13	17759.76	830.82	689.0
PTHR21139	1309.2	1264.42	1671.0	107.41	89.08
PTHR21136	3418.0	3283.66	2334.0	173.09	143.55
PTHR12526	39309.64	38414.2	19787.73	591.63	490.64
PTHR13120	807.0	762.22	480.0	51.37	42.6
PTHR22809	2879.0	2744.67	558.0	47.42	39.32
PTHR22807	4491.07	4401.52	876.0	33.05	27.4
PTHR20661	2106.0	2016.44	85.0	6.74	5.58
PTHR10900	17036.19	16454.12	12902.22	784.53	650.58
PTHR10906	2767.0	2677.44	5184.17	224.09	185.84
PTHR10909	17911.0	17508.01	18768.97	647.9	537.28
PTHR10055	3197.0	3107.44	1456.0	75.21	62.37
PTHR10057	1659.0	1569.44	1087.0	93.78	77.77
PTHR10052	1068.0	1023.22	21057.86	1674.89	1388.94
PTHR13017	860.0	815.22	41.0	4.1	3.4
PTHR13018	17803.6	17490.14	9071.76	244.93	203.11
PTHR10694	9204.35	8980.53	3148.49	139.42	115.61
PTHR12839	2549.07	2459.52	250.0	18.02	14.95
PTHR12835	727.0	682.22	72.0	8.62	7.15
PTHR24031	57076.24	55330.18	86127.48	4456.79	3695.87
PTHR24032	3060.46	2926.13	606.0	49.4	40.96
PTHR24349	22094.55	21512.51	9199.61	382.54	317.24
PTHR24619	5979.0	5844.66	1200.0	38.31	31.77
PTHR24343	28235.16	27429.15	23792.54	866.08	718.21
PTHR11472	10848.42	10490.2	4595.0	153.93	127.67
PTHR24347	14744.64	14341.75	2901.26	127.66	105.86
PTHR11476	1748.0	1703.22	880.94	41.98	34.81
PTHR11477	3648.75	3559.23	1355.0	53.85	44.66
PTHR10438	22855.87	22139.39	19921.47	1277.5	1059.4
PTHR10476	5598.27	5508.71	4654.83	197.51	163.79
PTHR24290	3600.0	3465.66	1307.0	88.33	73.25
PTHR23413	574.0	529.22	17881.9	2766.74	2294.38
PTHR23417	2290.98	2201.42	899.0	66.68	55.29
PTHR23416	1456.92	1412.14	553.0	31.81	26.38
PTHR23415	1058.0	1013.22	1772.0	142.34	118.04
PTHR12736	1760.38	1715.6	450.0	21.29	17.65
PTHR10871	1508.0	1418.44	20931.37	2552.88	2117.03
PTHR10877	1376.0	1241.77	11.0	1.84	1.52
PTHR11879	5645.78	5466.79	2327.69	101.15	83.88
PTHR11659	1606.52	1561.75	830.0	43.15	35.78
PTHR31096	3943.23	3808.89	5077.0	324.33	268.96
PTHR31098	4404.0	4359.22	7244.59	134.54	111.57
PTHR11655	1974.0	1884.44	29355.64	2755.79	2285.29
PTHR11652	720.0	675.22	21207.93	2564.95	2127.04
PTHR20883	2097.0	2007.44	731.0	54.85	45.49
PTHR11895	6240.75	6106.42	770.0	27.97	23.2
PTHR10277	3846.0	3711.66	1190.0	77.23	64.05
PTHR14027	3452.0	3407.22	1276.0	30.33	25.15
PTHR12320	6237.35	6103.01	3528.5	140.38	116.41
PTHR24095	16718.74	16136.73	56067.85	1683.74	1396.28
PTHR11246	9485.0	9350.66	6135.39	165.47	137.22
PTHR24092	4620.0	4575.22	3384.0	59.87	49.65
PTHR24093	32467.48	31795.9	41311.84	1314.41	1090.01
PTHR23180	11422.11	11108.67	9366.1	430.33	356.87
PTHR14593	2663.64	2574.08	432.0	27.46	22.77
PTHR11093	3421.0	3331.44	2186.93	106.6	88.4
PTHR11096	1624.24	1534.68	86.0	8.82	7.31
PTHR23346	8462.0	8327.66	1368.99	23.56	19.54
PTHR11099	2595.0	2550.22	1153.37	36.66	30.4
PTHR10309	1913.0	1868.22	1258.0	54.63	45.3
PTHR14107	683.61	638.84	79.0	10.1	8.38
PTHR11252	4749.13	4704.36	4816.28	82.87	68.72
PTHR11254	14578.52	14220.33	3188.0	102.97	85.39
PTHR11255	1737.94	1693.17	296.0	14.19	11.77
PTHR14110	4148.25	3969.13	3640.83	315.99	262.03
PTHR14374	1535.0	1490.22	52.0	2.83	2.35
PTHR18838	2163.0	2118.22	968.99	37.1	30.76
PTHR15074	1628.0	1583.22	128.0	6.56	5.44
PTHR12687	2375.0	2285.45	2796.99	154.27	127.92
PTHR15157	3366.02	3231.69	486.0	38.69	32.08
PTHR18901	12165.0	11941.1	4697.83	147.93	122.68
PTHR12281	1396.0	1351.22	1650.0	99.22	82.28
PTHR12755	591.0	546.22	164.0	24.58	20.38
PTHR12750	2108.45	2063.68	1288.0	50.62	41.98
PTHR12753	1215.14	1170.36	589.38	40.95	33.96
PTHR15081	1740.14	1695.36	669.29	32.04	26.57
PTHR15574	7188.27	6964.38	1198.05	69.15	57.34
PTHR24007	357.0	312.26	21.0	5.55	4.6
PTHR13931	3284.05	3239.27	466.0	11.65	9.66
PTHR12358	7157.29	6888.62	2449.05	156.31	129.62
PTHR12356	1948.26	1858.7	422.0	39.84	33.04
PTHR12221	2347.0	2257.44	2256.81	165.0	136.82
PTHR30603	4411.0	4321.44	3265.79	111.49	92.46
PTHR12226	1653.0	1608.22	296.49	14.97	12.41
PTHR19877	1068.0	1023.22	1525.0	121.29	100.59
PTHR31442	557.0	512.22	436.0	69.73	57.82
PTHR12538	617.0	572.22	11182.46	1598.69	1325.75
PTHR12537	3477.74	3388.18	3590.9	154.25	127.92
PTHR12532	1288.0	1243.22	845.02	55.25	45.82
PTHR13486	675.0	630.22	248.0	32.16	26.67
PTHR20275	2910.0	2820.44	1418.85	81.1	67.26
PTHR13489	2185.25	2095.69	381.26	29.91	24.8
PTHR17583	8276.0	8141.67	1493.23	42.85	35.55
PTHR13572	1568.43	1523.66	76.0	4.05	3.36
PTHR24198	20700.37	19983.95	4528.81	247.47	205.21
PTHR10048	5033.64	4809.75	667.0	57.26	47.49
PTHR21704	2909.14	2819.59	527.0	21.24	17.61
PTHR10046	921.0	876.22	235.0	21.85	18.12
PTHR10044	5245.0	5155.44	1069.02	39.18	32.5
PTHR13060	1573.0	1528.22	221.0	11.74	9.74
PTHR10687	1284.0	1239.22	1446.0	94.85	78.66
PTHR13069	4474.0	4294.89	1176.0	72.27	59.93
PTHR13068	8079.95	7856.07	3466.01	201.01	166.69
PTHR10682	2651.94	2562.38	2443.01	154.73	128.31
PTHR12829	884.0	839.22	49.0	4.76	3.95
PTHR12820	2966.39	2921.62	658.0	18.25	15.13
PTHR12826	1381.0	1336.22	2156.92	131.16	108.77
PTHR12827	986.0	941.22	33.0	2.86	2.37
PTHR17920	2628.0	2583.22	875.0	27.45	22.77
PTHR10137	1631.0	1586.22	706.0	36.14	29.97
PTHR11405	9217.62	9038.5	15258.27	514.95	427.04
PTHR11404	2587.0	2542.22	4590.96	146.37	121.38
PTHR11406	1474.43	1429.65	6055.65	344.04	285.3
PTHR32357	1724.0	1679.22	527.0	25.47	21.12
PTHR13468	1277.14	1232.37	938.0	61.87	51.31
PTHR23406	3985.0	3895.44	1082.07	45.51	37.74
PTHR23407	2266.18	2221.41	346.0	12.63	10.47
PTHR10869	12395.97	11992.97	4236.0	247.26	205.05
PTHR31717	4873.67	4784.11	7018.55	238.4	197.7
PTHR12452	650.0	605.22	321.02	43.37	35.96
PTHR13393	2910.0	2865.22	200.0	5.66	4.69
PTHR12696	4002.57	3957.79	1294.0	26.47	21.95
PTHR11315	3663.0	3573.44	564.0	25.75	21.35
PTHR10139	2373.0	2328.22	397.0	13.82	11.46
PTHR10264	4424.0	4244.89	2755.0	163.29	135.41
PTHR10263	2008.0	1918.44	3872.88	323.89	268.59
PTHR31155	2241.36	2196.59	8041.37	296.84	246.16
PTHR32170	2900.12	2810.69	594.0	43.75	36.28
PTHR23350	505.0	460.23	161.0	28.7	23.8
PTHR23354	2843.0	2798.22	1631.0	47.23	39.17
PTHR23355	8299.09	8075.24	946.0	44.19	36.65
PTHR23359	7213.05	6989.15	7234.56	508.8	421.93
PTHR11227	2303.34	2213.79	381.57	30.24	25.07
PTHR11220	4267.39	4043.5	694.0	76.81	63.7
PTHR13162	6879.0	6789.48	3951.29	49.42	40.98
PTHR11229	1929.0	1839.44	5871.0	499.92	414.58
PTHR10314	20313.27	19596.82	23022.93	1216.66	1008.98
PTHR11035	1315.0	1270.22	168.0	10.75	8.91
PTHR14303	730.0	685.22	322.0	38.37	31.82
PTHR14085	2004.0	1959.22	2022.73	83.75	69.45
PTHR11139	25484.45	25126.23	20863.46	246.67	204.57
PTHR15362	1118.0	1073.22	231.0	17.51	14.52
PTHR11132	22887.73	22216.05	19169.16	931.4	772.39
PTHR11134	4896.11	4761.78	2243.0	120.45	99.89
PTHR11136	3000.0	2910.44	456.0	27.31	22.65
PTHR32374	7436.79	7257.67	7041.3	241.91	200.61
PTHR31579	8346.54	8122.65	7650.84	337.58	279.95
PTHR18919	3135.73	2956.69	3747.0	208.27	172.72
PTHR32002	15953.08	15415.74	8297.94	475.23	394.11
PTHR14413	950.0	905.22	2891.0	260.15	215.73
PTHR22891	1954.0	1909.22	188.0	7.99	6.62
PTHR22893	1403.56	1358.78	1088.36	65.08	53.97
PTHR10778	4853.0	4718.66	3704.24	180.32	149.54
PTHR10072	2478.0	2433.22	3679.0	122.56	101.64
PTHR12786	2468.0	2378.44	1178.0	78.52	65.11
PTHR11706	4379.0	4289.44	2461.0	90.94	75.41
PTHR12782	1285.0	1240.22	978.03	64.1	53.16
PTHR11742	7394.59	7215.47	2159.96	81.61	67.68
PTHR21213	2120.0	2075.22	2886.18	112.79	93.54
PTHR10182	1189.0	1144.22	693.0	49.26	40.85
PTHR13923	808.11	763.33	595.0	63.58	52.73
PTHR11210	674.0	629.22	1019.0	132.35	109.75
PTHR12321	2229.0	2139.44	2598.0	193.76	160.67
PTHR25040	3683.0	3548.66	1688.9	101.83	84.45
PTHR12323	2155.0	2020.67	245.0	29.69	24.63
PTHR10344	903.0	858.22	107.99	10.25	8.5
PTHR21015	1516.06	1471.28	1073.1	59.24	49.12
PTHR16196	1877.0	1787.44	398.0	36.24	30.06
PTHR16193	649.98	605.21	451.0	60.92	50.52
PTHR22792	4855.66	4766.11	7136.64	243.37	201.82
PTHR22790	2056.0	1966.44	110.0	9.18	7.62
PTHR21680	1126.0	1081.22	785.0	59.07	48.98
PTHR21689	2669.98	2580.43	1209.91	65.31	54.16
PTHR21113	2312.41	2222.86	210.0	15.55	12.9
PTHR21663	2362.0	2317.22	182.0	6.37	5.28
PTHR13253	14067.31	13574.75	6088.03	361.59	299.86
PTHR12446	6617.23	6438.12	3662.82	108.95	90.35
PTHR22603	1853.48	1763.94	363.91	31.5	26.13
PTHR21206	905.0	860.22	159.82	15.14	12.56
PTHR13789	13703.57	13345.35	3530.03	163.2	135.34
PTHR10071	14644.61	14241.62	10631.02	474.09	393.13
PTHR24188	12770.27	12367.26	737.23	47.34	39.25
PTHR13780	9339.32	9115.44	11027.03	521.6	432.56
PTHR10670	4434.08	4344.53	537.0	18.0	14.93
PTHR10677	4448.98	4314.64	356.99	18.72	15.53
PTHR13078	3085.0	2995.44	122.0	9.82	8.14
PTHR12815	4560.0	4470.44	3214.0	96.62	80.12
PTHR12814	978.9	934.12	1142.0	99.56	82.56
PTHR24361	8878.0	8564.7	3101.45	131.12	108.73
PTHR24362	11865.68	11507.48	7759.13	266.89	221.34
PTHR10416	1591.0	1546.22	212.0	11.13	9.23
PTHR10410	2653.0	2563.44	1909.0	123.08	102.07
PTHR10783	6419.42	6195.53	2704.13	178.43	147.98
PTHR10782	2452.0	2407.22	449.0	15.12	12.54
PTHR13476	774.0	729.22	228.0	25.51	21.16
PTHR10788	2773.0	2728.22	2986.07	88.69	73.55
PTHR10891	8178.01	7864.59	2639.01	158.01	131.05
PTHR10890	947.0	857.48	74.0	13.74	11.39
PTHR20426	1960.32	1915.55	1272.0	53.87	44.67
PTHR23213	4955.0	4820.66	801.0	40.96	33.97
PTHR10520	8513.0	8333.88	7644.97	318.84	264.4
PTHR10250	2229.0	2139.44	921.95	60.58	50.23
PTHR10527	6880.0	6790.44	6924.62	166.16	137.79
PTHR31384	1763.0	1718.22	118.0	5.57	4.62
PTHR10098	2031.23	1941.68	948.0	65.87	54.62
PTHR10091	2677.0	2587.44	491.55	30.35	25.17
PTHR31142	1580.0	1535.22	1726.92	91.34	75.74
PTHR31140	2845.0	2755.44	567.0	27.71	22.97
PTHR31412	3765.0	3675.44	1323.0	48.99	40.62
PTHR11787	5959.0	5824.68	1988.1	35.93	29.79
PTHR11785	14935.24	14621.79	10247.2	331.61	274.99
PTHR11782	2722.96	2633.43	1450.0	133.66	110.84
PTHR11780	1354.0	1219.73	116.0	23.19	19.23
PTHR32497	5019.57	4930.01	1429.19	45.59	37.81
PTHR32148	5701.0	5477.11	17625.15	2076.69	1722.14
PTHR23324	7090.4	6956.07	1780.02	71.79	59.55
PTHR23327	4746.1	4611.76	513.0	26.14	21.66
PTHR23326	3043.0	2908.66	1606.18	148.96	123.53
PTHR23321	5205.0	5070.66	5008.77	239.44	198.57
PTHR23323	4761.8	4627.46	716.0	38.2	31.67
PTHR23322	1359.78	1270.23	296.0	37.37	30.99
PTHR23329	4246.0	4111.66	1154.0	58.06	48.14
PTHR11236	4421.15	4331.59	2094.0	76.89	63.77
PTHR11364	1102.0	1057.22	420.0	32.32	26.81
PTHR20932	2759.0	2669.44	1129.2	61.5	51.0
PTHR10322	16965.53	16562.56	4704.71	128.97	106.95
PTHR11239	4544.0	4409.66	3170.01	150.93	125.15
PTHR10803	3827.0	3692.66	1343.0	78.19	64.84
PTHR31964	15986.05	15448.69	6964.37	534.27	443.05
PTHR10552	1650.49	1605.72	2075.01	104.91	87.0
PTHR23030	2420.0	2375.22	1027.0	35.05	29.07
PTHR11129	3312.0	3222.44	950.09	47.26	39.19
PTHR11122	6534.03	6354.92	4531.95	203.51	168.76
PTHR15316	2725.11	2590.79	1725.0	152.95	126.83
PTHR11127	549.0	504.23	12280.14	1995.43	1654.75
PTHR11125	3423.0	3378.22	1125.15	26.98	22.37
PTHR31566	2019.0	1974.22	531.0	21.82	18.09
PTHR31567	1647.75	1602.99	896.68	45.41	37.66
PTHR31561	4845.04	4755.48	1706.0	56.31	46.69
PTHR15137	1837.6	1792.82	235.0	10.64	8.82
PTHR14950	6852.88	6718.57	779.0	19.79	16.42
PTHR15954	3331.0	3196.66	206.0	15.04	12.48
PTHR15952	2837.0	2792.22	1264.88	36.71	30.44
PTHR21319	6461.0	6237.12	2023.33	122.96	101.97
PTHR30612	3268.65	3223.87	4161.84	104.57	86.71
PTHR19271	5237.06	5147.5	1371.74	34.26	28.4
PTHR19861	1033.0	988.22	164.0	13.51	11.2
PTHR12022	1734.0	1689.22	2766.99	132.95	110.25
PTHR12233	1471.0	1426.22	514.0	29.27	24.28
PTHR12029	8333.99	8065.32	4588.54	279.63	231.9
PTHR21220	1075.17	1030.39	57.0	4.5	3.73
PTHR31221	1134.26	1089.48	857.98	64.07	53.13
PTHR22780	3612.1	3567.32	1897.0	43.06	35.71
PTHR21477	1343.9	1299.12	1094.0	68.43	56.75
PTHR19308	5271.0	5181.44	3854.62	120.8	100.17
PTHR16301	1349.56	1260.01	274.0	33.11	27.46
PTHR13265	2157.0	2112.22	477.0	18.31	15.19
PTHR22870	22438.39	21677.24	6309.99	311.41	258.23
PTHR17630	1036.0	991.22	121.0	9.94	8.24
PTHR10064	627.0	582.22	26819.08	3767.57	3124.34
PTHR10060	3922.29	3787.95	355.0	21.46	17.8
PTHR10663	22782.73	22469.27	4442.0	104.06	86.31
PTHR10666	2677.62	2498.53	32802.96	4022.53	3335.77
PTHR10668	12433.48	12120.02	1877.38	81.8	67.83
PTHR12265	2173.51	2128.73	304.0	11.58	9.6
PTHR12801	8234.09	8010.28	2577.0	121.68	100.91
PTHR12802	7367.87	7143.98	7280.58	359.76	298.33
PTHR12805	857.0	812.22	117.0	11.74	9.74
PTHR12806	919.97	875.21	287.0	26.72	22.16
PTHR21506	3200.0	3110.44	383.0	19.96	16.55
PTHR21091	10577.73	10219.56	10949.58	588.62	488.11
PTHR21090	1529.0	1484.22	3401.01	186.09	154.32
PTHR13734	1740.0	1695.22	591.08	28.3	23.47
PTHR24315	3392.0	3302.44	2976.0	216.54	179.58
PTHR24314	5553.79	5329.9	1101.0	71.62	59.39
PTHR11933	1630.33	1585.55	900.0	46.08	38.22
PTHR11932	7800.0	7665.66	5172.55	149.36	123.86
PTHR11934	3439.0	3349.44	2032.34	122.71	101.77
PTHR11937	5836.16	5657.04	9207.74	425.64	352.97
PTHR11938	13220.66	12996.76	23196.17	593.99	492.57
PTHR13683	3541.0	3496.22	1630.08	37.76	31.31
PTHR24089	34737.16	33438.57	34216.11	1913.6	1586.89
PTHR10796	7595.07	7460.74	2934.28	75.44	62.56
PTHR10794	4023.0	3888.66	469.0	29.13	24.17
PTHR10795	35406.91	34511.46	14212.64	644.12	534.19
PTHR10792	610.0	565.22	11251.97	1628.78	1350.7
PTHR10799	53658.35	52046.57	8665.76	384.79	319.09
PTHR10882	1141.3	1096.52	1418.04	105.2	87.24
PTHR10887	24416.22	23968.46	6677.81	208.24	172.69
PTHR11686	2171.0	2126.23	401.74	15.32	12.71
PTHR11685	5969.86	5835.53	2644.45	112.42	93.22
PTHR11680	1978.55	1933.77	7292.79	305.93	253.7
PTHR24221	18205.05	17623.09	11147.11	444.81	368.87
PTHR24220	7589.24	7275.82	5112.76	337.65	279.99
PTHR24223	10892.45	10623.79	5353.99	120.82	100.18
PTHR11689	9178.0	9043.66	1752.04	46.42	38.48
PTHR10252	2228.0	2093.66	197.0	22.44	18.61
PTHR13124	1019.0	974.22	740.1	61.85	51.29
PTHR31173	4539.0	4449.44	1504.0	44.56	36.95
PTHR10997	12502.25	12323.13	4399.3	100.07	82.98
PTHR31385	3727.08	3592.75	1280.08	89.75	74.42
PTHR31356	7041.05	6861.93	10896.32	624.58	517.96
PTHR31724	3860.07	3680.99	829.98	56.51	46.87
PTHR31352	3154.0	3064.44	2794.04	124.43	103.19
PTHR31350	9727.7	9414.24	5407.44	250.53	207.76
PTHR11758	654.0	609.22	14489.57	1944.33	1612.37
PTHR23333	1084.0	1039.22	654.08	51.22	42.47
PTHR11751	14726.67	14413.23	8167.52	304.68	252.66
PTHR11753	2846.0	2711.66	2245.91	200.39	166.18
PTHR11752	20914.25	20377.04	10002.37	264.91	219.68
PTHR24423	16091.0	15732.76	9049.32	345.0	286.1
PTHR11206	15636.46	15233.46	3611.26	156.29	129.58
PTHR11757	5571.0	5391.88	864.0	37.26	30.89
PTHR24420	49516.55	48486.68	18991.86	594.72	493.18
PTHR10332	2955.51	2865.95	1104.01	50.11	41.55
PTHR32557	1872.0	1827.22	2785.68	123.7	102.58
PTHR14145	3161.53	3071.97	1104.0	60.41	50.1
PTHR20922	2545.11	2455.56	753.0	74.09	61.44
PTHR13600	2335.0	2245.45	233.0	28.95	24.0
PTHR15744	1780.62	1735.84	627.0	29.31	24.31
PTHR23029	9616.33	9302.96	2649.26	128.42	106.51
PTHR23023	7188.55	7009.44	828.0	37.87	31.41
PTHR12847	2240.0	2105.68	483.0	43.58	36.15
PTHR11119	8586.38	8407.27	3697.98	125.96	104.46
PTHR31595	9765.15	9406.93	895.28	51.66	42.84
PTHR31596	4198.0	4108.44	1606.0	57.52	47.7
PTHR15948	1502.64	1457.86	57.0	3.18	2.63
PTHR32026	877.0	832.22	40.0	3.92	3.25
PTHR31829	1475.0	1430.22	3315.96	188.32	156.17
PTHR31419	2006.0	1916.44	86.0	7.1	5.89
PTHR14898	1307.84	1263.09	679.93	43.75	36.28
PTHR19241	45954.11	44834.75	21360.64	738.79	612.68
PTHR14894	2100.45	2010.89	335.0	26.5	21.98
PTHR15239	1778.95	1734.17	303.12	14.19	11.76
PTHR12497	2622.03	2532.48	760.73	44.85	37.19
PTHR12304	1333.0	1288.22	89.0	5.61	4.66
PTHR30540	4290.0	4245.22	75.0	1.43	1.19
PTHR30544	4555.91	4466.35	2470.0	118.03	97.88
PTHR13302	2546.0	2501.22	510.0	16.53	13.71
PTHR12472	1409.0	1319.45	113.0	14.34	11.89
PTHR13308	6466.41	6287.33	6948.66	296.91	246.22
PTHR12477	3973.5	3883.94	1234.6	52.61	43.62
PTHR13878	1962.95	1918.17	476.65	20.16	16.72
PTHR21461	3923.0	3788.66	342.0	21.53	17.85
PTHR13872	528.0	483.23	14179.45	2405.51	1994.82
PTHR22849	9803.86	9579.97	3136.0	79.01	65.51
PTHR21314	2202.0	2112.44	215.0	16.62	13.78
PTHR13271	21076.96	20405.28	6400.37	356.37	295.51
PTHR22841	5354.0	5174.88	2092.97	137.14	113.73
PTHR13273	1137.0	1092.22	847.04	63.09	52.32
PTHR22847	28487.14	27546.86	8199.41	470.3	390.01
PTHR22846	2261.0	2216.22	891.0	32.6	27.03
PTHR22844	20131.21	19504.31	7150.42	337.92	280.26
PTHR23270	1319.0	1274.22	1035.0	66.02	54.75
PTHR11601	7766.0	7586.88	4276.16	166.56	138.12
PTHR21266	4183.0	4003.88	1839.99	127.53	105.75
PTHR12271	6829.09	6694.75	2461.0	86.51	71.74
PTHR21262	3703.0	3658.22	1629.0	36.06	29.9
PTHR12276	2360.28	2225.95	826.0	75.87	62.92
PTHR10657	1777.0	1687.44	682.0	75.86	62.91
PTHR10655	4729.06	4594.72	1915.38	79.53	65.95
PTHR10652	2133.71	2044.15	640.0	48.99	40.62
PTHR17972	4494.0	4449.22	2918.23	53.1	44.03
PTHR10751	5649.0	5514.66	1504.0	49.19	40.79
PTHR21085	1517.0	1472.22	2001.0	110.39	91.54
PTHR11922	4976.91	4753.04	1744.77	136.03	112.81
PTHR11926	3132.16	2997.82	545.0	39.08	32.41
PTHR11431	1287.42	1242.64	4478.88	292.98	242.96
PTHR10430	2560.0	2425.66	1767.01	186.19	154.4
PTHR10436	8866.37	8552.91	2634.95	135.78	112.58
PTHR10434	2546.0	2456.44	624.99	41.12	34.1
PTHR24096	6433.76	6254.66	14220.71	587.16	486.91
PTHR13693	5773.43	5639.09	1872.22	77.53	64.3
PTHR13691	3295.0	3160.66	23401.69	1755.33	1455.64
PTHR13451	6602.82	6423.7	598.99	23.49	19.48
PTHR13452	1024.0	979.22	885.0	73.58	61.01
PTHR10759	530.0	485.23	9528.11	1609.67	1334.85
PTHR12901	1851.0	1806.22	491.0	22.06	18.29
PTHR12903	3156.0	3111.22	3108.0	80.92	67.11
PTHR23237	1005.0	960.22	4269.0	361.98	300.18
PTHR10501	1538.22	1448.66	673.0	76.32	63.29
PTHR31169	6229.2	6005.3	3093.93	245.08	203.23
PTHR11426	1437.54	1347.98	164.0	24.48	20.3
PTHR14087	3340.0	3250.44	454.11	15.18	12.59
PTHR23309	3724.0	3634.44	3912.01	132.84	110.16
PTHR31344	3512.27	3467.49	1930.0	45.08	37.38
PTHR31619	2033.0	1988.22	4177.3	170.42	141.33
PTHR23306	1754.35	1664.79	356.0	34.81	28.86
PTHR23305	2996.0	2861.74	7421.99	454.27	376.71
PTHR14089	1137.0	1092.22	55.0	4.1	3.4
PTHR11748	5871.66	5647.79	1162.5	62.27	51.63
PTHR11214	4936.0	4801.66	2120.0	104.81	86.92
PTHR11216	3390.19	3255.87	531.01	35.79	29.68
PTHR14154	3567.6	3343.71	1162.11	121.9	101.07
PTHR14155	5047.03	4957.47	1746.01	47.04	39.01
PTHR14152	566.0	521.22	236.0	37.08	30.75
PTHR11699	11759.64	11401.42	59364.39	2664.14	2209.31
PTHR11692	2300.0	2255.22	2969.78	106.77	88.54
PTHR11693	1554.0	1509.22	10030.7	539.72	447.57
PTHR11695	12418.44	12015.45	5930.22	356.68	295.79
PTHR31760	490.0	445.23	195.0	35.94	29.81
PTHR31906	11010.97	10607.95	2647.0	223.25	185.11
PTHR21419	2246.0	2201.22	577.0	21.25	17.63
PTHR23012	9065.56	8752.12	2910.33	171.49	142.2
PTHR11101	7535.84	7177.63	7689.8	574.15	476.12
PTHR11102	6287.9	6153.56	1897.3	105.3	87.33
PTHR11106	782.0	737.22	86.0	9.52	7.89
PTHR31585	1504.01	1459.23	1203.99	67.01	55.57
PTHR32125	1927.0	1837.44	799.97	90.19	74.79
PTHR31588	3973.0	3883.44	1107.0	47.61	39.48
PTHR32120	1371.0	1326.22	311.0	19.06	15.8
PTHR15680	1853.0	1763.44	770.0	73.3	60.78
PTHR11804	6455.78	6276.69	3375.47	109.7	90.97
PTHR11374	1705.0	1660.22	9577.0	468.24	388.29
PTHR10281	950.0	905.22	152.0	13.68	11.34
PTHR18895	553.0	508.22	177.0	28.53	23.66
PTHR12169	3708.75	3619.21	2919.0	149.4	123.89
PTHR12486	1542.86	1453.3	47.0	5.21	4.33
PTHR12480	3659.73	3525.39	422.0	26.2	21.73
PTHR12482	1359.85	1270.31	399.0	46.68	38.71
PTHR12317	2483.0	2393.44	946.0	54.72	45.38
PTHR12649	1233.15	1188.38	1159.0	79.3	65.76
PTHR10099	4517.0	4472.22	8003.71	144.87	120.14
PTHR13992	2800.0	2755.22	571.0	16.79	13.93
PTHR12461	7490.72	7266.82	1935.04	99.02	82.11
PTHR12466	931.0	886.22	281.0	25.83	21.42
PTHR13847	12434.21	12031.21	4387.79	236.17	195.85
PTHR32251	4860.15	4725.81	2227.2	106.88	88.63
PTHR26312	3445.0	3310.66	1345.0	81.67	67.72
PTHR12000	1527.0	1482.22	475.0	26.03	21.58
PTHR12001	3700.83	3611.28	4985.28	243.45	201.88
PTHR21327	4002.63	3913.07	3886.8	161.38	133.83
PTHR21631	3949.15	3859.6	25402.04	1055.86	875.59
PTHR22854	5390.18	5255.85	2575.91	143.54	119.03
PTHR22855	6508.6	6329.49	5486.87	249.73	207.1
PTHR22850	12414.69	12056.45	8406.94	495.0	410.47
PTHR22504	2021.0	1976.22	2650.98	108.81	90.23
PTHR12189	1155.7	1110.92	218.0	15.96	13.24
PTHR21256	3600.0	3510.44	4952.11	195.83	162.4
PTHR12266	2971.0	2881.44	1277.97	76.57	63.5
PTHR10648	4132.32	4042.76	2831.05	113.83	94.39
PTHR10641	13153.46	12884.79	6470.99	212.38	176.13
PTHR10644	13290.01	13021.34	7668.35	225.22	186.77
PTHR12864	3915.49	3736.39	779.0	66.57	55.22
PTHR12860	2905.0	2860.22	1247.8	35.35	29.31
PTHR13194	750.0	705.22	92.0	10.65	8.83
PTHR13190	1017.47	972.69	817.19	68.4	56.72
PTHR13193	501.0	456.23	152.22	27.37	22.7
PTHR11913	684.0	639.22	247.0	31.57	26.18
PTHR11911	7500.84	7321.72	24882.32	1117.98	927.12
PTHR11910	1133.0	1088.22	6048.84	452.19	374.99
PTHR11918	6710.76	6486.91	3109.62	153.05	126.93
PTHR12919	779.0	734.22	2854.08	317.19	263.04
PTHR12910	1695.0	1605.44	1734.17	167.38	138.8
PTHR12917	6447.45	6268.33	1099.0	55.16	45.75
PTHR11351	2070.0	2025.22	5412.12	216.75	179.74
PTHR11353	10766.9	10408.67	12590.32	811.88	673.28
PTHR11599	13611.0	13028.86	10651.83	857.58	711.15
PTHR10516	12366.53	11873.95	3710.53	340.55	282.39
PTHR11592	5187.71	4963.82	2389.06	183.87	152.49
PTHR31620	1587.0	1542.22	4815.18	253.52	210.24
PTHR23315	8993.07	8679.62	3024.0	108.73	90.16
PTHR23316	2252.0	2207.22	3420.01	125.64	104.19
PTHR11778	3103.0	3013.44	2567.15	132.67	110.02
PTHR11774	1201.0	1156.22	114.0	8.02	6.65
PTHR11773	3594.0	3549.22	2101.04	47.94	39.76
PTHR11772	6608.0	6384.1	7278.16	288.17	238.96
PTHR10357	18584.97	18181.95	14373.28	477.17	395.71
PTHR10353	1668.36	1623.58	602.0	30.1	24.96
PTHR10350	4408.0	4363.22	1634.0	30.32	25.14
PTHR10351	2800.05	2710.5	8839.6	713.13	591.38
PTHR10359	5635.17	5456.06	1049.0	52.78	43.77
PTHR31750	2087.17	2042.4	267.0	10.6	8.79
PTHR23418	1527.0	1482.22	1253.0	68.65	56.93
PTHR14189	1908.77	1864.0	1532.0	66.68	55.3
PTHR31245	1570.0	1525.22	1280.95	68.2	56.55
PTHR23001	2070.0	2025.22	2742.1	109.82	91.07
PTHR23002	2091.0	2001.44	221.0	21.85	18.12
PTHR30178	3593.42	3459.08	35643.29	2805.04	2326.15
PTHR22904	17497.22	16870.31	3814.6	217.56	180.43
PTHR11177	24596.81	23835.55	23979.4	1197.56	993.1
PTHR11178	1500.0	1455.22	805.84	44.98	37.3
PTHR14456	1246.59	1157.04	55.0	7.81	6.47
PTHR31808	1560.0	1515.22	806.0	43.2	35.82
PTHR31803	4213.0	4078.66	1688.98	66.21	54.91
PTHR11009	2027.37	1937.82	213.0	18.12	15.03
PTHR19229	16951.5	16727.6	4387.03	61.45	50.96
PTHR11005	3407.34	3317.78	736.0	41.43	34.35
PTHR11006	4114.02	4024.46	1355.0	57.64	47.79
PTHR18640	1921.0	1876.22	375.0	16.22	13.45
PTHR18866	18976.55	18573.56	15343.02	508.09	421.34
PTHR15588	2726.0	2636.44	4155.85	183.27	151.99
PTHR12677	7160.0	6980.88	2474.96	112.06	92.93
PTHR19134	1725.61	1680.83	2696.8	130.23	107.99
PTHR19139	7049.02	6825.13	783.83	47.93	39.73
PTHR30566	6860.46	6681.34	938.0	42.15	34.96
PTHR12459	1900.0	1855.22	242.0	10.58	8.78
PTHR12456	2147.71	2058.15	194.0	14.5	12.02
PTHR22931	6971.0	6881.44	4943.89	103.22	85.6
PTHR19359	8682.34	8413.67	3492.22	185.86	154.12
PTHR12072	3112.0	3022.44	566.07	26.25	21.76
PTHR13218	953.0	908.22	65.0	5.83	4.83
PTHR13215	1530.0	1440.44	151.99	16.81	13.93
PTHR13213	1592.18	1502.62	2098.0	216.1	179.21
PTHR12290	1974.79	1930.02	278.0	11.68	9.69
PTHR21530	6359.0	6135.1	1548.0	96.6	80.12
PTHR12295	4144.0	4099.22	483.96	9.56	7.93
PTHR12298	6997.39	6773.51	2870.18	143.8	119.25
PTHR10638	3175.65	3130.88	2185.99	56.56	46.9
PTHR10634	1401.0	1356.22	1734.18	103.89	86.15
PTHR10631	2597.0	2507.44	1419.0	72.06	59.76
PTHR10984	4139.0	4004.66	2874.78	179.09	148.52
PTHR13501	1767.46	1677.9	5709.36	602.75	499.84
PTHR13505	677.0	632.22	100.0	12.93	10.72
PTHR12850	449.0	404.23	25243.99	5132.57	4256.3
PTHR12856	678.0	633.22	129.99	16.77	13.91
PTHR12855	1721.0	1676.22	977.0	47.31	39.23
PTHR12854	2761.99	2672.43	1395.03	83.92	69.59
PTHR13182	620.0	575.22	325.0	46.22	38.33
PTHR10855	1808.0	1763.22	1386.95	63.83	52.93
PTHR10743	971.0	926.22	515.0	45.28	37.55
PTHR10742	19435.44	18987.67	7185.8	313.27	259.79
PTHR10745	2340.0	2295.22	4977.91	175.84	145.82
PTHR10744	1577.0	1487.44	30255.98	2792.01	2315.34
PTHR10746	3446.33	3356.77	6856.58	455.62	377.84
PTHR12924	776.0	731.22	1620.0	180.79	149.92
PTHR23308	5864.72	5640.82	3073.0	272.85	226.27
PTHR11349	1622.0	1532.44	6054.79	680.27	564.12
PTHR10566	20538.38	20045.85	8950.84	334.52	277.42
PTHR11588	3030.0	2895.67	17764.27	920.05	762.97
PTHR10291	1100.0	1055.22	267.0	20.59	17.07
PTHR11584	8065.79	7886.67	2376.0	123.97	102.81
PTHR11586	1043.0	998.22	391.0	31.88	26.44
PTHR11909	6549.53	6370.42	10189.12	392.65	325.61
PTHR24320	11608.54	11250.32	1670.12	93.34	77.42
PTHR24322	19739.09	19022.62	8135.09	505.97	419.58
PTHR11907	2177.0	2132.22	2877.0	109.42	90.74
PTHR11760	1467.0	1377.44	37385.97	3843.73	3187.5
PTHR11761	1784.0	1694.44	17622.74	2353.94	1952.05
PTHR11766	1920.0	1830.44	698.0	63.35	52.54
PTHR11767	6266.22	6087.14	1941.33	86.89	72.06
PTHR10361	4675.27	4540.94	506.0	27.38	22.7
PTHR10366	14701.75	14164.42	23677.08	1422.93	1179.99
PTHR10169	3361.0	3316.22	1600.96	39.1	32.43
PTHR10168	5535.28	5311.43	2490.95	135.86	112.67
PTHR20973	1775.12	1730.34	142.0	6.66	5.52
PTHR10165	1540.0	1495.22	336.3	18.27	15.15
PTHR31032	3027.0	2937.44	5915.02	323.61	268.36
PTHR23257	143232.56	139382.24	63500.19	2511.79	2082.96
PTHR23253	2218.0	2173.22	117.0	4.37	3.62
PTHR14190	2516.0	2471.22	394.0	12.92	10.72
PTHR14194	9643.04	9284.82	6107.98	378.23	313.66
PTHR31251	28504.46	27474.58	8909.29	518.57	430.0
PTHR23074	15907.19	15414.64	4507.07	308.55	255.88
PTHR23077	11359.24	10732.49	2585.99	223.7	185.49
PTHR23076	16745.05	16118.18	11923.24	731.04	606.22
PTHR12561	1517.0	1472.22	680.7	37.55	31.14
PTHR23073	7501.07	7142.86	8888.49	839.62	696.3
PTHR10293	3998.74	3819.62	2099.94	196.76	163.18
PTHR23078	1748.0	1658.44	741.0	72.85	60.42
PTHR11165	2277.0	2187.44	4071.49	302.18	250.59
PTHR10772	3727.69	3593.35	5460.8	371.27	307.88
PTHR32100	5352.0	5217.66	12559.74	636.42	527.77
PTHR14445	2181.0	2091.44	981.0	77.44	64.22
PTHR31811	2347.36	2257.81	281.0	19.17	15.89
PTHR23102	4091.13	3956.79	1669.99	90.79	75.29
PTHR23105	6003.99	5735.33	55552.6	4443.69	3685.02
PTHR11010	8532.57	8353.46	2926.0	114.76	95.18
PTHR11014	6051.37	5872.28	1058.0	45.34	37.59
PTHR12668	3919.0	3829.44	3180.0	127.34	105.6
PTHR12661	3303.0	3258.22	3847.12	95.64	79.31
PTHR12663	4219.06	4174.28	1063.38	20.62	17.1
PTHR12664	1350.36	1305.58	1577.0	98.16	81.4
PTHR16166	32168.58	31720.8	5386.07	145.0	120.23
PTHR12111	867.0	822.22	466.0	46.2	38.31
PTHR12447	602.0	557.22	13.0	1.91	1.58
PTHR15481	778.0	733.22	105.0	11.69	9.69
PTHR26379	2088.0	1998.44	2471.29	186.52	154.67
PTHR12599	1259.0	1214.22	681.0	45.6	37.81
PTHR12596	3743.0	3698.22	873.0	19.12	15.85
PTHR12590	894.12	849.34	174.0	16.7	13.85
PTHR12066	4326.17	4147.06	251.0	19.11	15.84
PTHR12064	3924.0	3789.67	2138.75	82.77	68.64
PTHR13226	1688.36	1598.8	139.0	12.78	10.59
PTHR13889	2988.0	2943.22	3334.09	91.78	76.11
PTHR13887	1074.0	1029.22	384.0	30.36	25.18
PTHR21181	670.0	625.22	369.0	48.23	40.0
PTHR12412	2566.0	2521.22	556.0	17.87	14.82
PTHR13948	2249.99	2160.43	260.0	19.04	15.79
PTHR12146	1020.0	930.56	14286.25	2351.64	1950.15
PTHR10458	3066.0	2976.44	2453.67	128.55	106.6
PTHR19306	9193.83	9059.5	1270.0	33.01	27.37
PTHR12280	5156.26	5021.92	2627.0	117.9	97.77
PTHR11451	7353.45	7174.33	10655.42	399.14	331.0
PTHR12286	3433.81	3344.25	354.0	14.19	11.76
PTHR12415	5717.24	5538.14	208.0	10.29	8.53
PTHR30573	2341.0	2296.22	1383.58	48.85	40.51
PTHR22983	1153.0	1108.22	190.0	13.95	11.56
PTHR22981	1255.0	1210.22	428.0	28.75	23.84
PTHR10947	2702.0	2612.45	1899.43	101.26	83.97
PTHR30191	3004.13	2959.35	3035.11	83.09	68.9
PTHR13082	761.0	716.22	181.0	20.63	17.1
PTHR10629	3752.0	3617.66	180.0	11.64	9.66
PTHR10994	13198.47	12840.23	2841.94	144.93	120.2
PTHR10996	7878.88	7610.21	6258.16	251.41	208.49
PTHR10625	11469.74	11021.99	4902.01	246.93	204.78
PTHR10992	38495.44	37286.43	8832.75	477.32	395.85
PTHR10993	1797.0	1707.44	387.07	46.38	38.45
PTHR17695	4597.56	4463.23	1845.7	96.95	80.39
PTHR12848	2610.0	2520.44	441.0	28.39	23.54
PTHR12849	1895.0	1805.44	431.37	38.93	32.28
PTHR21712	1107.73	1062.95	69.0	5.28	4.38
PTHR21294	1490.65	1445.87	648.97	36.45	30.23
PTHR12841	938.0	893.22	118.0	10.76	8.92
PTHR21290	3992.0	3812.88	1037.0	86.52	71.74
PTHR21349	1582.0	1492.44	3392.14	393.0	325.9
PTHR21347	2015.72	1970.94	1177.85	48.48	40.2
PTHR21343	341.0	296.28	16.0	4.46	3.7
PTHR10196	7049.21	6870.09	1065.0	50.85	42.17
PTHR10192	3011.0	2921.44	862.0	36.01	29.86
PTHR10755	1519.96	1475.18	23700.58	1304.8	1082.03
PTHR10758	3089.0	2999.45	3344.52	206.18	170.97
PTHR13152	834.45	789.68	70.0	7.23	5.99
PTHR12932	6340.83	6161.76	6462.22	266.2	220.74
PTHR12934	1962.0	1872.44	4191.93	369.62	306.51
PTHR10288	11687.17	11418.49	20368.25	811.2	672.71
PTHR11800	1409.0	1364.22	2243.99	133.64	110.82
PTHR11802	14583.93	14270.48	14957.26	484.04	401.39
PTHR11807	2152.42	2062.86	354.0	24.16	20.03
PTHR11808	9332.0	9063.33	4925.26	212.27	176.04
PTHR10283	10898.57	10674.67	3732.64	132.25	109.68
PTHR10285	7787.72	7563.87	16864.79	786.67	652.37
PTHR10286	1006.39	961.62	4143.66	350.84	290.94
PTHR11579	3013.89	2924.33	856.0	46.6	38.65
PTHR13718	2679.0	2589.44	19231.66	1502.25	1245.77
PTHR13711	6479.0	6210.32	8893.44	1090.62	904.42
PTHR13710	13566.42	13118.84	1023.67	48.77	40.44
PTHR11977	1433.24	1388.46	2425.82	141.93	117.7
PTHR11972	5739.86	5650.3	8074.01	188.8	156.57
PTHR31480	1230.0	1185.22	1470.04	100.85	83.63
PTHR31485	11003.69	10600.69	2933.81	163.19	135.33
PTHR11715	984.0	939.22	3646.35	316.15	262.18
PTHR11717	2192.0	2102.44	153.0	9.88	8.19
PTHR11711	9181.85	8868.4	10139.53	873.15	724.07
PTHR11712	36724.84	35113.78	3382.2	127.16	105.45
PTHR10374	4259.75	4125.41	4954.83	201.33	166.95
PTHR10178	3038.88	2949.32	3394.94	199.9	165.77
PTHR11482	12033.98	11854.86	16408.63	453.91	376.41
PTHR10173	4741.79	4562.68	2860.54	185.0	153.4
PTHR10177	7492.76	7313.64	12248.47	542.1	449.56
PTHR10174	6302.77	6078.88	2077.01	128.34	106.43
PTHR23249	2121.93	2032.38	340.98	25.8	21.38
PTHR23244	13280.9	12877.95	2471.05	154.96	128.5
PTHR23245	485.64	440.89	213.61	39.77	32.98
PTHR23240	2019.17	1929.62	181.0	14.37	11.92
PTHR14614	12934.81	12531.81	1961.13	109.06	90.46
PTHR31268	2350.0	2260.46	1682.0	71.87	59.6
PTHR31262	1991.55	1857.26	126233.96	16528.9	13706.94
PTHR23063	2131.0	2041.45	497.0	43.31	35.91
PTHR11620	700.0	655.22	11152.5	1390.41	1153.02
PTHR11624	4458.0	4368.44	3904.01	195.55	162.17
PTHR11627	5033.07	4853.95	23707.54	1236.56	1025.45
PTHR11390	4282.94	4193.38	1287.0	61.93	51.36
PTHR31319	4338.0	4248.44	4192.25	159.41	132.19
PTHR14052	1402.51	1357.74	310.0	18.55	15.38
PTHR32118	2364.0	2319.22	5125.96	179.19	148.59
PTHR23117	1818.49	1773.71	3345.0	153.04	126.91
PTHR23115	48090.95	47061.04	130419.39	5644.11	4680.49
PTHR11028	1556.0	1511.22	1017.0	54.65	45.32
PTHR11024	6904.0	6769.66	2558.0	89.97	74.61
PTHR10066	6617.53	6348.85	553.0	35.81	29.71
PTHR11777	3213.0	3168.22	5278.68	134.96	111.92
PTHR12616	2001.0	1956.22	486.0	20.15	16.71
PTHR12613	2775.0	2730.22	1600.0	47.49	39.38
PTHR12612	688.0	643.22	443.0	56.27	46.66
PTHR32060	3859.0	3769.44	2347.0	84.24	69.86
PTHR12126	3156.0	3066.44	3020.92	153.48	127.28
PTHR12436	7109.76	6930.64	2335.97	111.01	92.06
PTHR22734	1395.0	1350.22	881.99	53.07	44.01
PTHR12121	2209.0	2119.44	454.0	37.04	30.72
PTHR12438	1540.05	1495.27	128.0	6.95	5.76
PTHR15492	1834.0	1789.22	907.81	41.17	34.14
PTHR21426	2140.0	2095.22	96.0	3.72	3.08
PTHR21427	1217.0	1172.22	234.0	16.23	13.46
PTHR19372	1995.0	1950.22	1046.0	43.51	36.08
PTHR19370	7405.79	7181.9	1876.98	114.87	95.24
PTHR19376	16963.1	16649.64	7613.44	192.13	159.32
PTHR19375	6763.82	6495.14	3431.02	325.18	269.66
PTHR12725	2320.2	2230.64	813.99	50.55	41.92
PTHR22884	12497.09	12273.2	3894.49	94.63	78.46
PTHR22880	9080.94	8767.49	5098.99	252.72	209.57
PTHR12542	2365.0	2320.22	74.0	2.59	2.14
PTHR12547	2022.0	1932.45	1400.0	78.33	64.95
PTHR12124	4730.0	4595.66	765.99	50.11	41.55
PTHR10114	516.0	471.23	14984.22	2607.64	2162.45
PTHR21512	2591.0	2546.22	130.46	4.15	3.44
PTHR30508	2042.0	1997.22	3288.41	133.55	110.75
PTHR30502	1103.77	1058.99	226.0	17.36	14.4
PTHR10961	2090.28	2000.72	3442.0	251.21	208.31
PTHR10617	8738.49	8469.82	26896.19	1417.87	1175.8
PTHR10615	2201.78	2112.22	1883.65	138.2	114.61
PTHR13527	4571.17	4526.39	2598.56	46.47	38.54
PTHR22958	6944.6	6810.26	9340.12	279.62	231.89
PTHR14534	2035.0	1990.22	275.0	11.21	9.29
PTHR22951	2380.0	2335.22	490.0	17.01	14.11
PTHR22950	47128.24	46053.56	34983.72	1179.68	978.27
PTHR22953	9522.05	9298.16	4012.67	160.46	133.07
PTHR22952	5882.89	5658.99	3318.0	184.25	152.79
PTHR22957	11798.68	11440.45	2364.8	128.83	106.85
PTHR21600	1293.0	1248.22	1428.89	93.05	77.16
PTHR24056	14221.57	13818.63	8600.36	255.82	212.15
PTHR24054	1577.0	1532.22	1921.16	101.81	84.43
PTHR24055	11658.84	11345.39	11046.77	605.82	502.39
PTHR24058	4489.0	4309.89	1716.99	119.56	99.15
PTHR10766	3137.0	3002.66	2386.0	192.46	159.6
PTHR10762	3432.83	3298.5	995.11	70.31	58.3
PTHR30031	5806.0	5626.91	14832.17	513.37	425.73
PTHR12945	1366.0	1321.22	666.93	41.02	34.02
PTHR12944	2279.07	2234.29	176.0	6.39	5.3
PTHR24128	5481.47	5347.13	5954.57	205.21	170.18
PTHR12858	4363.14	4184.02	1778.0	145.26	120.46
PTHR32228	1161.74	1116.96	79.0	5.75	4.77
PTHR13096	3712.0	3622.44	796.5	35.63	29.54
PTHR11365	5769.6	5411.46	123.25	10.01	8.29
PTHR11361	18732.49	18060.95	1562.0	50.14	41.59
PTHR11814	20720.82	20362.62	8922.27	180.09	149.35
PTHR11363	1403.0	1358.22	33302.17	1992.12	1652.0
PTHR10543	8113.0	7933.88	2188.01	85.37	70.8
PTHR10540	2472.0	2382.44	3046.99	210.18	174.3
PTHR11562	6489.97	6310.85	5784.01	225.59	187.08
PTHR11566	16677.0	16363.54	12319.95	404.67	335.58
PTHR11567	2524.0	2434.44	506.0	42.0	34.82
PTHR11564	6329.0	6194.66	4345.82	168.14	139.43
PTHR11962	2897.88	2808.32	1494.01	86.1	71.4
PTHR11963	1780.0	1735.22	768.0	35.92	29.79
PTHR10381	7156.28	6798.06	13556.77	1208.83	1002.44
PTHR10383	2942.0	2852.44	1199.0	67.27	55.79
PTHR11705	1929.57	1840.03	577.0	45.03	37.34
PTHR11702	10251.0	10027.1	11938.92	385.4	319.6
PTHR11700	1446.0	1356.44	26956.45	3759.03	3117.26
PTHR10388	922.0	877.22	3063.0	284.49	235.92
PTHR11709	11315.4	11046.74	2930.12	109.63	90.92
PTHR10145	5912.0	5867.22	2092.78	28.86	23.94
PTHR23273	2704.0	2614.44	2345.0	96.32	79.87
PTHR12050	3463.13	3418.35	646.0	15.31	12.69
PTHR24305	923.0	878.22	99.0	9.18	7.62
PTHR23050	2427.0	2292.66	4960.42	507.37	420.76
PTHR23056	2353.0	2263.44	820.0	59.79	49.58
PTHR23054	1819.0	1774.22	234.0	10.7	8.88
PTHR11638	10153.52	9884.84	24718.27	766.26	635.44
PTHR23291	2947.18	2857.62	2485.81	155.49	128.95
PTHR23293	4666.73	4532.39	3864.97	190.67	158.11
PTHR11141	3077.0	3032.22	1430.0	38.21	31.68
PTHR11142	5408.89	5274.55	1435.0	57.7	47.84
PTHR11143	905.0	860.22	26620.9	2521.78	2091.24
PTHR22748	5251.02	5071.9	732.0	47.45	39.36
PTHR11380	968.0	923.22	703.99	62.1	51.5
PTHR11384	2561.0	2471.44	394.94	26.03	21.58
PTHR32477	2209.0	2164.22	139.0	5.21	4.32
PTHR14043	1964.0	1874.44	265.97	23.16	19.21
PTHR32472	3169.34	3124.57	648.25	16.81	13.94
PTHR31658	3477.0	3432.22	700.0	16.52	13.7
PTHR13890	8533.9	8354.79	4359.77	167.95	139.29
PTHR14269	4154.5	3975.38	1837.99	102.38	84.92
PTHR22883	9532.55	9219.09	1561.19	87.64	72.68
PTHR23125	52809.29	51376.67	9703.67	432.66	358.76
PTHR19879	2398.0	2353.22	420.0	14.47	12.0
PTHR22881	3190.57	3101.02	1355.99	68.74	57.0
PTHR14136	2972.0	2837.66	2337.54	205.9	170.75
PTHR19876	6995.0	6905.44	3944.17	93.27	77.34
PTHR12608	5016.52	4837.4	2241.41	136.66	113.32
PTHR12604	2268.0	2223.22	78.0	2.84	2.36
PTHR12603	2815.0	2725.44	1322.92	80.44	66.71
PTHR32091	2751.01	2661.45	5712.66	350.68	290.81
PTHR32098	4281.21	4102.1	471.56	37.61	31.2
PTHR18763	1639.0	1549.44	958.15	100.18	83.07
PTHR22726	2303.29	2213.74	217.0	12.38	10.27
PTHR22727	19336.23	18843.76	5949.97	437.77	363.05
PTHR12428	3496.55	3407.0	3855.0	174.18	144.44
PTHR18968	9019.41	8795.52	9219.58	327.55	271.62
PTHR12730	3614.0	3524.44	2461.0	114.82	95.21
PTHR12506	827.0	782.22	139.0	14.49	12.02
PTHR12735	1840.0	1750.44	928.0	87.26	72.36
PTHR15020	3832.0	3742.44	4299.26	254.95	211.43
PTHR12558	2706.89	2617.33	315.0	17.23	14.3
PTHR12553	1670.0	1580.45	375.01	29.9	24.79
PTHR12049	2332.59	2243.03	178.0	12.9	10.69
PTHR10497	933.0	843.47	18117.17	2857.89	2369.97
PTHR24073	4700.0	4476.1	3368.0	285.65	236.86
PTHR21569	702.0	657.22	18560.64	2306.88	1913.03
PTHR21567	1313.0	1268.22	1052.0	67.42	55.91
PTHR13950	1190.0	1145.22	220.0	15.62	12.96
PTHR12133	1602.29	1557.51	75.0	3.91	3.24
PTHR10972	6456.02	6321.69	2145.12	96.54	80.06
PTHR10606	4020.29	3975.52	2817.99	57.39	47.59
PTHR10971	1329.0	1284.22	321.0	20.31	16.85
PTHR13743	7955.0	7775.88	421.0	19.09	15.84
PTHR12302	3704.0	3659.22	4937.0	109.26	90.6
PTHR22942	10008.91	9561.23	1994.0	95.03	78.8
PTHR13395	2558.0	2468.44	270.0	17.16	14.23
PTHR13803	6243.09	6108.78	2076.04	45.98	38.14
PTHR21368	1246.0	1156.47	4611.22	496.23	411.51
PTHR24067	16921.29	16249.59	13095.7	997.12	826.88
PTHR24064	12448.44	12135.0	7230.14	273.07	226.46
PTHR24063	28453.37	27647.59	73163.31	2534.18	2101.52
PTHR21011	1531.0	1441.44	3058.01	328.93	272.77
PTHR10774	14498.47	14050.74	2303.0	126.92	105.23
PTHR24068	3025.0	2890.67	1697.73	196.96	163.33
PTHR19980	2076.0	1986.44	184.92	14.89	12.35
PTHR12959	3643.15	3553.59	245.0	8.82	7.32
PTHR24115	30206.64	29311.16	20593.21	603.25	500.27
PTHR11825	9405.13	9091.68	5959.03	289.01	239.66
PTHR10809	1619.0	1529.44	1259.0	111.03	92.07
PTHR11822	1701.0	1656.22	4029.0	197.46	163.75
PTHR10555	4424.53	4334.97	3375.0	109.67	90.94
PTHR10806	859.0	814.22	444.0	44.46	36.87
PTHR10804	9575.53	9351.64	9900.38	531.47	440.74
PTHR11556	3811.0	3676.68	13574.96	699.21	579.83
PTHR11558	1457.0	1412.22	1628.99	93.7	77.7
PTHR13773	3520.44	3430.89	1445.0	69.7	57.8
PTHR10537	1383.66	1338.88	358.0	21.73	18.02
PTHR11953	2119.0	2029.44	925.0	74.4	61.7
PTHR11952	1761.0	1671.44	864.0	83.25	69.04
PTHR11956	2198.0	2153.22	2703.0	101.8	84.42
PTHR11959	4191.56	4146.78	2820.35	55.06	45.66
PTHR11739	1923.28	1878.5	2136.56	92.28	76.52
PTHR11732	18055.33	17473.27	5777.9	336.73	279.23
PTHR11731	7612.72	7478.39	1317.95	43.35	35.94
PTHR11730	3566.0	3431.68	557.0	70.44	58.42
PTHR11735	2986.26	2851.93	543.0	42.29	35.07
PTHR10394	790.0	745.22	23086.91	2527.57	2096.04
PTHR20941	2176.38	2086.86	535.0	43.57	36.13
PTHR10150	2657.34	2567.82	291.0	17.95	14.88
PTHR31065	3471.58	3382.03	3072.75	124.14	102.94
PTHR10159	8099.0	7875.1	6240.59	299.72	248.56
PTHR31066	1295.0	1250.22	515.0	33.48	27.77
PTHR13604	1022.0	932.46	77.85	13.8	11.44
PTHR23264	3460.46	3326.12	1094.0	75.39	62.52
PTHR23269	2111.0	2066.22	800.0	31.4	26.04
PTHR31204	1720.0	1675.22	260.0	12.6	10.45
PTHR31201	1685.0	1640.22	855.0	42.31	35.09
PTHR31209	1301.0	1256.22	178.0	11.52	9.55
PTHR11607	3948.0	3858.44	802.0	34.2	28.35
PTHR11606	4943.08	4808.76	5278.89	340.7	282.53
PTHR23284	1575.33	1530.55	566.0	30.03	24.9
PTHR24316	4355.0	4220.66	3011.0	169.13	140.25
PTHR32467	10480.35	10032.61	1834.04	113.32	93.98
PTHR14255	6597.0	6373.1	1161.0	66.87	55.45
PTHR31840	843.54	798.77	81.0	8.27	6.86
PTHR23130	4459.0	4369.44	2920.31	79.54	65.95
PTHR23133	1077.0	1032.22	770.0	60.71	50.34
PTHR23135	1848.85	1804.08	2386.98	107.35	89.02
PTHR23138	2479.0	2389.44	3018.06	242.84	201.38
PTHR23139	8753.37	8484.69	11827.13	603.99	500.87
PTHR31682	1259.0	1214.22	1928.0	129.09	107.05
PTHR11040	2671.0	2536.66	717.01	72.06	59.76
PTHR11043	835.0	790.22	543.0	56.03	46.47
PTHR11042	6745.19	6566.08	1780.98	89.4	74.15
PTHR11048	13179.86	12911.18	6090.53	217.73	180.55
PTHR15818	1985.0	1940.22	700.0	29.27	24.27
PTHR12636	1194.0	1149.22	1159.4	82.04	68.04
PTHR31606	1282.0	1237.22	233.0	15.31	12.7
PTHR14490	2869.32	2735.01	1932.44	129.7	107.55
PTHR14493	9650.54	9381.86	7851.09	327.61	271.68
PTHR15651	2177.0	2132.22	335.0	12.74	10.57
PTHR12380	3363.0	3228.66	3030.04	212.11	175.9
PTHR12385	2845.0	2755.44	5228.02	220.24	182.64
PTHR12706	15148.07	14834.62	1531.0	44.91	37.24
PTHR12709	1966.53	1876.98	1506.0	142.77	118.4
PTHR19957	6712.89	6533.78	3459.07	172.66	143.17
PTHR30239	1763.0	1718.22	3288.31	155.32	128.8
PTHR12560	3392.0	3302.44	1680.8	87.14	72.27
PTHR11203	5247.86	5113.53	1834.7	67.15	55.69
PTHR12770	6033.26	5809.36	631.0	47.79	39.64
PTHR12097	7251.0	7161.44	7329.24	166.9	138.41
PTHR19842	2635.0	2590.22	797.0	24.94	20.68
PTHR11200	8139.38	8049.82	4080.41	77.93	64.62
PTHR21576	1544.99	1455.45	54.0	5.38	4.47
PTHR24193	12971.91	12479.35	7805.22	493.55	409.29
PTHR12419	4988.32	4764.42	1646.0	133.16	110.42
PTHR23338	3031.0	2896.67	2609.01	247.07	204.89
PTHR30525	1631.0	1586.22	1629.07	83.38	69.15
PTHR12413	2065.59	1976.04	107.0	8.48	7.03
PTHR12411	14817.11	14145.51	56519.85	3391.53	2812.5
PTHR23339	3751.88	3662.32	1031.0	53.69	44.52
PTHR21717	5481.2	5346.86	171.0	8.58	7.11
PTHR10943	3910.0	3820.44	2462.04	93.1	77.21
PTHR12897	3002.0	2957.22	650.0	17.81	14.77
PTHR12894	6310.0	5996.57	232.0	22.22	18.42
PTHR12891	1205.0	1160.22	70.0	4.91	4.07
PTHR22976	4671.0	4491.93	4805.83	206.58	171.32
PTHR22975	2726.91	2592.73	421.0	27.92	23.16
PTHR22970	2668.0	2623.22	362.0	11.18	9.27
PTHR21377	1983.0	1893.44	946.0	81.21	67.35
PTHR21371	2074.0	2029.22	16168.61	646.26	535.92
PTHR21373	2449.0	2359.44	435.0	29.92	24.82
PTHR22573	10938.55	10714.65	6799.03	317.91	263.63
PTHR22572	7272.0	7048.11	10463.94	616.34	511.13
PTHR21000	2063.0	2018.22	4940.54	198.55	164.65
PTHR10701	613.0	568.22	768.0	110.58	91.7
PTHR13161	914.0	824.51	251.0	45.85	38.02
PTHR13165	2813.92	2724.36	1552.0	90.51	75.05
PTHR21396	1273.0	1183.45	1327.0	177.88	147.51
PTHR12965	1981.92	1892.48	469.0	38.37	31.82
PTHR10681	6972.08	6613.84	3970.04	296.72	246.06
PTHR24106	9013.69	8700.24	4388.25	256.38	212.63
PTHR24103	2839.0	2704.66	211.0	15.83	13.13
PTHR10683	1632.0	1587.22	2268.0	116.01	96.2
PTHR11540	2369.0	2189.97	2727.33	328.66	272.54
PTHR10836	2311.0	2176.77	10778.39	715.45	593.3
PTHR10835	2404.0	2359.22	1061.0	36.46	30.23
PTHR11545	927.0	882.22	21928.11	2025.03	1679.3
PTHR10012	1524.0	1479.22	399.0	21.91	18.17
PTHR13768	2607.0	2517.44	1042.78	68.98	57.21
PTHR24078	11447.0	11088.88	2676.0	144.13	119.52
PTHR11946	14822.0	14553.32	21661.81	601.69	498.95
PTHR11947	4645.57	4556.01	6662.0	244.4	202.68
PTHR11941	9776.46	9463.04	1604.0	100.38	83.24
PTHR24072	1597.0	1552.22	521.0	27.25	22.6
PTHR10496	512.0	467.23	13847.15	2430.68	2015.69
PTHR10491	2795.24	2705.69	1341.75	71.15	59.0
PTHR24076	12190.74	11653.54	5602.16	337.99	280.27
PTHR24077	13985.78	13359.03	8622.03	402.18	333.52
PTHR11728	3894.0	3804.44	4959.84	266.76	221.22
PTHR11726	842.0	797.22	33059.33	3381.28	2804.0
PTHR11727	551.0	506.22	165.0	26.7	22.14
PTHR11721	648.0	603.22	19461.17	2637.71	2187.38
PTHR11722	794.0	749.22	17718.91	1929.43	1600.02
PTHR10120	4051.21	3961.65	1052.66	38.56	31.98
PTHR10122	1136.0	1091.22	7407.15	552.2	457.92
PTHR11831	2383.0	2248.66	18171.13	1851.92	1535.74
PTHR11835	1802.0	1757.22	3403.95	157.2	130.36
PTHR11614	5977.87	5888.31	4031.45	95.44	79.15
PTHR11615	9958.44	9555.48	10754.06	390.18	323.56
PTHR11618	3718.47	3584.13	1082.0	72.62	60.22
PTHR14140	2692.0	2647.22	947.0	28.99	24.04
PTHR32419	1332.0	1287.22	151.0	9.53	7.91
PTHR10231	5621.0	5486.66	1075.0	48.85	40.52
PTHR10233	9058.0	8834.1	5164.01	206.01	170.84
PTHR31503	4376.29	4241.95	1172.0	49.05	40.67
PTHR23147	612.49	567.72	345.0	49.72	41.23
PTHR23140	2080.0	2035.22	416.0	16.58	13.75
PTHR23142	1020.0	975.22	279.0	23.29	19.31
PTHR23149	1869.0	1824.22	1969.0	87.58	72.63
PTHR23148	857.15	812.38	236.0	23.68	19.64
PTHR11817	11835.0	11566.32	8478.17	321.3	266.43
PTHR11056	2077.05	2032.28	738.0	29.45	24.42
PTHR11055	4365.1	4230.78	9117.71	440.42	365.23
PTHR32523	2453.0	2363.44	1111.0	64.51	53.5
PTHR31695	2917.0	2872.22	1579.0	44.54	36.94
PTHR11819	329.0	284.29	0.0	0.0	0.0
PTHR10544	507.0	462.23	6354.01	1127.59	935.08
PTHR12629	2660.45	2615.68	3189.73	98.83	81.96
PTHR19316	1500.0	1455.22	486.0	27.12	22.49
PTHR18945	6447.51	6313.18	913.99	37.91	31.44
PTHR26402	9656.0	9432.11	14316.39	459.13	380.74
PTHR19384	6575.0	6440.66	883.0	32.96	27.33
PTHR12714	5272.61	5093.49	3180.0	129.82	107.65
PTHR12570	4596.21	4461.87	1122.9	55.64	46.15
PTHR21494	2475.0	2430.22	314.0	10.47	8.69
PTHR21145	1249.78	1205.0	792.0	53.44	44.31
PTHR21496	4795.0	4571.2	3134.04	212.48	176.21
PTHR21493	32515.91	31709.92	9668.46	414.83	344.01
PTHR21499	9474.78	9340.44	12319.06	312.18	258.89
PTHR21148	3901.0	3766.67	679.0	51.21	42.46
PTHR12083	3670.24	3535.91	1141.5	68.49	56.79
PTHR19854	3780.01	3645.69	2063.0	82.61	68.5
PTHR13976	1590.0	1500.44	193.16	22.42	18.59
PTHR19852	2220.0	2175.22	1261.0	47.01	38.98
PTHR16128	3604.0	3424.89	340.0	27.8	23.05
PTHR12400	1509.13	1464.35	739.0	40.99	33.99
PTHR19853	3074.0	3029.22	1948.33	52.11	43.21
PTHR30314	1812.0	1767.22	3218.98	147.81	122.58
PTHR12882	706.0	661.22	356.01	43.98	36.47
PTHR12883	1422.0	1377.22	298.0	17.58	14.58
PTHR16255	7379.96	7245.62	3662.86	136.81	113.45
PTHR16254	8726.03	8546.91	4596.04	193.01	160.06
PTHR22960	677.6	632.83	67.0	8.65	7.17
PTHR13373	2177.0	2132.22	154.0	5.86	4.86
PTHR13375	1121.0	1076.22	497.0	37.57	31.16
PTHR22967	5238.0	5103.66	1491.0	47.59	39.47
PTHR19858	4928.91	4839.35	2209.03	74.84	62.06
PTHR30222	2509.72	2464.94	426.0	14.01	11.62
PTHR13115	1969.13	1924.35	1397.0	58.89	48.84
PTHR13117	1603.0	1558.22	60.0	3.13	2.59
PTHR13285	2292.71	2247.93	339.0	12.23	10.14
PTHR13288	1360.0	1315.22	193.0	11.92	9.89
PTHR10953	15431.18	15028.16	3681.05	142.02	117.77
PTHR10954	1073.11	1028.33	108.0	8.55	7.09
PTHR21726	531.0	486.23	9.0	1.52	1.26
PTHR10956	878.0	788.49	23975.87	4409.75	3656.88
PTHR11538	1829.0	1784.22	1283.68	58.38	48.41
PTHR10826	902.0	857.22	1091.0	103.71	86.01
PTHR11533	14192.61	14013.5	6423.9	146.0	121.07
PTHR11532	1954.0	1909.22	2509.27	106.62	88.42
PTHR10000	4210.71	4076.38	1256.32	67.09	55.63
PTHR13021	1320.0	1275.22	817.0	52.07	43.18
PTHR24006	21212.75	20451.57	6556.02	380.09	315.2
PTHR24003	26088.79	25551.45	6823.61	262.77	217.9
PTHR31446	2319.0	2229.44	1028.0	73.09	60.6
PTHR31190	2664.1	2574.55	3746.3	173.05	143.5
PTHR11441	1428.0	1383.22	737.0	43.29	35.9
PTHR11440	5109.83	4930.71	355.0	19.32	16.03
PTHR11999	8034.11	7854.99	6357.18	271.34	225.03
PTHR11998	6667.03	6487.91	3951.99	222.36	184.4
PTHR11449	475.0	430.23	22795.24	4350.56	3607.8
PTHR11994	1353.0	1263.44	22446.37	2682.68	2224.66
PTHR10133	11282.99	11059.1	8382.97	228.63	189.59
PTHR13620	5367.0	5143.1	3463.47	173.89	144.21
PTHR11847	739.0	694.22	18318.48	2154.27	1786.48
PTHR11843	848.0	803.22	29102.62	2954.17	2449.81
PTHR11661	1816.0	1726.44	28913.02	3693.75	3063.13
PTHR11662	24056.55	23429.64	10713.75	409.45	339.54
PTHR11669	3353.77	3264.21	880.0	43.3	35.91
PTHR11668	15335.73	14932.72	14674.0	712.64	590.97
PTHR20856	12013.0	11789.1	6053.96	128.34	106.43
PTHR20854	4011.97	3877.63	1014.0	63.07	52.31
PTHR20855	8330.56	8151.5	2463.7	104.8	86.91
PTHR20852	2918.0	2783.69	11506.52	563.13	466.98
PTHR32404	1432.96	1388.19	265.0	15.51	12.86
PTHR20858	5875.48	5741.14	4172.88	164.8	136.66
PTHR14237	7530.84	7262.18	4138.88	163.69	135.74
PTHR10739	4083.0	3993.44	3545.06	156.85	130.07
PTHR23155	59196.18	57494.85	11091.47	576.71	478.22
PTHR23153	2072.3	1982.75	624.0	68.78	57.03
PTHR23151	7085.0	6637.31	6877.37	694.74	576.12
PTHR11063	3926.01	3836.45	8333.25	330.51	274.08
PTHR11062	10550.58	10281.91	3358.0	138.08	114.51
PTHR11061	4461.61	4282.5	1606.42	101.05	83.79
PTHR11065	5955.99	5821.65	2660.94	115.97	96.17
PTHR11064	3558.88	3424.55	1142.0	71.28	59.11
PTHR11260	9277.33	9008.66	1536.34	89.72	74.42
PTHR11264	1156.75	1111.98	162.0	11.85	9.83
PTHR11266	7310.0	7041.32	4455.09	298.83	247.81
PTHR31998	2933.84	2889.06	997.0	27.96	23.19
PTHR15838	689.0	644.22	105.0	13.32	11.04
PTHR32338	2650.31	2605.54	1063.0	33.06	27.42
PTHR31407	5301.0	5121.88	2258.01	153.0	126.88
PTHR12363	7136.74	7002.42	1618.0	41.75	34.62
PTHR18952	3246.0	3156.44	1392.74	66.78	55.38
PTHR12765	1971.36	1881.81	740.0	64.07	53.13
PTHR12505	1478.54	1433.76	234.0	13.26	10.99
PTHR22604	3087.69	2998.13	1014.25	54.65	45.32
PTHR21481	1507.0	1462.22	278.0	15.44	12.81
PTHR22778	2125.97	2036.43	214.0	19.56	16.22
PTHR19446	6145.83	5921.97	30173.71	1967.65	1631.72
PTHR12219	1040.0	995.22	2871.0	234.82	194.73
PTHR13561	5462.07	5327.73	1355.0	39.26	32.55
PTHR13563	1990.57	1901.01	633.0	54.21	44.95
PTHR12210	1726.15	1636.59	612.07	50.25	41.67
PTHR12215	2011.0	1921.44	209.0	19.22	15.93
PTHR12214	1133.03	1088.25	229.0	17.12	14.2
PTHR22915	11876.36	11518.13	4998.01	304.28	252.33
PTHR22911	7829.22	7560.54	580.0	35.6	29.52
PTHR22912	8648.42	8424.52	10481.04	519.38	430.71
PTHR12183	1434.0	1389.22	208.0	12.16	10.09
PTHR19849	2561.0	2516.22	168.0	5.41	4.49
PTHR31783	5651.0	5561.44	566.89	18.06	14.98
PTHR22594	4683.0	4593.44	4374.7	154.43	128.06
PTHR11864	3249.0	3159.44	1039.0	50.88	42.19
PTHR21152	5082.4	4992.85	6667.25	246.44	204.37
PTHR21021	1198.0	1108.45	61.0	9.32	7.73
PTHR30075	3602.0	3557.22	1077.99	24.54	20.35
PTHR11632	2680.99	2636.21	8569.36	263.44	218.46
PTHR13102	2365.0	2320.22	1377.51	48.13	39.91
PTHR12984	1992.0	1947.22	248.0	10.33	8.57
PTHR11630	10211.57	9942.89	7808.94	376.45	312.19
PTHR11140	7459.0	7369.44	8381.3	151.12	125.33
PTHR13299	1518.0	1428.44	320.0	36.58	30.33
PTHR12652	3854.28	3764.72	4439.73	252.65	209.51
PTHR10925	3417.0	3372.22	3972.99	95.42	79.13
PTHR21737	3343.81	3209.49	1174.64	91.03	75.48
PTHR10920	6171.75	6037.41	4094.99	201.53	167.12
PTHR10585	2375.0	2285.44	3127.03	203.76	168.97
PTHR10584	21549.41	21056.84	6902.01	245.06	203.22
PTHR11528	5578.0	5443.66	7939.03	269.73	223.67
PTHR11527	4160.37	3981.29	1906.05	121.94	101.13
PTHR11525	1497.0	1407.44	561.0	65.09	53.98
PTHR10859	818.0	773.22	228.01	24.05	19.94
PTHR10589	4269.07	4179.51	3874.99	108.41	89.9
PTHR10588	2949.0	2814.66	534.0	37.89	31.42
PTHR13038	2179.7	2134.92	261.0	9.91	8.22
PTHR13748	11681.71	11323.48	13413.1	679.52	563.49
PTHR11223	8323.61	8189.28	4544.83	110.84	91.91
PTHR23109	936.0	891.22	288.27	26.35	21.85
PTHR24015	41475.96	40446.03	22506.58	888.9	737.17
PTHR24012	17093.46	16377.07	27359.91	2053.92	1703.27
PTHR24011	30578.21	29503.54	37993.52	2554.75	2118.59
PTHR31187	5063.58	4974.02	11838.03	413.24	342.69
PTHR10548	1544.18	1499.4	1497.0	81.08	67.24
PTHR10459	10644.22	10375.56	1898.0	71.78	59.52
PTHR11453	5163.73	5029.39	1358.35	70.79	58.71
PTHR10108	38981.72	37638.38	9274.63	537.44	445.71
PTHR11986	9435.91	9122.46	8315.77	407.84	338.21
PTHR11455	7467.28	7153.84	1187.0	82.15	68.13
PTHR10102	3623.0	3578.22	2561.61	57.97	48.08
PTHR11458	1544.0	1499.22	2578.01	139.64	115.8
PTHR10106	1780.0	1735.22	921.49	43.1	35.74
PTHR31057	2692.0	2602.44	219.0	13.49	11.19
PTHR21141	2754.66	2620.33	55105.04	6798.82	5638.07
PTHR11851	15630.94	15272.72	10746.97	569.56	472.31
PTHR23092	1348.0	1303.22	150.0	9.35	7.76
PTHR23091	14759.76	14132.87	4588.86	315.88	261.95
PTHR11673	941.0	896.22	15883.61	1443.74	1197.26
PTHR11670	4122.0	4032.44	8653.09	346.3	287.17
PTHR11671	1243.0	1198.22	953.0	64.66	53.62
PTHR20863	2924.0	2744.9	10352.88	915.69	759.35
PTHR20861	1538.0	1493.22	1432.01	77.88	64.58
PTHR11679	2591.0	2546.22	335.0	10.66	8.84
PTHR14009	3110.0	3065.22	3776.02	99.8	82.76
PTHR10217	6284.0	6104.89	370.0	12.05	9.99
PTHR14005	4695.0	4650.22	6273.55	109.2	90.56
PTHR10210	3818.78	3729.23	5918.94	257.21	213.29
PTHR31522	1791.0	1746.22	1254.0	58.28	48.33
PTHR14221	1800.0	1755.22	684.16	31.63	26.23
PTHR23163	858.0	813.22	287.0	28.77	23.86
PTHR11079	6076.43	5852.54	8085.79	418.33	346.9
PTHR11076	12029.0	11446.88	394.0	32.99	27.36
PTHR11070	3842.02	3752.46	180.7	7.14	5.93
PTHR11071	19096.07	18334.87	10520.47	1090.26	904.11
PTHR11278	803.0	758.22	15332.55	1649.58	1367.95
PTHR11276	1021.0	976.22	23.0	1.92	1.59
PTHR11274	2912.0	2822.44	1155.94	63.75	52.86
PTHR31984	4974.3	4839.96	3738.01	125.35	103.94
PTHR16201	2666.39	2621.61	663.0	20.5	17.0
PTHR15350	3448.0	3358.44	4070.26	198.87	164.91
PTHR15606	3299.08	3209.53	709.0	38.43	31.87
PTHR12374	2029.0	1939.45	434.0	36.33	30.12
PTHR12375	1053.0	1008.22	316.0	25.51	21.16
PTHR12378	2068.0	1978.44	202.96	16.1	13.35
PTHR20961	18412.71	17920.13	3539.16	178.33	147.89
PTHR18929	13680.43	13143.1	12052.38	662.03	548.99
PTHR30535	1103.0	1058.22	241.0	18.53	15.37
PTHR12777	681.0	636.22	1610.0	206.78	171.48
PTHR12775	1376.82	1332.05	518.0	31.6	26.2
PTHR20981	628.0	583.22	17603.08	2468.61	2047.15
PTHR16092	2104.29	2014.73	82.0	6.17	5.12
PTHR12406	6062.38	5838.52	3044.0	185.58	153.9
PTHR19211	14456.79	14009.05	103084.78	3201.67	2655.04
PTHR22298	11353.63	11129.74	4907.14	151.08	125.29
PTHR12174	5683.0	5548.66	1810.65	79.03	65.55
PTHR12175	2212.88	2123.34	1152.01	87.77	72.79
PTHR12176	3220.62	3131.06	184.0	10.03	8.32
PTHR22769	7209.65	6985.76	2737.91	167.54	138.94
PTHR22767	3836.41	3702.07	1363.0	102.48	84.99
PTHR22765	2114.31	2024.75	1248.98	105.27	87.3
PTHR22762	10893.13	10669.24	2256.0	74.0	61.37
PTHR22763	2674.0	2584.44	333.0	17.95	14.89
PTHR22761	4199.0	4019.89	3610.0	227.88	188.98
PTHR21231	4831.0	4696.66	1911.97	122.39	101.48
PTHR21230	1387.06	1342.28	235.0	14.22	11.8
PTHR21234	1646.0	1601.22	769.0	38.99	32.33
PTHR21237	1050.0	1005.22	675.0	54.66	45.32
PTHR12202	2152.0	2062.44	1557.0	118.1	97.94
PTHR12203	11961.8	11693.12	1793.0	59.02	48.94
PTHR19857	1466.0	1421.22	960.0	54.87	45.5
PTHR13355	1599.0	1554.22	371.0	19.38	16.07
PTHR19855	3948.0	3858.44	1478.0	72.73	60.32
PTHR13353	3109.09	3019.53	203.0	13.5	11.19
PTHR12197	10891.08	10353.83	4136.0	207.96	172.44
PTHR13822	1125.0	1080.22	5178.96	390.05	323.45
PTHR21649	11142.13	10515.33	259125.72	24120.95	20002.84
PTHR32442	1366.0	1321.22	601.0	36.96	30.65
PTHR13138	2294.0	2204.44	204.0	16.87	13.98
PTHR10732	689.0	644.22	12355.45	1566.95	1299.43
PTHR10738	4034.0	3989.22	1657.97	33.65	27.91
PTHR12992	1244.0	1199.22	145.0	9.83	8.15
PTHR22838	4861.33	4682.22	659.42	42.8	35.49
PTHR22836	2230.0	2185.22	359.01	13.32	11.05
PTHR10693	411.0	366.24	44.0	9.89	8.2
PTHR32379	1365.0	1320.22	480.87	29.6	24.54
PTHR10938	2616.0	2526.44	2540.0	179.59	148.92
PTHR10934	861.0	816.22	15041.91	1502.36	1245.87
PTHR11510	2196.0	2151.22	5212.03	196.47	162.93
PTHR11516	5376.0	5241.66	5853.2	300.67	249.33
PTHR10025	2751.0	2616.67	2776.94	163.46	135.55
PTHR10026	6296.49	6027.81	1315.06	94.19	78.11
PTHR10027	2390.0	2345.22	295.0	10.2	8.46
PTHR13009	3587.84	3408.73	407.0	41.59	34.48
PTHR13007	1825.81	1781.04	910.99	41.51	34.42
PTHR30115	937.0	892.22	1312.83	119.87	99.4
PTHR11863	3121.0	2986.66	1782.0	121.07	100.4
PTHR17901	798.0	753.22	75.0	8.12	6.74
PTHR24351	6996.15	6772.27	6718.6	360.23	298.72
PTHR20982	1290.0	1245.22	563.99	36.82	30.53
PTHR24352	3464.75	3375.19	1449.25	51.1	42.37
PTHR11467	602.0	557.22	1822.74	267.68	221.98
PTHR10119	2365.0	2320.22	2152.05	75.2	62.36
PTHR10343	3532.0	3487.22	2219.2	51.54	42.74
PTHR10110	6773.54	6594.42	488.0	24.15	20.03
PTHR11469	2526.9	2482.13	3259.58	106.44	88.27
PTHR10445	1222.0	1177.22	354.04	24.45	20.28
PTHR10598	993.0	948.22	56.0	4.81	3.99
PTHR24286	4297.31	4162.98	2896.96	129.75	107.6
PTHR23429	1988.0	1943.22	285.0	11.9	9.87
PTHR23426	2129.41	2039.85	4321.0	344.46	285.65
PTHR10593	3263.0	3173.44	4156.91	209.64	173.84
