GeneFamily	length	effective_length	expected_count	TPM	FPKM
PTHR11649	9830.55	9324.7	147.0	86.59	121.35
PTHR31089	487.0	441.02	2.0	2.69	3.77
PTHR31085	2585.0	2447.03	92.0	64.1	89.83
PTHR11647	1594.0	1548.01	46.0	17.43	24.43
PTHR11645	551.0	505.02	17.0	19.92	27.92
PTHR11880	1204.0	1112.04	1033.0	1071.17	1501.16
PTHR11885	1070.0	1024.01	393.91	226.15	316.93
PTHR10209	3636.0	3498.03	18.0	9.25	12.97
PTHR32429	3342.0	3158.05	1115.44	464.56	651.04
PTHR12403	2196.51	2104.54	68.01	36.78	51.54
PTHR31423	4228.0	4136.02	162.0	31.69	44.41
PTHR31551	417.0	371.02	9.0	14.42	20.2
PTHR32195	2769.0	2631.05	9.0	3.17	4.44
PTHR11081	5554.0	5324.07	76.0	36.48	51.12
PTHR11080	2275.0	2183.02	68.0	30.92	43.34
PTHR11082	5759.0	5483.1	28.0	16.57	23.22
PTHR11085	4860.78	4630.84	168.0	87.34	122.4
PTHR11089	8830.71	8416.83	104.87	55.25	77.42
PTHR32518	3100.0	3008.02	55.0	18.9	26.48
PTHR11247	1447.0	1401.01	114.0	47.75	66.92
PTHR32512	811.0	719.04	4.0	6.84	9.59
PTHR23088	6341.0	6111.05	128.0	62.65	87.81
PTHR23089	1470.0	1378.02	62.0	50.38	70.6
PTHR23081	5238.22	4916.34	51.0	37.85	53.04
PTHR23083	23860.18	22894.44	326.0	159.88	224.02
PTHR23084	5600.0	5370.07	96.0	25.1	35.15
PTHR23086	3422.0	3192.11	23.0	18.43	25.84
PTHR18806	1385.0	1293.03	9.0	6.78	9.51
PTHR31953	5081.56	4897.61	487.0	114.49	160.45
PTHR15184	10534.0	10212.08	1538.63	469.73	658.3
PTHR15341	530.0	484.02	1.0	1.22	1.71
PTHR32357	543.0	497.02	10.0	11.91	16.69
PTHR15169	1588.0	1496.03	6.0	5.63	7.88
PTHR12341	8142.93	7821.01	106.0	56.61	79.35
PTHR15160	4656.0	4518.03	111.0	49.11	68.84
PTHR18937	9651.69	9237.82	387.0	176.96	248.0
PTHR18934	19246.51	18326.8	455.08	177.44	248.7
PTHR12742	2135.02	2043.04	39.0	22.46	31.47
PTHR12741	731.0	685.01	22.0	18.94	26.54
PTHR19288	5147.0	4871.08	262.0	112.28	157.35
PTHR12975	3436.0	3206.09	8.0	5.77	8.09
PTHR13902	2913.31	2729.38	137.0	100.52	140.87
PTHR13903	856.02	810.03	13.0	9.45	13.24
PTHR22753	4360.0	4176.04	14.0	7.4	10.38
PTHR30615	684.0	638.01	4.0	3.7	5.19
PTHR22939	14573.9	13976.05	131.0	64.66	90.61
PTHR22938	3664.0	3480.06	47.01	28.25	39.59
PTHR16266	2709.0	2571.04	30.0	26.61	37.29
PTHR30612	6003.0	5865.03	73.0	19.54	27.4
PTHR22932	591.21	545.23	34.0	36.87	51.67
PTHR21228	51290.3	48485.3	1063.0	554.0	776.31
PTHR13343	5405.0	5129.08	149.0	89.53	125.45
PTHR12233	2608.0	2562.01	56.94	13.01	18.24
PTHR22936	3569.0	3431.03	99.0	34.32	48.09
PTHR10993	1412.0	1320.03	9.0	6.69	9.38
PTHR31038	1011.0	965.01	2.0	1.22	1.71
PTHR13832	26431.5	25097.93	520.0	293.59	411.46
PTHR21139	1407.71	1361.73	162.03	69.84	97.87
PTHR21136	4634.9	4450.94	277.0	150.99	211.57
PTHR12526	38673.26	37431.58	1751.0	534.08	748.43
PTHR13124	565.0	519.02	4.0	4.56	6.39
PTHR13120	548.0	502.02	14.0	16.5	23.13
PTHR22809	1551.0	1459.03	1.0	0.63	0.88
PTHR22807	6403.0	5943.19	49.16	30.72	43.04
PTHR20661	286.67	240.87	0.0	0.0	0.0
PTHR10900	17551.13	16907.29	2198.04	1068.24	1497.06
PTHR10906	3444.0	3352.02	1185.17	457.71	641.44
PTHR10909	18573.0	17975.14	638.23	267.87	375.41
PTHR10055	2138.96	2046.99	61.0	37.22	52.16
PTHR10057	2937.2	2799.25	216.86	142.12	199.16
PTHR10052	736.0	690.01	894.17	764.23	1071.01
PTHR13017	981.0	935.01	11.0	6.92	9.7
PTHR13018	14790.86	14285.01	748.12	232.77	326.2
PTHR10694	2303.92	2165.98	211.0	97.8	137.07
PTHR12839	2194.2	2010.27	8.0	7.79	10.93
PTHR10954	979.0	933.01	6.0	3.78	5.3
PTHR12835	2032.0	1940.02	9.0	6.03	8.45
PTHR24031	51893.56	49364.51	4673.92	1934.94	2711.65
PTHR24032	1032.0	986.01	17.0	10.14	14.21
PTHR24349	42550.83	40619.46	1467.15	756.29	1059.86
PTHR24619	1968.0	1876.03	13.0	5.43	7.61
PTHR24343	15271.68	14443.95	794.0	321.08	450.0
PTHR11472	6062.0	5832.05	43.0	15.87	22.24
PTHR24347	6960.11	6546.3	113.0	72.84	102.11
PTHR11476	4764.0	4626.03	298.99	77.52	108.64
PTHR11477	1107.0	1015.03	7.0	8.57	12.01
PTHR10438	16402.0	15666.17	1371.97	1027.72	1440.27
PTHR10476	2397.0	2259.04	115.0	85.0	119.11
PTHR11538	3173.0	3081.02	90.0	35.4	49.62
PTHR24290	2140.41	2002.45	21.0	16.83	23.58
PTHR12730	2753.0	2615.03	12.0	7.95	11.14
PTHR23413	849.0	757.08	1442.0	2657.68	3724.52
PTHR23417	4433.0	4295.04	29.0	8.25	11.56
PTHR23416	5082.0	4852.05	189.0	104.33	146.21
PTHR23415	1631.0	1539.02	239.0	161.91	226.91
PTHR12736	1525.0	1479.01	21.0	8.33	11.67
PTHR10871	4428.0	4244.04	998.98	899.63	1260.78
PTHR23418	744.0	698.01	53.0	44.77	62.75
PTHR10877	6279.67	5911.82	53.0	37.53	52.61
PTHR31096	5330.98	4963.1	390.19	269.98	378.37
PTHR11655	2081.0	1943.04	1441.0	1230.07	1723.84
PTHR11652	2375.25	2191.32	2011.0	1792.07	2511.44
PTHR20883	3299.0	3207.02	46.0	18.05	25.28
PTHR11895	8181.61	7767.76	79.0	47.38	66.41
PTHR10277	3245.0	3153.02	257.0	83.7	117.29
PTHR14027	2837.0	2653.06	33.0	24.07	33.73
PTHR13691	1161.45	1069.48	22.0	23.28	32.62
PTHR11246	5887.0	5703.04	114.03	46.09	64.6
PTHR23180	6955.0	6495.15	161.0	120.71	169.17
PTHR14593	2681.0	2451.08	19.0	23.33	32.7
PTHR11093	3316.0	3224.02	126.0	45.26	63.41
PTHR11096	2734.0	2642.02	5.0	2.23	3.12
PTHR23346	7911.0	7773.03	116.0	18.59	26.04
PTHR10309	1233.0	1187.01	21.0	10.39	14.56
PTHR14107	2190.0	2052.06	41.0	22.16	31.07
PTHR11252	4512.0	4328.04	23.0	10.98	15.39
PTHR11254	14132.93	13581.08	398.0	188.62	264.34
PTHR11255	2621.0	2529.02	58.0	27.01	37.84
PTHR14110	1682.0	1590.03	26.0	21.42	30.02
PTHR14374	1423.0	1377.01	13.0	5.54	7.76
PTHR18838	2224.0	2086.05	18.0	11.94	16.74
PTHR14534	663.0	617.01	12.0	11.48	16.09
PTHR12687	1197.0	1151.01	4.0	2.04	2.86
PTHR15157	4490.0	4306.05	52.0	26.9	37.7
PTHR18901	9367.66	8953.78	142.99	70.5	98.83
PTHR12755	1488.78	1396.86	14.0	7.24	10.15
PTHR12750	5370.56	4956.76	94.01	80.07	112.18
PTHR12753	1329.0	1283.01	29.0	13.27	18.6
PTHR15081	883.0	791.04	9.0	12.94	18.14
PTHR15574	9215.0	8755.16	64.0	34.51	48.33
PTHR12506	2744.71	2606.76	113.01	67.84	95.06
PTHR24006	20315.19	19303.58	371.0	177.72	249.04
PTHR12358	305.0	259.06	0.0	0.0	0.0
PTHR22748	3943.36	3713.42	31.0	24.24	33.96
PTHR12356	1608.38	1516.4	47.0	31.6	44.28
PTHR12221	1276.0	1230.01	12.0	5.73	8.03
PTHR21213	860.0	814.01	40.0	28.94	40.55
PTHR19879	2222.04	2038.13	22.0	23.49	32.93
PTHR12226	1034.0	988.01	32.0	19.05	26.69
PTHR19876	3774.34	3682.37	333.0	102.25	143.28
PTHR19877	1376.0	1330.01	63.0	27.81	38.97
PTHR31190	1860.49	1768.52	108.0	66.78	93.58
PTHR12538	515.0	469.02	464.96	587.18	822.89
PTHR12537	2209.0	2117.02	223.0	116.07	162.65
PTHR12532	1801.0	1755.01	1.0	0.33	0.47
PTHR13486	1254.0	1208.01	24.0	11.67	16.35
PTHR20275	3840.39	3656.46	107.0	59.88	83.91
PTHR13489	498.0	452.02	2.0	2.62	3.67
PTHR17583	2530.0	2392.04	16.0	15.49	21.7
PTHR24198	13139.21	12541.42	164.0	86.87	121.75
PTHR10048	4756.43	4526.5	182.0	104.3	146.17
PTHR10046	3072.0	2888.05	6.0	4.67	6.53
PTHR10044	964.0	918.01	23.0	14.74	20.66
PTHR11998	5272.43	5042.5	258.66	137.47	192.66
PTHR13060	846.0	800.01	1.0	0.74	1.03
PTHR10687	1801.0	1709.02	41.0	31.5	44.15
PTHR13069	3169.39	2985.45	7.0	5.09	7.13
PTHR10681	4131.0	3901.08	623.88	364.44	510.72
PTHR10682	1586.0	1540.01	62.0	23.62	33.1
PTHR10683	4711.14	4573.18	714.0	241.2	338.03
PTHR12829	1579.0	1441.08	17.0	12.77	17.9
PTHR12820	2704.0	2566.04	58.0	36.32	50.89
PTHR12826	1011.0	965.01	18.0	10.97	15.37
PTHR12827	2097.0	1913.1	3.0	5.5	7.7
PTHR17920	1717.0	1625.05	65.0	28.24	39.58
PTHR10137	1736.0	1690.01	87.0	30.18	42.3
PTHR11405	3300.18	3208.2	383.0	127.17	178.23
PTHR11404	3026.28	2934.3	983.0	449.62	630.1
PTHR11406	2397.0	2305.02	3098.07	1162.81	1629.57
PTHR14744	922.0	876.01	5.0	3.36	4.71
PTHR13468	1552.4	1506.42	16.0	6.23	8.73
PTHR23406	9962.72	9686.8	326.98	97.55	136.7
PTHR23407	1203.65	1157.66	26.0	13.19	18.49
PTHR10869	11391.48	11023.57	699.0	294.26	412.37
PTHR31717	501.47	455.49	23.0	29.92	41.93
PTHR13393	1238.0	1146.03	8.0	8.12	11.38
PTHR12696	3488.69	3350.74	178.0	122.97	172.33
PTHR11315	4009.52	3825.57	133.0	55.44	77.69
PTHR10139	1636.0	1544.03	5.0	4.8	6.72
PTHR10264	3918.95	3780.99	379.0	163.54	229.19
PTHR10263	1585.0	1493.02	248.0	184.9	259.12
PTHR31155	1113.0	1021.03	4.0	3.65	5.12
PTHR32170	2952.0	2814.03	18.0	9.42	13.21
PTHR23350	1634.77	1542.79	8.0	6.31	8.84
PTHR23354	2582.0	2444.04	21.0	13.51	18.94
PTHR23355	5645.39	5415.45	69.0	32.8	45.98
PTHR23359	7829.14	7507.23	115.0	60.92	85.39
PTHR11227	2874.0	2782.02	25.0	11.89	16.66
PTHR11220	6765.0	6489.07	133.0	61.28	85.87
PTHR11223	4321.0	4183.03	95.0	39.76	55.71
PTHR11229	2504.0	2412.02	62.0	33.89	47.49
PTHR10314	16989.9	16392.09	1568.6	572.18	801.9
PTHR14303	650.0	604.01	23.0	22.49	31.51
PTHR23308	4409.0	4133.08	86.0	61.83	86.67
PTHR11139	23207.06	22241.4	314.01	112.33	157.42
PTHR15362	1242.0	1150.03	7.0	6.79	9.51
PTHR11132	18054.77	17318.98	703.04	356.67	499.85
PTHR11134	3945.0	3853.02	225.62	68.03	95.34
PTHR11136	2289.83	2197.86	15.0	7.71	10.79
PTHR32374	1866.0	1728.04	36.0	39.28	55.05
PTHR31579	5734.0	5274.17	115.0	115.03	161.18
PTHR32379	1031.0	985.01	9.0	5.37	7.53
PTHR18919	1585.0	1493.03	36.0	20.49	28.71
PTHR32002	1332.2	1240.24	18.0	16.31	22.85
PTHR14413	1228.0	1136.03	48.0	43.73	61.29
PTHR22891	2003.0	1865.04	13.0	13.0	18.22
PTHR22893	1703.0	1657.01	14.0	4.95	6.94
PTHR10778	3631.92	3493.96	171.0	84.97	119.08
PTHR10072	4916.51	4732.57	184.0	86.65	121.41
PTHR12786	2995.49	2903.52	121.0	43.31	60.7
PTHR12782	1345.0	1253.03	24.0	23.08	32.35
PTHR11214	1255.0	1209.01	17.0	8.26	11.57
PTHR24063	29259.79	28340.04	1465.87	358.34	502.17
PTHR10182	1141.0	1095.01	54.0	28.98	40.61
PTHR13923	3267.0	3083.05	238.88	180.35	252.75
PTHR12321	2839.0	2747.02	78.0	35.11	49.2
PTHR12320	5491.88	5170.01	132.0	108.43	151.94
PTHR12323	1120.0	1028.03	10.0	12.25	17.17
PTHR16201	1857.0	1765.03	25.0	18.49	25.92
PTHR21015	1332.0	1286.01	51.0	23.28	32.63
PTHR16196	1027.0	935.04	17.0	19.93	27.93
PTHR16193	899.0	853.01	1.0	0.69	0.97
PTHR22792	2648.19	2464.25	49.0	39.09	54.79
PTHR22790	1999.0	1907.02	5.0	3.06	4.29
PTHR21680	1520.0	1474.01	39.0	15.52	21.75
PTHR21689	664.0	618.01	4.0	3.82	5.36
PTHR21113	2720.0	2582.03	68.0	37.33	52.3
PTHR19316	693.0	601.07	3.0	6.22	8.71
PTHR21663	2353.0	2215.05	12.0	7.8	10.94
PTHR13253	5472.0	5150.09	103.0	81.21	113.83
PTHR22603	1856.0	1718.05	8.0	8.44	11.83
PTHR21206	840.0	794.01	10.0	7.42	10.4
PTHR13789	12316.16	11718.36	459.43	141.36	198.14
PTHR10071	2102.0	1918.07	20.0	28.3	39.67
PTHR24188	5175.0	5037.03	147.0	33.61	47.11
PTHR13780	5386.27	5064.37	296.0	187.75	263.13
PTHR10670	6519.0	6243.07	63.0	31.23	43.76
PTHR10677	1550.0	1458.02	92.0	71.16	99.72
PTHR13078	1900.96	1809.03	7.0	11.13	15.59
PTHR12815	5445.0	5261.05	113.0	44.08	61.78
PTHR12814	1397.0	1305.02	16.0	14.74	20.66
PTHR24361	9671.02	9303.12	311.63	129.06	180.85
PTHR24362	7423.24	7009.37	563.0	235.73	330.33
PTHR10416	1696.0	1558.17	10.0	8.65	12.12
PTHR10410	4005.0	3867.03	77.0	33.84	47.43
PTHR10783	6522.28	6154.42	1386.99	526.75	738.21
PTHR10782	1177.0	1131.01	11.0	5.71	8.01
PTHR13476	2468.25	2376.31	53.0	24.56	34.41
PTHR10788	8063.72	7833.79	386.88	133.88	187.63
PTHR10891	8192.52	7778.61	1181.0	667.39	935.3
PTHR10890	2461.0	2369.02	80.0	35.25	49.4
PTHR20426	1222.03	1176.04	30.0	14.98	21.0
PTHR23213	2645.0	2461.07	50.0	46.68	65.41
PTHR10520	4945.0	4807.03	196.61	56.26	78.86
PTHR10250	1465.0	1373.02	261.42	224.68	314.87
PTHR10527	11436.76	11114.84	292.0	89.42	125.3
PTHR10099	5006.0	4960.01	232.53	27.41	38.42
PTHR31385	5144.06	4960.11	295.0	93.65	131.24
PTHR10091	1342.0	1296.01	21.0	9.51	13.33
PTHR31142	1664.0	1618.01	95.0	34.43	48.26
PTHR31140	598.0	552.02	2.0	2.14	3.0
PTHR11787	2927.0	2835.02	121.0	40.64	56.96
PTHR11785	13456.0	13180.06	479.0	110.55	154.91
PTHR11782	6518.28	6196.37	81.0	41.77	58.54
PTHR31419	711.0	665.01	1.0	0.89	1.24
PTHR11780	1981.0	1935.01	493.0	149.31	209.25
PTHR23151	7188.71	6728.88	379.36	253.12	354.73
PTHR21141	2987.0	2757.11	2377.8	2945.3	4127.59
PTHR32148	4404.0	4174.08	258.03	130.69	183.16
PTHR23324	6207.64	6023.68	212.0	74.31	104.14
PTHR23326	3334.0	3196.03	234.0	143.38	200.93
PTHR23321	830.0	784.01	8.0	6.01	8.42
PTHR23323	4380.28	4104.38	57.0	44.23	61.98
PTHR23322	3424.0	3194.08	91.82	77.99	109.3
PTHR23329	1769.0	1631.05	8.0	7.26	10.18
PTHR11236	2748.0	2610.03	31.0	17.14	24.01
PTHR20932	3652.0	3514.03	142.99	53.59	75.1
PTHR10322	9830.0	9416.11	121.0	60.74	85.13
PTHR11239	963.0	871.04	22.0	31.94	44.76
PTHR10555	6846.0	6570.07	113.0	50.06	70.17
PTHR31964	10099.9	9777.97	465.0	246.65	345.67
PTHR23030	3664.01	3572.03	329.0	106.63	149.44
PTHR11129	2206.11	2068.18	54.0	40.98	57.44
PTHR11122	5235.96	5052.01	329.0	111.91	156.82
PTHR15316	2419.0	2235.06	72.0	76.9	107.78
PTHR11127	581.0	535.02	731.0	807.94	1132.27
PTHR11125	2229.0	2137.03	25.0	8.87	12.43
PTHR31566	1674.0	1628.01	15.0	5.4	7.57
PTHR31567	1245.0	1199.01	196.0	96.01	134.55
PTHR31561	8810.78	8259.06	447.91	166.73	233.66
PTHR15137	496.0	450.02	0.0	0.0	0.0
PTHR15954	898.0	806.05	10.0	14.18	19.87
PTHR15952	3943.0	3713.07	39.0	29.15	40.84
PTHR21597	2302.0	2210.02	30.0	16.62	23.3
PTHR19271	3766.0	3628.04	28.0	8.14	11.4
PTHR22931	14076.71	13525.0	2635.95	858.52	1203.11
PTHR11361	15447.31	14803.57	97.0	36.87	51.67
PTHR12029	4452.0	4084.15	11.0	9.11	12.75
PTHR21220	1363.0	1317.01	20.0	8.91	12.49
PTHR31588	1687.39	1595.43	75.0	54.95	77.01
PTHR22780	2657.0	2565.03	72.0	30.76	43.1
PTHR21477	1518.83	1426.86	29.0	22.28	31.22
PTHR19308	3253.0	3115.03	363.0	167.58	234.85
PTHR19306	3682.0	3590.02	30.0	9.12	12.78
PTHR16301	2175.0	2037.04	6.0	4.31	6.05
PTHR13265	1136.0	1090.01	6.0	3.23	4.53
PTHR22870	27458.63	26446.97	1150.0	420.11	588.76
PTHR17630	6944.0	6760.04	313.0	67.19	94.16
PTHR10064	560.93	514.96	628.0	721.42	1011.01
PTHR10066	10986.0	10664.07	2268.42	439.88	616.44
PTHR10060	2186.0	2002.07	8.0	9.05	12.69
PTHR10663	14139.0	13495.18	271.0	150.95	211.58
PTHR10666	1780.52	1642.56	5216.67	5268.21	7382.95
PTHR10668	9830.0	9324.13	173.0	117.41	164.56
PTHR12801	2884.25	2700.31	19.0	14.78	20.71
PTHR12802	4217.0	4033.06	27.0	12.04	16.86
PTHR12805	1234.0	1142.03	13.0	13.01	18.22
PTHR12806	1024.0	978.01	16.0	9.62	13.48
PTHR21091	7663.46	7341.54	322.89	114.29	160.17
PTHR21090	1816.0	1770.01	85.96	28.47	39.9
PTHR12281	2328.0	2236.02	32.0	14.72	20.64
PTHR13734	3010.0	2872.04	57.0	42.36	59.37
PTHR24315	953.0	907.01	47.0	30.49	42.73
PTHR24314	2447.37	2263.52	37.0	26.41	37.0
PTHR11933	1687.0	1549.05	6.0	6.55	9.18
PTHR24316	4660.6	4430.68	374.0	173.6	243.28
PTHR11426	1962.0	1870.02	279.94	175.85	246.45
PTHR11937	8443.87	7984.02	2542.86	2381.87	3337.99
PTHR11938	17882.0	17514.08	1256.94	216.32	303.16
PTHR13683	8707.0	8247.14	206.0	145.69	204.16
PTHR24089	39600.19	37576.96	3418.78	1627.86	2281.29
PTHR10796	4195.0	4057.04	55.0	20.15	28.25
PTHR10794	2981.53	2843.57	35.0	21.96	30.79
PTHR10795	14335.7	13783.9	290.3	107.5	150.65
PTHR10792	586.0	540.02	593.0	649.28	909.92
PTHR10799	56547.52	53788.63	800.01	370.78	519.56
PTHR10882	866.0	820.01	4.0	2.87	4.03
PTHR10887	18246.46	17142.85	200.0	118.55	166.15
PTHR11686	2019.0	1881.04	14.0	13.77	19.3
PTHR11685	4815.0	4631.04	36.0	21.19	29.7
PTHR11680	3421.14	3237.2	647.36	256.6	359.61
PTHR24221	18457.89	17860.04	255.0	98.91	138.66
PTHR24220	7122.0	6846.07	232.0	93.78	131.43
PTHR24223	28147.2	27273.41	7211.82	1872.79	2624.58
PTHR11689	11130.0	10762.09	199.0	82.14	115.1
PTHR10252	2051.0	1867.08	20.0	26.55	37.21
PTHR10537	1738.0	1692.01	17.0	5.89	8.26
PTHR31173	3687.0	3503.07	32.0	14.94	20.95
PTHR10997	12342.0	12020.07	131.99	41.78	58.54
PTHR31606	644.0	598.01	11.0	10.86	15.22
PTHR31356	2765.0	2673.02	703.0	321.26	450.22
PTHR31352	7226.54	6950.62	306.0	114.33	160.23
PTHR31350	3617.0	3479.03	24.0	13.1	18.36
PTHR11758	623.0	577.02	534.99	547.79	767.69
PTHR23333	1227.0	1181.01	30.0	14.92	20.91
PTHR11203	4390.0	4206.05	85.99	37.63	52.74
PTHR11753	2396.0	2258.03	144.0	110.34	154.63
PTHR11200	14192.88	13641.08	291.0	117.41	164.55
PTHR24423	5533.56	5349.61	94.0	40.1	56.19
PTHR11206	13980.12	13336.49	140.0	70.37	98.62
PTHR11757	9145.0	8777.12	152.0	41.83	58.6
PTHR24420	51503.0	50077.45	887.09	269.89	378.22
PTHR10332	5800.0	5616.05	161.0	48.46	67.9
PTHR32557	992.0	946.01	20.0	12.44	17.43
PTHR14145	2949.0	2857.02	209.0	83.44	116.94
PTHR13600	4739.64	4509.71	57.0	31.36	43.96
PTHR31384	2065.0	1973.02	9.0	5.45	7.64
PTHR15744	1240.55	1148.59	24.0	25.88	36.27
PTHR23029	7659.0	7383.08	310.93	100.53	140.89
PTHR23023	3139.0	2909.08	10.0	9.98	14.0
PTHR21294	1602.0	1556.01	84.0	31.67	44.38
PTHR11119	2835.0	2697.04	12.0	6.36	8.92
PTHR31595	3902.74	3672.81	69.0	49.99	70.06
PTHR31596	1813.0	1767.01	21.0	6.97	9.76
PTHR21290	916.0	870.01	2.0	1.35	1.9
PTHR15948	1348.0	1256.03	19.0	20.96	29.37
PTHR31412	3794.0	3702.02	132.0	39.66	55.57
PTHR32026	1319.0	1273.01	35.0	16.14	22.62
PTHR31829	1129.0	1083.01	259.0	140.54	196.96
PTHR14898	1272.74	1226.75	37.0	17.71	24.82
PTHR19241	37355.17	35515.81	1499.16	916.95	1285.02
PTHR15239	3449.81	3265.88	47.0	28.7	40.23
PTHR19854	4048.4	3864.46	99.0	49.11	68.81
PTHR32497	3914.0	3776.03	73.0	40.03	56.11
PTHR12497	2185.0	2001.08	12.0	13.6	19.06
PTHR12302	1543.0	1497.01	258.0	101.11	141.69
PTHR12652	2228.0	2182.01	69.0	18.52	25.96
PTHR12304	1193.0	1147.01	5.0	2.56	3.59
PTHR30540	2168.0	2076.03	18.0	12.02	16.84
PTHR30544	4604.92	4374.99	26.0	18.08	25.33
PTHR13302	2405.0	2221.07	45.0	40.84	57.23
PTHR12472	1222.0	1130.03	4.0	2.93	4.1
PTHR13308	978.0	932.01	116.0	73.22	102.61
PTHR12477	2526.83	2388.88	32.0	15.33	21.47
PTHR13878	9882.0	9422.14	359.0	95.16	133.35
PTHR21461	3876.0	3738.03	62.0	26.78	37.54
PTHR13872	5920.91	5599.05	594.2	588.64	824.93
PTHR23327	3973.0	3743.07	129.0	79.84	111.89
PTHR22849	5015.79	4693.9	116.99	102.37	143.47
PTHR21314	1027.0	981.01	10.0	5.99	8.4
PTHR13271	17904.6	17030.83	346.0	207.84	291.26
PTHR22841	3878.0	3648.07	42.0	24.38	34.18
PTHR13273	1056.0	1010.01	43.0	25.03	35.08
PTHR22847	21465.51	20453.84	352.46	209.26	293.23
PTHR22846	2370.0	2278.02	91.0	44.61	62.52
PTHR22844	9563.0	9195.09	201.52	89.43	125.35
PTHR13890	4707.96	4386.06	134.0	117.0	163.95
PTHR23284	1406.0	1360.01	18.0	7.77	10.89
PTHR21266	14923.42	14279.65	481.0	169.29	237.24
PTHR12271	2724.0	2632.02	23.0	9.38	13.15
PTHR21262	5467.0	5145.1	185.0	111.76	156.62
PTHR12276	1078.0	986.04	17.0	14.4	20.18
PTHR10657	1538.0	1400.05	35.0	44.91	62.93
PTHR16557	348.0	302.03	0.0	0.0	0.0
PTHR10655	414.0	368.02	1.0	1.62	2.26
PTHR10652	1290.0	1198.03	108.0	101.95	142.87
PTHR17972	3513.45	3329.52	35.0	31.37	43.98
PTHR21085	1224.0	1178.01	38.0	18.95	26.55
PTHR11922	4524.0	4340.05	180.76	78.46	109.95
PTHR11926	6409.0	6133.08	65.0	26.61	37.28
PTHR11431	1990.0	1944.01	169.0	50.95	71.4
PTHR10430	3765.2	3581.25	553.01	309.54	433.79
PTHR10436	5501.0	5087.2	37.0	31.03	43.49
PTHR10434	1159.0	1113.01	10.0	5.28	7.4
PTHR24096	19477.04	18649.31	505.16	228.12	319.7
PTHR13693	6019.65	5789.71	120.0	48.81	68.39
PTHR24095	11567.84	11107.99	1227.46	301.25	422.17
PTHR24092	10014.0	9646.08	203.0	103.18	144.58
PTHR24093	54346.16	51817.11	2955.06	1242.61	1741.43
PTHR13451	1609.0	1563.01	20.0	7.51	10.52
PTHR13452	1004.0	912.04	7.0	7.61	10.66
PTHR10759	583.0	537.02	532.0	585.78	820.92
PTHR12901	784.0	738.01	16.97	13.56	19.0
PTHR12903	660.0	614.01	2.0	1.92	2.7
PTHR23237	935.0	889.01	21.0	13.9	19.48
PTHR10501	619.0	573.02	31.0	31.97	44.8
PTHR31169	663.0	617.01	2.0	1.91	2.68
PTHR12277	3411.0	3273.03	141.0	74.09	103.83
PTHR14087	510.0	464.02	0.0	0.0	0.0
PTHR23309	3633.0	3541.02	394.26	132.33	185.45
PTHR14085	1918.0	1872.01	8.0	2.5	3.51
PTHR31344	2230.28	2138.31	24.0	14.89	20.87
PTHR31619	1937.0	1891.01	321.76	99.73	139.76
PTHR23306	1209.0	1117.03	19.0	19.41	27.19
PTHR23305	1979.1	1887.13	194.98	86.16	120.75
PTHR14089	1949.0	1857.03	18.0	8.24	11.55
PTHR11748	9639.62	9409.68	684.24	145.02	203.24
PTHR11742	3317.0	3133.08	19.0	12.98	18.2
PTHR11216	5379.0	5103.09	95.0	53.53	75.0
PTHR11210	1646.0	1554.03	84.0	51.76	72.54
PTHR14154	4831.0	4555.1	245.0	190.24	266.6
PTHR14155	2294.0	2156.05	24.0	21.57	30.22
PTHR10343	3922.0	3738.05	50.0	34.23	47.97
PTHR11699	10774.0	10452.08	389.92	129.88	182.01
PTHR11692	2029.0	1983.01	78.33	23.15	32.44
PTHR11693	1356.0	1310.01	790.0	354.02	496.13
PTHR11695	17176.2	16440.45	428.0	200.19	280.55
PTHR31760	375.0	329.02	0.0	0.0	0.0
PTHR31840	311.0	265.05	0.0	0.0	0.0
PTHR31906	8986.31	8572.43	136.0	69.24	97.04
PTHR21419	1735.0	1689.01	99.0	34.37	48.16
PTHR23012	10877.6	10417.73	819.01	342.99	480.66
PTHR11101	7707.08	7477.17	713.0	168.1	235.58
PTHR11102	3860.0	3676.08	54.0	35.87	50.27
PTHR11106	1475.0	1429.01	10.0	4.11	5.75
PTHR31585	1148.0	1056.03	14.0	13.88	19.46
PTHR32125	1689.0	1597.02	15.0	11.17	15.66
PTHR32120	660.0	614.01	0.0	0.0	0.0
PTHR15680	756.0	710.01	19.0	15.78	22.11
PTHR11374	2727.0	2681.01	1138.01	248.51	348.27
PTHR11808	4051.0	3959.02	99.71	22.19	31.09
PTHR26312	2157.55	2019.6	12.0	8.02	11.23
PTHR12000	3589.0	3451.04	62.0	24.94	34.96
PTHR18895	5197.0	4967.06	27.0	14.03	19.65
PTHR12486	310.0	264.05	3.0	6.79	9.52
PTHR12480	3303.99	3166.03	31.0	13.85	19.41
PTHR12482	2648.0	2464.07	4.0	2.76	3.88
PTHR11042	3538.0	3354.06	35.0	21.07	29.53
PTHR12317	11480.0	11112.08	316.0	132.24	185.34
PTHR12649	1133.0	1041.04	12.0	11.9	16.68
PTHR13992	1010.0	964.01	19.0	11.59	16.24
PTHR12461	5609.0	5241.11	41.0	38.08	53.36
PTHR12466	1409.0	1317.03	10.0	8.21	11.5
PTHR10098	909.33	863.35	14.0	9.54	13.38
PTHR13847	10131.29	9671.49	408.01	234.49	328.62
PTHR22854	2025.0	1933.02	52.0	25.02	35.06
PTHR12001	2508.0	2416.03	84.0	28.0	39.24
PTHR21327	2143.44	2051.47	53.99	32.04	44.9
PTHR21631	7215.12	6985.18	1702.39	496.82	696.27
PTHR22855	4796.64	4658.68	391.0	164.33	230.3
PTHR22850	7916.0	7640.07	194.0	88.97	124.69
PTHR22504	1270.63	1224.64	140.0	67.14	94.08
PTHR12189	1077.0	1031.01	25.0	14.25	19.98
PTHR21256	3501.0	3409.02	79.05	27.13	38.02
PTHR12265	751.0	705.01	2.0	1.67	2.34
PTHR12266	2737.32	2599.36	50.0	32.87	46.06
PTHR10648	4596.57	4458.61	344.0	168.49	236.11
PTHR30178	664.5	618.51	420.0	400.9	561.83
PTHR10641	13806.39	12932.69	318.0	267.27	374.52
PTHR10644	8696.0	8328.14	119.0	40.28	56.45
PTHR12864	4445.0	4215.07	39.0	24.69	34.59
PTHR12860	2162.0	2116.01	69.0	19.1	26.77
PTHR13194	3766.14	3536.21	40.0	28.08	39.36
PTHR13190	407.0	361.02	3.0	4.94	6.92
PTHR13193	487.0	441.02	7.0	9.41	13.19
PTHR11913	1111.29	1065.31	87.0	48.0	67.27
PTHR11911	6979.0	6795.04	711.08	347.33	486.76
PTHR11910	1744.0	1652.02	1468.0	1038.73	1455.7
PTHR14950	1401.51	1355.52	7.0	3.03	4.25
PTHR11918	4955.0	4725.06	59.92	29.43	41.25
PTHR12919	714.0	668.01	51.0	45.04	63.12
PTHR12910	894.0	848.01	88.0	61.09	85.61
PTHR12917	2083.0	1991.02	29.0	15.9	22.28
PTHR11879	4955.0	4771.06	183.0	71.62	100.39
PTHR11351	3950.94	3721.03	42.0	29.53	41.37
PTHR11353	18880.36	18098.61	1080.72	508.3	712.34
PTHR11599	14014.0	13416.13	1182.07	674.92	945.85
PTHR10516	17198.23	16324.48	1489.0	1237.01	1733.61
PTHR11592	1720.0	1582.04	105.0	103.17	144.59
PTHR11659	1719.0	1673.01	34.0	11.92	16.7
PTHR31098	6203.0	6111.02	853.32	107.7	150.93
PTHR23315	6518.39	6334.43	240.0	139.33	195.28
PTHR23316	5872.0	5734.03	155.0	30.37	42.57
PTHR11778	1348.0	1302.01	10.0	4.51	6.32
PTHR11774	3154.0	3062.02	42.0	14.78	20.72
PTHR11773	3408.0	3362.01	571.65	99.49	139.43
PTHR11772	5532.5	5302.56	334.0	169.8	237.96
PTHR10357	16090.95	15723.05	1298.19	242.41	339.71
PTHR10353	12016.79	11694.87	745.48	212.6	297.97
PTHR10350	2882.0	2698.06	10.0	7.29	10.22
PTHR10351	5845.0	5661.09	139.0	68.56	96.08
PTHR10359	1336.0	1244.03	6.0	6.24	8.74
PTHR31750	1356.0	1264.03	16.0	11.93	16.71
PTHR14189	761.0	669.06	7.0	14.82	20.77
PTHR32228	999.0	953.01	2.0	1.23	1.73
PTHR31245	628.0	582.02	28.0	28.42	39.83
PTHR23001	1826.0	1734.02	84.0	57.45	80.51
PTHR23002	823.0	777.01	2.0	1.52	2.13
PTHR11177	1128.0	1036.04	4.0	3.23	4.53
PTHR10445	1414.82	1322.85	46.0	36.94	51.77
PTHR11178	3282.0	3144.03	157.0	96.36	135.04
PTHR14456	938.0	846.05	1.0	1.09	1.53
PTHR31808	1868.0	1730.05	30.0	33.58	47.05
PTHR31803	1768.0	1676.03	53.0	40.63	56.94
PTHR11009	2106.0	2014.02	84.0	43.99	61.65
PTHR30075	948.0	902.01	16.0	10.44	14.63
PTHR19229	7769.22	7447.31	236.0	80.18	112.35
PTHR11482	7555.0	7371.04	455.83	139.52	195.53
PTHR11005	9805.28	9391.4	212.0	127.81	179.11
PTHR11006	6022.37	5792.43	186.02	79.36	111.22
PTHR18640	3780.16	3550.25	13.0	7.17	10.05
PTHR18866	18587.39	18219.51	1957.97	270.79	379.5
PTHR12022	852.0	806.01	159.54	116.58	163.37
PTHR15074	510.0	464.02	5.0	6.38	8.95
PTHR15588	1363.13	1271.16	30.0	27.92	39.12
PTHR12677	4336.38	4106.43	94.2	70.06	98.19
PTHR19134	2568.57	2430.64	143.0	61.47	86.14
PTHR19139	1681.0	1589.02	212.0	154.95	217.16
PTHR30566	3459.76	3321.8	77.0	41.2	57.74
PTHR12459	1287.0	1241.01	14.0	6.62	9.28
PTHR12456	866.1	774.14	4.0	6.14	8.61
PTHR12452	813.0	767.01	13.0	9.99	13.99
PTHR11632	7366.0	7228.03	412.0	102.9	144.21
PTHR12072	3189.0	3005.06	45.0	28.94	40.55
PTHR13218	566.0	520.02	7.0	7.96	11.16
PTHR13215	570.0	524.02	1.0	1.13	1.58
PTHR13213	796.0	704.06	2.0	2.78	3.89
PTHR12290	1953.0	1861.02	46.0	30.75	43.09
PTHR21530	2807.0	2577.15	19.0	15.64	21.92
PTHR12295	3233.0	3003.13	33.0	27.34	38.33
PTHR12298	1825.0	1733.03	55.0	29.69	41.61
PTHR10638	7044.0	6860.04	384.0	82.96	116.27
PTHR10631	4339.0	4155.06	40.0	19.24	26.96
PTHR10984	5982.96	5753.02	218.0	104.09	145.89
PTHR13501	1118.0	1026.03	42.0	39.57	55.46
PTHR13505	822.0	776.01	25.0	18.98	26.6
PTHR12856	444.0	398.02	5.0	7.46	10.45
PTHR12855	1744.0	1652.03	72.0	50.81	71.22
PTHR12854	978.0	932.01	69.0	43.55	61.03
PTHR13182	1686.0	1594.02	27.0	21.33	29.89
PTHR10743	1144.48	1098.5	44.0	23.54	32.99
PTHR10742	15554.81	14910.98	232.0	92.66	129.86
PTHR10745	2893.33	2801.36	113.0	30.05	42.11
PTHR10744	1698.0	1560.08	6302.54	12746.07	17862.54
PTHR10746	1776.0	1684.02	71.0	48.28	67.67
PTHR11099	2539.0	2493.01	45.0	10.57	14.81
PTHR12924	1958.0	1912.01	812.11	248.93	348.86
PTHR11349	1658.0	1566.02	404.15	387.92	543.63
PTHR10566	20337.06	19233.42	343.0	179.71	251.89
PTHR10293	4148.0	3918.07	101.0	80.35	112.61
PTHR10291	1812.47	1674.51	6.0	5.85	8.2
PTHR11584	10235.58	9959.64	265.0	76.15	106.74
PTHR11586	1415.0	1323.02	11.0	10.07	14.12
PTHR11909	5089.17	4905.26	858.0	266.98	374.15
PTHR24320	7712.0	7344.09	107.0	61.92	86.78
PTHR24322	15376.85	14687.03	567.0	258.1	361.72
PTHR11907	846.0	800.01	7.0	5.15	7.22
PTHR11760	881.0	835.01	1339.35	944.37	1323.46
PTHR11761	1550.47	1458.5	1041.56	1129.15	1582.41
PTHR11766	1835.0	1789.01	15.0	4.92	6.89
PTHR11767	3406.0	3314.02	53.0	19.24	26.96
PTHR10361	1432.0	1386.01	106.0	44.88	62.9
PTHR10366	24558.57	23592.81	1835.09	791.58	1109.33
PTHR10169	8687.0	8319.11	282.0	114.24	160.11
PTHR10168	3057.0	2873.05	51.0	31.52	44.17
PTHR20973	462.0	416.02	0.0	0.0	0.0
PTHR10165	583.0	537.02	3.0	3.3	4.63
PTHR31032	1629.0	1583.01	433.0	160.43	224.83
PTHR23257	88363.43	84362.94	3181.85	1379.89	1933.83
PTHR13743	1450.41	1358.46	47.0	41.27	57.84
PTHR23253	1348.0	1256.03	71.0	66.84	93.68
PTHR14190	2378.0	2286.03	65.0	31.22	43.76
PTHR14194	7201.0	6879.07	98.0	58.14	81.49
PTHR31251	805.0	759.01	0.0	0.0	0.0
PTHR23074	8332.75	7826.96	265.0	197.12	276.23
PTHR23077	5506.0	5092.16	44.0	33.0	46.24
PTHR23076	9798.87	9339.1	204.96	122.27	171.34
PTHR12561	888.0	842.01	10.0	6.99	9.8
PTHR23073	5587.0	5265.09	831.95	669.19	937.83
PTHR23078	2296.0	2250.01	77.0	20.05	28.09
PTHR10804	15003.67	14359.83	497.0	233.47	327.19
PTHR11165	840.0	794.01	167.0	123.88	173.61
PTHR32100	1168.0	1122.01	12.0	6.28	8.81
PTHR14445	1179.41	1087.45	27.0	37.2	52.13
PTHR23109	4507.46	4415.5	135.01	21.15	29.64
PTHR31811	1299.44	1207.49	33.0	24.12	33.8
PTHR23102	1356.0	1264.03	7.0	7.62	10.67
PTHR23105	7457.0	7089.13	5916.87	9022.21	12643.88
PTHR11010	3212.0	3028.05	29.0	21.2	29.7
PTHR11014	6126.33	5896.38	310.0	129.62	181.64
PTHR12668	2111.0	1973.03	120.0	107.21	150.24
PTHR12661	1245.0	1199.01	7.0	3.43	4.81
PTHR12663	3475.7	3337.74	52.0	28.21	39.53
PTHR12664	737.0	691.01	13.0	11.09	15.55
PTHR16166	17160.91	16057.31	257.0	231.09	323.81
PTHR12446	2028.0	1844.09	14.0	18.04	25.28
PTHR12447	2178.0	2086.02	49.0	26.99	37.83
PTHR15481	749.0	703.01	7.0	5.87	8.23
PTHR26379	595.0	549.02	26.0	28.0	39.23
PTHR12599	1451.0	1359.03	67.0	43.51	60.97
PTHR12596	4251.0	4113.06	73.0	16.87	23.64
PTHR12590	637.0	591.02	2.0	2.0	2.8
PTHR12066	1662.0	1570.03	5.0	2.58	3.62
PTHR12064	6874.65	6598.73	48.0	23.58	33.04
PTHR13226	3405.0	3267.03	43.11	21.87	30.66
PTHR13889	1796.0	1750.01	86.0	28.81	40.38
PTHR13887	937.29	891.31	28.0	18.49	25.91
PTHR21181	451.0	405.02	14.0	20.52	28.75
PTHR13948	1350.0	1258.03	3.0	2.75	3.85
PTHR12146	565.0	519.02	662.0	754.51	1057.38
PTHR10458	638.0	592.02	6.0	5.99	8.39
PTHR21506	2112.0	1974.06	16.0	12.79	17.92
PTHR12280	2720.47	2536.54	25.0	26.64	37.33
PTHR12286	3371.0	3279.02	39.0	14.18	19.87
PTHR22983	3155.01	2971.06	69.0	46.71	65.47
PTHR22981	7125.48	6895.54	390.0	169.6	237.68
PTHR30191	3495.0	3449.01	605.94	102.8	144.06
PTHR13082	367.0	321.02	3.0	5.57	7.8
PTHR10629	9371.0	8957.12	99.0	43.45	60.89
PTHR10994	6285.0	6009.07	698.0	361.61	506.75
PTHR10996	6665.66	6435.73	566.19	204.44	286.5
PTHR10625	15260.06	14524.27	378.0	183.82	257.58
PTHR10992	32907.55	31298.09	566.0	276.43	387.41
PTHR17695	2920.58	2736.66	26.0	16.16	22.65
PTHR12848	5110.0	4926.05	138.0	70.92	99.4
PTHR12849	1501.0	1409.03	23.0	16.21	22.71
PTHR10943	4220.0	4082.03	245.0	108.58	152.16
PTHR12847	1671.0	1533.05	16.0	17.79	24.94
PTHR21349	1287.0	1195.03	54.0	49.3	69.08
PTHR21347	2089.0	2043.01	102.0	29.25	41.0
PTHR19861	868.0	822.01	5.0	3.58	5.02
PTHR21343	747.0	655.05	0.0	0.0	0.0
PTHR10196	5644.61	5460.66	104.0	31.42	44.03
PTHR10192	2061.26	1969.3	22.0	14.93	20.92
PTHR10751	6329.54	6099.61	142.0	58.31	81.7
PTHR10755	3311.0	3219.02	182.0	58.55	82.05
PTHR10758	3038.08	2946.1	221.0	76.17	106.75
PTHR13152	1530.0	1438.03	22.0	18.83	26.39
PTHR12932	2882.25	2744.3	267.0	154.32	216.27
PTHR12934	1630.0	1538.02	94.0	63.42	88.88
PTHR11451	8780.0	8550.05	269.11	85.03	119.17
PTHR10288	6405.22	6083.43	349.21	211.49	296.38
PTHR11800	2444.0	2352.02	53.0	26.59	37.26
PTHR11802	9188.23	8820.33	215.0	82.83	116.07
PTHR11804	12226.0	11812.11	274.0	96.63	135.4
PTHR11807	818.0	772.01	2.0	1.53	2.14
PTHR10281	1514.0	1422.03	27.0	17.36	24.33
PTHR10283	22033.09	21481.23	1769.68	465.56	652.44
PTHR10285	6051.43	5821.5	1245.38	563.57	789.79
PTHR10286	3232.0	3094.03	751.38	424.18	594.46
PTHR11579	2675.14	2537.17	54.0	37.35	52.34
PTHR13718	3105.06	3013.09	1641.99	1092.22	1530.65
PTHR13711	4157.0	3881.1	32.0	29.26	41.01
PTHR13710	7848.95	7343.17	29.0	22.01	30.85
PTHR11977	538.0	492.02	31.0	37.3	52.27
PTHR22970	2277.0	2231.01	62.0	16.28	22.81
PTHR11972	847.0	801.01	2.0	1.47	2.06
PTHR31480	1102.0	1056.01	32.0	17.81	24.96
PTHR31485	3822.0	3684.03	93.0	36.27	50.83
PTHR11715	931.37	885.39	259.0	172.15	241.25
PTHR11717	1392.0	1300.03	4.0	4.34	6.09
PTHR11711	5593.0	5317.07	2039.0	1525.47	2137.84
PTHR11712	7605.79	7283.89	253.8	107.14	150.13
PTHR10374	2329.0	2237.02	116.06	54.98	77.05
PTHR10178	10943.37	10759.42	159.0	33.53	46.99
PTHR20961	5793.77	5609.82	79.0	30.43	42.64
PTHR10173	4030.0	3800.05	116.0	88.42	123.9
PTHR10177	10447.01	9987.15	746.73	263.66	369.51
PTHR10174	11011.96	10552.1	475.0	207.09	290.22
PTHR23249	806.14	760.15	11.0	8.53	11.95
PTHR23244	11800.0	11110.27	96.0	52.88	74.09
PTHR23245	1549.0	1457.03	13.0	10.19	14.29
PTHR23240	4361.0	4131.06	21.0	13.52	18.94
PTHR14614	5912.65	5636.99	79.0	26.27	36.81
PTHR31268	2923.0	2785.05	51.03	26.86	37.64
PTHR31262	1827.0	1689.05	7396.27	5545.13	7771.04
PTHR23063	4765.0	4627.03	192.0	72.78	101.99
PTHR11620	578.0	532.02	941.65	1046.71	1466.87
PTHR11624	5552.12	5414.15	2158.8	581.36	814.73
PTHR11627	2836.0	2698.07	211.0	90.96	127.47
PTHR11390	3738.37	3462.49	38.0	37.6	52.7
PTHR31620	2429.0	2291.08	231.0	135.81	190.33
PTHR31319	2644.0	2552.02	151.89	57.03	79.93
PTHR14052	586.0	540.02	2.0	2.19	3.07
PTHR32118	1672.0	1626.01	248.53	89.64	125.62
PTHR14152	378.0	332.02	1.0	1.79	2.51
PTHR23117	3538.0	3308.07	105.0	84.78	118.8
PTHR23115	36668.23	35288.63	20139.74	7206.44	10099.23
PTHR11028	1872.0	1826.01	210.0	67.41	94.47
PTHR12111	2792.0	2700.02	25.35	11.48	16.09
PTHR11024	1761.0	1669.03	71.99	34.7	48.62
PTHR12841	836.0	790.01	31.0	23.11	32.39
PTHR11777	6230.0	6000.05	240.0	73.04	102.36
PTHR12616	2467.3	2375.34	71.0	33.72	47.26
PTHR12613	1210.0	1164.01	48.0	24.22	33.95
PTHR12612	814.0	768.01	128.0	98.19	137.61
PTHR32060	5565.77	5335.82	66.62	29.56	41.43
PTHR12126	2759.0	2667.02	162.0	68.61	96.16
PTHR12124	3945.0	3715.11	19.0	11.1	15.55
PTHR22734	2283.61	2191.64	23.0	14.26	19.98
PTHR12121	7361.0	6855.2	236.0	80.82	113.25
PTHR12438	1386.23	1294.26	7.0	6.08	8.52
PTHR15492	1350.91	1304.93	9.0	4.05	5.67
PTHR21426	419.0	373.02	4.0	6.37	8.93
PTHR21427	517.0	471.02	3.0	3.77	5.29
PTHR19372	1954.0	1908.01	53.0	16.28	22.81
PTHR19370	7254.0	6978.07	324.14	173.91	243.72
PTHR19376	13267.0	12853.1	192.26	78.25	109.66
PTHR19375	4401.0	4217.05	120.0	61.55	86.25
PTHR12725	2141.0	2049.02	13.0	7.38	10.35
PTHR22884	18135.2	17169.5	264.05	163.94	229.73
PTHR22883	7361.21	7085.28	168.0	78.76	110.36
PTHR22880	7784.5	7370.65	92.0	53.01	74.26
PTHR12542	3057.96	3011.97	122.0	23.71	33.22
PTHR12547	3426.0	3288.04	84.0	71.15	99.71
PTHR12436	3147.0	3009.03	43.0	27.16	38.07
PTHR21512	1433.47	1387.48	16.0	6.77	9.48
PTHR19980	1933.0	1841.03	12.0	5.23	7.32
PTHR30508	3717.0	3625.02	388.0	121.61	170.42
PTHR30502	816.0	770.01	10.0	7.65	10.72
PTHR10617	7297.29	6975.48	433.0	161.76	226.69
PTHR10615	2361.74	2269.76	157.0	68.06	95.39
PTHR13527	575.93	529.95	21.0	23.43	32.84
PTHR22958	1770.0	1632.06	88.0	94.46	132.37
PTHR22951	1809.05	1717.12	36.0	18.22	25.54
PTHR22950	23947.87	23028.15	579.0	212.57	297.93
PTHR22953	13187.4	12865.49	293.0	102.76	144.0
PTHR22952	3543.89	3314.02	231.0	129.5	181.48
PTHR22957	9351.0	8983.09	251.5	93.67	131.26
PTHR21600	2156.0	2018.08	42.0	20.19	28.29
PTHR24056	14423.0	13641.28	395.28	302.05	423.3
PTHR24054	2430.72	2338.75	252.0	129.19	181.05
PTHR24055	12415.14	11909.29	713.4	301.12	422.01
PTHR24058	5899.21	5623.3	379.0	197.09	276.22
PTHR10766	6416.0	6094.09	380.41	238.58	334.35
PTHR10762	4245.0	4153.03	52.0	10.38	14.54
PTHR30031	2253.47	2115.58	454.0	288.51	404.33
PTHR12945	1138.0	1046.03	2.0	1.78	2.49
PTHR12944	1815.0	1677.08	15.0	9.5	13.3
PTHR24128	2943.0	2805.03	28.0	19.02	26.65
PTHR13096	1951.0	1859.03	4.0	1.66	2.33
PTHR11364	2384.23	2246.28	52.0	40.49	56.75
PTHR11365	3652.0	3514.03	24.0	9.76	13.69
PTHR10548	2733.92	2504.06	83.0	94.75	132.77
PTHR11814	5997.0	5721.13	89.0	39.01	54.67
PTHR11363	2138.0	2092.01	1677.0	469.66	658.19
PTHR10543	3672.0	3534.03	41.0	18.92	26.51
PTHR11819	4581.0	4397.08	106.0	33.9	47.52
PTHR13931	5601.0	5509.02	103.0	21.98	30.81
PTHR10544	529.0	483.02	252.0	308.9	432.9
PTHR11562	972.0	926.01	25.0	15.88	22.26
PTHR11566	10212.35	9936.42	495.97	165.31	231.67
PTHR11567	3528.0	3436.02	37.0	12.67	17.77
PTHR11564	8011.0	7735.07	316.0	116.85	163.76
PTHR11962	2778.0	2594.07	13.0	14.98	20.99
PTHR11963	3703.0	3611.02	64.0	19.22	26.94
PTHR10381	9739.0	9371.08	849.97	447.47	627.1
PTHR10383	2864.0	2726.04	170.0	118.89	166.61
PTHR11932	5670.4	5486.47	474.85	105.33	147.6
PTHR11702	7764.0	7534.05	161.96	61.91	86.76
PTHR11700	1942.0	1804.05	1871.0	1942.44	2722.18
PTHR10388	695.0	649.01	133.0	120.93	169.47
PTHR11709	2647.0	2555.02	13.0	6.02	8.44
PTHR10145	4333.0	4195.03	86.0	38.47	53.91
PTHR23273	3224.0	3132.02	108.0	40.17	56.29
PTHR23270	5406.32	5130.57	139.01	52.6	73.71
PTHR24305	9292.84	8924.94	148.0	75.38	105.66
PTHR23163	359.0	313.03	8.0	15.23	21.35
PTHR23050	3841.35	3657.4	922.0	502.07	703.6
PTHR23056	1191.0	1145.01	15.0	7.7	10.79
PTHR23054	1148.0	1102.01	22.0	11.73	16.44
PTHR11638	5232.61	4910.73	869.94	424.44	594.8
PTHR31783	3536.0	3352.05	16.0	10.39	14.57
PTHR23291	4570.0	4386.04	194.0	102.14	143.13
PTHR11630	15721.35	15123.5	243.22	121.66	170.52
PTHR11140	7296.0	7112.05	574.01	231.99	325.11
PTHR11141	2469.0	2377.02	285.0	149.71	209.8
PTHR11142	7211.0	6843.09	24.0	19.14	26.8
PTHR11143	588.0	542.02	493.74	538.58	754.78
PTHR11380	486.0	440.02	9.0	12.13	16.99
PTHR11384	8188.0	7682.22	245.0	69.68	97.64
PTHR32477	3007.0	2915.02	22.0	5.61	7.87
PTHR14043	2197.0	2105.03	15.0	7.75	10.86
PTHR32472	1582.25	1444.33	15.0	15.16	21.24
PTHR31658	1274.53	1136.63	9.0	10.99	15.41
PTHR14269	1947.0	1809.05	4.0	2.28	3.2
PTHR23125	29370.68	28037.08	497.0	223.14	312.72
PTHR12050	961.0	915.01	54.0	34.72	48.66
PTHR19211	14256.68	13566.9	294.15	153.23	214.76
PTHR12608	2888.09	2750.14	50.0	31.05	43.51
PTHR12604	638.0	592.02	6.0	5.99	8.39
PTHR12603	891.0	845.01	29.0	20.2	28.31
PTHR32091	729.0	683.01	42.0	36.27	50.83
PTHR32098	3096.0	2866.11	40.0	33.14	46.44
PTHR18763	535.0	489.02	5.0	6.05	8.48
PTHR22726	2516.0	2378.04	31.0	22.11	30.99
PTHR22727	3608.0	3470.04	127.0	45.2	63.34
PTHR12428	3067.64	2883.74	72.0	43.85	61.45
PTHR18968	8435.54	8159.63	379.76	97.04	135.99
PTHR12735	3620.0	3436.06	58.0	31.98	44.81
PTHR15020	9730.2	9362.3	122.0	59.63	83.56
PTHR12049	2742.88	2558.94	16.0	12.71	17.82
PTHR12558	4131.0	3855.14	7.0	6.77	9.49
PTHR12553	6725.57	6265.74	79.0	58.32	81.74
PTHR10497	522.65	476.66	635.0	788.88	1105.55
PTHR10496	965.0	873.04	574.0	655.39	918.48
PTHR21569	618.0	572.02	5.0	5.16	7.24
PTHR10491	1471.0	1425.01	162.0	66.71	93.49
PTHR21567	6162.16	5794.3	95.0	63.05	88.37
PTHR13950	1384.0	1292.03	15.0	14.73	20.64
PTHR12133	1106.0	1060.01	7.0	3.88	5.44
PTHR10972	3941.0	3803.04	49.0	21.33	29.91
PTHR21704	2841.0	2657.06	5.0	3.44	4.83
PTHR10606	3303.0	3211.02	54.0	19.73	27.64
PTHR10971	1203.0	1157.01	32.0	16.25	22.77
PTHR22942	6395.0	6119.1	177.0	76.79	107.61
PTHR13395	1006.0	914.04	0.0	0.0	0.0
PTHR13803	7250.0	6974.07	432.93	141.34	198.09
PTHR21368	783.0	737.01	54.0	43.18	60.52
PTHR24067	11811.7	11075.99	530.0	448.61	628.72
PTHR24064	13203.89	12790.01	313.0	56.43	79.08
PTHR21011	511.0	465.02	8.0	10.19	14.28
PTHR10772	2083.0	1945.04	112.0	103.35	144.84
PTHR10774	6839.0	6563.09	194.0	61.95	86.83
PTHR24068	1109.0	1017.03	271.0	264.56	370.76
PTHR12959	923.0	831.07	2.0	4.39	6.16
PTHR24115	28241.47	26954.04	1053.99	580.48	813.48
PTHR10961	1703.96	1657.97	12.0	4.24	5.95
PTHR11825	6590.51	6360.56	293.0	126.63	177.46
PTHR10809	2215.0	2123.02	152.0	62.31	87.31
PTHR11822	2192.99	2147.0	870.01	237.4	332.69
PTHR10803	3784.0	3600.05	106.01	65.95	92.41
PTHR10806	744.0	698.01	40.0	33.79	47.36
PTHR10552	987.0	941.01	22.0	13.75	19.27
PTHR11556	6635.0	6405.05	753.1	357.74	501.34
PTHR11558	1136.0	1090.01	8.0	4.31	6.04
PTHR13773	3005.27	2867.31	207.69	97.81	137.08
PTHR11953	2514.0	2376.03	21.0	14.8	20.75
PTHR11952	9149.57	8827.65	226.5	74.2	103.99
PTHR11956	2271.0	2225.01	43.0	11.32	15.86
PTHR11959	1518.0	1426.03	40.0	28.75	40.29
PTHR11739	4636.07	4452.12	148.39	94.69	132.69
PTHR11732	20139.69	19311.91	425.0	204.74	286.94
PTHR11731	6986.4	6756.47	111.0	53.76	75.35
PTHR11730	7573.56	7251.64	85.97	37.46	52.49
PTHR11735	2282.5	2144.62	12.0	8.8	12.34
PTHR10394	770.0	724.01	1562.77	1272.39	1783.14
PTHR20941	3343.04	3251.06	33.0	11.66	16.34
PTHR10150	1897.0	1805.02	3.0	1.99	2.79
PTHR31065	3057.23	2873.3	178.0	116.28	162.96
PTHR10159	6955.5	6495.68	55.0	43.86	61.46
PTHR31066	1459.43	1413.44	33.0	13.7	19.2
PTHR13604	684.38	638.44	12.0	11.09	15.54
PTHR23264	2622.0	2438.07	56.0	37.76	52.92
PTHR23269	347.0	301.03	1.0	1.98	2.78
PTHR31204	749.0	703.01	35.0	29.36	41.14
PTHR31201	1372.34	1234.4	14.0	20.26	28.38
PTHR31209	1163.34	1117.4	20.0	10.51	14.74
PTHR11607	2425.51	2195.67	15.0	14.51	20.33
PTHR11606	3553.46	3415.51	217.79	103.31	144.79
PTHR11601	5065.0	4835.07	126.0	55.97	78.42
PTHR32467	9468.18	8870.36	412.0	248.07	347.66
PTHR14255	4482.0	4206.1	69.0	52.54	73.64
PTHR23130	6673.98	6490.02	199.0	61.56	86.27
PTHR23133	719.0	673.01	10.0	8.76	12.28
PTHR23135	1814.0	1768.01	40.0	13.26	18.59
PTHR23138	2651.28	2559.3	259.0	123.48	173.04
PTHR23139	3240.7	3010.78	78.0	59.36	83.18
PTHR31682	2723.0	2539.11	148.82	81.59	114.35
PTHR11040	5167.0	4845.14	89.0	67.83	95.06
PTHR11043	1483.0	1391.02	61.0	56.58	79.29
PTHR11048	6365.0	6089.07	79.0	37.14	52.03
PTHR15818	1445.0	1353.03	8.0	6.51	9.13
PTHR12636	903.0	857.01	17.0	11.68	16.36
PTHR14493	33467.4	31812.0	3657.01	1197.15	1677.74
PTHR15651	1896.0	1804.02	12.0	7.79	10.93
PTHR12380	2078.0	1940.04	77.0	79.23	111.01
PTHR12385	3979.0	3841.03	127.0	36.73	51.47
PTHR12706	8402.0	8080.09	149.0	53.74	75.3
PTHR30573	2261.0	2215.01	60.17	15.91	22.3
PTHR12709	1771.0	1679.02	45.0	36.58	51.26
PTHR19957	5244.88	4877.05	147.0	116.68	163.52
PTHR30239	2001.0	1955.01	108.0	32.37	45.37
PTHR12560	5221.0	5037.05	79.0	41.79	58.57
PTHR11751	18685.61	17995.78	1283.02	389.61	545.99
PTHR12770	6350.0	6120.06	105.0	32.64	45.74
PTHR12097	3976.0	3884.03	253.01	45.94	64.39
PTHR19842	1329.0	1283.01	38.0	17.39	24.37
PTHR11752	19492.68	18757.02	243.94	142.1	199.17
PTHR21576	5055.0	4779.06	56.97	42.71	59.85
PTHR24193	7959.38	7453.55	78.0	70.43	98.72
PTHR12419	4303.0	4119.04	82.0	45.07	63.17
PTHR23338	3446.02	3308.08	171.0	87.46	122.57
PTHR30525	1647.0	1601.01	20.0	7.33	10.27
PTHR12413	3075.49	2937.57	31.07	16.44	23.04
PTHR12412	2966.0	2828.04	46.0	20.35	28.53
PTHR12411	9280.23	8912.32	834.0	432.45	606.04
PTHR23339	3237.0	3053.06	161.0	74.15	103.92
PTHR12415	1028.0	936.03	0.0	0.0	0.0
PTHR10947	2171.0	2079.02	52.0	29.0	40.63
PTHR21717	1894.0	1756.07	22.0	21.04	29.5
PTHR21712	1614.0	1522.03	21.0	12.15	17.03
PTHR12897	832.0	740.08	5.0	7.23	10.13
PTHR12894	3433.48	3157.6	14.0	10.04	14.07
PTHR12891	987.0	941.01	2.0	1.25	1.75
PTHR22976	5314.37	5222.39	285.2	40.13	56.24
PTHR22975	1298.12	1206.18	46.0	32.08	44.95
PTHR20922	2124.0	1986.06	55.0	33.38	46.78
PTHR21377	1384.0	1292.03	60.0	50.81	71.21
PTHR21371	1784.0	1738.01	865.0	291.79	408.92
PTHR21373	2454.0	2270.1	8.0	8.06	11.3
PTHR22573	8061.73	7831.8	656.0	205.18	287.54
PTHR22572	8322.2	7954.31	1748.06	598.43	838.65
PTHR21000	3048.0	3002.01	200.81	39.15	54.87
PTHR10701	731.8	685.82	21.0	18.06	25.31
PTHR13161	642.0	596.01	1.0	0.99	1.39
PTHR13162	6112.4	5974.45	244.99	96.28	134.93
PTHR13165	766.44	720.46	11.0	9.0	12.61
PTHR21396	676.0	630.01	7.0	6.56	9.19
PTHR12965	2221.0	2129.02	31.0	17.93	25.13
PTHR13068	6403.96	6128.03	115.0	69.77	97.76
PTHR24106	8321.83	7999.92	167.0	74.02	103.75
PTHR24103	2986.0	2756.09	10.0	11.8	16.54
PTHR11540	5586.0	5402.04	1129.48	421.29	590.4
PTHR10836	3072.0	2888.06	3438.72	3363.4	4713.52
PTHR10835	1541.0	1495.01	22.0	8.63	12.1
PTHR11545	1576.0	1484.02	690.1	540.23	757.1
PTHR10012	1133.73	1087.75	21.0	11.35	15.9
PTHR13768	2811.0	2719.02	54.0	23.07	32.34
PTHR24078	8272.0	7904.09	70.0	48.32	67.71
PTHR11946	24141.61	23359.86	674.9	222.63	311.97
PTHR11947	5221.0	5037.05	220.0	76.31	106.94
PTHR11941	5924.66	5694.74	197.99	104.15	145.96
PTHR24072	2293.0	2201.02	59.0	29.79	41.75
PTHR24073	11439.21	10795.41	1332.04	1005.11	1408.58
PTHR24076	12027.0	11245.48	200.0	163.46	229.07
PTHR24077	7712.46	7298.58	166.28	99.73	139.75
PTHR11728	5891.0	5753.03	164.0	49.26	69.03
PTHR11726	1210.0	1118.04	5605.87	9764.59	13684.26
PTHR11727	2105.0	1967.04	17.0	13.81	19.36
PTHR11721	579.71	533.72	692.0	766.71	1074.48
PTHR11722	812.0	766.01	629.0	483.8	678.01
PTHR10120	1541.0	1495.01	70.0	27.47	38.5
PTHR10122	753.0	707.01	248.0	206.82	289.84
PTHR11831	1425.18	1333.21	1320.26	1216.4	1704.68
PTHR11835	4293.0	4109.04	306.0	145.92	204.5
PTHR11614	4025.0	3887.04	136.0	39.34	55.14
PTHR11615	7393.05	7117.17	1106.01	358.28	502.1
PTHR11618	1207.0	1161.01	18.0	9.11	12.76
PTHR14140	2151.0	2105.01	35.0	9.74	13.65
PTHR32419	2402.0	2310.02	93.0	46.56	65.24
PTHR10231	881.0	835.01	15.0	10.58	14.82
PTHR10233	6024.0	5794.09	74.0	41.8	58.58
PTHR31503	6324.2	6140.25	266.0	82.9	116.18
PTHR23147	1849.32	1757.35	20.0	12.93	18.11
PTHR23140	1254.0	1208.01	22.0	10.7	14.99
PTHR23142	2639.08	2547.11	34.0	16.04	22.48
PTHR23149	537.0	491.02	3.0	3.62	5.07
PTHR23148	908.0	862.01	8.0	5.46	7.66
PTHR31695	2548.0	2502.01	151.02	35.34	49.53
PTHR11056	1963.23	1917.24	42.0	12.84	17.99
PTHR11055	1487.91	1441.92	577.53	235.01	329.35
PTHR32523	2443.39	2259.47	9.0	9.43	13.21
PTHR10540	951.0	905.01	34.0	22.11	30.98
PTHR19359	2017.0	1925.03	196.0	210.38	294.84
PTHR12629	941.0	895.01	16.0	10.52	14.74
PTHR18945	1828.0	1782.01	26.0	8.55	11.99
PTHR26402	8778.41	8410.53	1312.0	309.3	433.46
PTHR19384	8437.29	8023.4	1186.0	486.16	681.3
PTHR12714	2302.0	2210.02	80.0	39.53	55.4
PTHR32251	1284.0	1238.01	75.3	35.72	50.05
PTHR12570	1832.0	1740.02	26.0	14.92	20.9
PTHR21494	335.0	289.04	0.0	0.0	0.0
PTHR21496	3732.42	3548.47	203.66	111.34	156.04
PTHR21493	18654.0	17918.22	431.0	147.06	206.12
PTHR21499	5503.0	5365.03	225.86	53.29	74.69
PTHR21148	3068.0	2976.02	52.0	20.12	28.19
PTHR12083	2585.0	2493.02	110.0	34.06	47.73
PTHR22904	13970.96	13189.26	1161.18	1700.3	2382.85
PTHR13976	3383.0	3153.08	41.0	28.67	40.18
PTHR13353	2898.0	2760.04	43.0	20.49	28.7
PTHR12406	13313.34	12853.45	700.0	284.08	398.11
PTHR16128	3193.0	2917.12	14.0	14.96	20.95
PTHR12400	844.0	798.01	2.0	1.48	2.07
PTHR13572	3551.76	3413.8	124.0	64.1	89.83
PTHR30314	3096.0	2912.1	490.98	274.81	385.13
PTHR12882	532.0	486.02	11.0	13.4	18.78
PTHR12883	1361.0	1315.01	45.0	20.09	28.15
PTHR16255	6306.0	6076.05	158.0	79.23	111.03
PTHR16254	6133.51	5903.61	97.9	51.06	71.56
PTHR22960	2954.0	2862.02	26.0	10.05	14.08
PTHR13373	1719.0	1627.02	13.0	9.86	13.81
PTHR13375	2236.02	2098.07	24.0	15.64	21.92
PTHR22967	3191.0	3007.1	24.65	9.44	13.23
PTHR19858	2601.0	2463.04	19.0	11.63	16.29
PTHR30222	624.0	578.02	1.0	1.02	1.43
PTHR13115	1677.0	1631.01	18.0	6.47	9.07
PTHR13117	1505.0	1459.01	15.0	6.03	8.45
PTHR13285	1765.0	1719.01	13.0	4.43	6.21
PTHR13288	781.0	735.01	6.0	4.81	6.74
PTHR10953	14181.1	13629.29	354.0	101.9	142.81
PTHR21726	1386.0	1294.02	14.0	12.89	18.07
PTHR10956	813.0	721.06	762.0	1044.98	1464.45
PTHR10826	1838.0	1746.02	69.0	47.28	66.25
PTHR11533	7845.55	7707.58	332.98	71.07	99.61
PTHR11532	1624.82	1578.84	34.0	12.63	17.7
PTHR10000	1901.0	1809.02	11.0	7.32	10.25
PTHR13021	932.0	886.01	14.0	9.3	13.03
PTHR24007	2042.0	1904.07	19.73	24.13	33.82
PTHR24003	16001.89	15358.06	545.0	269.73	377.96
PTHR31446	1604.0	1512.03	30.0	18.02	25.25
PTHR31442	1442.71	1304.77	49.0	76.39	107.06
PTHR11441	858.04	812.05	7.0	5.08	7.11
PTHR11440	3117.38	2979.42	70.0	47.03	65.92
PTHR11999	6898.84	6668.92	247.0	65.77	92.19
PTHR11449	1060.0	968.04	10719.9	16071.74	22523.2
PTHR11994	1296.0	1250.01	17.0	7.99	11.19
PTHR11706	3603.0	3511.02	40.0	13.06	18.3
PTHR10133	8460.74	8092.82	98.66	52.84	74.05
PTHR21649	11540.36	10896.66	44117.2	32222.59	45157.25
PTHR13620	8862.49	8448.62	80.0	39.24	54.98
PTHR11705	4630.0	4492.08	22.0	6.45	9.05
PTHR11847	824.99	779.0	1192.95	902.15	1264.28
PTHR11843	798.0	752.01	512.11	401.29	562.38
PTHR13138	1573.0	1481.02	5.0	3.88	5.43
PTHR11661	1836.0	1698.05	1119.0	1112.71	1559.36
PTHR11662	32933.16	31369.81	842.0	322.29	451.67
PTHR11669	4829.0	4645.04	46.0	24.53	34.38
PTHR11668	11443.98	10984.11	942.94	556.64	780.11
PTHR20856	10830.44	10600.5	276.0	70.88	99.34
PTHR20854	4820.0	4636.04	112.0	52.43	73.47
PTHR20855	3546.0	3454.02	96.0	26.2	36.71
PTHR20852	5273.0	4997.13	612.01	267.98	375.53
PTHR32404	1455.0	1363.03	13.0	7.35	10.3
PTHR20858	2638.0	2500.04	23.0	16.06	22.51
PTHR10634	353.11	307.15	17.0	33.0	46.25
PTHR30603	2030.0	1938.03	94.0	46.15	64.68
PTHR11817	12934.13	12520.32	659.41	201.11	281.86
PTHR14237	6299.01	6115.05	247.0	91.88	128.76
PTHR10738	348.0	302.03	0.0	0.0	0.0
PTHR23155	13453.0	13039.12	355.0	72.07	100.99
PTHR23153	2864.0	2680.06	39.0	25.36	35.53
PTHR14894	1775.0	1683.03	26.0	17.32	24.28
PTHR11063	4104.0	4012.02	43.0	11.59	16.24
PTHR11062	6988.38	6574.58	89.0	47.36	66.37
PTHR11061	6442.83	6074.94	38.0	32.88	46.08
PTHR11065	4023.0	3839.05	87.0	58.78	82.37
PTHR11064	2175.0	2037.04	66.0	51.68	72.43
PTHR11260	9685.68	9271.79	597.0	281.3	394.19
PTHR11264	1027.0	981.01	7.0	4.2	5.88
PTHR11266	10394.43	9934.54	166.0	113.91	159.61
PTHR12858	3933.0	3749.05	47.93	24.6	34.49
PTHR31998	2816.0	2770.01	1790.0	378.29	530.15
PTHR31221	1957.98	1820.04	70.0	64.31	90.12
PTHR15838	1069.0	931.07	6.0	11.79	16.53
PTHR12850	512.0	466.02	1043.79	1326.77	1859.35
PTHR22836	1265.0	1219.01	11.0	5.3	7.43
PTHR32338	1555.0	1509.01	69.0	26.82	37.59
PTHR31407	4492.0	4262.06	200.0	117.07	164.06
PTHR12363	5795.49	5427.61	32.0	23.32	32.67
PTHR18952	988.0	942.01	5.0	3.12	4.38
PTHR25040	3733.84	3641.86	158.0	57.08	79.99
PTHR12765	523.0	477.02	7.0	8.69	12.18
PTHR12505	1833.35	1741.38	37.09	25.01	35.05
PTHR22604	2994.0	2902.02	38.0	14.6	20.46
PTHR21481	1125.0	1079.01	31.0	16.88	23.66
PTHR22778	3761.0	3577.08	10.0	8.92	12.5
PTHR12169	2682.64	2498.76	33.0	19.42	27.21
PTHR19446	2182.0	2044.03	12.0	9.8	13.75
PTHR12219	1398.0	1306.03	155.0	98.69	138.3
PTHR13561	1947.0	1809.06	7.0	6.56	9.19
PTHR13563	1471.0	1379.03	6.0	4.11	5.76
PTHR12210	6880.13	6558.2	157.49	102.54	143.7
PTHR12215	1436.35	1298.44	3.0	3.83	5.37
PTHR12214	1132.0	1040.03	8.0	9.61	13.47
PTHR22915	10716.44	10348.57	508.93	107.06	150.07
PTHR22911	3328.0	3144.06	19.0	11.98	16.78
PTHR22912	15943.59	15483.69	1061.01	339.44	475.7
PTHR12183	610.0	564.02	3.0	3.14	4.41
PTHR19849	895.0	803.04	9.0	12.6	17.66
PTHR22594	7644.0	7276.12	201.0	102.34	143.43
PTHR21152	4661.7	4523.74	872.06	339.71	476.07
PTHR21021	1425.0	1333.03	7.0	5.06	7.1
PTHR13102	2074.0	1982.03	12.0	9.69	13.57
PTHR12984	2738.0	2646.02	19.0	7.66	10.73
PTHR23293	4769.0	4631.03	353.0	126.48	177.25
PTHR13299	1039.0	993.01	15.0	8.88	12.45
PTHR10925	1718.0	1626.02	19.0	15.19	21.28
PTHR21737	1782.0	1690.03	37.0	25.02	35.07
PTHR10920	3368.0	3138.07	22.0	18.81	26.37
PTHR10855	2936.0	2844.02	140.0	47.63	66.74
PTHR10585	2342.0	2250.02	362.93	196.33	275.13
PTHR10584	12354.72	11756.99	146.0	86.98	121.88
PTHR11528	7856.0	7488.13	443.99	253.97	355.94
PTHR11527	3396.63	3212.68	154.0	106.78	149.65
PTHR11525	1433.0	1387.01	12.0	5.08	7.12
PTHR10859	2342.0	2112.11	21.0	29.49	41.33
PTHR10589	2134.0	2042.02	47.0	28.34	39.71
PTHR10588	7054.0	6732.08	74.0	32.73	45.89
PTHR13038	2012.47	1966.49	42.0	12.52	17.54
PTHR13748	13953.98	13448.15	906.96	297.58	417.01
PTHR10026	3016.83	2832.87	17.0	13.67	19.17
PTHR24015	14807.17	14209.33	282.0	114.1	159.9
PTHR24012	25761.49	24289.98	2589.51	1791.01	2509.99
PTHR24011	25198.79	23681.46	1290.56	751.16	1052.7
PTHR31187	3785.0	3555.08	42.0	27.12	38.0
PTHR21145	717.0	671.01	5.0	4.4	6.16
PTHR10459	7151.0	6875.08	79.0	32.14	45.03
PTHR11453	1494.0	1356.06	0.0	0.0	0.0
PTHR10108	34435.62	32872.12	1560.0	479.86	672.5
PTHR11986	10399.59	10077.66	658.37	238.1	333.68
PTHR11455	9187.73	8727.89	170.0	64.61	90.53
PTHR10102	2174.0	2082.02	22.0	13.27	18.6
PTHR11458	1512.0	1466.01	76.9	30.77	43.13
PTHR10106	839.0	793.01	5.0	3.71	5.2
PTHR31057	1643.09	1505.14	20.0	19.05	26.7
PTHR30115	905.0	859.01	11.0	7.54	10.56
PTHR11851	21799.0	20787.28	748.82	304.52	426.74
PTHR23092	6325.78	6049.85	44.0	25.82	36.18
PTHR23091	11369.44	10679.71	86.0	66.2	92.78
PTHR11673	808.0	762.01	604.0	467.03	654.51
PTHR11670	6972.81	6834.84	1301.52	289.58	405.83
PTHR11671	993.0	947.01	57.0	35.4	49.62
PTHR20863	2102.0	2010.02	87.0	60.55	84.86
PTHR20861	602.0	556.02	0.0	0.0	0.0
PTHR11679	7542.14	7174.29	136.97	64.03	89.74
PTHR14009	3523.0	3431.02	67.0	22.02	30.87
PTHR10217	14270.29	13764.42	155.0	76.84	107.65
PTHR14005	2778.0	2732.01	115.0	24.64	34.53
PTHR10210	3946.0	3762.06	132.0	68.9	96.55
PTHR31522	1274.0	1228.01	34.0	16.26	22.79
PTHR14221	1577.0	1485.02	20.0	15.55	21.78
PTHR11079	4628.0	4352.13	33.0	24.79	34.73
PTHR11076	7912.0	7360.21	32.0	26.72	37.46
PTHR11070	3343.23	3159.3	25.0	17.3	24.25
PTHR11071	20957.96	19716.43	1499.53	1198.46	1679.51
PTHR11278	1118.0	1026.03	3465.33	5624.95	7882.9
PTHR11276	2410.0	2272.05	16.0	10.39	14.56
PTHR11274	2483.0	2391.02	66.0	26.75	37.5
PTHR14136	3866.0	3682.04	154.0	105.87	148.36
PTHR31984	3189.02	3051.06	110.0	69.58	97.51
PTHR15350	2237.0	2145.02	63.0	31.87	44.66
PTHR15606	3041.0	2857.07	27.0	20.65	28.94
PTHR12374	1688.0	1550.05	26.0	28.03	39.29
PTHR12375	1179.0	1133.01	21.0	10.89	15.26
PTHR12378	3318.0	3134.05	94.0	67.1	94.03
PTHR18929	7483.0	7069.13	2796.31	1152.5	1615.14
PTHR31724	1776.64	1684.67	16.0	15.84	22.2
PTHR30535	1118.5	1072.51	0.0	0.0	0.0
PTHR12777	907.0	861.01	100.99	69.04	96.75
PTHR12775	1711.0	1619.03	13.0	11.03	15.45
PTHR24352	4230.7	4092.74	177.0	72.0	100.89
PTHR16092	733.0	687.01	14.0	12.02	16.84
PTHR11035	890.0	844.01	399.0	278.31	390.03
PTHR22298	7183.0	6907.12	538.0	104.09	145.87
PTHR12174	2796.0	2658.03	17.0	11.32	15.86
PTHR12175	920.0	874.01	46.0	30.98	43.41
PTHR12176	5229.0	4953.07	81.0	60.26	84.45
PTHR22769	8287.05	7873.16	153.0	101.6	142.39
PTHR22767	3842.0	3612.07	21.0	14.18	19.87
PTHR22765	10124.67	9802.76	313.0	112.64	157.85
PTHR22762	5756.0	5618.03	90.0	22.81	31.97
PTHR22763	2133.93	1995.98	55.0	44.05	61.74
PTHR22761	2635.09	2497.13	233.0	135.79	190.31
PTHR21231	2425.0	2333.02	36.88	17.91	25.1
PTHR21230	1491.0	1399.03	62.0	36.69	51.43
PTHR21234	2594.0	2502.02	25.0	12.22	17.13
PTHR21237	4142.91	4004.95	216.0	88.58	124.14
PTHR12202	838.0	746.06	0.0	0.0	0.0
PTHR12203	2157.0	2065.03	16.0	10.62	14.89
PTHR19857	1223.0	1177.01	16.0	7.98	11.19
PTHR13355	654.0	608.01	0.0	0.0	0.0
PTHR19855	1849.0	1803.01	9.0	2.93	4.1
PTHR19852	400.0	354.02	1.0	1.68	2.35
PTHR19853	3673.0	3443.08	26.0	17.7	24.81
PTHR12197	11090.48	10308.9	112.81	64.15	89.88
PTHR13822	1158.0	1112.01	162.0	85.6	119.96
PTHR32442	1726.0	1680.01	63.0	21.99	30.82
PTHR10344	740.0	694.01	2.0	1.7	2.38
PTHR21319	6100.42	5870.49	284.0	107.14	150.13
PTHR10732	598.0	552.02	1444.64	1546.96	2167.94
PTHR10739	3044.79	2906.83	173.24	114.45	160.38
PTHR12992	774.0	728.01	4.0	3.24	4.54
PTHR22838	1785.0	1739.01	19.0	6.41	8.98
PTHR22881	1455.0	1363.03	22.0	21.42	30.03
PTHR11588	3118.49	2980.53	6175.98	2012.62	2820.53
PTHR11934	1832.0	1740.02	133.0	85.66	120.05
PTHR10693	981.47	935.48	34.0	21.38	29.96
PTHR10938	1703.0	1657.01	259.0	91.66	128.45
PTHR10934	918.0	872.01	884.0	596.66	836.17
PTHR14490	892.0	800.04	2.0	2.69	3.78
PTHR11510	2448.0	2402.01	236.92	57.76	80.95
PTHR11516	5053.12	4869.18	327.9	175.83	246.4
PTHR10025	3154.0	2924.08	53.0	53.13	74.46
PTHR10027	4685.03	4455.1	49.0	33.48	46.91
PTHR13009	1712.0	1666.01	14.0	4.93	6.91
PTHR13007	785.0	739.01	4.0	3.19	4.47
PTHR11863	2241.0	2149.02	6.0	3.99	5.58
PTHR17901	673.0	627.01	4.0	3.77	5.28
PTHR24351	1186.95	1095.07	22.0	23.36	32.75
PTHR20981	688.0	642.01	677.76	623.02	873.11
PTHR20982	865.0	819.01	7.0	5.03	7.05
PTHR11864	4202.03	4018.09	91.01	42.1	59.0
PTHR11467	580.0	534.02	131.0	145.06	203.29
PTHR10119	8240.0	8056.04	120.77	32.01	44.86
PTHR10114	441.0	395.02	376.0	565.16	792.03
PTHR10110	8388.33	8204.38	138.99	38.67	54.19
PTHR11469	2800.0	2708.03	355.89	100.38	140.67
PTHR10598	2528.23	2482.24	60.0	14.15	19.84
PTHR24286	7936.0	7614.11	163.0	61.12	85.66
PTHR23429	3670.09	3578.12	414.55	134.37	188.3
PTHR23426	1982.46	1844.5	20.0	17.91	25.09
PTHR10593	2363.47	2271.5	48.0	25.18	35.28
