GeneFamily	length	effective_length	expected_count	TPM	FPKM
PTHR11649	14057.65	13617.4	1957.0	220.45	180.82
PTHR31089	1094.65	1050.62	80.0	15.04	12.33
PTHR31085	2809.37	2765.34	595.0	42.32	34.71
PTHR11647	6087.0	5998.94	838.9	53.58	43.95
PTHR11645	987.0	942.97	80.0	16.76	13.75
PTHR11880	854.0	809.97	8190.01	2000.45	1640.9
PTHR11885	727.0	682.97	7443.58	2159.46	1771.33
PTHR10209	7031.0	6810.86	659.0	79.91	65.55
PTHR32429	3447.0	3314.92	6403.47	753.14	617.78
PTHR12403	840.0	795.97	276.0	68.61	56.28
PTHR31423	1110.0	1065.97	96.0	17.78	14.59
PTHR31551	752.47	708.44	315.0	88.07	72.24
PTHR32195	2469.58	2381.52	265.0	30.75	25.22
PTHR11081	8781.0	8516.82	218.0	21.76	17.83
PTHR11080	2099.42	2011.36	248.78	43.45	35.64
PTHR11082	4896.0	4807.94	972.56	79.34	65.08
PTHR11085	7557.58	7249.37	570.04	90.02	73.83
PTHR11089	6122.74	5946.62	1050.36	138.44	113.56
PTHR32518	5993.0	5904.94	274.98	15.25	12.51
PTHR11247	1424.0	1335.94	25.0	7.96	6.53
PTHR12277	3717.31	3585.23	355.0	61.28	50.27
PTHR32512	1819.0	1774.97	241.0	26.74	21.93
PTHR23088	4415.0	4238.89	775.32	131.8	108.1
PTHR23089	1694.0	1605.94	563.29	153.75	126.13
PTHR23081	5406.53	5274.44	1341.0	137.92	113.13
PTHR23083	30342.99	29638.51	4689.06	449.57	368.76
PTHR23084	6658.0	6481.88	763.0	119.62	98.13
PTHR23086	6179.0	6002.88	478.0	63.05	51.71
PTHR18806	3810.0	3721.95	512.99	60.15	49.34
PTHR31953	1816.0	1771.97	394.0	43.79	35.92
PTHR15184	10568.6	10348.45	7783.78	792.83	650.33
PTHR15341	799.0	754.97	61.0	15.99	13.12
PTHR14744	1242.0	1153.97	15.0	4.37	3.58
PTHR15169	1388.0	1343.97	40.0	5.87	4.81
PTHR12341	12034.37	11770.2	1409.0	75.81	62.18
PTHR15160	5320.79	5144.68	1210.0	148.78	122.03
PTHR18937	22091.81	21827.63	1090.0	58.3	47.83
PTHR18934	26376.88	25672.41	6903.63	685.17	562.04
PTHR12742	2322.0	2277.97	2269.0	196.0	160.77
PTHR12741	1560.0	1515.97	872.0	113.36	92.98
PTHR16557	1964.0	1875.94	62.0	12.07	9.91
PTHR19288	5108.97	4932.85	1363.86	207.37	170.1
PTHR12975	4122.0	3989.91	138.0	22.44	18.4
PTHR13902	2659.23	2615.2	274.0	20.61	16.9
PTHR13903	1438.0	1393.97	431.0	60.96	50.0
PTHR22753	2304.0	2215.94	29.0	5.37	4.4
PTHR30615	1751.12	1663.06	93.0	22.26	18.26
PTHR22939	14225.29	13785.05	1943.71	240.26	197.06
PTHR22938	3864.79	3732.7	390.01	60.54	49.65
PTHR16266	4691.0	4558.91	179.0	22.12	18.14
PTHR21597	5700.0	5655.97	699.0	24.27	19.91
PTHR22932	875.54	831.51	454.0	108.0	88.59
PTHR21228	20721.49	20193.19	2507.99	275.26	225.8
PTHR13343	3619.72	3487.63	1253.0	213.62	175.22
PTHR22936	2747.0	2614.91	259.0	59.02	48.43
PTHR31038	1402.0	1357.97	505.0	73.33	60.15
PTHR13832	36984.38	35839.66	10988.39	1324.87	1086.75
PTHR21139	1273.38	1229.35	608.98	97.73	80.16
PTHR21136	3418.0	3285.91	1333.69	239.51	196.46
PTHR12526	39078.47	38197.94	9648.17	738.02	605.38
PTHR13120	807.0	762.97	167.0	43.33	35.54
PTHR22809	2879.0	2746.91	139.0	38.25	31.38
PTHR22807	4497.12	4409.06	329.99	30.19	24.77
PTHR20661	2106.0	2017.94	44.0	7.49	6.14
PTHR10900	17061.46	16489.1	9184.97	1345.6	1103.73
PTHR10906	2767.0	2678.94	2664.86	276.5	226.79
PTHR10909	18186.06	17789.8	7740.22	639.91	524.89
PTHR10055	3197.0	3108.94	516.13	64.8	53.15
PTHR10057	1659.0	1570.94	345.0	74.35	60.99
PTHR10052	1068.0	1023.97	10113.88	1950.73	1600.11
PTHR13017	860.0	815.97	55.0	13.33	10.94
PTHR13018	17615.92	17307.71	4783.19	330.31	270.95
PTHR10694	9691.56	9471.43	1437.98	146.95	120.54
PTHR12839	2563.43	2475.37	134.0	22.62	18.56
PTHR12835	727.0	682.97	58.0	16.83	13.8
PTHR24031	56460.58	54743.63	34038.72	3943.15	3234.43
PTHR24032	2964.21	2832.12	252.84	56.86	46.65
PTHR24349	22256.62	21684.28	4864.0	508.71	417.28
PTHR24619	5979.0	5846.91	658.0	49.11	40.28
PTHR24343	27658.98	26866.47	13958.78	1193.44	978.97
PTHR11472	10920.19	10567.95	1447.0	150.84	123.73
PTHR24347	14725.25	14329.04	1776.09	152.94	125.46
PTHR11476	1748.0	1703.97	228.98	26.47	21.71
PTHR11477	3849.78	3761.74	831.01	77.56	63.62
PTHR10438	22945.0	22240.52	6841.56	1089.71	893.85
PTHR10476	5587.87	5499.81	2564.0	257.95	211.59
PTHR24290	3600.0	3467.91	512.81	87.83	72.04
PTHR23413	574.0	529.97	9766.57	3661.26	3003.21
PTHR23417	2267.73	2179.67	264.0	47.79	39.2
PTHR23416	1597.69	1553.66	219.0	27.78	22.78
PTHR23415	1058.0	1013.97	339.0	66.03	54.17
PTHR12736	1695.65	1651.62	195.0	23.26	19.08
PTHR10871	1508.0	1419.94	9270.52	2751.57	2257.01
PTHR10877	1376.0	1243.96	3.0	0.92	0.76
PTHR11879	5621.69	5445.62	950.0	81.64	66.97
PTHR11659	1598.0	1553.97	399.0	50.6	41.5
PTHR31096	3917.21	3785.12	1324.69	207.45	170.17
PTHR31098	4404.0	4359.97	4069.49	183.39	150.43
PTHR11655	1974.0	1885.94	11781.41	2701.99	2216.36
PTHR11652	720.0	675.97	13843.0	4057.99	3328.63
PTHR20883	2097.0	2008.94	375.0	68.26	56.0
PTHR11895	6206.4	6074.31	489.0	46.67	38.28
PTHR10277	3846.0	3713.91	142.0	22.72	18.62
PTHR14027	3452.0	3407.97	711.93	41.06	33.68
PTHR12320	6238.17	6106.08	1177.0	114.46	93.9
PTHR24095	16669.15	16096.82	3467.61	341.34	280.0
PTHR11246	9485.0	9352.91	2205.63	145.87	119.66
PTHR24092	4620.0	4575.97	1390.0	59.68	48.95
PTHR24093	33432.33	32771.93	20644.43	1744.19	1430.7
PTHR23180	11472.74	11164.53	5683.39	582.3	477.64
PTHR14593	2553.48	2465.42	304.0	49.14	40.31
PTHR11093	3421.0	3332.94	698.11	82.55	67.71
PTHR11096	1577.77	1489.72	42.0	9.98	8.18
PTHR23346	8462.0	8329.91	706.0	28.25	23.17
PTHR11099	2595.0	2550.97	1037.9	80.03	65.65
PTHR10309	1913.0	1868.97	710.0	74.8	61.36
PTHR14107	563.91	519.88	25.0	9.56	7.84
PTHR11252	4774.77	4730.74	1259.0	52.28	42.89
PTHR11254	14517.29	14165.07	2157.0	188.88	154.93
PTHR11255	1971.0	1926.97	100.0	10.22	8.38
PTHR14110	4145.18	3969.06	1296.9	271.24	222.48
PTHR14374	1535.0	1490.97	49.0	6.48	5.31
PTHR18838	2163.0	2118.97	283.0	26.29	21.56
PTHR15074	1628.0	1583.97	64.0	7.96	6.53
PTHR12687	2375.0	2286.95	346.0	46.76	38.35
PTHR15157	3326.0	3193.91	349.0	69.95	57.37
PTHR18901	12165.0	11944.85	1941.48	189.89	155.77
PTHR12281	1396.0	1351.97	1059.97	154.59	126.81
PTHR12755	591.0	546.97	19.0	6.9	5.66
PTHR12750	2018.72	1974.69	251.0	25.02	20.53
PTHR12753	1190.37	1146.34	348.0	59.91	49.15
PTHR15081	1744.69	1700.66	98.92	11.46	9.4
PTHR15574	7192.82	6972.67	678.0	108.57	89.06
PTHR24007	357.0	312.99	16.0	10.24	8.4
PTHR13931	3009.08	2965.05	121.0	8.02	6.58
PTHR12358	6944.24	6680.06	1345.0	221.5	181.7
PTHR12356	1926.44	1838.38	242.72	56.0	45.93
PTHR12221	2347.0	2258.94	348.0	60.99	50.02
PTHR30603	4411.0	4322.94	1678.31	142.93	117.23
PTHR12226	1653.0	1608.97	134.0	16.41	13.46
PTHR19877	1068.0	1023.97	738.0	142.34	116.76
PTHR31442	557.0	512.97	287.0	111.2	91.21
PTHR12538	617.0	572.97	4875.99	1689.2	1385.6
PTHR12537	3550.43	3462.37	1016.0	94.71	77.68
PTHR12532	1288.0	1243.97	245.0	38.85	31.87
PTHR13486	675.0	630.97	73.0	22.94	18.82
PTHR20275	2910.0	2821.94	779.0	111.37	91.35
PTHR13489	2198.58	2110.52	249.0	46.83	38.42
PTHR17583	8276.0	8143.92	1034.0	69.41	56.94
PTHR13572	1542.57	1498.54	97.0	12.76	10.46
PTHR24198	20714.42	20009.96	1956.0	256.2	210.17
PTHR10048	5108.47	4888.32	334.0	65.57	53.79
PTHR21704	3549.03	3460.97	336.0	27.03	22.16
PTHR10046	921.0	876.97	147.0	33.14	27.18
PTHR10044	5245.0	5156.94	687.0	58.75	48.19
PTHR13060	1573.0	1528.97	84.0	10.83	8.88
PTHR10687	1284.0	1239.97	1108.0	176.28	144.59
PTHR13069	4474.0	4297.89	458.0	72.33	59.33
PTHR13068	8273.53	8053.38	1184.0	155.96	127.94
PTHR10682	2570.48	2482.42	921.0	146.71	120.35
PTHR12829	884.0	839.97	26.0	6.12	5.02
PTHR12820	2961.6	2917.57	423.0	28.51	23.39
PTHR12826	1381.0	1336.97	420.0	61.95	50.81
PTHR12827	986.0	941.97	44.0	9.23	7.57
PTHR17920	2628.0	2583.97	673.04	51.23	42.03
PTHR10137	1631.0	1586.97	344.0	42.71	35.03
PTHR11405	9321.17	9145.05	6651.24	516.43	423.6
PTHR11404	2587.0	2542.97	3386.0	261.92	214.85
PTHR11406	1573.63	1529.6	3406.25	438.84	359.96
PTHR32357	1724.0	1679.97	123.0	14.42	11.83
PTHR13468	1233.32	1189.29	339.0	56.24	46.13
PTHR23406	3985.0	3896.94	757.0	72.81	59.73
PTHR23407	2239.24	2195.21	109.17	9.79	8.03
PTHR10869	12442.9	12046.63	2685.0	371.42	304.66
PTHR31717	4944.53	4856.47	4395.96	354.71	290.96
PTHR12452	650.0	605.97	76.0	24.88	20.41
PTHR13393	2910.0	2865.97	37.0	2.54	2.08
PTHR12696	4014.18	3970.15	711.75	35.23	28.9
PTHR11315	3663.0	3574.94	548.03	61.15	50.16
PTHR10139	2373.0	2328.97	495.0	41.82	34.3
PTHR10264	4424.0	4247.89	2998.37	432.13	354.47
PTHR10263	2008.0	1919.94	1613.07	329.76	270.49
PTHR31155	2143.67	2099.64	1751.87	164.22	134.71
PTHR32170	3072.03	2984.02	478.0	73.51	60.29
PTHR23350	505.0	460.97	72.0	31.09	25.5
PTHR23354	2843.0	2798.97	694.0	48.76	40.0
PTHR23355	8207.6	7987.47	543.0	69.85	57.29
PTHR23359	7190.53	6970.38	1851.2	293.19	240.5
PTHR11227	2303.39	2215.33	391.0	75.21	61.68
PTHR11220	4296.64	4076.49	535.68	116.94	95.93
PTHR13162	6879.0	6790.96	2206.62	66.98	54.94
PTHR11229	1929.0	1840.94	1856.97	384.65	315.51
PTHR10314	19940.9	19236.43	9810.64	1371.58	1125.08
PTHR11035	1315.0	1270.97	122.0	18.93	15.53
PTHR14303	730.0	685.97	420.0	121.31	99.51
PTHR14085	2004.0	1959.97	322.0	32.34	26.53
PTHR11139	25592.31	25240.07	15928.45	389.43	319.42
PTHR15362	1118.0	1073.97	70.0	12.87	10.56
PTHR11132	22744.15	22083.71	6424.67	842.21	690.83
PTHR11134	4896.64	4764.55	1283.0	166.41	136.51
PTHR11136	3000.0	2911.94	123.0	17.05	13.98
PTHR32374	7417.06	7240.94	3576.0	315.31	258.64
PTHR31579	8314.15	8094.0	3381.76	386.77	317.26
PTHR18919	3126.63	2950.56	1586.87	207.31	170.05
PTHR32002	15379.63	14851.27	4112.0	510.35	418.62
PTHR14413	950.0	905.97	1005.72	219.43	179.99
PTHR22891	1954.0	1909.97	367.0	37.83	31.03
PTHR22893	1362.0	1317.97	103.0	15.41	12.64
PTHR10778	4853.0	4720.91	1047.0	120.66	98.98
PTHR10072	2478.0	2433.97	1662.0	134.34	110.19
PTHR12786	2468.0	2379.94	412.36	71.89	58.96
PTHR11706	4379.0	4290.94	848.98	76.49	62.74
PTHR12782	1285.0	1240.97	186.0	29.57	24.25
PTHR11742	7373.0	7196.88	582.0	62.23	51.04
PTHR21213	2120.0	2075.97	874.0	82.87	67.97
PTHR10182	1189.0	1144.97	252.05	43.45	35.64
PTHR13923	797.74	753.71	285.0	74.85	61.4
PTHR11210	674.0	629.97	530.0	166.83	136.84
PTHR12321	2229.0	2140.94	965.0	173.78	142.55
PTHR25040	3683.0	3550.91	953.0	128.14	105.11
PTHR12323	2155.0	2022.91	133.0	40.53	33.26
PTHR10344	903.0	858.97	67.0	15.42	12.65
PTHR21015	1605.8	1561.77	285.02	35.96	29.5
PTHR16196	1877.0	1788.94	225.0	49.55	40.65
PTHR16193	672.0	627.97	72.0	22.74	18.65
PTHR22792	4839.61	4751.55	2229.43	151.28	124.09
PTHR22790	2056.0	1967.94	71.02	14.92	12.24
PTHR21680	1126.0	1081.97	706.0	128.83	105.67
PTHR21689	3380.11	3292.05	816.85	81.87	67.16
PTHR21113	2361.37	2273.31	82.0	13.18	10.81
PTHR21663	2362.0	2317.97	126.0	10.7	8.77
PTHR13253	13992.44	13508.12	3038.98	434.54	356.43
PTHR12446	6562.73	6386.62	1022.43	67.9	55.69
PTHR22603	1854.03	1765.97	177.0	36.21	29.71
PTHR21206	905.0	860.97	21.0	4.82	3.96
PTHR13789	13668.16	13315.92	2502.64	292.88	240.24
PTHR10071	14776.76	14380.49	5534.16	514.11	421.7
PTHR24188	12882.79	12486.54	390.98	74.8	61.34
PTHR13780	9399.19	9179.04	3253.54	349.09	286.35
PTHR10670	4558.0	4469.94	96.03	8.1	6.63
PTHR10677	4468.85	4336.76	405.0	50.6	41.5
PTHR13078	3085.0	2996.94	21.0	4.06	3.33
PTHR12815	4560.0	4471.94	975.0	71.14	58.36
PTHR12814	1018.34	974.31	333.0	67.52	55.39
PTHR24361	8878.0	8569.87	928.0	130.41	106.98
PTHR24362	12471.24	12119.05	3739.2	258.88	212.35
PTHR10416	1591.0	1546.97	78.0	9.94	8.15
PTHR10410	2653.0	2564.94	811.0	126.52	103.78
PTHR10783	6442.7	6222.55	1712.65	238.6	195.73
PTHR10782	2452.0	2407.97	169.0	13.81	11.33
PTHR13476	774.0	729.97	175.0	47.47	38.94
PTHR10788	2773.0	2728.97	845.61	60.94	49.99
PTHR10891	8323.55	8015.35	1861.11	289.83	237.74
PTHR10890	947.0	858.96	26.0	12.22	10.02
PTHR20426	2109.94	2065.91	635.0	60.5	49.63
PTHR23213	4955.0	4822.91	321.0	41.3	33.88
PTHR10520	8513.0	8336.88	2073.68	211.44	173.44
PTHR10250	2229.0	2140.94	417.0	64.54	52.93
PTHR10527	6880.0	6791.94	2298.3	132.31	108.53
PTHR31384	1763.0	1718.97	230.0	26.35	21.62
PTHR10098	2033.87	1945.81	546.0	87.25	71.56
PTHR10091	2677.0	2588.94	289.0	43.63	35.79
PTHR31142	1580.0	1535.97	956.0	122.65	100.61
PTHR31140	2845.0	2756.94	589.0	66.34	54.42
PTHR31412	3765.0	3676.94	461.0	41.94	34.4
PTHR11787	5964.52	5832.44	1060.0	52.06	42.71
PTHR11785	14922.94	14614.74	2612.0	212.88	174.63
PTHR11782	2165.56	2077.52	332.0	76.02	62.35
PTHR11780	1354.0	1221.94	74.01	32.62	26.75
PTHR32497	5029.93	4941.87	813.0	63.17	51.82
PTHR32148	5701.0	5480.86	5697.25	1607.12	1318.26
PTHR23324	7316.5	7184.41	724.55	75.88	62.24
PTHR23327	4691.86	4559.78	680.86	83.15	68.21
PTHR23326	3043.0	2910.91	622.0	144.18	118.26
PTHR23321	5205.0	5072.91	1115.05	131.21	107.62
PTHR23323	4740.37	4608.28	557.97	72.34	59.34
PTHR23322	1361.0	1272.95	148.0	47.76	39.19
PTHR23329	4246.0	4113.91	576.0	70.9	58.15
PTHR11236	4368.95	4280.89	685.0	60.42	49.56
PTHR11364	1102.0	1057.97	208.0	38.82	31.84
PTHR20932	2759.0	2670.94	617.0	82.79	67.9
PTHR10322	16965.96	16569.72	1996.08	135.32	111.01
PTHR11239	4544.0	4411.91	1908.0	203.86	167.22
PTHR10803	3827.0	3694.91	1529.03	215.41	176.69
PTHR31964	15997.39	15469.03	2958.0	542.21	444.76
PTHR10552	1491.75	1447.72	619.0	84.28	69.13
PTHR23030	2420.0	2375.97	515.0	42.65	34.98
PTHR11129	3312.0	3223.94	357.0	43.39	35.59
PTHR11122	6472.88	6296.76	1111.01	141.91	116.4
PTHR15316	2699.09	2567.01	660.0	143.24	117.5
PTHR11127	549.0	504.97	5601.94	2205.3	1808.93
PTHR11125	3423.0	3378.97	637.0	37.06	30.4
PTHR31566	2019.0	1974.97	418.0	41.67	34.18
PTHR31567	1950.67	1906.64	435.08	44.93	36.85
PTHR31561	4825.21	4737.15	432.94	38.05	31.21
PTHR15137	1876.0	1831.97	109.0	11.72	9.61
PTHR14950	6674.85	6542.78	584.0	37.03	30.37
PTHR15954	3331.0	3198.91	327.0	55.39	45.44
PTHR15952	2837.0	2792.97	375.07	26.41	21.66
PTHR21319	6461.0	6240.86	1063.0	157.55	129.22
PTHR30612	3133.89	3089.86	1948.6	123.99	101.71
PTHR19271	5242.5	5154.44	868.01	108.28	88.81
PTHR19861	1033.0	988.97	50.0	9.99	8.19
PTHR12022	1734.0	1689.97	859.0	100.12	82.13
PTHR12233	1471.0	1426.97	284.0	39.23	32.18
PTHR12029	8136.65	7872.47	1416.02	207.1	169.87
PTHR21220	1093.8	1049.77	57.0	10.72	8.79
PTHR31221	1134.01	1089.98	457.0	82.77	67.9
PTHR22780	3586.24	3542.21	1242.98	68.97	56.58
PTHR21477	1270.39	1226.36	598.0	96.19	78.9
PTHR19308	5271.0	5182.94	1968.0	149.87	122.93
PTHR16301	1435.8	1347.74	169.0	49.36	40.48
PTHR13265	2157.0	2112.97	146.04	13.6	11.16
PTHR22870	21829.63	21081.2	2870.64	353.11	289.6
PTHR17630	1036.0	991.97	61.0	12.15	9.96
PTHR10064	627.0	582.97	13126.97	4468.75	3665.56
PTHR10060	3938.55	3806.46	194.05	32.93	27.01
PTHR10663	22767.98	22459.77	2950.96	162.94	133.65
PTHR10666	2742.58	2566.48	19385.72	5749.8	4716.38
PTHR10668	12338.99	12030.78	1210.52	119.11	97.69
PTHR12265	2167.0	2122.97	125.0	11.59	9.51
PTHR12801	8379.0	8158.85	934.0	109.85	90.13
PTHR12802	7082.3	6862.15	3502.06	437.8	359.12
PTHR12805	857.0	812.97	46.0	11.19	9.18
PTHR12806	1137.53	1093.5	85.99	15.52	12.73
PTHR21506	3200.0	3111.94	261.0	33.42	27.41
PTHR21091	10460.69	10108.48	6180.0	772.0	633.24
PTHR21090	1529.0	1484.97	1170.02	155.29	127.38
PTHR13734	1740.0	1695.97	331.55	38.51	31.59
PTHR24315	3392.0	3303.94	1038.0	204.09	167.4
PTHR24314	6366.81	6146.67	309.0	41.07	33.69
PTHR11933	1619.09	1575.06	392.0	49.04	40.23
PTHR11932	7800.0	7667.91	2602.57	184.44	151.3
PTHR11934	3439.0	3350.94	837.0	122.78	100.72
PTHR11937	5833.38	5657.26	6074.78	768.43	630.31
PTHR11938	13266.73	13046.58	13361.24	835.61	685.43
PTHR13683	3541.0	3496.97	973.0	54.69	44.86
PTHR24089	34684.46	33407.61	13747.05	1873.58	1536.83
PTHR10796	7492.32	7360.23	1440.0	99.07	81.27
PTHR10794	4023.0	3890.91	276.0	40.51	33.23
PTHR10795	37408.95	36528.41	8735.34	524.87	430.54
PTHR10792	610.0	565.97	4419.28	1550.13	1271.52
PTHR10799	52675.24	51090.39	4364.16	533.01	437.19
PTHR10882	1143.52	1099.49	232.0	41.65	34.17
PTHR10887	24025.89	23585.59	2911.68	218.85	179.53
PTHR11686	2358.9	2314.87	180.0	15.3	12.55
PTHR11685	5697.1	5565.01	1139.0	136.99	112.38
PTHR11680	1986.63	1942.6	2528.43	256.25	210.19
PTHR24221	18231.52	17659.2	5095.24	539.24	442.32
PTHR24220	7524.61	7216.41	1659.01	294.88	241.87
PTHR24223	10885.27	10621.1	3289.89	165.86	136.05
PTHR11689	9178.0	9045.91	1082.86	67.02	54.98
PTHR10252	2228.0	2095.91	171.0	47.67	39.09
PTHR13124	1019.0	974.97	162.0	32.83	26.93
PTHR31173	4539.0	4450.94	784.0	57.98	47.56
PTHR10997	12504.0	12327.88	2063.99	112.93	92.64
PTHR31385	3652.12	3520.03	432.0	73.6	60.38
PTHR31356	7042.53	6866.41	2987.0	394.29	323.43
PTHR31724	3588.16	3412.05	470.0	85.54	70.16
PTHR31352	3154.0	3065.94	1006.66	115.63	94.85
PTHR31350	9828.88	9520.67	2557.0	311.69	255.64
PTHR11758	654.0	609.97	7868.08	2558.69	2098.8
PTHR23333	1084.0	1039.97	349.0	66.27	54.36
PTHR11751	14666.9	14358.69	3323.8	300.95	246.86
PTHR11753	2846.0	2713.91	1229.0	264.31	216.81
PTHR11752	21084.39	20556.09	5378.94	357.72	293.44
PTHR24423	16091.0	15738.76	4769.44	476.64	390.98
PTHR11206	15757.17	15360.9	1742.01	182.81	149.94
PTHR11757	5571.0	5394.88	392.86	42.14	34.56
PTHR24420	49455.98	48443.31	7965.13	744.26	610.51
PTHR10332	2162.79	2074.73	258.0	49.58	40.67
PTHR32557	1872.0	1827.97	335.39	36.13	29.64
PTHR14145	3188.29	3100.23	524.0	68.0	55.77
PTHR20922	2516.44	2428.39	329.0	69.21	56.77
PTHR13600	2335.0	2246.94	120.0	29.77	24.42
PTHR15744	1616.62	1572.59	355.0	44.48	36.48
PTHR23029	9543.22	9235.03	843.0	98.57	80.85
PTHR23023	7171.94	6995.82	761.94	73.19	60.04
PTHR12847	2240.0	2107.91	205.0	50.11	41.1
PTHR11119	8440.48	8264.37	975.0	92.1	75.55
PTHR31595	8921.03	8568.85	447.08	68.26	55.98
PTHR31596	4198.0	4109.94	1022.0	84.71	69.48
PTHR15948	1509.32	1465.29	82.0	11.03	9.05
PTHR32026	877.0	832.97	23.0	5.46	4.48
PTHR31829	1475.0	1430.97	1666.99	229.64	188.37
PTHR31419	2006.0	1917.94	42.0	8.23	6.75
PTHR14898	820.95	776.94	260.0	66.2	54.3
PTHR19241	45752.92	44652.23	8576.07	668.34	548.23
PTHR14894	2119.0	2030.94	211.71	39.3	32.23
PTHR15239	1909.16	1865.13	170.0	17.95	14.72
PTHR12497	2617.39	2529.33	328.0	41.96	34.42
PTHR12304	1333.0	1288.97	30.0	4.59	3.77
PTHR30540	4295.29	4251.26	392.0	18.12	14.86
PTHR30544	4542.57	4454.51	392.0	40.25	33.01
PTHR13302	2546.0	2501.97	331.0	26.03	21.35
PTHR12472	1409.0	1320.94	50.0	16.82	13.8
PTHR13308	6568.62	6392.52	4493.99	474.21	388.97
PTHR12477	3983.04	3894.98	700.96	65.59	53.8
PTHR13878	1945.0	1900.97	186.0	19.26	15.8
PTHR21461	3923.0	3790.91	187.0	28.07	23.02
PTHR13872	528.0	483.97	7135.17	2932.34	2405.29
PTHR22849	9890.48	9670.33	2718.78	163.13	133.81
PTHR21314	2202.0	2113.94	136.0	25.49	20.91
PTHR13271	21087.07	20426.62	2737.0	384.79	315.65
PTHR22841	5354.0	5177.88	664.94	99.28	81.43
PTHR13273	1137.0	1092.97	407.0	73.51	60.3
PTHR22847	28231.12	27306.55	4460.91	600.94	492.96
PTHR22846	2261.0	2216.97	286.0	25.39	20.82
PTHR22844	20361.54	19745.12	3224.27	379.36	311.16
PTHR23270	1319.0	1274.97	103.0	15.93	13.07
PTHR11601	7766.0	7589.88	1614.87	167.29	137.23
PTHR21266	4183.0	4006.88	683.02	115.04	94.37
PTHR12271	6846.66	6714.57	1581.0	132.03	108.29
PTHR21262	3703.0	3658.97	1246.01	66.93	54.9
PTHR12276	2358.19	2226.11	746.0	162.86	133.6
PTHR10657	1777.0	1688.94	242.0	62.69	51.42
PTHR10655	5065.14	4933.05	801.97	75.73	62.11
PTHR10652	2316.73	2228.67	363.0	57.7	47.33
PTHR17972	4494.0	4449.97	614.0	27.11	22.24
PTHR10751	5649.0	5516.91	704.0	59.25	48.6
PTHR21085	1517.0	1472.97	787.0	105.31	86.38
PTHR11922	5114.48	4894.47	775.0	171.04	140.31
PTHR11926	3043.21	2911.12	187.0	35.06	28.76
PTHR11431	1211.75	1167.72	1196.0	202.12	165.79
PTHR10430	2560.0	2427.91	436.27	111.34	91.33
PTHR10436	8825.0	8516.79	959.0	106.4	87.28
PTHR10434	2546.0	2457.94	270.89	43.19	35.43
PTHR24096	6287.62	6111.5	5604.22	578.6	474.6
PTHR13693	5773.2	5641.11	830.01	82.56	67.72
PTHR13691	3295.0	3162.91	10508.78	1914.19	1570.15
PTHR13451	6521.59	6345.47	420.0	49.9	40.94
PTHR13452	1024.0	979.97	165.0	33.26	27.28
PTHR10759	530.0	485.97	3950.93	1616.94	1326.32
PTHR12901	1851.0	1806.97	545.0	59.4	48.72
PTHR12903	2797.05	2753.02	1162.99	83.08	68.15
PTHR23237	1005.0	960.97	919.02	188.96	155.0
PTHR10501	1507.37	1419.31	279.0	79.92	65.55
PTHR31169	6197.97	5977.83	753.94	162.65	133.42
PTHR11426	1455.67	1367.61	75.0	27.33	22.42
PTHR14087	3340.0	3251.94	264.0	21.57	17.69
PTHR23309	3724.0	3635.94	1229.2	108.15	88.71
PTHR31344	3800.59	3756.56	864.0	45.2	37.08
PTHR31619	2033.0	1988.97	1522.21	150.66	123.58
PTHR23306	1757.95	1669.89	282.0	66.81	54.8
PTHR23305	2996.0	2863.95	2676.0	387.1	317.52
PTHR14089	1137.0	1092.97	37.0	6.68	5.48
PTHR11748	5697.49	5477.36	898.0	120.45	98.81
PTHR11214	4936.0	4803.91	1300.02	154.78	126.96
PTHR11216	3406.01	3273.93	383.0	65.1	53.4
PTHR14154	3580.31	3360.17	515.0	140.31	115.09
PTHR14155	5030.28	4942.22	562.0	57.05	46.79
PTHR14152	566.0	521.97	99.0	37.69	30.91
PTHR11699	11817.07	11464.85	2719.04	290.13	237.99
PTHR11692	2300.0	2255.97	633.0	55.21	45.29
PTHR11693	1554.0	1509.97	3076.89	401.59	329.41
PTHR11695	12367.11	11970.84	3700.09	483.6	396.69
PTHR31760	490.0	445.98	77.0	34.38	28.2
PTHR31906	11044.47	10648.21	1454.0	293.48	240.74
PTHR21419	2246.0	2201.97	367.0	32.8	26.9
PTHR23012	8923.03	8614.82	1992.09	303.6	249.03
PTHR11101	7127.85	6775.63	3037.65	759.35	622.86
PTHR11102	6230.05	6097.96	1009.98	130.21	106.81
PTHR11106	782.0	737.97	63.0	16.9	13.86
PTHR31585	1435.03	1391.0	467.03	66.19	54.3
PTHR32125	1927.0	1838.94	307.49	76.82	63.02
PTHR31588	3973.0	3884.94	894.0	93.33	76.56
PTHR32120	1371.0	1326.97	133.0	19.77	16.21
PTHR15680	1853.0	1764.94	112.0	25.81	21.17
PTHR11804	6449.7	6273.59	2018.43	161.43	132.42
PTHR11374	1705.0	1660.97	916.53	108.7	89.17
PTHR10281	950.0	905.97	25.0	5.45	4.47
PTHR18895	553.0	508.97	102.0	39.83	32.67
PTHR12169	4091.27	4003.21	1009.0	105.37	86.43
PTHR12486	1568.0	1479.94	46.0	11.81	9.69
PTHR12480	3635.54	3503.45	189.0	28.58	23.44
PTHR12482	1321.61	1233.56	169.0	47.49	38.96
PTHR12317	2483.0	2394.94	691.0	97.1	79.64
PTHR12649	1321.0	1276.97	254.0	39.23	32.18
PTHR10099	4517.0	4472.97	2214.64	97.28	79.79
PTHR13992	2800.0	2755.97	292.0	20.84	17.09
PTHR12461	7685.39	7465.24	993.07	116.61	95.65
PTHR12466	931.0	886.97	167.0	37.22	30.53
PTHR13847	12683.67	12287.41	2665.44	369.25	302.88
PTHR32251	5026.06	4893.97	1428.0	191.67	157.22
PTHR26312	3445.0	3312.91	756.08	106.3	87.19
PTHR12000	1527.0	1482.97	459.05	61.01	50.04
PTHR12001	3519.9	3431.84	2604.65	349.56	286.73
PTHR21327	3909.47	3821.41	1153.29	119.17	97.75
PTHR21631	3648.7	3560.64	2711.61	305.88	250.9
PTHR22854	5065.3	4933.21	1936.0	213.42	175.06
PTHR22855	6556.0	6379.88	2775.97	319.08	261.74
PTHR22850	11897.45	11545.21	2497.05	354.04	290.4
PTHR22504	2021.0	1976.97	1320.0	131.44	107.82
PTHR12189	1154.24	1110.21	103.0	18.31	15.02
PTHR21256	3600.0	3511.94	1857.96	178.68	146.57
PTHR12266	2971.0	2882.94	622.0	89.57	73.48
PTHR10648	4136.92	4048.86	904.01	88.11	72.27
PTHR10641	13086.79	12822.61	2450.08	165.24	135.54
PTHR10644	13371.58	13107.4	3132.31	228.7	187.6
PTHR12864	3899.39	3723.28	552.0	114.58	93.99
PTHR12860	2905.0	2860.97	504.0	34.64	28.42
PTHR13194	750.0	705.97	41.0	11.5	9.44
PTHR13190	948.12	904.09	533.0	116.53	95.59
PTHR13193	501.0	456.97	64.0	27.88	22.87
PTHR11913	684.0	639.97	109.0	33.77	27.7
PTHR11911	7461.07	7284.95	10267.08	996.94	817.76
PTHR11910	1133.0	1088.97	1780.0	322.7	264.7
PTHR11918	6687.04	6466.91	1005.98	118.09	96.86
PTHR12919	779.0	734.97	990.0	266.71	218.77
PTHR12910	1695.0	1606.94	469.0	110.5	90.63
PTHR12917	6491.94	6315.82	696.0	88.23	72.38
PTHR11351	2070.0	2025.97	1551.0	150.7	123.61
PTHR11353	10772.06	10419.82	4997.89	759.44	622.94
PTHR11599	13611.0	13038.61	5507.81	1071.04	878.54
PTHR10516	12418.11	11933.78	1673.0	346.64	284.33
PTHR11592	5173.8	4953.66	1684.52	319.03	261.69
PTHR31620	1587.0	1542.97	3293.0	420.56	344.97
PTHR23315	9013.87	8705.67	925.0	99.81	81.87
PTHR23316	2252.0	2207.97	1371.01	122.2	100.23
PTHR11778	3103.0	3014.94	624.01	80.45	65.99
PTHR11774	1201.0	1156.97	62.0	10.57	8.67
PTHR11773	3594.0	3549.97	1043.03	57.75	47.37
PTHR11772	6608.0	6387.85	3471.01	327.69	268.8
PTHR10357	18456.57	18060.3	5542.59	399.37	327.58
PTHR10353	1662.59	1618.56	210.0	25.56	20.97
PTHR10350	4408.0	4363.97	577.0	25.98	21.31
PTHR10351	3286.0	3197.94	3220.53	611.63	501.69
PTHR10359	5519.27	5343.15	736.01	86.74	71.15
PTHR31750	2082.55	2038.52	459.0	44.32	36.36
PTHR23418	1527.0	1482.97	434.0	57.68	47.31
PTHR14189	1656.49	1612.46	330.0	40.32	33.07
PTHR31245	1570.0	1525.97	860.0	111.06	91.1
PTHR23001	2070.0	2025.97	959.12	93.19	76.44
PTHR23002	2091.0	2002.94	74.0	16.35	13.4
PTHR30178	3513.69	3381.6	1706.09	326.47	267.8
PTHR22904	17528.87	16912.45	2532.95	324.94	266.52
PTHR11177	24739.57	23991.06	20018.11	2348.95	1926.78
PTHR11178	1500.0	1455.97	480.0	64.98	53.3
PTHR14456	1205.69	1117.63	74.0	26.13	21.44
PTHR31808	1560.0	1515.97	474.0	61.62	50.54
PTHR31803	4213.0	4080.91	1407.85	162.81	133.55
PTHR11009	2018.54	1930.48	269.0	55.55	45.57
PTHR19229	17097.31	16877.16	2537.94	81.61	66.93
PTHR11005	3422.39	3334.33	738.0	98.49	80.79
PTHR11006	3978.56	3890.5	576.0	60.49	49.62
PTHR18640	1921.0	1876.97	269.0	28.22	23.15
PTHR18866	21724.32	21328.06	8796.61	697.18	571.86
PTHR15588	2726.0	2637.94	1215.0	133.24	109.3
PTHR12677	7160.0	6983.88	959.0	105.92	86.88
PTHR19134	2116.46	2072.43	1865.0	177.13	145.29
PTHR19139	7092.18	6872.03	443.82	68.65	56.3
PTHR30566	7014.86	6838.74	847.0	98.33	80.65
PTHR12459	1900.0	1855.97	236.0	25.04	20.54
PTHR12456	2164.94	2076.88	82.0	14.25	11.69
PTHR22931	6971.0	6882.94	1915.48	91.43	75.0
PTHR19359	8716.95	8452.77	3302.78	508.79	417.33
PTHR12072	3112.0	3023.94	230.0	28.87	23.68
PTHR13218	953.0	908.97	54.0	11.74	9.63
PTHR13215	1530.0	1441.94	59.0	15.31	12.56
PTHR13213	1503.46	1415.4	368.0	99.83	81.88
PTHR12290	1957.51	1913.48	204.0	20.99	17.22
PTHR21530	6359.0	6138.85	927.08	132.02	108.28
PTHR12295	4144.0	4099.97	292.0	13.99	11.48
PTHR12298	6903.61	6683.46	1750.0	170.0	139.45
PTHR10638	3160.53	3116.5	2108.0	132.99	109.08
PTHR10634	1401.0	1356.97	728.28	105.82	86.8
PTHR10631	2575.53	2487.47	273.0	37.29	30.59
PTHR10984	4139.0	4006.91	1451.11	207.53	170.22
PTHR13501	1768.0	1679.94	1726.0	446.76	366.46
PTHR13505	677.0	632.97	29.0	9.08	7.45
PTHR12850	449.0	404.98	13498.48	6646.04	5451.52
PTHR12856	678.0	633.97	19.0	5.94	4.87
PTHR12855	1721.0	1676.97	434.0	50.98	41.82
PTHR12854	2805.34	2717.28	483.0	63.45	52.05
PTHR13182	620.0	575.97	60.0	20.68	16.96
PTHR10855	1808.0	1763.97	704.0	78.6	64.47
PTHR10743	971.0	926.97	213.0	45.41	37.25
PTHR10742	19636.89	19196.59	2746.62	281.59	230.96
PTHR10745	2340.0	2295.97	1192.01	102.16	83.8
PTHR10744	1577.0	1488.94	13980.44	3055.83	2506.59
PTHR10746	3483.69	3395.63	2878.0	416.57	341.7
PTHR12924	776.0	731.97	1343.0	363.3	298.01
PTHR23308	6117.8	5897.65	1248.56	259.71	213.03
PTHR11349	1622.0	1533.94	1864.02	509.88	418.24
PTHR10566	20810.6	20326.29	4525.0	421.42	345.69
PTHR11588	3030.0	2897.91	11468.97	1443.93	1184.41
PTHR10291	1100.0	1055.97	146.0	27.3	22.39
PTHR11584	8067.64	7891.52	848.49	97.96	80.36
PTHR11586	1043.0	998.97	121.0	23.93	19.63
PTHR11909	6474.26	6298.14	4522.66	434.55	356.44
PTHR24320	11509.95	11157.71	981.0	138.1	113.28
PTHR24322	19856.55	19152.07	3579.54	528.23	433.29
PTHR11907	2177.0	2132.97	593.13	54.73	44.89
PTHR11760	1467.0	1378.94	12894.23	3219.31	2640.69
PTHR11761	1784.0	1695.94	8829.38	2897.7	2376.89
PTHR11766	1920.0	1831.94	181.0	40.03	32.84
PTHR11767	6221.69	6045.59	758.0	73.0	59.88
PTHR10361	4913.78	4781.69	309.0	34.84	28.58
PTHR10366	14708.64	14180.29	9499.68	1363.11	1118.1
PTHR10169	3361.0	3316.97	429.0	25.42	20.86
PTHR10168	5452.95	5232.83	1649.05	200.06	164.1
PTHR20973	1583.36	1539.33	91.0	11.65	9.56
PTHR10165	1540.0	1495.97	360.14	47.45	38.92
PTHR31032	3027.0	2938.94	2614.0	348.07	285.51
PTHR23257	143691.08	139904.79	29028.37	2674.16	2193.46
PTHR23253	2218.0	2173.97	104.0	9.41	7.72
PTHR14190	2516.0	2471.97	332.0	26.42	21.67
PTHR14194	9680.98	9328.75	3824.07	613.01	502.84
PTHR31251	28515.17	27502.49	3646.29	570.36	467.82
PTHR23074	15835.24	15350.92	2732.62	433.65	355.7
PTHR23077	11367.19	10750.84	1100.0	231.33	189.75
PTHR23076	16774.0	16157.6	5660.94	820.78	673.24
PTHR12561	1517.0	1472.97	160.0	21.41	17.56
PTHR23073	7490.27	7138.05	4685.95	1050.9	862.02
PTHR10293	3995.3	3819.18	835.25	192.36	157.79
PTHR23078	1748.0	1659.94	330.0	78.75	64.59
PTHR11165	2277.0	2188.94	1313.01	236.33	193.86
PTHR10772	3725.97	3593.88	2653.98	433.92	355.94
PTHR32100	5352.0	5219.91	4424.16	561.26	460.39
PTHR14445	2181.0	2092.94	248.02	47.23	38.74
PTHR31811	2332.0	2243.94	59.0	9.09	7.46
PTHR23102	4018.48	3886.39	726.0	102.06	83.71
PTHR23105	6012.8	5748.62	24929.87	4814.59	3949.24
PTHR11010	7855.3	7679.18	1332.91	138.8	113.86
PTHR11014	6039.34	5863.23	679.98	71.37	58.55
PTHR12668	3919.0	3830.94	1078.0	114.64	94.04
PTHR12661	3303.0	3258.97	813.0	49.04	40.23
PTHR12663	4219.0	4174.97	879.63	41.4	33.96
PTHR12664	1346.54	1302.51	879.0	133.09	109.17
PTHR16166	33425.4	32985.1	4262.93	240.77	197.48
PTHR12111	867.0	822.97	348.0	83.65	68.61
PTHR12447	602.0	557.97	6.0	2.14	1.75
PTHR15481	778.0	733.97	12.0	3.24	2.66
PTHR26379	2088.0	1999.94	1269.66	225.68	185.11
PTHR12599	1259.0	1214.97	971.0	157.68	129.34
PTHR12596	3743.0	3698.97	663.99	35.28	28.94
PTHR12590	872.59	828.56	99.0	23.63	19.39
PTHR12066	4332.23	4156.11	126.0	22.51	18.46
PTHR12064	3924.0	3791.91	1401.99	133.4	109.42
PTHR13226	1749.31	1661.25	112.0	23.54	19.31
PTHR13889	2988.0	2943.97	1005.0	67.13	55.06
PTHR13887	1074.0	1029.97	58.0	11.12	9.12
PTHR21181	670.0	625.97	156.0	49.42	40.54
PTHR12412	2566.0	2521.97	221.0	17.24	14.14
PTHR13948	2210.17	2122.11	199.0	37.81	31.01
PTHR12146	1020.0	931.99	6713.8	2110.4	1731.09
PTHR10458	3066.0	2977.94	878.58	122.99	100.88
PTHR19306	9237.0	9104.91	746.01	41.24	33.83
PTHR12280	5052.84	4920.75	428.0	47.59	39.04
PTHR11451	7531.05	7354.93	3477.38	296.16	242.93
PTHR12286	3386.13	3298.07	233.0	25.87	21.22
PTHR12415	5743.75	5567.64	163.0	19.5	16.0
PTHR30573	2341.0	2296.97	316.0	27.07	22.2
PTHR22983	1153.0	1108.97	61.0	10.86	8.91
PTHR22981	1255.0	1210.97	324.06	52.8	43.31
PTHR10947	2702.0	2613.95	475.89	71.81	58.91
PTHR30191	3030.15	2986.12	3444.03	226.78	186.02
PTHR13082	761.0	716.97	92.57	25.57	20.97
PTHR10629	3752.0	3619.91	89.0	14.34	11.76
PTHR10994	13076.1	12723.86	1329.66	166.5	136.57
PTHR10996	7781.95	7517.78	791.62	89.1	73.09
PTHR10625	11413.1	10972.81	1751.57	229.85	188.54
PTHR10992	38600.46	37411.66	5308.3	693.24	568.66
PTHR10993	1797.0	1708.94	167.0	48.07	39.43
PTHR17695	4484.57	4352.48	502.0	67.14	55.08
PTHR12848	2610.0	2521.94	196.0	30.45	24.97
PTHR12849	1895.0	1806.94	163.0	35.67	29.26
PTHR21712	1036.06	992.03	55.0	10.95	8.98
PTHR21294	2188.77	2144.74	507.0	46.52	38.16
PTHR12841	938.0	893.97	30.14	6.67	5.47
PTHR21290	3992.0	3815.88	534.0	104.65	85.84
PTHR21349	1582.0	1493.94	1146.89	322.29	264.36
PTHR21347	1975.55	1931.52	886.19	90.33	74.09
PTHR21343	341.0	297.0	4.0	2.7	2.21
PTHR10196	6993.7	6817.58	523.0	60.67	49.78
PTHR10192	3011.0	2922.94	1801.0	179.89	147.56
PTHR10755	1204.68	1160.65	2554.0	434.24	356.19
PTHR10758	3090.31	3002.26	1512.05	226.54	185.82
PTHR13152	838.0	793.97	49.0	12.21	10.02
PTHR12932	6202.45	6026.35	1968.0	220.59	180.94
PTHR12934	1962.0	1873.94	1190.0	254.99	209.16
PTHR10288	11527.22	11263.04	9587.55	904.36	741.82
PTHR11800	1409.0	1364.97	437.0	63.13	51.78
PTHR11802	14426.58	14118.37	7911.45	668.31	548.19
PTHR11807	2053.97	1965.91	151.0	31.73	26.03
PTHR11808	9328.29	9064.12	2001.72	203.22	166.7
PTHR10283	10897.0	10676.85	1027.27	88.63	72.7
PTHR10285	7585.57	7365.45	7959.32	892.27	731.91
PTHR10286	990.31	946.28	1035.74	216.29	177.41
PTHR11579	3016.83	2928.77	870.0	117.68	96.53
PTHR13718	2679.0	2590.94	9348.96	1789.08	1467.52
PTHR13711	6479.0	6214.82	1163.51	248.58	203.9
PTHR13710	13624.75	13184.55	345.0	52.88	43.38
PTHR11977	1462.98	1418.95	962.9	133.77	109.73
PTHR11972	5714.35	5626.29	1228.12	92.91	76.21
PTHR31480	1230.0	1185.97	456.0	75.87	62.23
PTHR31485	10967.33	10571.07	2190.56	291.76	239.31
PTHR11715	984.0	939.97	846.0	177.86	145.89
PTHR11717	2184.65	2096.59	183.63	28.37	23.28
PTHR11711	9166.0	8857.8	5295.75	1163.45	954.34
PTHR11712	36259.38	34674.68	2706.95	204.01	167.36
PTHR10374	4259.79	4127.7	2119.98	214.82	176.2
PTHR10178	2780.08	2692.02	109.01	18.76	15.38
PTHR11482	11984.72	11808.6	9309.6	654.34	536.74
PTHR10173	4639.01	4462.89	2150.59	363.15	297.88
PTHR10177	7476.63	7300.51	3927.13	425.69	349.19
PTHR10174	6283.98	6063.83	973.0	158.16	129.73
PTHR23249	2143.0	2054.94	223.0	41.5	34.04
PTHR23244	13493.58	13097.32	1522.0	231.33	189.78
PTHR23245	479.92	435.9	87.0	39.75	32.61
PTHR23240	2052.62	1964.56	168.01	32.24	26.45
PTHR14614	13055.0	12658.73	568.0	79.07	64.86
PTHR31268	2350.0	2261.95	611.0	62.82	51.53
PTHR31262	1992.31	1860.24	24758.84	5292.01	4340.84
PTHR23063	2103.33	2015.27	220.81	48.54	39.82
PTHR11620	700.0	655.97	6259.07	1891.3	1551.37
PTHR11624	4458.0	4369.94	1535.0	182.16	149.42
PTHR11627	5097.37	4921.25	9856.57	1199.69	984.06
PTHR11390	4822.29	4734.23	600.03	70.98	58.22
PTHR31319	4338.0	4249.94	2370.0	218.91	179.56
PTHR14052	1367.87	1323.84	189.0	28.15	23.09
PTHR32118	2364.0	2319.97	2698.53	228.87	187.73
PTHR23117	1862.64	1818.61	2729.51	295.56	242.44
PTHR23115	47925.25	46912.56	70186.26	7506.49	6157.32
PTHR11028	1556.0	1511.97	796.04	103.76	85.11
PTHR11024	6904.0	6771.91	671.0	70.42	57.77
PTHR10066	6613.42	6349.24	261.0	39.8	32.65
PTHR11777	3213.0	3168.97	2088.72	129.58	106.29
PTHR12616	2001.0	1956.97	203.0	20.42	16.75
PTHR12613	2775.0	2730.97	708.0	50.99	41.82
PTHR12612	688.0	643.97	189.0	58.19	47.73
PTHR32060	3859.0	3770.94	1442.02	124.06	101.76
PTHR12126	3156.0	3067.94	932.0	116.78	95.79
PTHR12436	7090.91	6914.79	1102.13	118.8	97.45
PTHR22734	1395.0	1350.97	253.0	36.93	30.29
PTHR12121	2209.0	2120.94	179.0	34.19	28.05
PTHR12438	1604.56	1560.53	99.0	12.5	10.25
PTHR15492	1834.0	1789.97	231.0	25.42	20.85
PTHR21426	2140.0	2095.97	92.0	8.64	7.09
PTHR21427	1217.0	1172.97	98.0	16.49	13.52
PTHR19372	1995.0	1950.97	289.0	29.16	23.92
PTHR19370	7707.74	7487.59	5104.11	413.8	339.44
PTHR19376	16924.55	16616.34	3068.9	197.76	162.21
PTHR19375	7277.52	7013.34	1857.18	450.65	369.65
PTHR12725	2187.4	2099.34	225.0	37.96	31.13
PTHR22884	12929.0	12708.85	1796.0	109.83	90.09
PTHR22880	9394.67	9086.46	2525.0	293.31	240.6
PTHR12542	2365.0	2320.97	61.0	5.17	4.24
PTHR12547	2022.0	1933.94	611.0	83.4	68.41
PTHR12124	4730.0	4597.91	254.0	34.23	28.08
PTHR10114	516.0	471.97	5855.86	2468.57	2024.88
PTHR21512	2591.0	2546.97	162.0	12.51	10.26
PTHR30508	2042.0	1997.97	1812.51	178.58	146.49
PTHR30502	1078.33	1034.3	115.0	21.96	18.01
PTHR10961	2112.91	2024.85	2105.0	352.64	289.26
PTHR10617	8713.0	8448.83	5481.62	587.72	482.08
PTHR10615	2174.18	2086.12	999.0	178.98	146.81
PTHR13527	4556.97	4512.94	5044.58	219.62	180.14
PTHR22958	7189.06	7056.97	3066.0	224.71	184.33
PTHR14534	2035.0	1990.97	289.0	28.58	23.44
PTHR22951	2380.0	2335.97	264.0	22.24	18.24
PTHR22950	47414.74	46358.02	9309.95	792.67	650.17
PTHR22953	9268.52	9048.37	2772.23	269.37	220.96
PTHR22952	5889.54	5669.39	931.0	174.1	142.81
PTHR22957	11693.59	11341.37	1892.0	286.22	234.78
PTHR21600	1293.0	1248.97	354.0	55.91	45.86
PTHR24056	14269.33	13873.08	7275.63	446.37	366.16
PTHR24054	1577.0	1532.97	591.33	76.02	62.35
PTHR24055	11369.23	11061.02	3196.03	364.98	299.38
PTHR24058	4489.0	4312.89	908.99	158.77	130.24
PTHR10766	3137.0	3004.91	1270.0	249.28	204.47
PTHR10762	3305.28	3173.19	238.0	45.39	37.22
PTHR30031	5806.0	5629.89	3680.24	296.07	242.85
PTHR12945	1366.0	1321.97	172.0	25.66	21.05
PTHR12944	2506.06	2462.03	99.0	7.91	6.49
PTHR24128	5319.61	5187.52	2947.68	276.71	226.98
PTHR12858	4377.0	4200.88	348.0	69.6	57.09
PTHR32228	1193.0	1148.97	15.0	2.58	2.11
PTHR13096	3712.0	3623.94	265.75	29.05	23.82
PTHR11365	5254.61	4902.41	120.0	32.71	26.85
PTHR11361	18790.0	18129.61	1106.95	93.03	76.31
PTHR11814	20656.66	20304.44	4337.65	214.79	176.17
PTHR11363	1403.0	1358.97	13938.69	2022.41	1658.91
PTHR10543	8077.83	7901.71	1108.01	104.14	85.41
PTHR10540	2472.0	2383.94	978.0	161.75	132.67
PTHR11562	6536.11	6359.99	2824.0	233.35	191.4
PTHR11566	16677.0	16368.79	6518.12	597.81	490.36
PTHR11567	2524.0	2435.94	660.0	101.39	83.16
PTHR11564	6329.0	6196.91	1631.33	153.0	125.5
PTHR11962	2935.31	2847.25	513.0	71.04	58.26
PTHR11963	1780.0	1735.97	460.0	52.19	42.81
PTHR10381	7174.15	6821.91	5999.78	1278.79	1048.95
PTHR10383	2942.0	2853.94	1970.12	284.42	233.31
PTHR11705	1926.3	1838.25	421.56	76.41	62.68
PTHR11702	10251.0	10030.85	4507.44	340.52	279.31
PTHR11700	1446.0	1357.94	17313.8	5931.49	4865.39
PTHR10388	922.0	877.97	2238.64	504.13	413.52
PTHR11709	11301.95	11037.78	2189.0	205.26	168.36
PTHR10145	5912.0	5867.97	1238.0	41.44	33.99
PTHR23273	2704.0	2615.94	338.0	35.31	28.96
PTHR12050	3475.29	3431.26	216.0	12.37	10.15
PTHR24305	824.14	780.12	56.0	14.21	11.65
PTHR23050	2427.0	2294.91	2114.0	540.89	443.67
PTHR23056	2353.0	2264.94	419.0	75.95	62.3
PTHR23054	1819.0	1774.97	106.0	11.76	9.65
PTHR11638	10175.97	9911.79	13039.73	1014.7	832.32
PTHR23291	2969.39	2881.33	1127.0	166.3	136.41
PTHR23293	4664.65	4532.56	2999.8	348.42	285.79
PTHR11141	3077.0	3032.97	630.0	40.84	33.5
PTHR11142	5448.0	5315.91	369.0	35.96	29.51
PTHR11143	905.0	860.97	11605.87	2665.58	2186.49
PTHR22748	5223.96	5047.84	221.01	34.99	28.7
PTHR11380	968.0	923.97	333.0	71.23	58.43
PTHR11384	2561.0	2472.94	163.01	26.12	21.43
PTHR32477	2209.0	2164.97	135.0	12.27	10.07
PTHR14043	1964.0	1875.94	168.0	35.4	29.05
PTHR32472	3389.01	3344.98	542.0	31.85	26.13
PTHR31658	3477.0	3432.97	311.0	17.81	14.61
PTHR13890	8697.0	8520.88	1704.01	162.39	133.21
PTHR14269	4153.14	3977.03	579.0	90.95	74.6
PTHR22883	9645.38	9337.18	1381.72	178.33	146.29
PTHR23125	52923.05	51514.1	5886.24	645.38	529.37
PTHR19879	2398.0	2353.97	216.0	18.05	14.81
PTHR22881	3263.35	3175.29	628.0	80.21	65.79
PTHR14136	2972.0	2839.91	603.0	129.83	106.49
PTHR19876	6995.0	6906.94	2172.46	125.73	103.13
PTHR12608	4994.28	4818.16	1076.53	147.44	120.95
PTHR12604	2268.0	2223.97	201.0	17.79	14.59
PTHR12603	2815.0	2726.94	718.0	101.54	83.29
PTHR32091	2714.65	2626.59	2651.59	404.16	331.52
PTHR32098	4231.38	4055.26	259.0	54.79	44.93
PTHR18763	1639.0	1550.94	155.0	39.34	32.27
PTHR22726	2299.21	2211.15	180.0	25.6	21.0
PTHR22727	19490.42	19006.14	2252.0	253.77	208.16
PTHR12428	3537.07	3449.01	1609.97	168.72	138.4
PTHR18968	9022.72	8802.58	2090.02	198.25	162.62
PTHR12730	3614.0	3525.94	599.0	66.82	54.8
PTHR12506	827.0	782.97	46.0	11.63	9.54
PTHR12735	1840.0	1751.94	512.01	105.76	86.76
PTHR15020	3832.0	3743.94	1887.95	275.33	225.85
PTHR12558	2885.0	2796.94	244.0	28.72	23.57
PTHR12553	1670.0	1581.95	82.0	17.26	14.15
PTHR12049	2436.0	2347.94	71.0	12.32	10.11
PTHR10497	933.0	844.96	8939.79	3417.49	2803.25
PTHR24073	4700.0	4479.85	1954.2	404.31	331.64
PTHR21569	702.0	657.97	8611.48	2594.15	2127.89
PTHR21567	1313.0	1268.97	495.0	76.94	63.11
PTHR13950	1190.0	1145.97	99.0	17.05	13.99
PTHR12133	1626.0	1581.97	57.0	7.1	5.82
PTHR10972	6440.49	6308.4	1176.01	129.47	106.21
PTHR10606	4006.05	3962.02	1063.37	52.74	43.26
PTHR10971	1329.0	1284.97	183.0	28.09	23.04
PTHR13743	7955.0	7778.88	537.0	64.41	52.85
PTHR12302	3704.0	3659.97	1458.0	78.3	64.22
PTHR22942	10018.29	9578.03	936.0	108.14	88.74
PTHR13395	2558.0	2469.94	143.0	19.74	16.2
PTHR13803	6195.75	6063.67	1225.4	70.38	57.72
PTHR21368	1246.0	1157.95	1529.0	396.36	325.13
PTHR24067	16883.87	16223.42	7029.97	1231.29	1009.99
PTHR24064	12194.73	11886.52	2597.78	243.98	200.12
PTHR24063	28416.83	27624.41	5680.78	490.76	402.56
PTHR21011	1531.0	1442.94	867.0	205.32	168.41
PTHR10774	14657.08	14216.81	1638.46	206.33	169.26
PTHR24068	3025.0	2892.92	1120.82	315.1	258.46
PTHR19980	2076.0	1987.94	65.0	12.78	10.48
PTHR12959	3597.0	3508.94	92.0	11.5	9.43
PTHR24115	30021.74	29141.18	10307.96	610.54	500.82
PTHR11825	9391.87	9083.66	1962.08	236.88	194.29
PTHR10809	1619.0	1530.94	477.0	101.49	83.24
PTHR11822	1701.0	1656.97	1714.47	203.83	167.2
PTHR10555	4492.42	4404.36	2471.99	185.52	152.18
PTHR10806	859.0	814.97	217.0	52.68	43.21
PTHR10804	9458.25	9238.1	2959.97	374.19	306.93
PTHR11556	3811.0	3678.92	4358.59	539.39	442.44
PTHR11558	1457.0	1412.97	282.0	39.34	32.27
PTHR13773	3367.68	3279.62	715.0	87.29	71.6
PTHR10537	1403.0	1358.97	51.0	7.4	6.07
PTHR11953	2119.0	2030.94	208.0	39.67	32.54
PTHR11952	1761.0	1672.94	430.0	101.52	83.27
PTHR11956	2198.0	2153.97	856.0	78.21	64.15
PTHR11959	4195.19	4151.16	923.63	43.72	35.86
PTHR11739	2039.19	1995.16	1275.94	125.89	103.27
PTHR11732	17983.77	17411.41	2062.05	291.6	239.19
PTHR11731	7702.33	7570.24	880.0	68.78	56.41
PTHR11730	3414.1	3282.02	737.98	113.62	93.2
PTHR11735	3182.64	3050.55	233.31	44.36	36.39
PTHR10394	790.0	745.97	10861.99	2882.73	2364.6
PTHR20941	2237.34	2149.29	344.0	49.99	41.01
PTHR10150	2923.21	2835.16	251.0	34.36	28.18
PTHR31065	3003.17	2915.11	1110.0	129.11	105.91
PTHR10159	8099.0	7878.85	2279.69	261.19	214.25
PTHR31066	1295.0	1250.97	201.0	31.7	26.0
PTHR13604	1022.0	933.95	31.0	13.58	11.14
PTHR23264	3434.13	3302.04	540.49	86.64	71.07
PTHR23269	2111.0	2066.97	320.0	30.47	25.0
PTHR31204	1720.0	1675.97	320.0	37.61	30.85
PTHR31201	1685.0	1640.97	423.0	50.78	41.66
PTHR31209	1301.0	1256.97	58.0	9.1	7.47
PTHR11607	3948.0	3859.94	408.0	42.5	34.86
PTHR11606	4903.92	4771.84	1352.05	129.84	106.49
PTHR23284	1570.39	1526.36	157.0	20.27	16.63
PTHR24316	4355.0	4222.91	2685.3	365.81	300.06
PTHR32467	9846.99	9406.82	1372.68	226.3	185.63
PTHR14255	6597.0	6376.85	404.0	64.45	52.87
PTHR31840	867.0	822.97	49.0	11.78	9.66
PTHR23130	4459.0	4370.94	2294.0	157.3	129.02
PTHR23133	1077.0	1032.97	362.0	69.21	56.77
PTHR23135	1387.8	1343.78	480.0	70.43	57.77
PTHR23138	2479.0	2390.94	962.95	188.56	154.67
PTHR23139	8044.93	7780.75	3107.56	442.6	363.06
PTHR31682	1259.0	1214.97	781.03	126.83	104.03
PTHR11040	2671.0	2538.91	415.0	103.2	84.65
PTHR11043	835.0	790.97	230.0	57.54	47.2
PTHR11042	6734.29	6558.17	1054.23	122.12	100.17
PTHR11048	13199.32	12935.14	2708.79	249.01	204.25
PTHR15818	1985.0	1940.97	236.0	23.94	19.64
PTHR12636	1194.0	1149.97	215.0	36.9	30.27
PTHR31606	1282.0	1237.97	312.0	49.72	40.78
PTHR14490	2765.62	2633.54	501.0	73.38	60.19
PTHR14493	9704.2	9440.02	3874.04	393.12	322.44
PTHR15651	2177.0	2132.97	153.0	14.12	11.58
PTHR12380	3363.0	3230.91	768.0	141.91	116.4
PTHR12385	2845.0	2756.94	4286.12	447.89	367.39
PTHR12706	15101.0	14792.79	461.0	53.58	43.95
PTHR12709	1928.11	1840.05	512.0	119.62	98.12
PTHR19957	6203.44	6027.33	1912.23	261.65	214.62
PTHR30239	1763.0	1718.97	1290.0	147.81	121.25
PTHR12560	3392.0	3303.94	856.17	99.94	81.98
PTHR11203	5304.76	5172.67	735.0	64.34	52.78
PTHR12770	6148.14	5927.99	223.99	44.45	36.46
PTHR12097	7251.0	7162.94	3343.86	174.03	142.75
PTHR19842	2635.0	2590.97	418.97	31.81	26.09
PTHR11200	8056.79	7968.73	950.78	48.69	39.94
PTHR21576	1809.15	1721.09	34.0	6.43	5.28
PTHR24193	13455.64	12971.31	3634.09	550.14	451.26
PTHR12419	4934.14	4713.99	979.0	202.48	166.08
PTHR23338	3031.0	2898.92	754.0	179.2	146.99
PTHR30525	1631.0	1586.97	506.0	62.82	51.53
PTHR12413	2090.0	2001.94	89.0	16.86	13.83
PTHR12411	14914.88	14254.48	5433.96	588.01	482.32
PTHR23339	3732.0	3643.94	307.0	45.89	37.65
PTHR21717	5421.97	5289.88	3407.0	241.57	198.15
PTHR10943	3910.0	3821.94	1066.0	98.02	80.41
PTHR12897	3002.0	2957.97	463.0	30.78	25.25
PTHR12894	6310.0	6001.8	258.0	62.83	51.54
PTHR12891	1205.0	1160.97	53.0	9.01	7.39
PTHR22976	4671.0	4494.91	2119.07	218.47	179.2
PTHR22975	2528.82	2396.83	338.0	57.18	46.91
PTHR22970	2668.0	2623.97	117.0	8.77	7.19
PTHR21377	1983.0	1894.94	546.0	113.35	92.98
PTHR21371	2074.0	2029.97	8186.76	793.87	651.18
PTHR21373	2449.0	2360.94	237.04	39.9	32.73
PTHR22573	10629.56	10409.41	2042.08	163.37	134.01
PTHR22572	7272.0	7051.85	3911.16	616.46	505.66
PTHR21000	2063.0	2018.97	1451.17	141.49	116.06
PTHR10701	613.0	568.97	223.0	77.8	63.82
PTHR13161	914.0	825.97	91.0	39.81	32.65
PTHR13165	2354.63	2266.57	539.01	93.86	76.99
PTHR21396	1273.0	1184.95	378.0	126.64	103.88
PTHR12965	2057.33	1969.33	235.0	43.64	35.79
PTHR10681	6969.53	6617.29	1798.0	327.59	268.71
PTHR24106	8940.68	8632.48	1393.04	191.63	157.19
PTHR24103	2839.0	2706.91	100.0	19.02	15.6
PTHR10683	1632.0	1587.97	963.71	119.58	98.08
PTHR11540	2369.0	2192.93	846.65	273.75	224.55
PTHR10836	2311.0	2178.96	6221.83	997.14	817.92
PTHR10835	2404.0	2359.97	543.0	45.27	37.13
PTHR11545	927.0	882.97	9896.74	2215.98	1817.69
PTHR10012	1524.0	1479.97	167.0	22.24	18.24
PTHR13768	2607.0	2518.94	576.0	92.39	75.78
PTHR24078	11447.0	11094.81	1151.0	145.28	119.17
PTHR11946	14822.0	14557.82	8800.89	584.92	479.77
PTHR11947	4595.17	4507.11	2502.64	225.69	185.13
PTHR11941	10075.6	9767.41	1088.0	143.68	117.87
PTHR24072	1597.0	1552.97	326.0	41.37	33.93
PTHR10496	512.0	467.97	6366.51	2707.08	2220.53
PTHR10491	2793.97	2705.91	237.0	31.68	25.98
PTHR24076	12285.89	11757.59	1920.04	296.46	243.16
PTHR24077	14430.63	13814.29	5057.0	524.78	430.43
PTHR11728	3894.0	3805.94	1384.0	172.52	141.51
PTHR11726	842.0	797.97	13299.94	3297.84	2705.1
PTHR11727	551.0	506.97	27.0	10.59	8.68
PTHR11721	648.0	603.97	9772.31	3209.85	2632.93
PTHR11722	794.0	749.97	7948.98	2098.28	1721.14
PTHR10120	4088.2	4000.14	648.0	56.72	46.52
PTHR10122	1136.0	1091.97	1738.21	314.25	257.77
PTHR11831	2383.0	2250.91	9583.31	2368.66	1942.93
PTHR11835	1802.0	1757.97	797.16	89.31	73.26
PTHR11614	5476.57	5388.51	1877.01	121.39	99.57
PTHR11615	9985.75	9589.5	3031.64	318.88	261.56
PTHR11618	3632.85	3500.76	665.0	110.3	90.47
PTHR14140	2692.0	2647.97	333.0	24.73	20.29
PTHR32419	1309.93	1265.9	120.0	18.7	15.34
PTHR10231	5621.0	5488.91	754.45	84.85	69.6
PTHR10233	9058.0	8837.85	1653.0	189.98	155.83
PTHR31503	4427.0	4294.91	886.0	85.1	69.8
PTHR23147	606.88	562.85	126.0	44.44	36.45
PTHR23140	2080.0	2035.97	202.02	19.53	16.02
PTHR23142	1020.0	975.97	112.88	22.85	18.74
PTHR23149	1869.0	1824.97	447.16	48.25	39.58
PTHR23148	873.0	828.97	98.0	23.38	19.18
PTHR11817	11835.0	11570.82	3226.89	306.78	251.63
PTHR11056	2038.82	1994.79	404.12	39.88	32.71
PTHR11055	4364.96	4232.87	3542.41	446.63	366.34
PTHR32523	2429.01	2340.95	703.0	103.08	84.55
PTHR31695	2917.0	2872.97	454.0	31.08	25.49
PTHR11819	329.0	285.0	25.0	17.6	14.43
PTHR10544	507.0	462.97	2884.93	1240.12	1017.22
PTHR12629	2614.02	2569.99	1252.0	95.83	78.6
PTHR19316	1500.0	1455.97	83.0	11.24	9.22
PTHR18945	6392.48	6260.39	596.96	56.93	46.69
PTHR26402	9656.0	9435.85	6737.58	563.38	462.1
PTHR19384	6575.0	6442.91	327.0	29.21	23.96
PTHR12714	5278.65	5102.53	1270.69	138.99	114.02
PTHR12570	4709.0	4576.91	438.0	54.55	44.74
PTHR21494	2475.0	2430.97	207.38	16.78	13.77
PTHR21145	1193.4	1149.37	209.0	35.89	29.44
PTHR21496	4795.0	4574.9	879.0	158.68	130.18
PTHR21493	32721.13	31928.6	4821.0	541.3	444.01
PTHR21499	9407.43	9275.34	3740.01	236.71	194.17
PTHR21148	3805.76	3673.67	483.0	78.3	64.23
PTHR12083	3744.56	3612.47	541.91	78.96	64.76
PTHR19854	3891.0	3758.91	407.0	43.18	35.43
PTHR13976	1590.0	1501.94	84.0	22.4	18.37
PTHR19852	2220.0	2175.97	482.0	43.59	35.76
PTHR16128	3604.0	3427.89	208.0	36.63	30.04
PTHR12400	1504.26	1460.23	389.0	52.51	43.07
PTHR19853	3074.0	3029.97	326.0	21.15	17.35
PTHR30314	1812.0	1767.97	1427.51	159.02	130.44
PTHR12882	706.0	661.97	130.94	39.2	32.16
PTHR12883	1422.0	1377.97	228.0	32.62	26.76
PTHR16255	7443.1	7311.01	2042.0	181.92	149.22
PTHR16254	8765.24	8589.12	2139.17	208.96	171.4
PTHR22960	658.44	614.42	82.0	26.47	21.71
PTHR13373	2177.0	2132.97	63.18	5.83	4.78
PTHR13375	1121.0	1076.97	172.0	31.53	25.86
PTHR22967	5238.0	5105.91	1431.0	112.18	92.02
PTHR19858	4917.95	4829.89	487.0	36.46	29.9
PTHR30222	2462.0	2417.97	143.0	11.64	9.54
PTHR13115	2050.01	2005.98	543.0	53.29	43.71
PTHR13117	1603.0	1558.97	67.0	8.47	6.95
PTHR13285	2264.32	2220.29	234.0	20.74	17.01
PTHR13288	1360.0	1315.97	151.0	22.63	18.56
PTHR10953	15405.27	15009.0	2147.4	201.52	165.29
PTHR10954	1051.28	1007.25	35.0	6.86	5.63
PTHR21726	531.0	486.97	4.0	1.63	1.34
PTHR10956	877.61	789.57	9902.38	4139.03	3395.1
PTHR11538	1829.0	1784.97	368.0	40.6	33.3
PTHR10826	902.0	857.97	356.0	82.05	67.3
PTHR11533	13957.0	13780.88	2415.86	136.33	111.83
PTHR11532	1954.0	1909.97	595.0	61.34	50.31
PTHR10000	4171.34	4039.26	395.0	54.35	44.58
PTHR13021	1320.0	1275.97	270.06	41.75	34.24
PTHR24006	21165.92	20417.45	3466.91	472.29	387.41
PTHR24003	25726.24	25197.88	37465.91	2188.8	1795.4
PTHR31446	2319.0	2230.94	474.0	81.76	67.06
PTHR31190	2648.49	2560.43	1602.0	174.78	143.37
PTHR11441	1428.0	1383.97	204.0	29.06	23.84
PTHR11440	4926.23	4750.11	243.0	32.1	26.33
PTHR11999	8021.2	7845.08	2794.96	286.98	235.41
PTHR11998	6657.64	6481.52	2090.03	300.06	246.13
PTHR11449	475.0	430.98	13173.59	6089.27	4994.82
PTHR11994	1353.0	1264.94	13164.82	3817.73	3131.55
PTHR10133	10716.04	10495.89	5031.55	332.63	272.84
PTHR13620	5367.0	5146.85	846.0	109.63	89.92
PTHR11847	739.0	694.97	9813.06	2797.26	2294.5
PTHR11843	848.0	803.97	11705.0	2880.52	2362.79
PTHR11661	1816.0	1727.94	11878.69	3736.82	3065.18
PTHR11662	23625.27	23008.86	5010.64	464.93	381.38
PTHR11669	3356.31	3268.25	371.0	44.75	36.71
PTHR11668	15323.91	14927.64	6728.04	790.68	648.55
PTHR20856	12013.0	11792.85	2606.01	132.16	108.4
PTHR20854	3991.81	3859.72	370.0	56.03	45.96
PTHR20855	7372.37	7196.3	1099.0	116.41	95.49
PTHR20852	2918.0	2785.92	5562.06	658.64	540.26
PTHR32404	1336.0	1291.97	148.0	22.59	18.53
PTHR20858	5994.78	5862.69	774.0	66.28	54.37
PTHR14237	7334.42	7070.25	1419.42	166.31	136.41
PTHR10739	4083.0	3994.94	1740.07	192.6	157.99
PTHR23155	58843.96	57170.92	8376.54	971.13	796.59
PTHR23153	2046.73	1958.67	473.02	121.69	99.82
PTHR23151	7085.0	6644.75	2290.04	553.89	454.35
PTHR11063	5083.99	4995.93	4620.54	325.3	266.83
PTHR11062	10560.48	10296.3	2347.0	219.95	180.42
PTHR11061	4479.04	4302.92	378.0	64.87	53.2
PTHR11065	5949.34	5817.26	2178.13	227.12	186.3
PTHR11064	3550.11	3418.02	594.0	100.53	82.46
PTHR11260	9408.35	9144.17	892.0	121.88	99.99
PTHR11264	1182.0	1137.97	121.62	21.09	17.3
PTHR11266	7310.0	7045.82	2301.98	405.01	332.22
PTHR31998	2892.37	2848.34	273.0	18.85	15.46
PTHR15838	689.0	644.97	59.0	18.14	14.88
PTHR32338	2605.01	2560.98	447.76	34.39	28.21
PTHR31407	5301.0	5124.88	798.0	134.4	110.25
PTHR12363	7213.0	7080.91	571.0	35.5	29.11
PTHR18952	3246.0	3157.94	787.0	91.98	75.45
PTHR12765	1976.77	1888.71	348.0	73.44	60.24
PTHR12505	1455.97	1411.94	153.0	21.36	17.52
PTHR22604	3067.2	2979.14	337.0	47.03	38.58
PTHR21481	1507.0	1462.97	115.0	15.49	12.71
PTHR22778	2138.2	2050.15	102.0	22.31	18.3
PTHR19446	5782.79	5562.7	133.0	21.58	17.71
PTHR12219	1040.0	995.97	977.0	193.77	158.95
PTHR13561	5982.08	5849.99	521.0	29.05	23.82
PTHR13563	2178.35	2090.29	130.0	24.32	19.94
PTHR12210	1714.78	1626.73	295.2	60.1	49.29
PTHR12215	2011.0	1922.94	128.0	28.56	23.43
PTHR12214	1141.33	1097.3	105.0	18.89	15.5
PTHR22915	11948.17	11595.94	1995.0	253.17	207.69
PTHR22911	7880.73	7616.55	273.0	39.76	32.62
PTHR22912	8645.85	8425.7	3798.89	451.32	370.2
PTHR12183	1434.0	1389.97	129.0	18.3	15.01
PTHR19849	2561.0	2516.97	89.0	6.96	5.71
PTHR31783	5651.0	5562.94	463.0	36.55	29.98
PTHR22594	4683.0	4594.94	1635.02	145.92	119.7
PTHR11864	3249.0	3160.94	348.0	41.87	34.34
PTHR21152	4499.92	4411.86	1034.43	107.41	88.11
PTHR21021	1198.0	1109.94	48.0	17.47	14.32
PTHR30075	3602.0	3557.97	433.0	23.92	19.62
PTHR11632	2723.24	2679.21	2409.0	176.85	145.06
PTHR13102	2365.0	2320.97	210.0	17.8	14.6
PTHR12984	1992.0	1947.97	179.0	18.09	14.84
PTHR11630	10236.33	9972.15	1390.0	158.3	129.84
PTHR11140	7459.0	7370.94	5419.28	235.44	193.12
PTHR13299	1518.0	1429.94	108.0	30.06	24.66
PTHR12652	3863.36	3775.3	2766.05	357.08	292.91
PTHR10925	3417.0	3372.97	955.89	55.71	45.7
PTHR21737	3375.44	3243.35	578.0	110.11	90.31
PTHR10920	6169.87	6037.78	1210.04	137.8	113.03
PTHR10585	2375.0	2286.94	1468.49	233.48	191.52
PTHR10584	21543.94	21059.62	2861.0	247.4	202.94
PTHR11528	5578.0	5445.91	4113.54	331.16	271.64
PTHR11527	4160.85	3984.75	3158.0	537.08	440.55
PTHR11525	1497.0	1408.94	306.0	86.11	70.63
PTHR10859	818.0	773.97	108.0	27.62	22.65
PTHR10589	4097.2	4009.14	696.99	57.3	47.0
PTHR10588	2949.0	2816.91	442.0	73.08	59.94
PTHR13038	2182.64	2138.61	243.0	22.36	18.34
PTHR13748	11592.43	11240.19	5225.27	656.85	538.79
PTHR11223	8282.4	8150.31	1880.0	116.72	95.75
PTHR23109	936.0	891.97	50.0	11.08	9.09
PTHR24015	41577.59	40564.9	9136.26	856.52	702.57
PTHR24012	16903.09	16198.63	6670.18	1129.58	926.56
PTHR24011	30547.65	29490.95	14433.99	2384.2	1955.7
PTHR31187	5047.88	4959.82	4797.35	413.65	339.3
PTHR10548	1857.3	1813.27	857.0	93.07	76.34
PTHR10459	10270.57	10006.39	1143.0	120.96	99.22
PTHR11453	5258.25	5126.16	1014.0	80.0	65.62
PTHR10108	38573.74	37252.89	5004.41	744.75	610.88
PTHR11986	9396.84	9088.63	4799.99	574.68	471.4
PTHR11455	7551.92	7243.72	454.0	74.07	60.76
PTHR10102	3623.0	3578.97	852.0	46.79	38.38
PTHR11458	1544.0	1499.97	1469.41	193.07	158.37
PTHR10106	1780.0	1735.97	392.0	44.48	36.48
PTHR31057	2692.0	2603.94	95.0	14.14	11.59
PTHR21141	2759.92	2627.84	27455.62	8298.39	6806.87
PTHR11851	15671.67	15319.45	4188.82	470.03	385.54
PTHR23092	1348.0	1303.97	59.0	8.92	7.32
PTHR23091	14756.98	14140.57	1970.57	332.62	272.82
PTHR11673	941.0	896.97	4672.88	1029.85	844.75
PTHR11670	4122.0	4033.94	5824.86	467.15	383.19
PTHR11671	1243.0	1198.97	511.0	84.09	68.98
PTHR20863	2924.0	2747.89	3022.69	671.02	550.42
PTHR20861	1538.0	1493.97	332.89	43.92	36.02
PTHR11679	2591.0	2546.97	245.0	18.92	15.52
PTHR14009	3110.0	3065.97	1384.7	88.8	72.84
PTHR10217	6284.0	6107.89	257.14	18.47	15.16
PTHR14005	4695.0	4650.97	1620.96	68.47	56.16
PTHR10210	4058.0	3969.94	1470.99	149.65	122.76
PTHR31522	1791.0	1746.97	172.64	19.46	15.97
PTHR14221	1800.0	1755.97	338.0	37.91	31.1
PTHR23163	858.0	813.97	153.0	37.19	30.5
PTHR11079	6087.0	5866.85	3589.0	444.46	364.58
PTHR11076	12029.0	11456.62	317.36	60.57	49.66
PTHR11070	3642.43	3554.37	141.0	11.94	9.79
PTHR11071	18959.4	18210.92	4541.57	1174.26	963.18
PTHR11278	803.0	758.97	8761.16	2285.0	1874.31
PTHR11276	1021.0	976.97	19.0	3.84	3.15
PTHR11274	2912.0	2823.94	914.0	121.93	100.02
PTHR31984	4783.13	4651.04	2702.94	318.02	260.86
PTHR16201	2628.94	2584.91	304.0	23.13	18.98
PTHR15350	3448.0	3359.94	1209.0	141.46	116.03
PTHR15606	3207.8	3119.74	290.0	37.35	30.63
PTHR12374	2029.0	1940.95	169.0	29.27	24.01
PTHR12375	1053.0	1008.97	104.0	20.36	16.7
PTHR12378	2068.0	1979.94	134.0	26.76	21.96
PTHR20961	18225.09	17740.76	2457.89	264.01	216.55
PTHR18929	13649.93	13121.58	6992.52	927.14	760.5
PTHR30535	1103.0	1058.97	58.0	10.81	8.87
PTHR12777	681.0	636.97	557.0	173.38	142.22
PTHR12775	1424.0	1379.97	506.0	72.29	59.3
PTHR20981	628.0	583.97	9423.46	3202.43	2626.84
PTHR16092	2101.05	2012.99	104.0	20.21	16.58
PTHR12406	6242.04	6021.89	1109.1	166.44	136.53
PTHR19211	14750.23	14309.96	49421.21	3138.57	2574.47
PTHR22298	10825.41	10605.27	2591.0	187.13	153.5
PTHR12174	5683.0	5550.91	946.1	99.14	81.33
PTHR12175	2176.05	2087.99	555.0	104.18	85.46
PTHR12176	3163.81	3075.75	103.0	12.26	10.06
PTHR22769	5456.77	5236.62	638.0	127.74	104.78
PTHR22767	3773.66	3641.57	263.0	49.82	40.87
PTHR22765	2097.42	2009.36	853.0	166.73	136.76
PTHR22762	10868.77	10648.62	1465.0	120.3	98.68
PTHR22763	2674.0	2585.94	490.0	66.39	54.46
PTHR22761	4199.0	4022.89	1671.0	256.06	210.04
PTHR21231	4831.0	4698.91	803.0	124.75	102.33
PTHR21230	1552.77	1508.74	196.0	25.6	21.0
PTHR21234	1646.0	1601.97	231.0	28.41	23.3
PTHR21237	1050.0	1005.97	153.0	30.04	24.64
PTHR12202	2152.0	2063.94	338.0	64.63	53.01
PTHR12203	12395.97	12131.79	1310.0	113.76	93.3
PTHR19857	1466.0	1421.97	200.0	27.73	22.74
PTHR13355	1599.0	1554.97	251.0	31.81	26.09
PTHR19855	3948.0	3859.94	173.86	20.57	16.88
PTHR13353	3098.79	3010.73	152.0	21.54	17.67
PTHR12197	10686.45	10158.14	1804.07	222.24	182.31
PTHR13822	1125.0	1080.97	1194.0	218.08	178.88
PTHR21649	11149.17	10532.81	76439.17	16834.57	13808.81
PTHR32442	1366.0	1321.97	202.0	30.13	24.72
PTHR13138	2294.0	2205.94	307.0	52.36	42.95
PTHR10732	689.0	644.97	7947.8	2442.96	2003.87
PTHR10738	4034.0	3989.97	616.0	30.34	24.89
PTHR12992	1244.0	1199.97	45.0	7.4	6.07
PTHR22838	4661.36	4485.24	554.0	90.64	74.35
PTHR22836	2230.0	2185.97	177.12	15.95	13.08
PTHR10693	411.0	366.98	23.0	12.52	10.27
PTHR32379	1365.0	1320.97	93.0	13.88	11.39
PTHR10938	2616.0	2527.94	938.0	150.48	123.43
PTHR10934	861.0	816.97	7742.28	1874.76	1537.8
PTHR11510	2196.0	2151.97	3935.96	359.96	295.26
PTHR11516	5376.0	5243.91	2510.69	308.02	252.65
PTHR10025	2751.0	2618.92	675.71	97.12	79.66
PTHR10026	6321.0	6056.82	589.0	99.93	81.98
PTHR10027	2390.0	2345.97	159.0	13.34	10.94
PTHR13009	3542.78	3366.67	243.0	61.52	50.46
PTHR13007	1794.63	1750.6	417.0	46.92	38.48
PTHR30115	937.0	892.97	640.0	141.69	116.22
PTHR11863	3121.0	2988.91	690.0	115.81	95.0
PTHR17901	798.0	753.97	45.0	11.81	9.69
PTHR24351	6945.68	6725.54	3214.87	536.58	440.14
PTHR20982	1290.0	1245.97	211.0	33.41	27.4
PTHR24352	3499.0	3410.94	563.89	52.07	42.7
PTHR11467	602.0	557.97	316.0	112.45	92.24
PTHR10119	2365.0	2320.97	751.0	63.67	52.22
PTHR10343	3532.0	3487.97	718.0	40.46	33.19
PTHR10110	6559.2	6383.08	566.98	67.22	55.15
PTHR11469	2615.17	2571.14	1084.48	82.97	68.06
PTHR10445	1222.0	1177.97	122.0	20.44	16.76
PTHR10598	993.0	948.97	40.0	8.33	6.83
PTHR24286	4293.09	4161.0	1494.0	224.55	184.2
PTHR23429	1988.0	1943.97	210.24	21.29	17.47
PTHR23426	2044.05	1955.99	1036.0	219.4	179.96
PTHR10593	3263.0	3174.94	1065.0	129.88	106.53
