GeneFamily	length	effective_length	expected_count	TPM	FPKM
PTHR11649	9726.33	9254.92	1155.0	173.97	201.78
PTHR31089	487.0	444.15	25.0	8.65	10.03
PTHR31085	2585.0	2456.42	401.01	73.23	84.94
PTHR11647	1594.0	1551.14	234.0	22.91	26.58
PTHR11645	551.0	508.14	126.0	38.03	44.1
PTHR11880	1204.0	1118.28	4417.2	1180.61	1369.32
PTHR11885	1070.0	1027.14	2830.87	419.67	486.75
PTHR10209	3636.0	3507.42	134.0	16.4	19.03
PTHR32429	3342.0	3170.58	5076.33	546.38	633.72
PTHR12403	2208.88	2123.16	286.74	38.56	44.73
PTHR31423	4228.0	4142.28	1689.94	78.15	90.64
PTHR31551	417.0	374.15	51.0	21.0	24.36
PTHR32195	2769.0	2640.43	103.0	13.0	15.08
PTHR11081	5554.0	5339.71	422.0	59.52	69.04
PTHR11080	2190.68	2104.96	343.0	41.15	47.72
PTHR11082	5759.0	5501.88	228.0	35.97	41.72
PTHR11085	4854.98	4640.68	1384.43	182.56	211.73
PTHR11089	8298.27	7912.55	1044.8	146.27	169.66
PTHR32518	3100.0	3014.28	328.0	30.17	34.99
PTHR11247	1447.0	1404.14	509.0	55.09	63.9
PTHR32512	811.0	725.31	57.0	24.55	28.48
PTHR23088	6341.0	6126.7	773.0	98.4	114.14
PTHR23089	1470.0	1384.28	333.0	70.13	81.34
PTHR23081	5276.39	4976.4	353.0	62.33	72.28
PTHR23083	23856.29	22956.25	1578.73	216.19	250.75
PTHR23084	5600.0	5385.71	897.0	67.68	78.48
PTHR23086	3422.0	3207.79	151.0	30.94	35.88
PTHR18806	1385.0	1299.29	51.0	10.37	12.04
PTHR31953	4829.09	4657.65	1877.3	130.55	151.42
PTHR15184	10534.0	10233.99	6917.2	545.91	633.16
PTHR15341	530.0	487.14	12.4	3.91	4.53
PTHR32357	543.0	500.14	36.0	11.04	12.81
PTHR15169	1588.0	1502.28	44.0	10.09	11.7
PTHR12341	8239.7	7939.69	537.0	73.03	84.71
PTHR15160	4437.52	4308.94	640.0	80.96	93.9
PTHR18937	9148.8	8763.09	1318.0	158.73	184.11
PTHR18934	18488.81	17631.69	2724.87	281.05	325.99
PTHR12742	2129.5	2043.78	250.0	37.06	42.98
PTHR12741	731.0	688.14	103.0	22.87	26.53
PTHR19288	5147.0	4889.86	1226.0	135.95	157.68
PTHR12975	3436.0	3221.73	71.0	18.41	21.35
PTHR13902	2777.31	2605.88	508.9	99.82	115.78
PTHR13903	830.55	787.69	132.0	25.57	29.66
PTHR22753	4360.0	4188.56	66.0	9.6	11.13
PTHR30615	684.0	641.14	33.0	7.87	9.13
PTHR22939	14568.56	14011.39	860.0	106.19	123.17
PTHR22938	3664.0	3492.58	215.0	29.95	34.74
PTHR16266	2709.0	2580.42	130.0	25.57	29.67
PTHR30612	6003.0	5874.42	498.0	32.2	37.36
PTHR22932	612.62	569.76	187.0	50.26	58.29
PTHR21228	51563.97	48949.9	6692.98	912.25	1058.04
PTHR13343	5405.0	5147.85	1061.04	160.9	186.63
PTHR12233	2608.0	2565.14	248.0	14.66	17.0
PTHR22936	3545.18	3416.61	614.97	53.68	62.26
PTHR10993	1412.0	1326.29	71.0	14.7	17.04
PTHR31038	726.8	684.05	39.0	8.71	10.1
PTHR13832	25917.41	24674.63	3704.81	575.33	667.27
PTHR21139	1436.92	1394.06	933.0	101.71	117.97
PTHR21136	4642.06	4470.62	1300.47	175.89	204.01
PTHR12526	38457.88	37300.71	9190.25	730.44	847.19
PTHR13124	565.0	522.14	18.0	5.28	6.13
PTHR13120	548.0	505.14	70.0	21.25	24.65
PTHR22809	1551.0	1465.28	24.0	4.28	4.96
PTHR22807	6403.0	5974.48	218.26	35.61	41.3
PTHR20661	249.57	207.06	20.0	15.08	17.49
PTHR10900	17526.52	16926.52	9019.99	1045.45	1212.58
PTHR10906	3444.0	3358.28	3559.18	352.09	408.38
PTHR10909	18573.0	18015.83	3511.31	368.02	426.84
PTHR10055	2429.67	2343.95	321.97	42.34	49.1
PTHR10057	2772.56	2644.17	1345.0	217.68	252.48
PTHR10052	736.0	693.14	5391.47	1188.46	1378.42
PTHR13017	981.0	938.14	92.0	14.94	17.33
PTHR13018	14926.65	14455.24	2837.82	214.81	249.16
PTHR10694	2296.86	2168.33	1291.0	159.3	184.76
PTHR12839	2282.22	2110.83	55.04	14.19	16.48
PTHR10954	979.0	936.14	30.0	4.88	5.66
PTHR12835	2032.0	1946.28	54.0	8.71	10.11
PTHR24031	51916.86	49560.06	18932.88	2166.68	2513.08
PTHR24032	1032.0	989.14	30.0	4.62	5.36
PTHR24349	42779.66	40979.76	7714.6	959.92	1113.32
PTHR24619	1968.0	1882.28	91.0	10.69	12.39
PTHR24343	15247.04	14475.65	4680.42	521.72	605.13
PTHR11472	5731.69	5517.41	183.0	23.23	26.93
PTHR24347	7054.15	6668.54	714.84	111.37	129.16
PTHR11476	4764.0	4635.42	1275.99	88.72	102.9
PTHR11477	1107.0	1021.29	75.0	21.47	24.9
PTHR10438	16402.0	15716.24	7904.74	1430.76	1659.46
PTHR10476	2397.0	2268.44	520.01	98.13	113.82
PTHR11538	3173.0	3087.28	537.03	51.83	60.11
PTHR24290	2107.57	1979.0	145.0	29.36	34.04
PTHR12730	2753.0	2624.42	168.0	29.17	33.83
PTHR23413	849.0	763.35	5536.0	2083.23	2416.21
PTHR23417	4507.72	4379.16	189.0	20.08	23.27
PTHR23416	5082.0	4867.7	842.04	117.06	135.78
PTHR23415	1631.0	1545.28	987.0	171.93	199.41
PTHR12736	1537.26	1494.41	153.0	15.55	18.04
PTHR10871	4428.0	4256.56	6825.02	1594.65	1849.55
PTHR23418	744.0	701.14	283.0	61.66	71.52
PTHR10877	6302.68	5959.86	240.0	50.31	58.38
PTHR31096	5231.12	4888.28	2169.79	388.81	450.96
PTHR11655	2081.0	1952.42	9554.83	2101.93	2437.9
PTHR11652	2311.6	2140.23	7460.24	1724.74	2000.43
PTHR20883	3299.0	3213.28	295.0	30.22	35.04
PTHR11895	8472.59	8086.87	665.0	94.89	110.06
PTHR10277	3245.0	3159.28	1007.0	85.34	98.98
PTHR14027	2837.0	2665.58	181.0	35.79	41.53
PTHR13691	1142.77	1057.06	108.0	30.23	35.06
PTHR11246	5887.0	5715.56	601.84	61.38	71.2
PTHR23180	6955.0	6526.43	706.0	143.48	166.44
PTHR14593	2681.0	2466.74	96.0	30.52	35.39
PTHR11093	3316.0	3230.28	750.0	69.2	80.26
PTHR11096	2734.0	2648.28	75.0	8.66	10.04
PTHR23346	7911.0	7782.42	553.17	25.84	29.97
PTHR10309	1233.0	1190.14	55.0	7.03	8.15
PTHR14107	2210.82	2082.28	206.0	40.52	47.0
PTHR11252	4512.0	4340.56	160.0	20.87	24.21
PTHR11254	13942.28	13428.0	2007.0	246.51	285.91
PTHR11255	2621.35	2535.64	539.0	61.3	71.1
PTHR14110	1682.0	1596.29	113.0	25.54	29.62
PTHR14374	1423.0	1380.14	95.0	10.46	12.13
PTHR18838	2224.0	2095.44	165.03	29.0	33.63
PTHR14534	663.0	620.14	55.0	13.57	15.74
PTHR12687	1197.0	1154.14	66.0	8.7	10.09
PTHR15157	4490.0	4318.58	361.0	48.37	56.1
PTHR18901	9248.95	8863.21	1093.0	141.84	164.5
PTHR12755	1447.31	1361.67	142.0	20.14	23.36
PTHR12750	5278.9	4893.3	397.0	80.02	92.82
PTHR12753	1329.0	1286.14	93.0	10.99	12.75
PTHR15081	883.0	797.3	22.0	8.35	9.68
PTHR15574	8912.02	8483.51	470.0	73.94	85.74
PTHR12506	2733.59	2605.01	644.0	98.87	114.66
PTHR24006	20216.22	19273.48	2021.01	284.4	329.86
PTHR12358	305.0	262.21	0.0	0.0	0.0
PTHR22748	3910.57	3696.27	194.0	39.78	46.13
PTHR12356	1665.55	1579.83	207.0	34.64	40.17
PTHR12221	1276.0	1233.14	151.0	18.62	21.6
PTHR21213	860.0	817.14	320.0	59.74	69.29
PTHR19879	2224.44	2053.06	166.0	40.53	47.0
PTHR12226	1034.0	991.14	181.0	27.81	32.26
PTHR19876	3502.23	3416.53	1270.82	101.84	118.12
PTHR19877	1376.0	1333.14	455.79	51.97	60.28
PTHR31190	1803.81	1718.11	864.4	146.76	170.23
PTHR12538	515.0	472.15	3292.04	1070.39	1241.48
PTHR12537	2209.0	2123.28	619.45	84.28	97.75
PTHR12532	1801.0	1758.14	104.0	8.98	10.42
PTHR13486	1254.0	1211.14	193.0	24.24	28.11
PTHR20275	3934.53	3763.11	672.0	94.61	109.73
PTHR13489	498.0	455.15	4.0	1.35	1.57
PTHR17583	2530.0	2401.43	122.0	25.2	29.23
PTHR24198	13001.7	12444.57	980.0	134.44	155.89
PTHR10048	4718.79	4504.49	812.0	125.17	145.19
PTHR10046	3072.0	2900.56	104.0	21.95	25.45
PTHR10044	964.0	921.14	167.0	27.63	32.05
PTHR11998	5216.22	5001.93	1092.14	151.12	175.27
PTHR13060	846.0	803.14	10.0	1.9	2.2
PTHR10687	1801.0	1715.28	227.0	44.62	51.76
PTHR13069	3198.06	3026.62	128.0	24.56	28.48
PTHR10681	4123.27	3909.01	3883.88	574.64	666.51
PTHR10682	1586.0	1543.14	307.0	30.22	35.05
PTHR10683	4716.46	4587.88	4920.52	423.26	490.92
PTHR12829	1579.0	1450.49	115.0	25.46	29.52
PTHR12820	2704.0	2575.43	262.0	42.38	49.15
PTHR12826	1011.0	968.14	181.0	28.48	33.03
PTHR12827	1950.0	1778.62	16.0	5.42	6.29
PTHR17920	1717.0	1631.33	257.0	30.64	35.53
PTHR10137	1736.0	1693.14	527.16	47.27	54.83
PTHR11405	3210.85	3125.13	2392.15	204.09	236.72
PTHR11404	2937.25	2851.54	5468.0	718.73	833.61
PTHR11406	2397.0	2311.28	14794.42	1433.85	1663.05
PTHR14744	922.0	879.14	29.0	5.03	5.83
PTHR13468	1585.67	1542.82	72.0	7.09	8.22
PTHR23406	9831.0	9573.87	2136.0	173.76	201.53
PTHR23407	1205.82	1162.97	90.0	11.77	13.66
PTHR10869	11474.34	11131.46	2636.61	294.84	341.97
PTHR31717	485.12	442.26	174.0	60.45	70.12
PTHR13393	1238.0	1152.28	112.0	29.91	34.68
PTHR12696	3429.79	3301.21	1475.76	288.26	334.34
PTHR11315	4010.14	3838.71	542.34	67.64	78.44
PTHR10139	1636.0	1550.29	24.0	4.56	5.29
PTHR10264	3830.1	3701.52	2071.93	238.63	276.78
PTHR10263	1585.0	1499.28	1020.01	199.39	231.26
PTHR31155	1108.13	1022.42	35.0	8.99	10.42
PTHR32170	2952.0	2823.42	126.0	20.0	23.2
PTHR23350	1745.0	1659.28	47.0	8.49	9.84
PTHR23354	2582.0	2453.42	246.0	40.71	47.23
PTHR23355	5573.44	5359.14	610.0	84.32	97.79
PTHR23359	7469.88	7169.92	802.16	114.03	132.25
PTHR11227	2874.0	2788.28	155.0	19.51	22.64
PTHR11220	6765.0	6507.84	967.01	114.02	132.25
PTHR11223	4321.0	4192.42	367.41	39.94	46.32
PTHR11229	2497.81	2412.09	711.01	100.44	116.5
PTHR10314	17208.25	16651.07	9254.28	890.79	1033.17
PTHR14303	650.0	607.14	91.0	22.93	26.6
PTHR23308	4409.0	4151.87	548.0	104.13	120.77
PTHR11139	23296.4	22396.49	1675.11	165.47	191.95
PTHR15362	1242.0	1156.28	28.0	7.0	8.12
PTHR11132	18079.05	17393.33	2201.74	264.73	307.06
PTHR11134	3945.0	3859.28	789.0	61.54	71.38
PTHR11136	2026.4	1940.69	83.0	12.45	14.43
PTHR32374	1866.0	1737.43	307.0	85.82	99.55
PTHR31579	5734.0	5305.46	766.0	190.73	221.21
PTHR32379	1031.0	988.14	45.0	6.94	8.05
PTHR18919	1585.0	1499.29	147.0	21.6	25.05
PTHR32002	1321.33	1235.62	159.0	37.57	43.57
PTHR14413	1228.0	1142.29	414.2	95.81	111.12
PTHR22891	1927.58	1799.02	71.0	18.64	21.61
PTHR22893	1703.0	1660.14	163.0	14.91	17.29
PTHR10778	3583.85	3455.28	1161.35	145.46	168.7
PTHR10072	4874.83	4703.39	1051.76	128.67	149.23
PTHR12786	3010.56	2924.84	638.0	65.02	75.41
PTHR12782	1345.0	1259.28	126.0	30.23	35.06
PTHR11214	1255.0	1212.14	92.0	11.54	13.39
PTHR24063	28694.65	27837.53	7296.61	505.68	586.49
PTHR10182	1141.0	1098.14	232.0	32.15	37.29
PTHR13923	3267.0	3095.56	768.96	150.87	175.01
PTHR12321	2839.0	2753.28	471.0	58.15	67.44
PTHR12320	5576.37	5276.41	831.89	166.74	193.38
PTHR12323	1120.0	1034.3	38.0	13.38	15.53
PTHR16201	1857.0	1771.28	92.0	16.0	18.55
PTHR21015	1332.0	1289.14	181.0	21.35	24.76
PTHR16196	1027.0	941.29	83.0	23.19	26.9
PTHR16193	899.0	856.14	21.0	3.74	4.34
PTHR22792	2607.72	2436.32	460.96	102.67	119.06
PTHR22790	1999.0	1913.28	33.0	5.36	6.22
PTHR21680	1520.0	1477.14	265.0	27.26	31.61
PTHR21689	664.0	621.14	23.0	5.66	6.57
PTHR21113	2876.0	2747.43	539.0	77.83	90.27
PTHR19316	693.0	607.34	22.0	11.57	13.42
PTHR21663	2353.0	2224.43	60.0	11.95	13.86
PTHR13253	5472.0	5171.98	734.81	149.66	173.57
PTHR22603	1856.0	1727.45	53.0	14.49	16.8
PTHR21206	840.0	797.14	34.0	6.51	7.55
PTHR13789	12304.3	11747.21	3499.06	276.31	320.5
PTHR10071	2086.96	1915.55	163.0	50.14	58.16
PTHR24188	5175.0	5046.42	1046.02	86.13	99.89
PTHR13780	5583.1	5283.09	1615.96	262.71	304.69
PTHR10670	6519.0	6261.85	155.0	22.54	26.15
PTHR10677	1550.0	1464.28	390.0	79.41	92.09
PTHR13078	1967.23	1881.54	58.0	12.67	14.7
PTHR12815	5435.86	5264.42	1032.0	100.56	116.63
PTHR12814	1397.0	1311.28	193.0	45.43	52.7
PTHR24361	9444.65	9101.8	1604.0	179.15	207.79
PTHR24362	7441.63	7055.92	4116.84	445.37	516.57
PTHR10416	1706.61	1578.13	56.0	15.33	17.79
PTHR10410	4005.0	3876.42	628.29	73.17	84.87
PTHR10783	6578.79	6235.98	4944.73	489.34	567.58
PTHR10782	1177.0	1134.14	82.0	11.0	12.76
PTHR13476	2518.47	2432.79	257.0	31.55	36.58
PTHR10788	8144.43	7930.14	1953.94	187.17	217.09
PTHR10891	8233.42	7847.68	6539.02	961.33	1115.02
PTHR10890	2461.0	2375.28	290.16	33.74	39.14
PTHR20426	1110.57	1067.72	103.0	14.68	17.03
PTHR23213	2645.0	2473.56	203.0	50.45	58.51
PTHR10520	4945.0	4816.42	1278.96	95.47	110.73
PTHR10250	1465.0	1379.28	1457.0	322.23	373.74
PTHR10527	11559.4	11259.38	1712.66	132.78	153.99
PTHR10099	5006.0	4963.14	1991.19	60.73	70.44
PTHR31385	5153.99	4982.55	1623.15	133.1	154.37
PTHR10091	1342.0	1299.14	89.0	10.42	12.08
PTHR31142	1664.0	1621.14	620.84	58.16	67.46
PTHR31140	551.97	509.11	53.0	15.96	18.52
PTHR11787	2831.74	2746.03	516.0	45.86	53.19
PTHR11785	13456.0	13198.84	3490.83	203.74	236.3
PTHR11782	6517.11	6217.13	429.0	62.33	72.31
PTHR31419	711.0	668.14	19.0	4.35	5.04
PTHR11780	1981.0	1938.14	2054.15	160.83	186.54
PTHR23151	7272.79	6844.23	2132.41	372.15	431.63
PTHR21141	2987.0	2772.79	16998.09	5183.75	6012.31
PTHR32148	4358.57	4144.3	1398.99	193.82	224.8
PTHR23324	6149.06	5977.62	1029.96	95.75	111.06
PTHR23326	3334.0	3205.42	1042.98	169.25	196.3
PTHR23321	830.0	787.14	56.0	10.86	12.59
PTHR23323	4372.32	4115.21	456.0	89.74	104.07
PTHR23322	3424.0	3209.73	476.0	112.65	130.65
PTHR23329	1769.0	1640.44	58.0	14.27	16.56
PTHR11236	2739.0	2610.42	346.85	52.13	60.47
PTHR20932	3652.0	3523.42	508.0	49.14	57.0
PTHR10322	9830.0	9444.27	555.0	77.41	89.78
PTHR11239	963.0	877.29	94.0	31.99	37.1
PTHR10555	6846.0	6588.85	692.0	81.79	94.85
PTHR31964	9914.94	9614.92	2811.64	375.15	435.09
PTHR23030	3742.88	3657.17	1863.74	141.92	164.62
PTHR11129	2248.9	2120.37	245.0	51.13	59.31
PTHR11122	5228.87	5057.43	1505.78	155.06	179.84
PTHR15316	2419.0	2247.57	475.99	130.25	151.07
PTHR11127	581.0	538.14	5437.12	1548.26	1795.73
PTHR11125	2229.0	2143.28	144.0	17.44	20.23
PTHR31566	1674.0	1631.14	134.96	12.57	14.57
PTHR31567	1245.0	1202.14	1131.13	143.13	166.0
PTHR31561	8802.51	8288.44	2344.96	222.14	257.67
PTHR15137	496.0	453.15	17.0	5.76	6.68
PTHR15954	898.0	812.31	43.0	16.38	19.0
PTHR15952	3943.0	3728.71	286.0	52.52	60.91
PTHR21597	2302.0	2216.28	153.0	21.46	24.89
PTHR19271	3894.71	3766.13	157.0	14.5	16.82
PTHR22931	14195.75	13681.67	17742.19	1143.17	1325.9
PTHR11361	15522.28	14922.36	595.99	59.87	69.44
PTHR12029	4452.0	4109.18	139.0	31.42	36.44
PTHR21220	1363.0	1320.14	226.55	26.09	30.26
PTHR31588	1742.31	1656.61	562.99	104.54	121.25
PTHR22780	2657.0	2571.29	404.0	39.7	46.04
PTHR21477	1556.81	1471.09	123.0	22.15	25.69
PTHR19308	3253.0	3124.42	1743.81	212.19	246.1
PTHR19306	3682.0	3596.28	212.0	16.84	19.52
PTHR16301	2175.0	2046.43	36.0	6.7	7.77
PTHR13265	1136.0	1093.14	49.0	6.82	7.91
PTHR22870	27717.58	26774.8	7955.37	695.16	806.28
PTHR17630	6860.49	6689.06	781.99	55.91	64.84
PTHR10064	562.1	519.26	4717.45	1392.73	1615.35
PTHR10066	10986.0	10685.98	6764.85	349.6	405.45
PTHR10060	2186.0	2014.58	61.0	17.49	20.29
PTHR10663	14139.0	13538.99	1296.0	185.88	215.58
PTHR10666	1783.81	1655.24	17271.87	4406.19	5110.48
PTHR10668	9882.39	9410.94	968.02	167.38	194.16
PTHR12801	2897.63	2726.2	274.02	56.03	65.0
PTHR12802	4217.0	4045.58	192.0	26.43	30.65
PTHR12805	1234.0	1148.29	67.0	17.65	20.46
PTHR12806	1024.0	981.14	77.0	11.95	13.87
PTHR21091	7708.59	7408.58	2326.19	274.78	318.69
PTHR21090	1816.0	1773.14	692.01	59.25	68.72
PTHR12281	2328.0	2242.28	169.0	21.35	24.76
PTHR13734	3010.0	2881.43	343.0	61.48	71.3
PTHR24315	953.0	910.14	282.0	47.22	54.77
PTHR24314	2319.08	2147.84	243.99	50.06	58.06
PTHR11933	1687.0	1558.43	53.0	14.94	17.33
PTHR24316	4843.19	4628.92	1043.12	130.36	151.2
PTHR11426	1962.0	1876.28	1105.0	177.26	205.59
PTHR11937	8625.82	8197.29	7659.34	1750.62	2030.45
PTHR11938	17882.0	17539.12	7447.1	323.92	375.7
PTHR13683	8334.11	7905.59	1329.56	263.83	306.01
PTHR24089	39494.77	37609.25	19322.73	2410.3	2795.57
PTHR10796	4195.0	4066.43	278.0	31.83	36.91
PTHR10794	3402.27	3273.69	269.0	37.74	43.76
PTHR10795	14438.59	13924.35	2009.05	189.97	220.36
PTHR10792	586.0	543.14	3970.3	1120.03	1299.06
PTHR10799	56867.01	54295.92	4217.71	529.58	614.25
PTHR10882	866.0	823.14	68.0	12.6	14.62
PTHR10887	18500.41	17471.92	1213.02	182.1	211.2
PTHR11686	2019.0	1890.42	47.0	11.27	13.07
PTHR11685	4638.66	4467.28	298.0	38.85	45.07
PTHR11680	3311.91	3140.49	3295.44	357.37	414.49
PTHR24221	18303.31	17746.15	1352.05	138.4	160.52
PTHR24220	7122.0	6864.84	1606.0	177.21	205.54
PTHR24223	27978.37	27164.04	40112.8	2713.68	3147.44
PTHR11689	11130.0	10787.12	1149.75	122.48	142.06
PTHR10252	2051.0	1879.58	89.0	26.31	30.52
PTHR10537	1738.0	1695.14	62.0	5.55	6.44
PTHR31173	3687.0	3515.6	171.0	23.21	26.93
PTHR10997	12342.0	12041.98	863.99	65.03	75.41
PTHR31606	644.0	601.14	86.0	21.89	25.39
PTHR31356	2765.0	2679.28	3464.8	408.39	473.67
PTHR31352	7248.05	6990.91	1757.62	168.08	194.96
PTHR31350	3617.0	3488.42	90.0	12.73	14.77
PTHR11758	623.0	580.14	4043.7	1067.11	1237.67
PTHR23333	1227.0	1184.14	232.0	29.8	34.57
PTHR11203	4393.32	4221.89	557.0	62.11	72.04
PTHR11753	2396.0	2267.42	591.99	117.4	136.17
PTHR11200	14012.88	13498.65	1456.0	146.62	170.08
PTHR24423	5500.28	5328.85	713.0	80.14	92.96
PTHR11206	14722.29	14122.72	842.0	83.37	96.68
PTHR11757	9145.0	8802.16	774.12	50.66	58.75
PTHR24420	51191.16	49862.67	5146.22	418.71	485.66
PTHR10332	5800.0	5628.57	1120.0	95.44	110.69
PTHR32557	992.0	949.14	167.95	26.96	31.27
PTHR14145	2949.0	2863.28	851.0	88.18	102.28
PTHR13600	4651.44	4437.16	407.95	56.86	65.96
PTHR31384	1997.91	1912.2	84.0	12.07	14.01
PTHR15744	1319.84	1234.13	113.0	27.35	31.73
PTHR23029	7657.07	7399.93	1843.2	155.06	179.84
PTHR23023	3139.0	2924.72	69.0	17.45	20.24
PTHR21294	1602.0	1559.14	508.36	49.53	57.44
PTHR11119	2835.0	2706.43	57.0	8.49	9.86
PTHR31595	3881.66	3667.37	354.0	58.64	68.02
PTHR31596	1813.0	1770.14	85.0	7.29	8.45
PTHR21290	916.0	873.14	21.0	3.67	4.25
PTHR15948	1348.0	1262.29	74.0	18.78	21.79
PTHR31412	3794.0	3708.28	810.0	63.38	73.51
PTHR32026	1319.0	1276.14	266.0	31.69	36.76
PTHR31829	1129.0	1086.14	1557.99	218.34	253.24
PTHR14898	1357.05	1314.2	156.0	18.05	20.93
PTHR19241	37477.72	35763.56	4984.01	748.51	868.11
PTHR15239	3415.42	3244.0	298.0	46.43	53.86
PTHR19854	4090.5	3919.07	384.64	55.04	63.84
PTHR32497	3914.0	3785.42	522.0	74.53	86.43
PTHR12497	2185.0	2013.57	94.0	28.42	32.97
PTHR12302	1543.0	1500.14	1253.02	126.9	147.18
PTHR12652	2228.0	2185.14	543.97	37.76	43.8
PTHR12304	1193.0	1150.14	21.0	2.78	3.22
PTHR30540	2168.0	2082.29	69.0	10.93	12.69
PTHR30544	4643.22	4428.92	238.0	39.56	45.89
PTHR13302	2405.0	2233.6	222.0	51.53	59.77
PTHR12472	1222.0	1136.3	31.0	6.7	7.77
PTHR13308	978.0	935.14	941.0	153.33	177.84
PTHR12477	2548.12	2419.55	185.0	30.93	35.87
PTHR13878	9882.0	9453.43	1076.0	83.0	96.27
PTHR21461	3876.0	3747.42	444.0	47.71	55.34
PTHR13872	6040.02	5740.08	3709.36	1002.42	1162.64
PTHR23327	3973.0	3758.71	634.0	101.71	117.96
PTHR22849	5021.34	4721.33	776.99	154.81	179.57
PTHR21314	1027.0	984.14	76.0	11.76	13.64
PTHR13271	17881.39	17067.14	2233.45	347.42	402.92
PTHR22841	3878.0	3663.72	256.0	46.17	53.55
PTHR13273	1056.0	1013.14	282.02	42.39	49.17
PTHR22847	21793.57	20850.75	2212.28	341.67	396.28
PTHR22846	2370.0	2284.28	387.0	48.65	56.43
PTHR22844	9563.0	9220.14	918.1	109.98	127.55
PTHR13890	5026.92	4726.92	726.0	144.49	167.59
PTHR23284	1406.0	1363.14	68.0	7.58	8.79
PTHR21266	14946.6	14346.64	2678.06	256.49	297.5
PTHR12271	2724.0	2638.28	161.0	17.36	20.14
PTHR21262	5467.0	5167.0	1160.04	174.43	202.32
PTHR12276	1078.0	992.32	86.25	19.16	22.22
PTHR10657	1538.0	1409.44	190.0	63.29	73.4
PTHR16557	348.0	305.17	4.0	2.03	2.35
PTHR10655	414.0	371.15	2.0	0.83	0.96
PTHR10652	1290.0	1204.28	281.0	69.0	80.04
PTHR17972	3453.77	3282.36	311.0	59.43	68.93
PTHR21085	1224.0	1181.14	215.0	27.69	32.12
PTHR11922	4524.0	4352.56	1120.36	127.64	148.05
PTHR11926	6321.16	6064.04	404.0	43.26	50.18
PTHR11431	1990.0	1947.14	1311.22	102.19	118.52
PTHR10430	3804.45	3633.03	2753.29	379.7	440.4
PTHR10436	5501.0	5115.4	290.0	68.88	79.91
PTHR10434	1159.0	1116.14	46.0	6.27	7.27
PTHR24096	19628.68	18857.26	3306.87	356.86	413.86
PTHR13693	6169.0	5954.7	502.0	54.65	63.37
PTHR24095	11408.76	10980.22	8066.49	491.01	569.49
PTHR24092	9896.06	9553.21	971.78	129.74	150.49
PTHR24093	54787.71	52430.87	16833.85	1807.09	2095.89
PTHR13451	1609.0	1566.14	80.0	7.76	9.0
PTHR13452	1004.0	918.29	125.0	37.97	44.05
PTHR10759	583.0	540.14	3517.76	997.95	1157.46
PTHR12901	784.0	741.14	135.0	27.81	32.26
PTHR12903	660.0	617.14	33.0	8.18	9.49
PTHR23237	935.0	892.14	195.0	33.32	38.64
PTHR10501	619.0	576.14	106.04	28.18	32.68
PTHR31169	663.0	620.14	9.0	2.22	2.57
PTHR12277	3411.0	3282.42	428.0	58.88	68.3
PTHR14087	510.0	467.15	16.0	5.26	6.1
PTHR23309	3633.0	3547.28	2252.22	181.93	211.0
PTHR14085	1918.0	1875.14	124.0	10.04	11.64
PTHR31344	2320.64	2234.92	123.0	18.58	21.55
PTHR31619	1937.0	1894.14	1745.0	139.81	162.16
PTHR23306	1209.0	1123.29	90.0	23.63	27.41
PTHR23305	2073.96	1988.24	1334.14	151.86	176.14
PTHR14089	1949.0	1863.28	192.01	24.18	28.05
PTHR11748	9497.43	9283.14	3513.67	193.0	223.85
PTHR11742	3317.0	3145.6	182.14	29.75	34.51
PTHR11216	5379.0	5121.84	558.01	70.3	81.53
PTHR11210	1646.0	1560.29	324.56	52.87	61.33
PTHR14154	4831.0	4573.86	1368.09	263.07	305.1
PTHR14155	2294.0	2165.43	142.04	34.45	39.96
PTHR10343	3922.0	3750.56	359.0	62.89	72.94
PTHR11699	10774.0	10473.99	2206.6	188.84	219.04
PTHR11692	2029.0	1986.14	341.0	26.05	30.22
PTHR11693	1356.0	1313.14	3519.94	407.53	472.67
PTHR11695	17465.86	16780.21	2677.42	316.77	367.41
PTHR31760	375.0	332.16	5.0	2.32	2.7
PTHR31840	311.0	268.2	16.0	9.25	10.73
PTHR31906	8997.89	8612.15	729.0	98.45	114.17
PTHR21419	1735.0	1692.14	490.0	43.97	51.0
PTHR23012	10859.56	10430.98	6031.96	636.43	738.16
PTHR11101	8623.22	8408.99	3065.05	183.26	212.56
PTHR11102	3860.0	3688.61	401.0	88.03	102.09
PTHR11106	1475.0	1432.14	141.0	14.96	17.35
PTHR31585	1148.0	1062.29	73.0	19.93	23.12
PTHR32125	1689.0	1603.28	74.0	14.22	16.49
PTHR32120	660.0	617.14	13.0	3.22	3.74
PTHR15680	756.0	713.14	79.0	16.92	19.63
PTHR11374	2727.0	2684.14	1890.22	106.75	123.81
PTHR11808	4051.0	3965.28	919.93	53.16	61.66
PTHR26312	2125.65	1997.07	124.69	24.69	28.65
PTHR12000	3589.0	3460.43	412.26	41.82	48.51
PTHR18895	5197.0	4982.71	208.0	26.7	30.98
PTHR12486	310.0	267.2	6.0	3.48	4.04
PTHR12480	3356.0	3227.43	251.0	25.77	29.9
PTHR12482	2648.0	2476.57	59.0	11.26	13.07
PTHR11042	3192.21	3020.82	184.0	28.94	33.57
PTHR12317	11480.0	11137.12	1474.0	169.28	196.36
PTHR12649	1133.0	1047.3	76.0	17.3	20.07
PTHR13992	1010.0	967.14	99.0	15.59	18.09
PTHR12461	5506.89	5164.07	256.0	60.77	70.49
PTHR12466	1409.0	1323.28	99.01	22.83	26.47
PTHR10098	850.74	807.89	229.03	43.25	50.16
PTHR13847	10098.79	9670.3	2331.08	365.29	423.67
PTHR22854	2025.0	1939.28	427.52	54.15	62.82
PTHR12001	2508.0	2422.29	361.94	32.1	37.22
PTHR21327	2131.31	2045.6	310.0	47.51	55.1
PTHR21631	7053.25	6838.97	13837.92	1056.15	1224.97
PTHR22855	4745.8	4617.23	2016.59	220.43	255.67
PTHR22850	7916.0	7658.85	1301.0	157.24	182.37
PTHR22504	1275.0	1232.14	556.0	68.63	79.6
PTHR12189	1077.0	1034.14	90.0	13.25	15.37
PTHR21256	3501.0	3415.28	524.06	46.23	53.63
PTHR12265	721.14	678.28	16.0	3.61	4.18
PTHR12266	2729.53	2600.95	143.0	23.64	27.42
PTHR10648	5061.21	4932.66	1546.0	180.26	209.07
PTHR30178	665.16	622.31	3831.39	941.8	1092.34
PTHR10641	13600.32	12786.15	1429.0	322.7	374.32
PTHR10644	8696.0	8353.2	866.0	77.88	90.32
PTHR12864	4445.0	4230.71	320.95	52.61	61.02
PTHR12860	2162.0	2119.14	304.01	21.76	25.24
PTHR13194	3726.43	3512.14	302.0	52.07	60.4
PTHR13190	407.0	364.15	14.0	5.93	6.87
PTHR13193	487.0	444.15	37.0	12.8	14.85
PTHR11913	1090.27	1047.42	418.0	60.76	70.47
PTHR11911	6979.0	6807.56	4512.26	556.05	644.93
PTHR11910	1744.0	1658.28	7377.55	1352.68	1568.89
PTHR14950	964.7	921.84	43.0	7.11	8.24
PTHR11918	4955.0	4740.71	396.0	53.19	61.69
PTHR12919	714.0	671.14	454.0	103.39	119.92
PTHR12910	894.0	851.14	575.0	103.02	119.49
PTHR12917	2083.0	1997.28	134.0	20.45	23.72
PTHR11879	4955.0	4783.56	1482.0	141.24	163.82
PTHR11351	3853.19	3638.94	205.0	43.06	49.94
PTHR11353	18918.03	18189.52	6492.42	765.2	887.52
PTHR11599	14014.0	13456.82	5007.75	739.24	857.42
PTHR10516	16928.1	16113.77	6540.89	1447.54	1678.86
PTHR11592	1720.0	1591.43	480.0	122.03	141.54
PTHR11659	1719.0	1676.14	253.0	22.92	26.58
PTHR31098	6203.0	6117.28	5257.38	171.4	198.8
PTHR23315	6460.28	6288.84	1774.83	288.26	334.34
PTHR23316	5872.0	5743.42	896.12	54.47	63.18
PTHR11778	1348.0	1305.14	78.99	9.2	10.67
PTHR11774	3154.0	3068.28	316.01	28.03	32.51
PTHR11773	3408.0	3365.14	2958.73	133.2	154.49
PTHR11772	5636.5	5422.2	2827.07	350.18	406.14
PTHR10357	16086.25	15743.39	7878.98	362.66	420.61
PTHR10353	11969.44	11669.42	3701.4	276.13	320.27
PTHR10350	2882.0	2710.59	124.0	23.13	26.82
PTHR10351	5845.0	5673.62	883.99	144.6	167.71
PTHR10359	1078.18	992.47	11.0	3.55	4.11
PTHR31750	1356.0	1270.29	153.0	33.05	38.33
PTHR14189	761.0	675.33	86.0	42.41	49.18
PTHR32228	999.0	956.14	11.0	1.75	2.03
PTHR31245	628.0	585.14	134.0	35.06	40.66
PTHR23001	1826.0	1740.28	484.06	84.28	97.76
PTHR23002	823.0	780.14	25.0	4.89	5.67
PTHR11177	1128.0	1042.31	20.03	5.92	6.86
PTHR10445	1421.15	1335.43	181.43	39.16	45.42
PTHR11178	3282.0	3153.42	1012.93	151.17	175.34
PTHR14456	938.0	852.31	12.0	4.49	5.21
PTHR31808	1868.0	1739.45	301.29	75.87	87.99
PTHR31803	1768.0	1682.29	334.99	65.81	76.33
PTHR11009	2106.0	2020.28	383.12	51.24	59.43
PTHR30075	948.0	905.14	55.0	9.26	10.74
PTHR19229	7770.72	7470.73	623.0	69.23	80.29
PTHR11482	7555.0	7383.56	3378.23	266.02	308.54
PTHR11005	9859.43	9473.73	1238.0	172.68	200.28
PTHR11006	6081.73	5867.44	1363.0	153.57	178.11
PTHR18640	3877.4	3663.14	193.0	29.06	33.71
PTHR18866	18715.98	18373.11	8249.56	317.7	368.49
PTHR12022	852.0	809.14	782.98	147.63	171.23
PTHR15074	510.0	467.15	17.0	5.59	6.48
PTHR15588	1365.44	1279.72	195.0	46.38	53.8
PTHR12677	4374.41	4160.11	430.09	79.99	92.76
PTHR19134	2601.65	2473.1	943.0	98.79	114.57
PTHR19139	1681.0	1595.28	1113.0	212.03	245.92
PTHR30566	3538.84	3410.28	415.0	54.09	62.73
PTHR12459	1096.57	1053.72	91.28	13.19	15.29
PTHR12456	913.14	827.44	20.0	7.4	8.58
PTHR12452	790.09	747.24	90.0	18.39	21.33
PTHR11632	7366.0	7237.42	1932.7	123.24	142.95
PTHR12072	3189.0	3017.57	308.0	53.26	61.77
PTHR13218	566.0	523.14	36.0	10.55	12.24
PTHR13215	570.0	527.14	5.0	1.45	1.69
PTHR13213	796.0	710.34	15.0	5.95	6.89
PTHR12290	1953.0	1867.28	250.99	39.7	46.05
PTHR21530	2807.0	2592.82	119.0	41.47	48.09
PTHR12295	3233.0	3018.82	108.0	24.93	28.92
PTHR12298	1813.59	1727.87	352.0	50.37	58.42
PTHR10638	6751.62	6580.19	1752.05	105.37	122.2
PTHR10631	4339.0	4167.58	344.0	40.56	47.05
PTHR10984	5881.28	5666.99	895.01	109.63	127.16
PTHR13501	1118.0	1032.29	410.0	99.83	115.78
PTHR13505	822.0	779.14	130.0	25.46	29.53
PTHR12856	446.91	404.06	24.0	9.14	10.6
PTHR12855	1744.0	1658.28	308.0	54.04	62.68
PTHR12854	978.0	935.14	382.0	62.25	72.2
PTHR13182	1686.0	1600.28	178.0	34.14	39.59
PTHR10743	1143.96	1101.11	160.0	22.12	25.65
PTHR10742	15324.79	14724.8	1580.96	157.45	182.63
PTHR10745	2852.0	2766.28	885.0	62.69	72.7
PTHR10744	1698.0	1569.47	13837.4	6005.1	6964.96
PTHR10746	1776.0	1690.28	1037.9	182.24	211.37
PTHR11099	2539.0	2496.14	152.0	9.23	10.71
PTHR12924	1954.85	1911.99	2264.97	179.78	208.51
PTHR11349	1658.0	1572.28	2304.59	563.12	653.12
PTHR10566	20477.47	19448.93	1804.43	258.7	300.05
PTHR10293	4148.0	3933.72	643.0	127.28	147.63
PTHR10291	1765.43	1636.87	60.0	15.46	17.95
PTHR11584	10200.07	9942.92	1549.0	118.53	137.47
PTHR11586	1415.0	1329.28	124.99	28.4	32.94
PTHR11909	4975.04	4803.66	3180.57	253.85	294.43
PTHR24320	7712.0	7369.12	388.0	64.45	74.74
PTHR24322	15402.03	14759.17	3075.01	363.06	421.12
PTHR11907	846.0	803.14	63.0	11.97	13.88
PTHR11760	881.0	838.14	7046.77	1282.3	1487.27
PTHR11761	1550.82	1465.1	6168.06	1720.75	1995.8
PTHR11766	1703.37	1660.51	117.0	10.7	12.41
PTHR11767	3360.65	3274.93	246.0	23.24	26.96
PTHR10361	1432.0	1389.14	318.0	34.79	40.35
PTHR10366	24439.34	23539.33	6811.49	753.21	873.54
PTHR10169	8687.0	8344.16	930.13	111.25	129.04
PTHR10168	3057.0	2885.56	258.0	42.99	49.86
PTHR20973	462.0	419.15	3.0	1.1	1.28
PTHR10165	583.0	540.14	11.0	3.12	3.62
PTHR31032	1629.0	1586.14	2603.99	249.35	289.2
PTHR23257	88095.03	84366.89	22228.55	2358.42	2735.38
PTHR13743	1626.11	1540.42	277.0	50.25	58.29
PTHR23253	1348.0	1262.29	450.33	105.63	122.52
PTHR14190	2378.0	2292.28	261.0	36.26	42.05
PTHR14194	6966.57	6666.55	864.0	156.8	181.87
PTHR31251	805.0	762.14	18.0	3.61	4.18
PTHR23074	8412.57	7941.22	1608.46	300.45	348.48
PTHR23077	5506.0	5120.34	238.0	53.61	62.17
PTHR23076	10101.84	9673.37	1244.83	193.31	224.22
PTHR12561	888.0	845.14	82.0	14.8	17.16
PTHR23073	5587.0	5287.0	2660.45	558.74	648.04
PTHR23078	2296.0	2253.14	240.0	16.16	18.74
PTHR10804	15020.06	14420.05	3118.21	369.23	428.25
PTHR11165	840.0	797.14	959.0	183.57	212.91
PTHR32100	1168.0	1125.14	98.0	13.25	15.37
PTHR14445	1179.03	1093.34	215.0	71.17	82.55
PTHR23109	4426.6	4340.88	774.76	32.64	37.86
PTHR31811	1170.99	1085.3	190.0	45.25	52.48
PTHR23102	1356.0	1270.29	48.0	11.97	13.89
PTHR23105	7475.1	7132.3	21479.79	5741.15	6658.82
PTHR11010	3212.0	3040.56	176.0	35.82	41.54
PTHR11014	5863.23	5648.94	1311.0	150.33	174.37
PTHR12668	2111.0	1982.42	678.98	156.6	181.63
PTHR12661	1245.0	1202.14	103.0	13.03	15.12
PTHR12663	3547.93	3419.35	262.0	38.18	44.28
PTHR12664	737.0	694.14	67.0	14.75	17.1
PTHR16166	17419.2	16390.72	1483.85	335.55	389.19
PTHR12446	2028.0	1856.59	60.0	19.04	22.08
PTHR12447	2178.0	2092.28	227.0	34.35	39.85
PTHR15481	749.0	706.14	70.0	15.14	17.56
PTHR26379	595.0	552.14	133.0	36.9	42.8
PTHR12599	1451.0	1365.29	262.0	51.85	60.15
PTHR12596	4251.0	4122.46	379.05	19.33	22.42
PTHR12590	637.0	594.14	14.0	3.61	4.18
PTHR12066	1662.0	1576.29	36.0	6.12	7.1
PTHR12064	6851.74	6594.6	388.0	48.75	56.55
PTHR13226	3405.0	3276.42	185.0	27.24	31.61
PTHR13889	1796.0	1753.14	569.0	49.27	57.15
PTHR13887	922.45	879.59	251.0	43.5	50.46
PTHR21181	451.0	408.15	61.0	23.0	26.67
PTHR13948	1350.0	1264.28	63.0	15.62	18.12
PTHR12146	565.0	522.14	4132.0	1213.15	1407.06
PTHR10458	638.0	595.14	46.0	11.83	13.72
PTHR21506	2112.0	1983.47	94.0	17.86	20.73
PTHR12280	2690.48	2519.06	107.0	35.19	40.82
PTHR12286	3371.0	3285.28	159.0	14.89	17.27
PTHR22983	3216.76	3045.33	189.0	40.03	46.42
PTHR22981	7132.87	6918.58	2240.0	247.67	287.26
PTHR30191	3495.0	3452.14	4461.02	195.76	227.05
PTHR13082	367.0	324.16	17.0	8.1	9.4
PTHR10629	9371.0	8985.27	773.0	85.15	98.74
PTHR10994	6285.0	6027.85	2336.09	312.54	362.5
PTHR10996	6639.01	6424.72	3674.78	350.98	407.06
PTHR10625	15336.25	14650.51	2036.9	264.12	306.32
PTHR10992	32820.59	31320.66	3591.31	485.59	563.22
PTHR17695	3107.53	2936.14	148.0	21.85	25.34
PTHR12848	5110.0	4938.57	654.02	77.61	90.04
PTHR12849	1501.0	1415.29	207.0	43.31	50.24
PTHR10943	4220.0	4091.42	1032.0	121.42	140.84
PTHR12847	1684.0	1555.43	75.0	22.95	26.62
PTHR21349	1287.0	1201.28	509.0	116.06	134.62
PTHR21347	2089.0	2046.14	454.0	33.66	39.04
PTHR19861	868.0	825.14	34.0	6.29	7.29
PTHR21343	747.0	661.32	2.0	0.93	1.08
PTHR10196	5337.23	5165.79	448.0	40.61	47.11
PTHR10192	1947.68	1861.97	185.32	30.07	34.87
PTHR10751	6220.46	6006.17	594.0	73.33	85.04
PTHR10755	3311.0	3225.28	1099.91	92.11	106.82
PTHR10758	2855.6	2769.9	1073.0	108.76	126.14
PTHR13152	1530.0	1444.28	151.0	32.02	37.13
PTHR12932	2806.94	2678.37	1197.0	171.08	198.42
PTHR12934	1630.0	1544.28	914.7	159.93	185.48
PTHR11451	8780.0	8565.7	1638.21	138.26	160.36
PTHR10288	6988.41	6688.49	2904.86	369.27	428.29
PTHR11800	2444.0	2358.28	329.0	41.38	47.99
PTHR11802	9360.43	9017.56	1387.0	149.8	173.73
PTHR11804	12539.7	12153.97	1124.47	101.75	118.02
PTHR11807	915.89	873.03	22.0	3.84	4.46
PTHR10281	1514.0	1428.29	193.0	33.81	39.21
PTHR10283	22081.4	21567.12	10770.56	742.03	860.64
PTHR10285	6080.74	5866.46	5068.63	592.43	687.13
PTHR10286	3232.0	3103.42	3861.75	563.48	653.54
PTHR11579	2681.6	2553.02	454.0	84.5	98.01
PTHR13718	3123.41	3037.7	8212.03	1295.19	1502.22
PTHR13711	4157.0	3899.89	206.0	50.05	58.05
PTHR13710	7858.4	7387.09	195.0	35.41	41.09
PTHR11977	538.0	495.14	190.0	58.87	68.28
PTHR22970	2277.0	2234.14	309.0	20.98	24.33
PTHR11972	847.0	804.14	5.0	0.95	1.1
PTHR31480	1102.0	1059.14	161.0	23.14	26.84
PTHR31485	3822.0	3693.42	362.98	39.08	45.33
PTHR11715	1050.05	1007.2	1114.0	168.44	195.36
PTHR11717	1403.73	1318.02	46.0	11.9	13.8
PTHR11711	5730.6	5473.45	5950.46	1022.49	1185.93
PTHR11712	7984.48	7684.49	1429.04	151.55	175.75
PTHR10374	2329.0	2243.28	543.03	66.3	76.91
PTHR10178	10791.0	10619.56	803.0	41.06	47.64
PTHR20961	5777.52	5606.08	445.98	46.97	54.48
PTHR10173	4030.0	3815.7	871.0	170.59	197.85
PTHR10177	10491.84	10063.27	3236.08	292.7	339.48
PTHR10174	11010.42	10581.86	3878.3	420.92	488.2
PTHR23249	771.96	729.11	99.0	20.74	24.05
PTHR23244	11738.82	11096.08	641.2	102.59	119.01
PTHR23245	1549.0	1463.28	104.99	22.23	25.79
PTHR23240	4361.0	4146.71	96.0	16.49	19.12
PTHR14614	5872.31	5615.46	457.07	50.54	58.61
PTHR31268	2923.0	2794.44	334.01	47.62	55.23
PTHR31262	1827.0	1698.45	51627.65	9948.99	11539.22
PTHR23063	4765.0	4636.42	678.99	66.72	77.38
PTHR11620	578.0	535.14	4710.67	1349.02	1564.64
PTHR11624	5735.16	5606.59	11878.46	825.87	957.88
PTHR11627	2836.0	2707.48	1299.06	153.77	178.35
PTHR11390	3686.24	3429.16	205.02	57.35	66.51
PTHR31620	2429.0	2300.49	1063.63	158.36	183.67
PTHR31319	2644.0	2558.28	942.0	88.29	102.41
PTHR14052	586.0	543.14	1.0	0.28	0.33
PTHR32118	1672.0	1629.14	1195.08	111.4	129.21
PTHR14152	378.0	335.16	7.0	3.22	3.74
PTHR23117	3538.0	3323.71	456.0	95.19	110.42
PTHR23115	36578.09	35292.37	69314.3	6229.22	7224.9
PTHR11028	1872.0	1829.14	834.02	69.21	80.27
PTHR12111	2792.0	2706.28	145.0	16.09	18.67
PTHR11024	1761.0	1675.29	303.0	38.16	44.25
PTHR12841	836.0	793.14	130.0	25.01	29.01
PTHR11777	6230.0	6015.7	1368.16	123.32	143.03
PTHR12616	2464.48	2378.78	412.0	47.76	55.4
PTHR12613	1210.0	1167.14	153.0	19.94	23.13
PTHR12612	814.0	771.14	474.0	93.82	108.81
PTHR32060	5514.49	5300.19	406.0	47.31	54.87
PTHR12126	2759.0	2673.28	744.0	81.85	94.93
PTHR12124	3786.53	3572.31	193.0	28.18	32.7
PTHR22734	2706.15	2620.44	234.0	28.6	33.18
PTHR12121	7333.73	6862.38	1018.0	112.48	130.47
PTHR12438	1253.88	1168.21	54.0	13.87	16.09
PTHR15492	1147.18	1104.32	79.0	10.89	12.63
PTHR21426	419.0	376.15	5.0	2.05	2.38
PTHR21427	517.0	474.14	9.0	2.91	3.38
PTHR19372	1954.0	1911.14	366.0	29.06	33.71
PTHR19370	7254.0	6996.84	1644.9	208.47	241.78
PTHR19376	13100.06	12714.34	1369.09	161.57	187.39
PTHR19375	4401.0	4229.56	866.01	116.69	135.34
PTHR12725	2141.0	2055.28	132.0	19.66	22.81
PTHR22884	18093.81	17193.82	1430.99	221.94	257.41
PTHR22883	7197.59	6940.44	704.0	91.9	106.58
PTHR22880	7756.0	7370.32	625.0	91.91	106.59
PTHR12542	3045.71	3002.85	701.3	35.39	41.05
PTHR12547	3426.0	3297.42	393.0	76.84	89.12
PTHR12436	3147.0	3018.42	294.0	50.07	58.08
PTHR21512	1089.08	1046.22	111.0	16.15	18.74
PTHR19980	1933.0	1847.28	108.0	16.87	19.57
PTHR30508	3717.0	3631.28	2140.04	173.92	201.72
PTHR30502	816.0	773.14	39.0	7.7	8.93
PTHR10617	7952.5	7652.57	2999.21	300.68	348.74
PTHR10615	2361.7	2275.99	711.96	80.72	93.62
PTHR13527	614.46	571.6	152.0	40.72	47.23
PTHR22958	1770.0	1641.42	360.0	100.11	116.11
PTHR22951	1727.68	1642.03	198.0	27.36	31.73
PTHR22950	23950.67	23093.57	4979.69	439.41	509.62
PTHR22953	12271.67	11971.66	1488.14	128.28	148.77
PTHR22952	3527.55	3313.33	1767.51	248.49	288.2
PTHR22957	9351.0	9008.12	995.12	105.65	122.52
PTHR21600	2156.0	2027.47	257.0	34.91	40.49
PTHR24056	14492.0	13763.45	1704.03	306.28	355.25
PTHR24054	2451.88	2366.17	1631.21	216.41	251.0
PTHR24055	12447.95	11976.51	2701.5	308.06	357.29
PTHR24058	5922.22	5665.1	1135.6	158.06	183.35
PTHR10766	6416.0	6116.0	1660.0	225.03	261.0
PTHR10762	4245.0	4159.28	398.0	19.39	22.49
PTHR30031	2221.45	2092.98	3650.04	604.27	700.85
PTHR12945	1138.0	1052.29	11.0	3.55	4.11
PTHR12944	1815.0	1686.49	78.0	14.31	16.59
PTHR24128	2943.0	2814.42	210.0	37.58	43.58
PTHR13096	1951.0	1865.29	66.0	8.73	10.12
PTHR11364	2401.37	2272.8	246.79	50.5	58.56
PTHR11365	3652.0	3523.42	102.0	11.56	13.4
PTHR10548	2683.05	2468.89	588.0	174.85	202.79
PTHR11814	5997.0	5739.93	737.38	87.9	101.96
PTHR11363	2138.0	2095.14	10682.6	773.51	897.14
PTHR10543	3672.0	3543.42	221.0	25.44	29.5
PTHR11819	4581.0	4409.62	864.0	78.9	91.52
PTHR13931	5601.0	5515.28	482.61	27.44	31.82
PTHR10544	529.0	486.14	2037.24	643.05	745.84
PTHR11562	972.0	929.14	98.0	16.07	18.64
PTHR11566	10147.32	9890.17	1955.0	181.31	210.29
PTHR11567	3528.0	3442.28	214.0	18.59	21.56
PTHR11564	8011.0	7753.85	1540.11	155.93	180.86
PTHR11962	2779.83	2608.43	177.97	51.63	59.89
PTHR11963	3703.0	3617.28	261.0	21.09	24.46
PTHR10381	9739.0	9396.12	4044.62	543.58	630.48
PTHR10383	2864.0	2735.43	904.99	173.85	201.63
PTHR11932	5659.71	5488.29	1943.36	112.59	130.58
PTHR11702	7764.0	7549.7	1221.04	117.51	136.31
PTHR11700	1942.0	1813.42	9550.69	2542.74	2949.19
PTHR10388	695.0	652.14	457.88	107.35	124.5
PTHR11709	2647.0	2561.28	78.0	9.08	10.52
PTHR10145	4333.0	4204.42	484.0	57.21	66.35
PTHR23273	3224.0	3138.28	393.0	37.75	43.78
PTHR23270	5395.47	5138.55	1019.0	103.37	119.9
PTHR24305	9298.13	8955.28	1059.0	135.99	157.72
PTHR23163	359.0	316.16	34.0	16.62	19.28
PTHR23050	3826.09	3654.67	3118.99	403.16	467.6
PTHR23056	1191.0	1148.14	71.0	9.41	10.91
PTHR23054	1148.0	1105.14	162.0	22.31	25.88
PTHR11638	5284.97	4985.0	4087.84	537.63	623.57
PTHR31783	3435.57	3264.15	167.79	30.42	35.28
PTHR23291	4570.0	4398.56	962.86	128.22	148.73
PTHR11630	15049.16	14492.01	780.01	100.77	116.88
PTHR11140	7296.0	7124.56	2242.55	236.07	273.81
PTHR11141	2469.0	2383.28	958.0	130.02	150.8
PTHR11142	7232.0	6889.12	270.0	51.21	59.38
PTHR11143	588.0	545.14	4136.51	1162.58	1348.41
PTHR11380	486.0	443.15	24.0	8.32	9.65
PTHR11384	8188.0	7716.68	1367.01	111.57	129.4
PTHR32477	3007.0	2921.28	95.0	8.6	9.98
PTHR14043	1995.23	1909.59	97.0	18.98	22.02
PTHR32472	1655.21	1526.68	99.0	24.67	28.61
PTHR31658	1270.91	1142.43	53.0	19.84	23.02
PTHR14269	1947.0	1818.45	78.0	11.48	13.32
PTHR23125	29437.16	28194.34	3609.83	394.47	457.51
PTHR12050	961.0	918.14	379.41	62.98	73.04
PTHR19211	14336.0	13693.15	1440.63	219.19	254.23
PTHR12608	2869.32	2740.76	386.97	57.1	66.23
PTHR12604	638.0	595.14	37.0	9.52	11.04
PTHR12603	891.0	848.14	187.0	33.62	39.0
PTHR32091	729.0	686.14	246.0	54.79	63.54
PTHR32098	3096.0	2881.77	148.0	31.93	37.03
PTHR18763	535.0	492.14	46.0	14.34	16.63
PTHR22726	2516.0	2387.42	232.0	42.05	48.76
PTHR22727	3608.0	3479.42	204.0	18.17	21.07
PTHR12428	3062.2	2890.88	544.0	87.52	101.51
PTHR18968	8444.86	8187.73	2675.79	177.0	205.29
PTHR12735	3620.0	3448.57	273.0	40.19	46.62
PTHR15020	9782.06	9439.21	1047.4	123.22	142.91
PTHR12049	2830.33	2658.92	113.0	28.02	32.5
PTHR12558	4131.0	3873.93	48.0	10.28	11.92
PTHR12553	6719.49	6290.95	453.0	100.11	116.11
PTHR10497	524.2	481.34	4113.89	1311.69	1521.35
PTHR10496	965.0	879.3	4000.01	1123.89	1303.53
PTHR21569	618.0	575.14	33.0	8.79	10.19
PTHR10491	1471.0	1428.14	1428.01	151.95	176.23
PTHR21567	5952.85	5610.03	557.0	99.97	115.94
PTHR13950	1384.0	1298.28	84.0	20.34	23.58
PTHR12133	1106.0	1063.14	63.06	9.03	10.47
PTHR10972	3941.0	3812.43	211.0	31.95	37.07
PTHR21704	2841.0	2669.57	33.0	7.42	8.59
PTHR10606	3303.0	3217.28	251.0	23.68	27.47
PTHR10971	1203.0	1160.14	109.0	14.29	16.58
PTHR22942	6395.0	6137.89	790.62	91.51	106.15
PTHR13395	1006.0	920.29	1.0	0.41	0.48
PTHR13803	7276.0	7018.84	1728.0	149.76	173.69
PTHR21368	783.0	740.14	466.0	96.14	111.5
PTHR24067	11749.95	11064.37	2868.47	647.87	751.45
PTHR24064	13154.49	12768.76	1570.0	79.95	92.73
PTHR21011	511.0	468.15	138.0	45.26	52.49
PTHR10772	2083.0	1954.42	983.0	229.11	265.73
PTHR10774	6986.67	6729.54	1100.18	85.6	99.27
PTHR24068	1109.0	1023.29	1328.0	332.98	386.21
PTHR12959	923.0	837.33	6.0	2.22	2.57
PTHR24115	27428.7	26229.17	3433.96	510.24	591.81
PTHR10961	1501.76	1458.9	86.0	8.96	10.39
PTHR11825	6617.7	6403.4	1413.0	152.8	177.23
PTHR10809	2215.0	2129.28	622.47	65.23	75.66
PTHR11822	2193.12	2150.26	4978.97	351.24	407.39
PTHR10803	3784.0	3612.56	596.02	91.72	106.38
PTHR10806	744.0	701.14	82.0	17.87	20.72
PTHR10552	987.0	944.14	182.98	29.53	34.25
PTHR11556	6635.0	6420.7	3050.88	367.84	426.64
PTHR11558	1136.0	1093.14	144.0	20.05	23.25
PTHR13773	2782.8	2654.43	757.0	108.4	125.73
PTHR11953	2514.0	2385.42	161.0	31.13	36.1
PTHR11952	9132.33	8832.33	860.0	85.89	99.63
PTHR11956	2271.0	2228.14	436.0	29.68	34.42
PTHR11959	1518.0	1432.28	135.0	25.54	29.63
PTHR11739	4645.05	4473.62	826.25	135.94	157.67
PTHR11732	20078.83	19307.36	2399.02	307.0	356.07
PTHR11731	6994.49	6780.21	762.21	72.42	84.01
PTHR11730	7513.93	7213.92	624.0	83.44	96.76
PTHR11735	2372.78	2244.21	84.0	14.23	16.51
PTHR10394	770.0	727.14	10152.64	2132.31	2473.13
PTHR20941	2760.12	2674.41	148.07	17.11	19.84
PTHR10150	1897.0	1811.28	11.0	1.82	2.1
PTHR31065	3052.04	2880.62	1291.0	235.81	273.49
PTHR10159	6917.0	6488.49	424.0	86.12	99.89
PTHR31066	1508.23	1465.38	239.0	24.78	28.74
PTHR13604	843.0	800.14	71.0	13.54	15.7
PTHR23264	2622.0	2450.59	370.45	64.88	75.25
PTHR23269	347.0	304.17	12.0	6.1	7.08
PTHR31204	749.0	706.14	117.83	25.49	29.56
PTHR31201	1421.42	1292.87	76.13	26.59	30.83
PTHR31209	1169.67	1126.86	120.0	16.2	18.79
PTHR11607	2372.04	2157.89	134.0	41.06	47.64
PTHR11606	3583.86	3455.29	1198.0	142.8	165.62
PTHR11601	5065.0	4850.7	674.09	75.25	87.29
PTHR32467	9458.94	8901.8	1945.15	327.98	380.37
PTHR14255	4482.0	4224.86	452.0	79.61	92.34
PTHR23130	6762.27	6590.83	1652.88	129.31	149.97
PTHR23133	719.0	676.14	125.0	28.25	32.77
PTHR23135	1814.0	1771.14	304.0	26.06	30.22
PTHR23138	2691.27	2605.56	1429.72	176.38	204.58
PTHR23139	3243.01	3028.73	498.2	101.37	117.55
PTHR31682	2723.0	2551.63	380.0	68.73	79.71
PTHR11040	5167.0	4867.07	448.98	83.0	96.25
PTHR11043	1483.0	1397.28	234.3	54.57	63.29
PTHR11048	6365.0	6107.85	754.1	75.18	87.19
PTHR15818	1445.0	1359.28	51.0	11.09	12.87
PTHR12636	903.0	860.14	148.0	26.24	30.43
PTHR14493	33926.84	32384.07	22478.86	2072.94	2404.21
PTHR15651	1896.0	1810.28	139.0	24.79	28.75
PTHR12380	2078.0	1949.43	463.0	125.19	145.2
PTHR12385	3979.0	3850.42	780.98	59.74	69.29
PTHR12706	8402.0	8102.01	859.0	76.95	89.24
PTHR30573	2261.0	2218.14	234.0	16.0	18.56
PTHR12709	1771.0	1685.28	255.0	51.34	59.55
PTHR19957	5253.27	4910.49	629.0	138.56	160.7
PTHR30239	2001.0	1958.14	757.82	58.73	68.11
PTHR12560	4801.55	4630.11	434.0	67.08	77.8
PTHR11751	18818.43	18175.56	7680.86	609.65	707.11
PTHR12770	6350.0	6135.7	702.98	58.47	67.82
PTHR12097	3976.0	3890.28	1149.81	56.94	66.04
PTHR19842	1329.0	1286.14	240.0	28.37	32.91
PTHR11752	19504.53	18818.92	1845.14	281.23	326.18
PTHR21576	4774.23	4517.08	508.0	107.4	124.58
PTHR24193	8002.33	7530.91	532.0	119.07	138.11
PTHR12419	4303.0	4131.56	340.0	56.77	65.84
PTHR23338	3555.84	3427.27	1205.01	146.31	169.7
PTHR30525	1647.0	1604.14	123.0	11.65	13.51
PTHR12413	2767.83	2639.33	121.0	22.19	25.75
PTHR12412	2966.0	2837.43	228.0	25.61	29.7
PTHR12411	9198.99	8856.14	4612.84	598.46	694.11
PTHR23339	3237.0	3065.57	1097.0	133.19	154.48
PTHR12415	1028.0	942.29	4.0	1.02	1.19
PTHR10947	2171.0	2085.28	286.41	41.54	48.17
PTHR21717	1894.0	1765.46	119.0	29.76	34.52
PTHR21712	1614.0	1528.29	150.0	22.17	25.71
PTHR12897	832.0	746.35	38.0	14.52	16.84
PTHR12894	3224.43	2967.45	93.0	24.89	28.87
PTHR12891	987.0	944.14	21.0	3.39	3.93
PTHR22976	5172.02	5086.3	1718.47	63.89	74.1
PTHR22975	1308.67	1223.01	264.0	53.35	61.87
PTHR20922	2124.0	1995.46	381.0	58.58	67.94
PTHR21377	1384.0	1298.28	239.0	51.64	59.89
PTHR21371	1784.0	1741.14	4317.54	376.46	436.64
PTHR21373	2454.0	2282.63	70.0	18.12	21.01
PTHR22573	8061.79	7847.51	3538.32	282.31	327.43
PTHR22572	8362.22	8019.36	6806.28	606.64	703.6
PTHR21000	3048.0	3005.14	1289.18	65.01	75.4
PTHR10701	815.57	772.72	150.0	29.63	34.36
PTHR13161	642.0	599.14	22.0	5.62	6.52
PTHR13162	5860.06	5731.5	1011.37	102.98	119.44
PTHR13165	758.99	716.13	66.0	14.08	16.33
PTHR21396	676.0	633.14	49.0	11.84	13.73
PTHR12965	2221.0	2135.28	88.0	11.9	13.8
PTHR13068	6451.97	6194.82	629.0	96.83	112.31
PTHR24106	8167.56	7867.55	956.08	107.35	124.5
PTHR24103	2986.0	2771.71	74.0	20.58	23.87
PTHR11540	5585.54	5414.11	6371.97	623.17	722.78
PTHR10836	3072.0	2900.57	15766.88	3997.97	4637.0
PTHR10835	1541.0	1498.14	136.0	13.79	16.0
PTHR11545	1576.0	1490.28	4854.79	982.3	1139.3
PTHR10012	1069.1	1026.25	146.0	21.66	25.13
PTHR13768	2811.0	2725.28	229.0	25.25	29.28
PTHR24078	8272.0	7929.13	526.86	94.54	109.65
PTHR11946	24166.09	23437.57	3377.79	315.75	366.21
PTHR11947	5221.0	5049.57	1346.26	127.67	148.07
PTHR11941	5982.85	5768.56	1352.0	173.56	201.29
PTHR24072	2293.0	2207.28	308.01	40.7	47.2
PTHR24073	11413.27	10813.3	4520.11	881.42	1022.28
PTHR24076	12328.42	11599.99	1394.41	300.29	348.31
PTHR24077	7769.18	7383.47	762.11	127.53	147.91
PTHR11728	5891.0	5762.42	867.04	70.17	81.38
PTHR11726	1210.0	1124.3	13581.33	5103.29	5919.0
PTHR11727	2105.0	1976.42	104.0	23.0	26.68
PTHR11721	581.19	538.33	4841.24	1378.09	1598.37
PTHR11722	812.0	769.14	5560.09	1103.39	1279.76
PTHR10120	1541.0	1498.14	298.0	30.22	35.05
PTHR10122	753.0	710.14	1263.09	271.7	315.12
PTHR11831	1412.1	1326.39	6977.68	1691.25	1961.59
PTHR11835	4293.0	4121.56	1242.0	155.29	180.12
PTHR11614	4025.0	3896.43	733.0	52.83	61.27
PTHR11615	7413.9	7156.81	6764.31	577.46	669.78
PTHR11618	1207.0	1164.14	134.0	17.51	20.31
PTHR14140	2035.24	1992.38	151.0	11.5	13.34
PTHR32419	2402.0	2316.28	363.0	46.99	54.51
PTHR10231	881.0	838.14	96.0	17.47	20.26
PTHR10233	6024.0	5809.76	516.0	66.92	77.62
PTHR31503	6322.74	6151.3	874.99	71.44	82.86
PTHR23147	1699.28	1613.57	210.0	36.82	42.7
PTHR23140	1254.0	1211.14	211.0	26.5	30.73
PTHR23142	2630.23	2544.51	219.87	27.53	31.94
PTHR23149	541.52	498.66	26.0	8.0	9.28
PTHR23148	908.0	865.14	80.0	14.1	16.35
PTHR31695	2548.0	2505.14	806.14	48.79	56.59
PTHR11056	1911.78	1868.92	216.22	17.56	20.37
PTHR11055	1448.93	1406.07	2965.43	320.51	371.74
PTHR32523	2071.73	1900.46	101.0	30.46	35.33
PTHR10540	951.0	908.14	155.0	26.01	30.17
PTHR19359	2017.0	1931.28	460.0	118.41	137.34
PTHR12629	795.69	752.84	81.0	16.43	19.05
PTHR18945	1828.0	1785.14	137.0	11.65	13.51
PTHR26402	8963.67	8620.79	9497.87	553.07	641.49
PTHR19384	8445.39	8059.67	6376.09	674.58	782.39
PTHR12714	2302.0	2216.28	462.0	58.88	68.29
PTHR32251	1284.0	1241.14	342.0	41.91	48.6
PTHR12570	1832.0	1746.28	106.0	17.0	19.71
PTHR21494	335.0	292.18	7.0	3.71	4.3
PTHR21496	3786.87	3615.44	1326.04	193.22	224.09
PTHR21493	18575.16	17889.48	2913.59	239.22	277.45
PTHR21499	5428.43	5299.86	1520.0	95.27	110.48
PTHR21148	3068.0	2982.28	199.0	20.88	24.23
PTHR12083	2585.0	2499.28	632.0	51.62	59.88
PTHR22904	13601.52	12873.03	5741.6	1607.64	1864.61
PTHR13976	3383.0	3168.73	188.0	38.29	44.42
PTHR13353	2898.0	2769.42	278.12	32.64	37.84
PTHR12406	13340.78	12912.19	2012.17	223.73	259.49
PTHR16128	3193.0	2935.87	92.0	25.69	29.8
PTHR12400	844.0	801.14	22.0	4.19	4.86
PTHR13572	3551.78	3423.21	667.81	80.35	93.18
PTHR30314	3096.0	2924.64	1327.95	196.35	227.73
PTHR12882	532.0	489.14	77.0	24.15	28.01
PTHR12883	1361.0	1318.14	205.0	23.64	27.42
PTHR16255	6306.0	6091.7	893.0	108.93	126.35
PTHR16254	6062.07	5847.83	665.8	70.33	81.56
PTHR22960	2954.0	2868.28	237.0	23.85	27.66
PTHR13373	1719.0	1633.28	58.0	11.57	13.41
PTHR13375	1711.39	1582.84	183.0	37.41	43.4
PTHR22967	3191.0	3019.65	97.0	13.44	15.59
PTHR19858	2601.0	2472.43	217.0	35.78	41.5
PTHR30222	624.0	581.14	20.0	5.27	6.11
PTHR13115	1677.0	1634.14	152.0	14.13	16.38
PTHR13117	1505.0	1462.14	60.0	6.24	7.23
PTHR13285	1765.0	1722.14	61.0	5.38	6.24
PTHR13288	781.0	738.14	55.0	11.38	13.2
PTHR10953	13777.43	13263.21	2218.01	176.76	205.01
PTHR21726	1386.0	1300.28	56.0	13.47	15.63
PTHR10956	813.0	727.33	4889.42	1712.2	1985.89
PTHR10826	1826.0	1740.28	473.49	83.96	97.38
PTHR11533	7983.39	7854.82	1692.77	94.66	109.78
PTHR11532	1618.32	1575.47	171.99	16.58	19.23
PTHR10000	1901.0	1815.28	64.0	10.92	12.67
PTHR13021	932.0	889.14	87.0	14.92	17.3
PTHR24007	2042.0	1913.46	127.99	26.13	30.29
PTHR24003	15990.57	15390.54	3846.02	456.02	528.93
PTHR31446	1604.0	1518.29	319.0	49.82	57.78
PTHR31442	1427.77	1299.23	291.0	110.69	128.39
PTHR11441	902.96	860.1	52.0	9.22	10.69
PTHR11440	3106.39	2977.81	337.14	62.0	71.91
PTHR11999	6669.63	6455.34	1470.98	96.09	111.45
PTHR11449	1060.0	974.29	23936.8	8660.33	10044.6
PTHR11994	1296.0	1253.14	115.0	13.96	16.19
PTHR11706	3603.0	3517.28	160.65	14.09	16.33
PTHR10133	8353.56	8010.7	590.98	76.28	88.47
PTHR21649	11548.6	10948.78	277420.95	52723.56	61150.88
PTHR13620	7618.9	7233.24	571.02	83.72	97.1
PTHR11705	4630.0	4501.48	166.0	10.18	11.81
PTHR11847	821.86	779.0	6843.44	1340.72	1555.02
PTHR11843	798.0	755.14	3260.59	659.17	764.53
PTHR13138	1573.0	1487.28	35.0	6.96	8.07
PTHR11661	1836.0	1707.42	5660.01	1451.2	1683.15
PTHR11662	33253.16	31796.28	5077.34	466.43	540.94
PTHR11669	4848.06	4676.63	255.01	33.97	39.39
PTHR11668	11669.64	11241.08	3778.26	533.52	618.8
PTHR20856	11326.64	11112.35	1698.29	114.33	132.6
PTHR20854	4820.0	4648.56	776.78	94.16	109.22
PTHR20855	3546.0	3460.28	516.01	42.6	49.41
PTHR20852	5273.0	5015.93	3697.01	388.11	450.15
PTHR32404	1455.0	1369.3	38.0	5.87	6.81
PTHR20858	2512.26	2383.69	129.0	24.04	27.88
PTHR10634	358.73	315.91	89.0	43.55	50.51
PTHR30603	2030.0	1944.28	895.61	106.75	123.82
PTHR11817	12736.17	12350.5	3838.16	302.45	350.78
PTHR14237	6240.59	6069.15	1301.0	127.47	147.84
PTHR10738	348.0	305.17	0.0	0.0	0.0
PTHR23155	13569.96	13184.25	1230.14	93.53	108.46
PTHR23153	2864.0	2692.56	193.0	31.59	36.65
PTHR14894	1775.0	1689.29	112.0	21.55	25.0
PTHR11063	4104.0	4018.28	303.08	22.9	26.56
PTHR11062	7009.14	6623.52	434.95	64.08	74.32
PTHR11061	6386.4	6043.54	439.0	91.56	106.21
PTHR11065	3980.76	3809.33	447.97	80.29	93.14
PTHR11064	2175.0	2046.42	302.0	59.74	69.28
PTHR11260	9695.54	9309.8	4287.76	505.92	586.79
PTHR11264	1027.0	984.14	34.0	5.26	6.1
PTHR11266	10488.06	10059.47	1031.84	172.91	200.52
PTHR12858	3933.0	3761.57	302.0	53.72	62.3
PTHR31998	2816.0	2773.14	10626.28	580.79	673.62
PTHR31221	1945.75	1817.17	255.0	60.84	70.57
PTHR15838	1069.0	940.5	46.0	22.79	26.43
PTHR12850	512.0	469.15	4786.77	1566.49	1816.88
PTHR22836	1265.0	1222.14	67.0	8.34	9.67
PTHR32338	1555.0	1512.14	459.0	46.11	53.48
PTHR31407	4401.08	4186.79	1093.76	166.06	192.61
PTHR12363	5500.07	5157.23	261.18	53.66	62.24
PTHR18952	988.0	945.14	12.0	1.93	2.24
PTHR25040	3645.07	3559.36	1042.08	100.82	116.94
PTHR12765	523.0	480.14	37.0	11.83	13.72
PTHR12505	1871.0	1785.28	164.0	27.71	32.15
PTHR22604	2994.0	2908.28	139.0	14.87	17.25
PTHR21481	1125.0	1082.14	89.0	12.52	14.52
PTHR22778	3382.61	3211.22	117.0	29.81	34.57
PTHR12169	2348.21	2176.85	217.0	38.91	45.13
PTHR19446	2182.0	2053.42	65.0	13.9	16.13
PTHR12219	1398.0	1312.29	726.64	120.14	139.34
PTHR13561	1947.0	1818.45	50.0	14.08	16.32
PTHR13563	1484.88	1399.16	65.0	11.43	13.26
PTHR12210	6444.51	6144.71	1187.0	209.27	242.72
PTHR12215	1776.09	1647.57	53.0	13.45	15.59
PTHR12214	1132.0	1046.3	43.0	13.52	15.67
PTHR22915	10737.48	10394.64	2585.04	158.66	184.0
PTHR22911	3328.0	3156.57	130.0	22.18	25.72
PTHR22912	15898.88	15470.29	4983.52	417.95	484.77
PTHR12183	610.0	567.14	23.0	6.21	7.2
PTHR19849	895.0	809.3	60.0	22.13	25.68
PTHR22594	7644.0	7301.15	1253.51	166.95	193.62
PTHR21152	4660.84	4532.27	5218.05	522.62	606.16
PTHR21021	1425.0	1339.28	39.0	8.35	9.69
PTHR13102	2074.0	1988.28	139.0	23.79	27.6
PTHR12984	2738.0	2652.28	81.0	9.9	11.49
PTHR23293	4769.0	4640.42	2433.99	227.32	263.66
PTHR13299	1039.0	996.14	127.0	19.42	22.52
PTHR10925	1718.0	1632.28	234.0	43.77	50.78
PTHR21737	1782.0	1696.28	165.0	27.35	31.72
PTHR10920	3368.0	3153.71	244.0	51.7	59.96
PTHR10855	2935.61	2849.89	596.79	55.01	63.8
PTHR10585	2342.0	2256.28	1191.03	166.72	193.37
PTHR10584	12510.39	11953.38	891.92	125.49	145.54
PTHR11528	7856.0	7513.19	2981.52	431.9	500.91
PTHR11527	3433.19	3261.75	528.58	94.46	109.56
PTHR11525	1433.0	1390.14	109.0	11.92	13.82
PTHR10859	2342.0	2127.76	90.0	32.91	38.16
PTHR10589	2021.65	1935.94	187.95	33.48	38.83
PTHR10588	7107.0	6806.98	314.0	39.56	45.88
PTHR13038	1534.9	1492.05	219.0	22.3	25.86
PTHR13748	13350.64	12879.25	5739.11	550.64	638.64
PTHR10026	3024.9	2853.47	107.0	22.62	26.22
PTHR24015	14502.1	13945.09	1995.51	224.8	260.72
PTHR24012	25708.02	24336.65	15387.67	2659.9	3085.02
PTHR24011	25226.87	23812.85	7998.14	1161.24	1346.81
PTHR31187	3785.0	3570.72	177.0	41.89	48.58
PTHR21145	717.0	674.14	57.03	12.93	15.0
PTHR10459	6985.31	6728.16	512.04	53.33	61.85
PTHR11453	1494.0	1365.46	12.0	3.66	4.25
PTHR10108	34333.27	32876.22	4809.3	528.34	612.83
PTHR11986	10397.48	10097.48	3367.24	303.99	352.57
PTHR11455	9112.48	8684.16	1322.42	126.47	146.68
PTHR10102	2174.0	2088.28	126.0	18.64	21.62
PTHR11458	1512.0	1469.14	527.89	54.59	63.32
PTHR10106	839.0	796.14	39.0	7.47	8.67
PTHR31057	1659.05	1530.49	87.0	25.02	29.01
PTHR30115	905.0	862.14	101.0	17.86	20.72
PTHR11851	21799.0	20856.12	4123.68	452.66	525.01
PTHR23092	6190.69	5933.56	310.42	51.98	60.3
PTHR23091	11722.71	11079.88	745.12	132.21	153.34
PTHR11673	808.0	765.14	4325.62	862.94	1000.88
PTHR11670	6973.34	6844.77	6867.91	420.77	488.01
PTHR11671	993.0	950.14	371.97	59.65	69.18
PTHR20863	2102.0	2016.28	725.0	122.17	141.7
PTHR20861	602.0	559.14	10.0	2.74	3.18
PTHR11679	7633.83	7291.02	830.0	89.66	104.0
PTHR14009	3523.0	3437.28	409.94	35.49	41.16
PTHR10217	14596.83	14125.4	998.1	117.61	136.38
PTHR14005	2778.0	2735.14	1217.99	67.5	78.29
PTHR10210	3946.0	3774.58	706.61	95.4	110.65
PTHR31522	1274.0	1231.14	212.0	26.19	30.38
PTHR14221	1577.0	1491.28	81.0	16.4	19.02
PTHR11079	4628.0	4370.91	311.99	65.48	75.95
PTHR11076	7889.6	7375.33	254.0	46.03	53.37
PTHR11070	3411.57	3240.14	172.0	33.0	38.29
PTHR11071	21233.15	20076.15	6897.68	1379.25	1599.69
PTHR11278	1118.0	1032.3	11344.45	3994.07	4632.47
PTHR11276	2487.6	2359.04	91.0	13.92	16.16
PTHR11274	2483.0	2397.28	296.99	34.4	39.89
PTHR14136	3866.0	3694.56	1024.0	176.87	205.14
PTHR31984	3239.33	3110.75	567.0	92.71	107.52
PTHR15350	2237.0	2151.28	424.01	51.63	59.88
PTHR15606	3041.0	2869.61	153.0	30.7	35.6
PTHR12374	1688.0	1559.43	92.0	26.22	30.41
PTHR12375	1179.0	1136.14	129.0	17.28	20.04
PTHR12378	3318.0	3146.56	656.0	120.24	139.48
PTHR18929	7483.0	7097.29	9262.8	1153.48	1337.86
PTHR31724	1774.6	1688.89	102.0	26.16	30.35
PTHR30535	777.0	734.14	3.0	0.62	0.72
PTHR12777	907.0	864.14	580.0	102.34	118.7
PTHR12775	1540.54	1454.82	92.0	21.16	24.55
PTHR24352	4235.26	4106.68	1170.1	114.07	132.3
PTHR16092	733.0	690.14	130.0	28.78	33.38
PTHR11035	890.0	847.14	921.0	165.8	192.3
PTHR22298	7183.0	6925.91	1277.99	73.28	85.0
PTHR12174	2796.0	2667.42	220.0	36.73	42.6
PTHR12175	920.0	877.14	163.0	28.33	32.86
PTHR12176	5229.0	4971.85	441.89	85.22	98.84
PTHR22769	8291.73	7906.0	813.0	134.16	155.62
PTHR22767	3842.0	3627.73	221.0	39.86	46.23
PTHR22765	10041.54	9741.54	1429.0	130.47	151.31
PTHR22762	5756.0	5627.42	422.0	31.6	36.65
PTHR22763	2256.27	2127.7	373.0	64.37	74.65
PTHR22761	2614.87	2486.29	1186.28	168.19	195.07
PTHR21231	2425.0	2339.28	215.0	27.41	31.78
PTHR21230	1491.0	1405.3	333.0	47.5	55.1
PTHR21234	2575.76	2490.04	123.0	14.99	17.39
PTHR21237	4036.29	3907.72	1407.69	159.25	184.69
PTHR12202	838.0	752.33	39.0	16.35	18.97
PTHR12203	2157.0	2071.29	115.0	13.21	15.32
PTHR19857	1223.0	1180.14	105.0	13.54	15.7
PTHR13355	654.0	611.14	19.0	4.76	5.52
PTHR19855	1721.08	1678.22	104.0	9.41	10.91
PTHR19852	400.0	357.15	16.0	6.91	8.01
PTHR19853	3673.0	3458.73	225.88	47.01	54.52
PTHR12197	10955.34	10226.98	607.0	104.01	120.6
PTHR13822	1158.0	1115.14	870.16	118.75	137.73
PTHR32442	1726.0	1683.14	357.0	32.21	37.35
PTHR10344	740.0	697.14	11.0	2.41	2.8
PTHR21319	5992.24	5777.95	2260.85	219.05	254.06
PTHR10732	598.0	555.14	6452.84	1780.52	2065.12
PTHR10739	2980.92	2852.35	1001.95	173.37	201.08
PTHR12992	751.34	708.49	39.0	8.41	9.75
PTHR22838	1785.0	1742.14	122.0	10.63	12.33
PTHR22881	1455.0	1369.28	162.0	37.79	43.83
PTHR11588	3127.17	2998.59	13171.0	1105.45	1282.15
PTHR11934	1832.0	1746.28	519.04	87.39	101.36
PTHR10693	979.97	937.11	194.06	31.56	36.6
PTHR10938	1703.0	1660.14	1855.4	169.71	196.84
PTHR10934	918.0	875.14	5686.48	990.66	1149.0
PTHR14490	892.0	806.3	32.0	12.18	14.13
PTHR11510	2448.0	2405.14	1053.27	66.4	77.02
PTHR11516	5029.01	4857.59	1567.95	215.84	250.34
PTHR10025	3154.0	2939.72	375.96	91.37	105.98
PTHR10027	4651.99	4437.69	342.0	60.6	70.3
PTHR13009	1712.0	1669.14	128.63	11.7	13.57
PTHR13007	785.0	742.14	82.0	16.87	19.57
PTHR11863	2241.0	2155.28	89.0	15.32	17.78
PTHR17901	673.0	630.14	40.0	9.71	11.26
PTHR24351	1402.73	1317.06	101.0	22.64	26.26
PTHR20981	688.0	645.14	5166.35	1224.5	1420.23
PTHR20982	865.0	822.14	49.0	9.09	10.54
PTHR11864	4335.02	4163.59	444.0	54.28	62.96
PTHR11467	580.0	537.14	663.0	189.15	219.38
PTHR10119	8240.0	8068.56	1034.01	68.34	79.26
PTHR10114	441.0	398.15	3400.39	1314.59	1524.72
PTHR10110	8147.74	7976.3	648.99	50.1	58.11
PTHR11469	2800.0	2714.28	2412.91	172.73	200.35
PTHR10598	2512.97	2470.11	329.0	20.19	23.42
PTHR24286	7936.0	7636.02	911.01	95.07	110.24
PTHR23429	3728.34	3642.62	1649.77	137.3	159.26
PTHR23426	2002.92	1874.36	161.99	37.91	43.97
PTHR10593	2258.22	2172.5	369.66	54.18	62.85
