GeneFamily	length	effective_length	expected_count	TPM	FPKM
PTHR11649	14094.81	13647.51	3447.85	218.72	163.4
PTHR31089	1046.96	1002.23	105.0	11.76	8.79
PTHR31085	2818.08	2773.34	1071.0	43.15	32.24
PTHR11647	6048.41	5958.93	1446.01	53.41	39.9
PTHR11645	965.72	920.98	159.0	19.39	14.49
PTHR11880	854.0	809.26	13196.82	1833.85	1370.1
PTHR11885	727.0	682.26	14091.13	2326.36	1738.06
PTHR10209	7031.0	6807.32	1078.06	75.11	56.12
PTHR32429	3447.0	3312.8	11873.86	797.81	596.06
PTHR12403	840.0	795.26	476.0	67.32	50.3
PTHR31423	1110.0	1065.26	169.0	17.8	13.3
PTHR31551	760.98	716.25	395.0	62.09	46.39
PTHR32195	2491.18	2401.7	564.0	36.72	27.43
PTHR11081	8781.0	8512.56	416.0	24.98	18.68
PTHR11080	2110.88	2021.4	518.0	50.79	37.95
PTHR11082	4896.0	4806.52	2675.91	105.53	78.84
PTHR11085	7438.67	7125.52	892.0	82.18	61.41
PTHR11089	6117.06	5938.1	1956.0	146.15	109.18
PTHR32518	5993.0	5903.52	637.0	24.4	18.23
PTHR11247	1424.0	1334.52	59.0	10.41	7.78
PTHR12277	3852.51	3718.29	658.0	61.34	45.84
PTHR32512	1819.0	1774.26	583.53	36.81	27.5
PTHR23088	4373.43	4194.48	1437.0	136.36	101.88
PTHR23089	1694.0	1604.52	935.0	144.12	107.67
PTHR23081	5149.12	5014.91	3148.0	183.47	137.06
PTHR23083	30025.45	29309.61	10102.63	533.49	398.59
PTHR23084	6643.09	6464.13	1592.01	133.45	99.7
PTHR23086	6179.0	6000.04	966.07	66.43	49.64
PTHR18806	3810.0	3720.53	1234.07	76.2	56.93
PTHR31953	1816.0	1771.26	610.0	38.54	28.79
PTHR15184	10504.16	10280.46	14141.77	829.25	619.54
PTHR15341	799.0	754.26	111.0	16.56	12.37
PTHR14744	1242.0	1152.58	39.0	6.41	4.79
PTHR15169	1388.0	1343.26	91.0	7.59	5.67
PTHR12341	11630.03	11361.61	2878.98	94.56	70.65
PTHR15160	5319.36	5140.41	2718.95	189.48	141.56
PTHR18937	21521.64	21253.2	2620.05	79.44	59.35
PTHR18934	26513.46	25797.63	12469.91	687.34	513.52
PTHR12742	2322.0	2277.26	3567.5	175.15	130.86
PTHR12741	1560.0	1515.26	954.86	70.57	52.73
PTHR16557	1964.0	1874.52	126.0	14.85	11.09
PTHR19288	5341.32	5162.36	2390.52	188.81	141.07
PTHR12975	4122.0	3987.78	344.0	30.84	23.04
PTHR13902	2651.65	2606.91	728.0	31.21	23.32
PTHR13903	1438.0	1393.26	877.0	70.52	52.69
PTHR22753	2304.0	2214.52	47.0	4.75	3.55
PTHR30615	1748.34	1658.86	260.0	35.53	26.54
PTHR22939	14540.33	14093.02	4148.87	261.71	195.54
PTHR22938	3864.0	3729.78	746.99	66.67	49.81
PTHR16266	4691.0	4556.78	350.0	24.37	18.2
PTHR21597	5700.0	5655.26	1285.41	25.36	18.95
PTHR22932	876.0	831.26	729.0	98.6	73.66
PTHR21228	20924.71	20387.93	5014.51	316.06	236.14
PTHR13343	3625.74	3491.52	2433.39	235.38	175.85
PTHR22936	2747.0	2612.78	400.0	51.96	38.82
PTHR31038	1402.0	1357.26	1006.0	83.05	62.05
PTHR13832	36658.44	35495.31	22240.01	1533.31	1145.59
PTHR21139	1264.37	1219.63	1179.44	108.43	81.01
PTHR21136	3418.0	3283.78	2077.01	212.02	158.41
PTHR12526	39133.11	38238.47	21266.16	913.42	682.42
PTHR13120	807.0	762.26	313.0	46.2	34.52
PTHR22809	2879.0	2744.78	336.0	50.09	37.43
PTHR22807	4488.0	4398.52	624.0	32.51	24.28
PTHR20661	2106.0	2016.52	111.0	12.54	9.36
PTHR10900	17124.41	16542.84	21252.46	1972.66	1473.81
PTHR10906	2767.0	2677.52	5352.99	317.44	237.17
PTHR10909	18198.38	17795.75	15478.77	716.65	535.44
PTHR10055	3197.0	3107.52	952.6	67.88	50.71
PTHR10057	1659.0	1569.52	841.0	104.47	78.05
PTHR10052	1068.0	1023.26	17330.5	1901.11	1420.35
PTHR13017	860.0	815.26	111.0	15.31	11.44
PTHR13018	17721.17	17408.0	10065.56	378.77	282.99
PTHR10694	9228.86	9005.23	2791.05	167.18	124.91
PTHR12839	2573.38	2483.9	272.05	26.97	20.15
PTHR12835	727.0	682.26	64.0	10.57	7.89
PTHR24031	56549.92	54805.39	60601.95	3973.0	2968.28
PTHR24032	3027.99	2893.79	475.0	58.0	43.33
PTHR24349	21902.07	21320.57	9194.61	524.8	392.08
PTHR24619	5979.0	5844.78	1076.0	47.68	35.62
PTHR24343	27757.44	26952.14	27396.0	1275.27	952.82
PTHR11472	11006.29	10648.37	3813.62	205.63	153.62
PTHR24347	14714.6	14312.04	4355.01	181.51	135.61
PTHR11476	1748.0	1703.26	512.01	33.65	25.14
PTHR11477	3744.01	3654.55	1278.0	68.73	51.35
PTHR10438	22882.93	22167.09	16612.23	1464.83	1094.38
PTHR10476	5593.66	5504.2	5132.3	263.3	196.71
PTHR24290	3600.0	3465.78	885.0	82.22	61.43
PTHR23413	574.0	529.26	14598.52	3115.86	2327.92
PTHR23417	2349.45	2259.97	370.0	37.04	27.68
PTHR23416	1612.95	1568.21	410.99	29.34	21.92
PTHR23415	1058.0	1013.26	640.0	70.9	52.97
PTHR12736	1833.0	1788.26	360.0	22.53	16.83
PTHR10871	1508.0	1418.52	16734.03	2829.25	2113.79
PTHR10877	1376.0	1241.87	2.0	0.8	0.6
PTHR11879	5590.91	5412.07	1960.11	101.55	75.86
PTHR11659	1608.15	1563.41	683.0	48.92	36.55
PTHR31096	3924.54	3790.32	3443.09	302.76	226.18
PTHR31098	4404.0	4359.26	10352.64	265.11	198.07
PTHR11655	1974.0	1884.52	20981.96	2736.61	2044.58
PTHR11652	720.0	675.26	17970.13	2997.83	2239.73
PTHR20883	2097.0	2007.52	591.05	61.28	45.78
PTHR11895	6215.43	6081.22	894.32	47.42	35.43
PTHR10277	3846.0	3711.78	356.0	32.31	24.14
PTHR14027	3452.0	3407.26	1165.0	38.19	28.53
PTHR12320	6239.53	6105.31	2419.8	134.03	100.13
PTHR24095	16464.01	15882.49	9140.53	497.67	371.81
PTHR11246	9485.0	9350.78	3990.0	150.47	112.42
PTHR24092	4620.0	4575.26	2737.73	66.79	49.9
PTHR24093	33659.22	32988.19	43268.1	2030.16	1516.77
PTHR23180	11473.29	11160.11	9581.13	566.62	423.34
PTHR14593	2609.61	2520.13	544.0	48.72	36.4
PTHR11093	3421.0	3331.52	1145.0	76.96	57.5
PTHR11096	1667.55	1578.07	100.0	13.02	9.73
PTHR23346	8462.0	8327.78	1293.49	28.97	21.65
PTHR11099	2595.0	2550.26	1615.0	70.78	52.88
PTHR10309	1913.0	1868.26	1489.0	89.17	66.62
PTHR14107	734.0	689.26	50.0	8.17	6.1
PTHR11252	4748.68	4703.95	2513.02	59.63	44.55
PTHR11254	14481.11	14123.23	3569.79	173.45	129.6
PTHR11255	1719.38	1674.64	243.0	16.24	12.14
PTHR14110	4147.35	3968.39	2422.84	292.36	218.43
PTHR14374	1535.0	1490.26	93.02	6.99	5.22
PTHR18838	2163.0	2118.26	485.0	25.61	19.13
PTHR15074	1628.0	1583.26	146.0	10.32	7.71
PTHR12687	2375.0	2285.53	754.82	55.9	41.76
PTHR15157	3362.46	3228.24	565.41	61.64	46.05
PTHR18901	12165.0	11941.3	3623.83	190.72	142.5
PTHR12281	1396.0	1351.26	2061.45	170.95	127.72
PTHR12755	591.0	546.26	65.0	13.44	10.04
PTHR12750	2069.59	2024.85	890.0	49.16	36.73
PTHR12753	1214.89	1170.16	532.0	50.99	38.09
PTHR15081	1736.36	1691.62	268.25	17.75	13.26
PTHR15574	7130.91	6907.22	1202.48	106.55	79.6
PTHR24007	357.0	312.3	39.0	14.23	10.63
PTHR13931	3057.33	3012.59	313.0	11.61	8.67
PTHR12358	7099.91	6831.47	2003.08	181.05	135.28
PTHR12356	1979.0	1889.52	358.0	44.93	33.56
PTHR12221	2347.0	2257.52	692.84	70.02	52.32
PTHR30603	4411.0	4321.52	3603.11	172.1	128.58
PTHR12226	1653.0	1608.26	245.0	17.06	12.74
PTHR19877	1068.0	1023.26	1339.0	146.88	109.74
PTHR31442	557.0	512.26	520.0	114.72	85.71
PTHR12538	617.0	572.26	8967.92	1768.56	1321.32
PTHR12537	3519.22	3429.74	2397.8	134.03	100.13
PTHR12532	1288.0	1243.26	506.0	45.63	34.09
PTHR13486	675.0	630.26	124.0	22.18	16.57
PTHR20275	2910.0	2820.52	1553.0	123.45	92.23
PTHR13489	2266.81	2177.33	377.0	38.33	28.63
PTHR17583	8276.0	8141.79	1801.0	73.4	54.83
PTHR13572	1543.07	1498.33	165.0	12.33	9.21
PTHR24198	20803.84	20088.02	4028.89	293.37	219.17
PTHR10048	5143.52	4919.82	704.0	76.94	57.48
PTHR21704	3325.94	3236.46	776.78	37.58	28.08
PTHR10046	921.0	876.26	239.0	30.65	22.9
PTHR10044	5245.0	5155.52	1335.0	65.43	48.88
PTHR13060	1573.0	1528.26	147.0	10.77	8.05
PTHR10687	1279.54	1234.8	1815.13	164.8	123.13
PTHR13069	4474.0	4295.05	920.75	81.18	60.65
PTHR13068	8314.24	8090.55	2207.86	167.38	125.05
PTHR10682	2607.21	2517.73	1696.29	150.81	112.67
PTHR12829	884.0	839.26	39.0	5.22	3.9
PTHR12820	2925.38	2880.64	734.0	28.47	21.27
PTHR12826	1381.0	1336.26	953.15	79.93	59.72
PTHR12827	986.0	941.26	70.0	8.35	6.24
PTHR17920	2628.0	2583.26	977.0	42.27	31.58
PTHR10137	1631.0	1586.26	618.0	43.62	32.59
PTHR11405	9304.17	9125.22	14381.24	628.6	469.63
PTHR11404	2587.0	2542.26	6889.09	302.87	226.28
PTHR11406	1498.84	1454.1	5802.0	446.92	333.91
PTHR32357	1724.0	1679.26	256.0	17.06	12.75
PTHR13468	1251.48	1206.74	537.0	49.9	37.28
PTHR23406	3985.0	3895.52	2130.02	112.24	83.86
PTHR23407	2254.64	2209.91	265.0	13.41	10.02
PTHR10869	12371.8	11969.14	4955.14	395.45	295.46
PTHR31717	4944.95	4855.47	9551.16	438.88	327.9
PTHR12452	650.0	605.26	154.0	28.7	21.44
PTHR13393	2910.0	2865.26	111.0	4.33	3.23
PTHR12696	4012.11	3967.37	1386.0	39.0	29.14
PTHR11315	3663.0	3573.52	842.99	53.25	39.79
PTHR10139	2373.0	2328.26	651.0	31.26	23.35
PTHR10264	4424.0	4245.05	4949.12	405.25	302.77
PTHR10263	2008.0	1918.52	3408.14	394.24	294.55
PTHR31155	2135.02	2090.29	3609.83	193.14	144.3
PTHR32170	3097.33	3007.92	938.0	80.52	60.16
PTHR23350	505.0	460.26	162.0	39.84	29.76
PTHR23354	2843.0	2798.26	1478.01	59.02	44.09
PTHR23355	8355.07	8131.41	1021.07	66.45	49.63
PTHR23359	7198.77	6975.08	3733.84	339.2	253.42
PTHR11227	2187.86	2098.4	595.0	66.09	49.38
PTHR11220	4324.58	4100.88	840.0	107.76	80.5
PTHR13162	6879.0	6789.55	4414.96	76.14	56.88
PTHR11229	1929.0	1839.52	3402.0	399.55	298.51
PTHR10314	20307.17	19591.36	19314.08	1482.6	1107.66
PTHR11035	1315.0	1270.26	170.0	15.0	11.21
PTHR14303	730.0	685.26	512.87	84.3	62.98
PTHR14085	2004.0	1959.26	748.0	42.71	31.91
PTHR11139	25900.24	25542.33	30328.64	418.47	312.64
PTHR15362	1118.0	1073.26	193.0	20.18	15.08
PTHR11132	22719.27	22048.19	13591.11	991.8	740.97
PTHR11134	4888.39	4754.17	2235.04	164.53	122.92
PTHR11136	3000.0	2910.52	234.0	18.19	13.59
PTHR32374	7423.33	7244.37	8088.05	393.82	294.23
PTHR31579	8314.67	8090.97	8370.81	544.83	407.06
PTHR18919	3136.47	2957.57	3315.65	246.01	183.79
PTHR32002	15771.62	15234.75	8532.68	573.59	428.54
PTHR14413	950.0	905.26	1872.0	232.33	173.58
PTHR22891	1954.0	1909.26	515.0	30.18	22.55
PTHR22893	1362.0	1317.26	166.0	14.12	10.55
PTHR10778	4853.0	4718.78	2452.42	160.61	120.0
PTHR10072	2478.0	2433.26	1998.0	91.79	68.58
PTHR12786	2468.0	2378.52	724.02	68.17	50.94
PTHR11706	4379.0	4289.52	1744.37	89.52	66.88
PTHR12782	1285.0	1240.26	407.0	36.79	27.49
PTHR11742	7387.52	7208.56	1308.0	76.94	57.48
PTHR21213	2120.0	2075.26	1741.0	93.83	70.1
PTHR10182	1189.0	1144.26	465.01	45.58	34.06
PTHR13923	811.55	766.81	517.0	75.86	56.67
PTHR11210	674.0	629.26	959.0	171.81	128.36
PTHR12321	2229.0	2139.52	1899.0	196.11	146.51
PTHR25040	3683.0	3548.78	2589.32	197.1	147.26
PTHR12323	2155.0	2020.78	240.0	40.88	30.54
PTHR10344	903.0	858.26	95.0	12.44	9.3
PTHR21015	1531.87	1487.13	567.0	42.7	31.9
PTHR16196	1877.0	1787.52	341.29	43.15	32.24
PTHR16193	664.44	619.71	172.0	31.29	23.38
PTHR22792	4831.21	4741.74	4926.46	186.36	139.23
PTHR22790	2048.83	1959.35	158.0	18.48	13.81
PTHR21680	1126.0	1081.26	882.0	91.53	68.38
PTHR21689	3410.56	3321.08	1294.0	74.45	55.62
PTHR21113	2361.34	2271.86	217.0	20.27	15.14
PTHR21663	2362.0	2317.26	196.0	9.46	7.07
PTHR13253	14005.27	13513.13	5771.04	459.37	343.2
PTHR12446	6567.16	6388.21	2368.94	94.64	70.7
PTHR22603	1890.77	1801.29	284.0	29.36	21.94
PTHR21206	905.0	860.26	71.0	9.28	6.93
PTHR13789	13287.53	12929.62	5363.74	377.57	282.08
PTHR10071	14670.28	14267.63	11531.47	650.59	486.07
PTHR24188	12967.41	12564.76	773.01	77.49	57.89
PTHR13780	9368.08	9144.38	7087.94	437.96	327.21
PTHR10670	4264.65	4175.17	289.0	15.48	11.56
PTHR10677	4488.9	4354.68	645.0	46.61	34.82
PTHR13078	3085.0	2995.52	82.0	8.62	6.44
PTHR12815	4560.0	4470.52	2017.93	84.45	63.09
PTHR12814	998.98	954.24	514.0	60.49	45.2
PTHR24361	8878.0	8564.96	1942.0	138.54	103.5
PTHR24362	12455.3	12097.46	7165.1	303.06	226.41
PTHR10416	1591.0	1546.26	162.0	11.73	8.77
PTHR10410	2653.0	2563.52	1405.25	124.71	93.18
PTHR10783	6437.67	6213.98	2672.0	214.54	160.28
PTHR10782	2452.0	2407.26	261.0	12.12	9.06
PTHR13476	774.0	729.26	265.0	40.9	30.56
PTHR10788	2773.0	2728.26	2091.0	85.64	63.99
PTHR10891	8208.37	7895.22	3553.35	306.56	229.04
PTHR10890	947.0	857.56	49.0	13.46	10.05
PTHR20426	2123.03	2078.29	1199.0	64.52	48.21
PTHR23213	4955.0	4820.78	743.0	53.78	40.18
PTHR10520	8513.0	8334.04	3685.98	214.71	160.4
PTHR10250	2229.0	2139.52	780.0	69.59	52.0
PTHR10527	6880.0	6790.52	4494.89	149.24	111.5
PTHR31384	1763.0	1718.26	504.0	32.83	24.53
PTHR10098	2031.37	1941.9	1083.0	99.48	74.33
PTHR10091	2677.0	2587.52	680.0	58.41	43.64
PTHR31142	1580.0	1535.26	1709.0	124.66	93.13
PTHR31140	2845.0	2755.52	1004.0	65.3	48.79
PTHR31412	3765.0	3675.52	1016.99	53.9	40.27
PTHR11787	5959.0	5824.8	1827.0	51.21	38.25
PTHR11785	14954.05	14640.87	6061.95	275.77	206.04
PTHR11782	2177.55	2088.1	605.0	82.34	61.51
PTHR11780	1354.0	1219.83	142.0	37.53	28.04
PTHR32497	5026.5	4937.03	1908.0	82.67	61.77
PTHR32148	5701.0	5477.31	11575.67	1833.77	1370.04
PTHR23324	7192.07	7057.85	1287.82	70.81	52.91
PTHR23327	4756.77	4622.55	1191.0	82.25	61.44
PTHR23326	3043.0	2908.78	1173.03	157.77	117.88
PTHR23321	5205.0	5070.78	2484.23	163.59	122.23
PTHR23323	4727.1	4592.88	1015.01	75.78	56.61
PTHR23322	1361.0	1271.53	263.0	47.62	35.57
PTHR23329	4246.0	4111.78	1047.0	72.76	54.35
PTHR11236	4375.35	4285.87	1228.0	61.06	45.62
PTHR11364	1102.0	1057.26	382.0	40.55	30.29
PTHR20932	2759.0	2669.52	1018.0	77.37	57.8
PTHR10322	16990.75	16588.15	4352.04	167.25	124.95
PTHR11239	4544.0	4409.78	3016.85	187.98	140.43
PTHR10803	3827.0	3692.78	1950.0	157.5	117.68
PTHR31964	15999.59	15462.72	6472.95	663.77	495.92
PTHR10552	1597.08	1552.34	1264.0	91.18	68.12
PTHR23030	2420.0	2375.26	789.05	37.14	27.75
PTHR11129	3312.0	3222.52	599.0	41.31	30.86
PTHR11122	6451.06	6272.1	2811.0	193.5	144.56
PTHR15316	2700.41	2566.2	1177.0	146.74	109.63
PTHR11127	549.0	504.26	9564.25	2143.92	1601.76
PTHR11125	3423.0	3378.26	1140.17	37.69	28.16
PTHR31566	2019.0	1974.26	1061.0	60.12	44.91
PTHR31567	1747.98	1703.25	627.23	41.22	30.79
PTHR31561	4967.88	4878.4	1165.09	52.61	39.31
PTHR15137	1870.3	1825.56	201.0	12.32	9.2
PTHR14950	6707.21	6573.03	1013.0	36.67	27.39
PTHR15954	3331.0	3196.78	556.0	53.42	39.92
PTHR15952	2837.0	2792.26	679.0	27.17	20.3
PTHR21319	6461.0	6237.32	2219.0	188.19	140.59
PTHR30612	3156.6	3111.87	3641.33	130.71	97.66
PTHR19271	5239.34	5149.86	1002.03	49.94	37.31
PTHR19861	1033.0	988.26	100.0	11.36	8.49
PTHR12022	1734.0	1689.26	1772.53	117.45	87.75
PTHR12233	1471.0	1426.26	412.0	32.36	24.18
PTHR12029	8149.93	7881.49	3153.63	249.75	186.6
PTHR21220	1038.53	993.79	104.0	11.75	8.78
PTHR31221	1136.71	1091.97	786.0	80.76	60.34
PTHR22780	3592.55	3547.81	2128.0	66.98	50.04
PTHR21477	1328.91	1284.17	1091.0	95.22	71.14
PTHR19308	5271.0	5181.52	4222.99	182.73	136.51
PTHR16301	1442.45	1352.97	216.0	35.66	26.64
PTHR13265	2157.0	2112.26	236.0	12.5	9.34
PTHR22870	22129.5	21369.04	5633.43	385.83	288.29
PTHR17630	1036.0	991.26	71.0	8.04	6.01
PTHR10064	627.0	582.26	20483.5	3969.35	2965.58
PTHR10060	3952.61	3818.4	362.0	32.62	24.37
PTHR10663	22758.03	22444.86	5355.14	173.51	129.62
PTHR10666	2663.09	2484.15	28227.35	4766.1	3560.83
PTHR10668	12386.96	12073.79	2515.99	145.28	108.54
PTHR12265	2177.97	2133.23	153.0	8.02	5.99
PTHR12801	8141.03	7917.46	1772.0	122.04	91.18
PTHR12802	7212.7	6989.0	7068.8	491.96	367.55
PTHR12805	857.0	812.26	89.0	12.32	9.21
PTHR12806	999.29	954.56	207.98	24.47	18.28
PTHR21506	3200.0	3110.52	441.0	30.9	23.09
PTHR21091	10587.41	10229.55	11942.12	832.73	622.15
PTHR21090	1529.0	1484.26	1804.12	136.14	101.71
PTHR13734	1740.0	1695.26	608.0	40.14	29.99
PTHR24315	3392.0	3302.52	2079.01	226.47	169.2
PTHR24314	6333.03	6109.34	775.01	57.29	42.81
PTHR11933	1619.43	1574.69	594.0	42.24	31.56
PTHR11932	7800.0	7665.78	5095.06	204.44	152.74
PTHR11934	3439.0	3349.52	1660.01	136.03	101.63
PTHR11937	5836.95	5657.99	7990.84	549.65	410.64
PTHR11938	13256.42	13032.72	28887.42	1022.77	764.12
PTHR13683	3541.0	3496.26	2208.0	70.53	52.69
PTHR24089	34725.27	33427.83	35774.82	2721.61	2033.35
PTHR10796	7528.51	7394.29	3060.0	116.82	87.29
PTHR10794	4023.0	3888.78	504.0	42.65	31.86
PTHR10795	36798.09	35903.43	14707.12	546.94	408.64
PTHR10792	610.0	565.26	7895.35	1576.55	1177.87
PTHR10799	53684.91	52074.5	8401.5	563.11	420.7
PTHR10882	1143.72	1098.98	394.0	40.22	30.05
PTHR10887	24340.43	23893.03	5528.49	241.19	180.18
PTHR11686	2324.39	2279.66	465.97	22.85	17.07
PTHR11685	5722.15	5587.93	2017.0	134.44	100.45
PTHR11680	1988.34	1943.6	5159.82	296.99	221.88
PTHR24221	18100.69	17519.2	9550.94	572.05	427.39
PTHR24220	7520.4	7207.23	3186.32	315.93	236.03
PTHR24223	10889.02	10620.59	7583.8	216.76	161.96
PTHR11689	9178.0	9043.78	2059.0	72.94	54.5
PTHR10252	2228.0	2093.78	321.0	50.67	37.85
PTHR13124	1019.0	974.26	254.0	29.27	21.87
PTHR31173	4539.0	4449.52	1679.96	69.12	51.63
PTHR10997	12503.3	12324.34	3414.36	105.35	78.71
PTHR31385	3756.75	3622.53	1173.0	111.4	83.22
PTHR31356	7051.19	6872.24	7708.05	584.31	436.55
PTHR31724	3679.67	3500.73	741.0	72.69	54.32
PTHR31352	3154.0	3064.52	2266.8	144.4	107.89
PTHR31350	9818.31	9505.13	5291.0	358.93	268.17
PTHR11758	654.0	609.26	12803.86	2369.98	1770.66
PTHR23333	1084.0	1039.26	695.92	75.16	56.15
PTHR11751	14638.02	14324.86	6535.18	337.99	252.51
PTHR11753	2846.0	2711.78	2243.01	274.92	205.4
PTHR11752	21060.61	20523.86	9915.97	330.98	247.27
PTHR24423	16091.0	15733.08	9261.58	520.65	389.0
PTHR11206	15622.33	15219.68	3841.57	229.01	171.1
PTHR11757	5571.0	5392.04	796.0	48.76	36.43
PTHR24420	49441.6	48412.64	15244.44	750.8	560.92
PTHR10332	2498.37	2408.89	550.0	50.11	37.44
PTHR32557	1872.0	1827.26	916.05	56.1	41.91
PTHR14145	3200.27	3110.79	960.01	70.81	52.91
PTHR20922	2524.86	2435.39	483.0	58.14	43.44
PTHR13600	2335.0	2245.52	212.0	29.82	22.28
PTHR15744	1512.05	1467.31	745.0	56.87	42.49
PTHR23029	9580.22	9267.07	1805.94	125.94	94.09
PTHR23023	7156.91	6977.95	1281.01	71.64	53.51
PTHR12847	2240.0	2105.78	406.0	57.58	43.02
PTHR11119	8409.44	8230.48	1963.92	101.74	76.01
PTHR31595	9287.8	8929.88	1035.02	87.21	65.15
PTHR31596	4198.0	4108.52	1726.0	83.06	62.06
PTHR15948	1498.52	1453.79	124.0	9.55	7.14
PTHR32026	877.0	832.26	41.0	5.54	4.14
PTHR31829	1475.0	1430.26	2328.59	182.38	136.26
PTHR31419	2006.0	1916.52	117.0	12.97	9.68
PTHR14898	1181.61	1136.89	452.1	44.59	33.32
PTHR19241	45784.92	44666.54	17258.53	795.4	594.25
PTHR14894	2099.94	2010.46	335.57	37.01	27.65
PTHR15239	1760.73	1715.99	295.97	19.3	14.42
PTHR12497	2609.0	2519.52	703.0	52.18	38.99
PTHR12304	1333.0	1288.26	72.01	6.26	4.68
PTHR30540	4304.14	4259.4	567.0	14.86	11.1
PTHR30544	4554.93	4465.46	797.04	47.55	35.52
PTHR13302	2546.0	2501.26	610.0	27.26	20.37
PTHR12472	1409.0	1319.52	126.0	23.59	17.63
PTHR13308	6562.51	6383.57	6718.58	393.07	293.66
PTHR12477	3987.25	3897.77	1291.0	75.26	56.22
PTHR13878	1959.85	1915.11	301.0	17.58	13.14
PTHR21461	3923.0	3788.78	428.0	36.64	27.37
PTHR13872	528.0	483.26	11469.19	2684.19	2005.4
PTHR22849	9871.25	9647.55	4586.95	151.95	113.52
PTHR21314	2202.0	2112.52	232.0	24.71	18.46
PTHR13271	21287.73	20616.63	5066.87	398.47	297.69
PTHR22841	5354.0	5175.04	1366.0	111.0	82.93
PTHR13273	1137.0	1092.26	645.99	66.36	49.58
PTHR22847	28480.96	27541.49	7737.47	575.38	429.9
PTHR22846	2261.0	2216.26	669.0	33.75	25.22
PTHR22844	20081.58	19455.23	6248.24	412.34	308.08
PTHR23270	1319.0	1274.26	256.0	22.52	16.82
PTHR11601	7766.0	7587.04	3490.69	195.6	146.13
PTHR21266	4183.0	4004.04	2310.95	212.87	159.03
PTHR12271	6874.8	6740.59	3216.24	155.43	116.13
PTHR21262	3703.0	3658.26	2725.89	83.21	62.17
PTHR12276	2362.7	2228.5	1130.0	140.77	105.16
PTHR10657	1777.0	1687.52	381.0	58.38	43.61
PTHR10655	4866.55	4732.33	4462.72	228.66	170.84
PTHR10652	2251.92	2162.44	568.0	54.32	40.58
PTHR17972	4494.0	4449.26	1081.69	27.14	20.28
PTHR10751	5649.0	5514.78	1112.23	53.41	39.91
PTHR21085	1517.0	1472.26	1078.0	82.01	61.27
PTHR11922	5090.84	4867.29	1079.65	131.81	98.48
PTHR11926	3021.98	2887.76	384.0	42.41	31.68
PTHR11431	1221.76	1177.03	3132.01	298.41	222.95
PTHR10430	2560.0	2425.78	898.76	131.63	98.35
PTHR10436	8825.0	8511.82	1810.0	111.07	82.97
PTHR10434	2546.0	2456.52	554.0	50.29	37.58
PTHR24096	6354.93	6175.97	13627.33	780.06	582.81
PTHR13693	5775.59	5641.37	1409.0	79.4	59.32
PTHR13691	3295.0	3160.78	19230.31	1993.98	1489.74
PTHR13451	6594.23	6415.27	829.0	53.45	39.93
PTHR13452	1024.0	979.26	350.0	40.13	29.98
PTHR10759	530.0	485.26	8227.41	1917.45	1432.56
PTHR12901	1851.0	1806.26	664.0	41.14	30.73
PTHR12903	2746.36	2701.62	2245.25	92.87	69.39
PTHR23237	1005.0	960.26	1805.0	211.09	157.71
PTHR10501	1517.56	1428.08	470.03	75.01	56.05
PTHR31169	6261.87	6038.17	1610.0	185.53	138.62
PTHR11426	1455.67	1366.19	151.0	31.33	23.41
PTHR14087	3340.0	3250.52	563.0	26.17	19.54
PTHR23309	3724.0	3634.52	2820.05	139.62	104.31
PTHR31344	3460.15	3415.41	1746.97	57.12	42.68
PTHR31619	2033.0	1988.26	3370.9	189.65	141.69
PTHR23306	1756.03	1666.55	345.0	46.9	35.04
PTHR23305	2996.0	2861.85	5482.12	454.91	339.87
PTHR14089	1137.0	1092.26	99.0	10.17	7.6
PTHR11748	5786.12	5562.45	1586.0	119.18	89.04
PTHR11214	4936.0	4801.78	1937.0	133.15	99.48
PTHR11216	3403.03	3268.83	519.0	46.05	34.41
PTHR14154	3564.61	3340.92	1126.0	173.47	129.6
PTHR14155	5006.08	4916.6	1211.0	64.17	47.95
PTHR14152	566.0	521.26	132.0	28.61	21.38
PTHR11699	11798.46	11440.57	6011.06	373.78	279.25
PTHR11692	2300.0	2255.26	1318.0	65.34	48.82
PTHR11693	1554.0	1509.26	6971.16	517.28	386.47
PTHR11695	12704.6	12301.95	6036.49	440.42	329.03
PTHR31760	490.0	445.27	86.0	21.87	16.34
PTHR31906	11040.29	10637.64	2624.05	312.48	233.47
PTHR21419	2246.0	2201.26	657.0	33.37	24.93
PTHR23012	8936.49	8623.32	3585.0	302.88	226.3
PTHR11101	7242.58	6884.68	4843.6	605.65	452.49
PTHR11102	6043.47	5909.25	1667.73	125.97	94.12
PTHR11106	769.09	724.35	112.0	17.41	13.0
PTHR31585	1459.48	1414.74	734.25	58.14	43.44
PTHR32125	1927.0	1837.52	550.95	82.22	61.43
PTHR31588	3973.0	3883.52	1776.62	105.39	78.73
PTHR32120	1371.0	1326.26	246.0	20.79	15.53
PTHR15680	1853.0	1763.52	244.0	32.01	23.92
PTHR11804	6468.31	6289.37	3571.02	160.04	119.56
PTHR11374	1705.0	1660.26	3293.16	222.04	165.89
PTHR10281	950.0	905.26	82.0	10.18	7.6
PTHR18895	553.0	508.26	172.0	38.25	28.58
PTHR12169	4003.36	3913.88	1947.99	118.21	88.32
PTHR12486	1568.0	1478.52	80.63	11.81	8.82
PTHR12480	3668.68	3534.46	360.0	32.25	24.08
PTHR12482	1340.43	1250.97	366.92	61.41	45.88
PTHR12317	2483.0	2393.52	1215.0	97.28	72.69
PTHR12649	1293.37	1248.63	600.0	53.87	40.25
PTHR10099	4517.0	4472.26	4343.9	108.42	81.0
PTHR13992	2800.0	2755.26	671.0	27.21	20.33
PTHR12461	7714.55	7490.85	1944.0	134.52	100.5
PTHR12466	931.0	886.26	235.0	29.8	22.26
PTHR13847	12679.6	12276.96	5088.98	402.11	300.41
PTHR32251	4934.33	4800.11	2668.15	197.25	147.37
PTHR26312	3445.0	3310.78	1296.0	104.95	78.41
PTHR12000	1527.0	1482.26	596.0	45.03	33.65
PTHR12001	3749.71	3660.23	4954.91	328.56	245.47
PTHR21327	3984.0	3894.52	2416.63	139.14	103.96
PTHR21631	3738.62	3649.14	10139.67	618.94	462.42
PTHR22854	5094.55	4960.33	3398.62	209.59	156.58
PTHR22855	6529.27	6350.31	5843.0	375.53	280.57
PTHR22850	11781.92	11424.0	5198.3	442.29	330.44
PTHR22504	2021.0	1976.26	3078.03	174.23	130.17
PTHR12189	1156.2	1111.46	170.0	17.16	12.82
PTHR21256	3586.29	3496.82	3078.48	170.88	127.67
PTHR12266	2971.0	2881.52	1067.0	90.68	67.76
PTHR10648	4133.35	4043.87	1673.0	92.74	69.29
PTHR10641	13116.98	12848.54	4822.09	198.66	148.41
PTHR10644	13299.76	13031.32	6029.89	244.82	182.91
PTHR12864	3906.74	3727.79	940.0	107.79	80.52
PTHR12860	2905.0	2860.26	924.0	36.09	26.97
PTHR13194	750.0	705.26	67.0	10.7	7.99
PTHR13190	971.82	927.08	842.0	102.02	76.22
PTHR13193	501.0	456.26	129.0	32.0	23.91
PTHR11913	684.0	639.26	241.99	42.67	31.88
PTHR11911	7469.36	7290.4	21694.78	1224.1	914.55
PTHR11910	1133.0	1088.26	3456.59	356.38	266.26
PTHR11918	6677.39	6453.74	1565.85	105.38	78.73
PTHR12919	779.0	734.26	1910.0	292.79	218.75
PTHR12910	1695.0	1605.52	1179.0	157.14	117.4
PTHR12917	6696.35	6517.4	1200.41	81.3	60.74
PTHR11351	2070.0	2025.26	3582.75	197.87	147.83
PTHR11353	10812.0	10454.08	9328.92	800.96	598.41
PTHR11599	13611.0	13029.38	9278.44	1028.84	768.66
PTHR10516	12383.99	11891.85	3236.98	385.77	288.21
PTHR11592	5187.47	4963.78	2351.81	253.41	189.32
PTHR31620	1587.0	1542.26	7246.82	526.18	393.12
PTHR23315	9022.01	8708.84	1853.0	114.08	85.22
PTHR23316	2252.0	2207.26	2776.63	140.66	105.09
PTHR11778	3103.0	3013.52	1123.0	82.22	61.42
PTHR11774	1201.0	1156.26	126.0	12.22	9.13
PTHR11773	3594.0	3549.26	2350.38	73.95	55.25
PTHR11772	6608.0	6384.3	7098.92	389.78	291.22
PTHR10357	18567.37	18164.71	11856.62	504.35	376.82
PTHR10353	1665.53	1620.8	370.0	25.56	19.09
PTHR10350	4408.0	4363.26	1085.0	27.76	20.74
PTHR10351	3254.44	3164.97	5826.96	627.96	469.17
PTHR10359	5515.98	5337.02	1434.0	100.29	74.92
PTHR31750	2086.15	2041.41	933.0	51.12	38.19
PTHR23418	1527.0	1482.26	702.0	53.04	39.63
PTHR14189	1706.73	1661.99	693.0	46.68	34.87
PTHR31245	1570.0	1525.26	1371.0	100.66	75.21
PTHR23001	2070.0	2025.26	1923.0	106.2	79.35
PTHR23002	2091.0	2001.52	136.0	16.55	12.36
PTHR30178	3601.13	3466.91	8468.14	925.57	691.51
PTHR22904	17541.04	16914.69	4180.98	310.42	231.91
PTHR11177	24522.17	23761.59	30326.95	2046.29	1528.81
PTHR11178	1500.0	1455.26	851.97	65.58	48.99
PTHR14456	1270.29	1180.82	101.99	19.69	14.71
PTHR31808	1560.0	1515.26	671.19	49.61	37.06
PTHR31803	4213.0	4078.78	1910.43	118.25	88.34
PTHR11009	2015.44	1925.96	410.0	48.02	35.88
PTHR19229	16981.13	16757.45	4113.99	81.91	61.19
PTHR11005	3427.4	3337.92	1184.18	90.65	67.72
PTHR11006	4042.1	3952.63	927.0	54.24	40.53
PTHR18640	1921.0	1876.26	506.0	30.17	22.54
PTHR18866	21434.53	21031.88	16254.1	726.54	542.82
PTHR15588	2726.0	2636.52	2891.9	180.19	134.61
PTHR12677	7160.0	6981.04	1940.0	120.4	89.95
PTHR19134	2084.6	2039.86	3575.65	196.06	146.48
PTHR19139	6966.03	6742.34	1248.35	105.64	78.93
PTHR30566	7209.5	7030.54	1589.0	100.29	74.94
PTHR12459	1900.0	1855.26	384.0	23.16	17.3
PTHR12456	2068.79	1979.32	180.0	19.44	14.52
PTHR22931	6971.0	6881.52	4234.49	115.36	86.19
PTHR19359	8673.08	8404.64	4867.0	421.92	315.23
PTHR12072	3112.0	3022.52	421.88	29.25	21.85
PTHR13218	953.0	908.26	72.03	8.91	6.66
PTHR13215	1530.0	1440.52	120.0	19.55	14.61
PTHR13213	1535.51	1446.03	704.0	105.51	78.82
PTHR12290	1964.86	1920.12	364.0	21.21	15.85
PTHR21530	6359.0	6135.3	1585.65	128.7	96.17
PTHR12295	4144.0	4099.26	565.0	15.39	11.5
PTHR12298	6952.97	6729.27	2817.99	154.52	115.44
PTHR10638	3176.66	3131.92	4448.12	158.65	118.53
PTHR10634	1401.0	1356.26	1642.51	135.7	101.39
PTHR10631	2562.23	2472.75	485.0	35.53	26.54
PTHR10984	4139.0	4004.78	3094.57	256.99	192.0
PTHR13501	1768.0	1678.52	3447.0	506.05	378.08
PTHR13505	677.0	632.26	51.0	9.09	6.79
PTHR12850	449.0	404.27	20222.64	5672.66	4238.14
PTHR12856	678.0	633.26	63.0	11.21	8.38
PTHR12855	1721.0	1676.26	748.0	49.95	37.32
PTHR12854	2788.43	2698.96	932.0	68.72	51.34
PTHR13182	620.0	575.26	139.0	27.27	20.37
PTHR10855	1808.0	1763.26	1217.0	77.24	57.71
PTHR10743	971.0	926.26	348.0	42.2	31.53
PTHR10742	19372.94	18925.54	6033.29	348.52	260.37
PTHR10745	2340.0	2295.26	2167.11	105.56	78.87
PTHR10744	1577.0	1487.52	22778.92	2840.49	2122.19
PTHR10746	3478.94	3389.46	4490.4	381.05	284.69
PTHR12924	776.0	731.26	1985.68	305.65	228.35
PTHR23308	5813.83	5590.13	2884.99	354.61	264.94
PTHR11349	1622.0	1532.52	3522.84	548.05	409.46
PTHR10566	20707.27	20215.16	8416.56	446.27	333.42
PTHR11588	3030.0	2895.78	19261.22	1379.66	1030.76
PTHR10291	1100.0	1055.26	195.0	20.74	15.49
PTHR11584	8070.47	7891.52	1838.0	115.54	86.32
PTHR11586	1043.0	998.26	179.0	20.13	15.04
PTHR11909	6514.8	6335.84	8640.98	466.4	348.46
PTHR24320	11514.68	11156.76	1700.0	132.35	98.87
PTHR24322	20032.71	19316.88	6792.57	571.44	426.91
PTHR11907	2177.0	2132.26	1416.53	74.29	55.51
PTHR11760	1467.0	1377.52	23037.9	3269.85	2442.97
PTHR11761	1784.0	1694.52	14875.88	2764.81	2065.64
PTHR11766	1920.0	1830.52	341.0	42.68	31.88
PTHR11767	6275.99	6097.06	1419.89	81.0	60.52
PTHR10361	4857.63	4723.41	465.57	31.58	23.59
PTHR10366	14721.99	14185.13	18638.92	1511.73	1129.44
PTHR10169	3361.0	3316.26	788.0	26.54	19.83
PTHR10168	5673.18	5449.52	3449.08	238.41	178.12
PTHR20973	1805.23	1760.49	173.0	11.0	8.22
PTHR10165	1540.0	1495.26	594.0	44.49	33.24
PTHR31032	3027.0	2937.52	5387.64	407.27	304.28
PTHR23257	143057.8	139210.74	61407.8	3255.54	2432.3
PTHR23253	2218.0	2173.26	168.0	8.64	6.46
PTHR14190	2516.0	2471.26	579.0	26.19	19.57
PTHR14194	9650.98	9293.08	7696.99	698.41	521.79
PTHR31251	28540.87	27511.88	7935.72	687.68	513.78
PTHR23074	15915.6	15423.47	4758.61	433.37	323.77
PTHR23077	11362.92	10736.71	2129.82	255.24	190.67
PTHR23076	16783.64	16157.32	10596.08	892.11	666.51
PTHR12561	1517.0	1472.26	306.04	23.28	17.39
PTHR23073	7505.26	7147.36	7679.97	1007.36	752.62
PTHR10293	3997.1	3818.14	1719.01	213.12	159.23
PTHR23078	1748.0	1658.52	582.0	78.87	58.93
PTHR11165	2277.0	2187.52	3065.98	313.83	234.47
PTHR10772	3737.77	3603.55	5274.98	487.36	364.12
PTHR32100	5352.0	5217.78	9340.54	663.25	495.52
PTHR14445	2181.0	2091.52	494.0	53.28	39.81
PTHR31811	2368.16	2278.68	166.0	14.68	10.96
PTHR23102	4092.97	3958.76	1374.24	106.34	79.46
PTHR23105	6016.42	5747.98	40502.14	4465.88	3336.54
PTHR11010	8123.83	7944.88	2751.0	156.19	116.69
PTHR11014	6030.41	5851.47	1269.0	77.71	58.06
PTHR12668	3919.0	3829.52	2259.0	126.1	94.21
PTHR12661	3303.0	3258.26	1784.0	61.16	45.69
PTHR12663	4219.83	4175.09	1344.53	35.95	26.86
PTHR12664	1353.52	1308.78	1437.99	123.14	92.0
PTHR16166	33392.28	32944.88	7472.99	231.32	172.8
PTHR12111	867.0	822.26	435.36	59.53	44.48
PTHR12447	602.0	557.26	19.0	3.85	2.88
PTHR15481	778.0	733.26	36.0	5.53	4.13
PTHR26379	2088.0	1998.52	2512.0	254.77	190.34
PTHR12599	1259.0	1214.26	1512.0	139.62	104.31
PTHR12596	3743.0	3698.26	1305.0	39.4	29.44
PTHR12590	891.01	846.28	177.0	23.51	17.57
PTHR12066	4350.48	4171.52	287.0	29.86	22.31
PTHR12064	3924.0	3789.78	2135.02	120.51	90.04
PTHR13226	1711.22	1621.76	166.0	20.48	15.31
PTHR13889	2988.0	2943.26	1971.99	74.85	55.93
PTHR13887	1074.0	1029.26	82.0	8.94	6.68
PTHR21181	670.0	625.26	246.0	44.36	33.14
PTHR12412	2566.0	2521.26	464.0	20.57	15.37
PTHR13948	2276.87	2187.39	270.0	28.35	21.19
PTHR12146	1020.0	930.62	11104.42	1884.54	1407.97
PTHR10458	3066.0	2976.52	1605.99	124.63	93.11
PTHR19306	9212.3	9078.08	1433.0	47.85	35.75
PTHR12280	5112.25	4978.03	1334.73	83.31	62.25
PTHR11451	7443.69	7264.73	6538.2	326.05	243.6
PTHR12286	3424.5	3335.02	397.0	23.56	17.61
PTHR12415	5615.13	5436.19	335.0	23.1	17.26
PTHR30573	2341.0	2296.26	744.0	36.22	27.06
PTHR22983	1153.0	1108.26	141.0	14.27	10.66
PTHR22981	1255.0	1210.26	534.0	49.47	36.96
PTHR10947	2702.0	2612.53	948.0	83.55	62.43
PTHR30191	2831.2	2786.46	5518.85	221.31	165.34
PTHR13082	761.0	716.26	115.0	18.08	13.5
PTHR10629	3752.0	3617.78	196.0	17.54	13.1
PTHR10994	12999.6	12641.68	2805.78	198.28	148.15
PTHR10996	7784.61	7516.18	2322.01	136.42	101.92
PTHR10625	11473.9	11026.52	3911.27	278.19	207.85
PTHR10992	38532.96	37325.0	10775.71	805.86	602.06
PTHR10993	1797.0	1707.52	234.0	37.92	28.33
PTHR17695	4576.76	4442.55	836.0	60.88	45.48
PTHR12848	2610.0	2520.52	376.91	33.47	25.0
PTHR12849	1895.0	1805.52	261.0	32.49	24.27
PTHR21712	969.68	924.97	106.0	12.87	9.62
PTHR21294	2090.33	2045.6	914.0	49.97	37.33
PTHR12841	938.0	893.26	44.0	5.53	4.14
PTHR21290	3992.0	3813.04	949.0	109.54	81.85
PTHR21349	1582.0	1492.52	1852.98	296.53	221.55
PTHR21347	1980.6	1935.86	1335.0	77.15	57.64
PTHR21343	341.0	296.31	7.0	2.69	2.01
PTHR10196	7051.53	6872.58	1017.0	66.76	49.89
PTHR10192	3011.0	2921.52	3448.01	195.35	145.94
PTHR10755	1174.47	1129.74	6079.86	603.65	451.0
PTHR10758	3127.81	3038.34	3113.9	262.04	195.77
PTHR13152	834.1	789.36	84.0	11.97	8.94
PTHR12932	6214.75	6035.83	4381.02	269.57	201.4
PTHR12934	1962.0	1872.52	2305.01	281.12	210.02
PTHR10288	11695.79	11427.35	19942.23	1053.09	786.79
PTHR11800	1409.0	1364.26	738.0	60.61	45.29
PTHR11802	14674.49	14361.32	14339.24	688.9	514.69
PTHR11807	2130.71	2041.24	282.17	30.74	22.96
PTHR11808	9332.0	9063.57	4401.02	257.33	192.26
PTHR10283	10897.0	10673.3	3157.93	152.93	114.25
PTHR10285	7814.03	7590.36	15866.92	995.87	744.04
PTHR10286	990.07	945.33	2022.08	240.24	179.49
PTHR11579	3019.34	2929.86	1545.0	119.59	89.35
PTHR13718	2679.0	2589.52	17434.5	1897.08	1417.34
PTHR13711	6479.0	6210.56	3580.85	519.56	388.17
PTHR13710	13620.01	13172.8	790.0	67.27	50.26
PTHR11977	1492.23	1447.49	1779.7	137.72	102.89
PTHR11972	5726.74	5637.27	7307.37	257.01	192.02
PTHR31480	1230.0	1185.26	993.0	93.95	70.19
PTHR31485	10969.58	10566.93	3572.0	281.07	209.98
PTHR11715	984.0	939.26	2186.66	261.49	195.36
PTHR11717	2192.0	2102.52	328.0	27.95	20.88
PTHR11711	9176.26	8863.09	8321.34	1021.42	763.13
PTHR11712	36807.2	35197.53	4475.95	220.78	164.95
PTHR10374	4258.54	4124.32	5287.93	298.67	223.14
PTHR10178	2942.6	2853.12	969.98	84.91	63.43
PTHR11482	12014.2	11835.24	17075.47	673.35	503.06
PTHR10173	4661.86	4482.9	3257.06	289.95	216.63
PTHR10177	7483.39	7304.43	10256.77	628.56	469.6
PTHR10174	6284.19	6060.49	1804.85	161.59	120.72
PTHR23249	2143.0	2053.52	429.0	44.71	33.41
PTHR23244	13661.51	13258.87	3162.74	280.28	209.4
PTHR23245	467.99	423.28	108.0	28.91	21.6
PTHR23240	2060.23	1970.76	260.01	27.81	20.77
PTHR14614	12951.17	12548.51	1042.18	79.95	59.75
PTHR31268	2350.0	2260.54	1246.19	72.83	54.41
PTHR31262	1991.95	1857.76	57661.7	7001.29	5230.79
PTHR23063	2105.76	2016.28	517.0	64.0	47.81
PTHR11620	700.0	655.26	10665.31	1834.1	1370.29
PTHR11624	4458.0	4368.52	2877.0	192.82	144.06
PTHR11627	5107.5	4928.54	17989.14	1262.43	943.18
PTHR11390	4669.85	4580.37	1154.0	74.88	55.95
PTHR31319	4338.0	4248.52	6772.57	355.58	265.66
PTHR14052	1374.73	1329.99	319.0	26.88	20.08
PTHR32118	2364.0	2319.26	6238.97	300.75	224.7
PTHR23117	1852.77	1808.03	4096.01	253.51	189.4
PTHR23115	48116.52	47087.5	119278.87	7116.32	5316.73
PTHR11028	1556.0	1511.26	1355.4	100.44	75.04
PTHR11024	6904.0	6769.78	1448.48	77.5	57.9
PTHR10066	6593.53	6325.09	519.01	47.17	35.23
PTHR11777	3213.0	3168.26	3488.76	123.0	91.9
PTHR12616	2001.0	1956.26	479.0	27.39	20.46
PTHR12613	2775.0	2730.26	1153.0	47.19	35.26
PTHR12612	688.0	643.26	334.0	58.52	43.72
PTHR32060	3859.0	3769.52	2967.0	145.37	108.61
PTHR12126	3156.0	3066.52	2430.6	172.42	128.81
PTHR12436	7105.21	6926.25	2105.59	128.85	96.27
PTHR22734	1395.0	1350.26	422.0	35.02	26.16
PTHR12121	2209.0	2119.52	435.0	46.7	34.89
PTHR12438	1622.33	1577.59	213.0	15.12	11.29
PTHR15492	1834.0	1789.26	441.0	27.58	20.61
PTHR21426	2140.0	2095.26	160.0	8.54	6.38
PTHR21427	1217.0	1172.26	163.0	15.59	11.65
PTHR19372	1995.0	1950.26	785.9	45.08	33.68
PTHR19370	7619.52	7395.82	10607.19	489.44	365.67
PTHR19376	16943.37	16630.2	5632.0	212.77	158.96
PTHR19375	7089.31	6820.87	2834.0	357.45	267.06
PTHR12725	2286.77	2197.29	576.0	51.5	38.48
PTHR22884	12778.35	12554.65	3414.04	117.39	87.71
PTHR22880	9196.61	8883.43	4349.79	300.87	224.79
PTHR12542	2365.0	2320.26	152.01	7.32	5.47
PTHR12547	2022.0	1932.52	1221.79	94.65	70.72
PTHR12124	4730.0	4595.78	468.0	37.13	27.74
PTHR10114	516.0	471.26	10223.49	2454.43	1833.75
PTHR21512	2591.0	2546.26	264.0	11.59	8.66
PTHR30508	2042.0	1997.26	3635.4	203.6	152.12
PTHR30502	1095.87	1051.14	173.0	18.47	13.8
PTHR10961	2094.66	2005.18	3785.26	354.51	264.86
PTHR10617	8749.68	8481.25	12967.82	810.73	605.7
PTHR10615	2225.11	2135.63	1697.98	168.78	126.09
PTHR13527	4602.66	4557.92	6864.76	168.11	125.6
PTHR22958	7085.27	6951.05	6364.37	261.33	195.24
PTHR14534	2035.0	1990.26	523.0	29.39	21.96
PTHR22951	2380.0	2335.26	486.0	23.27	17.38
PTHR22950	47435.22	46361.46	20682.73	974.24	727.9
PTHR22953	9333.99	9110.29	4673.0	258.81	193.34
PTHR22952	5895.5	5671.8	2215.06	201.05	150.21
PTHR22957	11696.57	11338.68	3027.22	250.47	187.14
PTHR21600	1293.0	1248.26	523.0	46.97	35.09
PTHR24056	14331.04	13928.4	14914.74	487.35	364.11
PTHR24054	1577.0	1532.26	1154.87	84.4	63.06
PTHR24055	11376.71	11063.53	8100.71	547.01	408.7
PTHR24058	4489.0	4310.05	1722.0	166.08	124.07
PTHR10766	3137.0	3002.78	2466.01	274.87	205.36
PTHR10762	3354.17	3219.96	475.0	49.35	36.87
PTHR30031	5806.0	5627.06	8741.0	395.87	295.76
PTHR12945	1366.0	1321.26	299.0	25.36	18.95
PTHR12944	2433.61	2388.88	202.0	9.45	7.06
PTHR24128	5454.93	5320.71	6553.64	329.05	245.84
PTHR12858	4377.0	4198.04	598.0	66.37	49.58
PTHR32228	1193.0	1148.26	48.0	4.69	3.5
PTHR13096	3712.0	3622.52	482.0	29.88	22.33
PTHR11365	5280.64	4922.8	291.0	42.03	31.41
PTHR11361	18763.57	18092.58	1912.12	95.36	71.23
PTHR11814	20712.51	20354.62	9178.47	262.55	196.15
PTHR11363	1403.0	1358.26	26383.99	2176.61	1626.18
PTHR10543	8112.32	7933.36	2433.0	128.94	96.33
PTHR10540	2472.0	2382.52	1669.13	157.17	117.42
PTHR11562	6594.46	6415.5	7774.2	355.58	265.66
PTHR11566	16677.0	16363.82	10849.5	550.21	411.07
PTHR11567	2524.0	2434.52	1472.68	125.93	94.08
PTHR11564	6329.0	6194.78	3069.42	163.89	122.45
PTHR11962	2958.33	2868.85	813.2	63.76	47.64
PTHR11963	1780.0	1735.26	923.0	59.53	44.48
PTHR10381	7174.06	6816.14	10877.03	1320.57	986.61
PTHR10383	2942.0	2852.52	2631.21	212.31	158.62
PTHR11705	1920.36	1830.89	620.0	60.71	45.35
PTHR11702	10251.0	10027.3	8194.64	348.23	260.17
PTHR11700	1446.0	1356.52	23204.06	4493.14	3356.91
PTHR10388	922.0	877.26	3256.0	417.1	311.62
PTHR11709	11311.77	11043.34	4488.17	234.12	174.92
PTHR10145	5912.0	5867.26	2097.0	39.88	29.79
PTHR23273	2704.0	2614.52	947.0	54.11	40.43
PTHR12050	3471.6	3426.86	454.0	14.8	11.05
PTHR24305	923.0	878.26	78.0	9.98	7.46
PTHR23050	2427.0	2292.78	3654.2	524.73	392.03
PTHR23056	2353.0	2263.52	833.0	86.91	64.93
PTHR23054	1819.0	1774.26	266.0	16.78	12.53
PTHR11638	10175.67	9907.23	25585.22	1139.96	851.69
PTHR23291	2992.88	2903.4	1695.0	139.95	104.55
PTHR23293	4668.46	4534.24	5357.09	354.27	264.68
PTHR11141	3077.0	3032.26	1291.74	47.59	35.56
PTHR11142	5407.5	5273.28	641.0	36.83	27.52
PTHR11143	905.0	860.26	20082.19	2623.84	1960.32
PTHR22748	5242.03	5063.07	595.0	52.9	39.53
PTHR11380	968.0	923.26	534.0	64.97	48.54
PTHR11384	2561.0	2471.52	384.0	37.23	27.81
PTHR32477	2209.0	2164.26	172.0	8.89	6.64
PTHR14043	1964.0	1874.52	304.01	36.51	27.28
PTHR32472	3107.84	3063.11	1005.22	36.66	27.39
PTHR31658	3477.0	3432.26	666.03	21.67	16.19
PTHR13890	8446.77	8267.85	3403.02	184.1	137.55
PTHR14269	4152.46	3973.51	972.0	85.37	63.78
PTHR22883	9627.86	9314.69	2060.56	155.73	116.35
PTHR23125	53090.85	51659.32	12134.65	728.47	544.24
PTHR19879	2398.0	2353.26	379.0	18.0	13.45
PTHR22881	3144.54	3055.06	1332.0	94.43	70.55
PTHR14136	2972.0	2837.78	1312.08	160.94	120.25
PTHR19876	6995.0	6905.52	4173.81	137.07	102.41
PTHR12608	4989.32	4810.36	2408.02	192.54	143.85
PTHR12604	2268.0	2223.26	265.0	13.33	9.96
PTHR12603	2815.0	2725.52	989.0	83.74	62.56
PTHR32091	2693.99	2604.51	4664.27	409.33	305.82
PTHR32098	4247.61	4068.66	529.0	59.16	44.21
PTHR18763	1639.0	1549.52	256.0	37.24	27.82
PTHR22726	2302.14	2212.66	249.0	20.34	15.19
PTHR22727	19252.97	18760.91	4484.21	280.44	209.52
PTHR12428	3516.63	3427.15	3315.17	200.48	149.79
PTHR18968	9176.16	8952.46	3823.65	198.8	148.52
PTHR12730	3614.0	3524.52	1142.0	72.62	54.25
PTHR12506	827.0	782.26	125.0	17.98	13.43
PTHR12735	1840.0	1750.52	899.0	108.02	80.71
PTHR15020	3832.0	3742.52	3517.08	285.53	213.32
PTHR12558	2769.14	2679.67	412.0	28.18	21.06
PTHR12553	1670.0	1580.53	174.0	21.76	16.26
PTHR12049	2399.73	2310.25	154.0	14.48	10.81
PTHR10497	933.0	843.55	15158.42	3300.34	2465.75
PTHR24073	4700.0	4476.3	3259.45	384.86	287.53
PTHR21569	702.0	657.26	15411.47	2642.14	1973.99
PTHR21567	1313.0	1268.26	977.0	86.35	64.52
PTHR13950	1190.0	1145.26	227.0	22.23	16.61
PTHR12133	1576.14	1531.4	101.0	7.39	5.52
PTHR10972	6450.18	6315.96	1945.0	120.24	89.82
PTHR10606	4015.05	3970.31	1960.54	55.13	41.19
PTHR10971	1329.0	1284.26	337.0	29.41	21.97
PTHR13743	7955.0	7776.04	830.0	55.35	41.36
PTHR12302	3704.0	3659.26	2597.0	79.25	59.21
PTHR22942	9983.05	9535.74	1768.42	120.63	90.14
PTHR13395	2558.0	2468.52	346.0	28.26	21.12
PTHR13803	6176.63	6042.44	2189.36	73.16	54.67
PTHR21368	1246.0	1156.54	2302.01	332.75	248.6
PTHR24067	16901.37	16230.27	13654.43	1347.75	1006.93
PTHR24064	12775.35	12462.17	5639.22	291.24	217.6
PTHR24063	28404.05	27598.97	12535.32	620.22	463.39
PTHR21011	1531.0	1441.52	1688.03	238.15	177.92
PTHR10774	14572.99	14125.63	3398.04	219.96	164.35
PTHR24068	3025.0	2890.79	1709.49	273.8	204.56
PTHR19980	2076.0	1986.52	131.95	15.02	11.22
PTHR12959	3597.0	3507.52	166.0	12.41	9.27
PTHR24115	30267.07	29372.34	19589.0	685.77	512.36
PTHR11825	9414.4	9101.24	3919.83	269.95	201.68
PTHR10809	1619.0	1529.52	910.0	110.14	82.28
PTHR11822	1701.0	1656.26	3142.01	212.36	158.66
PTHR10555	4474.52	4385.04	5218.0	218.25	163.06
PTHR10806	859.0	814.26	381.0	52.62	39.31
PTHR10804	9489.57	9265.87	6346.23	453.49	338.82
PTHR11556	3811.0	3676.8	9603.3	680.51	508.42
PTHR11558	1457.0	1412.26	424.0	33.63	25.13
PTHR13773	3448.94	3359.47	1432.97	97.23	72.64
PTHR10537	1281.29	1236.56	164.0	14.87	11.11
PTHR11953	2119.0	2029.52	409.0	44.74	33.42
PTHR11952	1761.0	1671.52	919.0	123.49	92.26
PTHR11956	2198.0	2153.26	1529.0	79.41	59.33
PTHR11959	4193.03	4148.29	2148.0	57.81	43.19
PTHR11739	2022.53	1977.79	2911.0	164.64	123.01
PTHR11732	18037.72	17456.17	3796.09	304.51	227.47
PTHR11731	7687.07	7552.86	1625.46	72.47	54.14
PTHR11730	3409.3	3275.09	1122.0	103.15	77.07
PTHR11735	3118.32	2984.1	440.41	45.21	33.78
PTHR10394	790.0	745.26	18622.91	2812.19	2101.04
PTHR20941	2221.98	2132.52	651.0	56.61	42.3
PTHR10150	2908.72	2819.26	453.01	35.33	26.39
PTHR31065	2930.16	2840.69	2435.0	168.57	125.95
PTHR10159	8099.0	7875.3	5405.5	354.97	265.2
PTHR31066	1295.0	1250.26	511.0	45.82	34.23
PTHR13604	1022.0	932.53	54.0	13.78	10.29
PTHR23264	3480.09	3345.87	1032.0	94.62	70.7
PTHR23269	2111.0	2066.26	573.0	31.02	23.17
PTHR31204	1720.0	1675.26	737.88	49.3	36.84
PTHR31201	1685.0	1640.26	873.0	59.58	44.52
PTHR31209	1301.0	1256.26	82.0	7.32	5.47
PTHR11607	3948.0	3858.52	827.03	49.1	36.69
PTHR11606	4816.91	4682.69	2771.4	155.71	116.34
PTHR23284	1570.29	1525.55	275.0	20.19	15.08
PTHR24316	4355.0	4220.78	5959.09	459.97	343.65
PTHR32467	10385.07	9937.7	2585.0	232.71	173.85
PTHR14255	6597.0	6373.3	844.0	72.18	53.94
PTHR31840	838.25	793.52	67.0	9.5	7.1
PTHR23130	4459.0	4369.52	4570.0	176.67	132.0
PTHR23133	1077.0	1032.26	582.0	63.28	47.28
PTHR23135	1532.99	1488.25	852.0	64.11	47.9
PTHR23138	2479.0	2389.52	1675.27	186.4	139.27
PTHR23139	8208.32	7939.89	6743.77	504.2	376.69
PTHR31682	1259.0	1214.26	1385.95	127.98	95.61
PTHR11040	2671.0	2536.78	610.88	86.77	64.82
PTHR11043	835.0	790.26	375.0	53.37	39.88
PTHR11042	6731.86	6552.91	2051.98	133.42	99.67
PTHR11048	13186.85	12918.41	5784.11	302.88	226.28
PTHR15818	1985.0	1940.26	373.0	21.51	16.07
PTHR12636	1194.0	1149.26	294.0	28.69	21.44
PTHR31606	1282.0	1237.26	562.0	50.92	38.05
PTHR14490	2711.1	2576.89	993.0	81.07	60.56
PTHR14493	9730.34	9461.91	10689.29	616.83	460.85
PTHR15651	2177.0	2132.26	284.0	14.9	11.13
PTHR12380	3363.0	3228.78	1609.0	162.71	121.56
PTHR12385	2845.0	2755.52	7214.85	424.96	317.5
PTHR12706	15105.28	14792.1	1121.43	59.75	44.65
PTHR12709	1960.61	1871.13	797.0	100.77	75.28
PTHR19957	6211.85	6032.9	2905.21	233.13	174.18
PTHR30239	1763.0	1718.26	2153.0	140.24	104.78
PTHR12560	3392.0	3302.52	1925.0	130.72	97.65
PTHR11203	5261.3	5127.09	1364.96	71.46	53.4
PTHR12770	6146.76	5923.06	450.0	49.24	36.79
PTHR12097	7251.0	7161.52	5928.0	178.1	133.07
PTHR19842	2635.0	2590.26	759.0	32.75	24.47
PTHR11200	8067.8	7978.32	2454.0	67.44	50.39
PTHR21576	1521.0	1431.52	96.38	13.5	10.08
PTHR24193	13076.58	12584.44	6037.79	520.91	389.17
PTHR12419	4944.5	4720.82	1838.0	203.72	152.21
PTHR23338	3031.0	2896.79	1427.0	190.29	142.17
PTHR30525	1631.0	1586.26	901.0	63.6	47.51
PTHR12413	2072.8	1983.32	168.0	17.24	12.88
PTHR12411	14888.83	14217.82	11314.6	687.51	513.66
PTHR23339	3746.42	3656.94	953.0	73.92	55.22
PTHR21717	5392.93	5258.71	5137.93	214.49	160.24
PTHR10943	3910.0	3820.52	2138.0	110.05	82.22
PTHR12897	3002.0	2957.26	902.0	34.08	25.46
PTHR12894	6310.0	5996.84	426.0	56.74	42.39
PTHR12891	1205.0	1160.26	90.0	8.7	6.5
PTHR22976	4671.0	4492.09	3464.0	204.41	152.72
PTHR22975	2718.83	2584.74	637.0	55.87	41.73
PTHR22970	2668.0	2623.26	267.0	11.37	8.5
PTHR21377	1983.0	1893.52	1044.99	122.29	91.36
PTHR21371	2074.0	2029.26	16560.53	912.81	681.97
PTHR21373	2449.0	2359.52	334.0	32.01	23.92
PTHR22573	10566.33	10342.63	5125.06	278.22	207.86
PTHR22572	7272.0	7048.3	8071.19	707.88	528.86
PTHR21000	2063.0	2018.26	2767.95	153.4	114.61
PTHR10701	613.0	568.26	356.0	70.71	52.83
PTHR13161	914.0	824.58	159.0	41.94	31.34
PTHR13165	2574.93	2485.45	1055.0	94.98	70.96
PTHR21396	1273.0	1183.53	606.0	115.5	86.29
PTHR12965	2038.33	1948.96	461.0	49.35	36.87
PTHR10681	6969.76	6611.84	3185.94	314.45	234.94
PTHR24106	8873.37	8560.19	2493.0	200.82	150.04
PTHR24103	2839.0	2704.78	191.0	20.67	15.44
PTHR10683	1632.0	1587.26	2130.14	150.26	112.26
PTHR11540	2369.0	2190.12	1975.94	351.75	262.79
PTHR10836	2311.0	2176.88	12044.76	1099.49	821.45
PTHR10835	2404.0	2359.26	1016.0	48.14	35.97
PTHR11545	927.0	882.26	18609.42	2370.3	1770.89
PTHR10012	1524.0	1479.26	297.0	22.49	16.8
PTHR13768	2607.0	2517.52	1026.0	93.1	69.55
PTHR24078	11447.0	11089.17	1949.18	144.96	108.29
PTHR11946	14822.0	14553.56	16149.33	607.37	453.77
PTHR11947	4615.64	4526.16	5615.98	286.65	214.16
PTHR11941	9955.39	9642.25	1935.0	149.29	111.54
PTHR24072	1597.0	1552.26	484.0	34.91	26.09
PTHR10496	512.0	467.26	11577.88	2803.72	2094.71
PTHR10491	2787.0	2697.52	466.0	35.4	26.45
PTHR24076	12155.45	11618.7	3940.02	337.48	252.13
PTHR24077	14281.5	13655.29	8812.04	525.61	392.67
PTHR11728	3894.0	3804.52	3279.0	238.13	177.92
PTHR11726	842.0	797.26	25507.9	3598.43	2688.45
PTHR11727	551.0	506.26	40.0	8.93	6.67
PTHR11721	648.0	603.26	17027.8	3183.53	2378.47
PTHR11722	794.0	749.26	12749.62	1914.91	1430.66
PTHR10120	4053.94	3964.46	1158.78	57.74	43.14
PTHR10122	1136.0	1091.26	3286.93	337.95	252.49
PTHR11831	2383.0	2248.78	15162.09	2131.67	1592.61
PTHR11835	1802.0	1757.26	1841.18	117.26	87.61
PTHR11614	6182.04	6092.56	3969.53	125.73	93.94
PTHR11615	9979.84	9577.21	7193.18	398.62	297.83
PTHR11618	3847.0	3712.78	1020.02	94.33	70.48
PTHR14140	2692.0	2647.26	700.0	29.55	22.08
PTHR32419	1308.59	1263.86	218.01	19.34	14.45
PTHR10231	5621.0	5486.78	1234.0	78.97	58.99
PTHR10233	9058.0	8834.3	2932.85	183.57	137.14
PTHR31503	4411.37	4277.15	1469.14	81.64	60.99
PTHR23147	615.0	570.27	208.19	41.2	30.78
PTHR23140	2080.0	2035.26	350.0	19.23	14.37
PTHR23142	1020.0	975.26	157.0	18.08	13.51
PTHR23149	1869.0	1824.26	997.0	61.15	45.69
PTHR23148	855.69	810.96	123.0	17.06	12.74
PTHR11817	11835.0	11566.56	6519.72	346.48	258.85
PTHR11056	2044.98	2000.24	816.25	45.65	34.1
PTHR11055	4348.97	4214.75	7044.28	490.3	366.31
PTHR32523	2453.0	2363.52	1419.0	116.46	87.01
PTHR31695	2917.0	2872.26	979.0	38.08	28.45
PTHR11819	329.0	284.32	7.0	2.81	2.1
PTHR10544	507.0	462.26	5329.26	1304.7	974.77
PTHR12629	2662.38	2617.64	2716.01	115.96	86.63
PTHR19316	1500.0	1455.26	208.0	16.01	11.96
PTHR18945	6428.17	6293.96	1303.18	70.18	52.43
PTHR26402	9656.0	9432.3	16102.03	707.26	528.41
PTHR19384	6575.0	6440.78	723.0	36.99	27.63
PTHR12714	5273.62	5094.66	2516.9	153.52	114.7
PTHR12570	4593.19	4458.97	886.0	62.05	46.37
PTHR21494	2475.0	2430.26	278.0	12.79	9.55
PTHR21145	1239.14	1194.4	476.99	44.78	33.46
PTHR21496	4795.0	4571.39	1914.52	190.36	142.21
PTHR21493	32815.3	32010.0	8381.64	512.86	383.15
PTHR21499	9461.75	9327.53	8471.74	299.97	224.12
PTHR21148	3810.72	3676.5	745.0	68.62	51.27
PTHR12083	3748.17	3613.96	1033.88	84.63	63.22
PTHR19854	3891.0	3756.78	828.53	50.22	37.52
PTHR13976	1590.0	1500.52	141.0	21.76	16.25
PTHR19852	2220.0	2175.26	964.0	49.56	37.02
PTHR16128	3610.56	3431.61	382.0	36.84	27.53
PTHR12400	1502.66	1457.92	906.0	69.61	52.01
PTHR19853	3074.0	3029.26	593.0	21.87	16.34
PTHR30314	1812.0	1767.26	3159.13	200.05	149.46
PTHR12882	706.0	661.26	243.0	41.41	30.93
PTHR12883	1422.0	1377.26	366.01	29.78	22.25
PTHR16255	7428.57	7294.36	4047.87	199.75	149.24
PTHR16254	8775.08	8596.12	4716.36	271.17	202.6
PTHR22960	678.69	633.95	192.0	34.14	25.51
PTHR13373	2177.0	2132.26	124.0	6.5	4.86
PTHR13375	1121.0	1076.26	294.0	30.65	22.9
PTHR22967	5238.0	5103.78	1974.01	86.83	64.87
PTHR19858	4924.88	4835.4	1102.0	47.97	35.84
PTHR30222	2476.57	2431.84	269.01	12.37	9.24
PTHR13115	2006.89	1962.15	1002.0	57.13	42.68
PTHR13117	1603.0	1558.26	88.0	6.32	4.72
PTHR13285	2174.65	2129.91	423.98	22.26	16.63
PTHR13288	1360.0	1315.26	223.0	19.0	14.2
PTHR10953	15420.17	15017.51	3716.42	195.74	146.23
PTHR10954	1088.83	1044.09	79.0	8.49	6.34
PTHR21726	531.0	486.26	15.0	3.49	2.61
PTHR10956	872.42	782.98	14602.68	3463.28	2587.49
PTHR11538	1829.0	1784.26	687.0	43.09	32.19
PTHR10826	902.0	857.26	665.0	87.19	65.14
PTHR11533	14257.46	14078.51	4778.01	151.32	113.05
PTHR11532	1954.0	1909.26	1202.0	70.43	52.62
PTHR10000	4129.95	3995.73	765.0	59.64	44.56
PTHR13021	1320.0	1275.26	504.26	44.32	33.11
PTHR24006	21114.41	20353.89	6267.02	490.69	366.59
PTHR24003	26196.79	25659.92	64549.13	2181.2	1629.61
PTHR31446	2319.0	2229.52	887.0	86.67	64.75
PTHR31190	2660.92	2571.44	2750.63	171.62	128.21
PTHR11441	1428.0	1383.26	428.0	34.67	25.9
PTHR11440	5077.95	4898.99	515.0	42.13	31.48
PTHR11999	8025.88	7846.92	5555.27	322.92	241.26
PTHR11998	6663.46	6484.5	4103.79	309.72	231.41
PTHR11449	475.0	430.27	19082.24	5024.44	3753.85
PTHR11994	1353.0	1263.52	20004.03	3299.2	2464.89
PTHR10133	10848.06	10624.37	9978.19	364.03	271.99
PTHR13620	5367.0	5143.3	1884.04	135.29	101.08
PTHR11847	739.0	694.26	14746.14	2392.0	1787.1
PTHR11843	848.0	803.26	20288.95	2840.62	2122.28
PTHR11661	1816.0	1726.52	19467.56	3463.58	2587.71
PTHR11662	23727.81	23101.45	9885.54	520.89	389.16
PTHR11669	3352.94	3263.46	804.54	55.74	41.65
PTHR11668	15346.33	14943.67	12760.1	827.12	617.97
PTHR20856	12013.0	11789.3	4707.85	136.91	102.29
PTHR20854	3898.33	3764.11	773.0	67.96	50.78
PTHR20855	7537.49	7358.64	2253.63	143.5	107.21
PTHR20852	2918.0	2783.8	10245.42	687.11	513.35
PTHR32404	1384.86	1340.12	233.0	19.48	14.56
PTHR20858	5987.81	5853.59	1737.0	80.97	60.51
PTHR14237	7361.73	7093.3	2131.29	142.0	106.1
PTHR10739	4083.0	3993.52	3130.2	198.16	148.04
PTHR23155	59558.72	57858.83	15687.71	1024.28	765.27
PTHR23153	2055.45	1965.97	734.0	109.49	81.8
PTHR23151	7085.0	6637.68	4689.97	635.39	474.71
PTHR11063	4903.43	4813.96	8082.12	337.5	252.15
PTHR11062	10471.3	10202.86	3898.22	206.78	154.51
PTHR11061	4487.65	4308.69	723.0	69.44	51.88
PTHR11065	5970.73	5836.51	3964.09	241.81	180.66
PTHR11064	3565.06	3430.84	995.0	83.96	62.73
PTHR11260	9350.52	9082.1	1527.19	118.13	88.26
PTHR11264	1166.28	1121.54	163.01	16.3	12.18
PTHR11266	7310.0	7041.56	4615.0	453.37	338.71
PTHR31998	2914.73	2870.0	575.0	22.39	16.72
PTHR15838	689.0	644.26	105.99	18.54	13.85
PTHR32338	2603.2	2558.46	887.0	38.75	28.95
PTHR31407	5301.0	5122.04	1615.0	143.87	107.48
PTHR12363	7030.56	6896.34	1036.0	36.65	27.38
PTHR18952	3246.0	3156.52	1558.96	102.75	76.77
PTHR12765	1972.5	1883.02	446.0	53.89	40.26
PTHR12505	1371.66	1326.92	291.0	24.58	18.36
PTHR22604	3086.03	2996.55	449.0	36.02	26.91
PTHR21481	1507.0	1462.26	206.0	15.78	11.79
PTHR22778	2107.92	2018.45	224.0	25.98	19.41
PTHR19446	5440.35	5216.68	204.0	14.51	10.83
PTHR12219	1040.0	995.26	1856.0	209.37	156.42
PTHR13561	5796.96	5662.74	929.0	33.15	24.77
PTHR13563	1933.99	1844.51	205.02	25.2	18.82
PTHR12210	1742.95	1653.47	609.08	69.23	51.73
PTHR12215	2011.0	1921.52	233.89	29.75	22.22
PTHR12214	1145.8	1101.06	209.75	21.37	15.97
PTHR22915	11894.99	11537.08	4096.18	314.48	234.96
PTHR22911	7726.37	7457.94	566.0	47.89	35.77
PTHR22912	8637.31	8413.61	7187.08	485.91	363.03
PTHR12183	1434.0	1389.26	213.97	17.26	12.89
PTHR19849	2561.0	2516.26	174.0	7.73	5.77
PTHR31783	5651.0	5561.52	877.0	39.35	29.4
PTHR22594	4683.0	4593.52	2889.39	144.47	107.94
PTHR11864	3249.0	3159.52	647.0	44.27	33.07
PTHR21152	4681.94	4592.46	2190.54	126.01	94.15
PTHR21021	1198.0	1108.52	99.0	20.93	15.64
PTHR30075	3602.0	3557.26	838.02	26.31	19.66
PTHR11632	2711.81	2667.08	5318.24	222.84	166.49
PTHR13102	2365.0	2320.26	414.0	19.95	14.9
PTHR12984	1992.0	1947.26	281.0	16.14	12.06
PTHR11630	10300.43	10031.99	4280.33	284.02	212.19
PTHR11140	7459.0	7369.52	10438.78	257.35	192.27
PTHR13299	1518.0	1428.52	241.0	38.64	28.87
PTHR12652	3863.59	3774.11	4738.29	354.05	264.51
PTHR10925	3417.0	3372.26	1534.0	50.8	37.96
PTHR21737	3358.2	3223.98	1075.0	113.69	84.93
PTHR10920	6171.51	6037.29	2406.63	151.77	113.39
PTHR10585	2375.0	2285.52	2579.67	232.87	173.99
PTHR10584	21536.76	21044.63	6316.09	298.52	223.01
PTHR11528	5578.0	5443.78	6540.47	301.08	224.94
PTHR11527	4160.73	3981.8	5011.66	485.81	362.96
PTHR11525	1497.0	1407.52	511.0	81.78	61.09
PTHR10859	818.0	773.26	192.0	27.93	20.87
PTHR10589	4366.22	4276.74	2008.0	84.59	63.2
PTHR10588	2949.0	2814.78	692.93	68.41	51.11
PTHR13038	2181.17	2136.44	425.0	22.25	16.62
PTHR13748	11610.4	11252.49	10561.99	749.26	559.78
PTHR11223	8304.38	8170.16	3994.51	136.8	102.2
PTHR23109	936.0	891.26	88.0	11.09	8.29
PTHR24015	41679.52	40650.5	19311.54	986.58	737.08
PTHR24012	17117.03	16401.24	13810.27	1264.08	944.42
PTHR24011	30601.43	29527.7	31221.87	2824.21	2110.06
PTHR31187	5051.03	4961.55	9022.56	438.56	327.65
PTHR10548	1881.6	1836.86	1276.0	77.73	58.07
PTHR10459	10966.58	10698.14	2240.96	121.84	91.02
PTHR11453	5188.1	5053.88	2102.01	103.06	77.0
PTHR10108	38648.93	37306.76	9185.12	744.83	556.5
PTHR11986	9416.96	9103.79	8871.72	602.28	449.98
PTHR11455	7559.2	7246.04	1013.03	93.46	69.82
PTHR10102	3623.0	3578.26	1521.0	47.47	35.46
PTHR11458	1544.0	1499.26	3156.72	235.81	176.18
PTHR10106	1780.0	1735.26	791.0	51.02	38.12
PTHR31057	2692.0	2602.52	214.0	18.49	13.81
PTHR21141	2761.17	2626.95	44960.7	7411.26	5537.09
PTHR11851	15722.81	15364.91	8455.8	551.44	411.97
PTHR23092	1348.0	1303.26	123.0	10.58	7.9
PTHR23091	14766.26	14139.91	3506.96	323.65	241.82
PTHR11673	941.0	896.26	10493.61	1315.54	982.86
PTHR11670	4122.0	4032.52	9735.62	479.71	358.4
PTHR11671	1243.0	1198.26	836.0	78.23	58.45
PTHR20863	2924.0	2745.05	6145.46	773.08	577.57
PTHR20861	1538.0	1493.26	900.0	67.5	50.43
PTHR11679	2566.8	2522.06	375.0	16.62	12.42
PTHR14009	3110.0	3065.26	2770.48	100.97	75.44
PTHR10217	6284.0	6105.05	446.0	20.39	15.23
PTHR14005	4695.0	4650.26	3068.03	73.64	55.02
PTHR10210	3953.98	3864.51	3549.28	208.5	155.77
PTHR31522	1791.0	1746.26	570.0	36.53	27.29
PTHR14221	1800.0	1755.26	643.0	41.0	30.63
PTHR23163	858.0	813.26	274.0	37.89	28.31
PTHR11079	6070.37	5846.67	7829.8	541.38	404.48
PTHR11076	12029.0	11447.39	568.0	60.44	45.15
PTHR11070	3772.02	3682.54	272.0	13.26	9.9
PTHR11071	19011.1	18250.56	7694.99	1067.37	797.48
PTHR11278	803.0	758.26	14550.9	2159.27	1613.23
PTHR11276	1021.0	976.26	9.0	1.04	0.77
PTHR11274	2912.0	2822.52	1354.59	102.93	76.9
PTHR31984	4655.21	4521.0	5225.98	336.34	251.28
PTHR16201	2557.42	2512.68	520.0	23.13	17.28
PTHR15350	3448.0	3358.52	2414.0	160.81	120.14
PTHR15606	3242.54	3153.06	541.0	38.61	28.85
PTHR12374	2029.0	1939.53	399.0	41.51	31.01
PTHR12375	1053.0	1008.26	222.0	24.72	18.47
PTHR12378	2068.0	1978.52	271.0	30.05	22.45
PTHR20961	18421.17	17929.04	4192.97	269.47	201.32
PTHR18929	13652.42	13115.55	12014.51	907.02	677.64
PTHR30535	1103.0	1058.26	97.0	10.29	7.69
PTHR12777	681.0	636.26	1084.0	192.04	143.48
PTHR12775	1424.0	1379.26	748.0	60.76	45.4
PTHR20981	628.0	583.26	15489.71	2996.44	2238.69
PTHR16092	2091.14	2001.66	195.0	21.63	16.16
PTHR12406	6259.98	6036.28	2322.0	194.65	145.42
PTHR19211	14653.94	14206.58	106422.57	3762.24	2810.83
PTHR22298	11302.91	11079.21	6079.12	250.84	187.42
PTHR12174	5683.0	5548.78	1892.01	113.81	85.04
PTHR12175	2187.79	2098.31	930.0	98.26	73.41
PTHR12176	3189.72	3100.24	187.0	13.46	10.06
PTHR22769	6295.12	6071.45	1370.61	134.91	100.79
PTHR22767	3781.49	3647.27	589.0	61.73	46.13
PTHR22765	2105.37	2015.89	1360.0	149.73	111.87
PTHR22762	10871.55	10647.85	2970.0	142.15	106.2
PTHR22763	2674.0	2584.52	606.0	46.34	34.62
PTHR22761	4187.37	4008.42	2945.27	257.48	192.38
PTHR21231	4831.0	4696.78	1117.01	98.74	73.78
PTHR21230	1603.39	1558.65	326.0	23.42	17.5
PTHR21234	1646.0	1601.26	560.97	39.22	29.3
PTHR21237	1050.0	1005.26	265.0	29.59	22.11
PTHR12202	2152.0	2062.52	594.0	65.24	48.74
PTHR12203	12334.5	12066.07	2434.95	117.62	87.88
PTHR19857	1466.0	1421.26	445.0	35.08	26.21
PTHR13355	1599.0	1554.26	487.65	35.13	26.25
PTHR19855	3948.0	3858.52	381.0	25.51	19.06
PTHR13353	3099.7	3010.22	342.0	29.58	22.1
PTHR12197	10777.32	10240.51	3189.98	225.59	168.52
PTHR13822	1125.0	1080.26	2603.93	270.47	202.07
PTHR21649	11145.64	10519.39	212740.4	26547.0	19833.72
PTHR32442	1366.0	1321.26	422.0	35.79	26.74
PTHR13138	2294.0	2204.52	483.0	47.13	35.21
PTHR10732	689.0	644.26	11642.95	2036.77	1521.71
PTHR10738	4034.0	3989.26	1521.43	42.58	31.81
PTHR12992	1165.48	1120.74	150.0	15.01	11.22
PTHR22838	4712.8	4533.86	1043.0	95.46	71.31
PTHR22836	2230.0	2185.26	277.0	14.17	10.59
PTHR10693	411.0	366.27	34.0	10.54	7.88
PTHR32379	1365.0	1320.26	180.0	15.28	11.42
PTHR10938	2616.0	2526.52	1550.0	141.74	105.89
PTHR10934	861.0	816.26	13653.73	1880.93	1405.27
PTHR11510	2196.0	2151.26	5989.97	311.37	232.63
PTHR11516	5376.0	5241.78	5089.11	355.75	265.79
PTHR10025	2751.0	2616.79	1374.11	113.58	84.86
PTHR10026	6321.0	6052.56	1160.0	109.0	81.44
PTHR10027	2390.0	2345.26	379.0	18.07	13.5
PTHR13009	3385.65	3206.71	421.09	62.27	46.52
PTHR13007	1812.35	1767.61	675.0	42.74	31.93
PTHR30115	937.0	892.26	1135.0	142.93	106.79
PTHR11863	3121.0	2986.78	1424.73	129.31	96.62
PTHR17901	798.0	753.26	65.0	9.71	7.25
PTHR24351	6950.92	6727.23	7091.15	732.01	546.89
PTHR20982	1290.0	1245.26	326.0	29.35	21.93
PTHR24352	3425.82	3336.35	1091.01	57.08	42.65
PTHR11467	602.0	557.26	673.0	136.34	101.86
PTHR10119	2365.0	2320.26	1306.0	62.93	47.02
PTHR10343	3532.0	3487.26	1671.0	53.51	39.98
PTHR10110	6574.73	6395.79	994.0	67.89	50.72
PTHR11469	2588.44	2543.7	2348.48	103.19	77.1
PTHR10445	1222.0	1177.26	231.03	22.01	16.44
PTHR10598	993.0	948.26	60.0	7.11	5.31
PTHR24286	4279.89	4145.67	4258.0	368.36	275.21
PTHR23429	1988.0	1943.26	351.0	20.21	15.1
PTHR23426	2140.04	2050.56	2155.97	246.05	183.83
PTHR10593	3263.0	3173.52	1855.0	130.04	97.15
