GeneFamily	length	effective_length	expected_count	TPM	FPKM
PTHR11649	11656.67	11257.0	122.0	43.24	80.91
PTHR31089	2072.0	2032.03	49.0	9.91	18.55
PTHR31085	10620.61	10300.89	186.0	66.41	124.3
PTHR11647	3562.03	3482.09	119.0	28.72	53.74
PTHR11645	1758.0	1718.03	70.0	16.76	31.36
PTHR11880	1740.0	1660.06	89.0	45.32	84.79
PTHR11885	933.0	893.03	188.27	87.13	163.03
PTHR10209	9013.2	8773.39	204.99	38.78	72.56
PTHR32429	2942.67	2862.75	371.74	114.2	213.68
PTHR31423	786.14	746.17	8.0	4.44	8.31
PTHR31551	658.06	618.09	4.0	2.69	5.03
PTHR32195	3605.2	3485.31	54.0	9.83	18.4
PTHR11081	2991.97	2832.14	32.0	10.33	19.33
PTHR11080	2412.5	2292.61	1.0	0.45	0.85
PTHR11082	4058.11	3858.34	29.0	15.14	28.32
PTHR11085	6735.35	6535.52	56.0	10.45	19.56
PTHR11089	9560.74	9161.16	101.0	45.03	84.24
PTHR32518	4156.13	4116.17	53.94	5.37	10.06
PTHR11247	3474.0	3354.09	30.0	8.46	15.84
PTHR11246	11161.21	10921.4	142.06	28.11	52.61
PTHR32512	4312.45	4232.52	9.0	3.07	5.74
PTHR23088	5096.03	4936.16	44.7	15.78	29.54
PTHR23089	2075.0	1995.06	63.0	25.91	48.48
PTHR23081	3635.68	3475.81	17.0	6.79	12.69
PTHR23083	39444.79	38285.85	647.84	156.02	291.97
PTHR23084	4194.24	4114.5	23.0	3.31	6.19
PTHR23086	3308.74	3148.86	29.0	15.17	28.4
PTHR18806	3016.11	2936.2	72.0	20.21	37.82
PTHR31953	2471.97	2392.1	10.0	4.97	9.3
PTHR15184	6386.41	6226.56	832.0	180.65	338.03
PTHR15341	1449.36	1409.4	23.0	6.72	12.58
PTHR32357	3438.55	3358.62	167.0	42.14	78.86
PTHR12696	1931.22	1891.26	53.98	11.74	21.96
PTHR12341	3267.06	3187.25	41.0	11.67	21.83
PTHR15160	5298.83	5178.93	592.12	126.1	235.95
PTHR18937	13112.92	12793.18	152.0	34.74	64.99
PTHR18934	26430.7	25471.76	218.81	69.73	130.51
PTHR12742	2052.0	2012.03	13.0	2.66	4.97
PTHR12741	14980.99	14621.28	200.0	43.35	81.09
PTHR19288	2413.41	2333.48	15.0	5.38	10.07
PTHR13903	2992.0	2912.06	38.0	9.49	17.77
PTHR22753	5687.82	5527.96	35.0	10.38	19.41
PTHR30615	725.0	685.03	16.0	9.68	18.11
PTHR22939	18578.32	18138.68	229.0	54.45	101.9
PTHR22938	1053.0	973.18	1.0	1.73	3.23
PTHR30612	5705.05	5585.15	114.0	21.93	41.04
PTHR22932	1057.0	1017.03	181.0	73.47	137.47
PTHR22931	12423.6	12223.77	901.06	298.49	558.54
PTHR12233	1041.98	1002.04	32.69	13.47	25.2
PTHR22936	12326.69	12006.97	96.05	20.07	37.52
PTHR31038	3683.05	3603.12	128.0	20.01	37.45
PTHR13832	36182.95	35024.19	1210.0	323.56	605.39
PTHR21139	1254.52	1214.56	69.0	23.42	43.82
PTHR21136	7548.31	7308.51	534.74	184.26	344.78
PTHR12526	41292.74	40413.79	1290.75	269.92	505.04
PTHR13124	1218.0	1178.03	8.0	2.8	5.24
PTHR13120	571.68	531.72	9.32	7.29	13.64
PTHR22809	2242.0	2162.06	7.0	2.85	5.33
PTHR22807	7996.2	7756.45	51.02	13.33	24.93
PTHR20661	797.55	757.58	5.0	2.73	5.11
PTHR10900	5096.64	4856.91	277.33	148.1	277.17
PTHR10906	4933.0	4813.09	131.97	28.19	52.76
PTHR10909	15608.75	15289.01	1546.0	263.3	492.71
PTHR10055	3283.62	3203.69	14.0	3.59	6.73
PTHR10057	2628.45	2548.53	231.0	75.63	141.52
PTHR10052	422.0	382.05	76.0	83.22	155.72
PTHR13017	1735.52	1695.55	14.0	3.4	6.36
PTHR10693	1898.0	1858.03	29.0	6.42	12.01
PTHR10694	15074.06	14794.3	160.0	17.88	33.48
PTHR12839	2847.0	2727.09	18.0	7.7	14.4
PTHR12835	1422.13	1382.16	15.0	4.47	8.36
PTHR24031	53147.78	51349.57	1690.12	582.07	1089.18
PTHR24032	1577.0	1497.06	4.0	2.11	3.95
PTHR24349	149282.62	143289.68	3748.16	1441.62	2697.53
PTHR24619	5800.72	5560.92	102.0	42.08	78.75
PTHR24343	7657.5	7377.78	252.0	67.56	126.41
PTHR11472	3740.88	3581.02	13.0	5.66	10.59
PTHR24347	22801.85	22082.52	486.0	158.78	297.12
PTHR11476	6100.81	5980.91	34.0	7.46	13.98
PTHR11477	2580.86	2460.99	14.0	6.85	12.81
PTHR24305	3041.0	2881.14	4.0	2.91	5.44
PTHR10476	3942.64	3782.81	131.0	51.91	97.15
PTHR24290	3908.12	3788.22	19.0	8.15	15.26
PTHR23413	1115.0	1035.07	12414.01	12952.21	24235.96
PTHR23417	5580.76	5420.94	36.0	13.24	24.76
PTHR23416	6894.44	6694.63	60.0	22.12	41.39
PTHR23415	1297.89	1257.93	15.0	4.91	9.2
PTHR10871	2445.09	2285.3	3453.05	3412.37	6385.18
PTHR10877	8478.1	8398.19	389.0	40.39	75.58
PTHR11879	5118.98	4959.1	766.02	202.18	378.31
PTHR10430	2996.04	2876.19	281.98	130.98	245.09
PTHR31096	5602.18	5442.3	212.0	57.98	108.49
PTHR31098	5746.58	5586.71	254.98	52.0	97.29
PTHR11655	2397.65	2278.09	2099.93	3793.8	7098.88
PTHR11652	738.0	698.03	556.0	330.06	617.6
PTHR20883	1829.38	1749.47	70.0	36.7	68.67
PTHR11895	1020.04	980.07	7.0	2.95	5.52
PTHR10277	5593.04	5433.19	129.0	42.59	79.71
PTHR14027	3534.0	3374.16	11.0	5.48	10.28
PTHR12320	5379.14	5219.29	78.26	25.51	47.73
PTHR13691	1647.56	1567.64	169.0	64.56	120.8
PTHR23180	14245.85	13726.27	251.07	112.2	209.98
PTHR14593	1635.84	1516.07	10.0	6.7	12.52
PTHR11093	4025.62	3945.69	62.17	11.51	21.54
PTHR11096	1409.0	1329.07	8.0	4.71	8.81
PTHR23346	14235.24	13955.47	1379.06	719.17	1345.68
PTHR10309	1555.53	1515.57	37.0	10.05	18.8
PTHR14107	2566.43	2526.47	7.0	1.14	2.13
PTHR11252	6515.0	6435.06	30.0	3.76	7.03
PTHR11254	12895.34	12535.71	174.85	45.32	84.82
PTHR11255	4984.29	4864.38	85.0	18.38	34.4
PTHR14110	3022.0	2902.09	97.0	49.37	92.38
PTHR16201	6649.87	6490.01	50.0	11.25	21.05
PTHR14374	3213.0	3133.06	7.0	2.24	4.19
PTHR18838	3278.47	3158.56	16.0	6.08	11.38
PTHR12687	1524.0	1444.06	3.0	1.64	3.07
PTHR15157	3890.71	3770.82	19.0	6.32	11.83
PTHR18901	8083.45	7803.68	452.96	134.17	251.05
PTHR12755	2643.11	2563.18	16.0	4.53	8.48
PTHR12750	4645.76	4525.85	40.0	10.68	19.98
PTHR12753	962.0	922.03	7.0	3.14	5.87
PTHR15081	1805.0	1765.03	9.0	2.1	3.92
PTHR15574	3767.29	3607.6	62.0	28.71	53.72
PTHR13931	2012.0	1932.07	15.0	5.45	10.19
PTHR24006	20784.87	19866.01	196.0	82.98	155.26
PTHR12358	8389.98	8070.26	129.0	49.01	91.67
PTHR22748	2497.79	2377.88	16.0	8.07	15.12
PTHR12356	795.0	755.03	6.0	3.29	6.16
PTHR12221	2027.0	1947.06	21.0	8.7	16.28
PTHR30603	6082.41	5962.52	410.0	92.39	172.88
PTHR12226	2803.0	2723.07	20.0	5.5	10.29
PTHR19876	6794.0	6634.12	192.0	49.35	92.33
PTHR19877	2963.96	2884.06	82.0	24.95	46.69
PTHR21689	1993.0	1913.06	14.0	6.15	11.5
PTHR31442	2816.93	2697.03	58.0	25.53	47.78
PTHR13803	9474.0	9234.28	50.0	10.23	19.13
PTHR19980	1650.0	1610.03	4.0	1.02	1.91
PTHR12537	2954.0	2874.06	34.44	9.78	18.29
PTHR12532	1442.0	1402.03	15.0	4.41	8.24
PTHR13486	891.41	851.45	11.0	5.34	10.0
PTHR13489	1789.97	1710.03	16.0	7.46	13.97
PTHR17583	3333.0	3213.18	11.0	3.05	5.7
PTHR24198	1436.0	1356.07	30.0	14.98	28.04
PTHR10048	11252.86	11132.95	198.0	17.14	32.08
PTHR24193	4542.0	4342.16	100.0	30.75	57.55
PTHR10044	2797.98	2678.11	56.0	24.85	46.48
PTHR11998	7256.37	6976.62	128.51	39.04	73.05
PTHR11014	5748.6	5588.76	201.0	61.86	115.75
PTHR10687	2981.74	2901.81	214.0	60.34	112.92
PTHR13069	4676.0	4476.16	4.0	1.57	2.92
PTHR13068	10608.2	10328.43	100.0	27.45	51.36
PTHR10682	2560.34	2480.4	108.0	35.99	67.34
PTHR12829	1423.0	1383.03	20.0	5.96	11.14
PTHR12820	2085.45	2045.48	26.0	5.22	9.78
PTHR12826	1027.0	987.03	23.0	9.62	18.0
PTHR12827	2376.0	2176.25	0.0	0.0	0.0
PTHR17920	2399.34	2359.37	23.0	4.0	7.49
PTHR10137	1628.0	1548.06	16.0	8.6	16.09
PTHR11405	7339.1	7179.24	261.89	57.19	107.01
PTHR11404	3080.33	3000.39	96.0	30.45	56.97
PTHR11406	3646.99	3567.06	109.9	25.59	47.89
PTHR13468	4240.03	4200.06	55.0	5.37	10.05
PTHR14255	6293.31	6053.55	82.25	26.32	49.25
PTHR23406	7291.08	7051.28	111.0	49.16	91.98
PTHR23407	874.0	834.03	4.0	1.98	3.71
PTHR10869	15630.39	15190.91	634.95	186.5	349.01
PTHR31717	5505.59	5385.68	77.0	16.03	30.01
PTHR13393	2139.36	2019.57	17.0	9.46	17.7
PTHR15169	1165.0	1125.03	2.0	0.73	1.37
PTHR11315	1498.23	1458.26	15.0	4.24	7.92
PTHR10139	1950.0	1910.03	7.0	1.51	2.82
PTHR10264	3965.99	3846.13	508.15	163.12	305.23
PTHR10263	1601.58	1521.64	401.83	192.08	359.42
PTHR31407	7735.42	7455.67	136.0	52.73	98.67
PTHR32170	3427.66	3307.77	45.0	9.02	16.88
PTHR23350	1890.66	1810.72	3.0	1.36	2.55
PTHR23354	5302.76	5102.94	85.98	38.4	71.83
PTHR23355	11485.09	11125.4	63.0	13.53	25.33
PTHR23359	8793.54	8593.71	48.75	13.47	25.21
PTHR11227	3653.41	3533.51	75.0	25.46	47.63
PTHR11220	8832.58	8512.85	434.01	160.65	300.62
PTHR11223	6611.18	6531.25	151.0	20.83	38.98
PTHR11229	2952.67	2872.73	84.37	25.41	47.55
PTHR10314	14438.09	14038.45	550.06	147.51	276.01
PTHR14303	612.52	572.55	9.0	6.53	12.22
PTHR23309	880.0	800.09	0.0	0.0	0.0
PTHR23308	3142.85	2983.0	55.0	25.66	48.01
PTHR11139	24939.47	24260.04	173.99	50.07	93.71
PTHR11132	31105.47	30266.26	1063.6	279.15	522.33
PTHR11134	6948.93	6789.08	108.52	19.08	35.68
PTHR11136	2204.67	2084.76	2.0	1.05	1.96
PTHR32374	3450.3	3370.36	81.0	12.99	24.32
PTHR31579	2907.33	2827.46	247.0	57.43	107.47
PTHR32379	1444.0	1324.13	1.0	0.95	1.78
PTHR31619	1581.97	1542.08	89.0	23.75	44.44
PTHR18919	5475.63	5315.76	1087.04	254.77	476.71
PTHR32002	9449.62	9129.9	36.0	14.55	27.23
PTHR14413	2055.0	1975.06	25.0	10.41	19.47
PTHR14089	969.05	929.09	26.0	11.56	21.63
PTHR22893	2312.6	2272.64	97.0	17.54	32.81
PTHR11661	2839.0	2719.1	249.0	143.79	269.05
PTHR10778	3175.33	3095.41	27.0	7.15	13.38
PTHR10072	3682.3	3602.36	188.15	69.32	129.7
PTHR12786	1245.64	1205.67	70.04	23.95	44.81
PTHR11706	7774.73	7534.99	57.0	15.72	29.42
PTHR12782	1637.0	1597.03	6.0	1.55	2.89
PTHR11214	4589.0	4469.09	23.0	6.34	11.87
PTHR24188	5047.68	4887.8	78.0	15.8	29.56
PTHR21213	1281.0	1241.03	49.0	16.27	30.45
PTHR10182	3671.67	3551.77	48.62	16.14	30.2
PTHR13923	3561.4	3401.54	14.0	7.17	13.42
PTHR12321	1474.0	1434.03	5.0	1.44	2.69
PTHR12323	925.53	885.57	9.0	4.2	7.86
PTHR14155	20462.78	19703.5	409.84	170.06	318.25
PTHR21015	5157.04	4997.23	47.0	17.56	32.87
PTHR16196	1499.24	1419.31	14.0	8.14	15.21
PTHR16193	1178.89	1138.92	25.0	9.05	16.94
PTHR22792	5171.33	4971.52	430.0	168.74	315.73
PTHR22790	4444.21	4284.34	21.0	5.35	10.0
PTHR21680	1482.26	1442.3	55.0	15.7	29.38
PTHR21113	1572.0	1492.08	4.0	4.54	8.49
PTHR19316	2039.1	1959.19	49.0	27.73	51.88
PTHR21663	4333.0	4213.1	17.0	4.13	7.72
PTHR13253	7490.08	7210.32	182.0	61.3	114.7
PTHR21206	972.49	932.53	14.0	6.2	11.61
PTHR13789	9344.07	9144.26	477.0	97.84	183.08
PTHR10071	2714.91	2595.04	40.0	18.32	34.29
PTHR13780	6412.59	6212.77	94.0	29.83	55.83
PTHR10670	7536.0	7296.24	30.0	7.97	14.89
PTHR10677	1822.91	1703.02	16.0	10.97	20.53
PTHR13078	2611.42	2531.5	25.0	8.11	15.18
PTHR12815	6010.93	5851.05	107.0	36.36	68.05
PTHR12814	2247.88	2167.95	8.0	2.24	4.19
PTHR24361	26625.36	25706.46	463.78	134.9	252.39
PTHR24362	9319.42	8959.92	139.0	49.0	91.71
PTHR10416	1975.0	1895.07	2.0	1.17	2.2
PTHR10410	4514.97	4355.12	142.0	45.07	84.33
PTHR10783	3825.39	3745.46	951.82	205.84	385.16
PTHR10782	4967.8	4767.96	29.0	12.14	22.73
PTHR13476	1309.0	1269.03	0.0	0.0	0.0
PTHR10788	8267.36	8107.63	124.0	19.64	36.75
PTHR10891	19760.48	19200.92	948.09	303.84	568.51
PTHR10890	3496.0	3296.19	8.0	4.8	8.98
PTHR20426	930.0	890.03	4.0	1.86	3.48
PTHR23213	11533.42	11213.67	76.0	22.7	42.49
PTHR10520	6447.27	6287.39	111.0	29.7	55.59
PTHR10250	2715.06	2595.16	330.18	166.5	311.56
PTHR10527	14207.93	13928.15	309.0	55.68	104.16
PTHR31384	6485.53	6245.77	27.0	14.71	27.51
PTHR31385	3737.14	3617.25	247.0	73.54	137.6
PTHR10091	1520.0	1440.07	19.0	8.94	16.73
PTHR31140	965.0	885.08	1.0	0.86	1.61
PTHR31412	6932.62	6732.96	70.0	24.7	46.22
PTHR11787	4517.43	4397.54	267.0	56.44	105.62
PTHR11785	16302.81	15783.35	242.97	71.9	134.56
PTHR11782	5184.08	5024.21	62.0	13.5	25.27
PTHR31419	3338.83	3179.08	49.0	21.89	40.96
PTHR11780	2262.0	2222.03	277.67	51.35	96.08
PTHR13902	6123.21	6003.31	118.0	26.34	49.29
PTHR23324	3334.99	3255.05	107.0	28.39	53.13
PTHR23327	2407.13	2327.19	39.0	13.02	24.37
PTHR23326	2966.0	2846.09	14.99	7.78	14.57
PTHR23321	1750.0	1670.06	16.0	8.89	16.64
PTHR23323	6533.82	6333.98	64.0	20.33	38.04
PTHR23322	4720.49	4480.71	42.0	22.79	42.62
PTHR23329	2995.76	2835.94	18.0	12.57	23.54
PTHR11236	5258.29	5018.52	9.0	4.37	8.17
PTHR10322	7060.99	6741.47	14.0	4.08	7.63
PTHR11239	2494.0	2374.09	4.0	2.19	4.09
PTHR10803	2262.52	2182.65	78.05	25.75	48.19
PTHR11101	1308.94	1268.97	10.0	3.25	6.08
PTHR31964	24426.16	23706.77	2014.23	699.41	1308.75
PTHR23030	2179.2	2139.25	75.0	14.41	26.96
PTHR11129	4261.99	4142.36	26.0	9.23	17.28
PTHR11122	3863.56	3743.66	57.0	17.49	32.73
PTHR15316	2264.0	2184.06	26.0	9.59	17.94
PTHR11127	1116.0	1036.15	122.45	91.6	171.4
PTHR11125	2680.63	2560.73	30.0	15.39	28.79
PTHR31566	2103.0	2063.03	6.0	1.2	2.24
PTHR31567	1352.0	1312.03	21.0	6.59	12.34
PTHR31561	3209.0	3129.06	317.0	64.12	119.97
PTHR15137	2157.0	1957.35	2.0	2.17	4.08
PTHR14950	3415.0	3215.18	2.0	1.77	3.31
PTHR15954	2629.83	2549.89	20.0	6.98	13.06
PTHR15952	3775.03	3695.15	26.0	5.85	10.96
PTHR16266	3067.44	2947.67	15.0	7.77	14.54
PTHR21597	3419.0	3219.26	7.0	4.46	8.36
PTHR19271	1622.0	1582.03	5.0	1.3	2.43
PTHR19861	1193.52	1153.56	16.0	5.72	10.7
PTHR13343	7490.73	7290.89	141.0	38.72	72.44
PTHR12029	9474.0	9154.31	27.0	9.12	17.1
PTHR21220	517.0	477.04	3.0	2.62	4.9
PTHR22780	9407.77	9287.86	170.2	21.86	40.92
PTHR11952	6018.54	5858.68	93.0	21.9	40.98
PTHR21477	2782.0	2622.13	13.0	8.3	15.55
PTHR19308	5365.0	5245.09	146.0	31.42	58.81
PTHR16301	1226.0	1146.07	7.0	5.2	9.73
PTHR13265	1131.71	1091.74	35.0	13.23	24.75
PTHR22870	18451.92	17693.21	166.87	66.52	124.45
PTHR17630	2354.02	2274.12	99.0	34.24	64.05
PTHR10064	1201.02	1121.1	13574.42	16020.43	29977.17
PTHR10066	3574.46	3494.52	32.0	7.17	13.42
PTHR10060	1644.15	1564.27	6.0	2.43	4.54
PTHR10663	30264.76	29505.46	366.82	77.6	145.25
PTHR10666	7775.06	7495.41	9954.34	6955.1	13014.28
PTHR10668	8837.85	8518.15	117.01	59.41	111.17
PTHR12801	3491.27	3371.37	46.95	15.92	29.79
PTHR12802	2125.0	2005.11	22.0	14.18	26.54
PTHR12805	1628.0	1588.03	23.0	5.96	11.15
PTHR12806	881.97	842.01	33.97	16.68	31.21
PTHR21091	11886.39	11606.66	593.6	126.09	235.95
PTHR21090	6292.13	6172.23	27.0	6.09	11.39
PTHR21228	4212.5	4092.59	10.0	3.32	6.23
PTHR24314	4934.51	4814.61	47.0	11.25	21.05
PTHR11933	1377.0	1337.03	1.0	0.31	0.58
PTHR11932	7729.24	7489.57	215.0	54.37	101.75
PTHR11426	3019.14	2859.3	382.0	160.57	300.47
PTHR11937	14614.7	14055.25	2152.25	564.57	1056.41
PTHR11938	17736.88	17417.13	843.87	138.62	259.4
PTHR13683	26233.78	25314.67	487.0	147.68	276.33
PTHR24089	49120.56	47682.15	802.0	225.05	421.08
PTHR10796	3529.0	3449.06	63.0	15.39	28.8
PTHR10794	6392.95	6233.09	79.04	23.91	44.74
PTHR10795	23541.72	22582.96	1389.21	485.99	909.37
PTHR10792	2068.88	1949.01	421.88	479.59	897.38
PTHR10799	45215.85	43258.14	282.0	123.23	230.61
PTHR10882	1087.0	1047.03	5.0	1.97	3.69
PTHR10887	26625.55	25347.09	112.02	42.39	79.37
PTHR11686	4519.82	4399.92	57.0	17.13	32.05
PTHR11685	9242.38	8922.97	486.0	106.81	199.89
PTHR11680	6503.36	6303.51	598.32	179.01	334.95
PTHR24221	29973.88	29054.69	837.0	204.42	382.47
PTHR24220	7270.63	7030.81	67.0	23.44	43.88
PTHR24223	34550.39	33351.69	743.0	182.58	341.64
PTHR11689	15754.0	15434.33	90.0	13.75	25.76
PTHR10252	3246.57	3126.67	106.0	35.55	66.53
PTHR31173	1590.27	1510.42	28.0	29.75	55.66
PTHR12538	1071.16	991.32	381.97	505.46	945.81
PTHR10625	9668.13	9348.38	61.0	22.26	41.68
PTHR31606	740.0	700.03	30.0	17.76	33.23
PTHR31356	6263.23	5983.54	335.0	160.53	300.38
PTHR31352	10415.26	10215.41	444.0	86.84	162.48
PTHR31350	2892.06	2772.15	163.0	61.92	115.85
PTHR11758	827.0	787.03	74.0	38.91	72.8
PTHR23333	913.39	873.42	13.0	6.15	11.51
PTHR11751	17737.99	17098.63	334.15	103.47	193.58
PTHR11753	3803.88	3644.02	71.0	31.77	59.42
PTHR11752	28962.9	28243.51	298.0	72.85	136.32
PTHR11206	11013.81	10734.06	146.0	36.14	67.61
PTHR23338	3440.84	3320.95	56.0	22.89	42.82
PTHR24420	650199.73	624991.51	7505.13	2215.44	4145.48
PTHR10332	1895.03	1855.06	18.0	3.99	7.47
PTHR14140	2403.0	2283.13	1.0	0.86	1.62
PTHR14145	3590.49	3470.59	80.0	32.3	60.43
PTHR13600	1402.28	1362.31	11.0	3.33	6.22
PTHR12848	2923.81	2804.03	30.0	13.48	25.23
PTHR31066	683.0	643.03	2.0	1.29	2.41
PTHR15744	1766.6	1726.64	21.0	5.0	9.36
PTHR13604	1444.65	1364.72	7.0	4.9	9.16
PTHR23029	11675.64	11236.03	75.0	26.76	50.08
PTHR23023	996.74	916.86	130.86	89.95	168.32
PTHR31142	2980.77	2860.87	72.0	31.03	58.05
PTHR12847	4473.57	4313.71	47.0	19.34	36.18
PTHR11119	2260.63	2180.73	266.0	109.36	204.64
PTHR12841	1298.0	1258.03	7.09	2.32	4.35
PTHR31595	3490.5	3370.65	3.0	1.43	2.68
PTHR31596	400.5	360.59	0.0	0.0	0.0
PTHR15948	1298.59	1258.63	16.0	5.24	9.8
PTHR32026	28410.41	27451.28	294.0	95.22	178.19
PTHR31829	1071.81	1031.84	190.04	76.01	142.24
PTHR19241	45359.36	43761.75	816.31	282.57	528.77
PTHR14894	2317.0	2277.03	4.0	0.72	1.35
PTHR15239	2926.38	2766.52	23.0	13.72	25.67
PTHR19854	1861.24	1781.3	7.0	3.23	6.05
PTHR32497	2583.0	2543.03	22.0	3.55	6.65
PTHR12497	2047.38	1927.52	111.0	56.73	106.15
PTHR12304	1774.0	1734.03	13.0	3.08	5.77
PTHR30540	6945.39	6665.67	718.11	149.32	279.39
PTHR13302	2885.0	2805.06	15.0	5.04	9.43
PTHR12472	1470.0	1390.07	5.0	2.73	5.1
PTHR13308	3274.0	3154.09	17.0	6.07	11.36
PTHR12477	4271.51	4151.6	82.0	28.69	53.68
PTHR32148	1869.99	1790.05	86.0	43.29	81.0
PTHR13878	2047.98	2008.01	40.0	8.19	15.32
PTHR21461	35051.41	34132.17	435.57	110.15	206.15
PTHR13872	6081.64	5881.82	228.0	135.29	253.14
PTHR22849	14874.07	14474.41	208.0	53.17	99.48
PTHR21314	1611.0	1571.03	1.0	0.26	0.49
PTHR13271	35881.18	34682.19	337.85	107.3	200.79
PTHR22841	2472.37	2392.43	40.0	13.81	25.83
PTHR13273	1113.26	1073.29	22.0	8.46	15.83
PTHR22847	27186.07	26306.79	402.0	112.02	209.6
PTHR22846	1503.0	1423.07	17.0	8.73	16.32
PTHR22844	8906.77	8547.08	78.0	27.05	50.62
PTHR23284	1576.0	1536.03	52.0	13.93	26.07
PTHR21266	14694.97	14135.63	242.0	69.61	130.26
PTHR12271	3952.78	3832.88	27.0	10.22	19.12
PTHR21262	10743.73	10464.03	265.0	34.36	64.3
PTHR12276	3409.0	3329.06	80.0	22.33	41.79
PTHR10657	1389.36	1309.43	82.0	52.24	97.76
PTHR16557	4275.68	4155.78	14.0	5.02	9.38
PTHR10655	2279.83	2199.9	32.0	9.99	18.69
PTHR10652	3158.58	3038.67	2227.51	717.28	1342.16
PTHR17972	4381.0	4301.06	8.0	1.3	2.44
PTHR21085	1493.0	1453.03	23.0	6.52	12.2
PTHR11922	5944.37	5784.49	70.0	19.41	36.34
PTHR12505	2103.52	2023.58	23.0	8.68	16.24
PTHR10438	15712.78	15113.32	523.93	227.21	425.17
PTHR11926	7315.64	7075.85	70.0	16.93	31.69
PTHR11431	2564.09	2484.17	370.43	102.86	192.46
PTHR10436	8029.07	7629.64	22.0	10.81	20.24
PTHR10434	3018.0	2938.06	5.0	1.39	2.61
PTHR24096	13423.56	13143.8	941.17	182.4	341.3
PTHR13018	17085.92	16766.28	142.0	23.26	43.51
PTHR24095	19773.55	19293.99	743.88	147.7	276.38
PTHR24092	21142.56	20383.31	455.0	146.13	273.43
PTHR24093	53393.42	51874.87	1930.43	451.93	845.64
PTHR10758	3658.34	3578.4	135.38	32.35	60.53
PTHR13451	1130.13	1090.16	9.0	3.41	6.37
PTHR13452	799.82	759.85	10.0	5.45	10.19
PTHR10759	826.58	786.61	78.0	41.03	76.78
PTHR12901	909.0	869.03	17.0	8.09	15.13
PTHR12903	2396.62	2316.68	91.0	31.66	59.23
PTHR13992	730.0	690.03	2.0	1.2	2.25
PTHR23237	400.0	360.05	20.0	23.27	43.54
PTHR10501	2098.64	2018.7	24.0	10.07	18.85
PTHR31169	2800.04	2680.15	24.0	10.76	20.14
PTHR12277	5088.13	4968.25	138.0	33.32	62.36
PTHR14087	998.0	958.03	4.0	1.72	3.23
PTHR14085	2051.0	2011.03	6.0	1.23	2.29
PTHR31344	1836.0	1756.06	6.04	3.07	5.75
PTHR23306	3783.58	3703.64	43.0	7.85	14.68
PTHR23305	1327.5	1287.54	17.0	5.44	10.18
PTHR11748	3354.94	3275.01	25.0	9.58	17.91
PTHR11742	6358.25	6118.49	43.0	12.22	22.83
PTHR11216	3468.6	3348.72	137.0	53.64	100.38
PTHR11210	2530.12	2410.29	98.0	56.09	104.96
PTHR14154	12056.49	11536.97	324.15	159.44	298.37
PTHR10344	725.67	685.73	0.0	0.0	0.0
PTHR10343	7116.0	6876.18	64.0	20.32	38.03
PTHR11699	10481.49	10241.88	295.99	68.4	128.0
PTHR11692	748.09	708.17	56.0	32.75	61.29
PTHR11693	3046.0	2966.06	335.48	93.22	174.45
PTHR11695	16327.25	15767.78	489.0	177.75	332.62
PTHR31760	1349.37	1309.4	6.0	1.89	3.53
PTHR31840	325.0	285.09	1.0	1.48	2.76
PTHR31906	10222.48	9902.73	120.0	38.7	72.41
PTHR21419	1836.0	1796.03	22.0	5.04	9.43
PTHR23012	10744.56	10424.83	234.0	56.59	105.9
PTHR11102	9957.11	9637.4	253.0	69.04	129.18
PTHR11106	3931.39	3811.48	89.0	29.35	54.93
PTHR31585	6276.99	6117.11	73.0	13.7	25.63
PTHR32125	1325.02	1285.05	36.0	11.54	21.6
PTHR31588	1965.29	1925.33	115.0	24.56	45.95
PTHR32120	2092.0	2052.03	25.0	5.01	9.37
PTHR15680	1076.57	1036.61	82.0	32.65	61.09
PTHR11804	4919.72	4719.94	141.01	35.38	66.2
PTHR11374	1756.62	1716.66	130.9	31.37	58.7
PTHR11808	8062.23	7822.59	63.99	14.95	27.98
PTHR12000	2877.75	2757.89	102.0	52.73	98.68
PTHR18895	4116.83	3956.96	7.0	3.05	5.7
PTHR12169	2125.0	2085.03	4.0	0.79	1.48
PTHR12486	1761.26	1681.33	10.0	5.65	10.57
PTHR12480	3896.5	3736.71	19.0	5.96	11.16
PTHR12482	5404.06	5244.22	78.0	19.53	36.56
PTHR12317	7580.0	7380.15	104.0	26.64	49.85
PTHR12649	971.94	931.98	24.0	10.64	19.91
PTHR10099	3764.83	3724.88	133.23	14.67	27.45
PTHR12461	4504.09	4344.24	17.0	4.45	8.32
PTHR12466	2188.9	2108.97	8.0	3.09	5.78
PTHR10098	850.0	770.16	2.0	1.64	3.07
PTHR13847	8142.43	7822.8	313.02	101.81	190.53
PTHR26312	6731.68	6531.83	204.01	58.72	109.87
PTHR12001	4948.87	4789.12	80.0	26.59	49.74
PTHR21327	2089.4	2049.44	99.0	19.85	37.15
PTHR21631	6716.44	6516.61	567.0	145.48	272.22
PTHR22854	2436.1	2356.17	71.0	21.74	40.67
PTHR22855	6897.21	6777.31	96.35	23.67	44.29
PTHR22850	16143.03	15743.35	167.0	46.28	86.62
PTHR22504	1850.97	1811.0	224.19	50.91	95.26
PTHR22915	14495.53	13975.97	556.0	140.32	262.58
PTHR21256	2976.0	2896.06	41.0	10.84	20.27
PTHR12265	648.0	608.03	7.0	4.78	8.94
PTHR12266	3682.0	3602.06	84.0	27.08	50.67
PTHR10648	2935.55	2855.64	256.0	53.11	99.38
PTHR30178	2444.78	2364.84	148.0	51.25	95.91
PTHR10641	14952.28	14113.21	400.99	115.34	215.79
PTHR19842	1209.49	1169.53	41.0	14.45	27.05
PTHR10644	10406.09	10126.3	143.0	33.13	61.97
PTHR30535	8597.48	8317.73	164.0	54.06	101.16
PTHR12864	1834.0	1754.06	9.0	3.75	7.01
PTHR12860	2164.0	2084.06	21.0	8.29	15.51
PTHR13194	4903.83	4743.99	99.0	22.69	42.46
PTHR13193	652.0	612.03	9.0	6.1	11.42
PTHR11913	683.0	643.03	78.0	50.31	94.15
PTHR11911	7532.29	7252.55	417.16	127.16	237.93
PTHR11910	1832.91	1752.97	153.0	70.52	131.95
PTHR12919	1213.0	1133.08	35.0	18.55	34.7
PTHR12910	1756.02	1676.1	75.0	28.32	53.0
PTHR12917	1953.0	1913.03	79.0	16.98	31.77
PTHR11351	3328.3	3168.46	135.95	31.82	59.53
PTHR11353	22757.96	22198.5	955.05	201.62	377.27
PTHR11599	11446.53	11046.94	534.0	198.68	371.77
PTHR10516	18420.93	17741.53	712.44	222.14	415.65
PTHR11592	3165.83	3046.08	153.02	70.75	132.39
PTHR11659	2209.0	2169.03	15.0	2.84	5.32
PTHR31724	2519.92	2439.99	74.0	17.1	32.0
PTHR13734	3866.15	3746.24	19.0	5.22	9.76
PTHR23315	60285.99	58248.1	721.26	238.3	445.94
PTHR23316	3737.1	3657.17	288.56	62.62	117.18
PTHR11778	3864.0	3784.06	56.96	11.67	21.84
PTHR11777	6785.0	6625.12	129.13	18.2	34.05
PTHR11774	4149.66	3989.79	43.0	16.15	30.23
PTHR11773	3618.33	3538.4	87.0	20.14	37.68
PTHR11772	6408.89	6209.07	810.61	256.4	479.8
PTHR10357	30847.63	30208.3	1169.56	246.02	460.36
PTHR10353	14953.47	14354.05	96.0	32.51	60.82
PTHR10350	2286.59	2166.7	9.0	7.78	14.56
PTHR10351	1102.0	1062.03	149.0	57.89	108.33
PTHR32557	1098.75	1058.82	26.0	10.13	18.96
PTHR10359	6782.56	6502.82	51.0	25.88	48.44
PTHR32442	1224.0	1184.03	8.0	2.79	5.21
PTHR31750	3660.0	3540.1	54.0	20.92	39.13
PTHR23418	375.46	335.62	42.0	52.49	98.21
PTHR14189	1195.98	1156.11	24.06	8.58	16.05
PTHR21021	1271.1	1231.13	8.0	2.68	5.01
PTHR32228	1498.0	1458.03	12.0	3.39	6.34
PTHR31245	1371.5	1331.57	44.0	13.61	25.47
PTHR23001	2088.0	2048.03	204.0	40.94	76.61
PTHR23002	3727.57	3607.66	23.0	8.42	15.75
PTHR11177	5320.35	5200.44	62.0	15.55	29.1
PTHR11178	3419.91	3300.01	109.97	40.58	75.93
PTHR14456	1183.96	1104.04	16.0	12.98	24.27
PTHR31808	1474.45	1434.48	135.0	38.75	72.51
PTHR13693	5322.63	5162.79	417.12	88.34	165.3
PTHR11009	2856.92	2776.98	34.0	9.96	18.64
PTHR19229	14903.94	14304.62	603.89	264.11	494.2
PTHR11482	7663.02	7463.22	524.55	55.26	103.4
PTHR11005	7947.42	7627.72	108.0	40.58	75.92
PTHR18640	2383.24	2343.28	18.0	3.16	5.9
PTHR18866	11674.85	11275.18	117.0	41.88	78.34
PTHR12022	756.0	716.03	79.0	45.7	85.52
PTHR15074	2983.0	2943.03	160.0	22.32	41.76
PTHR15588	2573.23	2493.31	32.0	9.91	18.54
PTHR12677	5025.61	4865.89	126.0	55.34	103.56
PTHR19134	3206.0	3126.06	17.0	4.14	7.74
PTHR19879	2533.0	2413.12	11.0	5.84	10.93
PTHR30566	2756.21	2676.27	37.0	11.04	20.67
PTHR12456	800.0	720.11	0.0	0.0	0.0
PTHR12452	738.0	698.03	3.0	1.78	3.33
PTHR19359	1768.0	1688.06	14.0	6.86	12.84
PTHR12072	4936.33	4776.45	16.0	5.33	9.98
PTHR13218	1376.0	1336.03	15.0	4.63	8.65
PTHR13215	1269.85	1229.88	120.0	40.22	75.25
PTHR13213	995.02	915.15	4.0	3.64	6.82
PTHR21530	4293.55	4173.65	68.0	21.83	40.85
PTHR12298	8617.02	8337.25	58.99	25.4	47.56
PTHR10638	4754.0	4634.09	99.0	28.59	53.5
PTHR10631	4524.62	4404.72	17.09	5.23	9.8
PTHR10984	6805.34	6605.52	95.0	24.03	44.95
PTHR12858	5904.45	5664.65	29.0	13.95	26.12
PTHR13505	899.75	859.79	29.0	13.94	26.09
PTHR12856	1717.84	1637.91	31.0	15.88	29.72
PTHR12855	917.42	877.45	7.0	3.3	6.17
PTHR12854	1030.0	950.09	1.0	1.12	2.09
PTHR13190	2290.0	2210.07	11.0	3.25	6.09
PTHR13182	1911.0	1871.03	39.0	8.57	16.04
PTHR10855	3510.93	3391.03	75.0	27.36	51.2
PTHR10585	2554.39	2434.49	30.0	14.46	27.06
PTHR10743	985.0	945.03	9.0	3.93	7.36
PTHR10742	21066.02	20426.94	276.57	69.84	130.66
PTHR10745	2399.79	2359.83	39.92	6.95	13.0
PTHR10744	2011.55	1891.72	139.49	85.05	159.15
PTHR10746	3022.48	2942.54	79.0	23.38	43.74
PTHR11099	2212.0	2172.03	35.0	6.62	12.39
PTHR12924	1264.59	1224.62	39.96	13.45	25.17
PTHR11627	3829.59	3709.77	397.65	111.99	209.55
PTHR11525	352.0	312.07	0.0	0.0	0.0
PTHR11349	986.67	946.7	0.0	0.0	0.0
PTHR10566	26203.58	25324.88	312.02	95.73	179.09
PTHR11588	7413.65	7253.77	632.04	140.45	262.8
PTHR10291	1789.0	1749.03	3.0	0.71	1.32
PTHR11584	7428.3	7148.63	169.29	34.88	65.28
PTHR11586	1041.78	1001.82	60.0	24.72	46.26
PTHR11909	7620.0	7420.15	388.99	99.91	186.94
PTHR24320	1663.43	1623.48	43.0	10.9	20.39
PTHR24322	18511.25	17791.93	360.63	151.0	282.57
PTHR11907	4232.0	4152.06	44.0	8.59	16.07
PTHR11760	1273.0	1193.07	2.0	1.56	2.92
PTHR11761	1499.29	1419.37	209.0	152.12	284.65
PTHR11766	2668.02	2588.09	5.0	1.63	3.04
PTHR11767	10263.13	9983.37	104.0	21.34	39.95
PTHR10361	4203.0	4083.09	14.87	3.31	6.21
PTHR10366	39221.96	38103.05	2793.81	751.01	1405.24
PTHR10169	10047.38	9807.56	45.0	10.0	18.68
PTHR10168	4941.26	4741.43	213.0	105.28	197.02
PTHR20973	1689.0	1649.03	9.0	2.25	4.2
PTHR10165	1646.68	1566.8	17.0	8.74	16.36
PTHR31032	2905.31	2825.4	79.66	23.22	43.45
PTHR23257	34943.96	33865.02	613.08	194.11	363.24
PTHR23253	1626.95	1547.06	65.0	38.04	71.18
PTHR14190	2725.35	2685.38	15.0	2.29	4.29
PTHR14194	7161.0	6961.15	65.99	15.72	29.43
PTHR31251	3046.04	2926.15	26.0	10.57	19.78
PTHR23074	13691.98	13012.88	232.0	95.9	179.42
PTHR23077	12460.14	12020.7	455.0	92.07	172.27
PTHR23076	18422.9	17983.25	933.52	224.55	420.19
PTHR12561	1072.0	1032.03	1.0	0.4	0.75
PTHR23073	8887.0	8607.32	575.99	151.84	284.13
PTHR12560	1141.0	1101.03	6.0	2.25	4.21
PTHR23078	2932.0	2892.03	76.0	10.79	20.19
PTHR11165	2620.38	2500.48	238.0	97.09	181.67
PTHR10772	3098.4	2978.5	258.0	103.46	193.59
PTHR32100	4286.34	4166.47	73.0	18.82	35.21
PTHR14534	972.0	932.03	18.0	7.98	14.93
PTHR14445	3281.72	3161.84	41.59	16.67	31.18
PTHR23109	4387.17	4267.26	15.0	5.27	9.87
PTHR31811	1693.11	1653.15	12.0	2.99	5.59
PTHR23102	3670.2	3590.27	55.0	9.48	17.73
PTHR23105	6870.42	6590.66	14635.19	13154.17	24613.86
PTHR11010	3985.81	3905.88	29.0	6.09	11.4
PTHR12668	3740.22	3620.32	84.0	30.4	56.89
PTHR12661	1868.13	1828.16	17.0	3.82	7.16
PTHR12663	4567.0	4487.06	17.0	1.92	3.59
PTHR12664	503.0	463.04	2.0	1.8	3.37
PTHR16166	30992.64	30393.2	320.0	44.79	83.84
PTHR12111	769.67	729.7	14.0	7.95	14.87
PTHR12446	2859.0	2699.22	9.0	4.22	7.89
PTHR12447	1845.0	1765.06	17.0	7.79	14.57
PTHR15481	850.0	810.03	5.0	2.55	4.78
PTHR26379	2742.53	2702.56	10.0	1.52	2.84
PTHR12599	1400.66	1360.7	20.0	6.05	11.33
PTHR12596	5466.49	5346.58	62.0	6.92	12.94
PTHR12590	1037.24	997.27	9.0	3.73	6.97
PTHR12066	1152.0	1112.03	0.0	0.0	0.0
PTHR12064	6225.9	5946.32	48.0	31.06	58.15
PTHR13226	575.0	535.04	2.0	1.55	2.91
PTHR13889	1599.0	1559.04	28.0	7.39	13.83
PTHR13887	1317.45	1277.48	107.25	34.6	64.74
PTHR21181	1634.53	1554.59	32.0	18.09	33.85
PTHR13948	2847.36	2687.55	23.0	16.72	31.27
PTHR10459	5872.68	5632.89	18.0	6.3	11.79
PTHR11453	3758.54	3638.63	9.0	3.04	5.69
PTHR19306	6587.54	6467.64	21.0	5.18	9.71
PTHR21506	2699.0	2619.06	14.0	4.4	8.24
PTHR12280	6049.41	5849.58	108.0	41.19	77.09
PTHR12281	3829.0	3709.09	49.99	18.0	33.69
PTHR12286	2319.36	2239.43	29.0	10.67	19.97
PTHR30573	2332.0	2292.03	16.0	2.87	5.37
PTHR22983	7858.0	7578.22	37.0	12.57	23.51
PTHR22981	8314.67	8034.94	79.0	27.8	52.03
PTHR30191	2318.1	2278.13	101.0	18.21	34.08
PTHR13082	932.0	892.03	5.0	2.32	4.33
PTHR10629	5358.0	5078.25	20.0	15.29	28.64
PTHR10994	37137.89	36098.9	747.46	222.65	416.59
PTHR10996	9213.15	8893.9	102.0	32.15	60.17
PTHR10997	13661.01	13341.29	126.0	33.91	63.44
PTHR10992	47335.2	45896.45	537.01	166.83	312.21
PTHR10993	1579.0	1499.06	7.0	3.78	7.08
PTHR17695	2477.06	2357.17	9.0	4.59	8.59
PTHR12849	1126.88	1086.92	17.0	6.45	12.07
PTHR21712	1101.46	1061.49	22.0	8.55	16.0
PTHR21294	1127.0	1087.03	40.0	15.18	28.41
PTHR21290	3066.49	2906.61	10.0	5.58	10.45
PTHR21349	2427.0	2347.06	11.0	3.46	6.46
PTHR21347	1322.47	1282.51	63.0	20.24	37.87
PTHR21343	2517.56	2397.66	8.0	3.24	6.05
PTHR10196	6187.1	5987.29	33.0	11.15	20.86
PTHR10192	1285.44	1245.47	16.0	5.29	9.91
PTHR10751	10603.0	10243.35	71.0	17.25	32.27
PTHR10755	2854.0	2774.06	80.01	20.7	38.73
PTHR13152	1377.07	1337.1	10.0	3.08	5.77
PTHR12932	970.0	930.03	7.0	3.11	5.82
PTHR12934	2645.46	2565.52	96.0	33.07	61.88
PTHR11451	8107.6	7947.74	146.0	31.2	58.38
PTHR10288	4089.08	3849.31	31.0	17.47	32.68
PTHR11800	2579.35	2499.42	21.0	6.98	13.06
PTHR11802	7153.74	6873.97	84.0	36.6	68.48
PTHR12891	2275.0	2155.1	16.0	8.77	16.4
PTHR11807	4234.53	4114.73	17.0	6.85	12.82
PTHR10281	4759.23	4639.33	94.0	25.7	48.1
PTHR10283	7212.53	7012.71	47.0	10.64	19.92
PTHR10285	11113.74	10793.99	86.55	25.15	47.03
PTHR10286	13318.4	12719.02	376.41	146.87	274.8
PTHR11579	3200.7	3120.76	108.0	25.24	47.23
PTHR13718	3853.08	3693.23	518.54	358.39	670.62
PTHR13711	7104.0	6864.26	79.61	24.73	46.26
PTHR13710	12357.7	11918.16	34.0	14.45	27.06
PTHR11977	3155.23	3115.27	31.0	4.08	7.64
PTHR11972	1267.89	1227.93	17.0	5.71	10.68
PTHR31480	1226.52	1186.56	15.0	5.21	9.75
PTHR31485	5919.68	5719.84	40.0	14.62	27.37
PTHR11715	630.88	591.01	15.0	10.54	19.72
PTHR11717	2384.39	2304.46	25.0	8.3	15.52
PTHR11711	15670.57	15270.9	1723.03	579.9	1085.11
PTHR11712	3521.37	3441.57	33.0	8.52	15.94
PTHR10374	4459.41	4339.5	284.0	72.64	135.95
PTHR10178	7385.12	7065.4	17.01	6.78	12.69
PTHR20961	17396.55	16757.24	109.0	40.33	75.47
PTHR10173	4568.01	4368.17	303.85	156.67	293.18
PTHR10177	10711.21	10431.44	236.0	92.74	173.57
PTHR10174	11668.05	11348.35	157.94	49.97	93.5
PTHR23249	1474.5	1394.57	25.0	14.17	26.5
PTHR23244	12246.86	11847.28	108.0	33.08	61.88
PTHR23245	4686.49	4486.66	10.0	4.54	8.48
PTHR23240	4458.0	4218.34	11.0	4.98	9.31
PTHR14614	9141.55	8821.85	53.0	23.37	43.72
PTHR31268	9241.0	8921.32	48.0	11.43	21.4
PTHR31262	1254.74	1135.63	7024.84	15969.42	29881.71
PTHR23063	7817.06	7657.19	136.0	29.74	55.65
PTHR11620	1060.0	1020.03	121.51	49.17	92.01
PTHR11624	6730.0	6530.17	220.64	72.04	134.8
PTHR11390	4123.93	4004.03	14.0	3.95	7.4
PTHR31620	4941.43	4781.58	125.0	51.36	96.1
PTHR31319	2777.0	2697.06	168.97	40.27	75.35
PTHR14052	1231.0	1191.03	6.0	2.08	3.89
PTHR32118	2006.0	1966.03	121.0	25.3	47.34
PTHR14152	430.0	390.04	3.0	3.22	6.02
PTHR23117	2931.38	2851.47	30.0	14.15	26.49
PTHR23115	30434.63	29595.34	27168.82	7468.05	13974.05
PTHR11028	1331.0	1291.03	115.0	36.7	68.68
PTHR11024	2793.0	2713.08	40.0	12.37	23.15
PTHR12616	1485.0	1445.03	4.0	1.14	2.13
PTHR12613	1504.87	1464.9	79.0	22.2	41.55
PTHR12612	1093.0	1053.03	217.0	85.04	159.13
PTHR32060	2945.44	2865.52	61.0	14.7	27.51
PTHR12126	2803.63	2723.69	85.0	24.6	46.04
PTHR12124	4994.0	4834.12	5.0	1.84	3.44
PTHR22734	2909.0	2829.06	24.0	6.94	12.99
PTHR12121	9286.31	9006.57	111.0	28.41	53.16
PTHR12438	1154.23	1074.31	3.0	2.27	4.24
PTHR15492	1946.0	1906.03	3.0	0.65	1.21
PTHR21426	5486.77	5326.9	37.0	10.4	19.47
PTHR21427	1131.0	1091.03	26.0	9.83	18.4
PTHR19372	1596.0	1556.03	30.0	7.94	14.85
PTHR19370	7513.97	7274.27	127.0	38.79	72.6
PTHR19376	13718.65	13319.18	188.0	39.88	74.61
PTHR19375	20611.43	20052.01	3000.54	596.27	1115.72
PTHR12725	2608.46	2528.52	55.0	18.94	35.43
PTHR22884	25453.99	24415.11	145.0	50.86	95.13
PTHR22883	18926.6	18446.98	168.0	52.35	97.96
PTHR22881	869.18	829.22	16.0	7.98	14.93
PTHR12542	30709.96	29790.77	468.0	146.55	274.16
PTHR12547	4538.77	4378.94	34.01	6.03	11.28
PTHR12436	4357.64	4197.78	13.0	5.1	9.53
PTHR21512	4239.38	4079.51	12.0	4.71	8.82
PTHR12965	3218.04	3098.15	27.0	10.75	20.11
PTHR14744	1748.23	1708.26	22.0	5.3	9.91
PTHR30502	2293.58	2253.62	11.0	2.01	3.75
PTHR10961	1828.0	1788.03	4.0	0.92	1.72
PTHR10617	7005.81	6766.03	524.2	124.49	232.95
PTHR10615	3405.0	3285.1	47.0	10.54	19.72
PTHR13527	543.0	503.03	3.0	2.48	4.65
PTHR22958	1795.41	1755.45	20.0	4.69	8.77
PTHR22951	3838.85	3758.92	141.9	26.77	50.09
PTHR22950	21542.58	20903.28	134.0	44.54	83.33
PTHR22953	7918.49	7758.63	28.0	7.24	13.53
PTHR22952	24355.18	23555.99	1163.93	344.4	644.41
PTHR22957	18076.76	17437.47	306.0	113.67	212.67
PTHR21600	2376.12	2296.18	13.0	6.39	11.95
PTHR24056	13750.46	13350.84	255.0	76.01	142.22
PTHR24054	2291.44	2211.51	175.96	42.34	79.23
PTHR24055	10591.56	10231.9	314.95	80.01	149.69
PTHR24058	7649.3	7369.53	208.0	70.39	131.72
PTHR10766	11451.62	11171.85	861.0	205.96	385.42
PTHR10762	3879.83	3759.94	6.0	1.61	3.0
PTHR30031	6489.4	6289.6	1280.3	457.94	856.88
PTHR12945	1361.0	1321.03	3.0	0.94	1.75
PTHR12944	2050.96	1971.06	19.0	9.93	18.58
PTHR24128	1668.0	1588.06	10.0	5.91	11.05
PTHR13096	3005.0	2925.06	4.0	1.14	2.13
PTHR11364	1649.98	1610.01	58.0	14.82	27.74
PTHR11365	3361.45	3281.6	76.0	24.56	45.97
PTHR10548	5997.87	5838.06	174.13	50.28	94.09
PTHR11817	10956.07	10636.32	240.79	77.22	144.49
PTHR11814	10171.81	9932.02	546.02	105.91	198.18
PTHR11363	1927.54	1887.58	197.6	43.04	80.54
PTHR10543	4154.0	4034.09	41.0	10.12	18.93
PTHR11819	5061.2	4981.27	638.0	102.23	191.3
PTHR10544	800.33	760.36	68.0	37.02	69.27
PTHR11562	9060.61	8860.8	82.0	18.22	34.08
PTHR11566	14986.67	14667.18	241.99	46.73	87.42
PTHR11567	2370.33	2210.48	13.0	8.11	15.18
PTHR11564	7872.59	7712.75	139.0	29.97	56.06
PTHR11962	2439.43	2359.5	24.0	8.33	15.59
PTHR11963	2615.0	2535.06	29.0	9.39	17.58
PTHR24315	1115.0	1075.03	12.0	4.61	8.62
PTHR10381	6259.67	6059.9	567.0	194.25	363.45
PTHR10383	2825.69	2745.76	84.0	23.25	43.5
PTHR24316	5471.62	5272.15	84.0	29.75	55.66
PTHR11702	10169.95	9810.25	133.27	50.75	94.96
PTHR11700	2789.01	2629.19	1009.93	1284.74	2403.98
PTHR10388	994.79	954.82	648.23	280.41	524.69
PTHR11934	2683.0	2603.06	39.0	11.8	22.08
PTHR10145	2665.38	2585.5	56.0	15.13	28.31
PTHR23273	2463.35	2383.41	29.0	11.64	21.78
PTHR12050	996.7	956.73	34.0	14.68	27.46
PTHR23163	3439.0	3399.03	128.0	15.45	28.91
PTHR23050	1089.95	1049.98	378.48	148.76	278.35
PTHR23056	2478.31	2398.38	53.0	19.9	37.25
PTHR23054	8849.89	8530.16	80.0	26.05	48.75
PTHR11638	14537.94	14298.16	1568.31	247.17	462.51
PTHR31783	3806.81	3686.92	66.0	19.62	36.71
PTHR23291	4767.81	4607.98	347.0	131.6	246.26
PTHR23293	5157.7	5037.8	89.0	22.89	42.84
PTHR11140	5104.0	5024.06	836.25	232.2	434.47
PTHR11141	5398.7	5238.84	52.0	14.17	26.52
PTHR11142	8736.75	8417.1	33.0	12.94	24.19
PTHR11143	839.0	799.03	110.53	57.23	107.09
PTHR11380	710.09	670.17	15.0	9.28	17.36
PTHR11384	12744.3	12304.71	110.0	35.67	66.72
PTHR32477	2406.0	2326.06	4.0	1.5	2.8
PTHR14043	6002.48	5802.64	45.8	21.51	40.22
PTHR32472	1349.0	1309.03	16.0	5.04	9.42
PTHR31658	3148.03	2988.16	22.0	13.13	24.57
PTHR13890	11097.49	10578.23	76.0	31.5	58.92
PTHR14269	1437.0	1397.03	3.0	0.88	1.65
PTHR23125	45349.81	44151.35	1376.87	267.78	501.04
PTHR19211	14103.17	13663.69	8156.52	1294.06	2421.44
PTHR12608	5500.87	5301.04	52.0	17.92	33.51
PTHR12604	1356.38	1316.42	10.0	3.13	5.86
PTHR12603	3903.0	3783.1	155.0	38.65	72.32
PTHR32091	2136.71	2016.81	41.9	22.6	42.3
PTHR23339	5231.64	5151.71	34.0	4.25	7.94
PTHR32098	2460.0	2420.03	9.0	1.53	2.86
PTHR18763	1448.95	1408.99	28.58	8.35	15.63
PTHR22726	1470.98	1431.01	19.0	5.47	10.23
PTHR22727	9467.0	9347.09	132.0	14.52	27.16
PTHR12428	3975.42	3895.48	89.97	17.72	33.17
PTHR18968	5118.57	4879.02	192.34	60.43	113.08
PTHR12730	1925.0	1885.03	6.0	1.31	2.45
PTHR12736	1807.0	1687.14	3.0	1.77	3.3
PTHR12735	2569.0	2449.09	21.94	8.91	16.68
PTHR15020	3156.21	3036.3	72.0	26.59	49.76
PTHR12049	3933.32	3813.43	20.0	7.79	14.57
PTHR12558	8273.71	8033.89	37.0	13.41	25.1
PTHR12553	13644.0	13324.24	52.0	10.86	20.33
PTHR10497	1236.57	1156.65	199.0	134.37	251.44
PTHR24073	18613.53	18014.16	1498.54	533.85	998.95
PTHR21569	3191.56	3071.66	152.41	79.95	149.6
PTHR21567	4262.0	4102.12	11.0	4.58	8.59
PTHR13950	3025.59	2865.73	42.33	25.45	47.64
PTHR12133	1721.99	1682.02	22.0	5.38	10.07
PTHR10972	5149.32	5029.43	139.0	31.6	59.13
PTHR21704	5578.0	5538.03	47.0	3.48	6.51
PTHR10606	2427.0	2387.03	3.0	0.52	0.97
PTHR10971	3090.42	3010.49	48.04	12.28	22.98
PTHR22942	9703.39	9383.71	96.0	26.35	49.3
PTHR11728	2102.3	2062.33	39.0	7.77	14.54
PTHR13395	1050.75	970.9	0.0	0.0	0.0
PTHR31803	1720.48	1680.52	132.0	32.31	60.46
PTHR22891	9228.41	8988.61	105.0	27.02	50.56
PTHR21368	1616.0	1536.07	46.0	20.73	38.79
PTHR30508	3809.99	3730.1	245.0	61.45	114.98
PTHR24067	21618.3	20859.0	845.27	338.28	632.98
PTHR24064	7539.36	7339.54	163.91	38.44	71.95
PTHR24063	11319.66	10959.95	51.0	17.44	32.63
PTHR21011	2843.49	2723.6	73.21	31.31	58.58
PTHR25040	6345.83	6185.97	138.95	45.53	85.2
PTHR10774	31057.92	29979.1	2131.27	1004.64	1879.9
PTHR24068	2363.87	2244.01	147.0	72.01	134.74
PTHR12959	1907.64	1867.69	15.0	3.3	6.18
PTHR24115	29423.62	28544.57	175.98	43.39	81.2
PTHR11825	9285.68	9085.84	97.0	21.15	39.6
PTHR10809	1376.13	1336.16	97.0	29.91	55.96
PTHR11822	2043.0	2003.03	135.0	27.7	51.84
PTHR10555	3956.18	3836.27	42.0	14.54	27.21
PTHR10806	1003.0	963.03	13.0	5.58	10.43
PTHR10804	15049.76	14610.13	245.0	73.78	138.05
PTHR11556	5336.0	5136.15	175.7	64.69	121.06
PTHR11006	7004.33	6764.65	26.0	8.23	15.41
PTHR22838	760.94	721.13	40.0	22.97	42.97
PTHR11558	2543.0	2463.06	237.0	65.89	123.3
PTHR13773	1785.0	1745.03	7.0	1.65	3.09
PTHR20275	1923.34	1883.37	21.0	4.58	8.58
PTHR10537	1618.0	1578.03	1.0	0.26	0.49
PTHR11953	1140.0	1100.03	5.0	1.88	3.51
PTHR11956	2714.0	2634.06	24.0	7.31	13.67
PTHR11959	3830.29	3710.39	86.74	31.5	58.94
PTHR11739	2961.5	2881.57	182.0	42.45	79.43
PTHR11732	18192.64	17593.47	456.98	146.67	274.42
PTHR11731	12020.57	11740.88	221.0	46.75	87.47
PTHR11730	8593.39	8313.67	453.03	94.33	176.49
PTHR11735	2537.04	2417.28	12.0	5.98	11.18
PTHR10394	1147.54	1107.58	145.0	54.0	101.05
PTHR20941	1839.0	1759.06	4.0	1.76	3.29
PTHR10150	2674.78	2554.87	17.0	8.44	15.78
PTHR31065	1070.58	1030.63	70.11	28.07	52.53
PTHR10159	13004.85	12565.23	218.0	72.82	136.26
PTHR10122	1063.07	1023.11	78.0	31.47	58.89
PTHR23264	5308.97	5189.08	90.0	22.13	41.41
PTHR23269	1548.05	1428.18	9.0	7.56	14.15
PTHR31204	720.0	680.03	4.0	2.44	4.56
PTHR31201	4065.9	3985.97	105.0	23.92	44.76
PTHR31209	1006.08	966.16	11.0	4.7	8.8
PTHR11607	12592.06	12112.59	198.82	63.49	118.79
PTHR11606	2197.0	2157.03	130.0	24.77	46.34
PTHR11601	5914.12	5754.28	96.0	29.9	55.95
PTHR32467	1960.21	1880.27	11.0	4.81	8.99
PTHR23130	19950.46	19311.18	821.99	318.54	596.07
PTHR23133	1369.0	1329.03	36.0	11.16	20.88
PTHR23135	5642.7	5482.83	37.0	12.13	22.69
PTHR23138	2145.97	2066.04	87.0	35.41	66.26
PTHR23139	3355.29	3195.42	59.27	32.53	60.87
PTHR31682	2638.0	2518.14	66.92	18.59	34.78
PTHR11040	6388.75	6188.91	39.0	12.35	23.1
PTHR11043	2129.51	2049.58	61.0	23.25	43.51
PTHR11042	4771.09	4571.24	32.0	14.68	27.47
PTHR11048	6741.13	6541.29	92.0	33.52	62.71
PTHR15818	1810.0	1730.06	3.0	1.32	2.47
PTHR12636	1315.52	1275.55	13.0	4.2	7.86
PTHR14490	813.0	733.1	4.0	4.37	8.18
PTHR14493	6350.39	6150.58	133.01	46.94	87.83
PTHR15651	4257.61	4177.67	27.0	5.97	11.18
PTHR12380	2174.24	2094.31	49.0	19.02	35.6
PTHR12385	3100.78	3060.81	24.0	3.22	6.02
PTHR12706	5829.0	5509.31	11.0	5.86	10.97
PTHR12709	859.0	819.03	3.0	1.52	2.84
PTHR19957	11917.83	11518.42	291.11	80.05	149.8
PTHR30239	2510.15	2430.22	36.0	14.12	26.42
PTHR11203	9767.23	9527.43	65.19	20.57	38.5
PTHR12770	2210.0	2130.06	11.0	4.05	7.59
PTHR12097	3585.0	3545.03	314.0	36.34	68.0
PTHR11200	13731.52	13252.02	73.0	27.65	51.76
PTHR21576	18247.31	17608.09	157.0	52.02	97.34
PTHR24423	49833.29	48155.16	1438.04	278.97	521.98
PTHR10046	5820.6	5660.81	85.36	19.97	37.37
PTHR12419	9029.06	8749.3	122.0	54.39	101.81
PTHR11757	444.0	404.04	0.0	0.0	0.0
PTHR30525	1798.37	1758.41	26.0	6.08	11.38
PTHR12413	3213.46	3133.52	14.0	3.72	6.96
PTHR12412	3005.79	2885.89	40.0	17.26	32.29
PTHR12411	38980.9	37502.39	925.7	303.72	568.33
PTHR12146	1060.0	1020.03	161.0	65.15	121.91
PTHR12415	1334.0	1254.13	4.0	1.7	3.17
PTHR10947	1758.26	1718.3	49.71	11.9	22.27
PTHR21717	4130.08	4010.19	27.0	8.13	15.21
PTHR10943	6535.29	6375.41	176.0	46.74	87.46
PTHR12897	616.96	577.0	3.0	2.16	4.04
PTHR12894	2979.38	2859.49	38.0	19.16	35.84
PTHR22976	5407.46	5247.58	253.02	52.4	98.05
PTHR22975	918.0	878.03	12.0	5.65	10.57
PTHR22970	1020.0	980.03	6.0	2.53	4.73
PTHR20922	2722.45	2642.52	141.0	37.86	70.84
PTHR21377	2488.0	2408.06	71.84	22.96	42.95
PTHR21371	1907.92	1867.96	157.03	34.56	64.68
PTHR21373	3371.0	3291.07	5.0	1.47	2.76
PTHR22573	8528.58	8288.78	313.97	81.67	152.82
PTHR22572	19523.78	18924.36	716.99	165.77	310.18
PTHR13060	890.0	850.03	1.0	0.49	0.91
PTHR21000	2369.0	2329.03	23.0	4.06	7.59
PTHR10701	750.0	710.03	12.0	7.0	13.1
PTHR13161	952.0	912.03	3.0	1.36	2.54
PTHR13162	5657.75	5418.17	159.0	55.49	103.81
PTHR13165	2625.0	2545.06	20.0	6.33	11.84
PTHR21396	1200.0	1160.03	7.0	2.49	4.66
PTHR12459	3686.0	3566.1	20.0	3.23	6.04
PTHR10681	4554.3	4394.43	396.49	160.2	299.74
PTHR24106	3982.48	3902.56	49.0	12.38	23.17
PTHR24103	2288.0	2248.03	8.0	1.46	2.74
PTHR10683	2771.63	2691.7	295.0	81.58	152.64
PTHR11540	1540.19	1460.26	21.0	11.88	22.24
PTHR10836	7465.07	7065.54	1634.37	1395.73	2611.68
PTHR10835	2548.0	2508.03	8.0	1.31	2.45
PTHR11545	3306.22	3146.39	213.0	131.9	246.83
PTHR10012	889.44	849.48	12.0	5.84	10.93
PTHR13768	1174.69	1134.73	46.0	16.72	31.29
PTHR24078	18731.84	18252.87	172.0	35.49	66.41
PTHR11946	24451.34	23851.85	338.82	79.44	148.65
PTHR11947	2530.34	2450.4	18.0	4.95	9.26
PTHR11941	9527.7	9247.93	198.67	62.44	116.84
PTHR24072	2938.98	2859.05	209.0	62.71	117.34
PTHR10496	437.0	397.04	107.0	112.65	210.79
PTHR10491	1509.0	1469.03	4.0	1.12	2.1
PTHR24076	18175.46	17536.02	612.92	180.94	338.6
PTHR24077	12814.9	12335.37	665.27	317.82	594.74
PTHR11726	1401.76	1321.87	10303.51	13779.47	25783.92
PTHR11727	2397.0	2317.06	18.0	6.23	11.68
PTHR11721	866.49	826.52	133.52	66.81	125.02
PTHR11722	1179.0	1139.03	169.0	61.19	114.5
PTHR10120	3898.0	3818.06	37.0	7.94	14.86
PTHR11831	3212.1	3012.42	2395.0	3358.0	6283.45
PTHR11835	4678.91	4559.01	55.75	14.15	26.49
PTHR11614	13823.3	13503.58	559.0	129.17	241.69
PTHR11615	4944.12	4824.22	180.0	34.57	64.68
PTHR11618	3448.11	3288.25	26.0	14.0	26.19
PTHR32419	6898.81	6738.93	251.0	63.48	118.78
PTHR10231	6120.44	5960.56	105.0	27.09	50.7
PTHR10233	4168.29	4008.56	62.0	27.46	51.39
PTHR31503	2965.21	2885.29	65.0	18.5	34.62
PTHR23147	1594.0	1514.07	31.0	20.2	37.81
PTHR23140	3822.78	3742.89	14.0	2.9	5.41
PTHR23142	1768.0	1688.06	19.0	9.64	18.06
PTHR23149	487.13	447.2	6.0	5.59	10.47
PTHR23148	1355.62	1315.66	10.98	3.44	6.44
PTHR11361	21028.72	20229.52	142.03	51.22	95.84
PTHR11056	2967.91	2887.97	155.0	29.56	55.31
PTHR11055	3240.84	3160.9	50.0	11.97	22.41
PTHR32523	2141.04	2061.11	48.0	17.17	32.13
PTHR10540	3282.41	3162.5	102.0	36.51	68.34
PTHR22767	6906.75	6826.81	77.0	11.22	21.0
PTHR12629	2080.83	2000.96	28.0	7.99	14.95
PTHR18945	10352.09	9992.43	67.0	29.8	55.76
PTHR26402	6176.77	5937.0	52.0	22.02	41.23
PTHR19384	9311.99	8872.4	302.0	112.45	210.4
PTHR12714	3705.92	3586.01	144.0	51.26	95.92
PTHR32251	2856.6	2736.72	91.0	35.49	66.4
PTHR12570	2155.07	2075.13	19.0	7.49	14.01
PTHR21494	2236.0	2156.15	2.0	0.43	0.81
PTHR21496	3673.82	3553.93	108.0	44.62	83.51
PTHR21141	3968.01	3808.14	462.04	200.4	374.98
PTHR21499	7449.32	7209.54	65.0	11.98	22.42
PTHR21148	2087.28	2007.34	16.0	6.48	12.13
PTHR12083	1738.0	1698.03	2.0	0.48	0.91
PTHR13355	3851.85	3731.95	82.0	30.05	56.23
PTHR13976	4010.15	3850.28	125.0	57.92	108.37
PTHR19852	2679.0	2599.06	57.0	16.91	31.64
PTHR16128	3504.72	3424.79	28.0	6.18	11.55
PTHR12400	1210.8	1170.83	29.0	10.21	19.11
PTHR12403	1676.72	1596.78	39.0	21.22	39.69
PTHR13572	1670.0	1630.03	13.0	3.28	6.14
PTHR30314	3937.32	3857.39	63.0	14.08	26.36
PTHR12882	1176.0	1136.03	1.0	0.36	0.68
PTHR12883	1256.23	1216.27	9.0	3.05	5.71
PTHR16255	517.28	477.32	7.0	6.11	11.43
PTHR16254	9305.73	9065.92	80.0	20.32	38.0
PTHR22960	2206.91	2126.98	20.0	8.26	15.45
PTHR13373	635.0	595.04	3.0	2.09	3.92
PTHR13375	1373.0	1293.07	2.0	1.47	2.75
PTHR22967	4003.8	3883.9	28.0	7.89	14.79
PTHR19858	3449.5	3369.57	39.0	10.21	19.1
PTHR30222	809.0	769.03	3.0	1.61	3.02
PTHR13115	1865.62	1785.68	7.0	3.23	6.04
PTHR13117	2175.0	2135.03	7.0	1.35	2.52
PTHR12975	3466.0	3306.14	5.0	3.26	6.09
PTHR13285	716.0	676.03	3.0	1.84	3.44
PTHR13288	1522.53	1482.57	6.0	1.67	3.12
PTHR10953	19483.05	18843.69	266.0	77.17	144.37
PTHR10954	2518.0	2438.06	16.0	6.23	11.65
PTHR21726	3958.39	3798.68	61.0	20.98	39.23
PTHR10956	1433.0	1313.17	15287.86	21065.34	39417.11
PTHR11538	3283.4	3163.5	55.5	28.84	53.97
PTHR10826	1109.0	1029.08	24.71	15.09	28.23
PTHR21493	19468.41	18908.98	201.76	50.88	95.24
PTHR11533	5497.63	5377.74	438.0	84.29	157.72
PTHR11532	1974.28	1934.31	14.0	2.98	5.57
PTHR10000	4884.09	4724.22	67.0	20.25	37.88
PTHR13021	726.0	686.03	14.0	8.46	15.83
PTHR12290	520.73	480.8	6.0	5.2	9.72
PTHR12295	7192.0	6952.19	40.0	16.5	30.86
PTHR24007	4127.66	3927.91	28.0	14.67	27.43
PTHR24003	15259.45	14740.07	378.46	83.97	157.14
PTHR31446	4055.13	3935.22	21.0	8.58	16.05
PTHR31190	6603.79	6403.96	205.0	50.46	94.42
PTHR11441	1200.9	1160.93	3.0	1.07	1.99
PTHR11440	6137.99	5938.16	141.0	31.96	59.81
PTHR11999	8984.86	8665.25	318.0	67.61	126.51
PTHR11449	1313.0	1233.08	911.36	960.61	1797.48
PTHR11994	2122.78	2003.09	6736.14	9897.75	18520.52
PTHR10133	6647.1	6487.51	39.01	14.18	26.53
PTHR21649	11248.14	10728.91	5897.47	2499.89	4677.75
PTHR13620	4053.25	3893.42	26.0	7.82	14.64
PTHR11705	881.39	841.43	5.0	2.46	4.6
PTHR11847	1287.0	1247.03	106.54	35.21	65.89
PTHR11843	1335.21	1255.29	1624.08	1566.96	2932.07
PTHR13138	597.0	557.04	2.0	1.49	2.79
PTHR11662	12838.29	12478.59	162.0	45.01	84.23
PTHR11669	4852.22	4652.38	25.0	13.19	24.68
PTHR11668	19528.74	19049.11	635.6	150.55	281.71
PTHR20856	12707.15	12467.38	173.88	29.15	54.53
PTHR20854	6634.13	6394.33	82.0	25.38	47.5
PTHR20855	4046.18	3926.29	51.0	14.48	27.1
PTHR20852	5021.55	4741.86	3110.78	1586.95	2969.46
PTHR32404	4855.86	4656.04	57.0	18.37	34.38
PTHR20858	322.0	282.09	4.0	5.97	11.18
PTHR11918	5015.0	4855.12	27.0	7.34	13.74
PTHR10634	3107.83	3027.89	612.0	168.47	315.24
PTHR11709	18965.77	18326.45	131.0	36.97	69.17
PTHR14898	1815.0	1775.03	39.0	9.04	16.91
PTHR14237	4617.88	4458.03	35.0	12.97	24.28
PTHR23155	208126.16	200454.85	1229.48	422.91	791.39
PTHR23153	3265.41	3145.51	68.99	25.44	47.59
PTHR23151	12536.78	12057.17	226.02	88.1	164.84
PTHR11063	2775.0	2695.06	16.0	4.38	8.19
PTHR11062	69320.53	66763.65	772.28	260.19	486.89
PTHR11061	4645.0	4325.49	7.0	7.88	14.75
PTHR11065	3936.44	3856.51	114.0	21.73	40.66
PTHR11064	1813.29	1733.35	63.99	29.05	54.37
PTHR11260	15734.3	15174.84	738.86	294.43	550.92
PTHR11264	1585.67	1545.71	13.0	3.46	6.48
PTHR11266	5999.45	5759.76	131.0	60.46	113.12
PTHR13501	914.46	874.5	16.0	7.56	14.15
PTHR31998	5249.32	5129.41	984.39	146.79	274.66
PTHR31221	22252.4	21373.55	206.31	93.45	174.85
PTHR15838	402.0	362.05	4.0	4.63	8.66
PTHR12850	1045.0	965.09	20883.46	26960.01	50447.12
PTHR32338	1635.0	1595.03	49.0	12.64	23.66
PTHR23270	5933.0	5653.22	33.0	15.72	29.43
PTHR31155	1472.5	1432.53	177.0	50.88	95.2
PTHR12363	5299.0	5179.09	32.0	6.8	12.73
PTHR20932	743.0	703.03	8.0	4.71	8.82
PTHR18952	3662.0	3542.15	83.0	30.26	56.61
PTHR10552	1028.0	988.03	8.0	3.34	6.26
PTHR12765	749.37	709.41	11.0	6.42	12.02
PTHR22603	1524.32	1484.35	68.0	18.86	35.29
PTHR12506	2025.0	1905.12	10.0	4.5	8.42
PTHR22604	6851.28	6611.51	32.0	10.76	20.11
PTHR21481	3881.54	3801.61	29.0	6.63	12.41
PTHR22778	691.0	651.03	0.0	0.0	0.0
PTHR19446	472.0	432.04	0.0	0.0	0.0
PTHR12219	751.0	711.03	47.0	27.38	51.24
PTHR13561	355.0	315.07	3.0	4.0	7.49
PTHR13563	1888.23	1848.26	14.75	3.28	6.14
PTHR12210	8956.07	8716.26	238.0	65.1	121.83
PTHR12215	3057.9	2977.99	6.0	1.0	1.87
PTHR12214	1892.83	1812.9	18.0	8.52	15.94
PTHR12189	1624.55	1544.62	13.0	6.53	12.23
PTHR22911	6511.0	6351.12	226.0	40.05	74.94
PTHR22912	13474.03	13194.27	521.02	121.34	227.04
PTHR12183	8447.93	8088.32	93.0	37.81	70.74
PTHR19849	2486.0	2366.1	20.0	9.79	18.33
PTHR22594	10787.18	10507.39	124.26	32.68	61.15
PTHR11864	3155.81	2996.07	17.0	5.46	10.22
PTHR21152	5606.66	5486.75	136.0	31.09	58.17
PTHR30075	2417.99	2338.09	16.0	3.28	6.14
PTHR11632	3805.33	3685.43	46.0	14.85	27.79
PTHR13102	2289.78	2209.84	19.0	6.37	11.92
PTHR12984	3845.13	3765.2	87.0	24.27	45.41
PTHR11630	12760.32	12240.92	120.0	48.65	91.0
PTHR12302	772.61	732.65	9.0	5.09	9.52
PTHR13299	766.97	727.01	10.0	5.7	10.66
PTHR12652	4585.0	4465.09	143.0	39.88	74.61
PTHR10925	3158.46	2998.68	84.0	34.6	64.73
PTHR21737	4365.0	4245.1	53.0	8.9	16.64
PTHR10920	7596.55	7316.82	19.0	7.31	13.67
PTHR10584	13549.5	13229.76	136.0	36.92	69.12
PTHR11528	8117.0	7957.12	2076.83	528.66	989.23
PTHR11527	8240.16	7840.56	401.1	166.85	312.23
PTHR10859	7163.0	6883.29	49.0	20.36	38.09
PTHR10589	2511.66	2431.72	24.0	8.43	15.79
PTHR10588	1721.85	1642.03	74.0	64.68	121.02
PTHR13038	1110.0	1030.08	4.0	3.05	5.71
PTHR13748	7179.79	6979.96	88.0	19.76	36.99
PTHR13743	14340.78	13821.2	118.0	38.07	71.24
PTHR24015	91683.98	88686.85	733.0	205.55	384.63
PTHR24012	22066.35	21187.16	494.88	174.72	326.89
PTHR24011	32034.94	30916.13	505.89	149.04	278.9
PTHR31187	2142.0	2102.03	75.0	14.66	27.44
PTHR19139	1554.0	1514.03	8.0	2.18	4.07
PTHR21145	1607.0	1567.03	13.0	3.41	6.39
PTHR10458	823.15	783.18	7.0	3.7	6.92
PTHR10108	32710.67	31671.7	366.0	120.41	225.29
PTHR11986	10806.32	10566.59	384.01	88.12	164.88
PTHR11455	7282.85	7003.15	74.0	26.07	48.77
PTHR10102	2404.0	2364.03	20.0	3.48	6.5
PTHR11458	681.0	641.03	16.0	10.35	19.37
PTHR10106	1074.0	994.08	50.04	41.91	78.4
PTHR30544	5611.0	5451.13	31.0	11.27	21.09
PTHR31057	2464.37	2304.52	8.0	5.33	9.99
PTHR20982	1330.86	1290.89	18.0	5.75	10.75
PTHR11851	24661.0	24101.51	628.94	157.43	294.52
PTHR23092	6732.81	6453.12	58.96	32.97	61.7
PTHR23091	11447.49	10968.2	208.05	80.74	151.06
PTHR11673	1630.62	1550.69	245.61	120.45	225.37
PTHR11670	8825.89	8626.05	619.85	109.25	204.42
PTHR11671	1199.0	1159.03	39.0	13.88	25.96
PTHR20863	2748.09	2628.18	145.0	74.24	138.92
PTHR20861	3734.2	3614.39	30.0	8.09	15.14
PTHR11679	13461.75	13142.03	132.0	22.18	41.48
PTHR14009	5508.41	5388.52	104.0	20.83	38.97
PTHR10217	22208.03	21768.39	347.78	74.18	138.82
PTHR14005	2884.31	2804.43	38.0	8.67	16.22
PTHR10210	4524.98	4365.13	91.92	47.55	88.97
PTHR31522	1545.06	1505.09	14.0	3.83	7.17
PTHR14221	979.0	899.09	1.0	0.77	1.45
PTHR11079	6176.03	5976.21	58.0	25.47	47.65
PTHR11076	5266.58	5106.79	22.0	4.61	8.62
PTHR11070	4842.83	4682.95	15.0	5.08	9.5
PTHR11071	20112.39	19353.31	962.15	391.28	732.15
PTHR11278	964.0	924.03	93.01	41.59	77.82
PTHR11276	1106.42	1026.6	4.0	3.31	6.19
PTHR11274	2575.0	2495.13	28.0	5.19	9.71
PTHR14136	3359.35	3239.44	65.0	24.81	46.44
PTHR31984	6063.23	5903.36	207.13	47.1	88.14
PTHR15350	2849.9	2769.97	89.7	30.52	57.11
PTHR31695	3235.0	3195.03	33.0	4.24	7.93
PTHR15606	2453.64	2373.71	46.0	16.01	29.97
PTHR12374	1779.0	1699.06	4.0	1.94	3.64
PTHR12375	1245.0	1205.03	6.0	2.05	3.84
PTHR12378	2334.04	2254.15	89.0	32.0	59.88
PTHR18929	12797.33	12397.67	1050.04	365.75	684.38
PTHR12777	619.0	579.04	59.0	42.32	79.2
PTHR12775	2066.75	1986.82	63.0	21.33	39.92
PTHR16092	2886.0	2846.03	56.0	8.08	15.11
PTHR12406	1383.92	1343.96	25.0	7.66	14.34
PTHR11035	1072.0	1032.03	21.0	8.4	15.72
PTHR22298	14812.4	14332.92	677.0	148.7	278.22
PTHR12174	4924.54	4764.67	58.04	23.61	44.18
PTHR12175	2289.0	2209.06	31.0	11.43	21.39
PTHR12176	9510.36	9230.6	62.0	20.79	38.91
PTHR22769	3007.44	2887.53	16.0	6.68	12.51
PTHR10293	5488.78	5328.91	182.0	53.87	100.8
PTHR22765	3777.31	3697.38	259.0	58.73	109.88
PTHR22762	5745.0	5665.06	47.37	6.68	12.5
PTHR22763	3602.86	3483.13	31.0	7.61	14.24
PTHR22761	2594.93	2515.01	175.0	58.23	108.96
PTHR21231	3533.08	3413.17	31.0	14.01	26.2
PTHR21230	4057.31	3897.44	80.0	35.4	66.24
PTHR21234	1024.0	984.03	9.0	3.78	7.07
PTHR21237	2656.47	2576.54	43.98	14.28	26.72
PTHR12202	1637.0	1517.12	6.0	5.2	9.76
PTHR12203	4657.0	4497.13	4.0	1.65	3.09
PTHR19857	501.0	461.04	2.0	1.81	3.38
PTHR22904	24628.71	23709.69	633.0	226.56	423.93
PTHR19855	1760.0	1720.03	5.0	1.2	2.24
PTHR13353	633.0	593.04	2.0	1.4	2.62
PTHR19853	1605.0	1525.07	0.0	0.0	0.0
PTHR15362	2668.12	2588.19	45.0	17.29	32.35
PTHR12197	11189.43	10630.13	74.0	32.11	60.12
PTHR13822	762.18	722.23	91.0	52.18	97.64
PTHR21319	5077.0	4957.09	34.0	8.75	16.37
PTHR10732	889.0	849.03	57.89	28.19	52.76
PTHR10738	1477.0	1437.03	7.0	2.01	3.75
PTHR10739	1620.17	1540.23	15.0	8.31	15.56
PTHR12992	1131.0	1091.03	5.0	1.89	3.54
PTHR22836	2194.0	2114.06	4.0	1.44	2.7
PTHR22880	7529.62	7369.75	139.0	21.33	39.91
PTHR10938	2411.51	2331.58	27.0	9.57	17.91
PTHR10934	1263.81	1183.9	921.01	1009.04	1888.1
PTHR11510	1609.05	1569.12	68.0	17.83	33.37
PTHR11516	6534.26	6334.44	166.08	46.96	87.88
PTHR10025	3215.34	3055.51	27.0	13.65	25.54
PTHR10026	10734.92	10535.11	223.01	29.77	55.72
PTHR10027	3827.91	3668.06	27.0	10.44	19.52
PTHR13009	2790.0	2670.09	74.0	38.88	72.75
PTHR13007	937.0	897.03	11.0	5.07	9.48
PTHR30115	1974.07	1894.15	10.0	3.15	5.9
PTHR10598	923.0	883.03	4.0	1.87	3.5
PTHR17901	766.0	726.03	2.0	1.14	2.13
PTHR24351	656.0	616.03	7.0	4.72	8.82
PTHR20981	1258.98	1179.05	796.0	673.24	1259.75
PTHR24352	550.0	510.04	0.0	0.0	0.0
PTHR11467	2381.08	2301.14	323.0	122.45	229.12
PTHR10119	7430.69	7230.85	148.0	41.32	77.29
PTHR10114	761.39	721.42	73.0	41.91	78.43
PTHR10110	7871.37	7671.77	221.0	57.04	106.74
PTHR11469	4425.68	4345.75	90.0	17.51	32.76
PTHR10445	779.0	739.03	12.0	6.72	12.58
PTHR11863	5545.6	5345.79	204.0	63.25	118.36
PTHR24286	4091.0	3971.09	140.13	29.76	55.69
PTHR23429	3795.31	3715.38	470.05	101.93	190.73
PTHR23426	2396.31	2316.38	56.0	21.93	41.05
PTHR10593	4603.72	4443.87	53.0	16.26	30.42
