GeneFamily	length	effective_length	expected_count	TPM	FPKM
PTHR11649	14117.35	13646.73	6802.22	259.15	211.51
PTHR31089	1076.36	1029.29	174.0	10.61	8.66
PTHR31085	2833.26	2786.19	1273.97	28.59	23.33
PTHR11647	5817.68	5723.54	1789.87	38.38	31.33
PTHR11645	929.08	882.01	277.0	19.74	16.11
PTHR11880	854.0	806.93	19139.59	1491.62	1217.43
PTHR11885	727.0	679.93	27176.0	2517.18	2054.48
PTHR10209	7031.0	6795.66	1066.73	41.74	34.07
PTHR32429	3447.0	3305.8	13058.63	497.22	405.83
PTHR12403	840.0	792.93	478.0	37.92	30.95
PTHR31423	1110.0	1062.93	315.51	18.63	15.21
PTHR31551	765.88	718.8	686.0	60.07	49.03
PTHR32195	2489.59	2395.45	816.0	29.68	24.22
PTHR11081	8781.0	8498.58	704.91	27.69	22.59
PTHR11080	2123.75	2029.61	703.01	39.14	31.95
PTHR11082	4896.0	4801.86	7541.16	154.27	125.92
PTHR11085	7630.94	7301.45	1508.83	77.7	63.41
PTHR11089	6129.65	5941.36	3396.29	147.34	120.24
PTHR32518	5993.0	5898.86	954.0	25.16	20.53
PTHR11247	1424.8	1330.66	89.0	8.48	6.92
PTHR12277	3837.18	3695.97	1204.39	63.82	52.09
PTHR32512	1819.0	1771.93	1140.0	40.28	32.88
PTHR23088	4330.87	4142.59	2256.0	104.18	85.04
PTHR23089	1694.0	1599.86	1810.91	157.53	128.57
PTHR23081	5476.48	5335.27	2996.67	96.68	78.92
PTHR23083	29465.75	28712.63	11427.69	355.56	290.23
PTHR23084	6645.95	6457.66	2600.79	126.18	102.99
PTHR23086	6179.0	5990.72	807.48	32.51	26.54
PTHR18806	3810.0	3715.86	1931.93	62.14	50.72
PTHR31953	1816.0	1768.93	336.0	11.89	9.71
PTHR15184	10018.09	9782.74	22260.29	774.85	632.4
PTHR15341	799.0	751.93	135.0	11.3	9.22
PTHR14744	1242.0	1147.91	51.0	6.61	5.41
PTHR15169	1388.0	1340.93	119.05	5.57	4.54
PTHR12341	11173.91	10891.5	3808.67	78.57	64.12
PTHR15160	5320.93	5132.65	3060.16	121.62	99.27
PTHR18937	20599.21	20316.79	6375.85	108.24	88.34
PTHR18934	26389.08	25635.95	15276.77	484.27	395.27
PTHR12742	2322.0	2274.93	1753.94	48.23	39.37
PTHR12741	1560.0	1512.93	267.0	11.06	9.02
PTHR16557	1964.0	1869.86	186.0	12.04	9.82
PTHR19288	5559.41	5371.13	4283.38	178.28	145.51
PTHR12975	4122.0	3980.79	573.99	30.14	24.61
PTHR13902	2641.86	2594.78	1247.9	30.07	24.55
PTHR13903	1438.0	1390.93	2443.53	110.11	89.87
PTHR22753	2304.0	2209.86	98.96	5.98	4.88
PTHR30615	1737.45	1643.31	588.01	48.32	39.44
PTHR22939	14388.16	13917.56	8098.91	252.59	206.19
PTHR22938	3864.76	3723.55	920.0	45.0	36.72
PTHR16266	4658.04	4516.83	476.0	18.99	15.51
PTHR21597	5700.0	5652.93	2262.91	25.0	20.4
PTHR22932	876.0	828.93	541.07	41.04	33.5
PTHR21228	20825.12	20260.34	7731.43	289.64	236.43
PTHR13343	3679.24	3538.03	3560.09	192.94	157.47
PTHR22936	2747.0	2605.79	705.82	51.47	42.0
PTHR31038	1402.0	1354.93	1873.87	86.69	70.76
PTHR13832	36627.05	35403.28	23965.86	898.17	733.03
PTHR21139	1298.65	1251.58	2680.93	134.32	109.63
PTHR21136	3418.0	3276.79	2075.05	118.54	96.74
PTHR12526	38839.41	37898.12	22912.95	560.36	457.36
PTHR13120	807.0	759.93	577.0	47.77	38.99
PTHR22809	2879.0	2737.79	784.0	60.48	49.36
PTHR22807	4491.53	4397.39	1053.97	30.76	25.11
PTHR20661	2106.0	2011.86	149.0	10.57	8.63
PTHR10900	17107.43	16495.56	10245.97	562.27	458.91
PTHR10906	2767.0	2672.86	4899.32	168.03	137.15
PTHR10909	18131.12	17707.49	22381.64	577.33	471.22
PTHR10055	3197.0	3102.86	1479.0	59.15	48.28
PTHR10057	1659.0	1564.86	1412.37	96.92	79.1
PTHR10052	1068.0	1020.93	27912.37	1716.47	1400.95
PTHR13017	860.0	812.93	74.0	5.72	4.67
PTHR13018	17784.02	17454.52	11455.69	238.89	194.97
PTHR10694	9478.24	9242.93	4678.26	158.58	129.43
PTHR12839	2552.95	2458.81	420.0	23.69	19.33
PTHR12835	727.0	679.93	93.0	8.61	7.03
PTHR24031	57126.99	55291.43	73813.88	2701.47	2204.87
PTHR24032	3082.11	2940.9	685.0	44.16	36.04
PTHR24349	22431.16	21819.31	10626.64	362.39	295.78
PTHR24619	5979.0	5837.79	1781.04	44.78	36.55
PTHR24343	27949.03	27101.78	23023.62	684.14	558.4
PTHR11472	10779.83	10403.28	8043.51	202.97	165.67
PTHR24347	14772.18	14348.62	6894.66	169.29	138.18
PTHR11476	1748.0	1700.93	799.0	29.42	24.01
PTHR11477	3715.84	3621.72	1409.95	45.01	36.73
PTHR10438	22912.82	22159.7	23450.44	1190.53	971.69
PTHR10476	5629.04	5534.9	4983.77	101.29	82.67
PTHR24290	3600.0	3458.79	1795.01	94.38	77.02
PTHR23413	574.0	526.93	26421.45	3166.19	2584.19
PTHR23417	2196.35	2102.21	890.99	52.98	43.24
PTHR23416	1500.41	1453.34	676.01	29.15	23.79
PTHR23415	1058.0	1010.93	1499.0	93.1	75.99
PTHR12736	1816.87	1769.8	635.96	22.5	18.36
PTHR10871	1508.0	1413.86	28478.86	2686.39	2192.58
PTHR10877	1376.0	1234.87	28.0	2.97	2.42
PTHR11879	5610.48	5422.28	2606.01	98.75	80.6
PTHR11659	1612.29	1565.21	1062.02	42.5	34.69
PTHR31096	3956.49	3815.27	4970.46	243.14	198.43
PTHR31098	4404.0	4356.93	7927.13	113.66	92.76
PTHR11655	1974.0	1879.86	44415.43	3242.45	2646.43
PTHR11652	720.0	672.93	25399.57	2377.34	1940.34
PTHR20883	2097.0	2002.86	629.0	37.12	30.3
PTHR11895	6225.51	6084.3	1653.99	48.14	39.29
PTHR10277	3846.0	3704.79	1843.19	92.24	75.29
PTHR14027	3452.0	3404.93	1407.0	25.82	21.08
PTHR12320	6237.28	6096.06	3148.06	98.35	80.26
PTHR24095	16256.62	15644.78	69152.99	1815.28	1481.58
PTHR11246	9485.0	9343.79	5930.82	123.18	100.55
PTHR24092	4620.0	4572.93	3380.98	46.18	37.69
PTHR24093	32927.77	32221.75	43868.61	1066.66	870.59
PTHR23180	11389.64	11060.14	8322.82	282.0	230.15
PTHR14593	2603.77	2509.63	504.01	25.29	20.63
PTHR11093	3421.0	3326.86	2281.06	85.89	70.09
PTHR11096	1673.77	1579.63	251.58	18.78	15.33
PTHR23346	8462.0	8320.79	5503.05	334.41	272.94
PTHR11099	2595.0	2547.93	1195.01	29.33	23.94
PTHR10309	1913.0	1865.93	1505.0	50.49	41.21
PTHR14107	693.78	646.71	97.0	9.45	7.71
PTHR11252	4741.39	4694.32	5151.42	68.54	55.94
PTHR11254	14423.92	14047.39	3904.05	102.13	83.37
PTHR11255	1782.94	1735.86	707.0	25.5	20.81
PTHR14110	4147.99	3959.7	4174.09	280.02	228.54
PTHR14374	1535.0	1487.93	98.0	4.13	3.37
PTHR18838	2163.0	2115.93	1047.0	30.96	25.27
PTHR15074	1628.0	1580.93	172.0	6.81	5.56
PTHR12687	2375.0	2280.87	1785.02	72.13	58.88
PTHR15157	3376.47	3235.26	739.76	43.19	35.26
PTHR18901	12165.0	11929.65	5252.59	134.0	109.38
PTHR12281	1396.0	1348.93	1791.31	83.24	67.94
PTHR12755	591.0	543.93	131.0	15.2	12.41
PTHR12750	2062.19	2015.12	1801.88	55.96	45.67
PTHR12753	1225.41	1178.34	870.0	46.31	37.8
PTHR15081	1747.02	1699.95	923.65	34.02	27.77
PTHR15574	7088.68	6853.33	1669.0	78.05	63.72
PTHR24007	357.0	309.96	26.0	5.34	4.36
PTHR13931	2766.36	2719.29	376.0	8.65	7.06
PTHR12358	7309.69	7027.27	2413.95	116.25	94.89
PTHR12356	1949.7	1855.56	653.0	46.98	38.34
PTHR12221	2347.0	2252.86	1128.59	64.89	52.95
PTHR30603	4411.0	4316.86	2783.43	73.25	59.78
PTHR12226	1653.0	1605.93	413.24	16.12	13.15
PTHR19877	1068.0	1020.93	2146.79	132.02	107.75
PTHR31442	557.0	509.93	448.99	55.62	45.4
PTHR12538	617.0	569.93	16820.79	1862.0	1519.73
PTHR12537	3564.56	3470.42	3275.1	100.2	81.78
PTHR12532	1288.0	1240.93	1071.99	54.17	44.22
PTHR13486	675.0	627.93	279.99	28.1	22.94
PTHR20275	2910.0	2815.86	1699.36	73.58	60.06
PTHR13489	2174.88	2080.74	484.0	29.61	24.17
PTHR17583	8276.0	8134.79	2217.01	50.45	41.18
PTHR13572	1445.86	1398.79	149.0	6.68	5.45
PTHR24198	20654.58	19901.47	4905.06	199.13	162.51
PTHR10048	5084.18	4848.83	1088.39	66.68	54.42
PTHR21704	2962.99	2868.85	802.0	23.94	19.55
PTHR10046	921.0	873.93	364.04	26.18	21.37
PTHR10044	5245.0	5150.86	1410.09	39.8	32.49
PTHR13060	1573.0	1525.93	201.0	8.25	6.74
PTHR10687	1277.77	1230.69	1120.36	57.09	46.6
PTHR13069	4474.0	4285.72	1480.99	69.63	56.82
PTHR13068	8115.81	7880.46	3238.97	143.73	117.31
PTHR10682	2648.61	2554.47	2674.0	132.45	108.1
PTHR12829	884.0	836.93	53.0	3.98	3.25
PTHR12820	2836.43	2789.36	839.04	18.81	15.35
PTHR12826	1381.0	1333.93	1446.97	68.0	55.5
PTHR12827	986.0	938.93	48.0	3.21	2.62
PTHR17920	2628.0	2580.93	553.0	13.4	10.94
PTHR10137	1631.0	1583.93	836.0	33.06	26.98
PTHR11405	9294.96	9106.67	14052.93	386.79	315.7
PTHR11404	2587.0	2539.93	608.91	14.99	12.24
PTHR11406	1629.6	1582.53	9381.63	371.33	303.07
PTHR32357	1724.0	1676.93	338.0	12.62	10.3
PTHR13468	1434.87	1387.8	1184.95	53.51	43.68
PTHR23406	3985.0	3890.86	1226.24	40.13	32.75
PTHR23407	2298.41	2251.34	504.0	14.01	11.43
PTHR10869	12400.47	11976.84	5457.82	268.82	219.41
PTHR31717	4909.87	4815.72	7259.06	185.8	151.65
PTHR12452	650.0	602.93	259.93	27.18	22.19
PTHR13393	2910.0	2862.93	394.0	8.6	7.02
PTHR12696	4016.3	3969.23	1394.65	21.95	17.92
PTHR11315	3663.0	3568.86	1650.08	57.37	46.82
PTHR10139	2373.0	2325.93	349.15	9.39	7.66
PTHR10264	4424.0	4235.72	3128.73	152.72	124.64
PTHR10263	2008.0	1913.86	4167.31	269.19	219.71
PTHR31155	2228.25	2181.18	7951.91	228.1	186.17
PTHR32170	2906.53	2812.53	787.06	44.66	36.45
PTHR23350	505.0	457.93	256.0	35.36	28.86
PTHR23354	2843.0	2795.93	1572.0	35.15	28.69
PTHR23355	8314.3	8078.98	1707.01	61.47	50.16
PTHR23359	7234.08	6998.73	8049.61	452.0	368.92
PTHR11227	2209.37	2115.23	599.0	38.1	31.1
PTHR11220	4307.5	4072.15	1139.0	104.33	85.15
PTHR13162	6879.0	6784.88	4543.99	50.72	41.4
PTHR11229	1929.0	1834.86	6877.22	450.4	367.6
PTHR10314	20320.63	19567.53	26824.32	1137.9	928.73
PTHR11035	1315.0	1267.93	306.0	15.13	12.35
PTHR14303	730.0	682.93	350.0	32.28	26.34
PTHR14085	2004.0	1956.93	1381.1	44.17	36.05
PTHR11139	26377.34	26000.76	29746.74	282.19	230.32
PTHR15362	1118.0	1070.93	316.0	18.52	15.12
PTHR11132	22977.26	22271.21	24009.65	931.94	760.64
PTHR11134	4894.23	4753.02	1726.12	73.63	60.09
PTHR11136	3000.0	2905.86	457.0	20.35	16.6
PTHR32374	7430.71	7242.43	9373.7	254.96	208.1
PTHR31579	8320.66	8085.31	4626.88	159.49	130.19
PTHR18919	3112.96	2924.72	3555.81	178.48	145.68
PTHR32002	16229.02	15664.18	9188.16	380.92	310.9
PTHR14413	950.0	902.93	3749.76	260.94	212.98
PTHR22891	1954.0	1906.93	182.0	5.97	4.88
PTHR22893	1399.52	1352.45	1316.0	60.99	49.78
PTHR10778	4771.42	4630.2	3539.25	136.88	111.72
PTHR10072	2478.0	2430.93	2354.72	60.59	49.45
PTHR12786	2468.0	2373.86	1179.74	57.51	46.94
PTHR11706	4379.0	4284.86	2489.3	71.47	58.34
PTHR12782	1285.0	1237.93	1046.0	52.99	43.25
PTHR11742	7390.47	7202.19	3838.03	111.52	91.03
PTHR21213	2120.0	2072.93	3048.62	92.03	75.11
PTHR10182	1189.0	1141.93	788.1	43.3	35.34
PTHR13923	801.87	754.8	567.23	47.28	38.59
PTHR11210	674.0	626.93	1105.9	111.18	90.74
PTHR12321	2229.0	2134.86	3391.7	196.72	160.55
PTHR25040	3683.0	3541.79	1774.9	77.61	63.34
PTHR12323	2155.0	2013.79	338.0	29.75	24.28
PTHR10344	903.0	855.93	136.0	9.99	8.15
PTHR21015	1526.39	1479.32	1359.05	57.56	46.98
PTHR16196	1877.0	1782.86	328.98	22.65	18.48
PTHR16193	645.17	598.1	294.55	31.05	25.35
PTHR22792	4836.01	4741.87	5542.47	126.88	103.55
PTHR22790	2056.0	1961.86	179.0	12.46	10.17
PTHR21680	1126.0	1078.93	698.0	40.6	33.14
PTHR21689	2452.21	2358.08	976.02	40.61	33.15
PTHR21113	2437.36	2343.22	380.01	20.15	16.44
PTHR21663	2362.0	2314.93	128.0	3.46	2.82
PTHR13253	13962.15	13444.38	8427.89	395.05	322.41
PTHR12446	6572.82	6384.54	5186.23	108.03	88.18
PTHR22603	1823.29	1729.15	472.0	31.21	25.48
PTHR21206	905.0	857.93	254.0	18.61	15.19
PTHR13789	13557.16	13180.59	8552.99	297.13	242.5
PTHR10071	14645.69	14222.05	9687.93	323.67	264.19
PTHR24188	12716.36	12292.8	1136.68	51.66	42.16
PTHR13780	9334.72	9099.37	10988.95	394.39	321.9
PTHR10670	4433.09	4338.95	757.81	21.16	17.28
PTHR10677	4471.9	4330.69	494.12	20.64	16.84
PTHR13078	3085.0	2990.86	199.0	12.82	10.46
PTHR12815	4560.0	4465.86	4286.85	101.28	82.67
PTHR12814	1013.69	966.62	826.0	53.67	43.8
PTHR24361	8878.0	8548.62	3188.98	96.7	78.93
PTHR24362	10871.94	10495.43	7166.71	243.52	198.76
PTHR10416	1591.0	1543.93	323.0	13.11	10.7
PTHR10410	2653.0	2558.86	1982.71	98.87	80.69
PTHR10783	6433.21	6197.86	2977.98	150.97	123.22
PTHR10782	2452.0	2404.93	396.0	10.3	8.41
PTHR13476	774.0	726.93	395.01	34.2	27.91
PTHR10788	2773.0	2725.93	3854.67	88.42	72.17
PTHR10891	8048.21	7718.73	4475.95	210.42	171.75
PTHR10890	947.0	852.89	89.0	13.65	11.13
PTHR20426	1992.35	1945.28	1896.05	61.01	49.79
PTHR23213	4955.0	4813.79	1194.17	46.71	38.12
PTHR10520	8513.0	8324.72	6454.62	209.17	170.71
PTHR10250	2229.0	2134.86	1589.33	81.68	66.66
PTHR10527	6880.0	6785.86	6008.22	109.41	89.3
PTHR31384	1763.0	1715.93	236.0	8.61	7.03
PTHR10098	2031.17	1937.03	1291.01	75.9	61.95
PTHR10091	2677.0	2582.86	638.0	30.62	24.99
PTHR31142	1580.0	1532.93	2006.0	81.98	66.91
PTHR31140	2845.0	2750.86	555.0	24.09	19.66
PTHR31412	3765.0	3670.86	1029.01	30.42	24.83
PTHR11787	5959.75	5818.54	1824.18	30.46	24.85
PTHR11785	14953.06	14623.57	11802.61	293.44	239.51
PTHR11782	2685.55	2591.43	1323.0	83.61	68.24
PTHR11780	1354.0	1212.84	230.0	32.47	26.5
PTHR32497	5030.95	4936.81	1798.0	43.28	35.32
PTHR32148	5701.0	5465.65	28220.8	2525.68	2061.42
PTHR23324	6638.1	6496.88	2562.66	78.54	64.09
PTHR23327	4759.03	4617.81	1024.32	39.87	32.54
PTHR23326	3043.0	2901.79	1471.01	107.81	88.0
PTHR23321	5205.0	5063.79	7742.85	279.32	227.97
PTHR23323	4787.02	4645.81	1056.0	43.39	35.42
PTHR23322	1357.8	1263.66	329.0	32.4	26.45
PTHR23329	4246.0	4104.79	1574.0	59.75	48.77
PTHR11236	4375.55	4281.41	2034.82	57.77	47.15
PTHR11364	1102.0	1054.93	513.01	30.52	24.91
PTHR20932	2759.0	2664.86	1274.0	54.01	44.08
PTHR10322	16933.75	16510.13	6324.84	135.92	110.93
PTHR11239	4544.0	4402.79	2860.08	111.92	91.34
PTHR10803	3827.0	3685.79	966.0	45.56	37.18
PTHR31964	15966.07	15401.23	8552.77	494.11	403.29
PTHR10552	1611.54	1564.47	2531.73	101.37	82.74
PTHR23030	2420.0	2372.93	428.0	11.28	9.21
PTHR11129	3312.0	3217.86	914.98	35.3	28.81
PTHR11122	6104.83	5916.55	3402.89	131.31	107.17
PTHR15316	2741.49	2600.28	1682.31	117.13	95.59
PTHR11127	549.0	501.93	18533.1	2332.84	1904.02
PTHR11125	3423.0	3375.93	1482.0	27.44	22.39
PTHR31566	2019.0	1971.93	573.04	18.19	14.84
PTHR31567	1851.99	1804.92	1306.74	45.32	36.99
PTHR31561	4709.67	4615.53	1932.04	49.25	40.2
PTHR15137	1869.04	1821.97	442.0	15.19	12.4
PTHR14950	6856.2	6715.01	998.56	21.36	17.44
PTHR15954	3331.0	3189.79	272.0	15.65	12.77
PTHR15952	2837.0	2789.93	1376.08	30.84	25.17
PTHR21319	6461.0	6225.66	3019.03	144.15	117.65
PTHR30612	3271.22	3224.14	5194.37	100.7	82.19
PTHR19271	5233.6	5139.46	3777.15	81.07	66.17
PTHR19861	1033.0	985.93	262.0	16.69	13.62
PTHR12022	1734.0	1686.93	3755.14	139.4	113.77
PTHR12233	1471.0	1423.93	350.0	15.4	12.57
PTHR12029	8338.2	8055.78	4802.93	213.84	174.52
PTHR21220	1157.97	1110.9	80.0	4.52	3.69
PTHR31221	1129.38	1082.31	967.57	56.11	45.79
PTHR22780	3612.31	3565.24	2007.2	35.18	28.71
PTHR21477	1430.31	1383.23	1186.36	53.75	43.87
PTHR19308	5271.0	5176.86	5329.33	128.93	105.24
PTHR16301	1333.95	1239.81	328.0	31.9	26.04
PTHR13265	2157.0	2109.93	471.64	13.99	11.42
PTHR22870	22308.61	21508.51	8140.64	304.38	248.43
PTHR17630	1036.0	988.93	155.0	9.84	8.03
PTHR10064	627.0	579.93	40276.97	4380.83	3575.55
PTHR10060	3943.97	3802.76	771.19	35.19	28.72
PTHR10663	22769.21	22439.72	5126.12	89.69	73.19
PTHR10666	2690.42	2502.15	44919.89	4263.66	3479.93
PTHR10668	12375.91	12046.41	2487.0	84.73	69.16
PTHR12265	2210.24	2163.17	569.94	16.48	13.45
PTHR12801	8336.59	8101.26	2975.94	117.8	96.14
PTHR12802	7263.8	7028.45	9451.15	351.73	287.09
PTHR12805	857.0	809.93	109.0	8.46	6.91
PTHR12806	906.47	859.4	507.29	37.1	30.28
PTHR21506	3200.0	3105.86	524.0	19.27	15.73
PTHR21091	10730.13	10353.59	14732.45	601.74	491.12
PTHR21090	1529.0	1481.93	3147.13	133.06	108.6
PTHR13734	1740.0	1692.93	899.26	33.26	27.15
PTHR24315	3392.0	3297.86	3093.88	173.65	141.72
PTHR24314	5617.12	5381.78	2108.67	99.51	81.23
PTHR11933	1647.18	1600.1	1202.42	47.07	38.42
PTHR11932	7800.0	7658.79	5081.63	114.11	93.13
PTHR11934	3439.0	3344.86	3340.0	157.23	128.33
PTHR11937	5822.04	5633.76	8469.13	292.32	238.6
PTHR11938	13278.26	13042.91	30700.53	692.85	565.49
PTHR13683	3541.0	3493.93	1821.77	32.58	26.59
PTHR24089	34716.98	33351.96	33906.19	1447.64	1181.54
PTHR10796	7583.88	7442.67	3484.02	70.04	57.17
PTHR10794	4023.0	3881.79	760.0	36.29	29.61
PTHR10795	34719.48	33778.17	12286.05	407.2	332.35
PTHR10792	610.0	562.93	15633.71	1752.35	1430.24
PTHR10799	53468.0	51773.64	12634.22	420.98	343.6
PTHR10882	1143.3	1096.22	716.59	41.02	33.48
PTHR10887	24838.85	24368.14	8236.0	194.95	159.12
PTHR11686	2247.7	2200.63	579.99	16.49	13.46
PTHR11685	5816.81	5675.6	2156.98	75.1	61.3
PTHR11680	1989.9	1942.83	6163.75	198.57	162.07
PTHR24221	18060.73	17448.95	11811.96	380.14	310.25
PTHR24220	7605.49	7276.0	6440.51	342.84	279.82
PTHR24223	10874.57	10592.15	3754.54	80.53	65.73
PTHR11689	9178.0	9036.79	2196.17	43.92	35.85
PTHR10252	2228.0	2086.79	372.0	33.55	27.38
PTHR13124	1019.0	971.93	591.0	38.19	31.17
PTHR31173	4539.0	4444.86	2379.98	54.51	44.49
PTHR10997	12503.1	12314.82	4543.96	78.44	64.02
PTHR31385	3776.44	3635.23	2012.47	107.78	87.98
PTHR31356	7035.07	6846.78	15128.93	689.82	563.0
PTHR31724	3934.98	3746.71	1185.09	51.34	41.91
PTHR31352	3154.0	3059.86	3102.73	107.2	87.49
PTHR31350	9710.25	9380.75	7159.43	263.0	214.65
PTHR11758	654.0	606.93	19955.96	2073.02	1691.96
PTHR23333	1084.0	1036.93	707.0	42.8	34.93
PTHR11751	14576.28	14246.79	9462.55	274.9	224.36
PTHR11753	2846.0	2704.79	2744.53	188.8	154.1
PTHR11752	20602.03	20037.28	13259.66	288.01	235.05
PTHR24423	16091.0	15714.44	8879.71	259.91	212.14
PTHR11206	15718.51	15294.88	4622.77	155.32	126.77
PTHR11757	5571.0	5382.72	1102.92	38.49	31.41
PTHR24420	49502.71	48420.14	19607.28	489.04	399.15
PTHR10332	2919.96	2825.81	1302.02	48.62	39.69
PTHR32557	1872.0	1824.93	2262.58	77.62	63.35
PTHR14145	3171.83	3077.69	1276.93	53.23	43.45
PTHR20922	2494.65	2400.52	837.68	64.16	52.36
PTHR13600	2335.0	2240.86	282.16	22.37	18.26
PTHR15744	1621.19	1574.12	872.0	34.7	28.32
PTHR23029	9653.14	9323.7	3478.95	135.45	110.55
PTHR23023	7158.21	6969.93	1588.84	49.58	40.46
PTHR12847	2240.0	2098.79	397.0	31.2	25.46
PTHR11119	8380.48	8192.19	9583.62	267.98	218.71
PTHR31595	9516.98	9140.42	1552.4	72.01	58.78
PTHR31596	4198.0	4103.86	1879.07	54.2	44.25
PTHR15948	1500.11	1453.04	133.97	5.78	4.72
PTHR32026	877.0	829.93	100.0	7.58	6.18
PTHR31829	1475.0	1427.93	2333.18	102.4	83.57
PTHR31419	2006.0	1911.86	195.0	12.4	10.12
PTHR14898	1429.33	1382.27	940.44	42.64	34.8
PTHR19241	45860.43	44683.74	23425.61	668.49	545.61
PTHR14894	2106.06	2011.92	367.0	23.01	18.78
PTHR15239	1801.22	1754.15	401.0	14.31	11.68
PTHR12497	2623.95	2529.81	601.54	25.43	20.76
PTHR12304	1333.0	1285.93	234.0	11.41	9.31
PTHR30540	4303.14	4256.07	970.95	14.25	11.63
PTHR30544	4569.84	4475.7	1717.07	61.45	50.16
PTHR13302	2546.0	2498.93	519.88	13.01	10.62
PTHR12472	1409.0	1314.86	160.0	16.26	13.27
PTHR13308	6579.52	6391.26	9813.47	323.97	264.42
PTHR12477	3987.52	3893.37	1124.0	38.13	31.12
PTHR13878	1981.28	1934.2	743.0	24.04	19.62
PTHR21461	3923.0	3781.79	505.0	24.43	19.94
PTHR13872	528.0	480.93	20366.56	2676.96	2184.89
PTHR22849	9767.47	9532.12	2824.23	66.86	54.58
PTHR21314	2202.0	2107.86	299.0	17.87	14.58
PTHR13271	21588.22	20882.2	8514.71	359.11	293.13
PTHR22841	5354.0	5165.72	2375.07	102.22	83.43
PTHR13273	1137.0	1089.93	690.0	39.73	32.43
PTHR22847	28245.93	27257.59	9029.17	399.78	326.28
PTHR22846	2261.0	2213.93	900.07	25.43	20.76
PTHR22844	20247.85	19588.86	8592.04	315.11	257.19
PTHR23270	1319.0	1271.93	538.05	26.52	21.65
PTHR11601	7766.0	7577.72	4284.26	131.56	107.38
PTHR21266	4183.0	3994.72	2844.99	149.56	122.06
PTHR12271	6764.97	6623.76	4209.04	120.69	98.5
PTHR21262	3703.0	3655.93	1919.91	32.82	26.78
PTHR12276	2377.53	2236.32	490.0	34.75	28.37
PTHR10657	1777.0	1682.86	937.01	79.97	65.27
PTHR10655	4772.05	4630.83	1354.95	50.93	41.57
PTHR10652	2131.61	2037.47	933.0	55.09	44.97
PTHR17972	4494.0	4446.93	1821.98	25.59	20.89
PTHR10751	5649.0	5507.79	1539.28	39.7	32.4
PTHR21085	1517.0	1469.93	1801.91	76.81	62.69
PTHR11922	5227.63	4992.3	2817.94	170.41	139.08
PTHR11926	3107.61	2966.4	658.0	38.74	31.61
PTHR11431	1290.14	1243.07	6474.69	326.63	266.59
PTHR10430	2560.0	2418.79	2151.68	177.32	144.72
PTHR10436	8874.17	8544.67	2565.59	104.23	85.08
PTHR10434	2546.0	2451.86	963.86	48.91	39.92
PTHR24096	6378.37	6190.09	12609.99	405.98	331.35
PTHR13693	5781.25	5640.04	2296.3	73.09	59.66
PTHR13691	3295.0	3153.79	33313.44	1935.8	1579.97
PTHR13451	6583.43	6395.15	942.0	28.49	23.27
PTHR13452	1024.0	976.93	577.99	37.15	30.32
PTHR10759	530.0	482.93	14689.62	1922.7	1569.27
PTHR12901	1851.0	1803.93	471.91	16.38	13.37
PTHR12903	3136.21	3089.14	2695.09	54.54	44.51
PTHR23237	1005.0	957.93	4076.47	267.28	218.15
PTHR10501	1545.54	1451.4	836.68	71.56	58.4
PTHR31169	6256.32	6020.96	5317.6	298.44	243.58
PTHR11426	1466.6	1372.46	3574.77	277.92	226.83
PTHR14087	3340.0	3245.86	849.0	21.79	17.78
PTHR23309	3724.0	3629.86	3420.95	91.48	74.67
PTHR31344	3617.89	3570.82	3094.2	54.15	44.19
PTHR31619	2033.0	1985.93	4035.97	127.19	103.81
PTHR23306	1772.0	1677.86	335.12	25.08	20.46
PTHR23305	2996.0	2854.85	9592.61	460.35	375.73
PTHR14089	1137.0	1089.93	99.0	5.7	4.65
PTHR11748	5786.34	5551.01	1794.01	77.74	63.45
PTHR11214	4936.0	4794.79	2109.33	83.88	68.46
PTHR11216	3402.11	3260.91	525.01	26.21	21.39
PTHR14154	3562.8	3327.45	1419.0	115.4	94.19
PTHR14155	5052.83	4958.68	2479.36	49.81	40.66
PTHR14152	566.0	518.93	151.0	18.38	15.0
PTHR11699	11764.83	11388.27	103376.03	3543.0	2891.72
PTHR11692	2300.0	2252.93	3077.84	85.47	69.76
PTHR11693	1554.0	1506.93	13025.77	541.56	442.01
PTHR11695	12755.33	12331.69	5365.52	248.87	203.12
PTHR31760	490.0	442.93	125.0	17.86	14.58
PTHR31906	11052.42	10628.79	3233.99	207.08	169.0
PTHR21419	2246.0	2198.93	910.0	25.89	21.13
PTHR23012	8932.14	8602.64	3413.96	154.68	126.25
PTHR11101	7642.17	7265.62	5160.89	284.54	232.24
PTHR11102	6135.55	5994.34	1923.0	78.38	63.98
PTHR11106	771.5	724.43	144.0	12.51	10.21
PTHR31585	1463.11	1416.03	992.25	43.91	35.84
PTHR32125	1927.0	1832.86	1058.31	87.35	71.3
PTHR31588	3973.0	3878.86	1667.87	55.07	44.96
PTHR32120	1371.0	1323.93	397.0	18.8	15.34
PTHR15680	1853.0	1758.86	604.0	44.21	36.09
PTHR11804	6503.22	6314.95	2895.0	80.93	66.05
PTHR11374	1705.0	1657.93	6982.83	263.77	215.28
PTHR10281	950.0	902.93	205.0	14.27	11.64
PTHR18895	553.0	505.93	123.0	15.36	12.54
PTHR12169	3951.32	3857.18	2658.01	93.99	76.71
PTHR12486	1537.97	1443.83	125.0	10.62	8.67
PTHR12480	3654.61	3513.4	574.0	30.34	24.77
PTHR12482	1375.11	1280.98	469.0	42.2	34.44
PTHR12317	2483.0	2388.86	1206.0	54.46	44.45
PTHR12649	1169.53	1122.46	1071.0	59.87	48.86
PTHR10099	4517.0	4469.93	6661.78	93.1	75.98
PTHR13992	2800.0	2752.93	868.08	19.72	16.09
PTHR12461	7540.85	7305.5	2851.97	113.7	92.81
PTHR12466	931.0	883.93	302.0	21.47	17.52
PTHR13847	12144.88	11721.25	6113.71	265.51	216.7
PTHR32251	4889.47	4748.26	3335.29	119.07	97.19
PTHR26312	3445.0	3303.79	1478.0	71.37	58.25
PTHR12000	1527.0	1479.93	547.01	23.16	18.9
PTHR12001	3734.54	3640.4	5071.45	191.09	155.96
PTHR21327	3876.08	3781.94	4052.05	135.98	110.99
PTHR21631	3915.13	3820.99	20158.46	655.51	535.01
PTHR22854	5361.41	5220.19	2656.61	109.75	89.57
PTHR22855	6482.62	6294.34	6228.25	221.68	180.93
PTHR22850	12112.59	11736.03	8779.1	396.44	323.57
PTHR22504	2021.0	1973.93	3923.31	124.39	101.53
PTHR12189	1148.77	1101.7	230.0	13.1	10.69
PTHR21256	3586.48	3492.34	4699.88	152.45	124.42
PTHR12266	2971.0	2876.86	933.71	43.35	35.38
PTHR10648	4130.0	4035.86	2358.0	73.29	59.81
PTHR10641	13152.8	12870.38	7219.31	150.7	123.0
PTHR10644	13200.01	12917.58	8852.28	201.04	164.08
PTHR12864	3933.16	3744.88	1072.04	68.22	55.69
PTHR12860	2905.0	2857.93	1509.07	33.01	26.94
PTHR13194	750.0	702.93	129.0	11.55	9.43
PTHR13190	1352.77	1305.7	442.0	21.22	17.32
PTHR13193	501.0	453.93	176.99	24.67	20.13
PTHR11913	684.0	636.93	346.0	34.23	27.94
PTHR11911	7493.51	7305.23	31593.07	1088.19	888.16
PTHR11910	1133.0	1085.93	7279.64	420.71	343.37
PTHR11918	6719.23	6483.91	2863.98	112.08	91.49
PTHR12919	779.0	731.93	3872.95	333.03	271.81
PTHR12910	1695.0	1600.86	2312.71	172.91	141.13
PTHR12917	5999.28	5811.0	1199.0	51.83	42.3
PTHR11351	2070.0	2022.93	5745.1	177.73	145.06
PTHR11353	10792.75	10416.19	11438.86	547.93	447.21
PTHR11599	13611.0	12999.09	12570.0	784.38	640.2
PTHR10516	12369.91	11852.14	5596.87	386.21	315.24
PTHR11592	5204.44	4969.09	2972.17	178.26	145.5
PTHR31620	1587.0	1539.93	5043.65	205.18	167.47
PTHR23315	9024.4	8694.9	3685.88	109.31	89.22
PTHR23316	2252.0	2204.93	2942.0	83.48	68.13
PTHR11778	3103.0	3008.86	2234.37	90.42	73.8
PTHR11774	1201.0	1153.93	163.28	8.88	7.25
PTHR11773	3594.0	3546.93	1986.0	34.99	28.56
PTHR11772	6608.0	6372.65	7746.05	242.0	197.52
PTHR10357	18561.34	18137.71	14763.09	374.93	306.0
PTHR10353	1677.24	1630.17	697.0	26.78	21.86
PTHR10350	4408.0	4360.93	1917.34	27.46	22.42
PTHR10351	2876.38	2782.24	12752.02	793.68	647.79
PTHR10359	5529.03	5340.75	1501.91	60.43	49.32
PTHR31750	2098.16	2051.09	338.0	10.31	8.42
PTHR23418	1527.0	1479.93	1279.92	54.19	44.23
PTHR14189	1669.81	1622.74	1426.44	55.06	44.93
PTHR31245	1570.0	1522.93	1323.11	54.43	44.42
PTHR23001	2070.0	2022.93	2368.8	73.28	59.81
PTHR23002	2091.0	1996.86	180.0	11.88	9.69
PTHR30178	3588.28	3447.07	54359.56	3376.42	2755.76
PTHR22904	17546.87	16887.89	4926.96	224.38	183.14
PTHR11177	24841.69	24041.5	14101.6	546.32	445.88
PTHR11178	1500.0	1452.93	1096.05	47.27	38.58
PTHR14456	1234.26	1140.12	108.0	11.96	9.75
PTHR31808	1560.0	1512.93	729.96	30.23	24.67
PTHR31803	4213.0	4071.79	1687.0	50.35	41.08
PTHR11009	2026.07	1931.93	328.99	21.56	17.6
PTHR19229	17118.14	16882.79	3878.46	43.94	35.86
PTHR11005	3308.77	3214.63	1178.56	55.49	45.29
PTHR11006	4192.87	4098.73	1603.97	51.69	42.19
PTHR18640	1921.0	1873.93	653.0	21.81	17.8
PTHR18866	20716.05	20292.41	12792.85	323.93	264.38
PTHR15588	2726.0	2631.86	4752.05	169.81	138.6
PTHR12677	7160.0	6971.72	2835.04	105.9	86.43
PTHR19134	1619.8	1572.73	2596.92	103.43	84.42
PTHR19139	7311.03	7075.67	2785.12	120.66	98.48
PTHR30566	7123.57	6935.29	1769.81	59.39	48.47
PTHR12459	1900.0	1852.93	675.0	22.8	18.61
PTHR12456	2053.69	1959.55	289.0	17.8	14.53
PTHR22931	6971.0	6876.86	5366.35	86.33	70.46
PTHR19359	8677.96	8395.54	4609.4	204.64	167.02
PTHR12072	3112.0	3017.86	1013.05	33.75	27.55
PTHR13218	953.0	905.93	147.0	10.2	8.32
PTHR13215	1530.0	1435.86	191.0	16.97	13.85
PTHR13213	1583.51	1489.37	1210.89	96.92	79.1
PTHR12290	1999.45	1952.37	452.0	14.49	11.83
PTHR21530	6359.0	6123.65	1529.95	73.29	59.82
PTHR12295	4144.0	4096.93	556.0	8.48	6.92
PTHR12298	6973.33	6737.98	3756.23	128.16	104.61
PTHR10638	3181.37	3134.29	3713.84	74.06	60.45
PTHR10634	1401.0	1353.93	1827.35	84.6	69.05
PTHR10631	2562.91	2468.77	835.01	35.61	29.07
PTHR10984	4139.0	3997.79	4594.73	222.13	181.3
PTHR13501	1768.0	1673.86	10138.65	841.0	686.41
PTHR13505	677.0	629.93	208.0	20.81	16.99
PTHR12850	449.0	401.93	36523.14	5757.9	4699.49
PTHR12856	678.0	630.93	132.0	13.19	10.76
PTHR12855	1721.0	1673.93	1460.31	54.63	44.59
PTHR12854	2802.04	2707.9	992.99	42.04	34.31
PTHR13182	620.0	572.93	239.0	26.32	21.48
PTHR10855	1808.0	1760.93	1203.96	42.81	34.94
PTHR10743	971.0	923.93	374.0	25.43	20.76
PTHR10742	19285.6	18814.9	7883.03	249.26	203.45
PTHR10745	2340.0	2292.93	4701.42	128.27	104.69
PTHR10744	1577.0	1482.86	42178.2	3028.72	2471.98
PTHR10746	3454.77	3360.62	7678.43	407.33	332.45
PTHR12924	776.0	728.93	1503.98	129.86	105.99
PTHR23308	5918.3	5682.94	4314.25	298.41	243.55
PTHR11349	1622.0	1527.86	7692.8	665.95	543.53
PTHR10566	20533.65	20015.87	8141.08	253.76	207.11
PTHR11588	3030.0	2888.79	14995.75	600.56	490.16
PTHR10291	1100.0	1052.93	250.0	14.9	12.16
PTHR11584	8069.65	7881.37	2599.0	94.56	77.17
PTHR11586	1043.0	995.93	356.0	22.45	18.32
PTHR11909	6530.96	6342.68	11271.41	340.06	277.56
PTHR24320	11643.77	11267.21	2595.27	112.57	91.89
PTHR24322	20058.63	19305.51	11333.78	538.91	439.84
PTHR11907	2177.0	2129.93	2170.01	63.75	52.03
PTHR11760	1467.0	1372.86	49413.96	3931.84	3209.1
PTHR11761	1784.0	1689.86	25259.16	2618.88	2137.48
PTHR11766	1920.0	1825.86	1068.0	75.33	61.48
PTHR11767	6252.25	6063.99	1693.09	55.16	45.03
PTHR10361	4753.87	4612.66	832.17	33.67	27.49
PTHR10366	14730.37	14165.55	21887.19	1000.05	816.23
PTHR10169	3361.0	3313.93	1806.71	34.07	27.81
PTHR10168	5834.28	5598.95	2991.38	120.57	98.41
PTHR20973	1920.96	1873.89	320.0	10.69	8.72
PTHR10165	1540.0	1492.93	219.0	9.19	7.5
PTHR31032	3027.0	2932.86	5754.81	243.79	198.97
PTHR23257	142379.85	138332.29	93433.66	2868.42	2341.15
PTHR23253	2218.0	2170.93	287.0	8.27	6.75
PTHR14190	2516.0	2468.93	574.85	14.56	11.89
PTHR14194	9692.05	9315.48	6244.42	297.68	242.96
PTHR31251	28496.33	27413.74	10471.59	444.67	362.94
PTHR23074	16000.62	15482.86	5236.47	236.52	193.04
PTHR23077	11369.05	10710.19	2881.86	203.18	165.86
PTHR23076	16734.37	16075.42	11605.1	534.38	436.13
PTHR12561	1517.0	1469.93	517.99	22.08	18.02
PTHR23073	7528.81	7152.25	8627.51	630.67	514.73
PTHR10293	3995.7	3807.42	2639.0	180.68	147.47
PTHR23078	1748.0	1653.86	593.07	45.01	36.73
PTHR11165	2277.0	2182.86	5183.05	297.37	242.71
PTHR10772	3706.54	3565.33	7881.91	414.04	337.93
PTHR32100	5352.0	5210.79	12413.55	486.38	396.98
PTHR14445	2181.0	2086.86	718.0	42.92	35.03
PTHR31811	2352.07	2257.93	335.0	15.93	12.99
PTHR23102	4151.61	4010.4	2186.01	91.57	74.74
PTHR23105	6013.24	5730.82	67511.35	4158.14	3393.79
PTHR11010	8467.84	8279.55	5043.94	154.01	125.7
PTHR11014	6061.36	5873.09	1168.17	41.39	33.78
PTHR12668	3919.0	3824.86	3575.7	109.52	89.39
PTHR12661	3303.0	3255.93	3407.77	65.42	53.39
PTHR12663	4210.58	4163.51	1191.17	17.87	14.59
PTHR12664	1363.99	1316.92	1853.42	88.23	72.01
PTHR16166	33003.22	32532.51	7154.74	134.84	110.05
PTHR12111	867.0	819.93	400.0	30.68	25.04
PTHR12447	602.0	554.93	30.0	3.41	2.78
PTHR15481	778.0	730.93	128.0	11.02	9.0
PTHR26379	2088.0	1993.86	2179.85	119.21	97.3
PTHR12599	1259.0	1211.93	688.0	35.6	29.06
PTHR12596	3743.0	3695.93	1331.73	22.52	18.38
PTHR12590	895.54	848.47	307.99	22.82	18.62
PTHR12066	4362.89	4174.61	517.22	29.71	24.26
PTHR12064	3924.0	3782.79	1298.0	57.01	46.53
PTHR13226	1720.59	1626.44	210.65	15.44	12.6
PTHR13889	2988.0	2940.93	2794.98	59.41	48.49
PTHR13887	1074.0	1026.93	671.96	41.08	33.53
PTHR21181	670.0	622.93	377.0	38.15	31.13
PTHR12412	2566.0	2518.93	822.99	20.43	16.68
PTHR13948	2192.73	2098.59	488.0	29.45	24.03
PTHR12146	1020.0	925.95	16049.31	1512.17	1234.21
PTHR10458	3066.0	2971.86	2872.54	118.91	97.06
PTHR19306	9237.0	9095.79	1881.12	38.22	31.19
PTHR12280	5258.53	5117.32	2878.54	96.46	78.73
PTHR11451	7445.61	7257.32	10453.05	294.75	240.57
PTHR12286	3270.42	3176.28	535.0	17.35	14.17
PTHR12415	5594.17	5405.9	251.0	10.47	8.55
PTHR30573	2341.0	2293.93	767.03	20.92	17.07
PTHR22983	1153.0	1105.93	198.0	11.23	9.17
PTHR22981	1255.0	1207.93	593.0	30.79	25.13
PTHR10947	2702.0	2607.87	1579.84	62.87	51.31
PTHR30191	2336.24	2289.16	2300.89	62.88	51.32
PTHR13082	761.0	713.93	286.0	25.22	20.58
PTHR10629	3752.0	3610.79	293.0	15.05	12.28
PTHR10994	13888.78	13512.22	4217.47	146.88	119.88
PTHR10996	7685.37	7402.95	7057.74	232.55	189.81
PTHR10625	11419.61	10948.93	4549.8	189.44	154.63
PTHR10992	38282.49	37011.59	13673.82	567.68	463.34
PTHR10993	1797.0	1702.86	489.0	43.05	35.13
PTHR17695	4746.68	4605.47	1949.84	73.34	59.86
PTHR12848	2610.0	2515.86	537.0	26.39	21.54
PTHR12849	1895.0	1800.86	412.65	28.8	23.51
PTHR21712	1052.9	1005.84	135.0	8.43	6.88
PTHR21294	1250.12	1203.05	900.13	46.92	38.3
PTHR12841	938.0	890.93	153.0	10.79	8.81
PTHR21290	3992.0	3803.72	941.0	59.82	48.82
PTHR21349	1582.0	1487.86	4107.99	371.13	302.91
PTHR21347	2004.02	1956.95	1163.99	37.23	30.38
PTHR21343	341.0	293.97	10.0	2.17	1.77
PTHR10196	6997.01	6808.73	1684.0	62.15	50.71
PTHR10192	3011.0	2916.86	5228.78	162.73	132.82
PTHR10755	1482.43	1435.35	32607.35	1423.58	1161.9
PTHR10758	3123.66	3029.52	3902.58	186.28	152.04
PTHR13152	824.73	777.66	98.0	7.93	6.47
PTHR12932	6540.57	6352.32	4067.96	126.92	103.58
PTHR12934	1962.0	1867.86	5025.96	343.08	280.02
PTHR10288	11690.95	11408.53	18907.07	595.38	485.94
PTHR11800	1409.0	1361.93	1352.0	62.22	50.79
PTHR11802	14360.93	14031.42	12334.31	389.09	317.57
PTHR11807	2212.2	2118.06	527.99	28.22	23.04
PTHR11808	9330.61	9048.19	6079.69	203.75	166.29
PTHR10283	10897.82	10662.47	6610.07	184.44	150.53
PTHR10285	7772.18	7536.85	20314.05	716.11	584.46
PTHR10286	992.98	945.91	4069.77	270.25	220.58
PTHR11579	3036.73	2942.58	1275.0	52.39	42.76
PTHR13718	2679.0	2584.86	25028.44	1529.09	1248.01
PTHR13711	6479.0	6196.58	14232.44	1396.02	1139.41
PTHR13710	13707.89	13237.35	1550.99	55.44	45.26
PTHR11977	1391.2	1344.13	1988.85	92.75	75.7
PTHR11972	5628.46	5534.32	7430.81	137.52	112.24
PTHR31480	1230.0	1182.93	1449.01	76.84	62.71
PTHR31485	10946.12	10522.49	2842.98	141.83	115.75
PTHR11715	984.0	936.93	4663.05	312.64	255.17
PTHR11717	2187.91	2093.77	282.0	14.53	11.87
PTHR11711	9194.85	8865.36	10179.92	675.26	551.14
PTHR11712	37079.1	35385.08	5058.22	144.43	117.92
PTHR10374	4259.56	4118.35	5581.95	185.05	151.04
PTHR10178	3038.93	2944.79	6119.91	275.95	225.23
PTHR11482	12032.19	11843.91	13791.63	270.56	220.82
PTHR10173	4803.72	4615.43	2861.02	167.27	136.52
PTHR10177	7497.21	7308.93	14386.38	493.16	402.51
PTHR10174	6269.69	6034.34	4138.93	196.58	160.45
PTHR23249	2143.0	2048.86	489.3	29.54	24.11
PTHR23244	12996.02	12572.45	3200.27	139.11	113.55
PTHR23245	464.49	417.44	196.0	29.73	24.27
PTHR23240	2103.68	2009.54	270.0	15.65	12.78
PTHR14614	12998.2	12574.56	2019.72	89.13	72.73
PTHR31268	2350.0	2255.87	1780.34	58.29	47.57
PTHR31262	1991.68	1850.5	136277.12	9370.21	7647.8
PTHR23063	2134.84	2040.7	937.11	62.66	51.14
PTHR11620	700.0	652.93	16392.75	1581.77	1291.01
PTHR11624	4458.0	4363.86	5842.4	229.08	186.96
PTHR11627	5159.95	4971.67	25749.05	985.61	804.44
PTHR11390	4268.21	4174.06	1976.77	72.4	59.09
PTHR31319	4338.0	4243.86	5163.78	151.77	123.87
PTHR14052	1406.23	1359.15	551.0	25.41	20.74
PTHR32118	2364.0	2316.93	7416.89	200.25	163.44
PTHR23117	1803.41	1756.34	3119.88	111.22	90.78
PTHR23115	48095.45	47012.81	137311.54	4608.71	3761.55
PTHR11028	1556.0	1508.93	1108.98	46.05	37.58
PTHR11024	6904.0	6762.79	3314.97	90.04	73.48
PTHR10066	6615.8	6333.38	724.0	37.15	30.32
PTHR11777	3213.0	3165.93	4396.21	86.8	70.84
PTHR12616	2001.0	1953.93	800.49	25.64	20.93
PTHR12613	2775.0	2727.93	1511.42	34.64	28.28
PTHR12612	688.0	640.93	609.0	59.87	48.87
PTHR32060	3859.0	3764.86	2482.99	71.54	58.39
PTHR12126	3156.0	3061.86	3786.21	149.23	121.79
PTHR12436	7070.58	6882.3	2776.02	97.23	79.35
PTHR22734	1395.0	1347.93	790.77	36.77	30.01
PTHR12121	2209.0	2114.86	665.0	39.89	32.56
PTHR12438	1648.0	1600.93	180.0	7.04	5.75
PTHR15492	1834.0	1786.93	807.0	28.27	23.08
PTHR21426	2140.0	2092.93	97.0	2.9	2.37
PTHR21427	1217.0	1169.93	228.0	12.23	9.98
PTHR19372	1995.0	1947.93	1246.0	40.04	32.68
PTHR19370	7356.41	7121.06	13194.3	380.62	310.66
PTHR19376	16952.54	16623.05	8217.03	158.47	129.33
PTHR19375	6813.28	6530.86	3039.64	196.99	160.77
PTHR12725	2358.6	2264.46	1117.21	53.62	43.77
PTHR22884	12735.42	12500.07	4333.75	84.88	69.29
PTHR22880	9214.01	8884.52	5076.0	192.29	156.92
PTHR12542	2365.0	2317.93	94.0	2.54	2.07
PTHR12547	2022.0	1927.86	1976.93	85.54	69.82
PTHR12124	4555.61	4414.4	673.0	30.67	25.03
PTHR10114	516.0	468.93	20266.55	2732.85	2230.5
PTHR21512	2591.0	2543.93	256.97	6.32	5.16
PTHR30508	2042.0	1994.93	3542.95	111.15	90.72
PTHR30502	1095.27	1048.2	458.0	27.43	22.39
PTHR10961	2114.03	2019.89	3794.88	212.63	173.55
PTHR10617	8713.0	8430.58	17339.36	601.08	490.59
PTHR10615	2276.37	2182.23	2397.91	127.27	103.87
PTHR13527	4687.31	4640.23	4938.6	66.48	54.26
PTHR22958	6942.02	6800.81	9756.13	226.31	184.71
PTHR14534	2035.0	1987.93	502.0	15.8	12.9
PTHR22951	2380.0	2332.93	554.0	14.85	12.12
PTHR22950	47068.7	45939.01	42727.04	1092.73	891.86
PTHR22953	9589.39	9354.03	4743.72	147.72	120.57
PTHR22952	5905.84	5670.49	3573.07	155.16	126.64
PTHR22957	11786.58	11410.02	3140.04	139.96	114.24
PTHR21600	1293.0	1245.93	785.89	39.56	32.28
PTHR24056	14248.86	13825.27	5902.42	186.21	151.97
PTHR24054	1577.0	1529.93	2209.28	90.47	73.84
PTHR24055	11361.62	11032.12	10192.86	430.4	351.28
PTHR24058	4489.0	4300.72	1789.53	96.81	79.01
PTHR10766	3137.0	2995.79	2085.98	129.44	105.65
PTHR10762	3419.23	3278.02	850.86	45.55	37.18
PTHR30031	5806.0	5617.74	11731.69	306.3	250.0
PTHR12945	1366.0	1318.93	458.01	21.77	17.77
PTHR12944	2510.69	2463.62	382.0	9.7	7.92
PTHR24128	5538.77	5397.56	6560.72	185.69	151.55
PTHR12858	4331.35	4143.07	1531.0	100.83	82.3
PTHR32228	1186.95	1139.88	189.0	10.4	8.49
PTHR13096	3712.0	3617.86	828.88	28.8	23.5
PTHR11365	5521.02	5144.51	348.0	26.46	21.6
PTHR11361	18782.78	18076.82	2676.0	70.23	57.32
PTHR11814	20758.93	20382.38	12548.39	186.71	152.39
PTHR11363	1403.0	1355.93	46379.87	2144.08	1749.95
PTHR10543	8113.0	7924.72	2462.71	74.41	60.73
PTHR10540	2472.0	2377.86	2830.16	150.2	122.6
PTHR11562	6566.19	6377.91	8093.22	236.55	193.06
PTHR11566	16677.0	16347.51	11091.11	260.99	213.0
PTHR11567	2524.0	2429.86	923.99	53.55	43.71
PTHR11564	6329.0	6187.79	4163.92	126.06	102.89
PTHR11962	2958.37	2864.23	1564.76	68.7	56.08
PTHR11963	1780.0	1732.93	1016.01	36.71	29.96
PTHR10381	7155.33	6778.77	15237.76	1042.65	851.0
PTHR10383	2942.0	2847.86	1010.05	42.63	34.79
PTHR11705	1932.86	1838.71	581.0	32.83	26.79
PTHR11702	10251.0	10015.65	9268.55	237.43	193.79
PTHR11700	1446.0	1351.86	38937.17	4217.83	3442.52
PTHR10388	922.0	874.93	2659.46	191.04	155.92
PTHR11709	11338.14	11055.71	4086.2	118.09	96.37
PTHR10145	5912.0	5864.93	2415.32	25.72	20.99
PTHR23273	2704.0	2609.86	2416.61	77.1	62.92
PTHR12050	3466.64	3419.56	908.99	16.61	13.56
PTHR24305	894.33	847.26	166.0	12.32	10.05
PTHR23050	2427.0	2285.79	6627.84	539.98	440.73
PTHR23056	2353.0	2258.86	1190.43	67.02	54.71
PTHR23054	1819.0	1771.93	387.78	13.7	11.18
PTHR11638	10133.34	9850.92	23717.85	597.46	487.63
PTHR23291	2929.42	2835.28	2042.28	98.55	80.43
PTHR23293	4669.23	4528.02	4743.23	178.12	145.38
PTHR11141	3077.0	3029.93	1354.26	27.94	22.8
PTHR11142	5364.91	5223.69	1362.24	49.01	40.0
PTHR11143	905.0	857.93	38885.3	2848.98	2325.29
PTHR22748	5221.03	5032.75	1010.0	50.73	41.41
PTHR11380	968.0	920.93	1289.0	87.94	71.77
PTHR11384	2561.0	2466.86	543.0	28.04	22.89
PTHR32477	2209.0	2161.93	129.0	3.73	3.05
PTHR14043	1964.0	1869.86	262.0	17.66	14.41
PTHR32472	3095.33	3048.26	1136.25	23.3	19.02
PTHR31658	3477.0	3429.93	782.13	14.25	11.63
PTHR13890	8040.22	7852.01	4702.08	141.65	115.61
PTHR14269	4161.89	3973.61	3154.46	136.69	111.56
PTHR22883	9797.18	9467.68	1916.67	80.82	65.96
PTHR23125	53178.0	51671.75	14048.76	485.85	396.51
PTHR19879	2398.0	2350.93	801.0	21.31	17.39
PTHR22881	3233.71	3139.57	1499.32	52.52	42.86
PTHR14136	2972.0	2830.79	3484.61	236.53	193.05
PTHR19876	6995.0	6900.86	3871.96	69.44	56.68
PTHR12608	4953.35	4765.07	2997.58	141.67	115.62
PTHR12604	2268.0	2220.93	100.0	2.82	2.3
PTHR12603	2815.0	2720.86	1091.0	52.32	42.71
PTHR32091	2708.31	2614.17	5197.88	252.9	206.42
PTHR32098	4282.67	4094.39	691.0	39.55	32.27
PTHR18763	1639.0	1544.86	581.0	47.11	38.45
PTHR22726	2321.46	2227.31	386.0	17.03	13.9
PTHR22727	19762.11	19244.42	5319.89	176.92	144.41
PTHR12428	3466.45	3372.3	4248.78	150.27	122.65
PTHR18968	8439.45	8204.11	7652.48	213.25	174.04
PTHR12730	3614.0	3519.86	1548.0	55.06	44.93
PTHR12506	827.0	779.93	62.0	5.0	4.08
PTHR12735	1840.0	1745.86	1116.43	87.57	71.48
PTHR15020	3832.0	3737.86	5241.86	237.35	193.72
PTHR12558	2613.02	2518.88	526.28	23.14	18.89
PTHR12553	1670.0	1575.86	247.0	16.76	13.68
PTHR12049	2366.77	2272.63	292.0	15.15	12.37
PTHR10497	933.0	838.88	25195.07	3078.47	2512.59
PTHR24073	4691.99	4456.64	3564.09	239.69	195.62
PTHR21569	702.0	654.93	26437.28	2543.12	2075.65
PTHR21567	1313.0	1265.93	1011.33	50.09	40.89
PTHR13950	1190.0	1142.93	372.0	20.42	16.67
PTHR12133	1581.45	1534.38	118.0	4.82	3.93
PTHR10972	6477.48	6336.27	2198.35	75.35	61.49
PTHR10606	4030.22	3983.15	2912.59	45.69	37.29
PTHR10971	1329.0	1281.93	542.0	26.51	21.64
PTHR13743	7955.0	7766.72	680.0	26.19	21.38
PTHR12302	3704.0	3656.93	3035.32	51.87	42.33
PTHR22942	9941.93	9471.31	2314.0	90.36	73.77
PTHR13395	2558.0	2463.86	450.0	22.07	18.02
PTHR13803	5658.96	5517.81	2161.35	44.64	36.43
PTHR21368	1246.0	1151.87	5390.55	440.16	359.25
PTHR24067	17014.03	16307.97	15649.03	904.44	738.18
PTHR24064	12611.09	12281.6	7827.73	230.81	188.39
PTHR24063	28511.72	27664.63	155222.83	4083.28	3332.67
PTHR21011	1531.0	1436.86	3602.0	275.8	225.1
PTHR10774	14475.84	14005.17	4701.38	300.32	245.13
PTHR24068	3025.0	2883.79	1629.85	143.88	117.43
PTHR19980	2076.0	1981.86	280.01	17.86	14.58
PTHR12959	3646.23	3552.09	430.0	13.16	10.75
PTHR24115	30282.64	29341.28	14405.68	386.05	315.06
PTHR11825	9380.48	9050.98	6059.13	227.03	185.3
PTHR10809	1619.0	1524.86	1601.88	109.17	89.1
PTHR11822	1701.0	1653.93	4161.23	157.57	128.6
PTHR10555	4395.26	4301.12	4909.89	119.52	97.55
PTHR10806	859.0	811.93	741.0	57.39	46.84
PTHR10804	9491.41	9256.06	13833.06	578.29	471.98
PTHR11556	3811.0	3669.8	18173.93	715.07	583.63
PTHR11558	1457.0	1409.93	1450.0	64.45	52.6
PTHR13773	3393.65	3299.51	1811.8	69.9	57.05
PTHR10537	1379.19	1332.12	522.0	24.56	20.05
PTHR11953	2119.0	2024.86	758.0	46.29	37.78
PTHR11952	1761.0	1666.86	620.0	47.75	38.97
PTHR11956	2198.0	2150.93	2466.03	71.73	58.55
PTHR11959	4196.27	4149.19	3174.08	47.79	39.01
PTHR11739	1937.59	1890.52	3320.92	109.96	89.74
PTHR11732	18030.29	17418.41	8257.18	370.95	302.75
PTHR11731	7585.08	7443.87	2379.79	61.37	50.09
PTHR11730	3428.67	3287.46	886.9	62.04	50.64
PTHR11735	2996.66	2855.45	656.94	37.91	30.94
PTHR10394	790.0	742.93	32213.05	2728.59	2227.02
PTHR20941	2219.1	2124.98	706.53	38.13	31.12
PTHR10150	2517.79	2423.69	446.97	21.98	17.94
PTHR31065	3352.7	3258.56	2210.9	73.58	60.06
PTHR10159	8099.0	7863.65	6720.36	252.42	206.04
PTHR31066	1295.0	1247.93	548.0	27.54	22.48
PTHR13604	1022.0	927.86	68.0	9.64	7.86
PTHR23264	3546.78	3405.57	1436.0	73.96	60.37
PTHR23269	2111.0	2063.93	781.12	23.68	19.33
PTHR31204	1720.0	1672.93	1073.95	40.2	32.81
PTHR31201	1685.0	1637.93	1182.0	45.2	36.89
PTHR31209	1301.0	1253.93	232.0	11.6	9.47
PTHR11607	3948.0	3853.86	891.3	30.04	24.52
PTHR11606	4908.26	4767.05	3618.95	118.86	97.01
PTHR23284	1569.57	1522.49	526.0	21.64	17.67
PTHR24316	4355.0	4213.79	5583.51	241.8	197.35
PTHR32467	10264.37	9793.71	1848.87	94.09	76.8
PTHR14255	6488.94	6253.59	1366.01	65.58	53.52
PTHR31840	704.49	657.43	110.0	10.54	8.6
PTHR23130	4459.0	4364.86	1424.98	30.57	24.94
PTHR23133	1077.0	1029.93	990.0	60.34	49.25
PTHR23135	1916.41	1869.34	2126.08	71.19	58.1
PTHR23138	2479.0	2384.86	2604.42	164.4	134.17
PTHR23139	9021.32	8738.9	13717.45	506.08	413.05
PTHR31682	1259.0	1211.93	1686.12	87.26	71.22
PTHR11040	2671.0	2529.79	781.15	60.5	49.38
PTHR11043	835.0	787.93	655.97	52.36	42.74
PTHR11042	6746.17	6557.89	2403.03	77.49	63.24
PTHR11048	13182.65	12900.23	7038.03	208.02	169.79
PTHR15818	1985.0	1937.93	624.0	20.15	16.45
PTHR12636	1194.0	1146.93	1080.14	59.08	48.22
PTHR31606	1282.0	1234.93	293.0	14.88	12.14
PTHR14490	2746.4	2605.18	1663.98	80.95	66.07
PTHR14493	9611.42	9329.0	7479.88	241.28	196.92
PTHR15651	2177.0	2129.93	486.0	14.28	11.65
PTHR12380	3363.0	3221.79	2487.59	134.93	110.14
PTHR12385	2845.0	2750.86	2826.01	94.17	76.86
PTHR12706	15108.57	14779.07	1971.98	46.04	37.59
PTHR12709	1998.06	1903.92	1387.04	94.43	77.07
PTHR19957	6695.3	6507.03	2895.92	119.1	97.21
PTHR30239	1763.0	1715.93	2393.17	87.33	71.28
PTHR12560	3392.0	3297.86	2285.08	91.49	74.68
PTHR11203	5183.96	5042.76	2458.96	76.19	62.18
PTHR12770	6057.22	5821.89	781.01	44.21	36.08
PTHR12097	7251.0	7156.86	6198.9	108.73	88.74
PTHR19842	2635.0	2587.93	1017.0	24.58	20.06
PTHR11200	8088.27	7994.13	3777.86	57.08	46.59
PTHR21576	1650.36	1556.23	86.91	5.81	4.74
PTHR24193	12740.89	12223.12	6771.31	334.12	272.73
PTHR12419	5064.93	4829.58	2429.98	151.92	124.0
PTHR23338	3031.0	2889.79	3255.0	221.8	181.03
PTHR30525	1631.0	1583.93	2129.03	84.2	68.72
PTHR12413	1952.39	1858.25	212.0	14.1	11.5
PTHR12411	14914.54	14208.54	52071.86	2235.11	1824.26
PTHR23339	3756.37	3662.22	1354.22	57.97	47.31
PTHR21717	5410.15	5268.94	2533.02	60.27	49.19
PTHR10943	3910.0	3815.86	2640.1	73.86	60.29
PTHR12897	3002.0	2954.93	878.36	18.58	15.17
PTHR12894	6310.0	5980.53	454.0	35.04	28.61
PTHR12891	1205.0	1157.93	104.0	5.63	4.6
PTHR22976	4671.0	4482.75	5771.08	196.13	160.08
PTHR22975	2826.77	2685.68	875.02	37.36	30.49
PTHR22970	2668.0	2620.93	508.0	12.12	9.89
PTHR21377	1983.0	1888.86	1137.0	78.51	64.08
PTHR21371	2074.0	2026.93	19966.68	616.46	503.15
PTHR21373	2449.0	2354.86	565.98	30.64	25.01
PTHR22573	10727.36	10492.01	7444.6	246.58	201.25
PTHR22572	7272.0	7036.65	11790.61	527.42	430.47
PTHR21000	2063.0	2015.93	4378.46	135.92	110.94
PTHR10701	613.0	565.93	730.01	81.39	66.43
PTHR13161	914.0	819.91	338.0	48.49	39.57
PTHR13165	3011.78	2917.64	1451.54	61.07	49.84
PTHR21396	1273.0	1178.86	1229.6	130.31	106.36
PTHR12965	2243.08	2149.02	666.13	34.69	28.31
PTHR10681	6972.84	6596.28	6593.11	386.99	315.85
PTHR24106	8891.7	8562.21	4322.88	192.16	156.82
PTHR24103	2839.0	2697.79	380.0	22.01	17.97
PTHR10683	1632.0	1584.93	2744.69	108.47	88.53
PTHR11540	2369.0	2180.78	2787.03	260.18	212.35
PTHR10836	2311.0	2169.88	11418.32	582.7	475.58
PTHR10835	2404.0	2356.93	954.0	25.32	20.66
PTHR11545	927.0	879.93	33144.01	2367.19	1932.05
PTHR10012	1524.0	1476.93	349.04	14.81	12.09
PTHR13768	2607.0	2512.86	1289.96	65.88	53.77
PTHR24078	11447.0	11070.52	2480.09	113.39	92.56
PTHR11946	14822.0	14539.58	28558.95	590.57	482.02
PTHR11947	4647.3	4553.16	8284.22	234.58	191.45
PTHR11941	9851.26	9521.78	2969.86	141.17	115.24
PTHR24072	1597.0	1549.93	682.07	27.57	22.5
PTHR10496	512.0	464.93	19542.33	2658.15	2169.53
PTHR10491	2783.35	2689.21	1643.58	67.72	55.27
PTHR24076	12278.99	11714.23	6492.95	301.12	245.76
PTHR24077	13981.14	13322.28	11611.47	386.05	315.09
PTHR11728	3894.0	3799.86	5395.17	222.73	181.79
PTHR11726	842.0	794.93	43935.48	3476.15	2837.17
PTHR11727	551.0	503.93	113.0	14.17	11.56
PTHR11721	648.0	600.93	28560.76	2996.82	2445.95
PTHR11722	794.0	746.93	23787.78	2004.05	1635.67
PTHR10120	4037.51	3943.37	1479.0	42.87	34.99
PTHR10122	1136.0	1088.93	8778.01	505.89	412.9
PTHR11831	2383.0	2241.79	26377.98	2079.93	1697.59
PTHR11835	1802.0	1754.93	4957.08	176.86	144.35
PTHR11614	6299.72	6205.58	3882.22	69.48	56.7
PTHR11615	9970.35	9546.75	10542.88	304.26	248.31
PTHR11618	3665.28	3524.07	784.99	41.71	34.05
PTHR14140	2692.0	2644.93	970.53	22.95	18.73
PTHR32419	1279.34	1232.28	217.0	11.04	9.01
PTHR10231	5621.0	5479.79	1168.9	41.38	33.78
PTHR10233	9058.0	8822.65	5106.43	151.79	123.89
PTHR31503	4393.2	4251.99	2007.89	69.32	56.58
PTHR23147	654.32	607.25	409.0	42.46	34.66
PTHR23140	2080.0	2032.93	537.86	16.56	13.51
PTHR23142	1020.0	972.93	269.9	17.42	14.22
PTHR23149	1869.0	1821.93	950.89	32.67	26.67
PTHR23148	848.52	801.45	272.0	21.34	17.42
PTHR11817	11835.0	11552.58	10149.47	305.06	248.98
PTHR11056	2157.87	2110.8	1109.53	32.89	26.84
PTHR11055	4370.97	4229.76	8582.95	327.12	266.99
PTHR32523	2453.0	2358.86	1855.47	83.1	67.83
PTHR31695	2917.0	2869.93	1080.31	23.53	19.21
PTHR11819	329.0	281.98	2.0	0.45	0.37
PTHR10544	507.0	459.93	10169.7	1398.52	1141.44
PTHR12629	2685.06	2637.98	3762.79	89.2	72.8
PTHR19316	1500.0	1452.93	496.1	21.4	17.46
PTHR18945	6470.37	6329.16	1845.82	55.42	45.23
PTHR26402	9656.0	9420.65	16578.1	390.91	319.06
PTHR19384	6575.0	6433.79	1225.0	34.86	28.45
PTHR12714	5234.17	5045.89	4609.03	152.27	124.28
PTHR12570	4629.94	4488.73	1508.91	56.27	45.93
PTHR21494	2475.0	2427.93	371.0	9.56	7.8
PTHR21145	1299.21	1252.14	997.88	49.97	40.79
PTHR21496	4795.0	4559.73	4166.58	241.72	197.29
PTHR21493	32820.91	31973.63	12122.35	399.97	326.45
PTHR21499	9344.25	9203.04	11851.66	237.71	194.01
PTHR21148	3993.0	3851.79	836.0	48.27	39.39
PTHR12083	3663.06	3521.85	1748.93	81.53	66.55
PTHR19854	3891.0	3749.79	1347.26	44.51	36.33
PTHR13976	1590.0	1495.86	234.22	21.09	17.22
PTHR19852	2220.0	2172.93	1306.0	37.6	30.69
PTHR16128	3607.47	3419.2	590.9	32.05	26.16
PTHR12400	1504.51	1457.43	855.46	36.78	30.02
PTHR19853	3074.0	3026.93	1529.82	31.59	25.79
PTHR30314	1812.0	1764.93	2598.02	92.17	75.22
PTHR12882	706.0	658.93	360.79	34.49	28.15
PTHR12883	1422.0	1374.93	493.0	22.47	18.34
PTHR16255	7373.16	7231.94	4642.67	132.6	108.23
PTHR16254	8762.01	8573.73	5673.94	182.46	148.92
PTHR22960	662.97	615.91	215.95	22.1	18.04
PTHR13373	2177.0	2129.93	287.0	8.43	6.88
PTHR13375	1121.0	1073.93	514.01	30.04	24.52
PTHR22967	5238.0	5096.79	815.04	22.36	18.26
PTHR19858	4926.88	4832.74	1825.68	44.1	36.0
PTHR30222	2505.45	2458.38	702.86	17.88	14.59
PTHR13115	1923.25	1876.18	1790.01	59.72	48.74
PTHR13117	1603.0	1555.93	104.0	4.19	3.42
PTHR13285	2047.2	2000.13	609.01	19.06	15.55
PTHR13288	1360.0	1312.93	363.0	17.33	14.15
PTHR10953	15452.63	15029.0	4287.28	135.46	110.56
PTHR10954	1081.93	1034.86	283.0	17.17	14.01
PTHR21726	531.0	483.93	13.0	1.7	1.39
PTHR10956	877.39	783.28	32384.91	4311.82	3519.23
PTHR11538	1829.0	1781.93	1219.0	42.83	34.96
PTHR10826	902.0	854.93	1378.0	101.32	82.69
PTHR11533	13700.78	13512.49	6277.94	111.46	90.97
PTHR11532	1954.0	1906.93	3094.32	101.57	82.9
PTHR10000	4261.3	4120.09	1525.99	71.64	58.47
PTHR13021	1320.0	1272.93	741.99	36.55	29.83
PTHR24006	21234.47	20434.32	6809.39	305.6	249.39
PTHR24003	26225.99	25661.14	44155.34	847.76	691.93
PTHR31446	2319.0	2224.86	1160.0	63.7	51.99
PTHR31190	2665.71	2571.56	4146.53	139.98	114.24
PTHR11441	1428.0	1380.93	773.0	35.08	28.64
PTHR11440	4929.86	4741.58	582.0	28.57	23.32
PTHR11999	8026.96	7838.67	6255.53	202.5	165.27
PTHR11998	6665.6	6477.32	4392.81	185.54	151.44
PTHR11449	475.0	427.93	34701.08	5133.77	4190.09
PTHR11994	1353.0	1258.86	31408.12	2905.44	2371.37
PTHR10133	10948.85	10713.5	6900.74	156.4	127.65
PTHR13620	5367.0	5131.65	2463.12	102.88	83.97
PTHR11847	739.0	691.93	24838.47	2260.41	1844.9
PTHR11843	848.0	800.93	41762.68	3279.29	2676.49
PTHR11661	1816.0	1721.86	42218.45	4197.16	3425.65
PTHR11662	24137.65	23478.64	11311.0	353.44	288.45
PTHR11669	3349.76	3255.62	1085.0	41.85	34.16
PTHR11668	15329.15	14905.51	14337.92	554.76	452.78
PTHR20856	12013.0	11777.65	5629.27	95.63	78.06
PTHR20854	3941.11	3799.9	1390.63	68.12	55.6
PTHR20855	8358.5	8170.27	3616.09	116.23	94.87
PTHR20852	2918.0	2776.81	25105.01	1699.35	1386.98
PTHR32404	1446.59	1399.52	540.0	24.18	19.74
PTHR20858	5970.48	5829.26	2846.97	74.91	61.13
PTHR14237	7442.12	7159.71	5211.16	166.5	135.9
PTHR10739	4083.0	3988.86	3255.53	112.37	91.71
PTHR23155	59228.87	57440.28	15858.77	642.93	524.75
PTHR23153	2103.12	2008.98	637.0	51.93	42.38
PTHR23151	7085.0	6614.36	8013.85	593.4	484.32
PTHR11063	3917.73	3823.58	6582.62	197.18	160.93
PTHR11062	10491.94	10209.52	4417.1	149.64	122.13
PTHR11061	4452.71	4264.43	1323.92	69.92	57.07
PTHR11065	5971.65	5830.44	2458.7	87.91	71.74
PTHR11064	3560.16	3418.95	1748.62	84.38	68.89
PTHR11260	9147.7	8865.28	2619.98	114.54	93.48
PTHR11264	1129.93	1082.86	296.0	17.16	14.0
PTHR11266	7310.0	7027.58	4022.36	210.85	172.08
PTHR31998	2924.42	2877.35	2094.0	45.5	37.13
PTHR15838	689.0	641.93	210.0	20.61	16.82
PTHR32338	2625.64	2578.57	1798.57	43.62	35.6
PTHR31407	5301.0	5112.72	2985.21	169.02	137.95
PTHR12363	7175.2	7033.99	1480.92	30.48	24.87
PTHR18952	3246.0	3151.86	1155.04	42.89	35.01
PTHR12765	1967.69	1873.55	658.74	45.15	36.86
PTHR12505	1390.77	1343.7	529.04	24.68	20.14
PTHR22604	3115.91	3021.77	1848.01	73.07	59.65
PTHR21481	1507.0	1459.93	228.0	9.79	7.99
PTHR22778	2141.94	2047.79	430.24	27.5	22.45
PTHR19446	6055.2	5819.88	649.0	25.74	21.02
PTHR12219	1040.0	992.93	3566.87	225.57	184.11
PTHR13561	5686.18	5544.97	1972.23	42.9	35.01
PTHR13563	1891.48	1797.33	640.35	44.99	36.72
PTHR12210	1734.78	1640.64	826.27	51.73	42.22
PTHR12215	2011.0	1916.86	190.0	12.87	10.5
PTHR12214	1136.32	1089.25	270.0	15.56	12.7
PTHR22915	11892.83	11516.27	3867.74	154.9	126.45
PTHR22911	7683.52	7401.09	1346.0	65.11	53.14
PTHR22912	8613.47	8378.12	10914.08	415.32	338.98
PTHR12183	1434.0	1386.93	350.0	15.82	12.91
PTHR19849	2561.0	2513.93	255.0	6.34	5.18
PTHR31783	5651.0	5556.86	556.0	14.71	12.0
PTHR22594	4683.0	4588.86	3897.56	106.89	87.25
PTHR11864	3249.0	3154.86	1103.97	42.29	34.52
PTHR21152	5070.72	4976.58	13781.09	317.96	259.51
PTHR21021	1198.0	1103.86	84.0	9.83	8.03
PTHR30075	3602.0	3554.93	1511.99	26.58	21.69
PTHR11632	2735.02	2687.95	9586.78	223.02	182.02
PTHR13102	2365.0	2317.93	594.96	16.06	13.1
PTHR12984	1992.0	1944.93	357.27	11.5	9.38
PTHR11630	10335.88	10053.45	9951.11	369.25	301.36
PTHR11140	7459.0	7364.86	10107.27	129.82	105.96
PTHR13299	1518.0	1423.86	304.0	27.18	22.18
PTHR12652	3859.88	3765.73	4326.05	191.58	156.37
PTHR10925	3417.0	3369.93	2481.26	46.02	37.56
PTHR21737	3382.66	3241.44	1592.91	91.2	74.43
PTHR10920	6170.48	6029.27	3730.91	138.52	113.05
PTHR10585	2375.0	2280.86	3070.75	154.99	126.5
PTHR10584	21270.68	20752.91	8112.03	212.13	173.12
PTHR11528	5578.0	5436.79	6555.99	173.91	141.94
PTHR11527	4168.84	3980.58	3271.04	377.62	308.2
PTHR11525	1497.0	1402.86	652.4	58.7	47.91
PTHR10859	818.0	770.93	261.0	21.3	17.38
PTHR10589	4331.36	4237.22	4328.54	92.37	75.39
PTHR10588	2949.0	2807.79	704.9	38.86	31.72
PTHR13038	2176.71	2129.64	607.0	17.83	14.56
PTHR13748	11675.04	11298.48	10469.32	406.2	331.54
PTHR11223	8318.43	8177.22	5655.58	107.23	87.53
PTHR23109	936.0	888.93	127.0	8.98	7.33
PTHR24015	41650.5	40567.88	20280.34	619.05	505.26
PTHR24012	17078.67	16325.57	22073.37	1166.76	952.29
PTHR24011	30635.3	29505.63	43991.24	2345.75	1914.57
PTHR31187	5061.26	4967.11	11518.47	308.44	251.74
PTHR10548	1553.89	1506.81	1559.52	64.84	52.92
PTHR10459	10277.03	9994.6	3030.11	94.93	77.49
PTHR11453	5202.46	5061.25	1125.57	39.78	32.47
PTHR10108	38980.22	37568.14	14223.08	691.14	564.08
PTHR11986	9334.61	9005.12	12273.09	473.51	386.48
PTHR11455	7368.22	7038.74	1495.69	79.32	64.74
PTHR10102	3623.0	3575.93	1595.0	27.87	22.75
PTHR11458	1544.0	1496.93	3695.35	154.67	126.24
PTHR10106	1780.0	1732.93	1228.0	44.37	36.22
PTHR31057	2692.0	2597.86	318.0	15.36	12.54
PTHR21141	2755.11	2613.9	76686.6	7395.69	6036.22
PTHR11851	15579.26	15202.69	11892.51	507.28	414.04
PTHR23092	1348.0	1300.93	169.6	8.17	6.67
PTHR23091	14800.23	14141.25	5959.02	316.79	258.54
PTHR11673	941.0	893.93	22767.19	1600.41	1306.23
PTHR11670	4122.0	4027.86	8559.05	279.26	227.93
PTHR11671	1243.0	1195.93	1248.0	65.45	53.42
PTHR20863	2924.0	2735.73	15024.76	997.13	813.83
PTHR20861	1538.0	1490.93	1809.05	76.02	62.05
PTHR11679	2591.0	2543.93	375.0	9.22	7.52
PTHR14009	3110.0	3062.93	4283.36	87.42	71.35
PTHR10217	6284.0	6095.72	769.07	23.03	18.81
PTHR14005	4695.0	4647.93	4069.93	54.69	44.64
PTHR10210	3970.78	3876.64	4903.26	160.97	131.39
PTHR31522	1791.0	1743.93	813.0	29.19	23.82
PTHR14221	1800.0	1752.93	712.0	25.43	20.76
PTHR23163	858.0	810.93	354.0	27.45	22.41
PTHR11079	6050.85	5815.5	10036.26	392.2	320.09
PTHR11076	12029.0	11417.1	671.97	42.69	34.86
PTHR11070	3816.21	3722.07	413.0	11.73	9.57
PTHR11071	19161.43	18361.25	16554.86	1307.57	1067.21
PTHR11278	803.0	755.93	22205.41	1848.28	1508.53
PTHR11276	1021.0	973.93	13.0	0.84	0.68
PTHR11274	2912.0	2817.86	1400.65	57.67	47.07
PTHR31984	5173.66	5032.45	6084.42	192.67	157.26
PTHR16201	2536.63	2489.56	838.06	21.05	17.18
PTHR15350	3448.0	3353.86	4006.63	148.59	121.28
PTHR15606	3212.2	3118.05	929.79	41.39	33.79
PTHR12374	2029.0	1934.87	779.64	47.74	38.96
PTHR12375	1053.0	1005.93	299.0	18.66	15.23
PTHR12378	2068.0	1973.86	282.98	17.41	14.21
PTHR20961	18431.56	17913.79	3660.28	140.1	114.33
PTHR18929	13695.81	13130.97	14359.43	674.21	550.26
PTHR30535	1103.0	1055.93	232.02	13.79	11.26
PTHR12777	681.0	633.93	1875.99	186.5	152.22
PTHR12775	1384.31	1337.24	466.0	21.84	17.83
PTHR20981	628.0	580.93	25059.3	2720.9	2220.75
PTHR16092	2104.45	2010.31	154.0	9.99	8.15
PTHR12406	6176.88	5941.53	4553.09	204.86	167.2
PTHR19211	14438.86	13968.17	127577.46	3526.06	2877.9
PTHR22298	11717.12	11481.76	5439.89	130.23	106.3
PTHR12174	5683.0	5541.79	2104.26	71.97	58.73
PTHR12175	2210.02	2115.88	1492.94	87.36	71.3
PTHR12176	3184.36	3090.21	211.35	8.67	7.07
PTHR22769	7043.98	6808.62	2535.98	124.3	101.45
PTHR22767	3809.4	3668.19	952.0	52.41	42.78
PTHR22765	2112.11	2017.96	1624.0	104.77	85.52
PTHR22762	10879.59	10644.24	2913.46	71.76	58.57
PTHR22763	2674.0	2579.86	349.0	14.33	11.7
PTHR22761	4188.11	3999.84	2632.51	129.65	105.82
PTHR21231	4831.0	4689.79	2252.84	101.84	83.12
PTHR21230	1479.53	1432.46	238.0	10.41	8.5
PTHR21234	1646.0	1598.93	547.0	21.43	17.49
PTHR21237	1050.0	1002.93	604.75	37.86	30.9
PTHR12202	2152.0	2057.86	798.0	49.31	40.24
PTHR12203	12170.1	11887.68	3169.32	80.77	65.93
PTHR19857	1466.0	1418.93	566.63	25.03	20.43
PTHR13355	1599.0	1551.93	766.25	30.93	25.24
PTHR19855	3948.0	3853.86	794.87	29.75	24.28
PTHR13353	3113.24	3019.1	428.35	22.8	18.61
PTHR12197	10821.94	10257.16	3715.08	156.68	127.91
PTHR13822	1125.0	1077.93	6643.86	386.83	315.72
PTHR21649	11140.25	10481.34	419775.65	29769.74	24297.49
PTHR32442	1366.0	1318.93	1006.06	47.82	39.03
PTHR13138	2294.0	2199.86	386.0	22.58	18.43
PTHR10732	689.0	641.93	19431.27	1907.4	1556.79
PTHR10738	4034.0	3986.93	2217.84	34.75	28.37
PTHR12992	1219.06	1171.98	242.01	12.95	10.57
PTHR22838	4786.12	4597.84	1155.95	59.18	48.31
PTHR22836	2230.0	2182.93	579.0	16.59	13.54
PTHR10693	411.0	363.94	39.0	6.8	5.55
PTHR32379	1365.0	1317.93	428.0	20.36	16.62
PTHR10938	2616.0	2521.86	3272.03	169.08	138.0
PTHR10934	861.0	813.93	20322.61	1570.09	1281.47
PTHR11510	2196.0	2148.93	4247.1	123.66	100.93
PTHR11516	5376.0	5234.79	6955.46	275.37	224.75
PTHR10025	2751.0	2609.79	2273.88	110.66	90.32
PTHR10026	6273.51	5991.09	1919.84	104.8	85.54
PTHR10027	2390.0	2342.93	625.0	16.69	13.62
PTHR13009	3671.24	3482.96	715.99	51.71	42.19
PTHR13007	1812.29	1765.21	870.01	30.86	25.19
PTHR30115	937.0	889.93	2518.03	177.81	145.12
PTHR11863	3121.0	2979.79	1901.0	103.97	84.86
PTHR17901	798.0	750.93	153.0	12.82	10.46
PTHR24351	7005.66	6770.3	4833.2	190.38	155.37
PTHR20982	1290.0	1242.93	761.0	38.4	31.34
PTHR24352	3344.39	3250.28	1434.92	42.54	34.72
PTHR11467	602.0	554.93	2184.09	248.38	202.72
PTHR10119	2365.0	2317.93	1933.03	52.17	42.58
PTHR10343	3532.0	3484.93	2658.93	47.68	38.92
PTHR10110	6685.89	6497.6	927.0	34.99	28.56
PTHR11469	2546.67	2499.59	4496.08	112.49	91.82
PTHR10445	1222.0	1174.93	574.0	30.65	25.01
PTHR10598	993.0	945.93	124.0	8.23	6.72
PTHR24286	4293.68	4152.46	3267.06	122.8	100.23
PTHR23429	1988.0	1940.93	474.0	15.29	12.48
PTHR23426	2078.44	1984.3	4019.43	272.86	222.7
PTHR10593	3263.0	3168.86	2513.12	97.81	79.83
