GeneFamily	length	effective_length	expected_count	TPM	FPKM
PTHR11649	14061.96	13552.4	5583.26	281.56	211.17
PTHR31089	1116.0	1065.03	108.0	8.59	6.44
PTHR31085	2819.85	2768.87	1697.0	51.7	38.77
PTHR11647	6017.54	5915.6	1664.98	46.8	35.1
PTHR11645	981.06	930.08	197.0	17.96	13.47
PTHR11880	854.0	803.03	14778.0	1562.45	1171.72
PTHR11885	727.0	676.03	26966.94	3392.29	2543.96
PTHR10209	7031.0	6776.18	1701.0	92.09	69.04
PTHR32429	3447.0	3294.11	6515.83	343.53	257.63
PTHR12403	840.0	789.03	460.01	49.51	37.13
PTHR31423	1110.0	1059.03	239.0	19.12	14.34
PTHR31551	757.18	706.21	777.0	93.52	70.14
PTHR32195	2433.63	2331.69	495.0	25.29	18.96
PTHR11081	8781.0	8475.18	587.0	28.27	21.21
PTHR11080	2109.35	2007.41	835.01	61.19	45.89
PTHR11082	4896.0	4794.06	3260.0	101.24	75.92
PTHR11085	7403.68	7046.89	999.05	69.74	52.3
PTHR11089	6134.8	5930.92	3995.8	241.35	180.98
PTHR32518	5993.0	5891.06	856.0	26.33	19.74
PTHR11247	1424.0	1322.06	36.0	5.48	4.12
PTHR12277	3826.51	3673.6	1029.0	74.37	55.78
PTHR32512	1819.0	1768.03	362.0	17.3	12.97
PTHR23088	4334.02	4130.14	2105.73	151.63	113.72
PTHR23089	1694.0	1592.06	932.0	109.99	82.49
PTHR23081	5178.61	5025.72	2943.0	130.99	98.24
PTHR23083	30036.13	29220.68	12646.98	529.26	396.88
PTHR23084	6632.86	6428.98	1647.0	105.55	79.15
PTHR23086	6179.0	5975.12	1248.89	66.17	49.63
PTHR18806	3810.0	3708.06	1480.0	74.61	55.95
PTHR31953	1816.0	1765.03	990.0	47.39	35.54
PTHR15184	10338.09	10083.24	19441.58	876.82	657.56
PTHR15341	799.0	748.03	347.0	39.41	29.55
PTHR14744	1242.0	1140.16	36.0	5.45	4.08
PTHR15169	1388.0	1337.03	84.0	5.32	3.99
PTHR12341	11888.97	11583.17	4628.0	110.26	82.68
PTHR15160	5342.55	5138.67	3024.0	159.12	119.33
PTHR18937	21367.64	21061.82	4743.0	106.73	80.04
PTHR18934	26342.52	25526.99	20660.39	823.58	617.59
PTHR12742	2322.0	2271.03	5398.42	200.65	150.47
PTHR12741	1560.0	1509.03	1596.99	89.48	67.1
PTHR16557	1964.0	1862.06	114.0	10.12	7.59
PTHR19288	5219.84	5015.96	3115.01	198.11	148.56
PTHR12975	4122.0	3969.09	324.0	20.88	15.65
PTHR13902	2657.79	2606.82	807.0	26.12	19.59
PTHR13903	1438.0	1387.03	1152.0	70.25	52.68
PTHR22753	2304.0	2202.06	56.0	4.45	3.34
PTHR30615	1741.3	1639.36	268.0	28.09	21.07
PTHR22939	14172.73	13663.21	3947.11	214.34	160.76
PTHR22938	3864.39	3711.48	989.55	67.35	50.51
PTHR16266	4676.85	4523.94	470.0	25.05	18.79
PTHR21597	5700.0	5649.03	1771.0	26.41	19.81
PTHR22932	876.0	825.03	1177.0	121.1	90.81
PTHR21228	20344.82	19733.27	6143.01	288.05	216.01
PTHR13343	3629.76	3476.85	3202.83	236.54	177.39
PTHR22936	2747.0	2594.09	471.0	46.65	34.99
PTHR31038	1402.0	1351.03	1448.0	90.67	67.99
PTHR13832	36966.91	35641.83	22621.19	1167.43	875.52
PTHR21139	1261.24	1210.27	927.56	64.88	48.65
PTHR21136	3418.0	3265.09	3302.0	256.43	192.31
PTHR12526	39183.56	38164.4	23033.81	786.58	589.88
PTHR13120	807.0	756.03	309.0	34.72	26.04
PTHR22809	2879.0	2726.09	482.0	46.12	34.59
PTHR22807	4493.41	4391.46	945.0	37.19	27.89
PTHR20661	2106.0	2004.06	129.0	11.93	8.95
PTHR10900	17032.83	16370.3	18535.14	1028.3	771.13
PTHR10906	2767.0	2665.06	7003.07	316.17	237.1
PTHR10909	18017.79	17559.07	15866.29	574.53	430.85
PTHR10055	3197.0	3095.06	1001.52	53.81	40.36
PTHR10057	1659.0	1557.06	776.0	69.85	52.38
PTHR10052	1068.0	1017.03	24493.47	2040.95	1530.56
PTHR13017	860.0	809.03	124.0	13.01	9.76
PTHR13018	17772.73	17415.94	14139.78	407.96	305.94
PTHR10694	9202.31	8947.58	3597.9	161.07	120.79
PTHR12839	2540.83	2438.89	300.0	23.26	17.45
PTHR12835	727.0	676.03	118.0	14.84	11.13
PTHR24031	56663.5	54676.1	94102.2	4971.92	3728.59
PTHR24032	2987.08	2834.17	711.0	68.14	51.1
PTHR24349	21831.65	21169.23	10833.2	507.32	380.47
PTHR24619	5979.0	5826.09	1103.99	38.52	28.89
PTHR24343	28123.3	27205.86	30497.85	1141.07	855.72
PTHR11472	11098.27	10690.52	3868.0	160.91	120.67
PTHR24347	14769.95	14311.39	5031.35	158.65	118.97
PTHR11476	1748.0	1697.03	617.0	30.72	23.04
PTHR11477	3663.7	3561.84	1984.0	78.37	58.77
PTHR10438	22945.0	22129.48	17918.46	1159.78	869.73
PTHR10476	5601.91	5499.97	5224.36	239.83	179.86
PTHR24290	3600.0	3447.09	603.0	40.11	30.09
PTHR23413	574.0	523.03	20802.93	3392.3	2543.96
PTHR23417	2152.54	2050.6	715.0	57.58	43.18
PTHR23416	1517.03	1466.05	615.0	35.47	26.6
PTHR23415	1058.0	1007.03	899.0	75.66	56.74
PTHR12736	1813.4	1762.42	678.0	32.5	24.37
PTHR10871	1508.0	1406.06	22214.38	2872.5	2154.15
PTHR10877	1376.0	1223.24	13.0	2.09	1.56
PTHR11879	5626.12	5422.41	1961.0	69.53	52.14
PTHR11659	1605.85	1554.88	794.0	43.17	32.37
PTHR31096	3937.97	3785.06	4043.0	268.91	201.66
PTHR31098	4404.0	4353.03	9273.14	179.53	134.63
PTHR11655	1974.0	1872.06	30604.21	3055.32	2291.25
PTHR11652	720.0	669.03	22368.86	2843.62	2132.5
PTHR20883	2097.0	1995.06	783.0	61.27	45.95
PTHR11895	6207.85	6054.94	829.0	32.87	24.66
PTHR10277	3846.0	3693.09	314.0	21.62	16.22
PTHR14027	3452.0	3401.03	1888.99	46.83	35.12
PTHR12320	6240.39	6087.48	3103.17	127.15	95.35
PTHR24095	16653.53	15991.08	7903.87	320.42	240.3
PTHR11246	9485.0	9332.09	5623.76	158.78	119.07
PTHR24092	4620.0	4569.03	4323.0	79.73	59.79
PTHR24093	33849.94	33085.48	71655.11	2537.93	1903.28
PTHR23180	11404.94	11048.15	12581.74	593.08	444.77
PTHR14593	2610.97	2509.03	717.0	48.31	36.23
PTHR11093	3421.0	3319.06	1631.02	83.1	62.32
PTHR11096	1538.99	1437.05	102.0	11.12	8.33
PTHR23346	8462.0	8309.09	2512.0	161.26	120.93
PTHR11099	2595.0	2544.03	2600.0	86.23	64.67
PTHR10309	1913.0	1862.03	2183.0	99.03	74.27
PTHR14107	703.62	652.65	93.0	12.12	9.09
PTHR11252	4750.15	4699.18	4780.43	85.72	64.28
PTHR11254	14496.03	14088.33	4021.29	155.87	116.89
PTHR11255	1971.0	1920.03	248.0	10.91	8.18
PTHR14110	4148.25	3944.37	2856.96	261.83	196.36
PTHR14374	1535.0	1484.03	114.0	6.5	4.87
PTHR18838	2163.0	2112.03	533.05	21.31	15.98
PTHR15074	1628.0	1577.03	247.0	13.24	9.93
PTHR12687	2375.0	2273.07	2083.0	115.68	86.74
PTHR15157	3340.22	3187.31	743.0	64.53	48.4
PTHR18901	12165.0	11910.15	4312.46	161.0	120.74
PTHR12281	1396.0	1345.03	1728.0	108.69	81.51
PTHR12755	591.0	540.03	89.0	14.05	10.54
PTHR12750	2171.02	2120.04	1591.0	63.36	47.51
PTHR12753	1199.86	1148.89	699.0	51.52	38.63
PTHR15081	1738.09	1687.12	404.0	20.24	15.18
PTHR15574	7168.13	6913.28	1420.96	90.85	68.14
PTHR24007	357.0	306.09	47.0	13.21	9.91
PTHR13931	2983.11	2932.13	1042.0	29.97	22.48
PTHR12358	6745.21	6439.39	2831.4	225.16	168.85
PTHR12356	1934.98	1833.04	500.01	53.03	39.77
PTHR12221	2347.0	2245.06	1738.0	132.27	99.19
PTHR30603	4411.0	4309.06	3725.0	133.05	99.77
PTHR12226	1653.0	1602.03	294.0	15.51	11.63
PTHR19877	1068.0	1017.03	1901.89	158.48	118.85
PTHR31442	557.0	506.03	562.0	94.76	71.07
PTHR12538	617.0	566.03	10626.98	1599.73	1199.67
PTHR12537	3400.09	3298.15	3721.76	149.2	111.89
PTHR12532	1288.0	1237.03	519.08	35.52	26.63
PTHR13486	675.0	624.03	186.0	25.37	19.02
PTHR20275	2910.0	2808.06	2000.0	119.49	89.61
PTHR13489	2278.72	2176.78	564.0	43.28	32.46
PTHR17583	8276.0	8123.1	2262.9	73.64	55.22
PTHR13572	1507.43	1456.45	214.0	12.42	9.32
PTHR24198	20770.51	19955.01	5050.18	290.32	217.7
PTHR10048	5176.04	4921.19	951.95	75.94	56.96
PTHR21704	3352.14	3250.21	792.0	28.72	21.54
PTHR10046	921.0	870.03	279.0	27.21	20.4
PTHR10044	5245.0	5143.06	1805.0	65.46	49.08
PTHR13060	1573.0	1522.03	306.0	17.0	12.75
PTHR10687	1280.16	1229.19	2846.51	196.01	146.99
PTHR13069	4474.0	4270.12	994.0	66.42	49.8
PTHR13068	8202.67	7947.81	2905.0	175.17	131.38
PTHR10682	2628.95	2527.01	3052.0	202.61	151.93
PTHR12829	884.0	833.03	98.0	9.99	7.49
PTHR12820	3108.0	3057.03	1005.81	27.75	20.81
PTHR12826	1381.0	1330.03	1730.0	110.05	82.53
PTHR12827	986.0	935.03	95.0	8.62	6.46
PTHR17920	2628.0	2577.03	2025.78	66.33	49.74
PTHR10137	1631.0	1580.03	1160.0	62.06	46.54
PTHR11405	9305.37	9101.49	16915.8	566.96	425.17
PTHR11404	2587.0	2536.03	16130.17	536.69	402.47
PTHR11406	1204.91	1153.94	2927.65	214.8	161.09
PTHR32357	1724.0	1673.03	414.0	20.91	15.68
PTHR13468	1214.67	1163.7	1004.82	73.11	54.83
PTHR23406	3985.0	3883.06	3116.01	120.37	90.26
PTHR23407	2260.34	2209.37	321.0	12.26	9.2
PTHR10869	12399.73	11941.0	6167.82	365.62	274.19
PTHR31717	4935.0	4833.06	9303.95	324.45	243.31
PTHR12452	650.0	599.03	212.0	30.14	22.6
PTHR13393	2910.0	2859.03	54.0	1.59	1.19
PTHR12696	4021.0	3970.03	2655.52	56.38	42.28
PTHR11315	3663.0	3561.06	1683.05	79.77	59.82
PTHR10139	2373.0	2322.03	1106.0	40.2	30.15
PTHR10264	4424.0	4220.12	7633.0	475.47	356.57
PTHR10263	2008.0	1906.06	4998.2	438.25	328.66
PTHR31155	2188.69	2137.72	6652.98	262.75	197.04
PTHR32170	2991.54	2889.75	1094.0	75.79	56.83
PTHR23350	505.0	454.03	149.0	28.04	21.03
PTHR23354	2843.0	2792.03	1675.0	50.61	37.95
PTHR23355	8133.32	7878.56	971.0	51.48	38.61
PTHR23359	7195.43	6940.58	4909.75	328.75	246.53
PTHR11227	2228.06	2126.14	910.44	76.54	57.4
PTHR11220	4291.38	4036.52	923.0	93.15	69.85
PTHR13162	6879.0	6777.11	5792.0	75.48	56.6
PTHR11229	1929.0	1827.06	3951.0	354.99	266.22
PTHR10314	20174.24	19358.75	24935.93	1447.83	1085.77
PTHR11035	1315.0	1264.03	248.0	16.6	12.45
PTHR14303	730.0	679.03	273.0	34.19	25.64
PTHR14085	2004.0	1953.03	1395.0	60.32	45.24
PTHR11139	26457.07	26049.3	36571.31	373.48	280.07
PTHR15362	1118.0	1067.03	167.0	13.26	9.94
PTHR11132	22829.98	22065.42	21897.87	1145.34	858.9
PTHR11134	4893.22	4740.31	3800.88	203.97	152.96
PTHR11136	3000.0	2898.06	247.0	14.8	11.09
PTHR32374	7420.66	7216.78	6755.0	257.43	193.06
PTHR31579	8290.68	8035.83	7059.74	342.16	256.6
PTHR18919	3121.98	2918.2	3394.0	185.29	138.96
PTHR32002	15638.37	15026.72	9943.1	553.56	415.13
PTHR14413	950.0	899.03	1794.0	169.26	126.93
PTHR22891	1954.0	1903.03	263.0	11.67	8.75
PTHR22893	1396.68	1345.71	244.0	15.34	11.5
PTHR10778	4853.0	4700.09	4689.01	237.05	177.76
PTHR10072	2478.0	2427.03	11037.91	383.8	287.82
PTHR12786	2468.0	2366.06	1008.0	79.62	59.71
PTHR11706	4379.0	4277.06	1973.0	76.58	57.43
PTHR12782	1285.0	1234.03	506.0	34.71	26.03
PTHR11742	7384.77	7180.89	1435.02	66.7	50.01
PTHR21213	2120.0	2069.03	2698.67	110.13	82.59
PTHR10182	1189.0	1138.03	616.0	45.84	34.37
PTHR13923	810.08	759.11	851.0	95.23	71.41
PTHR11210	674.0	623.03	956.0	130.6	97.94
PTHR12321	2229.0	2127.06	2440.0	190.15	142.6
PTHR25040	3683.0	3530.09	2508.93	131.06	98.3
PTHR12323	2155.0	2002.09	276.0	36.85	27.64
PTHR10344	903.0	852.03	202.4	20.16	15.12
PTHR21015	1547.92	1496.95	567.0	32.03	24.02
PTHR16196	1877.0	1775.06	581.0	56.27	42.2
PTHR16193	643.07	592.11	488.0	70.19	52.63
PTHR22792	4869.05	4767.11	6793.32	232.83	174.6
PTHR22790	2056.0	1954.06	270.0	23.78	17.84
PTHR21680	1126.0	1075.03	1419.41	111.85	83.88
PTHR21689	3227.49	3125.55	2104.0	100.4	75.29
PTHR21113	2374.32	2272.38	245.0	17.62	13.21
PTHR21663	2362.0	2311.03	395.0	14.43	10.82
PTHR13253	14013.29	13452.62	5501.84	336.48	252.35
PTHR12446	6534.26	6330.39	2093.89	68.56	51.41
PTHR22603	1927.0	1825.06	409.0	32.21	24.15
PTHR21206	905.0	854.03	151.0	15.0	11.25
PTHR13789	13674.57	13266.81	14272.55	682.78	512.01
PTHR10071	14767.48	14308.75	10894.71	453.33	339.97
PTHR24188	12931.17	12472.44	983.0	69.62	52.2
PTHR13780	9422.01	9167.16	10561.67	514.34	385.7
PTHR10670	4478.26	4376.32	941.0	34.43	25.82
PTHR10677	4568.07	4415.14	1003.0	53.92	40.43
PTHR13078	3085.0	2983.06	146.0	8.45	6.34
PTHR12815	4560.0	4458.06	1776.0	56.49	42.37
PTHR12814	966.7	915.73	1101.06	101.98	76.47
PTHR24361	8878.0	8521.43	3034.0	165.59	124.16
PTHR24362	12500.24	12092.53	11254.82	321.56	241.14
PTHR10416	1591.0	1540.03	341.0	18.72	14.04
PTHR10410	2653.0	2551.06	2439.0	164.35	123.25
PTHR10783	6437.97	6183.11	5386.01	377.71	283.26
PTHR10782	2452.0	2401.03	446.0	15.68	11.76
PTHR13476	774.0	723.03	369.0	43.37	32.53
PTHR10788	2773.0	2722.03	1997.0	61.89	46.41
PTHR10891	8227.55	7870.77	4498.84	305.56	229.14
PTHR10890	947.0	845.12	41.0	9.31	6.99
PTHR20426	1871.44	1820.47	3069.0	142.41	106.8
PTHR23213	4955.0	4802.09	896.0	49.7	37.26
PTHR10520	8513.0	8309.12	7620.81	339.33	254.47
PTHR10250	2229.0	2127.06	879.0	58.7	44.02
PTHR10527	6880.0	6778.06	7372.0	184.86	138.63
PTHR31384	1763.0	1712.03	295.0	14.56	10.92
PTHR10098	2031.43	1929.48	1081.0	79.73	59.79
PTHR10091	2677.0	2575.06	778.0	50.33	37.75
PTHR31142	1580.0	1529.03	2341.0	129.44	97.07
PTHR31140	2845.0	2743.06	870.0	44.12	33.08
PTHR31412	3765.0	3663.06	1067.0	41.12	30.84
PTHR11787	5957.9	5805.0	2319.95	49.51	37.14
PTHR11785	14896.91	14540.11	11717.27	388.15	291.08
PTHR11782	2213.5	2111.6	929.97	117.51	88.12
PTHR11780	1354.0	1201.18	209.0	42.45	31.84
PTHR32497	5021.16	4919.22	2264.46	73.89	55.41
PTHR32148	5701.0	5446.16	7070.29	807.15	605.31
PTHR23324	7186.17	7033.26	2241.61	92.55	69.4
PTHR23327	4751.39	4598.48	1233.31	64.13	48.09
PTHR23326	3043.0	2890.09	1489.0	153.31	114.97
PTHR23321	5205.0	5052.09	2762.0	140.09	105.06
PTHR23323	4744.41	4591.5	1197.04	68.14	51.1
PTHR23322	1360.27	1258.33	324.0	41.26	30.94
PTHR23329	4246.0	4093.09	1693.8	81.95	61.47
PTHR11236	4416.17	4314.23	1505.0	57.23	42.91
PTHR11364	1102.0	1051.03	615.0	49.58	37.18
PTHR20932	2759.0	2657.06	1156.0	66.6	49.95
PTHR10322	16928.34	16469.67	5805.9	168.13	126.11
PTHR11239	4544.0	4391.09	4381.22	196.97	147.7
PTHR10803	3827.0	3674.09	2969.12	177.34	133.0
PTHR31964	15994.63	15382.99	6923.85	572.51	429.34
PTHR10552	1658.23	1607.25	1827.0	96.08	72.05
PTHR23030	2420.0	2369.03	1337.0	47.63	35.72
PTHR11129	3312.0	3210.06	818.02	42.75	32.06
PTHR11122	6149.45	5945.56	3615.01	180.59	135.43
PTHR15316	2656.03	2503.11	1511.0	150.24	112.66
PTHR11127	549.0	498.03	12929.44	2215.62	1661.54
PTHR11125	3423.0	3372.03	1285.0	32.13	24.1
PTHR31566	2019.0	1968.03	737.0	31.63	23.72
PTHR31567	1760.53	1709.58	951.0	47.0	35.25
PTHR31561	5087.43	4985.49	1125.0	36.59	27.44
PTHR15137	1848.73	1797.76	240.0	11.28	8.46
PTHR14950	6797.95	6645.08	1495.0	37.93	28.44
PTHR15954	3331.0	3178.09	634.0	49.45	37.08
PTHR15952	2837.0	2786.03	1115.0	33.76	25.32
PTHR21319	6461.0	6206.17	2297.0	145.64	109.22
PTHR30612	3239.7	3188.73	4298.52	113.68	85.25
PTHR19271	5243.31	5141.37	925.0	39.48	29.61
PTHR19861	1033.0	982.03	141.0	12.17	9.13
PTHR12022	1734.0	1683.03	2037.55	102.31	76.72
PTHR12233	1471.0	1420.03	789.0	46.99	35.24
PTHR12029	8176.12	7870.3	4174.0	272.99	204.71
PTHR21220	1153.17	1102.2	114.0	8.76	6.57
PTHR31221	1134.37	1083.4	879.0	68.73	51.54
PTHR22780	3593.32	3542.35	3441.84	81.92	61.43
PTHR21477	1353.11	1302.14	1335.0	86.74	65.05
PTHR19308	5271.0	5169.06	2924.07	95.74	71.79
PTHR16301	1457.24	1355.3	360.48	44.69	33.51
PTHR13265	2157.0	2106.03	327.0	13.11	9.83
PTHR22870	22121.19	21254.89	6181.87	328.06	246.0
PTHR17630	1036.0	985.03	131.0	11.27	8.45
PTHR10064	627.0	576.03	27883.79	4123.75	3092.5
PTHR10060	3933.37	3780.46	498.0	34.42	25.81
PTHR10663	22752.73	22395.94	7872.04	197.84	148.36
PTHR10666	2660.47	2456.62	41737.2	5359.26	4019.05
PTHR10668	12465.66	12108.87	2865.05	120.24	90.18
PTHR12265	2189.78	2138.81	751.84	29.68	22.26
PTHR12801	8379.0	8124.15	2356.0	117.48	88.11
PTHR12802	7521.35	7266.5	10985.24	559.19	419.35
PTHR12805	857.0	806.03	84.0	8.85	6.64
PTHR12806	960.43	909.47	316.02	29.47	22.1
PTHR21506	3200.0	3098.06	583.0	31.63	23.72
PTHR21091	10637.51	10229.82	13590.67	693.29	519.92
PTHR21090	1529.0	1478.03	2849.0	162.99	122.23
PTHR13734	1740.0	1689.03	898.0	44.93	33.69
PTHR24315	3392.0	3290.06	2354.0	182.48	136.85
PTHR24314	6405.85	6151.01	859.0	51.31	38.48
PTHR11933	1617.85	1566.88	930.02	50.17	37.63
PTHR11932	7800.0	7647.09	6785.96	206.48	154.84
PTHR11934	3439.0	3337.06	1194.99	69.52	52.14
PTHR11937	5819.94	5616.06	9930.36	539.71	404.74
PTHR11938	13270.66	13015.81	35537.21	932.22	699.11
PTHR13683	3541.0	3490.03	2196.41	53.06	39.79
PTHR24089	34715.58	33237.48	37307.33	2227.47	1670.44
PTHR10796	7530.5	7377.58	3996.0	116.64	87.48
PTHR10794	4023.0	3870.09	429.0	26.75	20.07
PTHR10795	37001.64	35982.42	21398.34	743.5	557.58
PTHR10792	610.0	559.03	12679.97	1932.96	1449.57
PTHR10799	54457.85	52623.18	12124.05	607.2	455.34
PTHR10882	1142.55	1091.57	653.78	50.73	38.05
PTHR10887	24629.87	24120.16	7163.96	230.26	172.7
PTHR11686	2361.0	2310.03	427.0	15.6	11.7
PTHR11685	5819.46	5666.55	2978.16	148.71	111.53
PTHR11680	1954.22	1903.25	8392.97	372.46	279.32
PTHR24221	17956.41	17293.95	13054.07	587.46	440.56
PTHR24220	7556.9	7200.12	3963.9	293.31	219.97
PTHR24223	10894.4	10588.59	2646.0	77.67	58.24
PTHR11689	9178.0	9025.09	2272.0	60.1	45.07
PTHR10252	2228.0	2075.09	273.0	33.71	25.27
PTHR13124	1019.0	968.03	506.0	44.31	33.23
PTHR31173	4539.0	4437.06	1825.0	55.84	41.88
PTHR10997	12503.51	12299.63	5428.88	126.77	95.07
PTHR31385	3756.95	3604.04	1168.0	84.27	63.19
PTHR31356	7071.27	6867.39	10515.77	626.98	470.19
PTHR31724	3667.65	3463.8	1030.0	83.78	62.83
PTHR31352	3154.0	3052.06	2197.0	111.5	83.61
PTHR31350	9708.95	9352.16	5561.33	290.67	217.97
PTHR11758	654.0	603.03	15968.51	2254.67	1690.83
PTHR23333	1084.0	1033.03	970.5	79.61	59.7
PTHR11751	14704.67	14347.88	8024.0	316.88	237.63
PTHR11753	2846.0	2693.09	2792.0	259.38	194.52
PTHR11752	20970.82	20359.35	14043.37	393.17	294.86
PTHR24423	16091.0	15683.24	10670.0	455.37	341.49
PTHR11206	15506.76	15048.03	5817.76	263.26	197.42
PTHR11757	5571.0	5367.12	1202.0	54.27	40.7
PTHR24420	49462.1	48289.85	22094.81	822.46	616.8
PTHR10332	2520.9	2418.96	786.0	52.06	39.04
PTHR32557	1872.0	1821.03	1506.85	69.9	52.42
PTHR14145	3168.37	3066.43	1539.0	86.52	64.88
PTHR20922	2544.5	2442.56	648.0	64.73	48.54
PTHR13600	2335.0	2233.06	275.0	31.29	23.47
PTHR15744	1433.87	1382.9	623.0	38.1	28.57
PTHR23029	9566.21	9209.54	2312.0	120.62	90.46
PTHR23023	7152.4	6948.52	1809.0	78.33	58.74
PTHR12847	2240.0	2087.09	526.0	53.39	40.03
PTHR11119	8527.62	8323.74	4256.0	155.84	116.87
PTHR31595	8674.95	8267.19	979.0	66.08	49.57
PTHR31596	4198.0	4096.06	3841.0	128.95	96.7
PTHR15948	1529.87	1478.9	215.0	12.29	9.22
PTHR32026	877.0	826.03	58.0	5.96	4.47
PTHR31829	1475.0	1424.03	5113.03	303.66	227.72
PTHR31419	2006.0	1904.06	78.0	6.74	5.05
PTHR14898	1157.18	1106.25	594.0	45.46	34.09
PTHR19241	45859.49	44585.39	28132.19	935.31	701.42
PTHR14894	2107.82	2005.88	431.0	35.41	26.56
PTHR15239	1893.48	1842.5	521.0	23.89	17.91
PTHR12497	2621.45	2519.51	860.0	49.73	37.28
PTHR12304	1333.0	1282.03	69.0	4.55	3.42
PTHR30540	4307.3	4256.33	504.0	9.98	7.48
PTHR30544	4535.39	4433.45	1829.0	87.03	65.26
PTHR13302	2546.0	2495.03	823.0	27.83	20.87
PTHR12472	1409.0	1307.06	139.0	20.49	15.37
PTHR13308	6456.94	6253.11	13115.85	595.79	446.79
PTHR12477	3980.43	3878.49	1804.0	71.63	53.72
PTHR13878	1952.65	1901.68	442.0	19.63	14.72
PTHR21461	3923.0	3770.09	511.0	33.56	25.17
PTHR13872	528.0	477.03	15829.01	2833.55	2124.94
PTHR22849	9795.93	9541.08	5616.02	156.43	117.31
PTHR21314	2202.0	2100.06	434.0	35.13	26.34
PTHR13271	21002.92	20238.36	5712.63	333.42	250.05
PTHR22841	5354.0	5150.12	2001.58	145.05	108.77
PTHR13273	1137.0	1086.03	1013.0	79.01	59.25
PTHR22847	28159.03	27088.82	11080.74	650.71	487.95
PTHR22846	2261.0	2210.03	839.0	32.05	24.03
PTHR22844	20298.16	19584.57	7414.92	374.02	280.47
PTHR23270	1319.0	1268.03	697.02	46.52	34.88
PTHR11601	7766.0	7562.12	3271.96	145.36	109.01
PTHR21266	4183.0	3979.12	1494.0	106.42	79.81
PTHR12271	6820.56	6667.65	3195.0	116.45	87.32
PTHR21262	3703.0	3652.03	1948.0	44.97	33.72
PTHR12276	2358.66	2205.75	1496.74	144.08	108.05
PTHR10657	1777.0	1675.06	705.0	86.01	64.51
PTHR10655	4844.52	4691.6	2813.03	117.28	87.95
PTHR10652	2258.54	2156.6	1017.12	73.29	54.97
PTHR17972	4494.0	4443.03	2644.0	50.15	37.61
PTHR10751	5649.0	5496.09	2943.32	102.29	76.71
PTHR21085	1517.0	1466.03	1864.0	107.52	80.63
PTHR11922	5195.89	4941.12	1268.0	117.77	88.33
PTHR11926	3107.25	2954.34	522.0	40.62	30.46
PTHR11431	1198.46	1147.49	4127.0	304.54	228.38
PTHR10430	2560.0	2407.09	891.79	100.58	75.42
PTHR10436	8856.5	8499.71	3697.9	174.56	130.9
PTHR10434	2546.0	2444.06	586.0	40.41	30.31
PTHR24096	6202.8	5998.92	16403.0	762.24	571.63
PTHR13693	5766.74	5613.83	2636.47	112.21	84.14
PTHR13691	3295.0	3142.09	26574.18	2090.76	1567.91
PTHR13451	6620.96	6417.08	943.36	43.54	32.65
PTHR13452	1024.0	973.03	652.86	56.88	42.65
PTHR10759	530.0	479.03	11371.85	2027.05	1520.14
PTHR12901	1851.0	1800.03	486.56	22.84	17.13
PTHR12903	2751.14	2700.17	3252.0	101.61	76.2
PTHR23237	1005.0	954.03	3250.0	288.83	216.6
PTHR10501	1495.76	1393.82	786.0	98.89	74.16
PTHR31169	6215.73	5960.87	2273.15	197.1	147.8
PTHR11426	1455.67	1353.73	162.0	25.67	19.25
PTHR14087	3340.0	3238.06	386.0	13.23	9.92
PTHR23309	3724.0	3622.06	2087.0	79.32	59.49
PTHR31344	3281.67	3230.69	2441.0	63.71	47.78
PTHR31619	2033.0	1982.03	2727.84	116.23	87.16
PTHR23306	1750.59	1648.64	545.0	56.03	42.01
PTHR23305	2996.0	2843.21	6774.45	417.81	313.32
PTHR14089	1137.0	1086.03	121.0	9.44	7.08
PTHR11748	5783.14	5528.31	1587.99	90.67	68.0
PTHR11214	4936.0	4783.09	2937.88	151.99	113.99
PTHR11216	3396.92	3244.04	970.0	63.03	47.26
PTHR14154	3560.1	3305.25	1179.0	129.18	96.87
PTHR14155	5170.75	5068.81	1511.01	61.67	46.25
PTHR14152	566.0	515.03	322.0	53.33	40.0
PTHR11699	11895.68	11487.91	7792.97	386.04	289.51
PTHR11692	2300.0	2249.03	2067.0	77.58	58.18
PTHR11693	1554.0	1503.03	7069.0	397.65	298.21
PTHR11695	12377.26	11918.53	9793.14	532.89	399.63
PTHR31760	490.0	439.03	208.0	40.5	30.38
PTHR31906	11034.25	10575.52	3136.01	267.16	200.34
PTHR21419	2246.0	2195.03	1039.0	39.96	29.97
PTHR23012	8792.62	8435.82	3550.23	238.62	178.96
PTHR11101	7106.2	6698.45	17110.59	1966.95	1475.05
PTHR11102	6139.48	5986.57	2499.42	132.73	99.54
PTHR11106	782.0	731.03	118.0	13.72	10.29
PTHR31585	1419.05	1368.08	1263.0	78.09	58.56
PTHR32125	1927.0	1825.06	763.0	93.13	69.84
PTHR31588	3973.0	3871.06	1226.0	55.11	41.33
PTHR32120	1371.0	1320.03	317.0	20.32	15.24
PTHR15680	1853.0	1751.06	321.0	31.98	23.98
PTHR11804	6436.26	6232.41	4132.2	140.31	105.21
PTHR11374	1705.0	1654.03	4256.06	217.46	163.08
PTHR10281	950.0	899.03	59.0	5.57	4.17
PTHR18895	553.0	502.03	360.0	61.19	45.89
PTHR12169	3904.89	3802.95	2654.0	126.64	94.98
PTHR12486	1557.4	1455.46	85.0	9.34	7.0
PTHR12480	3650.45	3497.54	472.0	30.46	22.84
PTHR12482	1336.06	1234.14	495.0	61.87	46.4
PTHR12317	2483.0	2381.06	1148.76	69.87	52.4
PTHR12649	1224.46	1173.49	1537.0	110.89	83.16
PTHR10099	4517.0	4466.03	8032.0	151.56	113.66
PTHR13992	2800.0	2749.03	644.0	19.76	14.82
PTHR12461	7487.84	7232.99	2586.0	141.0	105.75
PTHR12466	931.0	880.03	359.0	34.61	25.95
PTHR13847	12730.0	12271.28	5717.0	334.03	250.51
PTHR32251	4961.46	4808.55	3057.0	165.82	124.35
PTHR26312	3445.0	3292.09	1196.0	71.75	53.81
PTHR12000	1527.0	1476.03	1116.0	63.93	47.94
PTHR12001	3604.49	3502.55	6343.47	349.18	261.86
PTHR21327	3913.59	3811.65	3342.99	149.09	111.81
PTHR21631	3779.81	3677.87	7227.32	324.12	243.06
PTHR22854	5214.1	5061.19	3136.91	167.54	125.64
PTHR22855	6527.17	6323.29	5436.0	282.02	211.49
PTHR22850	12301.66	11893.9	8724.13	556.74	417.53
PTHR22504	2021.0	1970.03	2918.25	125.1	93.81
PTHR12189	1153.5	1102.53	258.0	19.82	14.86
PTHR21256	3581.58	3479.66	5939.06	243.24	182.41
PTHR12266	2971.0	2869.06	2401.0	153.01	114.74
PTHR10648	4130.18	4028.24	3182.0	133.61	100.2
PTHR10641	13106.44	12800.62	7139.03	218.48	163.85
PTHR10644	13350.71	13044.89	8666.16	263.21	197.39
PTHR12864	3924.85	3720.97	1120.0	98.63	73.96
PTHR12860	2905.0	2854.03	1265.0	37.39	28.04
PTHR13194	750.0	699.03	79.0	9.61	7.2
PTHR13190	938.22	887.25	1298.0	124.1	93.07
PTHR13193	501.0	450.03	121.0	22.98	17.23
PTHR11913	684.0	633.03	310.0	41.67	31.25
PTHR11911	7464.51	7260.63	22978.02	983.76	737.74
PTHR11910	1133.0	1082.03	4447.0	348.14	261.08
PTHR11918	6727.84	6473.06	2281.95	116.36	87.27
PTHR12919	779.0	728.03	1774.09	207.08	155.29
PTHR12910	1695.0	1593.06	1274.0	128.76	96.56
PTHR12917	6360.61	6156.73	1819.01	96.46	72.33
PTHR11351	2070.0	2019.03	5328.0	222.84	167.11
PTHR11353	10812.0	10404.24	11676.0	755.59	566.63
PTHR11599	13611.0	12948.39	14058.29	1180.99	885.63
PTHR10516	12383.37	11822.7	3519.0	318.25	238.65
PTHR11592	5170.24	4915.4	4405.02	358.41	268.79
PTHR31620	1587.0	1536.03	5785.11	318.4	238.78
PTHR23315	9014.75	8657.96	2754.02	113.47	85.09
PTHR23316	2252.0	2201.03	3728.48	143.0	107.24
PTHR11778	3103.0	3001.06	1539.95	84.5	63.37
PTHR11774	1201.0	1150.03	154.0	11.34	8.5
PTHR11773	3594.0	3543.03	926.0	22.03	16.52
PTHR11772	6608.0	6353.15	9365.76	373.06	279.77
PTHR10357	18579.62	18120.89	11397.21	404.71	303.5
PTHR10353	1671.4	1620.43	645.0	33.64	25.23
PTHR10350	4408.0	4357.03	1495.0	28.92	21.68
PTHR10351	3258.93	3156.99	6637.97	542.51	406.84
PTHR10359	5442.12	5238.24	1614.0	92.14	69.1
PTHR31750	2091.52	2040.55	486.0	20.11	15.08
PTHR23418	1527.0	1476.03	1017.61	58.3	43.72
PTHR14189	1696.22	1645.25	1326.0	68.11	51.08
PTHR31245	1570.0	1519.03	1746.0	97.18	72.88
PTHR23001	2070.0	2019.03	2569.8	107.48	80.6
PTHR23002	2091.0	1989.06	206.0	19.42	14.56
PTHR30178	3606.54	3453.62	2737.0	226.22	169.65
PTHR22904	17497.34	16783.75	5071.0	286.06	214.5
PTHR11177	24427.98	23561.49	37620.33	1939.94	1454.79
PTHR11178	1500.0	1449.03	1096.0	63.96	47.97
PTHR14456	1206.97	1105.03	193.08	29.73	22.29
PTHR31808	1560.0	1509.03	887.0	49.7	37.27
PTHR31803	4213.0	4060.09	3518.01	173.64	130.21
PTHR11009	2013.38	1911.44	479.0	42.48	31.86
PTHR19229	16919.69	16664.84	7290.52	110.74	83.03
PTHR11005	3480.07	3378.13	1636.0	90.4	67.79
PTHR11006	3882.85	3780.91	1431.0	64.66	48.49
PTHR18640	1921.0	1870.03	585.0	26.42	19.82
PTHR18866	20191.97	19733.23	16823.46	568.52	426.34
PTHR15588	2726.0	2624.06	2920.0	135.6	101.69
PTHR12677	7160.0	6956.12	2285.0	102.62	76.96
PTHR19134	2146.91	2095.94	4571.79	184.16	138.11
PTHR19139	7065.26	6810.41	1055.6	74.42	55.82
PTHR30566	7035.83	6831.96	2628.37	132.84	99.62
PTHR12459	1900.0	1849.03	458.0	20.92	15.69
PTHR12456	2183.43	2081.49	163.0	12.46	9.35
PTHR22931	6971.0	6869.06	7326.46	149.76	112.31
PTHR19359	8683.19	8377.37	5135.97	321.91	241.4
PTHR12072	3112.0	3010.06	540.0	27.17	20.38
PTHR13218	953.0	902.03	70.0	6.58	4.94
PTHR13215	1530.0	1428.06	182.0	22.18	16.63
PTHR13213	1511.31	1409.37	1777.98	207.25	155.42
PTHR12290	1975.37	1924.39	335.0	14.7	11.03
PTHR21530	6359.0	6104.15	1639.65	106.15	79.61
PTHR12295	4144.0	4093.03	812.0	16.72	12.54
PTHR12298	6919.62	6664.77	3802.0	172.77	129.57
PTHR10638	3195.1	3144.13	5590.99	149.96	112.46
PTHR10634	1401.0	1350.03	1451.0	90.92	68.19
PTHR10631	2586.64	2484.7	1110.0	60.14	45.11
PTHR10984	4139.0	3986.09	3567.0	227.81	170.84
PTHR13501	1768.0	1666.06	3902.0	432.0	323.97
PTHR13505	677.0	626.03	81.0	11.01	8.26
PTHR12850	449.0	398.04	28761.21	6186.83	4639.65
PTHR12856	678.0	627.03	93.0	12.62	9.47
PTHR12855	1721.0	1670.03	826.0	41.8	31.35
PTHR12854	2786.28	2684.34	1297.56	75.88	56.9
PTHR13182	620.0	569.03	308.0	46.12	34.58
PTHR10855	1808.0	1757.03	2021.35	97.2	72.89
PTHR10743	971.0	920.03	612.0	56.41	42.31
PTHR10742	19521.23	19011.52	6577.12	291.87	218.88
PTHR10745	2340.0	2289.03	3472.92	128.06	96.04
PTHR10744	1577.0	1475.06	32694.04	3048.89	2286.43
PTHR10746	3479.84	3377.9	6170.0	368.78	276.56
PTHR12924	776.0	725.03	2107.0	246.97	185.21
PTHR23308	5739.94	5485.09	2943.61	270.86	203.14
PTHR11349	1622.0	1520.06	4945.0	589.23	441.88
PTHR10566	20829.1	20268.45	11589.17	463.54	347.61
PTHR11588	3030.0	2877.09	21362.01	1158.27	868.61
PTHR10291	1100.0	1049.03	334.0	26.98	20.23
PTHR11584	8083.44	7879.56	1748.0	89.39	67.02
PTHR11586	1043.0	992.03	178.0	15.21	11.41
PTHR11909	6534.2	6330.32	9153.99	371.21	278.37
PTHR24320	11535.29	11127.52	2230.0	130.71	98.02
PTHR24322	19765.24	18949.72	8295.5	532.94	399.67
PTHR11907	2177.0	2126.03	2094.0	83.16	62.36
PTHR11760	1467.0	1365.06	37229.87	4018.83	3013.82
PTHR11761	1784.0	1682.06	18291.05	2612.31	1959.04
PTHR11766	1920.0	1818.06	305.0	28.72	21.54
PTHR11767	6307.77	6103.94	2016.08	83.15	62.36
PTHR10361	4901.49	4748.57	742.0	40.06	30.05
PTHR10366	14670.67	14059.07	27343.61	1716.23	1287.04
PTHR10169	3361.0	3310.03	907.0	23.11	17.33
PTHR10168	5464.41	5209.62	4390.02	229.46	172.08
PTHR20973	1823.27	1772.3	222.0	10.58	7.94
PTHR10165	1540.0	1489.03	962.0	54.63	40.97
PTHR31032	3027.0	2925.06	6297.0	360.83	270.59
PTHR23257	144670.04	140287.29	90228.83	3450.53	2587.61
PTHR23253	2218.0	2167.03	257.0	10.01	7.51
PTHR14190	2516.0	2465.03	895.0	30.64	22.98
PTHR14194	9589.88	9182.12	9877.01	696.03	521.97
PTHR31251	28448.26	27275.99	11802.9	731.31	548.41
PTHR23074	15898.55	15337.89	6732.43	491.09	368.29
PTHR23077	11348.34	10634.99	3006.58	265.01	198.7
PTHR23076	16756.7	16043.17	12537.38	790.56	592.87
PTHR12561	1517.0	1466.03	557.0	32.13	24.09
PTHR23073	7515.78	7108.02	9727.96	959.13	719.28
PTHR10293	3999.09	3795.21	2063.0	209.44	157.05
PTHR23078	1748.0	1646.06	724.0	74.67	56.0
PTHR11165	2277.0	2175.06	3963.01	308.02	230.99
PTHR10772	3729.83	3576.92	4819.18	342.97	257.21
PTHR32100	5352.0	5199.09	10739.73	573.77	430.28
PTHR14445	2181.0	2079.06	860.0	71.57	53.68
PTHR31811	2353.03	2251.09	192.0	13.19	9.89
PTHR23102	4062.43	3909.51	1714.0	102.43	76.81
PTHR23105	6008.53	5702.71	60235.43	5013.24	3759.54
PTHR11010	8006.23	7802.34	3145.97	137.33	102.99
PTHR11014	6050.67	5846.82	1281.74	58.91	44.17
PTHR12668	3919.0	3817.06	3734.0	147.43	110.56
PTHR12661	3303.0	3252.03	3248.0	84.22	63.16
PTHR12663	4212.5	4161.53	1366.52	27.68	20.75
PTHR12664	1350.67	1299.7	1895.73	123.42	92.55
PTHR16166	33468.56	32958.85	10130.88	240.76	180.56
PTHR12111	867.0	816.03	856.0	89.05	66.78
PTHR12447	602.0	551.03	8.0	1.24	0.93
PTHR15481	778.0	727.03	32.0	3.74	2.8
PTHR26379	2088.0	1986.06	3164.0	242.7	182.01
PTHR12599	1259.0	1208.03	3047.0	213.51	160.12
PTHR12596	3743.0	3692.03	1665.0	38.02	28.51
PTHR12590	894.09	843.12	186.0	18.72	14.04
PTHR12066	4358.85	4154.96	332.0	25.38	19.04
PTHR12064	3924.0	3771.09	4873.08	178.01	133.49
PTHR13226	1793.28	1691.33	228.0	20.77	15.57
PTHR13889	2988.0	2937.03	2598.0	74.61	55.95
PTHR13887	1074.0	1023.03	73.0	6.05	4.53
PTHR21181	670.0	619.03	291.0	40.01	30.01
PTHR12412	2566.0	2515.03	569.0	19.09	14.32
PTHR13948	2252.88	2150.94	397.04	31.13	23.35
PTHR12146	1020.0	918.23	11779.98	1507.47	1130.49
PTHR10458	3066.0	2964.06	1905.0	107.55	80.65
PTHR19306	9217.76	9064.85	1545.0	41.67	31.25
PTHR12280	4954.34	4801.43	2418.09	111.08	83.31
PTHR11451	7455.66	7251.78	8271.52	324.76	243.54
PTHR12286	3103.49	3001.55	575.0	26.63	19.97
PTHR12415	5717.37	5513.51	448.0	23.16	17.35
PTHR30573	2341.0	2290.03	1277.01	47.07	35.3
PTHR22983	1153.0	1102.03	193.0	14.83	11.12
PTHR22981	1255.0	1204.03	676.0	47.53	35.64
PTHR10947	2702.0	2600.07	1431.66	101.15	75.86
PTHR30191	3114.93	3063.96	17927.48	493.45	370.05
PTHR13082	761.0	710.03	150.0	17.96	13.47
PTHR10629	3752.0	3599.09	287.0	18.84	14.14
PTHR10994	12681.02	12273.26	4142.0	224.35	168.25
PTHR10996	7851.5	7545.67	3455.9	178.83	134.1
PTHR10625	11468.33	10958.66	4105.0	230.2	172.64
PTHR10992	38526.02	37149.84	15569.66	859.22	644.34
PTHR10993	1797.0	1695.06	456.26	59.02	44.27
PTHR17695	4754.71	4601.8	1384.0	71.64	53.73
PTHR12848	2610.0	2508.06	521.0	34.71	26.03
PTHR12849	1895.0	1793.06	391.0	36.99	27.74
PTHR21712	1060.43	1009.47	111.0	9.32	6.99
PTHR21294	2234.71	2183.74	1161.0	44.88	33.66
PTHR12841	938.0	887.03	96.0	9.18	6.89
PTHR21290	3992.0	3788.12	1600.0	139.07	104.3
PTHR21349	1582.0	1480.06	2092.0	252.39	189.28
PTHR21347	1985.28	1934.31	2244.0	97.98	73.48
PTHR21343	341.0	290.11	11.0	3.27	2.45
PTHR10196	7088.54	6884.66	938.0	45.38	34.02
PTHR10192	3011.0	2909.06	3918.0	167.73	125.79
PTHR10755	1310.72	1259.74	7033.83	472.51	354.35
PTHR10758	3134.6	3032.67	4703.07	293.61	220.17
PTHR13152	838.0	787.03	133.0	14.35	10.76
PTHR12932	6241.48	6037.67	6598.0	303.0	227.23
PTHR12934	1962.0	1860.06	2010.0	186.15	139.61
PTHR10288	11558.8	11252.96	22063.46	895.12	671.26
PTHR11800	1409.0	1358.03	2034.0	126.7	95.02
PTHR11802	14474.39	14117.59	17705.42	660.74	495.5
PTHR11807	2096.35	1994.41	395.0	31.82	23.86
PTHR11808	9332.0	9026.18	4825.24	215.71	161.76
PTHR10283	10897.0	10642.15	3111.0	111.6	83.7
PTHR10285	7679.53	7424.74	15929.02	774.76	581.01
PTHR10286	996.83	945.86	3114.0	279.15	209.34
PTHR11579	3033.25	2931.31	1499.0	85.69	64.26
PTHR13718	2679.0	2577.06	21018.0	1719.84	1289.74
PTHR13711	6479.0	6173.18	5806.13	656.5	492.32
PTHR13710	13645.47	13136.09	1231.0	69.7	52.26
PTHR11977	1412.36	1361.39	2821.87	175.34	131.49
PTHR11972	5726.99	5625.05	3903.95	129.05	96.78
PTHR31480	1230.0	1179.03	1188.0	85.31	63.97
PTHR31485	11087.04	10628.32	5826.4	343.15	257.34
PTHR11715	984.0	933.03	1869.26	169.89	127.4
PTHR11717	2192.0	2090.06	342.0	21.73	16.3
PTHR11711	9172.35	8815.57	11002.61	1016.07	761.98
PTHR11712	37158.25	35324.15	5488.0	194.84	146.11
PTHR10374	4260.01	4107.1	6144.56	256.98	192.72
PTHR10178	2932.25	2830.32	1498.08	101.57	76.17
PTHR11482	12029.27	11825.39	32570.85	912.29	684.15
PTHR10173	4638.78	4434.9	4185.0	304.34	228.23
PTHR10177	7482.12	7278.23	13158.0	609.77	457.28
PTHR10174	6255.76	6000.91	1933.0	133.22	99.92
PTHR23249	2136.86	2034.92	464.0	36.4	27.29
PTHR23244	13758.5	13299.82	3813.58	250.19	187.63
PTHR23245	487.59	436.64	189.0	37.01	27.75
PTHR23240	2103.41	2001.47	435.0	33.77	25.32
PTHR14614	12936.48	12477.74	1865.89	106.52	79.88
PTHR31268	2350.0	2248.09	1441.0	63.79	47.84
PTHR31262	1991.93	1839.07	44263.78	4097.96	3073.15
PTHR23063	2113.81	2011.87	728.0	69.79	52.34
PTHR11620	700.0	649.03	13934.0	1826.51	1369.74
PTHR11624	4458.0	4356.06	3223.72	165.06	123.77
PTHR11627	5164.74	4960.86	18100.12	1022.65	766.91
PTHR11390	4663.29	4561.35	1529.0	77.8	58.35
PTHR31319	4338.0	4236.06	6197.68	246.51	184.87
PTHR14052	1380.24	1329.27	699.0	44.49	33.36
PTHR32118	2364.0	2313.03	5319.17	194.1	145.56
PTHR23117	1839.87	1788.9	4549.0	214.83	161.11
PTHR23115	48134.4	46962.08	132723.98	6069.3	4551.51
PTHR11028	1556.0	1505.03	2262.0	127.07	95.3
PTHR11024	6904.0	6751.09	1806.95	81.18	60.87
PTHR10066	6616.48	6310.66	927.0	63.12	47.33
PTHR11777	3213.0	3162.03	7314.68	195.08	146.29
PTHR12616	2001.0	1950.03	657.0	28.45	21.34
PTHR12613	2775.0	2724.03	1613.01	49.95	37.46
PTHR12612	688.0	637.03	470.0	62.78	47.08
PTHR32060	3859.0	3757.06	2383.43	88.08	66.05
PTHR12126	3156.0	3054.06	2573.0	138.41	103.79
PTHR12436	7094.12	6890.23	2680.14	127.25	95.44
PTHR22734	1395.0	1344.03	930.0	58.54	43.9
PTHR12121	2209.0	2107.06	362.0	30.61	22.96
PTHR12438	1622.74	1571.77	217.0	11.67	8.75
PTHR15492	1834.0	1783.03	713.0	33.78	25.34
PTHR21426	2140.0	2089.03	193.02	7.8	5.85
PTHR21427	1217.0	1166.03	280.0	20.33	15.25
PTHR19372	1995.0	1944.03	816.0	35.45	26.58
PTHR19370	7657.84	7402.99	20974.48	698.3	523.68
PTHR19376	16955.57	16598.78	8315.8	235.68	176.73
PTHR19375	7162.1	6856.28	4334.26	457.43	343.03
PTHR12725	2278.63	2176.69	629.0	41.51	31.13
PTHR22884	12820.73	12565.88	4739.58	123.23	92.39
PTHR22880	9303.91	8947.12	6574.01	336.32	252.21
PTHR12542	2365.0	2314.03	239.0	8.72	6.54
PTHR12547	2022.0	1920.06	1427.0	84.6	63.44
PTHR12124	4730.0	4577.09	916.0	57.52	43.13
PTHR10114	516.0	465.03	14297.13	2626.29	1969.52
PTHR21512	2591.0	2540.03	359.0	11.93	8.94
PTHR30508	2042.0	1991.03	2865.05	121.52	91.13
PTHR30502	1077.36	1026.39	220.0	18.16	13.62
PTHR10961	2103.51	2001.57	6859.24	591.41	443.51
PTHR10617	8770.96	8465.15	11506.9	539.41	404.52
PTHR10615	2164.42	2062.48	2183.02	172.31	129.22
PTHR13527	4545.26	4494.29	13416.43	251.56	188.65
PTHR22958	7084.55	6931.64	11140.99	346.14	259.58
PTHR14534	2035.0	1984.03	706.0	30.05	22.54
PTHR22951	2380.0	2329.03	825.0	29.9	22.42
PTHR22950	47574.11	46350.81	39177.23	1352.04	1013.92
PTHR22953	9322.66	9067.8	10218.02	409.43	307.04
PTHR22952	5895.16	5640.31	2006.52	159.77	119.82
PTHR22957	11680.05	11272.33	4487.0	275.87	206.87
PTHR21600	1293.0	1242.03	1446.0	98.54	73.89
PTHR24056	14315.44	13856.74	15022.76	400.92	300.67
PTHR24054	1577.0	1526.03	1539.0	85.26	63.94
PTHR24055	11466.43	11109.63	9672.02	530.24	397.64
PTHR24058	4489.0	4285.12	2064.11	147.63	110.71
PTHR10766	3137.0	2984.09	3832.85	323.58	242.66
PTHR10762	3377.65	3224.74	979.0	74.99	56.23
PTHR30031	5806.0	5602.16	10995.08	389.58	292.17
PTHR12945	1366.0	1315.03	426.88	27.47	20.6
PTHR12944	2326.42	2275.45	223.0	8.27	6.2
PTHR24128	5089.49	4936.58	6033.98	248.31	186.2
PTHR12858	4377.0	4173.12	1386.0	115.9	86.92
PTHR32228	717.03	666.06	6.0	0.77	0.57
PTHR13096	3712.0	3610.06	730.0	34.26	25.7
PTHR11365	4863.3	4455.65	250.0	21.95	16.47
PTHR11361	18781.17	18016.8	2609.0	84.52	63.38
PTHR11814	20719.02	20311.3	11287.72	230.51	172.87
PTHR11363	1403.0	1352.03	38408.04	2403.18	1802.2
PTHR10543	8023.36	7819.48	1788.0	73.53	55.14
PTHR10540	2472.0	2370.06	2653.0	190.18	142.62
PTHR11562	6563.34	6359.46	7333.03	260.84	195.6
PTHR11566	16677.0	16320.21	15302.93	567.63	425.69
PTHR11567	2524.0	2422.06	1226.0	84.84	63.63
PTHR11564	6329.0	6176.09	4459.01	174.16	130.61
PTHR11962	2947.54	2845.6	1239.88	73.57	55.17
PTHR11963	1780.0	1729.03	947.96	46.33	34.74
PTHR10381	7170.48	6762.72	11345.12	1077.06	807.71
PTHR10383	2942.0	2840.06	3515.83	218.94	164.19
PTHR11705	1925.77	1823.83	906.0	73.31	54.97
PTHR11702	10251.0	9996.15	12352.03	400.44	300.29
PTHR11700	1446.0	1344.06	35573.85	5297.51	3972.72
PTHR10388	922.0	871.03	4700.01	457.82	343.33
PTHR11709	11308.19	11002.38	6664.13	259.09	194.29
PTHR10145	5912.0	5861.03	3163.02	45.46	34.09
PTHR23273	2704.0	2602.06	1932.0	85.83	64.37
PTHR12050	3465.92	3414.95	664.0	16.39	12.29
PTHR24305	923.0	872.03	73.0	7.1	5.33
PTHR23050	2427.0	2274.09	6640.35	717.78	538.28
PTHR23056	2353.0	2251.06	1143.0	90.18	67.62
PTHR23054	1819.0	1768.03	283.0	13.52	10.14
PTHR11638	10188.55	9882.73	26435.37	891.04	668.22
PTHR23291	2965.18	2863.24	5684.2	369.65	277.21
PTHR23293	4666.54	4513.63	4464.11	227.07	170.29
PTHR11141	3077.0	3026.03	1977.0	55.1	41.32
PTHR11142	5386.71	5233.8	1113.57	45.55	34.16
PTHR11143	905.0	854.03	29039.32	2885.42	2163.84
PTHR22748	5251.17	5047.29	776.0	52.57	39.42
PTHR11380	968.0	917.03	636.0	58.82	44.11
PTHR11384	2561.0	2459.06	333.0	23.56	17.66
PTHR32477	2209.0	2158.03	263.0	10.29	7.72
PTHR14043	1964.0	1862.06	555.0	50.65	37.99
PTHR32472	3126.9	3075.93	1000.0	27.42	20.56
PTHR31658	3477.0	3426.03	1103.02	27.15	20.36
PTHR13890	8496.42	8292.57	5908.2	244.33	183.24
PTHR14269	4154.83	3950.95	1153.0	87.13	65.35
PTHR22883	9934.79	9578.0	3155.01	175.28	131.46
PTHR23125	53368.93	51738.19	14258.56	664.68	498.46
PTHR19879	2398.0	2347.03	488.0	17.55	13.16
PTHR22881	3222.77	3120.83	1667.0	89.95	67.45
PTHR14136	2972.0	2819.09	966.0	89.22	66.9
PTHR19876	6995.0	6893.06	7077.96	178.08	133.55
PTHR12608	4949.16	4745.28	2623.0	161.43	121.05
PTHR12604	2268.0	2217.03	340.0	12.95	9.71
PTHR12603	2815.0	2713.06	1891.0	121.97	91.47
PTHR32091	2697.85	2595.9	5772.04	383.25	287.41
PTHR32098	4258.91	4055.03	558.0	52.22	39.17
PTHR18763	1639.0	1537.06	696.0	76.49	57.36
PTHR22726	2325.12	2223.18	416.0	25.27	18.95
PTHR22727	19333.25	18772.72	6226.2	327.27	245.43
PTHR12428	3537.6	3435.66	3305.0	152.43	114.31
PTHR18968	8076.74	7821.91	26512.99	944.07	707.98
PTHR12730	3614.0	3512.06	2491.01	120.37	90.27
PTHR12506	827.0	776.03	57.0	6.24	4.68
PTHR12735	1840.0	1738.06	1005.0	88.82	66.62
PTHR15020	3832.0	3730.06	3024.0	191.28	143.44
PTHR12558	2711.95	2610.01	746.0	41.01	30.75
PTHR12553	1670.0	1568.06	320.0	26.77	20.07
PTHR12049	2436.0	2334.06	229.0	17.24	12.93
PTHR10497	933.0	831.1	20345.01	3383.12	2537.08
PTHR24073	4685.88	4431.03	4111.0	364.29	273.2
PTHR21569	702.0	651.03	20041.36	2618.93	1963.99
PTHR21567	1313.0	1262.03	1342.0	89.99	67.49
PTHR13950	1190.0	1139.03	342.0	25.43	19.07
PTHR12133	1616.56	1565.59	101.0	5.45	4.09
PTHR10972	6436.89	6283.98	2699.0	127.49	95.6
PTHR10606	4035.43	3984.46	2354.0	49.8	37.34
PTHR10971	1329.0	1278.03	288.0	19.07	14.3
PTHR13743	7955.0	7751.12	1087.0	52.62	39.46
PTHR12302	3704.0	3653.03	6371.14	147.03	110.26
PTHR22942	10128.53	9618.97	2500.03	132.42	99.3
PTHR13395	2558.0	2456.06	349.0	23.42	17.56
PTHR13803	6111.24	5958.39	2891.28	71.24	53.41
PTHR21368	1246.0	1144.09	2783.95	320.14	240.08
PTHR24067	16915.78	16151.23	15125.91	1163.85	872.83
PTHR24064	11192.97	10836.18	12155.73	773.41	579.99
PTHR24063	28392.15	27475.05	102084.73	3485.03	2613.51
PTHR21011	1531.0	1429.06	1747.0	208.56	156.41
PTHR10774	14546.17	14036.54	3985.46	293.55	220.13
PTHR24068	3025.0	2872.09	2011.95	234.98	176.22
PTHR19980	2076.0	1974.06	141.0	13.11	9.84
PTHR12959	3628.66	3526.72	238.0	13.27	9.95
PTHR24115	30168.31	29149.01	28920.29	776.23	582.1
PTHR11825	9388.24	9031.45	5826.37	300.12	225.06
PTHR10809	1619.0	1517.06	1251.02	115.66	86.74
PTHR11822	1701.0	1650.03	5468.01	280.07	210.03
PTHR10555	4440.18	4338.23	5086.01	168.45	126.32
PTHR10806	859.0	808.03	550.0	57.79	43.34
PTHR10804	9473.97	9219.12	8966.28	483.62	362.68
PTHR11556	3811.0	3658.11	8297.05	454.89	341.14
PTHR11558	1457.0	1406.03	1330.0	80.0	60.0
PTHR13773	3511.99	3410.05	1901.98	96.69	72.51
PTHR10537	1403.0	1352.03	244.0	15.27	11.45
PTHR11953	2119.0	2017.06	683.0	57.69	43.26
PTHR11952	1761.0	1659.06	1225.0	123.42	92.56
PTHR11956	2198.0	2147.03	2156.0	84.78	63.58
PTHR11959	4172.32	4121.34	4654.24	95.18	71.38
PTHR11739	2018.19	1967.22	4507.0	193.48	145.1
PTHR11732	17984.05	17321.52	8489.53	537.9	403.37
PTHR11731	7684.17	7531.26	1687.6	57.42	43.06
PTHR11730	3411.33	3258.44	1216.68	103.78	77.83
PTHR11735	3089.69	2936.78	696.95	53.88	40.4
PTHR10394	790.0	739.03	25313.21	2910.28	2182.48
PTHR20941	2196.76	2094.85	630.0	41.4	31.05
PTHR10150	2856.54	2754.64	570.98	34.3	25.71
PTHR31065	3111.42	3009.48	3725.0	177.03	132.76
PTHR10159	8099.0	7844.15	5863.0	289.55	217.15
PTHR31066	1295.0	1244.03	672.0	45.72	34.29
PTHR13604	1022.0	920.06	57.0	10.95	8.22
PTHR23264	3449.32	3296.41	1105.0	83.19	62.37
PTHR23269	2111.0	2060.03	705.0	28.9	21.67
PTHR31204	1720.0	1669.03	462.0	23.39	17.54
PTHR31201	1685.0	1634.03	975.0	50.43	37.82
PTHR31209	1301.0	1250.03	160.0	10.83	8.12
PTHR11607	3948.0	3846.06	1185.0	53.18	39.88
PTHR11606	4849.62	4696.71	4105.97	172.38	129.28
PTHR23284	1569.18	1518.21	397.0	22.11	16.58
PTHR24316	4355.0	4202.09	5625.76	330.34	247.73
PTHR32467	10552.81	10043.13	3639.0	235.28	176.45
PTHR14255	6597.0	6342.15	1264.0	82.45	61.83
PTHR31840	762.07	711.12	112.0	13.39	10.04
PTHR23130	4459.0	4357.06	4273.92	130.03	97.51
PTHR23133	1077.0	1026.03	847.0	69.95	52.46
PTHR23135	1359.88	1308.91	1418.34	91.67	68.74
PTHR23138	2479.0	2377.06	2753.99	230.71	173.02
PTHR23139	7845.3	7539.49	8098.4	512.12	384.04
PTHR31682	1259.0	1208.03	2901.0	203.28	152.45
PTHR11040	2671.0	2518.09	652.24	68.95	51.71
PTHR11043	835.0	784.03	635.0	68.78	51.58
PTHR11042	6740.43	6536.55	3112.0	227.45	170.56
PTHR11048	13192.43	12886.61	5789.72	211.69	158.75
PTHR15818	1985.0	1934.03	707.0	30.87	23.15
PTHR12636	1194.0	1143.03	636.98	47.19	35.39
PTHR31606	1282.0	1231.03	714.0	49.09	36.82
PTHR14490	2875.33	2722.42	1467.07	107.7	80.77
PTHR14493	9595.33	9289.51	9109.47	415.51	311.6
PTHR15651	2177.0	2126.03	406.0	16.12	12.09
PTHR12380	3363.0	3210.09	2161.03	168.6	126.44
PTHR12385	2845.0	2743.06	14166.43	627.76	470.77
PTHR12706	15119.43	14762.64	1563.0	55.75	41.8
PTHR12709	1942.7	1840.76	1304.99	133.51	100.12
PTHR19957	6483.01	6279.15	4651.0	253.1	189.8
PTHR30239	1763.0	1712.03	3242.05	160.01	120.0
PTHR12560	3392.0	3290.06	2842.0	147.74	110.8
PTHR11203	5141.33	4988.43	1649.0	66.99	50.23
PTHR12770	5934.04	5679.27	550.0	47.85	35.88
PTHR12097	7251.0	7149.06	8750.03	200.53	150.38
PTHR19842	2635.0	2584.03	840.89	27.46	20.59
PTHR11200	8091.79	7989.85	2631.06	55.92	41.93
PTHR21576	1511.86	1409.93	145.0	15.14	11.35
PTHR24193	13410.37	12849.7	7496.12	501.22	375.88
PTHR12419	4975.38	4720.53	2227.99	195.65	146.73
PTHR23338	3031.0	2878.09	1922.0	210.48	157.84
PTHR30525	1631.0	1580.03	574.89	30.76	23.06
PTHR12413	1972.39	1870.45	265.0	21.57	16.17
PTHR12411	14940.38	14175.91	12821.22	619.27	464.38
PTHR23339	3761.73	3659.79	588.0	35.46	26.6
PTHR21717	5496.58	5343.67	3611.36	112.93	84.68
PTHR10943	3910.0	3808.06	3659.0	145.5	109.12
PTHR12897	3002.0	2951.03	1180.0	33.73	25.29
PTHR12894	6310.0	5953.24	510.01	54.24	40.68
PTHR12891	1205.0	1154.03	153.0	11.23	8.42
PTHR22976	4671.0	4467.19	7524.97	317.64	238.2
PTHR22975	2978.94	2826.24	725.0	46.77	35.07
PTHR22970	2668.0	2617.03	284.0	9.16	6.87
PTHR21377	1983.0	1881.06	988.83	86.4	64.79
PTHR21371	2074.0	2023.03	15783.41	658.81	494.06
PTHR21373	2449.0	2347.06	467.0	33.87	25.4
PTHR22573	10676.67	10421.81	6919.05	278.89	209.14
PTHR22572	7272.0	7017.15	7505.66	512.58	384.4
PTHR21000	2063.0	2012.03	3260.9	136.86	102.63
PTHR10701	613.0	562.03	466.34	70.71	53.02
PTHR13161	914.0	812.17	231.0	44.86	33.64
PTHR13165	2549.46	2447.51	1334.01	92.04	69.03
PTHR21396	1273.0	1171.06	962.0	137.35	103.01
PTHR12965	2147.76	2045.98	677.0	51.31	38.48
PTHR10681	6973.45	6565.69	3064.0	217.54	163.14
PTHR24106	9105.96	8749.17	3394.0	207.74	155.79
PTHR24103	2839.0	2686.09	300.0	25.94	19.45
PTHR10683	1632.0	1581.03	2945.0	157.45	118.08
PTHR11540	2369.0	2165.25	2073.0	277.6	208.17
PTHR10836	2311.0	2158.26	16905.01	1191.91	893.84
PTHR10835	2404.0	2353.03	1298.04	46.56	34.92
PTHR11545	927.0	876.03	24766.86	2398.6	1798.76
PTHR10012	1524.0	1473.03	574.0	32.95	24.71
PTHR13768	2607.0	2505.06	1724.14	119.18	89.37
PTHR24078	11447.0	11039.4	3519.89	190.28	142.7
PTHR11946	14822.0	14516.18	24591.87	665.02	498.71
PTHR11947	4636.18	4534.23	6276.99	241.29	180.95
PTHR11941	9787.75	9431.03	2126.89	117.78	88.32
PTHR24072	1597.0	1546.03	615.0	33.63	25.22
PTHR10496	512.0	461.03	15659.97	2901.95	2176.24
PTHR10491	2786.49	2684.55	606.0	36.76	27.57
PTHR24076	12268.36	11656.89	4417.36	284.16	213.11
PTHR24077	14606.95	13893.6	24913.47	834.38	625.72
PTHR11728	3894.0	3792.06	4192.0	224.93	168.68
PTHR11726	842.0	791.03	34484.89	3701.83	2776.08
PTHR11727	551.0	500.03	109.0	18.6	13.95
PTHR11721	648.0	597.03	24227.66	3455.59	2591.43
PTHR11722	794.0	743.03	17675.98	2021.18	1515.73
PTHR10120	4073.08	3971.14	1337.0	53.05	39.79
PTHR10122	1136.0	1085.03	4329.0	337.96	253.45
PTHR11831	2383.0	2230.09	21839.87	2335.73	1751.62
PTHR11835	1802.0	1751.03	2362.0	113.97	85.47
PTHR11614	5059.46	4957.52	4312.97	133.46	100.09
PTHR11615	9976.62	9517.94	12883.99	561.97	421.44
PTHR11618	3847.0	3694.09	1646.06	114.7	86.01
PTHR14140	2692.0	2641.03	1027.0	32.81	24.6
PTHR32419	1300.88	1249.91	340.0	23.02	17.26
PTHR10231	5621.0	5468.09	1569.0	78.02	58.52
PTHR10233	9058.0	8803.15	3753.93	199.28	149.45
PTHR31503	4387.72	4234.81	2620.0	124.82	93.61
PTHR23147	606.76	555.79	278.0	42.63	31.97
PTHR23140	2080.0	2029.03	355.0	14.77	11.08
PTHR23142	1020.0	969.03	250.0	21.87	16.4
PTHR23149	1869.0	1818.03	2620.08	121.75	91.3
PTHR23148	864.39	813.42	271.0	28.28	21.21
PTHR11817	11835.0	11529.18	8232.75	334.31	250.7
PTHR11056	2075.83	2024.86	2110.85	88.03	66.01
PTHR11055	4344.74	4191.82	8214.05	459.52	344.61
PTHR32523	2419.7	2317.75	968.0	63.08	47.3
PTHR31695	2917.0	2866.03	1773.0	52.18	39.13
PTHR11819	329.0	278.13	13.0	4.03	3.02
PTHR10544	507.0	456.03	7268.76	1361.95	1021.36
PTHR12629	2619.64	2568.67	2938.01	96.51	72.37
PTHR19316	1500.0	1449.03	289.0	16.87	12.65
PTHR18945	6465.0	6312.09	1665.91	69.97	52.47
PTHR26402	9656.0	9401.15	16704.5	612.23	459.11
PTHR19384	6575.0	6422.09	732.0	28.72	21.54
PTHR12714	5216.16	5012.28	2853.02	132.12	99.09
PTHR12570	4707.13	4554.21	1204.01	63.79	47.83
PTHR21494	2475.0	2424.03	354.0	12.32	9.24
PTHR21145	1244.77	1193.79	731.0	51.84	38.87
PTHR21496	4795.0	4540.3	1744.0	130.34	97.75
PTHR21493	32235.43	31318.0	13997.18	672.12	504.04
PTHR21499	9406.64	9253.73	11671.01	314.42	235.79
PTHR21148	3763.01	3610.1	994.0	79.66	59.74
PTHR12083	3651.56	3498.65	1016.93	68.29	51.21
PTHR19854	3891.0	3738.09	1960.73	83.92	62.95
PTHR13976	1590.0	1488.06	163.87	19.39	14.54
PTHR19852	2220.0	2169.03	1297.05	50.48	37.86
PTHR16128	3608.78	3404.91	370.0	27.18	20.39
PTHR12400	1504.84	1453.87	927.0	53.92	40.43
PTHR19853	3074.0	3023.03	1207.0	33.67	25.25
PTHR30314	1812.0	1761.03	5791.59	277.86	208.38
PTHR12882	706.0	655.03	317.0	41.17	30.87
PTHR12883	1422.0	1371.03	460.0	28.38	21.28
PTHR16255	7430.1	7277.19	4421.16	168.34	126.25
PTHR16254	8728.56	8524.68	4481.68	187.16	140.35
PTHR22960	679.53	628.56	180.0	24.37	18.28
PTHR13373	2177.0	2126.03	196.0	7.78	5.84
PTHR13375	1121.0	1070.03	363.0	28.74	21.55
PTHR22967	5238.0	5085.09	4369.03	144.71	108.53
PTHR19858	4928.54	4826.6	1822.01	62.92	47.18
PTHR30222	2475.38	2424.41	364.0	12.67	9.5
PTHR13115	2036.51	1985.54	1626.66	69.18	51.88
PTHR13117	1603.0	1552.03	121.0	6.59	4.94
PTHR13285	2266.73	2215.76	438.0	16.69	12.51
PTHR13288	1360.0	1309.03	234.0	15.12	11.34
PTHR10953	15409.52	14950.78	5766.0	223.79	167.84
PTHR10954	1102.0	1051.03	90.0	7.26	5.44
PTHR21726	531.0	480.03	25.0	4.45	3.33
PTHR10956	873.97	772.1	23351.03	4234.98	3175.91
PTHR11538	1829.0	1778.03	872.0	41.43	31.07
PTHR10826	902.0	851.03	1056.0	105.3	78.97
PTHR11533	14205.1	14001.22	6342.41	148.76	111.56
PTHR11532	1954.0	1903.03	3062.99	135.94	101.95
PTHR10000	4240.71	4087.81	1729.29	110.96	83.22
PTHR13021	1320.0	1269.03	649.0	43.28	32.46
PTHR24006	21090.85	20224.44	9823.26	572.9	429.62
PTHR24003	25798.62	25186.97	132562.42	3269.83	2452.13
PTHR31446	2319.0	2217.06	1051.0	79.18	59.38
PTHR31190	2660.82	2558.88	4041.0	189.36	142.0
PTHR11441	1428.0	1377.03	506.0	31.08	23.31
PTHR11440	5148.14	4944.26	371.0	23.36	17.51
PTHR11999	7978.79	7774.91	6003.01	265.42	199.04
PTHR11998	6656.38	6452.5	4972.0	312.63	234.45
PTHR11449	475.0	424.03	30395.4	6131.49	4598.15
PTHR11994	1353.0	1251.06	25421.44	3193.22	2394.67
PTHR10133	10833.29	10578.44	12910.99	361.0	270.73
PTHR13620	5367.0	5112.15	3936.0	206.54	154.88
PTHR11847	739.0	688.03	20358.34	2515.86	1886.7
PTHR11843	848.0	797.03	27460.7	2925.42	2193.84
PTHR11661	1816.0	1714.06	29243.32	4040.89	3030.35
PTHR11662	23712.02	22998.44	11416.05	449.96	337.43
PTHR11669	3329.57	3227.63	1222.0	63.74	47.8
PTHR11668	15339.75	14881.01	16603.51	843.06	632.24
PTHR20856	12013.0	11758.15	6928.78	151.17	113.36
PTHR20854	3990.98	3838.07	966.0	63.16	47.35
PTHR20855	7271.89	7068.23	2603.99	122.23	91.66
PTHR20852	2918.0	2765.12	15291.14	927.87	695.83
PTHR32404	1372.93	1321.96	413.0	26.43	19.82
PTHR20858	6015.56	5862.65	2842.0	93.44	70.07
PTHR14237	7419.09	7113.28	15575.88	629.05	471.74
PTHR10739	4083.0	3981.06	4895.0	239.61	179.69
PTHR23155	59560.95	57624.31	17224.29	856.27	642.14
PTHR23153	2067.01	1965.07	814.0	88.7	66.52
PTHR23151	7085.0	6575.42	5858.0	615.08	461.24
PTHR11063	4765.14	4663.2	10463.69	334.51	250.85
PTHR11062	10498.78	10192.96	4060.62	176.87	132.64
PTHR11061	4513.4	4309.51	1395.0	100.37	75.28
PTHR11065	5942.01	5789.1	4555.29	208.23	156.16
PTHR11064	3544.5	3391.59	1323.0	82.42	61.81
PTHR11260	9418.03	9112.21	1830.0	109.5	82.1
PTHR11264	1164.96	1113.98	280.0	21.29	15.96
PTHR11266	7310.0	7004.18	6604.0	500.22	375.11
PTHR31998	2950.2	2899.23	1007.0	29.3	21.97
PTHR15838	689.0	638.03	178.0	23.74	17.8
PTHR32338	2603.42	2552.45	1158.0	38.28	28.71
PTHR31407	5301.0	5097.12	1378.01	93.01	69.75
PTHR12363	7131.48	6978.56	1594.73	42.06	31.54
PTHR18952	3246.0	3144.06	964.0	48.22	36.16
PTHR12765	1971.69	1869.75	861.0	78.38	58.77
PTHR12505	1459.54	1408.57	283.0	16.99	12.74
PTHR22604	3100.11	2998.16	1352.1	75.24	56.42
PTHR21481	1507.0	1456.03	397.0	23.06	17.29
PTHR22778	2098.15	1996.22	276.0	24.81	18.6
PTHR19446	6208.89	5954.09	789.99	40.6	30.43
PTHR12219	1040.0	989.03	2166.96	185.71	139.27
PTHR13561	5878.88	5725.97	1257.6	34.96	26.21
PTHR13563	1926.74	1824.79	363.12	34.16	25.61
PTHR12210	1718.36	1616.42	667.0	59.52	44.64
PTHR12215	2011.0	1909.06	341.0	33.51	25.12
PTHR12214	1137.16	1086.19	275.0	21.45	16.08
PTHR22915	11908.16	11500.4	9102.98	534.26	400.66
PTHR22911	7885.28	7579.46	621.0	39.22	29.41
PTHR22912	8672.44	8417.59	11104.96	577.72	433.25
PTHR12183	1434.0	1383.03	180.0	11.01	8.26
PTHR19849	2561.0	2510.03	310.0	10.42	7.82
PTHR31783	5651.0	5549.06	1093.03	36.37	27.27
PTHR22594	4683.0	4581.06	3947.0	148.59	111.43
PTHR11864	3249.0	3147.06	779.99	40.17	30.12
PTHR21152	4776.33	4674.39	7298.84	242.97	182.21
PTHR21021	1198.0	1096.06	123.0	20.37	15.27
PTHR30075	3602.0	3551.03	872.0	20.7	15.53
PTHR11632	2688.67	2637.7	6615.5	211.6	158.69
PTHR13102	2365.0	2314.03	1094.0	39.9	29.92
PTHR12984	1992.0	1941.03	496.0	21.58	16.18
PTHR11630	10162.82	9857.0	8910.14	451.83	338.84
PTHR11140	7459.0	7357.06	12642.0	240.35	180.24
PTHR13299	1518.0	1416.06	272.0	33.02	24.76
PTHR12652	3847.33	3745.39	6308.12	336.62	252.44
PTHR10925	3417.0	3366.03	3929.64	98.44	73.82
PTHR21737	3359.08	3206.17	1170.14	93.41	70.06
PTHR10920	6170.96	6018.05	4076.8	207.74	155.78
PTHR10585	2375.0	2273.06	3829.0	262.43	196.81
PTHR10584	21570.51	21009.84	8237.22	293.59	220.17
PTHR11528	5578.0	5425.09	7684.34	272.01	203.98
PTHR11527	4156.0	3952.17	3076.64	225.35	169.0
PTHR11525	1497.0	1395.06	613.0	74.7	56.02
PTHR10859	818.0	767.03	311.0	34.44	25.83
PTHR10589	4392.31	4290.37	2691.0	81.82	61.36
PTHR10588	2949.0	2796.09	1071.0	77.9	58.42
PTHR13038	2182.53	2131.56	422.0	16.71	12.53
PTHR13748	11677.84	11270.06	12523.92	675.28	506.4
PTHR11223	8309.39	8156.48	5683.96	148.09	111.06
PTHR23109	936.0	885.03	236.0	22.62	16.96
PTHR24015	41580.05	40407.74	27225.61	1085.51	814.04
PTHR24012	16890.87	16075.42	22794.03	1764.15	1322.95
PTHR24011	30662.92	29439.66	42757.14	2860.6	2145.21
PTHR31187	5046.67	4944.73	7838.58	285.4	214.04
PTHR10548	1536.23	1485.26	1718.0	97.8	73.35
PTHR10459	12015.4	11709.57	3626.38	130.54	97.89
PTHR11453	5291.23	5138.32	1889.06	84.09	63.06
PTHR10108	38956.45	37427.42	11709.38	765.35	573.97
PTHR11986	9437.0	9080.21	12147.01	621.94	466.4
PTHR11455	7602.12	7245.34	1191.0	87.1	65.32
PTHR10102	3623.0	3572.03	2748.0	64.86	48.64
PTHR11458	1544.0	1493.03	2405.0	136.2	102.14
PTHR10106	1780.0	1729.03	1091.0	53.32	39.98
PTHR31057	2692.0	2590.06	255.0	16.58	12.44
PTHR21141	2761.01	2608.1	63316.66	7997.8	5997.73
PTHR11851	15584.0	15176.26	10012.08	475.25	356.42
PTHR23092	1348.0	1297.03	92.0	6.0	4.5
PTHR23091	14787.56	14073.98	4617.0	323.61	242.69
PTHR11673	941.0	890.03	13400.67	1277.24	957.83
PTHR11670	4122.0	4020.06	10620.31	401.11	300.8
PTHR11671	1243.0	1192.03	1078.1	76.57	57.42
PTHR20863	2924.0	2720.13	7495.73	735.0	551.2
PTHR20861	1538.0	1487.03	965.0	54.87	41.15
PTHR11679	2571.7	2520.73	799.98	26.78	20.08
PTHR14009	3110.0	3059.03	4366.05	120.37	90.27
PTHR10217	6284.0	6080.12	520.0	15.78	11.84
PTHR14005	4695.0	4644.03	5653.2	102.58	76.92
PTHR10210	3855.14	3753.2	4509.41	203.49	152.6
PTHR31522	1791.0	1740.03	675.0	32.78	24.58
PTHR14221	1800.0	1749.03	953.0	46.04	34.52
PTHR23163	858.0	807.03	387.0	40.71	30.53
PTHR11079	6062.73	5807.88	7155.0	390.19	292.62
PTHR11076	12029.0	11366.4	810.0	70.96	53.21
PTHR11070	3890.15	3788.21	280.0	10.74	8.06
PTHR11071	18955.89	18089.44	8312.29	874.08	655.49
PTHR11278	803.0	752.03	18001.98	2033.59	1525.04
PTHR11276	1021.0	970.03	9.0	0.79	0.59
PTHR11274	2912.0	2810.06	3155.0	182.18	136.62
PTHR31984	4712.13	4559.21	3441.97	155.75	116.81
PTHR16201	2663.07	2612.1	695.0	22.45	16.83
PTHR15350	3448.0	3346.06	3222.81	164.69	123.51
PTHR15606	3170.05	3068.11	549.0	29.96	22.47
PTHR12374	2029.0	1927.07	362.0	31.17	23.38
PTHR12375	1053.0	1002.03	344.0	29.1	21.82
PTHR12378	2068.0	1966.06	251.0	21.35	16.01
PTHR20961	18402.86	17842.19	5260.03	236.69	177.5
PTHR18929	13671.19	13059.56	14839.56	875.25	656.34
PTHR30535	1103.0	1052.03	98.0	7.89	5.92
PTHR12777	681.0	630.03	1468.58	198.37	148.77
PTHR12775	1424.0	1373.03	829.0	51.07	38.3
PTHR20981	628.0	577.03	20458.99	3020.39	2265.06
PTHR16092	2095.61	1993.67	280.0	23.25	17.43
PTHR12406	6239.76	5984.92	4693.03	305.64	229.21
PTHR19211	14616.58	14106.94	160139.52	4753.53	3564.77
PTHR22298	11234.19	10979.33	3414.9	110.33	82.74
PTHR12174	5683.0	5530.09	2448.0	109.17	81.87
PTHR12175	2189.74	2087.79	1100.87	88.87	66.65
PTHR12176	3172.0	3070.06	163.0	9.13	6.84
PTHR22769	6482.6	6227.74	2175.39	155.21	116.4
PTHR22767	3786.49	3633.58	1047.0	86.24	64.68
PTHR22765	2065.84	1963.9	1478.0	127.28	95.46
PTHR22762	10883.46	10628.61	3709.93	130.07	97.53
PTHR22763	2674.0	2572.06	651.0	39.55	29.66
PTHR22761	4199.0	3995.13	3995.0	265.92	199.43
PTHR21231	4831.0	4678.09	1819.0	124.04	93.01
PTHR21230	1416.38	1365.4	469.0	29.05	21.79
PTHR21234	1646.0	1595.03	769.0	40.75	30.56
PTHR21237	1050.0	999.03	480.0	40.72	30.54
PTHR12202	2152.0	2050.06	1744.0	137.67	103.25
PTHR12203	12528.2	12222.38	2396.0	83.74	62.8
PTHR19857	1466.0	1415.03	1064.0	63.59	47.69
PTHR13355	1599.0	1548.03	240.0	13.11	9.83
PTHR19855	3948.0	3846.06	968.0	49.44	37.07
PTHR13353	3113.2	3011.26	343.0	20.79	15.59
PTHR12197	10853.33	10241.78	4211.91	229.86	172.37
PTHR13822	1125.0	1074.03	3291.07	259.58	194.67
PTHR21649	11143.01	10429.58	190463.75	18127.06	13593.88
PTHR32442	1366.0	1315.03	293.0	18.85	14.14
PTHR13138	2294.0	2192.06	506.0	42.2	31.65
PTHR10732	689.0	638.03	13692.42	1826.12	1369.45
PTHR10738	4034.0	3983.03	1452.0	30.73	23.04
PTHR12992	1244.0	1193.03	107.0	7.59	5.69
PTHR22838	4803.37	4599.49	1240.0	84.71	63.52
PTHR22836	2230.0	2179.03	332.0	12.86	9.65
PTHR10693	411.0	360.05	51.0	12.15	9.11
PTHR32379	1365.0	1314.03	494.0	31.81	23.85
PTHR10938	2616.0	2514.06	2038.0	140.44	105.31
PTHR10934	861.0	810.03	18142.61	1901.47	1425.95
PTHR11510	2196.0	2145.03	10488.35	412.8	309.57
PTHR11516	5376.0	5223.09	6807.55	363.83	272.84
PTHR10025	2751.0	2598.09	1941.0	118.29	88.71
PTHR10026	6300.25	5994.43	1632.0	121.75	91.3
PTHR10027	2390.0	2339.03	252.0	9.09	6.82
PTHR13009	3688.56	3484.69	422.0	42.51	31.89
PTHR13007	1814.08	1763.11	1076.0	51.56	38.67
PTHR30115	937.0	886.03	1378.0	131.94	98.94
PTHR11863	3121.0	2968.09	1785.0	121.69	91.26
PTHR17901	798.0	747.03	161.0	18.31	13.73
PTHR24351	6962.98	6708.14	8368.73	551.51	413.6
PTHR20982	1290.0	1239.03	492.0	33.61	25.2
PTHR24352	3454.68	3352.74	1176.0	53.47	40.09
PTHR11467	602.0	551.03	1497.59	231.65	173.72
PTHR10119	2365.0	2314.03	2066.08	75.36	56.51
PTHR10343	3532.0	3481.03	1936.0	46.89	35.16
PTHR10110	6756.31	6552.42	1325.0	68.11	51.09
PTHR11469	2667.37	2616.4	2440.0	78.68	59.01
PTHR10445	1222.0	1171.03	298.28	21.57	16.17
PTHR10598	993.0	942.03	89.0	8.01	6.01
PTHR24286	4296.24	4143.33	4610.1	288.06	216.02
PTHR23429	1988.0	1937.03	430.0	18.75	14.06
PTHR23426	2107.39	2005.45	3098.0	263.74	197.79
PTHR10593	3263.0	3161.06	4569.91	240.62	180.45
