GeneFamily	length	effective_length	expected_count	TPM	FPKM
PTHR11649	13855.21	13441.27	4920.14	212.49	175.07
PTHR31089	1097.14	1055.74	96.0	6.46	5.32
PTHR31085	2812.16	2770.76	2554.0	65.17	53.69
PTHR11647	6023.54	5940.74	1376.98	31.79	26.19
PTHR11645	970.38	928.98	116.0	8.88	7.31
PTHR11880	854.0	812.6	24294.27	2127.37	1752.74
PTHR11885	727.0	685.6	45626.82	4743.16	3907.88
PTHR10209	7031.0	6824.01	1736.0	82.82	68.22
PTHR32429	3447.0	3322.81	5466.83	235.14	193.73
PTHR12403	840.0	798.6	347.0	30.92	25.48
PTHR31423	1110.0	1068.6	100.0	6.64	5.47
PTHR31551	765.8	724.41	485.0	47.69	39.29
PTHR32195	2556.92	2474.12	858.0	33.8	27.86
PTHR11081	8781.0	8532.6	237.0	9.28	7.67
PTHR11080	2092.95	2010.15	416.7	25.6	21.1
PTHR11082	4896.0	4813.2	1039.0	31.12	25.64
PTHR11085	7455.18	7165.38	1082.0	58.82	48.45
PTHR11089	6129.74	5964.14	2718.0	138.09	113.77
PTHR32518	5993.0	5910.2	349.0	6.37	5.26
PTHR11247	1425.71	1342.91	18.0	2.29	1.89
PTHR12277	3999.44	3875.24	990.0	56.69	46.7
PTHR32512	1819.0	1777.6	215.0	8.56	7.06
PTHR23088	4400.9	4235.31	5608.99	277.73	228.81
PTHR23089	1694.0	1611.2	533.0	52.45	43.22
PTHR23081	5097.22	4973.03	2580.98	97.75	80.54
PTHR23083	30005.0	29342.64	7887.07	249.8	205.82
PTHR23084	6623.82	6458.22	1030.0	48.0	39.55
PTHR23086	6179.0	6013.4	836.0	37.87	31.19
PTHR18806	3810.0	3727.2	495.0	25.43	20.95
PTHR31953	1816.0	1774.6	647.05	25.82	21.27
PTHR15184	10483.63	10276.64	12290.82	454.01	374.07
PTHR15341	799.0	757.6	153.0	14.38	11.85
PTHR14744	1242.0	1159.23	79.0	9.5	7.82
PTHR15169	1388.0	1346.6	56.0	2.95	2.43
PTHR12341	12171.49	11923.1	2484.0	45.0	37.08
PTHR15160	5316.5	5150.9	2917.75	127.32	104.92
PTHR18937	22301.0	22052.6	1558.0	31.45	25.9
PTHR18934	26513.05	25850.67	15309.08	464.58	382.75
PTHR12742	2322.0	2280.6	3705.99	114.96	94.71
PTHR12741	1560.0	1518.6	589.0	27.48	22.64
PTHR16557	1964.0	1881.2	60.0	4.58	3.77
PTHR19288	5229.97	5064.37	2260.09	118.15	97.35
PTHR12975	4122.0	3997.8	154.0	9.67	7.96
PTHR13902	2653.92	2612.52	1118.0	30.26	24.93
PTHR13903	1438.0	1396.6	1182.42	60.02	49.45
PTHR22753	2304.0	2221.2	39.0	2.67	2.21
PTHR30615	1758.54	1675.75	289.0	24.47	20.17
PTHR22939	14257.08	13843.15	3115.97	121.32	99.99
PTHR22938	3864.0	3739.8	585.0	33.44	27.56
PTHR16266	4691.0	4566.8	191.0	8.63	7.11
PTHR21597	5700.0	5658.6	1033.0	12.89	10.62
PTHR22932	876.0	834.6	441.0	37.59	30.97
PTHR21228	19303.33	18806.59	5409.01	236.19	194.61
PTHR13343	3625.75	3501.55	2188.0	134.01	110.41
PTHR22936	2747.0	2622.8	307.0	24.91	20.53
PTHR31038	1402.0	1360.6	639.0	33.3	27.43
PTHR13832	36483.6	35407.31	19402.94	886.33	730.25
PTHR21139	1244.02	1202.63	493.0	29.09	23.96
PTHR21136	3418.0	3293.8	3009.11	194.21	160.02
PTHR12526	39160.89	38333.0	18597.92	560.04	461.43
PTHR13120	807.0	765.6	244.0	22.69	18.69
PTHR22809	2879.0	2754.8	180.0	14.58	12.01
PTHR22807	4498.88	4416.09	440.0	14.44	11.9
PTHR20661	2106.0	2023.2	54.0	3.72	3.07
PTHR10900	16975.54	16437.37	15824.91	698.4	575.41
PTHR10906	2767.0	2684.2	2103.0	82.42	67.9
PTHR10909	18160.53	17787.96	14466.27	449.2	370.09
PTHR10055	3197.0	3114.2	744.95	33.54	27.63
PTHR10057	1659.0	1576.2	232.29	16.66	13.72
PTHR10052	1068.0	1026.6	38445.41	2659.84	2191.44
PTHR13017	860.0	818.6	56.0	4.87	4.01
PTHR13018	17787.25	17497.45	16978.45	435.91	359.13
PTHR10694	9646.63	9439.65	1976.0	72.72	59.92
PTHR12839	2531.86	2449.06	206.0	13.8	11.37
PTHR12835	727.0	685.6	136.0	14.14	11.65
PTHR24031	57250.43	55636.03	76257.9	3207.28	2642.46
PTHR24032	3036.22	2912.03	396.0	29.76	24.51
PTHR24349	22238.45	21700.3	9775.11	379.56	312.71
PTHR24619	5979.0	5854.8	490.0	13.79	11.37
PTHR24343	28024.23	27279.04	29514.15	937.16	772.1
PTHR11472	10653.94	10322.75	1297.0	50.97	41.98
PTHR24347	14805.18	14432.64	5113.38	216.34	178.23
PTHR11476	1748.0	1706.6	261.0	10.83	8.92
PTHR11477	4014.39	3931.6	1638.0	48.0	39.55
PTHR10438	22864.37	22201.97	22602.87	1127.71	929.11
PTHR10476	5591.1	5508.31	5223.95	163.42	134.64
PTHR24290	3600.0	3475.8	394.0	22.76	18.76
PTHR23413	574.0	532.6	35646.82	4784.13	3941.64
PTHR23417	2363.17	2280.37	376.43	23.65	19.48
PTHR23416	1406.01	1364.61	347.0	18.03	14.85
PTHR23415	1058.0	1016.6	306.65	21.43	17.65
PTHR12736	1781.71	1740.31	405.78	16.51	13.6
PTHR10871	1508.0	1425.2	34692.78	3721.51	3066.14
PTHR10877	1376.0	1251.85	16.0	1.76	1.45
PTHR11879	5683.75	5518.2	743.0	24.0	19.77
PTHR11659	1607.62	1566.23	546.0	24.7	20.35
PTHR31096	3935.73	3811.53	4421.99	243.24	200.42
PTHR31098	4404.0	4362.6	2567.0	41.56	34.24
PTHR11655	1974.0	1891.2	45573.29	3800.84	3131.5
PTHR11652	720.0	678.6	40791.89	4284.74	3530.19
PTHR20883	2097.0	2014.2	272.0	17.73	14.6
PTHR11895	6208.06	6083.87	1232.91	41.83	34.46
PTHR10277	3846.0	3721.8	302.0	17.22	14.19
PTHR14027	3452.0	3410.6	1073.0	22.23	18.32
PTHR12320	6240.54	6116.34	2122.8	75.11	61.89
PTHR24095	15318.17	14780.02	21171.93	1121.94	924.36
PTHR11246	9485.0	9360.8	3549.0	85.81	70.69
PTHR24092	4620.0	4578.6	2508.0	38.69	31.87
PTHR24093	32530.2	31909.26	60909.58	1590.69	1310.58
PTHR23180	11399.66	11109.86	8920.98	333.59	274.86
PTHR14593	2582.14	2499.35	482.0	27.39	22.57
PTHR11093	3421.0	3338.2	840.0	35.66	29.38
PTHR11096	1562.71	1479.91	58.0	4.99	4.11
PTHR23346	8462.0	8337.8	992.0	14.32	11.79
PTHR11099	2595.0	2553.6	1783.0	49.38	40.68
PTHR10309	1913.0	1871.6	3938.0	148.96	122.73
PTHR14107	708.74	667.34	44.0	4.7	3.87
PTHR11252	4673.47	4632.08	5344.97	81.49	67.14
PTHR11254	14541.33	14210.15	2923.0	96.09	79.16
PTHR11255	1830.85	1789.46	242.0	9.58	7.89
PTHR14110	4148.24	3982.64	2039.0	157.79	130.01
PTHR14374	1535.0	1493.6	76.0	3.61	2.97
PTHR18838	2163.0	2121.6	261.0	8.71	7.17
PTHR15074	1628.0	1586.6	91.0	4.06	3.35
PTHR12687	2375.0	2292.21	1074.0	54.67	45.04
PTHR15157	3336.25	3212.05	582.0	40.72	33.54
PTHR18901	12165.0	11958.0	5880.0	182.19	150.09
PTHR12281	1396.0	1354.6	1042.0	54.54	44.94
PTHR12755	591.0	549.6	29.01	3.77	3.11
PTHR12750	1666.94	1625.54	1014.0	44.19	36.41
PTHR12753	1209.0	1167.6	368.0	22.37	18.43
PTHR15081	1776.32	1734.92	30.0	1.22	1.01
PTHR15574	6991.9	6784.9	816.0	45.34	37.35
PTHR24007	357.0	315.62	17.0	3.88	3.2
PTHR13931	3071.25	3029.85	812.02	18.94	15.61
PTHR12358	6553.23	6304.83	1756.0	122.75	101.13
PTHR12356	1948.36	1865.56	188.0	14.24	11.73
PTHR12221	2347.0	2264.2	1024.98	63.27	52.12
PTHR30603	4411.0	4328.2	2409.87	71.68	59.05
PTHR12226	1653.0	1611.6	209.0	9.19	7.57
PTHR19877	1068.0	1026.6	2360.0	163.28	134.52
PTHR31442	557.0	515.6	530.0	73.51	60.56
PTHR12538	617.0	575.6	15950.01	1978.81	1630.34
PTHR12537	3453.64	3370.84	2160.0	71.36	58.79
PTHR12532	1288.0	1246.6	251.0	14.28	11.77
PTHR13486	675.0	633.6	88.0	9.91	8.16
PTHR20275	2910.0	2827.2	1417.95	69.19	57.01
PTHR13489	2112.37	2029.58	214.53	15.68	12.91
PTHR17583	8276.0	8151.81	1813.76	44.29	36.48
PTHR13572	1537.25	1495.85	60.0	2.84	2.34
PTHR24198	20339.2	19676.82	4628.69	227.6	187.54
PTHR10048	5128.6	4921.61	996.0	65.55	54.0
PTHR21704	3794.48	3711.69	497.0	12.63	10.41
PTHR10046	921.0	879.6	178.0	14.39	11.86
PTHR10044	5245.0	5162.2	1215.0	38.25	31.51
PTHR13060	1573.0	1531.6	95.0	4.4	3.62
PTHR10687	1279.13	1237.74	1669.4	95.68	78.83
PTHR13069	4474.0	4308.4	579.0	35.72	29.43
PTHR13068	8348.01	8141.01	1599.2	76.01	62.62
PTHR10682	2645.65	2562.85	2454.71	134.83	111.08
PTHR12829	884.0	842.6	5.0	0.42	0.35
PTHR12820	2939.55	2898.16	516.0	12.59	10.37
PTHR12826	1381.0	1339.6	1216.01	64.36	53.03
PTHR12827	986.0	944.6	44.0	3.31	2.73
PTHR17920	2628.0	2586.6	972.0	26.57	21.89
PTHR10137	1631.0	1589.6	507.0	22.6	18.62
PTHR11405	9276.32	9110.72	12593.82	373.39	307.63
PTHR11404	2587.0	2545.6	1011.0	28.09	23.14
PTHR11406	1075.97	1034.57	1192.0	81.82	67.41
PTHR32357	1724.0	1682.6	150.0	6.31	5.2
PTHR13468	1153.98	1112.59	768.7	49.05	40.41
PTHR23406	3985.0	3902.2	3859.67	110.38	90.94
PTHR23407	2266.62	2225.22	217.0	6.9	5.68
PTHR10869	12438.21	12065.63	3687.94	191.58	157.83
PTHR31717	4777.53	4694.73	6295.08	186.63	153.76
PTHR12452	650.0	608.6	146.0	17.12	14.11
PTHR13393	2910.0	2868.6	89.0	2.19	1.81
PTHR12696	4012.82	3971.42	1040.11	18.5	15.24
PTHR11315	3663.0	3580.2	3779.97	149.28	122.99
PTHR10139	2373.0	2331.6	217.0	6.58	5.42
PTHR10264	4424.0	4258.4	7319.24	380.76	313.7
PTHR10263	2008.0	1925.2	3856.04	280.16	230.82
PTHR31155	2197.94	2156.54	8320.01	272.98	224.91
PTHR32170	2983.58	2900.84	612.05	34.83	28.69
PTHR23350	505.0	463.6	111.0	17.15	14.13
PTHR23354	2843.0	2801.6	1419.08	35.81	29.5
PTHR23355	8182.46	7975.49	876.0	38.8	31.97
PTHR23359	7193.78	6986.78	3568.84	187.53	154.5
PTHR11227	2304.5	2221.7	662.24	45.17	37.21
PTHR11220	4319.82	4112.82	716.04	68.51	56.44
PTHR13162	6879.0	6796.22	3447.58	37.6	30.98
PTHR11229	1929.0	1846.2	2510.78	188.81	155.56
PTHR10314	20757.97	20095.58	20880.86	948.8	781.71
PTHR11035	1315.0	1273.6	138.0	7.69	6.33
PTHR14303	730.0	688.6	268.0	27.74	22.85
PTHR14085	2004.0	1962.6	640.0	23.08	19.02
PTHR11139	26505.28	26174.1	34093.76	275.25	226.77
PTHR15362	1118.0	1076.6	68.0	4.48	3.69
PTHR11132	23130.29	22509.3	13724.71	610.6	503.08
PTHR11134	4890.0	4765.8	1593.0	72.9	60.07
PTHR11136	3000.0	2917.2	127.0	6.35	5.23
PTHR32374	7419.25	7253.66	2970.0	101.05	83.25
PTHR31579	8330.95	8123.95	3926.43	146.19	120.44
PTHR18919	3126.5	2960.94	2405.03	124.75	102.79
PTHR32002	14738.05	14241.25	7188.05	414.45	341.48
PTHR14413	950.0	908.6	1193.0	93.34	76.9
PTHR22891	1954.0	1912.6	228.99	8.48	6.98
PTHR22893	1397.0	1355.6	200.0	10.46	8.62
PTHR10778	4853.0	4728.8	399.0	16.44	13.55
PTHR10072	2478.0	2436.6	38489.06	1117.25	920.5
PTHR12786	2468.0	2385.2	626.0	44.75	36.87
PTHR11706	4379.0	4296.2	1719.0	55.22	45.5
PTHR12782	1285.0	1243.6	376.0	21.45	17.67
PTHR11742	7384.74	7219.14	1095.0	40.07	33.01
PTHR21213	2120.0	2078.6	2968.55	101.07	83.27
PTHR10182	1189.0	1147.6	544.0	33.64	27.72
PTHR13923	827.19	785.79	484.0	43.84	36.12
PTHR11210	674.0	632.6	608.0	68.56	56.49
PTHR12321	2229.0	2146.2	1435.1	92.26	76.01
PTHR25040	3683.0	3558.8	963.0	43.05	35.46
PTHR12323	2155.0	2030.8	176.0	19.68	16.22
PTHR10344	903.0	861.6	34.0	2.81	2.31
PTHR21015	1585.71	1544.31	261.0	11.97	9.87
PTHR16196	1877.0	1794.2	324.0	25.4	20.93
PTHR16193	652.12	610.72	503.0	58.77	48.42
PTHR22792	4856.4	4773.6	3550.6	85.57	70.5
PTHR22790	2056.0	1973.2	168.0	11.15	9.19
PTHR21680	1126.0	1084.6	813.0	53.22	43.85
PTHR21689	3373.26	3290.46	882.0	33.61	27.69
PTHR21113	2188.3	2105.5	385.0	25.51	21.02
PTHR21663	2362.0	2320.6	203.0	6.19	5.1
PTHR13253	14051.79	13596.41	4792.45	270.07	222.53
PTHR12446	6541.28	6375.68	2984.04	67.2	55.37
PTHR22603	1851.57	1768.77	203.0	13.03	10.73
PTHR21206	905.0	863.6	10.0	0.82	0.68
PTHR13789	13640.31	13309.13	72621.08	2771.86	2283.73
PTHR10071	14763.55	14390.95	11389.74	420.85	346.74
PTHR24188	12698.78	12326.28	665.0	46.96	38.67
PTHR13780	9441.98	9234.98	11638.31	503.24	414.63
PTHR10670	4558.0	4475.2	25.0	0.84	0.69
PTHR10677	4535.37	4411.17	721.0	32.4	26.69
PTHR13078	3085.0	3002.2	81.0	3.16	2.61
PTHR12815	4560.0	4477.2	930.5	26.24	21.62
PTHR12814	970.72	929.32	594.0	45.43	37.43
PTHR24361	8878.0	8588.28	1763.0	91.5	75.39
PTHR24362	12076.05	11744.87	10211.2	263.85	217.38
PTHR10416	1591.0	1549.6	69.0	3.15	2.6
PTHR10410	2653.0	2570.2	1155.0	64.57	53.19
PTHR10783	6435.55	6228.55	7398.0	437.6	360.53
PTHR10782	2452.0	2410.6	361.0	10.59	8.73
PTHR13476	774.0	732.6	257.0	24.99	20.59
PTHR10788	2773.0	2731.6	1215.0	31.45	25.91
PTHR10891	8168.2	7878.42	6662.7	441.09	363.41
PTHR10890	947.0	864.22	42.0	7.44	6.12
PTHR20426	1771.13	1729.73	15982.03	654.33	539.1
PTHR23213	4955.0	4830.8	312.0	14.93	12.3
PTHR10520	8513.0	8347.4	6658.07	257.1	211.83
PTHR10250	2229.0	2146.2	807.0	44.68	36.82
PTHR10527	6880.0	6797.2	2424.0	51.08	42.09
PTHR31384	1763.0	1721.6	299.0	12.3	10.13
PTHR10098	2028.71	1945.91	500.0	35.0	28.84
PTHR10091	2677.0	2594.2	328.14	18.07	14.88
PTHR31142	1580.0	1538.6	1670.0	76.91	63.36
PTHR31140	2845.0	2762.2	964.0	38.03	31.33
PTHR31412	3765.0	3682.2	804.0	25.17	20.74
PTHR11787	5959.0	5834.8	1924.01	30.55	25.16
PTHR11785	14907.79	14618.0	11746.77	315.96	260.3
PTHR11782	2819.6	2736.81	1222.95	82.61	68.06
PTHR11780	1354.0	1229.83	208.0	34.23	28.2
PTHR32497	5032.12	4949.32	2503.88	66.47	54.76
PTHR32148	5701.0	5494.01	5084.78	450.39	371.08
PTHR23324	7130.14	7005.94	2000.0	59.59	49.1
PTHR23327	4794.0	4669.8	1037.0	46.25	38.11
PTHR23326	3043.0	2918.8	909.0	78.26	64.48
PTHR23321	5205.0	5080.8	2971.63	123.03	101.37
PTHR23323	4716.57	4592.38	712.01	32.94	27.14
PTHR23322	1359.76	1276.96	190.0	23.08	19.02
PTHR23329	4246.0	4121.8	1677.0	66.53	54.81
PTHR11236	4440.77	4357.97	944.01	29.82	24.56
PTHR11364	1102.0	1060.6	309.0	20.69	17.04
PTHR20932	2759.0	2676.2	934.9	45.7	37.65
PTHR10322	16895.64	16523.07	4034.05	148.71	122.53
PTHR11239	4544.0	4419.8	2350.0	86.88	71.58
PTHR10803	3827.0	3702.8	1230.0	63.55	52.36
PTHR31964	16044.67	15547.88	3865.33	264.44	217.86
PTHR10552	1403.33	1361.93	840.0	43.73	36.03
PTHR23030	2420.0	2378.6	873.0	25.96	21.39
PTHR11129	3312.0	3229.2	454.0	19.76	16.28
PTHR11122	6342.61	6177.01	2315.0	93.87	77.35
PTHR15316	2683.97	2559.77	734.0	58.69	48.35
PTHR11127	549.0	507.6	26428.22	3723.96	3068.16
PTHR11125	3423.0	3381.6	815.13	17.03	14.03
PTHR31566	2019.0	1977.6	218.0	7.8	6.43
PTHR31567	1956.38	1914.98	778.0	28.76	23.69
PTHR31561	4666.29	4583.49	693.0	19.3	15.91
PTHR15137	1876.0	1834.6	171.0	6.6	5.44
PTHR14950	6706.55	6582.36	1969.0	41.17	33.92
PTHR15954	3331.0	3206.8	324.0	19.12	15.74
PTHR15952	2837.0	2795.6	741.0	18.74	15.44
PTHR21319	6461.0	6254.01	1631.94	89.25	73.53
PTHR30612	3225.1	3183.7	2004.0	44.49	36.65
PTHR19271	5252.26	5169.46	912.84	19.1	15.73
PTHR19861	1033.0	991.6	89.0	6.38	5.25
PTHR12022	1734.0	1692.6	1034.0	43.27	35.65
PTHR12233	1471.0	1429.6	380.0	18.84	15.52
PTHR12029	8064.55	7816.15	3051.0	171.5	141.3
PTHR21220	1040.96	999.56	42.0	2.98	2.46
PTHR31221	1138.64	1097.24	947.01	61.27	50.48
PTHR22780	3598.53	3557.13	2286.1	45.41	37.41
PTHR21477	1321.94	1280.54	1171.0	64.85	53.43
PTHR19308	5271.0	5188.2	2390.94	65.37	53.86
PTHR16301	1417.4	1334.61	224.0	24.06	19.83
PTHR13265	2157.0	2115.6	174.0	5.82	4.8
PTHR22870	22282.95	21579.22	10079.62	398.8	328.58
PTHR17630	1036.0	994.6	51.0	3.64	3.0
PTHR10064	627.0	585.6	48242.63	5881.73	4845.94
PTHR10060	3946.42	3822.22	237.0	14.61	12.04
PTHR10663	22748.81	22459.01	3817.0	76.15	62.73
PTHR10666	2685.73	2520.15	69822.16	7442.78	6132.08
PTHR10668	12383.01	12093.21	1658.0	56.32	46.41
PTHR12265	2188.03	2146.64	960.0	31.64	26.07
PTHR12801	8379.0	8172.0	1310.02	50.29	41.44
PTHR12802	6895.79	6688.79	8572.75	362.74	298.86
PTHR12805	857.0	815.6	70.0	6.11	5.03
PTHR12806	1014.21	972.81	237.0	17.31	14.26
PTHR21506	3200.0	3117.2	186.0	7.97	6.57
PTHR21091	10656.45	10325.28	5536.95	215.37	177.43
PTHR21090	1529.0	1487.6	2352.99	112.09	92.35
PTHR13734	1740.0	1698.6	714.92	29.81	24.56
PTHR24315	3392.0	3309.2	1066.0	76.05	62.66
PTHR24314	5908.35	5701.37	1189.0	59.03	48.63
PTHR11933	1618.79	1577.39	739.0	33.19	27.35
PTHR11932	7800.0	7675.8	3669.0	93.19	76.78
PTHR11934	3439.0	3356.2	865.0	38.0	31.31
PTHR11937	5828.65	5663.05	3014.37	134.33	110.68
PTHR11938	13301.26	13094.26	31755.56	752.78	620.2
PTHR13683	3541.0	3499.6	1215.97	24.55	20.23
PTHR24089	34746.44	33545.86	32642.53	1769.61	1457.96
PTHR10796	7526.06	7401.86	2696.93	63.42	52.24
PTHR10794	4023.0	3898.8	457.0	23.53	19.39
PTHR10795	37005.75	36177.81	27799.71	1185.91	977.07
PTHR10792	610.0	568.6	18598.78	2336.18	1924.77
PTHR10799	54273.23	52782.94	7631.0	307.65	253.49
PTHR10882	1145.44	1104.04	162.0	10.42	8.58
PTHR10887	24746.74	24332.74	4631.01	116.46	95.96
PTHR11686	2360.37	2318.97	325.0	9.91	8.17
PTHR11685	5727.24	5603.04	1741.94	75.92	62.54
PTHR11680	1921.13	1879.73	7937.23	298.93	246.29
PTHR24221	17552.99	17014.85	15736.06	598.99	493.5
PTHR24220	7546.13	7256.34	4760.99	268.11	220.91
PTHR24223	10852.71	10604.32	1380.0	37.46	30.87
PTHR11689	9178.0	9053.8	1514.0	33.95	27.97
PTHR10252	2228.0	2103.8	213.0	21.55	17.76
PTHR13124	1019.0	977.6	307.0	22.31	18.38
PTHR31173	4539.0	4456.2	2044.0	51.78	42.66
PTHR10997	12504.0	12338.4	2888.0	56.09	46.21
PTHR31385	3789.08	3664.89	917.0	55.92	46.07
PTHR31356	7035.94	6870.34	7890.0	396.14	326.38
PTHR31724	3585.94	3420.35	1010.0	51.11	42.11
PTHR31352	3154.0	3071.2	2496.74	99.94	82.34
PTHR31350	9813.68	9523.89	2995.0	140.66	115.89
PTHR11758	654.0	612.6	30744.6	3581.29	2950.62
PTHR23333	1084.0	1042.6	502.0	34.19	28.17
PTHR11751	14744.61	14454.81	9077.32	281.79	232.18
PTHR11753	2846.0	2721.8	1540.91	118.66	97.77
PTHR11752	21216.22	20719.49	8411.29	214.86	177.02
PTHR24423	16091.0	15759.8	11707.84	412.79	340.1
PTHR11206	15760.16	15387.56	5486.31	207.7	171.14
PTHR11757	5571.0	5405.4	643.0	25.45	20.97
PTHR24420	49316.92	48364.76	27462.77	761.93	627.75
PTHR10332	2105.64	2022.84	281.0	19.95	16.44
PTHR32557	1872.0	1830.6	557.0	21.54	17.75
PTHR14145	3202.86	3120.06	771.0	35.09	28.91
PTHR20922	2545.16	2462.36	558.36	51.04	42.05
PTHR13600	2335.0	2252.2	198.0	21.66	17.84
PTHR15744	1447.28	1405.89	283.0	14.27	11.76
PTHR23029	9545.16	9255.38	1519.98	64.43	53.09
PTHR23023	7182.97	7017.38	3987.97	137.25	113.07
PTHR12847	2240.0	2115.8	264.0	25.69	21.17
PTHR11119	8383.31	8217.71	8557.0	250.39	206.3
PTHR31595	8128.87	7797.78	837.0	50.09	41.27
PTHR31596	4198.0	4115.2	5549.21	152.06	125.29
PTHR15948	1575.5	1534.1	72.0	3.33	2.74
PTHR32026	877.0	835.6	48.0	4.09	3.37
PTHR31829	1475.0	1433.6	4129.78	204.19	168.23
PTHR31419	2006.0	1923.2	79.0	5.97	4.92
PTHR14898	844.51	803.13	579.0	51.29	42.25
PTHR19241	45855.02	44820.07	31610.62	836.92	689.56
PTHR14894	2114.51	2031.71	228.0	15.66	12.9
PTHR15239	2066.01	2024.61	396.0	13.84	11.4
PTHR12497	2622.1	2539.3	578.91	34.17	28.14
PTHR12304	1333.0	1291.6	119.0	6.53	5.38
PTHR30540	4302.37	4260.97	410.0	6.8	5.6
PTHR30544	4529.0	4446.2	1128.0	51.67	42.56
PTHR13302	2546.0	2504.6	186.0	5.25	4.33
PTHR12472	1409.0	1326.2	71.0	8.85	7.29
PTHR13308	6588.98	6423.39	24546.79	955.03	786.85
PTHR12477	3981.83	3899.03	1107.0	35.58	29.31
PTHR13878	1948.4	1907.0	334.0	12.4	10.22
PTHR21461	3923.0	3798.8	139.0	7.35	6.05
PTHR13872	528.0	486.6	29627.99	4357.52	3590.15
PTHR22849	9931.84	9724.84	3054.08	75.34	62.07
PTHR21314	2202.0	2119.2	190.0	12.77	10.53
PTHR13271	20475.14	19854.15	4034.01	207.44	170.9
PTHR22841	5354.0	5188.4	1148.0	71.42	58.83
PTHR13273	1137.0	1095.6	717.0	46.46	38.28
PTHR22847	28388.82	27519.43	7967.0	389.3	320.73
PTHR22846	2261.0	2219.6	575.0	18.33	15.1
PTHR22844	20306.37	19726.79	5607.9	235.04	193.66
PTHR23270	1319.0	1277.6	212.0	11.77	9.7
PTHR11601	7766.0	7600.4	2278.99	86.4	71.19
PTHR21266	4183.0	4017.4	358.0	21.55	17.75
PTHR12271	6796.72	6672.53	1726.0	52.86	43.55
PTHR21262	3703.0	3661.6	1674.0	32.3	26.61
PTHR12276	2359.73	2235.53	1223.0	100.37	82.69
PTHR10657	1777.0	1694.2	393.0	37.75	31.1
PTHR10655	4995.83	4871.64	1757.01	64.68	53.29
PTHR10652	2425.14	2342.34	540.0	27.41	22.58
PTHR17972	4494.0	4452.6	1475.0	23.4	19.28
PTHR10751	5649.0	5524.8	4393.0	123.73	101.93
PTHR21085	1517.0	1475.6	1465.0	70.36	57.97
PTHR11922	5234.25	5027.26	3852.98	200.16	164.92
PTHR11926	3120.63	2996.44	483.02	30.6	25.21
PTHR11431	1182.6	1141.2	2634.0	163.82	134.97
PTHR10430	2560.0	2435.8	413.0	37.65	31.01
PTHR10436	8825.0	8535.2	1238.0	51.35	42.31
PTHR10434	2546.0	2463.2	297.0	17.13	14.1
PTHR24096	6278.09	6112.49	14148.02	550.85	453.84
PTHR13693	5777.39	5653.19	3070.0	108.67	89.54
PTHR13691	3295.0	3170.8	47168.04	3087.39	2543.7
PTHR13451	6618.19	6452.59	470.0	23.49	19.35
PTHR13452	1024.0	982.6	202.02	14.61	12.03
PTHR10759	530.0	488.6	17418.07	2551.12	2101.86
PTHR12901	1851.0	1809.6	365.0	14.28	11.77
PTHR12903	3156.0	3114.6	941.0	21.35	17.59
PTHR23237	1005.0	963.6	2758.0	203.38	167.57
PTHR10501	1494.73	1411.93	815.0	85.6	70.53
PTHR31169	6149.23	5942.23	1190.91	89.02	73.34
PTHR11426	1455.67	1372.87	79.0	10.31	8.49
PTHR14087	3340.0	3257.2	291.0	8.49	6.99
PTHR23309	3724.0	3641.2	970.0	31.78	26.18
PTHR31344	2836.8	2795.41	1265.0	31.99	26.36
PTHR31619	2033.0	1991.6	1397.0	49.65	40.9
PTHR23306	1750.89	1668.09	401.0	33.99	28.01
PTHR23305	2996.0	2871.84	8334.35	425.86	350.87
PTHR14089	1137.0	1095.6	106.0	6.87	5.66
PTHR11748	5763.43	5556.45	2047.01	98.01	80.77
PTHR11214	4936.0	4811.8	1697.98	72.45	59.69
PTHR11216	3419.0	3294.8	812.9	44.44	36.62
PTHR14154	3587.47	3380.47	1040.0	88.36	72.8
PTHR14155	5077.55	4994.75	1181.66	36.06	29.71
PTHR14152	566.0	524.6	219.0	29.85	24.59
PTHR11699	12000.66	11669.47	10296.01	399.81	329.4
PTHR11692	2300.0	2258.6	536.0	16.79	13.83
PTHR11693	1554.0	1512.6	4757.23	222.87	183.62
PTHR11695	12185.79	11813.2	8005.76	355.92	293.25
PTHR31760	490.0	448.6	75.0	11.98	9.87
PTHR31906	11072.86	10700.27	2190.9	142.54	117.43
PTHR21419	2246.0	2204.6	469.0	15.05	12.4
PTHR23012	9023.24	8733.45	2878.9	159.45	131.38
PTHR11101	7083.65	6752.46	8712.18	892.55	735.37
PTHR11102	6095.77	5971.57	1508.0	69.43	57.19
PTHR11106	782.0	740.6	186.0	17.89	14.74
PTHR31585	1355.5	1314.11	1097.0	59.2	48.77
PTHR32125	1927.0	1844.2	1210.96	132.13	108.86
PTHR31588	3973.0	3890.2	2253.0	84.29	69.44
PTHR32120	1371.0	1329.6	172.0	9.17	7.56
PTHR15680	1853.0	1770.2	223.0	18.16	14.97
PTHR11804	6348.1	6182.52	2390.0	69.94	57.63
PTHR11374	1705.0	1663.6	1040.21	44.29	36.49
PTHR10281	950.0	908.6	38.0	2.97	2.45
PTHR18895	553.0	511.6	330.0	46.13	38.01
PTHR12169	3877.19	3794.4	1235.0	55.82	45.99
PTHR12486	1568.0	1485.2	78.46	7.48	6.16
PTHR12480	3630.36	3506.16	340.0	19.21	15.82
PTHR12482	1358.12	1275.34	440.0	44.72	36.84
PTHR12317	2483.0	2400.2	2343.0	117.62	96.91
PTHR12649	1217.02	1175.63	1523.77	91.97	75.78
PTHR10099	4517.0	4475.6	3746.04	59.12	48.71
PTHR13992	2800.0	2758.6	433.0	11.1	9.14
PTHR12461	7648.91	7441.91	1709.0	71.54	58.93
PTHR12466	931.0	889.6	165.0	13.19	10.87
PTHR13847	11997.13	11624.53	4315.9	225.9	186.1
PTHR32251	4859.55	4735.35	1914.99	96.22	79.28
PTHR26312	3445.0	3320.8	1064.22	52.15	42.97
PTHR12000	1527.0	1485.6	648.11	30.92	25.47
PTHR12001	3893.33	3810.53	8507.48	352.75	290.63
PTHR21327	3906.25	3823.45	2376.0	88.46	72.89
PTHR21631	4068.49	3985.69	10333.68	364.77	300.53
PTHR22854	5388.41	5264.21	1745.0	81.1	66.82
PTHR22855	6531.81	6366.21	3597.01	156.82	129.2
PTHR22850	11693.46	11362.27	4455.0	228.68	188.4
PTHR22504	2021.0	1979.6	2582.79	92.35	76.08
PTHR12189	1156.84	1115.44	145.0	9.23	7.6
PTHR21256	3592.59	3509.8	8268.03	277.97	229.02
PTHR12266	2971.0	2888.2	2224.0	118.01	97.23
PTHR10648	4132.51	4049.71	2728.0	95.54	78.71
PTHR10641	13117.0	12868.6	3699.72	104.78	86.33
PTHR10644	13133.4	12885.01	4679.83	127.12	104.73
PTHR12864	3922.39	3756.79	885.0	68.34	56.29
PTHR12860	2905.0	2863.6	643.0	15.87	13.08
PTHR13194	750.0	708.6	85.0	8.55	7.04
PTHR13190	909.03	867.64	1169.0	95.82	78.94
PTHR13193	501.0	459.6	134.0	20.88	17.21
PTHR11913	684.0	642.6	64.0	7.1	5.85
PTHR11911	7493.82	7328.22	17995.42	544.53	448.62
PTHR11910	1133.0	1091.6	3304.0	214.88	177.04
PTHR11918	6682.61	6475.63	1729.91	73.09	60.22
PTHR12919	779.0	737.6	1169.0	112.87	93.0
PTHR12910	1695.0	1612.2	950.0	79.45	65.46
PTHR12917	6777.74	6612.15	1290.0	53.03	43.7
PTHR11351	2070.0	2028.6	5819.0	203.01	167.26
PTHR11353	10812.0	10480.8	5371.0	294.82	242.91
PTHR11599	13611.0	13072.8	7430.05	524.51	432.15
PTHR10516	12361.51	11906.11	1835.0	140.34	115.63
PTHR11592	5180.31	4973.33	7124.96	474.62	391.04
PTHR31620	1587.0	1545.6	4611.97	211.43	174.19
PTHR23315	9019.92	8730.13	1709.98	68.64	56.55
PTHR23316	2252.0	2210.6	2110.99	67.56	55.67
PTHR11778	3103.0	3020.2	910.0	44.06	36.3
PTHR11774	1201.0	1159.6	159.0	9.73	8.02
PTHR11773	3594.0	3552.6	695.0	13.82	11.39
PTHR11772	6608.0	6401.0	11773.85	386.94	318.8
PTHR10357	18471.04	18098.44	8318.45	245.69	202.42
PTHR10353	1674.72	1633.32	359.0	15.57	12.83
PTHR10350	4408.0	4366.6	569.0	9.2	7.58
PTHR10351	3242.03	3159.24	9966.85	692.27	570.36
PTHR10359	5276.58	5110.98	908.0	46.94	38.69
PTHR31750	2087.1	2045.7	135.0	4.67	3.85
PTHR23418	1527.0	1485.6	1751.45	83.55	68.84
PTHR14189	1474.29	1432.9	966.01	47.79	39.37
PTHR31245	1570.0	1528.6	1688.0	78.25	64.47
PTHR23001	2070.0	2028.6	1257.0	43.85	36.13
PTHR23002	2091.0	2008.2	105.0	9.66	7.96
PTHR30178	3587.89	3463.7	1655.91	114.72	94.51
PTHR22904	17526.24	16946.65	2834.01	125.82	103.65
PTHR11177	24456.46	23752.66	29436.32	1296.8	1068.41
PTHR11178	1500.0	1458.6	504.0	24.49	20.18
PTHR14456	1190.99	1108.2	100.0	12.77	10.52
PTHR31808	1560.0	1518.6	407.0	18.99	15.65
PTHR31803	4213.0	4088.8	2169.2	85.94	70.8
PTHR11009	2020.65	1937.85	391.58	29.03	23.92
PTHR19229	17121.46	16914.47	8887.0	110.72	91.24
PTHR11005	3541.52	3458.72	2154.04	98.99	81.56
PTHR11006	3915.49	3832.69	837.0	31.29	25.78
PTHR18640	1921.0	1879.6	249.0	9.38	7.73
PTHR18866	21496.48	21123.88	14435.87	422.0	347.69
PTHR15588	2726.0	2643.2	945.0	40.33	33.23
PTHR12677	7160.0	6994.4	1785.0	68.21	56.21
PTHR19134	2428.99	2387.6	3982.36	117.98	97.2
PTHR19139	7200.99	6994.0	701.63	37.84	31.17
PTHR30566	7305.37	7139.77	4033.01	159.78	131.64
PTHR12459	1900.0	1858.6	322.0	12.27	10.11
PTHR12456	2152.88	2070.09	158.0	9.88	8.14
PTHR22931	6971.0	6888.2	5212.57	87.49	72.08
PTHR19359	8714.93	8466.54	4228.68	170.76	140.69
PTHR12072	3112.0	3029.2	460.0	18.97	15.63
PTHR13218	953.0	911.6	66.0	5.15	4.24
PTHR13215	1530.0	1447.2	78.0	7.67	6.32
PTHR13213	1458.76	1375.97	894.0	91.34	75.26
PTHR12290	1979.87	1938.47	224.99	8.22	6.77
PTHR21530	6359.0	6152.0	1169.01	66.07	54.45
PTHR12295	4144.0	4102.6	273.0	4.7	3.87
PTHR12298	6986.5	6779.5	2625.0	96.51	79.51
PTHR10638	3188.07	3146.67	11772.0	264.42	217.85
PTHR10634	1401.0	1359.6	1335.0	69.62	57.36
PTHR10631	2528.12	2445.32	415.0	19.03	15.68
PTHR10984	4139.0	4014.8	2341.19	120.49	99.28
PTHR13501	1766.7	1683.9	4946.99	462.51	381.06
PTHR13505	677.0	635.6	29.0	3.25	2.68
PTHR12850	449.0	407.61	47378.23	8340.87	6872.02
PTHR12856	678.0	636.6	26.0	2.91	2.4
PTHR12855	1721.0	1679.6	553.0	23.32	19.21
PTHR12854	2816.14	2733.34	980.3	45.86	37.78
PTHR13182	620.0	578.6	148.0	18.27	15.05
PTHR10855	1808.0	1766.6	1030.0	41.29	34.02
PTHR10743	971.0	929.6	289.0	22.1	18.21
PTHR10742	19516.94	19102.95	8100.98	369.22	304.2
PTHR10745	2340.0	2298.6	1796.0	55.27	45.54
PTHR10744	1577.0	1494.2	52316.75	3996.98	3293.1
PTHR10746	3469.15	3386.35	8221.94	344.58	283.9
PTHR12924	776.0	734.6	1286.0	124.68	102.73
PTHR23308	5824.34	5617.34	1145.0	81.01	66.75
PTHR11349	1622.0	1539.2	3977.0	393.81	324.46
PTHR10566	20949.84	20494.45	9768.0	340.19	280.29
PTHR11588	3030.0	2905.8	10293.0	465.27	383.33
PTHR10291	1100.0	1058.6	377.0	25.29	20.84
PTHR11584	8060.77	7895.17	940.0	49.84	41.06
PTHR11586	1043.0	1001.6	112.0	7.94	6.54
PTHR11909	6492.67	6327.08	6668.14	227.57	187.49
PTHR24320	11481.77	11150.58	1340.0	70.34	57.95
PTHR24322	20008.32	19345.93	6800.54	360.12	296.69
PTHR11907	2177.0	2135.6	1093.0	36.21	29.84
PTHR11760	1467.0	1384.2	62036.36	5542.64	4566.57
PTHR11761	1784.0	1701.2	35351.0	4219.02	3476.05
PTHR11766	1920.0	1837.2	221.0	17.5	14.42
PTHR11767	6262.86	6097.28	1528.3	56.13	46.25
PTHR10361	4868.42	4744.22	712.69	31.52	25.97
PTHR10366	14570.95	14074.16	7614.9	407.23	335.54
PTHR10169	3361.0	3319.6	536.14	11.41	9.4
PTHR10168	5448.87	5241.9	2286.99	100.66	82.93
PTHR20973	1264.9	1223.5	175.0	10.15	8.36
PTHR10165	1540.0	1498.6	387.0	18.3	15.08
PTHR31032	3027.0	2944.2	5019.07	238.82	196.76
PTHR23257	146989.74	143429.73	210205.01	6027.35	4965.93
PTHR23253	2218.0	2176.6	50.0	1.63	1.34
PTHR14190	2516.0	2474.6	602.0	17.21	14.18
PTHR14194	9669.33	9338.15	4960.81	287.29	236.71
PTHR31251	28298.23	27346.05	13369.97	684.52	563.98
PTHR23074	15688.25	15232.87	4835.0	293.05	241.46
PTHR23077	11366.44	10786.91	1231.0	99.88	82.29
PTHR23076	16949.87	16370.3	8986.04	480.18	395.63
PTHR12561	1517.0	1475.6	443.0	21.28	17.53
PTHR23073	7567.74	7236.56	5971.27	449.69	370.49
PTHR10293	3996.73	3831.13	1276.07	110.63	91.16
PTHR23078	1748.0	1665.2	393.36	33.65	27.72
PTHR11165	2277.0	2194.2	1966.0	126.95	104.59
PTHR10772	3716.67	3592.47	2611.0	148.63	122.46
PTHR32100	5352.0	5227.8	15003.77	666.91	549.47
PTHR14445	2181.0	2098.2	765.0	53.27	43.89
PTHR31811	2351.58	2268.78	149.0	8.74	7.2
PTHR23102	4124.01	3999.81	1188.41	56.5	46.55
PTHR23105	6015.5	5767.1	93321.25	6332.41	5217.27
PTHR11010	8429.89	8264.29	4519.97	156.13	128.64
PTHR11014	6054.74	5889.15	1338.0	52.55	43.3
PTHR12668	3919.0	3836.2	3000.0	105.38	86.82
PTHR12661	3303.0	3261.6	1698.0	36.79	30.31
PTHR12663	4222.17	4180.77	1370.01	23.15	19.07
PTHR12664	1332.99	1291.59	1335.0	73.31	60.4
PTHR16166	33647.15	33233.15	8505.23	177.1	145.91
PTHR12111	867.0	825.6	506.0	43.61	35.93
PTHR12447	602.0	560.6	11.0	1.4	1.15
PTHR15481	766.0	724.6	6.0	0.59	0.49
PTHR26379	2088.0	2005.2	3081.0	194.47	160.23
PTHR12599	1259.0	1217.6	3569.0	207.95	171.33
PTHR12596	3743.0	3701.6	724.0	13.82	11.39
PTHR12590	877.1	835.7	108.0	9.19	7.57
PTHR12066	4378.59	4213.0	149.0	9.92	8.17
PTHR12064	3924.0	3799.8	5220.39	162.89	134.2
PTHR13226	1947.78	1864.98	91.0	5.81	4.79
PTHR13889	2988.0	2946.6	1208.0	28.98	23.88
PTHR13887	1074.0	1032.6	209.0	14.38	11.84
PTHR21181	670.0	628.6	189.0	21.45	17.67
PTHR12412	2566.0	2524.6	320.0	8.96	7.39
PTHR13948	2289.17	2206.37	229.0	15.23	12.55
PTHR12146	1020.0	937.25	19152.96	2024.2	1667.73
PTHR10458	3066.0	2983.2	2914.0	120.88	99.6
PTHR19306	9237.0	9112.8	620.0	10.14	8.36
PTHR12280	5435.42	5311.22	517.0	20.42	16.83
PTHR11451	7310.46	7144.86	5857.02	179.19	147.63
PTHR12286	3343.9	3261.1	328.01	11.83	9.75
PTHR12415	5561.9	5396.31	188.0	8.46	6.97
PTHR30573	2341.0	2299.6	621.0	19.1	15.74
PTHR22983	1153.0	1111.6	130.0	8.3	6.84
PTHR22981	1255.0	1213.6	637.0	37.24	30.68
PTHR10947	2702.0	2619.21	475.0	34.03	28.04
PTHR30191	3175.24	3133.84	19819.04	446.99	368.28
PTHR13082	761.0	719.6	144.0	14.26	11.74
PTHR10629	3752.0	3627.8	118.0	6.53	5.38
PTHR10994	14603.02	14271.84	2593.21	89.2	73.51
PTHR10996	7995.23	7746.84	1381.97	65.67	54.11
PTHR10625	11541.85	11127.86	5672.49	233.91	192.71
PTHR10992	38548.25	37430.48	20617.94	918.47	756.74
PTHR10993	1797.0	1714.2	293.95	31.9	26.28
PTHR17695	4724.15	4599.95	1001.0	44.26	36.46
PTHR12848	2610.0	2527.2	549.92	30.27	24.93
PTHR12849	1895.0	1812.2	151.0	11.85	9.76
PTHR21712	1102.0	1060.6	68.0	4.55	3.75
PTHR21294	2517.31	2475.91	1312.0	37.48	30.88
PTHR12841	938.0	896.6	20.0	1.59	1.31
PTHR21290	3992.0	3826.4	964.01	67.7	55.78
PTHR21349	1582.0	1499.2	1979.0	198.43	163.48
PTHR21347	1970.96	1929.56	1790.0	65.67	54.1
PTHR21343	341.0	299.63	7.0	1.69	1.39
PTHR10196	6974.23	6808.63	885.0	37.04	30.51
PTHR10192	3011.0	2928.2	595.0	24.29	20.01
PTHR10755	1236.34	1194.94	1327.97	78.85	64.96
PTHR10758	3065.04	2982.24	2697.99	156.46	128.91
PTHR13152	832.02	790.62	123.0	11.07	9.12
PTHR12932	6067.65	5902.07	3086.0	131.73	108.53
PTHR12934	1962.0	1879.2	1856.0	142.46	117.37
PTHR10288	11592.12	11343.72	19045.32	631.81	520.57
PTHR11800	1409.0	1367.6	1293.0	67.03	55.23
PTHR11802	14663.21	14373.42	21089.03	738.84	608.74
PTHR11807	2058.9	1976.1	225.0	15.76	12.98
PTHR11808	9332.0	9083.6	4505.0	165.18	136.11
PTHR10283	10897.0	10690.0	3888.0	114.36	94.23
PTHR10285	7533.25	7326.27	8786.0	366.48	301.95
PTHR10286	996.96	955.56	2808.01	208.83	172.05
PTHR11579	3013.18	2930.38	613.0	29.41	24.23
PTHR13718	2679.0	2596.2	30290.07	2102.34	1732.12
PTHR13711	6479.0	6230.6	1103.0	77.99	64.26
PTHR13710	13606.94	13193.04	285.0	13.99	11.53
PTHR11977	1575.97	1534.58	2651.91	122.45	100.88
PTHR11972	5696.32	5613.52	2121.68	69.98	57.66
PTHR31480	1230.0	1188.6	855.0	51.04	42.05
PTHR31485	11088.0	10715.41	3658.32	183.09	150.85
PTHR11715	984.0	942.6	784.0	59.11	48.7
PTHR11717	2192.0	2109.2	168.0	9.44	7.78
PTHR11711	9166.0	8876.21	7021.46	544.42	448.55
PTHR11712	36309.9	34819.84	2948.16	97.44	80.29
PTHR10374	4257.88	4133.68	3297.0	119.88	98.76
PTHR10178	2976.81	2894.01	53.0	2.61	2.15
PTHR11482	12028.71	11863.11	28756.3	756.12	622.95
PTHR10173	4620.45	4454.86	4868.0	350.38	288.67
PTHR10177	7482.56	7316.96	5772.63	225.04	185.39
PTHR10174	6301.21	6094.21	1558.0	77.44	63.81
PTHR23249	2143.0	2060.2	218.0	14.81	12.2
PTHR23244	12664.2	12291.75	1517.0	69.31	57.1
PTHR23245	445.62	404.24	80.0	14.2	11.7
PTHR23240	2083.41	2000.61	311.0	20.32	16.74
PTHR14614	13055.0	12682.4	1351.04	59.82	49.28
PTHR31268	2350.0	2267.21	1449.0	53.66	44.21
PTHR31262	1991.07	1866.89	39872.78	3055.55	2517.45
PTHR23063	2122.72	2039.92	2066.0	165.64	136.48
PTHR11620	700.0	658.6	20683.45	2239.25	1844.91
PTHR11624	4458.0	4375.2	2669.0	114.87	94.64
PTHR11627	5284.57	5118.97	15902.91	710.07	585.03
PTHR11390	5335.17	5252.38	1601.0	61.64	50.79
PTHR31319	4338.0	4255.2	3552.02	117.94	97.16
PTHR14052	1399.77	1358.37	199.0	10.39	8.56
PTHR32118	2364.0	2322.6	2211.0	67.34	55.48
PTHR23117	1862.73	1821.34	5381.43	209.2	172.36
PTHR23115	47915.4	46963.21	135921.8	5292.46	4360.43
PTHR11028	1556.0	1514.6	2300.0	107.61	88.66
PTHR11024	6904.0	6779.8	1316.0	48.62	40.06
PTHR10066	6612.74	6364.34	471.0	29.38	24.21
PTHR11777	3213.0	3171.6	6451.0	143.76	118.44
PTHR12616	2001.0	1959.6	513.0	18.53	15.27
PTHR12613	2775.0	2733.6	1518.04	39.26	32.35
PTHR12612	688.0	646.6	140.0	15.44	12.72
PTHR32060	3859.0	3776.2	5284.69	160.64	132.35
PTHR12126	3156.0	3073.2	1371.0	61.69	50.82
PTHR12436	7098.28	6932.69	1827.0	78.04	64.3
PTHR22734	1395.0	1353.6	589.0	30.85	25.42
PTHR12121	2209.0	2126.2	202.0	14.18	11.69
PTHR12438	1607.22	1565.82	136.35	6.17	5.08
PTHR15492	1834.0	1792.6	408.0	16.12	13.28
PTHR21426	2140.0	2098.6	23.0	0.78	0.64
PTHR21427	1217.0	1175.6	118.0	7.12	5.87
PTHR19372	1995.0	1953.6	538.0	19.49	16.06
PTHR19370	7535.58	7328.59	1611.0	66.84	55.06
PTHR19376	16960.57	16670.77	7299.11	171.54	141.33
PTHR19375	7213.29	6964.89	1395.0	103.86	85.58
PTHR12725	2194.34	2111.54	530.02	29.48	24.28
PTHR22884	12444.86	12237.86	2922.0	63.82	52.59
PTHR22880	9299.23	9009.43	5952.26	231.2	190.47
PTHR12542	2365.0	2323.6	165.03	5.02	4.14
PTHR12547	2022.0	1939.2	1517.0	74.07	61.03
PTHR12124	4448.86	4324.66	497.0	25.78	21.24
PTHR10114	516.0	474.6	25510.26	3848.13	3170.46
PTHR21512	2591.0	2549.6	219.0	6.07	5.0
PTHR30508	2042.0	2000.6	1774.46	62.78	51.72
PTHR30502	1113.15	1071.75	320.04	21.2	17.47
PTHR10961	2107.5	2024.7	23416.98	1780.8	1467.2
PTHR10617	8713.0	8464.61	2662.0	108.51	89.4
PTHR10615	2102.9	2020.1	1721.82	118.27	97.44
PTHR13527	4607.99	4566.59	5293.01	81.86	67.44
PTHR22958	7099.73	6975.53	14498.22	386.52	318.45
PTHR14534	2035.0	1993.6	720.0	25.56	21.06
PTHR22951	2380.0	2338.6	1813.0	54.84	45.18
PTHR22950	48171.12	47177.54	59356.49	1499.6	1235.55
PTHR22953	10161.88	9954.89	19053.47	608.9	501.67
PTHR22952	5920.85	5713.86	1468.0	98.55	81.18
PTHR22957	11628.38	11297.22	4754.97	252.53	208.09
PTHR21600	1293.0	1251.6	671.0	38.03	31.33
PTHR24056	14292.8	13920.22	5183.94	142.39	117.33
PTHR24054	1577.0	1535.6	1315.0	60.68	49.99
PTHR24055	11319.55	11029.75	5774.55	225.45	185.76
PTHR24058	4489.0	4323.4	1473.0	87.81	72.35
PTHR10766	3137.0	3012.8	1000.94	70.42	58.03
PTHR10762	3423.66	3299.46	977.0	56.58	46.61
PTHR30031	5806.0	5640.41	7931.42	249.93	205.92
PTHR12945	1366.0	1324.6	214.0	11.46	9.44
PTHR12944	2477.8	2436.4	127.0	3.69	3.04
PTHR24128	4995.17	4870.97	3994.0	141.83	116.85
PTHR12858	4377.0	4211.4	782.0	54.74	45.1
PTHR32228	608.61	567.22	7.0	0.88	0.73
PTHR13096	3712.0	3629.2	224.08	8.82	7.27
PTHR11365	4900.51	4569.36	224.0	17.65	14.52
PTHR11361	18780.15	18159.21	1104.99	33.38	27.52
PTHR11814	20787.58	20456.39	10112.93	171.8	141.56
PTHR11363	1403.0	1361.6	65842.54	3428.52	2824.75
PTHR10543	8113.0	7947.4	2720.0	90.46	74.53
PTHR10540	2472.0	2389.2	895.0	52.85	43.55
PTHR11562	6538.98	6373.38	5725.84	169.63	139.75
PTHR11566	16677.0	16387.2	7730.03	265.57	218.8
PTHR11567	2524.0	2441.2	503.0	33.41	27.53
PTHR11564	6329.0	6204.8	6423.94	192.67	158.74
PTHR11962	2887.53	2804.74	675.0	33.82	27.87
PTHR11963	1780.0	1738.6	251.0	10.22	8.42
PTHR10381	7167.35	6836.15	7933.03	589.95	486.06
PTHR10383	2942.0	2859.2	1097.0	52.04	42.87
PTHR11705	1923.66	1840.86	519.0	35.2	29.0
PTHR11702	10251.0	10044.0	12786.65	297.81	245.37
PTHR11700	1446.0	1363.2	52757.6	6534.78	5384.0
PTHR10388	922.0	880.6	5170.04	417.48	343.96
PTHR11709	11418.52	11170.12	4287.9	132.86	109.46
PTHR10145	5912.0	5870.6	2431.13	29.24	24.09
PTHR23273	2704.0	2621.2	137.0	5.35	4.4
PTHR12050	3465.11	3423.71	307.0	6.34	5.22
PTHR24305	892.76	851.37	155.14	12.96	10.68
PTHR23050	2427.0	2302.8	4757.17	443.83	365.67
PTHR23056	2353.0	2270.2	712.0	48.51	39.98
PTHR23054	1819.0	1777.6	104.0	4.14	3.41
PTHR11638	10196.39	9947.99	14814.81	449.2	370.1
PTHR23291	2948.99	2866.19	11044.56	609.22	501.93
PTHR23293	4668.94	4544.74	12074.68	499.1	411.22
PTHR11141	3077.0	3035.6	954.95	22.24	18.32
PTHR11142	5428.96	5304.76	501.0	17.95	14.8
PTHR11143	905.0	863.6	51064.32	4205.28	3464.72
PTHR22748	5290.0	5124.4	334.0	18.85	15.55
PTHR11380	968.0	926.6	512.0	39.28	32.36
PTHR11384	2561.0	2478.2	219.0	12.52	10.31
PTHR32477	2209.0	2167.6	98.0	3.2	2.64
PTHR14043	1964.0	1881.2	130.0	9.85	8.12
PTHR32472	3070.05	3028.65	973.0	22.71	18.71
PTHR31658	3477.0	3435.6	206.0	4.24	3.49
PTHR13890	8408.47	8242.91	8255.09	278.93	229.81
PTHR14269	4159.57	3993.97	597.99	38.19	31.47
PTHR22883	9945.02	9655.22	2281.0	102.36	84.34
PTHR23125	53444.32	52119.63	13339.39	502.76	414.22
PTHR19879	2398.0	2356.6	294.0	8.82	7.27
PTHR22881	2997.42	2914.62	1447.72	67.12	55.29
PTHR14136	2972.0	2847.8	659.0	49.48	40.77
PTHR19876	6995.0	6912.2	1862.0	39.42	32.47
PTHR12608	4914.23	4748.63	1465.0	69.34	57.13
PTHR12604	2268.0	2226.6	149.0	4.73	3.9
PTHR12603	2815.0	2732.2	1286.0	69.62	57.36
PTHR32091	2683.16	2600.37	5547.6	310.04	255.44
PTHR32098	4226.92	4061.33	519.0	34.94	28.78
PTHR18763	1639.0	1556.2	383.0	34.74	28.62
PTHR22726	2324.38	2241.58	343.0	16.61	13.69
PTHR22727	19498.24	19042.89	18891.9	717.44	591.12
PTHR12428	3609.85	3527.06	1679.0	62.43	51.44
PTHR18968	9323.34	9116.34	67984.49	1970.1	1623.17
PTHR12730	3614.0	3531.2	1781.0	70.25	57.87
PTHR12506	827.0	785.6	19.0	1.72	1.42
PTHR12735	1840.0	1757.2	727.0	49.58	40.85
PTHR15020	3832.0	3749.2	1063.0	54.92	45.25
PTHR12558	2769.12	2686.33	509.0	21.81	17.97
PTHR12553	1670.0	1587.2	118.29	8.73	7.2
PTHR12049	2436.0	2353.2	133.99	8.26	6.8
PTHR10497	933.0	850.22	33796.98	4623.8	3809.54
PTHR24073	4700.0	4493.0	2683.0	197.86	163.01
PTHR21569	702.0	660.6	34845.12	3760.89	3098.59
PTHR21567	1313.0	1271.6	973.0	54.27	44.71
PTHR13950	1190.0	1148.6	190.0	11.74	9.67
PTHR12133	1612.07	1570.67	75.0	3.38	2.79
PTHR10972	6442.61	6318.41	1737.0	67.56	55.66
PTHR10606	4030.56	3989.16	1928.0	34.14	28.13
PTHR10971	1329.0	1287.6	229.0	12.61	10.39
PTHR13743	7955.0	7789.4	1122.0	47.01	38.73
PTHR12302	3704.0	3662.6	3680.75	71.01	58.5
PTHR22942	10027.49	9613.53	1850.12	68.56	56.47
PTHR13395	2558.0	2475.2	97.0	4.85	4.0
PTHR13803	6187.94	6063.75	1932.9	39.95	32.91
PTHR21368	1246.0	1163.21	1915.0	175.71	144.78
PTHR24067	16814.64	16193.66	12292.1	768.37	633.06
PTHR24064	11083.84	10794.08	60902.01	3796.56	3127.97
PTHR24063	28441.37	27696.3	201678.14	5565.79	4585.63
PTHR21011	1531.0	1448.2	872.35	78.92	65.03
PTHR10774	14406.13	13992.16	3747.71	149.88	123.49
PTHR24068	3025.0	2900.8	1382.0	131.19	108.09
PTHR19980	2076.0	1993.2	77.0	5.34	4.4
PTHR12959	3654.0	3571.2	155.0	5.35	4.4
PTHR24115	29900.49	29072.55	13664.08	273.34	225.21
PTHR11825	9404.61	9114.82	6938.0	293.22	241.58
PTHR10809	1619.0	1536.2	771.0	58.76	48.41
PTHR11822	1701.0	1659.6	6150.0	262.48	216.26
PTHR10555	4510.54	4427.74	5549.29	140.22	115.53
PTHR10806	859.0	817.6	214.0	18.62	15.34
PTHR10804	9586.43	9379.44	4920.91	218.0	179.62
PTHR11556	3811.0	3686.81	6207.45	274.28	225.98
PTHR11558	1457.0	1415.6	174.0	8.71	7.18
PTHR13773	3448.77	3365.97	2074.0	90.9	74.89
PTHR10537	1403.0	1361.6	37.0	1.93	1.59
PTHR11953	2119.0	2036.2	282.0	19.52	16.08
PTHR11952	1761.0	1678.2	372.0	30.69	25.3
PTHR11956	2198.0	2156.6	1021.0	33.5	27.6
PTHR11959	4209.0	4167.6	8817.04	149.44	123.12
PTHR11739	2010.89	1969.49	4861.05	174.7	143.93
PTHR11732	18061.99	17523.83	8280.86	443.57	365.44
PTHR11731	7710.5	7586.3	1399.91	40.09	33.02
PTHR11730	3428.53	3304.34	1550.29	74.74	61.57
PTHR11735	3060.38	2936.18	398.01	25.65	21.14
PTHR10394	790.0	748.6	42105.83	4005.29	3299.95
PTHR20941	2251.66	2168.86	345.03	21.0	17.31
PTHR10150	2625.56	2542.78	459.0	24.99	20.59
PTHR31065	2783.8	2701.0	2907.38	133.78	110.22
PTHR10159	8099.0	7892.0	11968.63	484.48	399.16
PTHR31066	1295.0	1253.6	612.0	34.63	28.53
PTHR13604	1022.0	939.2	26.0	4.15	3.42
PTHR23264	3408.85	3284.65	894.0	56.06	46.18
PTHR23269	2111.0	2069.6	237.0	8.1	6.68
PTHR31204	1720.0	1678.6	312.0	13.16	10.85
PTHR31201	1685.0	1643.6	775.41	33.42	27.53
PTHR31209	1301.0	1259.6	134.0	7.55	6.22
PTHR11607	3948.0	3865.2	787.0	29.38	24.21
PTHR11606	4909.03	4784.84	5507.0	191.03	157.39
PTHR23284	1572.43	1531.03	218.93	10.13	8.35
PTHR24316	4355.0	4230.8	1069.0	52.72	43.44
PTHR32467	10366.37	9952.41	2773.59	169.51	139.64
PTHR14255	6597.0	6390.0	1039.01	55.45	45.68
PTHR31840	830.57	789.18	94.0	8.48	6.98
PTHR23130	4459.0	4376.2	962.0	29.4	24.22
PTHR23133	1077.0	1035.6	466.0	31.96	26.33
PTHR23135	1241.58	1200.18	581.0	34.34	28.29
PTHR23138	2479.0	2396.2	961.0	64.5	53.14
PTHR23139	8049.47	7801.08	8728.85	404.88	333.58
PTHR31682	1259.0	1217.6	499.0	29.08	23.96
PTHR11040	2671.0	2546.8	410.0	38.43	31.66
PTHR11043	835.0	793.6	274.0	24.57	20.25
PTHR11042	6745.93	6580.33	2638.57	179.22	147.67
PTHR11048	13212.54	12964.14	3859.74	99.07	81.62
PTHR15818	1985.0	1943.6	872.0	31.76	26.17
PTHR12636	1194.0	1152.6	432.0	26.6	21.92
PTHR31606	1282.0	1240.6	715.93	40.94	33.73
PTHR14490	2910.09	2785.89	663.0	36.71	30.25
PTHR14493	9504.24	9255.84	6618.85	219.77	181.07
PTHR15651	2177.0	2135.6	305.0	10.11	8.33
PTHR12380	3363.0	3238.8	1407.0	95.46	78.65
PTHR12385	2845.0	2762.2	10485.06	398.94	328.69
PTHR12706	15120.91	14831.11	627.0	28.24	23.26
PTHR12709	1931.52	1848.73	1000.45	85.81	70.69
PTHR19957	6040.86	5875.27	3174.74	169.69	139.82
PTHR30239	1763.0	1721.6	2438.0	100.29	82.63
PTHR12560	3392.0	3309.2	3303.0	125.44	103.35
PTHR11203	5314.58	5190.38	979.33	31.16	25.68
PTHR12770	6169.01	5962.02	268.0	20.12	16.58
PTHR12097	7251.0	7168.2	4197.43	76.36	62.92
PTHR19842	2635.0	2593.6	711.0	19.39	15.97
PTHR11200	8109.46	8026.67	1539.69	28.11	23.16
PTHR21576	2218.89	2136.09	280.0	17.19	14.17
PTHR24193	12730.93	12275.54	6978.62	383.98	316.37
PTHR12419	5092.58	4885.58	1824.0	125.88	103.7
PTHR23338	3031.0	2906.8	1392.16	99.34	81.85
PTHR30525	1631.0	1589.6	412.0	18.36	15.13
PTHR12413	2005.64	1922.84	113.0	7.94	6.54
PTHR12411	15025.06	14404.1	28625.47	1408.88	1160.73
PTHR23339	3746.78	3663.98	561.0	21.49	17.71
PTHR21717	5369.69	5245.5	4709.99	119.94	98.81
PTHR10943	3910.0	3827.2	1827.0	53.94	44.44
PTHR12897	3002.0	2960.6	657.0	15.69	12.92
PTHR12894	6310.0	6020.21	276.0	23.78	19.57
PTHR12891	1205.0	1163.6	81.0	4.94	4.07
PTHR22976	4671.0	4505.43	8274.0	286.77	236.26
PTHR22975	2865.8	2741.66	627.01	33.97	27.98
PTHR22970	2668.0	2626.6	105.0	2.83	2.33
PTHR21377	1983.0	1900.2	489.45	36.65	30.19
PTHR21371	2074.0	2032.6	15176.9	528.44	435.38
PTHR21373	2449.0	2366.2	361.0	21.96	18.09
PTHR22573	10283.49	10076.51	2895.0	96.79	79.75
PTHR22572	7272.0	7065.0	7244.0	385.84	317.89
PTHR21000	2063.0	2021.6	1442.0	50.48	41.59
PTHR10701	613.0	571.6	239.0	29.86	24.6
PTHR13161	914.0	831.23	140.0	23.46	19.32
PTHR13165	2419.41	2336.61	697.0	42.34	34.88
PTHR21396	1273.0	1190.2	646.99	74.92	61.73
PTHR12965	1874.65	1791.91	353.69	27.34	22.52
PTHR10681	6969.39	6638.2	1398.0	83.75	69.01
PTHR24106	9005.42	8715.63	1574.0	83.38	68.71
PTHR24103	2839.0	2714.8	137.0	9.24	7.61
PTHR10683	1632.0	1590.6	1435.0	63.91	52.66
PTHR11540	2369.0	2203.44	901.0	94.31	77.71
PTHR10836	2311.0	2186.85	9804.35	603.92	497.56
PTHR10835	2404.0	2362.6	703.0	21.05	17.34
PTHR11545	927.0	885.6	39780.2	3193.96	2631.49
PTHR10012	1524.0	1482.6	202.0	9.66	7.96
PTHR13768	2607.0	2524.2	1233.0	71.2	58.65
PTHR24078	11447.0	11115.85	1324.0	66.29	54.61
PTHR11946	14822.0	14573.6	30325.99	621.95	512.41
PTHR11947	4633.43	4550.64	5293.05	170.08	140.13
PTHR11941	9860.84	9571.06	2040.96	99.82	82.25
PTHR24072	1597.0	1555.6	560.0	25.51	21.01
PTHR10496	512.0	470.6	26310.6	4003.07	3298.12
PTHR10491	2780.97	2698.18	1082.0	49.31	40.63
PTHR24076	12298.55	11801.81	2819.0	156.91	129.3
PTHR24077	14801.59	14222.06	71155.29	1587.61	1308.03
PTHR11728	3894.0	3811.2	3199.0	137.42	113.22
PTHR11726	842.0	800.6	57467.02	5108.3	4208.72
PTHR11727	551.0	509.6	47.0	6.6	5.43
PTHR11721	648.0	606.6	40419.94	4755.43	3917.99
PTHR11722	794.0	752.6	30557.03	2891.12	2381.99
PTHR10120	4081.2	3998.4	999.0	35.08	28.9
PTHR10122	1136.0	1094.6	3515.0	227.98	187.83
PTHR11831	2383.0	2258.8	32902.33	2913.87	2400.73
PTHR11835	1802.0	1760.6	5688.0	228.78	188.49
PTHR11614	4933.93	4851.13	3604.25	92.64	76.33
PTHR11615	9988.23	9615.65	8443.0	345.96	285.02
PTHR11618	3847.0	3722.8	894.0	51.92	42.78
PTHR14140	2692.0	2650.6	196.0	5.23	4.31
PTHR32419	1311.01	1269.61	169.0	9.44	7.78
PTHR10231	5621.0	5496.8	551.0	21.31	17.56
PTHR10233	9058.0	8851.0	2302.97	83.68	68.94
PTHR31503	4445.5	4321.3	3241.94	145.6	119.95
PTHR23147	675.55	634.15	342.0	38.47	31.69
PTHR23140	2080.0	2038.6	278.0	9.65	7.95
PTHR23142	1020.0	978.6	142.0	10.31	8.49
PTHR23149	1869.0	1827.6	1511.0	58.54	48.23
PTHR23148	872.1	830.7	161.0	13.79	11.36
PTHR11817	11835.0	11586.6	5952.29	209.35	172.5
PTHR11056	2109.07	2067.67	6209.0	212.51	175.09
PTHR11055	4360.25	4236.05	4268.98	185.74	153.02
PTHR32523	2442.44	2359.64	650.0	35.9	29.58
PTHR31695	2917.0	2875.6	782.0	19.23	15.84
PTHR11819	329.0	287.63	310.0	77.85	64.14
PTHR10544	507.0	465.6	12196.71	1875.91	1545.56
PTHR12629	2585.16	2543.77	2009.0	55.85	46.02
PTHR19316	1500.0	1458.6	187.0	9.09	7.49
PTHR18945	6492.16	6367.96	3463.58	130.27	107.32
PTHR26402	9656.0	9449.0	10238.27	323.4	266.45
PTHR19384	6575.0	6450.8	405.0	14.15	11.65
PTHR12714	5270.24	5104.64	2622.15	101.27	83.44
PTHR12570	4631.96	4507.76	918.92	42.74	35.21
PTHR21494	2475.0	2433.6	251.0	7.29	6.01
PTHR21145	1180.94	1139.55	479.13	29.84	24.59
PTHR21496	4795.0	4588.05	1653.0	117.6	96.89
PTHR21493	31651.44	30906.29	33978.68	1488.51	1226.39
PTHR21499	9100.96	8976.77	11458.14	271.33	223.54
PTHR21148	3903.74	3779.54	525.98	33.43	27.55
PTHR12083	3713.1	3588.9	705.01	37.26	30.69
PTHR19854	3891.0	3766.8	793.99	29.65	24.43
PTHR13976	1590.0	1507.2	126.0	12.39	10.21
PTHR19852	2220.0	2178.6	687.99	22.34	18.41
PTHR16128	3604.0	3438.41	197.0	13.4	11.05
PTHR12400	1500.44	1459.04	569.0	27.64	22.77
PTHR19853	3074.0	3032.6	568.0	13.24	10.91
PTHR30314	1812.0	1770.6	794.0	31.75	26.16
PTHR12882	706.0	664.6	143.0	15.34	12.64
PTHR12883	1422.0	1380.6	196.0	10.06	8.29
PTHR16255	7438.55	7314.36	4034.02	129.48	106.67
PTHR16254	8789.77	8624.17	2311.0	78.33	64.54
PTHR22960	680.0	638.6	41.0	4.58	3.77
PTHR13373	2177.0	2135.6	110.0	3.64	3.0
PTHR13375	1121.0	1079.6	246.0	16.18	13.33
PTHR22967	5238.0	5113.8	3903.99	105.23	86.69
PTHR19858	4925.13	4842.33	806.0	24.2	19.94
PTHR30222	2486.2	2444.81	269.0	7.78	6.41
PTHR13115	2018.64	1977.24	842.07	30.14	24.84
PTHR13117	1603.0	1561.6	22.0	1.0	0.82
PTHR13285	2264.65	2223.25	132.0	4.2	3.46
PTHR13288	1360.0	1318.6	126.96	6.83	5.63
PTHR10953	15403.38	15030.78	2751.0	91.13	75.08
PTHR10954	1046.69	1005.29	42.0	2.97	2.45
PTHR21726	531.0	489.6	8.0	1.17	0.96
PTHR10956	875.0	792.22	41488.99	6179.22	5091.05
PTHR11538	1829.0	1787.6	502.0	19.88	16.38
PTHR10826	902.0	860.6	375.0	30.99	25.53
PTHR11533	14467.96	14302.36	7766.92	141.28	116.4
PTHR11532	1954.0	1912.6	11767.39	435.53	358.83
PTHR10000	4261.02	4136.82	2101.83	126.55	104.27
PTHR13021	1320.0	1278.6	470.0	26.07	21.48
PTHR24006	21181.63	20477.87	6240.91	319.78	263.48
PTHR24003	26057.95	25561.16	17028.15	480.0	395.46
PTHR31446	2319.0	2236.2	1406.0	91.63	75.49
PTHR31190	2645.51	2562.72	3173.0	125.18	103.13
PTHR11441	1428.0	1386.6	383.0	19.58	16.13
PTHR11440	4931.69	4766.09	214.81	11.78	9.72
PTHR11999	8003.82	7838.22	5833.84	208.79	172.03
PTHR11998	6669.56	6503.97	3298.0	170.45	140.44
PTHR11449	475.0	433.6	54044.75	8935.25	7361.74
PTHR11994	1353.0	1270.2	42082.8	4368.4	3599.11
PTHR10133	10793.7	10586.71	7210.81	171.68	141.46
PTHR13620	5367.0	5160.0	2205.01	95.44	78.63
PTHR11847	739.0	697.6	38722.84	3955.51	3258.94
PTHR11843	848.0	806.6	49935.71	4405.52	3629.7
PTHR11661	1816.0	1733.2	46750.25	5423.42	4468.35
PTHR11662	23787.83	23208.25	13107.9	557.87	459.62
PTHR11669	3343.36	3260.56	512.0	22.83	18.81
PTHR11668	15326.36	14953.76	11385.99	491.9	405.27
PTHR20856	12013.0	11806.0	4507.18	83.08	68.45
PTHR20854	4019.0	3894.8	492.68	26.52	21.86
PTHR20855	8516.53	8350.96	2522.98	88.36	72.81
PTHR20852	2918.0	2793.81	10430.88	441.45	363.71
PTHR32404	1376.14	1334.74	621.0	32.99	27.18
PTHR20858	6039.08	5914.88	2280.0	65.65	54.09
PTHR14237	7322.81	7074.42	50391.68	1668.38	1374.58
PTHR10739	4083.0	4000.2	4576.0	192.68	158.74
PTHR23155	60234.45	58661.39	17201.12	667.51	549.99
PTHR23153	2077.49	1994.69	530.0	46.56	38.36
PTHR23151	7085.0	6671.04	6358.0	545.33	449.31
PTHR11063	4580.67	4497.87	10138.69	276.18	227.54
PTHR11062	10573.6	10325.2	3714.09	120.84	99.56
PTHR11061	4465.91	4300.31	562.0	37.84	31.19
PTHR11065	5979.41	5855.22	1980.0	64.76	53.36
PTHR11064	3583.43	3459.23	740.99	35.64	29.37
PTHR11260	9443.85	9195.46	1291.0	65.96	54.35
PTHR11264	1149.79	1108.39	98.0	6.28	5.17
PTHR11266	7310.0	7061.6	7393.36	476.09	392.27
PTHR31998	2913.45	2872.05	2107.23	51.87	42.74
PTHR15838	689.0	647.6	101.0	11.12	9.16
PTHR32338	2635.59	2594.2	2574.0	70.17	57.81
PTHR31407	5301.0	5135.4	946.03	49.93	41.13
PTHR12363	6991.02	6866.82	677.0	15.94	13.13
PTHR18952	3246.0	3163.2	593.0	24.79	20.43
PTHR12765	1976.63	1893.84	483.0	36.28	29.88
PTHR12505	1485.97	1444.57	256.0	12.56	10.35
PTHR22604	3115.62	3032.82	4708.0	200.21	164.95
PTHR21481	1507.0	1465.6	230.0	11.12	9.16
PTHR22778	2140.26	2057.47	273.0	17.93	14.78
PTHR19446	6140.27	5933.29	837.0	31.94	26.32
PTHR12219	1040.0	998.6	1684.98	119.87	98.76
PTHR13561	5972.78	5848.58	458.0	9.18	7.57
PTHR13563	1937.65	1854.85	144.0	11.06	9.11
PTHR12210	1728.49	1645.69	416.07	30.24	24.92
PTHR12215	2011.0	1928.2	701.0	58.05	47.82
PTHR12214	1145.41	1104.02	93.0	5.98	4.93
PTHR22915	11909.68	11578.49	9936.02	495.44	408.19
PTHR22911	7815.21	7566.82	1109.0	61.0	50.26
PTHR22912	8660.64	8453.65	6178.11	267.23	220.19
PTHR12183	1434.0	1392.6	125.0	6.36	5.24
PTHR19849	2561.0	2519.6	155.0	4.35	3.58
PTHR31783	5651.0	5568.2	577.0	16.4	13.51
PTHR22594	4683.0	4600.2	2105.01	66.95	55.15
PTHR11864	3249.0	3166.2	563.0	24.38	20.09
PTHR21152	5265.28	5182.48	7894.9	184.91	152.35
PTHR21021	1198.0	1115.2	86.0	11.69	9.64
PTHR30075	3602.0	3560.6	631.0	12.52	10.32
PTHR11632	2910.16	2868.77	8289.91	204.29	168.31
PTHR13102	2365.0	2323.6	386.0	11.75	9.68
PTHR12984	1992.0	1950.6	240.0	8.71	7.18
PTHR11630	10271.28	10022.88	756.0	28.66	23.62
PTHR11140	7459.0	7376.2	7001.2	110.83	91.31
PTHR13299	1518.0	1435.2	176.0	17.49	14.41
PTHR12652	3860.35	3777.55	7234.41	283.75	233.78
PTHR10925	3417.0	3375.6	2085.0	43.65	35.96
PTHR21737	3383.57	3259.38	740.99	49.59	40.86
PTHR10920	6168.97	6044.77	2392.0	99.87	82.28
PTHR10585	2375.0	2292.2	2507.26	141.29	116.42
PTHR10584	21538.16	21082.77	7065.31	216.26	178.15
PTHR11528	5578.0	5453.8	2608.0	77.28	63.67
PTHR11527	4172.04	4006.46	1554.0	87.91	72.42
PTHR11525	1497.0	1414.2	395.0	39.7	32.71
PTHR10859	818.0	776.6	116.0	10.63	8.76
PTHR10589	3800.87	3718.07	1012.0	32.2	26.53
PTHR10588	2949.0	2824.8	479.0	28.74	23.68
PTHR13038	2182.17	2140.77	741.0	24.49	20.18
PTHR13748	11684.37	11353.17	6467.81	299.89	247.06
PTHR11223	8333.85	8209.65	3726.94	73.99	60.95
PTHR23109	936.0	894.6	75.0	5.96	4.91
PTHR24015	41446.96	40494.76	16582.73	584.42	481.53
PTHR24012	16949.73	16287.37	15582.2	934.62	770.03
PTHR24011	30625.8	29632.21	39806.34	2258.42	1860.67
PTHR31187	5051.46	4968.66	6479.0	195.13	160.77
PTHR10548	1517.73	1476.33	1956.0	93.9	77.36
PTHR10459	11629.1	11380.7	1858.92	62.21	51.25
PTHR11453	5351.0	5226.8	639.0	19.46	16.03
PTHR10108	38869.72	37627.76	37434.08	3541.9	2918.16
PTHR11986	9390.99	9101.19	13500.82	570.62	470.14
PTHR11455	7304.5	7014.72	1056.0	62.46	51.46
PTHR10102	3623.0	3581.6	1484.0	29.28	24.12
PTHR11458	1544.0	1502.6	941.56	44.41	36.59
PTHR10106	1780.0	1738.6	852.03	34.7	28.59
PTHR31057	2692.0	2609.2	101.0	5.39	4.45
PTHR21141	2766.39	2642.2	79816.13	8532.06	7029.55
PTHR11851	15424.68	15093.49	7136.0	277.03	228.24
PTHR23092	1348.0	1306.6	60.0	3.26	2.68
PTHR23091	14762.73	14183.13	4262.0	223.14	183.86
PTHR11673	941.0	899.6	11707.88	925.28	762.34
PTHR11670	4122.0	4039.2	11194.43	308.68	254.32
PTHR11671	1243.0	1201.6	1032.22	60.95	50.22
PTHR20863	2924.0	2758.41	7601.13	592.19	487.89
PTHR20861	1538.0	1496.6	768.0	36.37	29.96
PTHR11679	2561.5	2520.1	910.13	25.54	21.04
PTHR14009	3110.0	3068.6	1975.98	45.52	37.5
PTHR10217	6284.0	6118.4	481.0	19.12	15.74
PTHR14005	4695.0	4653.6	1975.03	29.97	24.7
PTHR10210	4058.0	3975.2	2851.85	105.25	86.72
PTHR31522	1791.0	1749.6	724.0	29.3	24.14
PTHR14221	1800.0	1758.6	632.0	25.45	20.97
PTHR23163	858.0	816.6	250.0	21.78	17.95
PTHR11079	6087.0	5880.0	6219.98	286.56	236.1
PTHR11076	12029.0	11490.81	433.0	28.65	23.58
PTHR11070	3823.91	3741.11	251.0	7.34	6.06
PTHR11071	18954.09	18250.33	5389.1	357.15	294.26
PTHR11278	803.0	761.6	29156.65	2725.72	2245.72
PTHR11276	1021.0	979.6	12.0	0.87	0.72
PTHR11274	2912.0	2829.2	4039.0	196.84	162.18
PTHR31984	4698.84	4574.64	2338.0	92.57	76.27
PTHR16201	2623.38	2581.98	734.0	20.1	16.56
PTHR15350	3448.0	3365.2	1613.98	68.2	56.19
PTHR15606	3263.7	3180.91	284.0	12.25	10.09
PTHR12374	2029.0	1946.21	351.0	25.23	20.79
PTHR12375	1053.0	1011.6	181.0	12.71	10.47
PTHR12378	2068.0	1985.2	168.0	11.76	9.69
PTHR20961	18152.11	17696.71	7295.04	202.86	167.13
PTHR18929	13677.15	13180.37	6923.0	366.95	302.32
PTHR30535	1103.0	1061.6	55.0	3.68	3.03
PTHR12777	681.0	639.6	1184.0	132.03	108.78
PTHR12775	1424.0	1382.6	722.98	37.07	30.54
PTHR20981	628.0	586.6	35095.84	4271.49	3519.28
PTHR16092	2105.31	2022.51	129.0	8.51	7.01
PTHR12406	6278.56	6071.56	33851.96	1788.99	1473.96
PTHR19211	14792.0	14378.03	235577.44	5213.55	4295.44
PTHR22298	11672.6	11465.6	1851.0	49.45	40.75
PTHR12174	5683.0	5558.8	2480.43	91.66	75.52
PTHR12175	2178.0	2095.21	830.05	54.53	44.93
PTHR12176	3191.27	3108.47	74.0	3.26	2.69
PTHR22769	5360.71	5153.73	1266.0	92.12	75.9
PTHR22767	3786.17	3661.97	313.0	21.71	17.89
PTHR22765	2026.12	1943.32	1108.0	85.25	70.24
PTHR22762	10867.01	10660.01	4285.37	106.25	87.54
PTHR22763	2674.0	2591.2	248.0	14.45	11.91
PTHR22761	4199.0	4033.41	3093.67	172.68	142.27
PTHR21231	4831.0	4706.8	1136.99	59.13	48.72
PTHR21230	1494.85	1453.45	241.0	11.75	9.68
PTHR21234	1646.0	1604.6	654.0	28.87	23.79
PTHR21237	1050.0	1008.6	290.0	20.42	16.83
PTHR12202	2152.0	2069.2	532.0	36.06	29.71
PTHR12203	12053.51	11805.11	2994.41	84.66	69.75
PTHR19857	1466.0	1424.6	531.01	26.42	21.77
PTHR13355	1599.0	1557.6	239.0	10.87	8.96
PTHR19855	3948.0	3865.2	348.0	14.94	12.31
PTHR13353	3100.74	3017.95	210.0	11.09	9.13
PTHR12197	10672.53	10175.77	1818.0	88.97	73.31
PTHR13822	1125.0	1083.6	2308.0	151.22	124.59
PTHR21649	11135.83	10556.29	42059.2	3255.85	2682.49
PTHR32442	1366.0	1324.6	104.0	5.57	4.59
PTHR13138	2294.0	2211.2	466.0	28.76	23.7
PTHR10732	689.0	647.6	24916.09	2743.8	2260.61
PTHR10738	4034.0	3992.6	636.0	11.25	9.27
PTHR12992	1244.0	1202.6	44.0	2.6	2.14
PTHR22838	4813.14	4647.54	1324.0	74.85	61.66
PTHR22836	2230.0	2188.6	154.0	4.98	4.1
PTHR10693	411.0	369.61	37.0	7.2	5.93
PTHR32379	1365.0	1323.6	205.0	10.98	9.05
PTHR10938	2616.0	2533.2	1961.0	112.14	92.39
PTHR10934	861.0	819.6	32119.0	2788.32	2297.3
PTHR11510	2196.0	2154.6	10398.99	341.51	281.37
PTHR11516	5376.0	5251.8	8055.21	365.73	301.33
PTHR10025	2751.0	2626.8	1196.0	62.61	51.58
PTHR10026	6321.0	6072.6	1251.48	74.26	61.18
PTHR10027	2390.0	2348.6	252.0	7.59	6.25
PTHR13009	3585.38	3419.79	303.1	25.69	21.16
PTHR13007	1835.72	1794.32	847.0	33.42	27.54
PTHR30115	937.0	895.6	2390.36	189.76	156.34
PTHR11863	3121.0	2996.8	1353.0	73.88	60.87
PTHR17901	798.0	756.6	476.0	44.8	36.91
PTHR24351	6971.32	6764.32	5242.0	172.93	142.48
PTHR20982	1290.0	1248.6	308.0	17.5	14.42
PTHR24352	3451.08	3368.29	554.0	21.3	17.55
PTHR11467	602.0	560.6	3173.19	404.34	333.13
PTHR10119	2365.0	2323.6	1224.98	37.29	30.73
PTHR10343	3532.0	3490.6	1930.39	39.08	32.2
PTHR10110	6724.16	6558.56	1821.0	73.43	60.49
PTHR11469	2570.15	2528.75	1822.0	50.96	41.98
PTHR10445	1222.0	1180.6	196.0	11.78	9.71
PTHR10598	993.0	951.6	37.0	2.76	2.28
PTHR24286	4298.96	4174.76	5053.0	250.54	206.43
PTHR23429	1988.0	1946.6	340.0	12.36	10.19
PTHR23426	2075.52	1992.72	2898.98	209.2	172.36
PTHR10593	3263.0	3180.2	2819.18	120.55	99.32
