GeneFamily	length	effective_length	expected_count	TPM	FPKM
PTHR11649	10027.0	9663.39	13.0	1.99	4.86
PTHR31089	955.0	921.94	0.0	0.0	0.0
PTHR31085	3854.0	3655.64	2.0	0.49	1.19
PTHR11647	3430.5	3331.32	1.0	0.06	0.16
PTHR11880	1492.0	1425.88	335.32	69.07	168.35
PTHR11885	405.0	371.94	24921.6	10310.19	25130.78
PTHR10209	5813.0	5680.76	1.0	0.07	0.18
PTHR32429	2545.72	2479.6	620.71	69.35	169.02
PTHR12403	1809.0	1742.88	3.0	0.45	1.09
PTHR31423	851.0	817.94	4.0	0.74	1.81
PTHR31551	1317.0	1283.94	2.0	0.24	0.58
PTHR32195	639.0	605.94	4.0	1.01	2.46
PTHR11081	2992.5	2893.32	0.0	0.0	0.0
PTHR11080	1708.0	1641.88	4.0	0.73	1.79
PTHR11082	6657.75	6492.46	6.0	0.48	1.17
PTHR11085	8623.0	8424.64	13.0	1.37	3.36
PTHR11645	2105.0	2038.88	3.0	0.44	1.07
PTHR11089	9770.0	9505.52	34.0	2.96	7.22
PTHR32518	6225.0	6059.7	7.0	0.73	1.79
PTHR11247	3522.27	3456.15	250.0	16.47	40.15
PTHR11246	10311.05	9947.41	54.0	7.94	19.36
PTHR32512	3536.0	3436.82	1.0	0.21	0.51
PTHR23088	6649.0	6483.7	14.0	1.51	3.69
PTHR23089	1543.0	1476.88	5.0	0.81	1.98
PTHR23081	2648.0	2548.82	5.0	0.64	1.58
PTHR23083	37116.5	36190.83	54.0	3.67	8.93
PTHR23084	2724.0	2624.82	0.0	0.0	0.0
PTHR23086	755.0	688.88	0.0	0.0	0.0
PTHR18806	1927.0	1860.88	2.0	0.31	0.75
PTHR31953	14366.5	14168.14	11.0	0.59	1.44
PTHR15184	11574.0	11276.46	285.04	23.44	57.1
PTHR15341	595.0	561.94	0.0	0.0	0.0
PTHR15169	2152.0	2085.88	0.0	0.0	0.0
PTHR12341	4781.0	4582.64	6.0	0.95	2.33
PTHR15160	6714.5	6582.26	8.0	0.81	1.96
PTHR18937	5159.0	4861.47	2.0	0.6	1.48
PTHR18934	17363.39	16735.27	96.0	6.05	14.73
PTHR12742	2708.0	2641.9	7.0	0.58	1.41
PTHR12741	2139.0	2072.88	4.0	0.71	1.72
PTHR19288	5415.0	5216.65	5.0	0.69	1.69
PTHR13902	5493.66	5361.42	15.0	1.68	4.07
PTHR13903	3282.0	3215.88	2.0	0.19	0.47
PTHR22753	1410.0	1343.88	0.0	0.0	0.0
PTHR22939	25379.31	24850.41	61.0	3.69	9.01
PTHR22938	1676.0	1576.84	1.0	0.16	0.39
PTHR16266	787.0	753.94	0.0	0.0	0.0
PTHR30612	5843.0	5710.76	10.0	0.34	0.83
PTHR22932	591.0	557.94	2.0	0.55	1.34
PTHR22931	15284.59	14987.05	719.73	31.8	77.48
PTHR22936	7700.0	7501.64	34.0	3.26	7.96
PTHR31038	1197.0	1163.94	0.0	0.0	0.0
PTHR13832	47085.55	46159.91	219.0	14.56	35.44
PTHR21139	2134.0	2100.94	22.0	1.58	3.86
PTHR21136	7613.0	7447.7	22.0	1.93	4.71
PTHR12526	36213.1	35353.55	97.99	6.08	14.84
PTHR13124	666.5	633.44	0.0	0.0	0.0
PTHR13120	945.0	911.94	3.0	0.5	1.22
PTHR22809	315.0	281.95	0.0	0.0	0.0
PTHR22807	5058.0	4826.59	6.0	1.03	2.51
PTHR20661	385.0	351.94	0.0	0.0	0.0
PTHR10900	24251.67	23821.89	415.0	30.86	75.25
PTHR10906	4472.0	4306.72	14.0	2.09	5.1
PTHR10909	19962.0	19565.28	209.97	13.59	33.16
PTHR10055	3245.0	3178.88	8.18	0.87	2.13
PTHR10057	5077.0	4944.76	27.0	3.0	7.32
PTHR10052	1025.0	991.94	795.89	121.77	296.81
PTHR13017	833.0	799.94	0.0	0.0	0.0
PTHR10693	1642.0	1575.88	0.0	0.0	0.0
PTHR10694	6659.0	6427.59	6.0	0.52	1.27
PTHR12839	924.0	857.88	0.0	0.0	0.0
PTHR13923	4007.0	3940.88	5.0	0.49	1.21
PTHR12835	1223.0	1189.94	2.0	0.25	0.62
PTHR24031	71589.25	69605.73	3862.62	230.47	561.7
PTHR24032	1652.0	1618.94	4.0	0.37	0.91
PTHR23291	6201.0	6068.76	42.0	4.6	11.22
PTHR24349	49176.96	48119.08	122.0	9.22	22.46
PTHR24619	3972.68	3840.45	9.0	0.97	2.36
PTHR24343	30782.25	30087.99	126.01	11.29	27.55
PTHR11472	6424.0	6192.59	18.0	3.18	7.74
PTHR24347	8344.84	8080.37	108.0	19.11	46.58
PTHR11476	4660.0	4527.77	3.0	0.4	0.97
PTHR11477	1233.0	1166.88	1.0	0.24	0.59
PTHR10476	3535.0	3402.76	10.0	1.56	3.81
PTHR24290	6456.0	6290.7	3.0	0.26	0.65
PTHR23413	526.0	492.94	107.0	33.22	80.98
PTHR23417	872.0	805.89	1.0	0.31	0.75
PTHR23416	3743.0	3643.82	7.0	0.69	1.7
PTHR23415	1736.0	1702.94	8.0	0.71	1.73
PTHR10871	5608.0	5475.76	819.0	181.09	441.42
PTHR10877	9421.87	9025.16	6.0	0.73	1.76
PTHR11879	3444.0	3344.84	20.0	2.44	5.94
PTHR24316	10234.0	10035.64	70.26	6.01	14.65
PTHR31724	2114.0	2014.83	8.0	2.48	6.05
PTHR11655	3085.0	2952.76	35259.71	8875.39	21633.5
PTHR11652	718.0	684.94	3122.66	694.55	1692.94
PTHR20883	2774.84	2708.72	6.0	0.67	1.64
PTHR11895	9324.0	9092.59	15.0	1.31	3.18
PTHR10277	3597.0	3530.88	13.6	1.09	2.66
PTHR14027	2927.0	2827.82	1.0	0.22	0.53
PTHR24095	10963.0	10566.3	40.0	5.29	12.88
PTHR24092	9179.0	8947.59	3.0	0.23	0.57
PTHR23180	6321.0	5990.41	12.0	3.2	7.79
PTHR14593	338.0	304.95	0.0	0.0	0.0
PTHR11093	1809.0	1775.94	3.0	0.26	0.62
PTHR11096	3220.0	3120.82	2.0	0.2	0.48
PTHR23346	8315.0	8050.52	9.0	1.39	3.4
PTHR11099	2750.0	2650.82	4.0	0.81	1.96
PTHR10309	1906.0	1839.88	5.0	0.75	1.82
PTHR11252	1663.0	1596.88	1.0	0.22	0.54
PTHR11254	16361.84	15932.06	29.71	2.73	6.68
PTHR11255	1798.0	1764.94	4.0	0.34	0.84
PTHR14110	759.0	725.94	0.0	0.0	0.0
PTHR14374	1989.46	1956.41	18.0	1.39	3.39
PTHR18838	2335.0	2301.94	7.0	0.46	1.12
PTHR12687	700.0	633.89	0.0	0.0	0.0
PTHR15157	5226.0	5093.76	4.0	0.46	1.13
PTHR18901	3514.0	3381.76	2.0	0.5	1.23
PTHR12755	1548.0	1514.94	3.0	0.3	0.73
PTHR12750	2802.0	2636.72	5.0	1.56	3.8
PTHR12753	1874.0	1840.94	1.0	0.08	0.2
PTHR15081	1198.0	1164.94	1.0	0.13	0.32
PTHR15574	7067.0	6769.46	4.0	1.08	2.62
PTHR23109	1775.0	1741.94	5.0	0.43	1.06
PTHR13931	10009.5	9645.86	3.0	0.48	1.17
PTHR12358	2367.9	2235.66	3.0	0.68	1.66
PTHR22748	4778.0	4579.64	5.0	0.76	1.85
PTHR12356	3676.5	3577.32	5.0	0.5	1.21
PTHR12221	2357.0	2290.88	5.0	0.52	1.28
PTHR19879	1776.0	1676.82	1.0	0.3	0.73
PTHR12226	1097.0	1063.94	4.0	0.57	1.39
PTHR19876	5192.0	5092.82	17.0	1.72	4.19
PTHR19877	3037.0	2937.82	38.0	6.05	14.74
PTHR21689	1239.0	1172.88	1.0	0.27	0.66
PTHR31442	2877.0	2843.94	7.0	0.37	0.91
PTHR12538	843.0	809.94	476.0	89.36	217.82
PTHR12537	1107.0	1073.94	2.0	0.28	0.69
PTHR12532	2290.0	2256.94	4.0	0.27	0.65
PTHR13486	1061.0	1027.94	3.0	0.44	1.08
PTHR20275	3188.5	3056.27	3.0	0.67	1.62
PTHR13489	454.0	420.94	1.0	0.36	0.89
PTHR17583	5728.0	5529.64	2.0	0.49	1.19
PTHR10150	3866.0	3733.76	5.0	0.69	1.69
PTHR24198	25758.64	25262.76	158.0	7.35	17.88
PTHR10048	6702.0	6470.59	6.76	0.92	2.25
PTHR10046	3394.45	3262.22	8.0	2.44	5.94
PTHR10044	2151.0	2084.88	2.0	0.29	0.71
PTHR13060	317.0	283.95	0.0	0.0	0.0
PTHR10687	1574.0	1540.94	1.0	0.1	0.24
PTHR10681	12849.0	12518.4	48.0	5.33	13.04
PTHR10682	1268.0	1234.94	0.0	0.0	0.0
PTHR10683	6039.0	5906.76	139.0	9.17	22.35
PTHR12829	2611.0	2544.88	3.0	0.36	0.87
PTHR12820	3228.0	3161.88	1.0	0.08	0.2
PTHR12826	619.0	585.94	1.0	0.26	0.64
PTHR12827	362.0	328.95	0.0	0.0	0.0
PTHR17920	509.0	475.94	0.0	0.0	0.0
PTHR11405	8312.42	8180.18	89.08	5.5	13.43
PTHR11404	3238.0	3138.82	16.0	1.77	4.32
PTHR11406	2251.0	2217.94	190.63	12.98	31.64
PTHR32357	516.0	482.94	1.0	0.32	0.77
PTHR13468	918.0	884.94	0.0	0.0	0.0
PTHR13018	15244.31	14748.47	15.0	1.79	4.33
PTHR10954	377.0	343.94	0.0	0.0	0.0
PTHR23406	8132.0	7834.47	6.0	1.06	2.58
PTHR23407	1077.0	1043.94	1.0	0.15	0.35
PTHR10869	21716.0	21253.16	265.0	18.68	45.48
PTHR31717	795.0	761.94	0.0	0.0	0.0
PTHR22942	2707.0	2574.76	2.0	0.57	1.39
PTHR12696	3976.0	3876.82	6.0	0.72	1.75
PTHR11315	4958.5	4859.32	12.0	0.93	2.26
PTHR10139	1220.0	1153.88	0.0	0.0	0.0
PTHR10264	5089.16	4989.98	13.0	1.25	3.04
PTHR10263	1874.0	1807.88	49.0	7.65	18.67
PTHR31407	5544.0	5378.7	123.7	12.21	29.75
PTHR32170	1891.0	1791.82	0.0	0.0	0.0
PTHR23350	1829.0	1762.88	0.0	0.0	0.0
PTHR23354	2953.43	2854.25	38.0	3.23	7.86
PTHR23355	4737.8	4605.57	10.0	0.88	2.15
PTHR23359	10302.5	10104.15	36.0	2.47	6.01
PTHR11227	2667.0	2600.88	5.0	0.65	1.61
PTHR11220	8751.5	8553.14	33.0	2.56	6.26
PTHR11223	4195.0	4095.84	37.0	1.63	3.97
PTHR11229	2946.0	2879.88	15.0	1.77	4.3
PTHR10314	13870.0	13539.4	145.45	13.66	33.31
PTHR14303	701.0	667.94	1.0	0.23	0.56
PTHR14085	1767.0	1700.88	0.0	0.0	0.0
PTHR11139	16715.0	15987.71	31.0	2.45	5.97
PTHR15362	1380.5	1314.45	0.0	0.0	0.0
PTHR11132	26423.32	25762.3	56.0	5.76	14.04
PTHR11134	4050.0	3950.82	8.08	1.0	2.42
PTHR11136	2292.0	2126.72	0.0	0.0	0.0
PTHR32374	4916.5	4850.39	60.0	2.25	5.48
PTHR31579	9664.0	9564.82	33.0	1.41	3.44
PTHR32379	302.0	268.96	0.0	0.0	0.0
PTHR18919	3759.0	3692.88	78.0	7.61	18.54
PTHR32002	753.24	720.18	2.0	0.42	1.03
PTHR14413	1743.0	1676.88	4.0	0.53	1.29
PTHR21368	1983.0	1916.88	9.0	1.5	3.67
PTHR24067	24135.63	23540.55	84.99	9.87	24.09
PTHR10072	6870.0	6737.76	8.12	0.82	2.0
PTHR12786	3107.0	2974.76	9.0	1.08	2.63
PTHR11706	2508.0	2408.83	0.0	0.0	0.0
PTHR12782	1310.0	1276.94	3.0	0.36	0.87
PTHR11742	5327.0	5095.59	3.0	0.36	0.88
PTHR21213	1107.52	1074.46	12.0	1.69	4.13
PTHR11210	1035.0	1001.94	14.0	2.12	5.17
PTHR12321	6659.09	6526.85	9.0	0.55	1.35
PTHR12320	11135.0	11002.76	52.0	2.53	6.15
PTHR12323	326.0	292.95	0.0	0.0	0.0
PTHR16201	2840.0	2707.76	3.0	0.62	1.52
PTHR10774	10905.38	10574.81	24.0	2.07	5.05
PTHR16196	3014.0	2914.82	4.0	0.74	1.82
PTHR16193	464.0	430.94	0.0	0.0	0.0
PTHR22792	3323.33	3158.04	3.0	0.53	1.3
PTHR22790	1978.0	1911.88	0.0	0.0	0.0
PTHR21680	1338.0	1304.94	2.0	0.23	0.57
PTHR21113	1065.0	998.89	0.0	0.0	0.0
PTHR19316	1457.0	1423.94	3.0	0.32	0.78
PTHR21663	329.0	295.95	0.0	0.0	0.0
PTHR13253	11766.0	11402.35	53.0	7.17	17.48
PTHR22603	4137.0	4070.88	1.0	0.05	0.12
PTHR21206	1116.0	1082.94	0.0	0.0	0.0
PTHR13789	21024.5	20528.6	35.0	2.94	7.19
PTHR10071	8253.0	8153.82	25.0	0.95	2.31
PTHR24188	7464.13	7265.77	62.0	4.81	11.71
PTHR13780	6840.46	6576.05	62.0	7.05	17.19
PTHR10670	2895.0	2729.7	1.0	0.25	0.62
PTHR10677	1390.0	1323.88	1.0	0.45	1.1
PTHR13078	4270.0	4170.82	5.0	0.5	1.22
PTHR12815	3741.0	3575.7	0.0	0.0	0.0
PTHR12814	1811.0	1744.88	2.0	0.35	0.87
PTHR24361	12258.25	11993.92	35.0	4.27	10.38
PTHR24362	18811.07	18282.12	45.0	4.18	10.2
PTHR10416	386.0	352.94	0.0	0.0	0.0
PTHR10410	5735.0	5602.76	63.98	4.52	11.04
PTHR10783	8697.0	8465.58	41.0	5.2	12.65
PTHR10782	3947.0	3880.88	5.0	0.37	0.9
PTHR13476	1028.0	994.94	2.0	0.31	0.74
PTHR10788	6624.5	6426.23	9.0	0.55	1.33
PTHR10891	25277.27	24814.44	125.0	10.16	24.78
PTHR10890	4799.0	4666.77	5.0	0.62	1.51
PTHR20426	707.85	674.79	5.0	1.13	2.75
PTHR23213	2272.0	2172.82	0.0	0.0	0.0
PTHR24115	6693.0	6263.27	3.0	1.51	3.68
PTHR10520	4478.09	4378.91	25.0	2.74	6.66
PTHR10250	762.0	728.94	2.0	0.42	1.02
PTHR10527	10947.0	10649.46	14.0	1.76	4.27
PTHR10099	4622.0	4588.94	21.37	0.7	1.71
PTHR31385	3317.0	3217.82	5.0	0.69	1.68
PTHR10091	3784.0	3717.88	76.0	5.08	12.38
PTHR31142	1100.0	1066.94	2.01	0.29	0.69
PTHR31140	5718.05	5651.94	83.0	3.51	8.56
PTHR31412	5292.0	5159.76	7.0	0.89	2.14
PTHR11787	1153.5	1087.42	0.0	0.0	0.0
PTHR11785	13358.57	12994.91	37.0	3.62	8.83
PTHR11782	5977.0	5778.64	4.0	0.43	1.04
PTHR31419	303.0	269.96	0.0	0.0	0.0
PTHR11780	3015.0	2948.88	131.0	11.32	27.57
PTHR21141	2155.0	2088.88	279.13	48.69	118.69
PTHR32148	7319.0	7153.7	207.47	33.4	81.39
PTHR23324	4420.0	4287.76	3.0	0.4	0.98
PTHR23327	3474.0	3374.82	4.0	0.5	1.22
PTHR23326	2468.0	2368.82	2.0	0.32	0.79
PTHR23321	3412.0	3312.82	79.0	9.12	22.23
PTHR23323	5754.0	5621.76	7.0	0.82	1.97
PTHR23322	6221.35	5989.93	10.0	1.86	4.53
PTHR23329	1834.55	1735.38	8.0	1.12	2.74
PTHR11236	2312.0	2245.88	5.0	0.61	1.5
PTHR20932	2609.0	2542.88	0.0	0.0	0.0
PTHR10322	3207.0	3008.66	1.0	0.28	0.69
PTHR11239	4098.81	3999.67	20.0	3.17	7.72
PTHR10803	3316.0	3249.88	5.0	0.46	1.12
PTHR13803	4247.0	4147.82	2.0	0.2	0.48
PTHR31964	14243.0	13912.4	85.0	9.53	23.26
PTHR10552	1532.0	1498.94	0.0	0.0	0.0
PTHR23030	4037.0	3970.88	5.0	0.4	0.95
PTHR11129	2181.0	2114.88	2.0	0.18	0.44
PTHR11122	4844.0	4711.76	6.0	0.77	1.87
PTHR15316	2407.0	2307.83	1.0	0.11	0.28
PTHR11127	1077.0	1010.89	17598.48	8952.47	21821.38
PTHR11125	3109.5	3010.32	0.0	0.0	0.0
PTHR31566	2525.0	2458.88	2.0	0.18	0.43
PTHR31567	1074.0	1040.94	8.0	1.17	2.84
PTHR31561	24851.64	24289.62	501.0	41.31	100.69
PTHR30615	1511.0	1444.88	2.0	0.43	1.04
PTHR15137	721.0	687.94	0.0	0.0	0.0
PTHR14950	507.0	473.94	0.0	0.0	0.0
PTHR15954	1331.0	1264.88	0.0	0.0	0.0
PTHR15952	3097.0	3030.88	8.0	0.75	1.82
PTHR21597	2469.0	2369.82	1.0	0.28	0.68
PTHR19271	425.0	391.94	1.0	0.39	0.96
PTHR21228	58645.33	57091.57	151.0	9.62	23.44
PTHR12022	808.0	774.94	23.0	4.52	11.01
PTHR13343	7530.0	7397.76	10.0	0.7	1.71
PTHR12233	1365.0	1331.94	3.0	0.34	0.83
PTHR12029	7956.0	7658.49	9.0	1.15	2.81
PTHR21220	1011.0	977.94	1.0	0.16	0.38
PTHR22780	5426.0	5194.59	5.0	0.97	2.37
PTHR21477	1231.0	1197.94	2.0	0.25	0.62
PTHR19308	6677.0	6610.88	30.0	1.06	2.58
PTHR16301	2837.0	2770.88	3.0	0.35	0.85
PTHR13265	1180.0	1146.94	2.0	0.26	0.64
PTHR17630	5798.0	5665.76	15.0	1.74	4.21
PTHR10064	603.0	569.94	179.18	48.01	117.03
PTHR10060	1201.0	1167.94	0.0	0.0	0.0
PTHR10663	8896.0	8466.26	2.0	0.35	0.85
PTHR10666	4817.0	4651.7	2547.0	615.04	1499.15
PTHR10668	9960.0	9629.4	4.0	0.6	1.45
PTHR12801	5203.0	5070.76	2.0	0.48	1.17
PTHR12802	5113.0	4947.7	7.0	1.03	2.51
PTHR12805	1310.0	1243.88	0.0	0.0	0.0
PTHR12806	1513.0	1479.94	2.0	0.2	0.5
PTHR21091	13338.74	13008.15	96.0	4.37	10.65
PTHR21090	2751.0	2684.88	6.0	0.81	1.98
PTHR12281	3928.0	3861.88	11.0	1.05	2.55
PTHR24314	2988.0	2921.88	1.0	0.11	0.27
PTHR11933	1294.0	1227.88	0.0	0.0	0.0
PTHR11932	6862.0	6729.76	10.34	0.59	1.42
PTHR11426	5160.42	5028.18	423.0	65.93	160.71
PTHR11937	8923.71	8626.17	71.04	13.18	32.11
PTHR11938	19451.0	19054.28	168.4	10.35	25.24
PTHR13683	5836.33	5671.04	13.0	1.09	2.64
PTHR24089	49069.82	47416.87	284.0	26.71	65.11
PTHR10796	3320.0	3154.71	3.0	0.86	2.09
PTHR10794	3980.34	3881.16	8.0	1.54	3.76
PTHR10795	22084.44	21654.67	55.0	3.62	8.81
PTHR10792	2570.0	2503.88	123.99	19.18	46.77
PTHR10799	31343.19	29756.44	92.88	9.98	24.33
PTHR10882	927.0	860.9	0.0	0.0	0.0
PTHR10887	21331.0	20438.41	14.0	2.18	5.34
PTHR11686	4430.0	4330.82	4.0	0.34	0.82
PTHR11685	8536.65	8272.17	13.0	0.79	1.92
PTHR11680	5320.82	5221.64	39.68	3.23	7.88
PTHR24221	14789.56	14260.62	15.0	1.75	4.26
PTHR24220	8774.0	8575.65	10.04	0.73	1.76
PTHR24223	19127.21	18598.3	20.0	1.22	2.94
PTHR11689	2067.0	1967.82	1.0	0.4	0.98
PTHR10252	3047.0	2980.88	4.0	0.39	0.94
PTHR10537	669.0	602.9	0.0	0.0	0.0
PTHR31173	2925.5	2793.29	0.0	0.0	0.0
PTHR31384	1721.0	1654.88	0.0	0.0	0.0
PTHR10997	9583.36	9219.73	8.0	1.11	2.72
PTHR10098	1356.0	1322.94	1.0	0.11	0.28
PTHR31356	4187.0	4087.82	35.0	3.74	9.12
PTHR31352	8088.0	7988.82	52.0	1.45	3.53
PTHR31350	5080.0	4947.76	3.0	0.3	0.74
PTHR11758	1320.0	1253.88	15533.74	6591.47	16066.52
PTHR23333	1504.0	1470.94	7.0	0.72	1.76
PTHR11751	16795.79	16332.97	37.0	3.5	8.56
PTHR11753	2673.0	2573.82	10.12	1.74	4.26
PTHR11200	11567.0	11401.7	6.0	0.37	0.92
PTHR24423	11148.0	10916.66	7.0	1.08	2.64
PTHR11206	18639.67	18044.6	29.0	2.3	5.6
PTHR11757	10581.0	10283.47	16.96	2.03	4.97
PTHR24420	54559.39	53402.35	176.0	11.79	28.68
PTHR10332	2965.0	2832.76	1.0	0.2	0.5
PTHR13600	5779.0	5646.76	65.11	3.86	9.41
PTHR15744	2687.0	2620.88	2.0	0.26	0.63
PTHR23029	12881.0	12550.4	22.0	2.49	6.1
PTHR23023	8836.0	8571.52	9.0	1.08	2.62
PTHR12847	1944.0	1877.88	2.0	0.35	0.86
PTHR11119	13356.5	13092.02	36.0	2.16	5.26
PTHR31595	5829.12	5663.82	42.0	2.98	7.27
PTHR31596	3054.0	2987.88	6.0	0.36	0.88
PTHR15948	2054.0	1954.82	0.0	0.0	0.0
PTHR32026	2041.0	1974.88	4.0	0.47	1.14
PTHR31829	1591.0	1557.94	45.0	4.37	10.65
PTHR19241	57543.67	56188.24	201.0	13.91	33.92
PTHR15239	2675.0	2509.72	1.0	0.17	0.4
PTHR32497	3774.0	3707.88	0.0	0.0	0.0
PTHR12497	2214.0	2180.94	11.0	0.76	1.86
PTHR12302	3477.0	3443.94	12.0	0.53	1.28
PTHR12652	2485.0	2418.88	32.0	3.18	7.73
PTHR12304	365.0	331.95	0.0	0.0	0.0
PTHR30540	2260.89	2227.83	119.0	8.07	19.66
PTHR30544	8181.94	7983.58	20.0	2.21	5.38
PTHR13302	2831.0	2764.88	4.0	0.32	0.77
PTHR12472	1862.0	1795.88	1.0	0.13	0.31
PTHR13308	1390.0	1356.94	20.0	2.23	5.44
PTHR12477	1705.0	1638.88	0.0	0.0	0.0
PTHR13878	21465.37	20969.47	176.0	13.71	33.44
PTHR21461	1699.0	1665.94	0.0	0.0	0.0
PTHR13872	1922.0	1855.89	12824.84	6967.4	16982.83
PTHR22849	9894.0	9563.4	16.0	2.16	5.26
PTHR21314	1482.0	1448.94	2.0	0.21	0.51
PTHR13271	25696.27	25002.04	38.0	4.57	11.18
PTHR22841	4994.4	4862.17	6.0	0.72	1.77
PTHR21319	4851.5	4686.2	4.0	0.69	1.67
PTHR22847	25537.0	24743.56	29.0	3.7	9.02
PTHR22844	13879.0	13548.41	18.0	0.99	2.41
PTHR13890	7361.0	7162.64	2.0	0.25	0.61
PTHR11601	4818.0	4718.82	4.0	0.39	0.94
PTHR21266	13433.5	13169.02	22.0	1.93	4.73
PTHR12271	2242.0	2175.88	2.0	0.3	0.72
PTHR21262	10570.68	10372.32	21.0	1.42	3.5
PTHR12276	2771.0	2704.88	6.0	0.47	1.15
PTHR10657	2664.0	2564.82	19.0	3.12	7.6
PTHR16557	1374.0	1307.88	1.0	0.2	0.5
PTHR10655	3765.41	3633.17	16.0	2.76	6.71
PTHR10652	1811.0	1744.88	3.0	0.54	1.33
PTHR17972	800.0	733.89	0.0	0.0	0.0
PTHR21085	1462.0	1428.94	7.0	0.74	1.81
PTHR11922	4863.0	4763.82	16.0	1.21	2.94
PTHR24305	19897.15	19368.21	44.0	3.32	8.09
PTHR11926	18350.26	17986.6	132.0	8.24	20.1
PTHR11431	2830.8	2764.7	33.0	3.51	8.56
PTHR10430	6261.0	6161.82	42.0	5.59	13.64
PTHR10436	5061.0	4895.7	3.0	0.28	0.67
PTHR10434	658.0	624.94	0.0	0.0	0.0
PTHR24096	13066.49	12768.95	121.0	13.49	32.85
PTHR13693	3833.8	3668.5	14.0	2.42	5.9
PTHR13691	1311.0	1277.94	447.01	52.98	129.15
PTHR24093	57541.73	55987.95	391.9	15.74	38.37
PTHR13451	429.0	395.94	0.0	0.0	0.0
PTHR13452	1958.0	1891.88	3.0	0.55	1.34
PTHR10759	921.0	887.94	99.0	16.94	41.29
PTHR12901	632.0	598.94	0.0	0.0	0.0
PTHR12903	1786.0	1719.88	5.0	0.8	1.95
PTHR13992	662.0	595.9	0.0	0.0	0.0
PTHR23237	309.0	275.95	0.0	0.0	0.0
PTHR13375	398.0	364.94	0.0	0.0	0.0
PTHR10501	592.0	558.94	2.0	0.55	1.33
PTHR31169	637.0	603.94	0.0	0.0	0.0
PTHR12277	4894.0	4761.76	10.0	1.16	2.82
PTHR14087	1369.0	1335.94	2.0	0.23	0.55
PTHR23309	4131.0	4064.88	79.0	5.07	12.35
PTHR31344	851.0	817.94	1.0	0.19	0.45
PTHR31619	2325.0	2291.94	4.0	0.26	0.64
PTHR23306	1671.0	1604.88	2.0	0.38	0.92
PTHR23305	3092.0	2992.82	9.0	1.06	2.57
PTHR14089	2343.5	2244.32	2.0	0.27	0.66
PTHR11748	11593.82	11329.34	25.0	1.87	4.57
PTHR11214	419.07	386.07	2.0	0.8	1.94
PTHR11216	3730.0	3630.82	4.0	0.44	1.07
PTHR14154	12779.0	12448.4	27.0	3.25	7.94
PTHR14155	8100.0	7934.7	10.0	1.21	2.96
PTHR10343	7459.0	7260.64	23.0	1.91	4.66
PTHR11699	13974.5	13544.72	20.0	2.23	5.45
PTHR11692	1855.0	1821.94	6.0	0.5	1.21
PTHR11693	3417.0	3350.88	117.0	10.22	24.92
PTHR11695	25766.17	25071.93	65.0	7.06	17.19
PTHR31760	1883.0	1849.94	4.0	0.33	0.8
PTHR31840	1263.5	1197.38	0.0	0.0	0.0
PTHR31906	14408.42	14077.82	36.0	3.62	8.83
PTHR21419	1741.0	1707.94	2.0	0.18	0.43
PTHR23012	17587.0	17256.4	106.0	5.42	13.23
PTHR11101	10675.56	10543.32	280.0	19.26	46.94
PTHR11102	4619.0	4486.77	5.0	0.49	1.2
PTHR11106	1922.0	1888.94	3.0	0.24	0.59
PTHR31585	3876.5	3711.21	5.0	0.63	1.55
PTHR32125	2173.0	2106.88	3.0	0.41	0.99
PTHR31588	2171.0	2137.94	6.0	0.42	1.03
PTHR32120	1822.0	1755.88	0.0	0.0	0.0
PTHR15680	2513.0	2446.88	14.0	1.26	3.08
PTHR10281	3716.0	3616.82	3.0	0.32	0.8
PTHR26312	4667.0	4567.82	16.0	1.39	3.4
PTHR18895	3071.0	2938.78	2.0	0.21	0.52
PTHR12486	1093.0	1026.9	0.0	0.0	0.0
PTHR12480	2847.0	2714.76	0.0	0.0	0.0
PTHR12482	2599.0	2499.82	3.0	0.51	1.24
PTHR30239	1671.0	1637.94	3.0	0.28	0.68
PTHR12317	16703.39	16306.67	70.0	4.96	12.1
PTHR12649	2027.0	1960.88	0.0	0.0	0.0
PTHR12461	4096.0	3897.65	1.0	0.32	0.77
PTHR12466	1142.0	1108.94	2.0	0.27	0.67
PTHR13561	1232.0	1165.88	0.0	0.0	0.0
PTHR13847	8836.0	8604.59	9.0	0.83	2.02
PTHR22854	3614.0	3514.83	3.0	0.56	1.37
PTHR12000	3845.0	3745.82	22.0	1.51	3.69
PTHR12001	6505.0	6405.82	4.0	0.18	0.44
PTHR21327	6128.71	6029.53	16.0	1.22	2.95
PTHR21631	8134.01	8001.77	265.0	16.97	41.35
PTHR22855	8641.0	8475.7	38.97	3.35	8.18
PTHR22850	7267.53	7069.18	22.0	3.24	7.91
PTHR22504	1088.0	1054.94	2.0	0.29	0.7
PTHR12189	1229.0	1195.94	1.0	0.13	0.31
PTHR21256	2714.0	2647.88	5.0	0.66	1.6
PTHR12266	3598.0	3498.82	2.0	0.38	0.92
PTHR10648	2239.0	2205.94	5.0	0.34	0.83
PTHR30178	2204.0	2170.94	165.0	11.48	27.98
PTHR10641	18431.17	17902.23	32.0	2.63	6.44
PTHR10644	8696.0	8530.7	9.0	0.31	0.75
PTHR12864	6217.0	6051.71	7.0	1.03	2.53
PTHR12860	2259.0	2192.88	5.0	0.71	1.75
PTHR13194	4478.65	4346.42	14.0	1.38	3.35
PTHR13190	413.0	379.94	0.0	0.0	0.0
PTHR13193	1339.0	1305.94	8.0	0.93	2.26
PTHR11913	2665.0	2631.94	7.0	0.4	0.98
PTHR11911	9195.0	9029.7	154.0	10.71	26.12
PTHR11910	2281.0	2214.88	141.0	17.42	42.44
PTHR11918	5243.67	5078.38	8.0	0.61	1.48
PTHR12919	1318.0	1251.88	4.0	1.02	2.48
PTHR12910	810.0	776.94	4.0	0.78	1.91
PTHR12917	1767.0	1700.88	0.0	0.0	0.0
PTHR11351	6742.0	6642.82	176.0	12.56	30.6
PTHR11353	21563.0	21034.06	175.15	14.81	36.14
PTHR11599	14661.0	14231.22	48.0	6.62	16.15
PTHR10516	18471.69	17909.68	98.0	10.75	26.25
PTHR11592	1948.0	1881.88	6.0	1.12	2.74
PTHR11659	2158.0	2124.94	1.0	0.07	0.17
PTHR13273	1412.0	1378.94	9.0	0.99	2.41
PTHR31096	3646.37	3514.14	36.0	4.11	10.02
PTHR13734	1904.0	1870.94	5.0	0.4	0.98
PTHR31098	4893.0	4793.82	46.0	3.39	8.25
PTHR31620	6428.0	6328.82	65.0	3.62	8.83
PTHR23315	15126.36	14861.88	37.0	3.87	9.41
PTHR23316	2809.0	2775.94	24.62	1.34	3.26
PTHR12265	334.0	300.95	0.0	0.0	0.0
PTHR11777	5445.0	5345.82	72.8	3.71	9.04
PTHR11774	2738.0	2638.82	5.0	1.0	2.43
PTHR11773	4093.0	4059.94	14.0	0.52	1.27
PTHR11772	10196.51	9998.15	58.0	3.85	9.37
PTHR10357	23129.5	22501.38	148.03	9.22	22.46
PTHR10353	12293.0	12028.52	179.0	11.82	28.83
PTHR10350	2320.0	2187.76	1.0	0.41	1.0
PTHR10351	10253.0	10021.58	76.0	10.82	26.35
PTHR32557	2094.0	2060.94	11.0	0.81	1.97
PTHR10359	925.5	892.44	0.0	0.0	0.0
PTHR31750	997.0	963.94	1.0	0.16	0.38
PTHR23418	1098.44	1065.39	4.0	0.57	1.39
PTHR14189	861.0	794.88	0.0	0.0	0.0
PTHR32228	1747.0	1713.94	2.0	0.18	0.43
PTHR31245	1245.0	1211.94	1.0	0.13	0.3
PTHR23001	3390.0	3323.88	7.0	0.47	1.13
PTHR23002	2146.0	2112.94	1.0	0.07	0.17
PTHR11177	3068.0	2968.82	16.0	2.31	5.63
PTHR11178	4196.1	4096.92	17.99	2.6	6.35
PTHR14456	1017.0	950.88	0.0	0.0	0.0
PTHR31808	3271.5	3172.32	1.0	0.09	0.23
PTHR31803	8911.0	8811.82	20.89	1.12	2.72
PTHR11009	1003.0	969.94	1.0	0.16	0.38
PTHR30075	2852.0	2752.83	2.0	0.57	1.38
PTHR19229	12207.0	11843.36	12.0	1.64	4.02
PTHR11005	9551.76	9320.35	74.0	5.01	12.17
PTHR18640	1882.0	1749.79	0.0	0.0	0.0
PTHR18866	19657.27	19326.67	113.15	8.62	21.0
PTHR15074	2049.0	1982.88	2.0	0.31	0.76
PTHR15588	1968.0	1901.88	3.0	0.52	1.27
PTHR12677	10894.0	10695.64	43.0	2.48	6.04
PTHR19134	2547.0	2480.88	3.0	0.36	0.88
PTHR19139	9482.49	9284.13	141.0	14.05	34.22
PTHR30566	2571.0	2504.88	0.0	0.0	0.0
PTHR12456	1935.0	1868.88	0.0	0.0	0.0
PTHR12452	710.0	676.94	3.0	0.68	1.65
PTHR19359	988.0	954.94	5.0	0.79	1.94
PTHR12072	2999.0	2899.82	3.0	0.35	0.85
PTHR13218	1220.0	1186.94	2.0	0.26	0.62
PTHR13215	1644.0	1577.88	0.0	0.0	0.0
PTHR13213	1071.0	1004.89	0.0	0.0	0.0
PTHR10634	2363.0	2329.94	69.0	4.47	10.9
PTHR12290	1296.0	1229.89	1.0	0.16	0.4
PTHR21530	2413.0	2313.82	1.0	0.21	0.51
PTHR12295	643.0	576.91	0.0	0.0	0.0
PTHR12298	5107.0	4974.76	2.0	0.1	0.24
PTHR10638	13054.84	12823.43	111.0	5.21	12.71
PTHR10631	1658.0	1591.89	3.0	0.35	0.86
PTHR10984	5055.0	4955.82	11.0	0.89	2.17
PTHR12858	2580.0	2447.76	3.0	0.46	1.11
PTHR13505	1225.0	1191.94	2.0	0.25	0.62
PTHR12850	989.0	922.88	40757.11	18226.66	44426.95
PTHR12856	1599.0	1532.91	0.0	0.0	0.0
PTHR12855	1945.0	1878.88	1.0	0.14	0.35
PTHR12854	1242.0	1208.94	1.0	0.13	0.31
PTHR13182	1506.0	1472.94	5.0	0.51	1.25
PTHR10182	1901.0	1867.94	3.0	0.24	0.59
PTHR10743	1669.0	1602.89	0.0	0.0	0.0
PTHR10742	19768.0	19272.1	36.0	2.83	6.88
PTHR10745	2343.0	2309.94	16.0	1.05	2.55
PTHR10744	2624.0	2491.77	17992.24	9491.59	23135.45
PTHR10746	2836.0	2769.88	10.0	1.85	4.51
PTHR12924	1688.0	1654.94	7.0	0.64	1.56
PTHR23308	4679.5	4514.2	14.0	1.31	3.19
PTHR10027	2524.0	2457.88	1.0	0.16	0.4
PTHR11349	3711.0	3611.82	109.0	16.83	41.02
PTHR10566	26310.34	25583.04	44.0	2.78	6.77
PTHR10293	3653.0	3520.76	15.0	2.58	6.3
PTHR10291	1846.0	1812.94	0.0	0.0	0.0
PTHR11584	3515.0	3448.88	6.0	0.43	1.04
PTHR11586	4032.0	3899.76	4.0	0.6	1.46
PTHR11909	5073.13	4973.97	173.21	10.94	26.67
PTHR24320	13639.0	13242.28	51.0	2.9	7.06
PTHR24322	25261.27	24434.81	90.0	11.2	27.3
PTHR11907	3065.0	2998.88	2.0	0.14	0.34
PTHR11760	2535.0	2468.88	767.31	95.76	233.41
PTHR11761	2050.0	1950.83	271.25	120.52	293.74
PTHR11766	1156.0	1122.94	0.0	0.0	0.0
PTHR11767	3517.0	3450.88	3.0	0.23	0.55
PTHR10361	540.25	507.21	2.0	0.6	1.47
PTHR10366	26223.39	25628.31	176.56	17.22	41.96
PTHR10169	3144.0	2945.66	0.0	0.0	0.0
PTHR10168	3649.0	3516.76	19.0	3.01	7.35
PTHR20973	1095.0	1061.94	0.0	0.0	0.0
PTHR10165	7312.0	7146.7	7.0	0.61	1.49
PTHR31032	2090.0	2056.94	2.0	0.15	0.36
PTHR23257	125546.21	122637.0	198.0	17.21	41.93
PTHR23253	6613.0	6447.7	13.0	1.51	3.64
PTHR14190	1905.0	1838.88	0.0	0.0	0.0
PTHR14194	8048.5	7883.2	15.04	1.52	3.71
PTHR31251	5650.23	5418.85	5.0	0.61	1.46
PTHR23074	5009.0	4843.71	13.0	1.2	2.91
PTHR23077	11089.0	10659.22	41.0	2.75	6.71
PTHR23076	24510.57	23915.5	170.07	12.95	31.62
PTHR23073	9075.38	8810.9	135.5	17.13	41.76
PTHR23078	2421.0	2387.94	2.0	0.13	0.31
PTHR11165	2176.0	2109.88	32.0	3.47	8.45
PTHR10772	2937.0	2837.82	15.0	2.22	5.41
PTHR32100	12210.5	12012.14	221.37	9.97	24.33
PTHR14534	909.67	876.61	0.0	0.0	0.0
PTHR14445	1419.0	1319.83	1.0	0.41	1.0
PTHR31811	1122.0	1055.88	0.0	0.0	0.0
PTHR23102	679.0	645.94	3.0	0.71	1.73
PTHR23105	5810.0	5611.65	1313.9	250.64	610.96
PTHR11010	2104.0	2004.83	2.0	0.24	0.58
PTHR11014	7952.62	7655.09	17.0	1.7	4.17
PTHR11453	2219.0	2152.88	1.0	0.14	0.35
PTHR14152	2651.0	2584.88	5.0	0.36	0.89
PTHR12668	4021.0	3888.76	3.0	0.52	1.25
PTHR12661	668.0	601.9	0.0	0.0	0.0
PTHR12663	759.0	725.94	1.0	0.21	0.51
PTHR12664	526.0	492.94	0.0	0.0	0.0
PTHR16166	4677.0	4511.72	9.0	0.45	1.09
PTHR12111	1853.0	1786.88	0.0	0.0	0.0
PTHR12446	1200.0	1133.89	1.0	0.19	0.45
PTHR12447	797.0	763.94	0.0	0.0	0.0
PTHR15481	741.0	707.94	0.0	0.0	0.0
PTHR26379	1578.0	1511.89	2.0	0.25	0.61
PTHR12599	3855.0	3755.82	5.0	0.74	1.81
PTHR12596	6310.0	6144.7	8.57	0.78	1.89
PTHR12590	1554.0	1454.86	7.0	2.06	5.02
PTHR12066	422.0	388.94	0.0	0.0	0.0
PTHR12064	8801.5	8537.02	3.0	0.51	1.26
PTHR13226	3460.0	3327.76	2.0	0.31	0.76
PTHR13889	3596.0	3463.77	4.0	0.45	1.1
PTHR13887	1153.9	1120.84	8.0	1.08	2.64
PTHR21181	2225.46	2159.34	11.0	1.31	3.2
PTHR12411	17103.0	16673.23	72.0	5.37	13.12
PTHR10459	3161.0	2995.71	0.0	0.0	0.0
PTHR10458	1095.0	1061.94	0.0	0.0	0.0
PTHR19306	2601.33	2502.16	3.0	0.29	0.7
PTHR21506	2398.0	2364.94	7.0	0.45	1.09
PTHR12280	1045.0	945.84	0.0	0.0	0.0
PTHR11451	8467.02	8301.72	25.86	2.8	6.8
PTHR12286	4299.0	4166.77	4.0	0.47	1.13
PTHR22983	4692.0	4592.82	2.0	0.22	0.55
PTHR22981	6175.0	6042.76	8.0	0.8	1.96
PTHR10947	2107.0	2040.88	2.0	0.27	0.65
PTHR30191	4072.0	4038.94	55.96	2.09	5.09
PTHR13082	1444.0	1410.94	3.0	0.32	0.78
PTHR10629	1429.0	1329.83	1.0	0.24	0.59
PTHR10994	24801.8	24338.98	50.0	3.82	9.31
PTHR10996	8822.0	8590.6	24.0	2.0	4.88
PTHR10625	14414.46	13951.65	108.98	10.04	24.51
PTHR10992	68010.19	66522.51	333.0	19.34	47.21
PTHR10993	3430.0	3297.76	11.0	1.9	4.64
PTHR17695	1373.0	1273.84	0.0	0.0	0.0
PTHR12848	3365.5	3233.26	2.0	0.3	0.73
PTHR12849	1538.0	1471.88	1.0	0.15	0.38
PTHR10943	5083.0	5016.9	5.0	0.21	0.51
PTHR21294	1094.0	1060.94	0.0	0.0	0.0
PTHR12841	1287.0	1253.94	1.0	0.12	0.29
PTHR21290	3241.0	3174.88	5.0	0.27	0.66
PTHR21349	1494.0	1427.88	9.0	1.93	4.7
PTHR21347	2544.0	2510.94	0.0	0.0	0.0
PTHR21343	2273.0	2206.88	1.0	0.09	0.21
PTHR10196	1911.0	1877.94	3.0	0.24	0.59
PTHR10192	2443.0	2376.88	5.0	0.51	1.24
PTHR10751	2973.0	2906.88	2.0	0.15	0.36
PTHR10755	4366.0	4299.88	21.07	1.9	4.62
PTHR10758	1602.0	1568.94	2.0	0.19	0.47
PTHR13152	1417.0	1350.88	1.0	0.15	0.37
PTHR12932	2022.0	1955.88	2.0	0.21	0.52
PTHR12934	1814.0	1747.88	6.0	1.08	2.65
PTHR10288	6979.0	6813.7	36.0	2.44	5.95
PTHR11800	3890.5	3791.32	5.0	0.59	1.46
PTHR11802	12107.7	11777.11	50.0	4.61	11.23
PTHR22870	23148.0	22519.87	34.0	2.65	6.46
PTHR11807	993.12	960.06	10.0	1.58	3.85
PTHR11374	1718.06	1685.0	23.92	2.15	5.23
PTHR11808	6446.28	6314.04	51.0	3.82	9.3
PTHR10283	13069.5	12805.03	38.0	2.31	5.64
PTHR10285	9359.0	9094.52	209.99	16.53	40.29
PTHR10286	3393.0	3293.82	98.0	12.8	31.2
PTHR11579	4317.47	4251.36	25.0	1.67	4.09
PTHR13355	876.0	842.94	8.0	1.44	3.52
PTHR13718	3141.0	3074.88	2580.07	391.09	953.26
PTHR13711	6849.0	6683.71	39.0	5.62	13.73
PTHR13710	1729.0	1629.82	0.0	0.0	0.0
PTHR11977	3254.0	3187.88	17.0	1.55	3.78
PTHR11972	3553.71	3487.6	7.0	0.53	1.28
PTHR31480	1516.0	1482.94	0.0	0.0	0.0
PTHR31485	5433.0	5333.82	13.0	0.91	2.22
PTHR11715	687.0	653.94	11.0	2.56	6.25
PTHR11717	1123.0	1089.94	1.0	0.14	0.34
PTHR11711	8067.01	7769.47	178.0	45.18	110.13
PTHR11712	5898.0	5765.76	10.03	1.03	2.5
PTHR10374	2282.95	2216.83	10.0	1.34	3.26
PTHR10178	51085.91	50160.26	339.05	17.52	42.73
PTHR20961	326.0	292.95	0.0	0.0	0.0
PTHR10173	7688.0	7489.64	11.0	1.39	3.39
PTHR10177	7792.0	7659.76	7.0	0.35	0.88
PTHR10174	12406.69	12142.21	143.0	11.86	28.92
PTHR23249	1773.0	1706.88	0.0	0.0	0.0
PTHR23244	11338.0	10908.26	15.0	2.14	5.23
PTHR23245	965.0	898.88	0.0	0.0	0.0
PTHR23240	1345.0	1245.83	2.0	0.54	1.32
PTHR14614	9235.44	8871.79	18.0	2.15	5.23
PTHR31268	2786.0	2653.76	0.0	0.0	0.0
PTHR31262	1707.0	1640.88	1189.98	147.58	359.73
PTHR23063	6417.0	6284.76	9.0	0.87	2.12
PTHR11620	757.0	723.94	234.9	49.4	120.41
PTHR11624	11122.0	10956.7	447.18	34.64	84.41
PTHR11627	3303.0	3203.83	480.44	41.39	100.88
PTHR11390	3119.0	3052.89	2.0	0.11	0.27
PTHR32442	888.0	854.94	4.0	0.71	1.73
PTHR31319	8431.0	8298.76	32.0	1.4	3.4
PTHR14052	1289.0	1255.94	2.0	0.24	0.59
PTHR32118	3144.0	3110.94	36.0	1.75	4.26
PTHR23117	2410.0	2310.82	8.0	1.22	2.97
PTHR23115	35764.19	34772.44	15448.34	1245.6	3036.13
PTHR11028	1435.0	1401.94	3.0	0.32	0.79
PTHR11024	2304.0	2237.88	3.0	0.3	0.73
PTHR11778	2359.0	2259.83	9.0	0.93	2.26
PTHR10066	6204.0	6038.7	17.0	1.12	2.72
PTHR12616	2846.0	2746.82	2.0	0.32	0.8
PTHR12613	3996.0	3962.94	7.0	0.27	0.65
PTHR12612	796.0	762.94	1.0	0.2	0.49
PTHR32060	3475.0	3375.82	0.0	0.0	0.0
PTHR12436	4468.0	4368.82	6.0	0.25	0.61
PTHR22734	1554.0	1487.88	2.0	0.28	0.67
PTHR12121	9627.0	9230.29	27.14	4.24	10.33
PTHR12438	2844.0	2810.94	2.0	0.11	0.26
PTHR15492	886.0	852.94	0.0	0.0	0.0
PTHR21426	2041.0	2007.94	2.0	0.15	0.37
PTHR21427	679.0	645.94	0.0	0.0	0.0
PTHR19372	3701.0	3634.88	5.0	0.34	0.83
PTHR19370	8856.67	8625.25	15.0	1.65	4.02
PTHR19376	13517.76	13187.19	33.98	3.37	8.22
PTHR19375	16132.45	15570.43	258.94	43.91	107.07
PTHR12725	5363.0	5263.82	28.0	2.08	5.06
PTHR22884	10290.0	9794.13	9.0	1.68	4.11
PTHR22881	2007.0	1973.94	3.0	0.23	0.56
PTHR22880	4941.0	4742.64	3.0	0.37	0.91
PTHR12542	2239.0	2205.94	10.0	0.68	1.67
PTHR12547	4226.0	4159.88	12.0	0.76	1.86
PTHR12124	1043.0	1009.94	0.0	0.0	0.0
PTHR21512	643.0	609.94	0.0	0.0	0.0
PTHR30508	4913.2	4814.06	46.0	3.74	9.12
PTHR14744	1155.0	1121.94	0.0	0.0	0.0
PTHR30502	958.0	924.94	0.0	0.0	0.0
PTHR10617	7742.19	7576.89	165.0	11.05	26.94
PTHR10615	5692.0	5526.71	31.0	3.39	8.28
PTHR13527	1037.0	1003.94	0.0	0.0	0.0
PTHR22958	4855.49	4756.32	120.0	7.94	19.36
PTHR22951	1434.0	1367.88	2.0	0.46	1.12
PTHR22950	33309.08	32416.54	44.0	4.33	10.52
PTHR22953	3254.0	3187.88	8.0	0.75	1.83
PTHR22952	12544.78	12346.43	197.0	9.62	23.43
PTHR22957	10046.15	9748.62	38.58	3.52	8.57
PTHR21600	1073.0	1039.94	0.0	0.0	0.0
PTHR24056	8503.0	8205.46	8.0	1.37	3.36
PTHR24054	4790.5	4658.26	77.99	6.66	16.25
PTHR24055	11432.15	11002.38	68.0	8.31	20.22
PTHR24058	6268.0	6102.71	9.0	0.6	1.46
PTHR10766	7962.07	7763.71	48.99	4.46	10.87
PTHR10762	830.0	763.88	0.0	0.0	0.0
PTHR30031	4030.0	3930.83	85.69	4.08	9.94
PTHR12945	379.0	345.94	0.0	0.0	0.0
PTHR12944	822.0	788.94	0.0	0.0	0.0
PTHR23163	645.0	611.94	0.0	0.0	0.0
PTHR24128	5705.0	5506.64	1.0	0.09	0.21
PTHR13096	1094.0	1060.94	3.0	0.43	1.05
PTHR11364	1436.0	1402.94	6.0	0.65	1.58
PTHR11365	2128.0	2028.82	2.0	0.31	0.75
PTHR11361	4786.0	4554.61	8.0	1.71	4.18
PTHR11814	3999.0	3833.71	2.0	0.69	1.69
PTHR10543	6916.0	6618.48	7.0	0.94	2.32
PTHR10540	4848.09	4748.91	26.0	3.1	7.57
PTHR10544	736.0	702.94	104.0	22.53	54.92
PTHR11562	1331.0	1264.88	0.0	0.0	0.0
PTHR11566	9619.0	9420.65	24.0	1.54	3.77
PTHR11567	1922.0	1855.88	6.0	0.9	2.17
PTHR11564	7753.0	7554.64	49.99	3.99	9.72
PTHR11962	2838.0	2705.77	2.0	0.41	0.99
PTHR11963	4493.0	4426.88	7.0	0.5	1.2
PTHR24315	2213.0	2179.94	5.0	0.35	0.84
PTHR10381	8362.74	8164.38	76.64	9.51	23.19
PTHR10383	3745.0	3678.88	87.0	6.8	16.59
PTHR11705	5870.39	5771.21	12.0	0.95	2.33
PTHR11702	12002.0	11737.52	34.03	2.86	6.93
PTHR11700	1490.0	1423.88	370.0	88.78	216.41
PTHR10388	1463.0	1429.94	63.0	6.67	16.25
PTHR11709	7737.67	7605.44	18.0	1.26	3.08
PTHR10145	4488.0	4355.76	0.0	0.0	0.0
PTHR23273	4100.0	3967.76	2.0	0.23	0.56
PTHR23270	2007.0	1874.78	1.0	0.5	1.21
PTHR23050	3131.0	3031.82	58.0	7.96	19.42
PTHR23056	660.0	626.94	0.0	0.0	0.0
PTHR23054	1175.0	1141.94	4.0	0.53	1.29
PTHR11638	14573.42	14308.95	605.57	50.06	122.01
PTHR31783	6654.0	6587.88	6.0	0.29	0.7
PTHR11632	6606.0	6506.82	74.51	4.9	11.94
PTHR11630	6581.0	6184.32	3.0	0.95	2.31
PTHR11140	7680.0	7580.82	416.94	18.61	45.37
PTHR11141	3116.0	3082.94	1.0	0.05	0.12
PTHR11142	3887.0	3721.72	5.0	0.57	1.41
PTHR11143	1237.0	1170.88	28265.91	10471.97	25525.11
PTHR11380	1035.0	1001.94	5.0	0.76	1.85
PTHR11384	5253.5	5088.28	1.0	0.07	0.16
PTHR32477	1071.5	1005.39	0.0	0.0	0.0
PTHR14043	1421.0	1354.88	0.0	0.0	0.0
PTHR32472	418.0	384.94	0.0	0.0	0.0
PTHR31658	354.0	320.95	0.0	0.0	0.0
PTHR14269	2863.0	2763.82	5.0	0.71	1.73
PTHR11276	1792.0	1692.84	0.0	0.0	0.0
PTHR22883	9780.6	9483.06	15.0	1.75	4.25
PTHR23125	39251.19	38424.71	80.0	5.29	12.88
PTHR12050	916.0	882.94	3.0	0.52	1.26
PTHR30603	4515.0	4415.82	26.0	1.14	2.79
PTHR19211	18895.07	18366.14	35408.53	13331.51	32495.15
PTHR23338	2282.0	2215.88	3.0	0.45	1.12
PTHR12608	4002.0	3869.77	2.0	0.28	0.68
PTHR12604	5005.0	4938.88	2.0	0.14	0.33
PTHR12603	1531.0	1464.88	1.0	0.18	0.43
PTHR32091	1431.0	1364.88	3.0	0.54	1.31
PTHR23339	2678.0	2578.82	9.0	1.19	2.91
PTHR32098	2635.5	2503.27	0.0	0.0	0.0
PTHR18763	314.0	280.95	0.0	0.0	0.0
PTHR22726	4542.0	4409.76	80.0	4.86	11.83
PTHR22727	24014.86	23816.51	45.0	2.66	6.49
PTHR12428	5534.0	5368.7	4.0	0.5	1.23
PTHR18968	11855.3	11623.88	146.0	7.29	17.78
PTHR12730	2217.0	2150.88	1.0	0.09	0.22
PTHR12736	3462.0	3395.88	16.0	1.3	3.17
PTHR12735	3836.0	3703.76	5.0	0.85	2.06
PTHR15020	8497.5	8266.08	10.0	1.25	3.05
PTHR12049	2242.0	2142.82	2.0	0.38	0.93
PTHR12558	1248.0	1148.83	0.0	0.0	0.0
PTHR12553	3530.0	3430.82	11.0	1.18	2.88
PTHR24072	828.33	795.28	0.0	0.0	0.0
PTHR24073	15623.8	15194.02	217.0	30.14	73.47
PTHR21569	4986.0	4919.88	126.0	13.86	33.78
PTHR21567	448.0	414.94	0.0	0.0	0.0
PTHR13950	465.0	431.94	0.0	0.0	0.0
PTHR12133	1072.0	1038.94	1.0	0.15	0.36
PTHR10972	11860.0	11463.31	24.0	4.02	9.81
PTHR21704	351.0	317.95	0.0	0.0	0.0
PTHR10606	3333.72	3267.6	16.0	1.78	4.34
PTHR13393	1195.0	1128.88	1.0	0.27	0.66
PTHR13395	364.0	330.95	0.0	0.0	0.0
PTHR23130	11606.5	11408.14	35.0	2.98	7.26
PTHR22891	4438.0	4206.61	4.0	0.75	1.84
PTHR22893	3554.0	3487.88	2.0	0.18	0.42
PTHR10778	3667.0	3600.88	10.0	0.86	2.09
PTHR24064	12089.0	11857.58	126.0	4.95	12.08
PTHR24063	22610.24	22081.31	27943.29	10656.47	25974.84
PTHR21011	944.0	910.94	3.0	0.5	1.22
PTHR25040	5628.0	5495.76	11.0	0.99	2.43
PTHR21015	1487.67	1454.61	0.0	0.0	0.0
PTHR24068	4282.0	4182.82	61.0	6.12	14.91
PTHR19980	1729.0	1662.88	1.0	0.15	0.36
PTHR12959	794.0	727.88	0.0	0.0	0.0
PTHR10961	3911.83	3812.65	4.0	0.3	0.74
PTHR11825	4887.0	4721.7	21.0	2.48	6.05
PTHR10809	1643.0	1609.94	7.0	0.66	1.6
PTHR11822	2652.0	2618.94	52.97	3.05	7.44
PTHR10555	8143.0	7944.64	7.0	0.85	2.07
PTHR10806	1988.0	1921.88	5.0	0.8	1.96
PTHR10804	14285.0	13921.35	32.0	2.83	6.92
PTHR11556	5286.0	5120.72	339.0	30.02	73.18
PTHR11006	6527.0	6295.58	36.93	8.48	20.67
PTHR11558	2576.0	2509.88	3.0	0.36	0.86
PTHR13773	4228.0	4161.88	18.0	1.17	2.86
PTHR11953	2810.0	2743.88	4.0	0.49	1.18
PTHR11952	10078.1	9846.68	10.0	0.81	1.97
PTHR11956	1937.0	1870.89	1.0	0.1	0.23
PTHR11959	2282.0	2248.94	1.0	0.07	0.16
PTHR11739	3820.0	3753.88	82.76	6.11	14.9
PTHR11732	24550.57	23889.4	42.0	3.6	8.77
PTHR11731	6251.0	6118.76	7.0	0.68	1.65
PTHR11730	2861.0	2761.83	3.0	0.3	0.73
PTHR11735	2924.0	2857.88	1.0	0.14	0.34
PTHR10394	933.0	899.94	399.17	67.38	164.23
PTHR20941	1710.0	1676.94	2.0	0.18	0.44
PTHR31065	10315.0	10215.82	37.0	1.73	4.22
PTHR10159	12550.0	12219.4	44.0	4.14	10.07
PTHR31066	1217.0	1183.94	0.0	0.0	0.0
PTHR13604	567.0	533.94	0.0	0.0	0.0
PTHR23264	3288.0	3155.77	5.0	0.7	1.72
PTHR23269	1557.0	1523.94	0.0	0.0	0.0
PTHR31204	830.0	796.94	1.0	0.19	0.47
PTHR31201	4186.0	4119.88	4.0	0.3	0.72
PTHR31209	1551.0	1517.94	3.0	0.3	0.73
PTHR11607	699.0	665.94	0.0	0.0	0.0
PTHR11606	3675.87	3609.76	22.0	1.49	3.64
PTHR23284	2076.0	2042.94	0.0	0.0	0.0
PTHR32467	26178.63	25715.8	117.0	5.8	14.12
PTHR14255	11251.0	10920.41	16.0	1.99	4.86
PTHR23133	1342.0	1308.94	4.0	0.46	1.13
PTHR23135	1617.0	1550.88	2.0	0.48	1.18
PTHR23138	1318.0	1284.94	6.0	0.71	1.72
PTHR23139	12409.0	12078.4	28.0	3.58	8.73
PTHR31682	1512.0	1445.88	10.97	2.35	5.73
PTHR11040	7303.0	7104.65	26.0	1.51	3.68
PTHR11043	2295.0	2228.88	4.0	0.55	1.33
PTHR11042	3740.0	3607.76	2.0	0.39	0.95
PTHR11048	7333.0	7233.82	13.0	0.94	2.28
PTHR15818	1988.0	1954.94	3.0	0.23	0.57
PTHR12636	1015.0	981.94	4.99	0.77	1.88
PTHR14490	1251.0	1151.84	1.0	0.49	1.19
PTHR14493	30654.68	30158.81	185.0	8.58	20.92
PTHR15651	1788.0	1688.83	0.0	0.0	0.0
PTHR12380	1848.0	1781.88	4.0	0.51	1.24
PTHR12385	2339.0	2305.94	17.0	1.11	2.71
PTHR12706	1008.0	908.86	0.0	0.0	0.0
PTHR30573	2062.24	2029.18	12.0	0.89	2.18
PTHR12709	1367.0	1300.88	2.0	0.53	1.28
PTHR19957	5251.6	5119.36	85.0	7.24	17.64
PTHR12561	869.0	835.94	0.0	0.0	0.0
PTHR12560	7301.0	7102.64	1.0	0.08	0.2
PTHR11203	5350.0	5217.76	4.0	0.55	1.35
PTHR12097	3791.0	3724.88	161.0	8.0	19.5
PTHR19842	1427.0	1393.94	1.0	0.11	0.26
PTHR11752	15753.56	15191.58	49.0	4.14	10.07
PTHR21576	6969.0	6770.64	9.0	1.27	3.09
PTHR24193	12279.5	11981.97	35.0	3.59	8.73
PTHR12419	5326.33	5127.98	7.0	0.82	2.01
PTHR30525	1542.0	1508.94	1.0	0.1	0.24
PTHR12413	2129.0	1996.76	0.0	0.0	0.0
PTHR12412	2262.0	2195.88	1.0	0.12	0.28
PTHR13948	1461.0	1394.88	7.0	1.04	2.53
PTHR12146	1328.0	1261.89	12696.21	6491.65	15823.21
PTHR12415	528.0	494.94	0.0	0.0	0.0
PTHR21717	1670.0	1636.94	5.0	0.46	1.13
PTHR21712	1910.0	1843.88	2.0	0.23	0.55
PTHR12897	1197.0	1130.88	0.0	0.0	0.0
PTHR12894	2662.0	2529.76	2.0	0.65	1.58
PTHR12891	1593.0	1559.94	2.0	0.19	0.47
PTHR22976	10071.92	9906.62	71.45	4.25	10.36
PTHR22975	2694.0	2627.88	3.0	0.34	0.83
PTHR22970	463.0	429.94	1.0	0.36	0.87
PTHR14145	2808.0	2741.88	2.0	0.22	0.54
PTHR21377	1896.0	1829.88	1.0	0.13	0.31
PTHR21371	2169.0	2135.94	271.04	19.17	46.72
PTHR21373	571.08	538.03	3.0	0.85	2.08
PTHR22573	10793.38	10561.97	87.0	6.35	15.45
PTHR22572	14895.17	14597.63	92.0	6.58	16.05
PTHR21000	1762.0	1728.94	4.29	0.37	0.91
PTHR10701	1467.0	1433.94	4.0	0.42	1.03
PTHR13161	4565.52	4466.35	4.0	0.57	1.4
PTHR13162	7957.5	7792.2	22.0	0.86	2.1
PTHR13165	1693.0	1659.94	1.0	0.09	0.22
PTHR21396	1176.0	1142.94	0.0	0.0	0.0
PTHR12965	755.0	688.89	0.0	0.0	0.0
PTHR12459	1693.0	1659.94	3.0	0.27	0.67
PTHR13069	2327.0	2227.82	0.0	0.0	0.0
PTHR13068	9392.0	9193.64	4.0	0.35	0.85
PTHR24106	8534.0	8236.46	7.0	1.0	2.42
PTHR24103	3114.0	3014.82	3.0	0.23	0.55
PTHR31606	1450.0	1416.94	4.0	0.43	1.04
PTHR11540	5083.0	4950.76	178.31	17.84	43.46
PTHR10836	5624.0	5524.82	1080.1	77.07	187.86
PTHR10835	1034.5	968.38	0.0	0.0	0.0
PTHR11545	2644.0	2544.82	149.5	33.27	81.11
PTHR10012	1969.0	1935.94	4.0	0.31	0.76
PTHR13768	3504.0	3437.88	7.0	0.66	1.6
PTHR24078	13878.0	13415.16	15.0	2.0	4.85
PTHR11946	20414.98	19852.96	59.8	5.98	14.61
PTHR11947	4478.0	4378.82	4.0	0.28	0.69
PTHR11941	9711.5	9513.14	6.0	0.59	1.46
PTHR10497	1092.0	1025.88	24411.98	10579.14	25786.34
PTHR10496	1051.0	984.89	11718.86	6547.63	15959.64
PTHR10491	929.0	895.94	0.0	0.0	0.0
PTHR24076	15838.63	15342.73	38.0	4.55	11.11
PTHR24077	13027.0	12663.34	24.0	2.41	5.9
PTHR11728	3992.0	3859.77	10.0	1.28	3.12
PTHR11726	1273.0	1206.89	17313.96	8474.1	20655.37
PTHR11727	1939.5	1840.34	4.0	0.76	1.86
PTHR11721	822.0	788.94	177.57	34.23	83.44
PTHR11722	831.0	797.94	132.0	25.16	61.32
PTHR10120	3413.0	3346.88	6.0	0.63	1.54
PTHR10122	1424.0	1390.94	21.0	2.29	5.57
PTHR11831	1794.0	1694.82	18782.7	7053.61	17192.95
PTHR11835	4477.0	4377.82	20.0	1.98	4.81
PTHR11614	5726.5	5594.26	4.0	0.47	1.12
PTHR11615	7181.0	7015.7	47.01	6.64	16.2
PTHR11618	2174.0	2107.88	3.0	0.26	0.63
PTHR14140	1963.0	1863.82	2.0	0.54	1.32
PTHR32419	4755.0	4655.82	2.0	0.31	0.77
PTHR10231	1244.0	1177.88	0.0	0.0	0.0
PTHR10233	4162.0	4029.76	4.0	0.48	1.18
PTHR20922	3196.0	3129.88	7.0	0.58	1.42
PTHR31503	10626.0	10493.76	20.0	1.04	2.53
PTHR23147	1658.0	1591.88	6.0	0.76	1.84
PTHR10548	4690.0	4524.7	22.0	4.62	11.23
PTHR23140	2233.0	2199.94	3.0	0.21	0.5
PTHR23142	1721.0	1654.88	1.0	0.18	0.45
PTHR23149	2431.0	2331.82	5.0	0.94	2.29
PTHR23148	774.0	740.94	0.0	0.0	0.0
PTHR11817	18475.33	18045.56	66.37	5.08	12.36
PTHR11056	1528.0	1494.94	1.0	0.1	0.25
PTHR11055	4211.01	4078.77	140.81	21.36	52.05
PTHR11363	1559.0	1492.88	1880.0	346.89	845.53
PTHR32523	4936.5	4870.38	4.0	0.15	0.38
PTHR31695	1315.0	1281.94	0.0	0.0	0.0
PTHR11819	12219.0	11987.58	23.0	1.37	3.33
PTHR12629	922.0	888.94	1.0	0.17	0.42
PTHR18945	618.0	584.94	0.0	0.0	0.0
PTHR26402	10188.0	9956.59	17.0	1.49	3.6
PTHR19384	9133.32	8868.88	217.0	21.26	51.84
PTHR12714	3849.0	3716.76	4.0	0.78	1.9
PTHR32251	1573.0	1539.94	8.0	0.79	1.92
PTHR12570	952.0	918.94	0.0	0.0	0.0
PTHR21494	363.0	329.95	0.0	0.0	0.0
PTHR21496	3709.57	3544.28	13.0	2.83	6.91
PTHR21493	21346.84	20884.01	33.0	2.33	5.68
PTHR21499	9244.57	9145.39	91.0	5.08	12.38
PTHR21148	4421.0	4288.76	2.0	0.25	0.62
PTHR12083	2468.0	2401.88	0.0	0.0	0.0
PTHR22904	26896.0	26069.51	38.0	5.08	12.37
PTHR13976	6046.0	5913.76	4.0	0.38	0.92
PTHR19852	2028.0	1994.94	5.0	0.38	0.92
PTHR12406	14058.0	13826.58	33.0	2.48	6.03
PTHR16128	2057.5	1925.26	0.0	0.0	0.0
PTHR12400	359.0	325.95	0.0	0.0	0.0
PTHR13572	1328.0	1261.89	0.0	0.0	0.0
PTHR30314	1735.0	1668.88	1.0	0.12	0.29
PTHR12882	1028.0	994.94	2.0	0.31	0.74
PTHR12883	1345.0	1311.94	1.0	0.12	0.28
PTHR16255	2368.0	2301.88	2.0	0.28	0.69
PTHR16254	5520.0	5453.88	8.0	0.45	1.08
PTHR22960	4552.0	4518.94	5.0	0.17	0.41
PTHR13373	813.0	779.94	0.0	0.0	0.0
PTHR22967	1916.0	1849.88	0.0	0.0	0.0
PTHR30222	452.0	418.94	0.0	0.0	0.0
PTHR13115	2207.0	2173.94	2.0	0.14	0.34
PTHR13117	1822.0	1788.94	2.0	0.17	0.41
PTHR12975	1198.0	1098.84	0.0	0.0	0.0
PTHR13285	547.0	513.94	0.0	0.0	0.0
PTHR13288	1115.0	1048.88	1.0	0.32	0.78
PTHR10953	18207.33	17744.52	39.97	2.86	7.0
PTHR21726	888.0	854.94	3.0	0.53	1.3
PTHR10956	353.0	319.95	28038.79	13531.08	32981.62
PTHR11538	4046.0	3946.83	11.01	0.9	2.21
PTHR10826	2601.0	2534.88	5.0	0.52	1.26
PTHR11533	7845.0	7745.82	22.99	0.94	2.29
PTHR11532	3188.0	3121.88	3.0	0.29	0.7
PTHR10971	2639.0	2572.88	6.87	0.86	2.1
PTHR10000	4522.0	4389.76	7.0	0.73	1.78
PTHR13021	1195.0	1161.94	2.0	0.26	0.64
PTHR10108	56132.78	54876.51	139.0	13.49	32.85
PTHR24007	2655.0	2555.83	1.0	0.23	0.56
PTHR24006	17046.25	16385.07	42.0	11.52	28.09
PTHR24003	16244.0	15681.99	10.0	0.96	2.32
PTHR31446	573.0	539.94	0.0	0.0	0.0
PTHR31190	4747.0	4647.82	6.0	0.62	1.51
PTHR11441	1634.0	1600.94	0.0	0.0	0.0
PTHR11440	4071.0	3938.76	4.0	0.59	1.43
PTHR11999	10576.8	10378.44	100.0	4.91	11.98
PTHR11998	4962.0	4829.76	20.0	2.05	5.02
PTHR11449	641.0	607.94	147.02	36.9	89.94
PTHR11994	1312.0	1245.88	19696.28	8800.65	21451.34
PTHR10137	1758.0	1691.88	12.0	2.12	5.16
PTHR10133	3519.0	3419.82	1.0	0.15	0.37
PTHR21649	18852.33	18290.31	3617.58	452.77	1103.62
PTHR13620	2178.0	2045.77	1.0	0.14	0.35
PTHR11847	989.0	955.94	553.48	87.9	214.25
PTHR11843	1050.0	983.88	21729.87	9974.91	24313.55
PTHR13138	1421.0	1354.88	0.0	0.0	0.0
PTHR11661	3773.0	3673.82	104.0	26.01	63.43
PTHR11662	39355.5	38330.68	41.24	3.88	9.47
PTHR11669	6079.0	5946.76	13.0	1.31	3.2
PTHR11668	13937.0	13573.35	56.51	4.87	11.88
PTHR20856	10847.5	10516.92	58.04	5.54	13.48
PTHR20854	4221.33	4089.09	6.0	0.88	2.15
PTHR20855	4860.87	4794.75	10.0	0.79	1.92
PTHR20852	9317.0	9118.65	283.75	26.23	63.95
PTHR32404	1613.0	1579.94	3.0	0.29	0.7
PTHR20858	3323.0	3223.82	3.0	0.5	1.23
PTHR14898	3743.0	3676.88	5.0	0.43	1.04
PTHR14237	11208.07	10877.48	39.0	3.28	8.0
PTHR14894	1512.0	1445.88	1.0	0.22	0.53
PTHR23155	21432.0	20903.04	27.0	3.22	7.86
PTHR23153	6048.0	5882.73	6.0	0.79	1.93
PTHR23151	10638.0	10307.4	47.0	5.9	14.37
PTHR11063	4994.0	4894.82	9.0	0.65	1.58
PTHR11062	4801.67	4669.48	1.0	0.07	0.18
PTHR11061	5450.0	5251.64	10.0	1.42	3.45
PTHR11065	8191.0	8025.7	25.0	2.11	5.15
PTHR11064	3596.87	3497.69	15.0	1.99	4.84
PTHR11260	16531.0	16101.22	20.0	2.43	5.94
PTHR11264	807.33	774.33	0.0	0.0	0.0
PTHR11266	10532.0	10267.52	26.0	2.44	5.96
PTHR13501	2048.0	1981.88	11.0	1.65	4.01
PTHR31998	3616.0	3582.94	210.93	8.88	21.64
PTHR31221	1107.0	1040.89	0.0	0.0	0.0
PTHR15838	1496.0	1396.83	1.0	0.26	0.64
PTHR22836	1453.0	1419.94	1.0	0.11	0.26
PTHR32338	1341.0	1307.94	6.0	0.69	1.69
PTHR31155	2491.0	2391.82	15.51	2.93	7.11
PTHR12363	6357.0	6191.7	3.0	0.36	0.88
PTHR18952	526.0	492.94	0.0	0.0	0.0
PTHR12765	1434.0	1400.94	1.0	0.11	0.26
PTHR12505	1724.0	1657.88	1.0	0.17	0.41
PTHR12506	2999.0	2899.82	2.0	0.18	0.44
PTHR22604	1167.0	1100.88	0.0	0.0	0.0
PTHR21481	990.0	923.88	0.0	0.0	0.0
PTHR11482	10620.0	10388.58	68.0	5.03	12.28
PTHR22778	1194.01	1160.95	2.0	0.26	0.64
PTHR12169	5593.83	5428.54	12.0	0.53	1.29
PTHR19446	15104.49	14773.95	177.0	18.51	45.13
PTHR12219	971.0	937.94	3.0	0.49	1.18
PTHR13563	2699.0	2632.88	2.0	0.19	0.47
PTHR12210	5185.0	5085.83	34.0	2.04	4.97
PTHR12215	1093.0	1059.94	2.0	0.29	0.7
PTHR12214	1670.0	1603.88	0.0	0.0	0.0
PTHR22915	11141.34	10810.74	25.0	2.81	6.84
PTHR22911	6177.5	5946.09	5.0	0.48	1.15
PTHR22912	17824.0	17394.23	79.0	9.13	22.25
PTHR12183	5204.0	5071.76	16.0	1.22	2.98
PTHR19849	2687.0	2620.88	2.0	0.17	0.41
PTHR22594	12773.0	12475.48	40.0	2.83	6.92
PTHR11864	2493.0	2393.82	0.0	0.0	0.0
PTHR21152	5438.6	5306.36	24.0	2.48	6.02
PTHR21021	969.0	902.88	2.0	0.72	1.74
PTHR19861	1172.0	1138.94	2.0	0.27	0.65
PTHR13102	411.0	377.94	0.0	0.0	0.0
PTHR12984	4209.0	4076.76	2.0	0.24	0.6
PTHR23293	3654.0	3554.82	30.57	1.76	4.28
PTHR13299	1223.0	1156.88	1.0	0.26	0.63
PTHR10925	781.0	747.94	0.0	0.0	0.0
PTHR21737	3916.5	3751.2	13.0	1.2	2.92
PTHR10920	4019.39	3887.15	20.0	3.27	7.99
PTHR10855	3603.0	3536.88	9.0	0.77	1.87
PTHR10585	2065.0	1965.82	38.78	15.54	37.86
PTHR10584	12549.0	12251.46	19.0	1.96	4.81
PTHR11528	5403.0	5303.82	92.42	10.31	25.14
PTHR11527	8901.18	8735.88	55.0	4.67	11.38
PTHR11525	1226.0	1159.88	0.0	0.0	0.0
PTHR10859	3689.0	3556.77	2.0	0.23	0.56
PTHR10589	2473.0	2373.82	16.0	3.4	8.29
PTHR10588	2108.0	2008.83	1.0	0.11	0.27
PTHR13038	2137.0	2103.94	0.0	0.0	0.0
PTHR13748	10182.3	9785.62	16.0	2.96	7.19
PTHR12126	2865.0	2798.88	6.0	0.57	1.38
PTHR13743	768.0	701.9	0.0	0.0	0.0
PTHR24015	28586.0	27957.89	73.0	4.0	9.75
PTHR24012	27942.23	27248.01	332.0	27.02	65.82
PTHR24011	37177.39	36218.78	238.0	16.99	41.47
PTHR31187	11898.0	11633.52	356.28	18.37	44.77
PTHR21145	713.5	680.44	0.0	0.0	0.0
PTHR13007	938.0	904.94	0.0	0.0	0.0
PTHR11986	13535.0	13237.46	172.82	15.09	36.8
PTHR11455	12160.0	11862.47	40.0	1.22	2.97
PTHR10102	2098.0	1998.82	0.0	0.0	0.0
PTHR11458	1431.0	1397.94	10.0	1.08	2.64
PTHR10106	1519.0	1485.94	6.0	0.61	1.49
PTHR31057	499.0	465.94	0.0	0.0	0.0
PTHR11851	21839.23	21244.17	34.89	3.26	7.97
PTHR23092	5810.0	5545.52	3.0	0.74	1.81
PTHR23091	20407.19	19944.37	45.0	3.67	9.0
PTHR11673	1674.0	1640.94	51.97	4.79	11.68
PTHR11670	5673.0	5540.76	279.21	40.48	98.65
PTHR11671	2304.93	2271.87	6.0	0.4	0.97
PTHR20863	3967.0	3867.82	89.0	15.43	37.62
PTHR20861	1122.0	1088.94	1.0	0.14	0.34
PTHR11679	7975.0	7677.47	9.0	1.73	4.23
PTHR14009	2442.48	2343.35	10.12	1.56	3.81
PTHR10217	11091.0	10694.3	8.0	0.72	1.78
PTHR14005	2782.0	2748.94	3.0	0.16	0.4
PTHR10210	5179.0	5112.88	56.0	2.31	5.63
PTHR31522	1566.0	1532.94	7.0	0.69	1.68
PTHR14221	496.0	462.94	1.0	0.33	0.81
PTHR11079	7064.75	6866.4	23.0	2.87	7.02
PTHR11076	5732.5	5501.09	1.0	0.12	0.28
PTHR11070	3937.94	3805.7	10.0	1.12	2.72
PTHR11071	26143.56	25217.91	197.0	24.3	59.22
PTHR11278	856.0	822.94	345.17	63.77	155.43
PTHR14107	1985.0	1951.94	3.0	0.23	0.57
PTHR11804	12884.0	12586.46	19.99	2.62	6.4
PTHR11274	2190.0	2123.88	1.0	0.1	0.24
PTHR14136	5007.0	4874.76	13.0	1.75	4.29
PTHR31984	3451.0	3384.88	25.0	1.85	4.5
PTHR15350	2020.49	1954.37	4.0	0.63	1.53
PTHR15606	2663.0	2563.82	1.0	0.19	0.47
PTHR12374	2088.0	2021.88	5.0	1.0	2.44
PTHR12375	1207.17	1174.11	7.0	0.9	2.2
PTHR12378	2102.26	2003.08	5.0	1.04	2.54
PTHR18929	10547.0	10249.46	134.97	12.55	30.58
PTHR30535	2368.0	2301.88	2.0	0.28	0.68
PTHR12777	943.0	909.94	3.0	0.5	1.22
PTHR12775	2329.0	2262.88	3.0	0.35	0.86
PTHR12770	5367.0	5201.7	3.0	0.48	1.19
PTHR20981	857.0	823.94	89.0	16.42	40.03
PTHR10438	27250.5	26622.36	146.0	20.12	49.02
PTHR16092	1647.0	1580.88	1.0	0.21	0.52
PTHR11035	2309.0	2242.88	5.0	0.68	1.63
PTHR22298	9134.0	8968.72	75.0	2.19	5.34
PTHR12174	4099.0	3966.78	3.0	0.23	0.57
PTHR12175	2400.0	2333.88	1.0	0.12	0.29
PTHR12176	10301.0	10168.76	24.0	1.37	3.33
PTHR22769	3315.0	3182.77	3.0	0.36	0.88
PTHR22767	4205.0	4039.7	0.0	0.0	0.0
PTHR22765	6878.0	6745.76	19.0	1.57	3.83
PTHR22762	3292.0	3258.94	2.0	0.09	0.23
PTHR22763	1239.0	1205.94	2.0	0.25	0.61
PTHR22761	3868.47	3769.29	12.0	1.13	2.74
PTHR21231	2751.0	2684.88	2.01	0.23	0.55
PTHR21230	1912.67	1846.55	2.0	0.35	0.84
PTHR21234	2415.0	2348.88	1.0	0.08	0.21
PTHR21237	3761.0	3661.82	16.0	2.1	5.13
PTHR12202	976.0	909.88	0.0	0.0	0.0
PTHR12203	5264.0	5098.7	4.0	0.33	0.79
PTHR19857	1513.67	1480.61	0.0	0.0	0.0
PTHR19854	3409.0	3177.61	0.0	0.0	0.0
PTHR19855	1261.0	1227.94	1.0	0.12	0.3
PTHR13353	3723.06	3590.82	23.0	2.53	6.18
PTHR19853	2388.75	2322.63	2.0	0.18	0.44
PTHR12197	9271.5	8874.84	6.0	1.25	3.08
PTHR19858	2007.0	1907.87	0.0	0.0	0.0
PTHR13822	1149.0	1115.94	10.0	1.36	3.31
PTHR10344	1103.0	1036.88	0.0	0.0	0.0
PTHR10732	729.0	695.94	861.0	188.44	459.32
PTHR10738	1662.0	1595.89	0.0	0.0	0.0
PTHR10739	2735.0	2668.88	15.1	1.88	4.58
PTHR22846	1685.0	1585.84	1.0	0.26	0.63
PTHR12992	888.0	854.94	0.0	0.0	0.0
PTHR22838	1781.5	1682.32	0.0	0.0	0.0
PTHR11588	3577.37	3345.99	473.22	120.77	294.38
PTHR11934	2149.0	2082.88	17.0	2.7	6.58
PTHR10938	1457.0	1423.94	2.0	0.21	0.52
PTHR10934	735.0	701.94	128.0	27.77	67.69
PTHR11510	2171.0	2137.94	110.84	7.83	19.09
PTHR11516	4424.0	4324.82	72.77	7.99	19.45
PTHR10025	4159.0	4059.82	7.0	0.49	1.21
PTHR10026	6556.39	6358.03	17.0	2.02	4.92
PTHR13009	3132.0	3032.82	3.0	0.35	0.85
PTHR30115	1095.0	1061.94	9.93	1.42	3.46
PTHR10598	2087.0	2053.94	3.0	0.22	0.54
PTHR17901	479.0	445.94	0.0	0.0	0.0
PTHR24351	4483.0	4416.88	16.98	1.21	2.95
PTHR20982	1390.0	1356.94	9.0	1.0	2.45
PTHR24352	3917.01	3850.89	15.0	1.22	2.98
PTHR11467	1855.0	1821.94	31.0	2.57	6.27
PTHR10119	7567.0	7368.64	13.0	1.45	3.52
PTHR10114	417.0	383.94	90.0	36.05	87.86
PTHR10110	11257.0	10926.4	12.0	1.85	4.5
PTHR11469	2241.0	2207.94	18.0	1.23	3.0
PTHR10445	1111.0	1077.94	9.0	1.27	3.09
PTHR11863	2700.0	2633.88	4.0	0.29	0.71
PTHR24286	13709.0	13477.58	101.0	5.76	14.04
PTHR23429	4278.6	4212.48	26.0	1.79	4.36
PTHR23426	1201.0	1167.94	4.0	0.52	1.27
PTHR10593	2424.0	2258.72	1.0	0.26	0.64
