GeneFamily	length	effective_length	expected_count	TPM	FPKM
PTHR11649	11322.77	10793.84	1385.0	87.57	67.03
PTHR31089	2013.0	1964.9	268.0	8.73	6.69
PTHR31085	2907.05	2858.95	1841.0	41.19	31.53
PTHR11647	7101.22	6860.88	993.0	30.57	23.4
PTHR11645	3495.0	3398.8	1688.0	65.63	50.23
PTHR11880	930.0	881.9	20301.68	1480.79	1133.33
PTHR11885	734.0	685.9	20536.13	1930.19	1477.27
PTHR10209	7219.94	6931.34	1593.02	89.07	68.17
PTHR32429	7117.59	6829.02	5995.0	221.7	169.66
PTHR31423	1109.0	1060.9	272.0	16.47	12.61
PTHR31551	1789.0	1740.9	720.0	26.5	20.28
PTHR32195	2424.0	2375.9	281.0	7.57	5.79
PTHR11081	4387.54	4195.15	643.11	41.07	31.43
PTHR11080	5669.66	5429.17	3812.96	133.25	101.99
PTHR11082	4792.11	4599.71	494.0	23.07	17.66
PTHR11085	7403.63	7115.08	2933.0	77.33	59.19
PTHR11089	7867.44	7578.84	2886.0	109.34	83.7
PTHR12271	2260.0	2211.9	156.0	4.51	3.46
PTHR32518	6831.3	6687.0	4544.2	160.14	122.55
PTHR11247	756.0	707.9	73.0	6.65	5.09
PTHR11246	9844.0	9651.6	3541.01	93.98	71.93
PTHR32512	4268.52	4172.32	389.0	11.64	8.91
PTHR23088	4722.0	4529.6	1745.0	91.24	69.83
PTHR23089	2512.0	2415.8	1360.0	65.32	49.99
PTHR23081	2606.18	2558.08	582.99	14.58	11.16
PTHR23083	38713.88	37511.54	16768.23	465.32	356.13
PTHR23084	4751.46	4462.89	491.0	31.07	23.78
PTHR23086	6973.88	6733.38	639.0	28.79	22.04
PTHR18806	1529.0	1480.9	164.0	7.1	5.43
PTHR15184	9942.0	9653.55	27353.79	748.53	572.89
PTHR15341	1267.0	1218.9	143.0	7.53	5.76
PTHR12696	4259.81	4211.71	2690.93	40.84	31.25
PTHR12341	6450.0	6113.32	1126.0	68.54	52.44
PTHR15160	5292.37	5099.97	1361.0	91.45	69.99
PTHR18937	20863.65	20478.85	4352.54	90.29	69.11
PTHR18934	21955.22	20897.21	2707.0	181.22	138.66
PTHR12742	2436.78	2340.58	1428.0	65.0	49.75
PTHR12741	954.0	905.9	421.0	29.89	22.87
PTHR16557	1238.0	1189.9	41.0	2.21	1.69
PTHR19288	4052.06	3859.66	958.01	46.69	35.74
PTHR12975	3678.0	3581.8	310.0	10.85	8.31
PTHR13902	3023.0	2926.84	1715.54	94.86	72.6
PTHR13903	3148.08	3003.96	322.98	15.18	11.62
PTHR22753	2477.0	2380.8	74.0	4.01	3.08
PTHR30615	2009.0	1912.8	663.0	45.0	34.44
PTHR22939	18200.2	17575.03	6622.0	229.17	175.4
PTHR16266	3305.0	3112.6	145.0	12.01	9.19
PTHR30612	1350.0	1301.9	107.0	5.27	4.04
PTHR22932	1363.0	1314.9	1080.0	52.7	40.33
PTHR22931	18494.52	18254.03	303458.27	5489.92	4201.74
PTHR31038	1767.0	1718.9	3523.55	131.35	100.53
PTHR32357	1612.0	1515.81	315.0	24.13	18.47
PTHR13832	43105.51	41854.92	48166.97	1726.83	1321.64
PTHR21139	2031.0	1934.8	19111.09	1163.89	890.78
PTHR21136	4389.0	4244.7	4542.3	198.77	152.13
PTHR12526	47980.78	46489.91	45617.02	1565.3	1197.99
PTHR13120	2049.0	2000.9	364.0	11.65	8.92
PTHR22809	2281.0	2136.71	182.0	18.83	14.41
PTHR22807	7215.35	6878.65	1059.0	60.81	46.53
PTHR20661	1449.01	1400.91	128.0	5.86	4.48
PTHR10900	18966.85	18293.73	89563.06	5881.09	4501.11
PTHR10906	6681.53	6489.16	4873.97	145.44	111.31
PTHR10909	15988.27	15507.3	11759.96	392.2	300.18
PTHR10055	2378.0	2281.8	419.0	17.27	13.22
PTHR10057	3197.0	3100.8	2022.0	55.43	42.42
PTHR10052	1948.0	1851.8	21639.82	1887.83	1444.86
PTHR13018	6901.0	6804.8	5498.0	110.15	84.3
PTHR10694	12884.97	12452.1	5045.96	175.8	134.56
PTHR12839	3029.5	2933.3	370.0	15.5	11.87
PTHR12835	432.0	383.91	11.0	1.86	1.42
PTHR24031	73739.21	71286.52	90534.2	2950.18	2257.92
PTHR24032	1088.29	1040.19	352.0	21.74	16.64
PTHR24349	19445.59	18820.29	20567.6	684.8	524.12
PTHR24619	11595.73	11307.13	4794.0	186.22	142.52
PTHR24343	57538.7	55470.72	64509.07	2466.43	1887.68
PTHR11472	6857.41	6568.86	734.0	24.49	18.74
PTHR24347	9353.57	9016.9	3091.0	113.93	87.2
PTHR11476	4590.14	4542.04	983.0	13.83	10.59
PTHR10438	23293.43	22475.98	23817.07	1089.89	834.17
PTHR10476	5109.0	4916.6	3055.0	163.2	124.9
PTHR11538	4011.88	3867.58	2481.0	119.8	91.69
PTHR24290	7676.05	7531.75	3693.02	84.75	64.86
PTHR12730	2393.0	2296.8	512.0	28.41	21.74
PTHR23413	555.0	506.9	25644.09	3272.52	2504.63
PTHR23417	1972.59	1876.39	355.98	22.17	16.97
PTHR23416	5823.0	5534.4	1790.29	98.07	75.05
PTHR23415	1297.55	1249.45	357.0	18.33	14.03
PTHR12736	2391.92	2343.82	3393.13	92.66	70.91
PTHR10871	3750.0	3605.7	22670.31	2043.87	1564.28
PTHR23418	1042.0	993.9	1011.0	65.37	50.03
PTHR10877	4794.0	4409.39	109.0	11.16	8.55
PTHR11879	1848.0	1799.9	1550.0	55.17	42.22
PTHR10430	5287.14	5094.76	5800.32	261.63	200.24
PTHR11659	1852.0	1803.9	385.0	13.67	10.46
PTHR31096	5978.0	5833.7	14058.07	585.86	448.38
PTHR11655	1809.0	1712.8	31818.04	2538.22	1942.63
PTHR11652	1166.0	1069.8	23727.49	2483.29	1900.59
PTHR10436	8603.78	8218.98	477.0	31.92	24.43
PTHR20883	666.0	617.9	13.0	1.36	1.04
PTHR11895	7385.0	7096.4	637.0	25.48	19.49
PTHR10277	2322.5	2178.3	7460.25	320.76	245.5
PTHR14027	3526.0	3429.8	1265.0	47.23	36.14
PTHR13691	2835.76	2691.6	23949.85	1420.97	1087.53
PTHR23180	4904.01	4663.52	1176.0	82.5	63.15
PTHR14593	4172.0	4075.8	671.0	22.0	16.83
PTHR11093	3693.8	3549.5	985.0	50.86	38.93
PTHR11096	2961.96	2865.75	523.0	23.4	17.91
PTHR23346	13498.13	13209.53	2141.0	59.11	45.25
PTHR11099	3935.0	3790.7	973.0	49.85	38.16
PTHR10309	2089.0	2040.9	4827.0	151.44	115.91
PTHR11252	2549.0	2500.9	1179.99	30.19	23.11
PTHR11254	15533.35	15052.37	8468.27	213.84	163.66
PTHR11255	2409.32	2361.22	1438.07	38.98	29.83
PTHR14110	5916.0	5723.6	4725.04	203.7	155.91
PTHR16201	1790.0	1741.9	130.0	4.78	3.66
PTHR14374	1402.0	1353.9	245.0	11.61	8.88
PTHR18838	2093.72	2045.62	378.0	11.83	9.06
PTHR12687	1895.0	1846.9	99.0	3.43	2.63
PTHR15157	4752.16	4559.76	595.0	31.22	23.9
PTHR18901	8932.41	8691.91	2399.95	82.71	63.3
PTHR12755	3848.0	3703.7	494.0	24.56	18.79
PTHR12750	4241.0	4144.8	2607.06	89.68	68.63
PTHR12753	1043.0	994.9	214.0	13.82	10.58
PTHR15081	1137.0	1088.9	332.0	19.58	14.99
PTHR15574	7086.9	6750.2	1654.0	123.06	94.18
PTHR12506	3583.0	3486.8	1122.31	28.31	21.67
PTHR23109	662.0	613.9	14.0	1.47	1.13
PTHR31811	2279.24	2134.94	186.0	17.16	13.13
PTHR12358	7255.24	7062.84	1055.05	34.38	26.31
PTHR22748	4399.41	4159.02	378.0	25.48	19.5
PTHR12356	2260.0	2163.8	312.0	19.68	15.05
PTHR12221	2845.0	2748.8	1000.77	44.23	33.86
PTHR30603	1059.0	962.82	70.0	8.33	6.38
PTHR12226	2234.0	2137.8	725.0	56.19	43.01
PTHR19876	7855.0	7662.6	7502.04	230.11	176.12
PTHR19877	3153.0	3056.8	5518.07	233.65	178.82
PTHR31953	3116.0	2971.72	549.0	27.99	21.42
PTHR31442	2662.0	2565.8	3001.0	125.46	96.02
PTHR13803	8598.09	8453.79	2473.0	59.99	45.91
PTHR19980	3668.0	3571.8	1506.0	47.72	36.53
PTHR12537	5172.63	5076.43	5026.18	144.05	110.25
PTHR12532	541.0	492.9	9.0	1.18	0.9
PTHR13486	1375.0	1326.9	425.0	20.55	15.73
PTHR20275	7256.0	7063.6	3027.03	103.1	78.91
PTHR13489	2588.1	2491.9	304.0	15.58	11.92
PTHR17583	5038.93	4990.83	773.0	9.9	7.57
PTHR19316	2665.0	2520.7	254.0	17.01	13.03
PTHR24198	23671.42	22661.62	5964.73	266.95	204.33
PTHR10048	9392.72	9152.23	2287.15	86.82	66.45
PTHR21704	3719.29	3671.19	622.62	10.84	8.3
PTHR24193	11275.11	10794.22	4001.0	170.11	130.19
PTHR10044	4551.59	4455.39	2274.0	53.86	41.22
PTHR11014	6995.16	6802.75	4390.95	136.32	104.33
PTHR10687	1366.0	1317.9	967.0	47.07	36.03
PTHR10681	10317.54	9836.57	12036.95	621.01	475.27
PTHR10682	1773.0	1724.9	1606.0	59.66	45.66
PTHR10683	4509.0	4364.7	9447.97	359.84	275.41
PTHR12829	2467.09	2370.91	1034.01	58.85	45.05
PTHR12820	2597.0	2548.9	1331.0	33.41	25.57
PTHR12826	1586.0	1537.9	1923.04	80.16	61.35
PTHR12827	5080.68	5032.95	1391.0	17.66	13.51
PTHR17920	303.0	255.07	2.0	0.51	0.39
PTHR13017	1129.52	1081.42	151.0	8.97	6.86
PTHR10137	1109.0	1060.9	1306.0	79.08	60.52
PTHR11405	6114.0	5969.7	9544.96	308.32	235.98
PTHR11404	2029.99	1885.72	7337.49	548.55	419.83
PTHR11406	2303.26	2159.01	13194.07	852.35	652.35
PTHR14744	1136.0	1087.9	61.0	3.6	2.76
PTHR13468	1190.0	1141.9	552.0	31.04	23.76
PTHR23406	11294.78	11102.38	9674.12	203.59	155.81
PTHR23407	1371.0	1322.9	188.0	9.12	6.98
PTHR10869	15083.42	14506.22	7292.47	311.73	238.59
PTHR31717	2862.0	2813.9	1941.0	44.13	33.77
PTHR22942	10930.0	10497.23	4105.0	149.8	114.65
PTHR15169	2523.6	2475.5	229.0	5.92	4.53
PTHR11315	5757.04	5660.84	6540.7	118.9	91.0
PTHR10139	772.7	724.63	622.0	55.29	42.31
PTHR10264	4618.96	4474.66	10308.97	493.3	377.54
PTHR10263	2086.0	1989.8	8024.0	506.73	387.83
PTHR31155	4218.42	4122.22	4569.99	92.99	71.17
PTHR32170	5716.35	5572.05	1582.0	58.71	44.94
PTHR23350	2791.63	2647.33	1375.58	89.29	68.34
PTHR23354	902.0	853.9	66.0	4.97	3.81
PTHR23355	13695.67	13407.07	1996.11	44.19	33.82
PTHR23359	4205.4	4061.1	2499.78	115.25	88.22
PTHR11227	2769.13	2624.83	362.0	26.64	20.4
PTHR11220	4469.29	4276.89	1990.0	108.81	83.29
PTHR11223	6669.7	6573.5	2764.91	52.01	39.81
PTHR11229	2489.0	2392.8	3134.0	181.01	138.54
PTHR10314	19719.81	19094.51	40964.23	1448.11	1108.31
PTHR14303	1379.0	1330.9	208.0	10.03	7.67
PTHR11139	34498.94	33777.44	6597.0	182.63	139.79
PTHR15362	1496.0	1447.9	24.0	1.06	0.81
PTHR11132	33502.15	32492.11	36384.63	1384.67	1059.77
PTHR11134	3150.0	3053.8	2395.0	103.59	79.28
PTHR11136	3997.0	3804.6	389.0	28.28	21.65
PTHR32374	2071.0	2022.9	805.0	25.48	19.5
PTHR31579	13730.0	13393.3	14566.29	463.37	354.64
PTHR32379	1259.61	1211.51	139.0	7.36	5.64
PTHR18919	2469.0	2372.8	3897.98	154.22	118.03
PTHR32002	13307.11	12874.23	9223.53	415.06	317.66
PTHR14413	973.0	924.9	1276.01	88.71	67.9
PTHR22891	3616.0	3567.9	1530.99	27.43	21.0
PTHR14089	2363.0	2266.8	909.13	52.14	39.9
PTHR21368	2033.0	1936.8	2149.29	141.17	108.05
PTHR24067	16796.67	15979.58	10186.6	662.52	507.05
PTHR12786	2851.0	2706.7	1387.0	97.01	74.24
PTHR11706	4625.0	4480.81	4310.11	115.62	88.48
PTHR12782	4307.92	4211.72	3847.05	95.86	73.36
PTHR11742	10791.31	10454.61	4216.98	133.33	102.04
PTHR21213	457.0	408.91	184.0	29.2	22.34
PTHR10182	1651.0	1602.9	3285.82	131.39	100.56
PTHR13923	2652.0	2555.81	1144.0	53.96	41.29
PTHR11210	1290.0	1193.8	2087.05	223.54	171.09
PTHR13780	3753.11	3656.91	9162.83	314.69	240.85
PTHR12321	2365.0	2268.8	2081.02	112.93	86.43
PTHR12320	5804.54	5660.24	2701.81	98.59	75.45
PTHR12323	1801.0	1656.71	195.0	22.48	17.2
PTHR14155	3469.91	3373.71	2113.0	79.67	60.97
PTHR21015	1428.0	1331.88	167.85	13.26	10.16
PTHR16196	2111.12	2014.97	593.0	25.7	19.67
PTHR16193	1962.0	1865.81	199.0	13.89	10.63
PTHR22792	2075.0	1978.8	795.0	52.86	40.45
PTHR22790	5570.05	5377.65	936.0	38.23	29.25
PTHR21680	995.0	946.9	112.0	7.6	5.82
PTHR21689	3249.0	3104.7	552.0	31.92	24.42
PTHR21113	3986.75	3842.45	1854.01	64.77	49.57
PTHR10677	2172.93	2124.83	1073.0	32.33	24.74
PTHR21663	4910.0	4813.8	674.0	17.93	13.73
PTHR13253	18103.78	17526.57	17640.13	761.77	583.02
PTHR12446	3196.73	3004.33	592.84	50.25	38.46
PTHR22603	3993.52	3801.19	1621.0	103.55	79.25
PTHR21206	1614.0	1517.83	899.0	52.58	40.25
PTHR13789	14531.21	14050.21	11326.9	367.83	281.51
PTHR10071	17248.59	16863.8	15032.65	292.0	223.5
PTHR24188	19059.34	18482.3	12996.99	272.87	208.85
PTHR10670	7048.0	6951.8	770.0	14.64	11.2
PTHR13078	2456.11	2408.01	10075.72	267.78	204.94
PTHR12815	9913.0	9672.51	3281.45	99.04	75.82
PTHR12814	888.0	839.9	213.0	16.32	12.49
PTHR24361	8446.22	8205.72	5005.03	147.53	112.93
PTHR24362	18577.4	18048.5	8613.08	263.61	201.76
PTHR10416	1806.0	1757.9	196.0	7.14	5.47
PTHR10410	3521.0	3376.7	3610.0	205.7	157.43
PTHR10783	13496.51	13063.61	9649.69	408.83	312.9
PTHR10782	1511.45	1463.35	628.0	27.52	21.06
PTHR13476	1626.0	1529.8	737.39	59.13	45.26
PTHR10788	8544.7	8400.4	4594.46	100.47	76.9
PTHR10891	8512.89	8224.29	5227.71	389.27	297.91
PTHR10890	4289.99	4145.69	1641.98	38.44	29.41
PTHR20426	2886.01	2837.91	1340.0	30.2	23.12
PTHR23213	6173.0	5884.46	492.06	25.19	19.28
PTHR10072	4123.0	3930.68	1089.0	56.01	42.87
PTHR10520	4960.76	4816.46	13923.95	589.38	451.08
PTHR10250	2883.17	2786.97	1142.0	38.64	29.57
PTHR10527	11325.72	11181.42	5274.81	100.32	76.78
PTHR31384	1913.0	1864.9	309.0	10.61	8.12
PTHR31385	3133.98	2989.68	432.78	24.86	19.02
PTHR10091	1568.23	1520.13	361.0	15.22	11.65
PTHR31142	1822.0	1773.9	3040.43	109.81	84.04
PTHR31140	2220.0	2171.9	442.0	13.03	9.97
PTHR31412	1689.0	1592.8	112.0	9.05	6.93
PTHR11787	4914.84	4722.45	12080.33	417.1	319.23
PTHR11785	12383.15	12046.48	10213.77	267.28	204.57
PTHR11782	5243.48	5099.18	4729.34	158.38	121.21
PTHR11780	1081.0	984.86	0.0	0.0	0.0
PTHR32497	3118.0	3021.8	407.0	24.02	18.39
PTHR32148	12315.0	11882.12	15985.28	1013.98	776.05
PTHR23324	7177.9	7033.6	2206.91	61.99	47.45
PTHR23327	4895.52	4703.11	579.0	31.28	23.93
PTHR23326	5299.96	5203.76	3601.67	109.77	84.02
PTHR23321	3154.0	3009.7	2731.97	247.98	189.79
PTHR23323	2438.0	2341.8	705.0	30.92	23.67
PTHR23322	6416.0	6079.36	1885.35	115.53	88.42
PTHR23329	5344.15	5151.78	813.0	32.98	25.24
PTHR11236	6276.0	5987.49	1056.0	38.51	29.48
PTHR11364	1376.91	1328.81	348.0	16.8	12.86
PTHR10322	18000.45	17615.65	6698.98	124.8	95.52
PTHR11239	2504.0	2407.81	560.79	49.48	37.87
PTHR10555	2925.57	2829.37	3668.0	180.03	137.78
PTHR31964	19350.2	18724.91	23152.4	990.25	757.89
PTHR23030	3487.23	3391.03	1670.0	53.34	40.82
PTHR11129	2054.0	1957.8	575.0	31.81	24.36
PTHR11122	9247.0	8958.4	12686.55	480.57	367.8
PTHR15316	2516.0	2419.81	553.0	28.26	21.63
PTHR11127	520.0	471.9	18608.2	2553.17	1954.08
PTHR11125	3900.0	3851.9	1229.49	20.4	15.62
PTHR31566	609.0	560.9	0.0	0.0	0.0
PTHR31567	1768.0	1719.9	2164.99	80.66	61.73
PTHR31561	2994.0	2801.6	685.07	62.04	47.48
PTHR15137	2847.0	2750.82	346.0	15.1	11.55
PTHR14950	2991.0	2846.7	371.0	25.94	19.85
PTHR15954	2884.0	2835.9	183.0	4.13	3.16
PTHR15952	3951.44	3903.34	1420.0	23.25	17.8
PTHR21597	5310.0	5069.52	775.0	48.95	37.46
PTHR19271	1886.0	1741.76	72.0	6.38	4.88
PTHR21228	18401.35	17776.12	11158.79	395.2	302.45
PTHR13343	2747.7	2651.5	750.0	35.87	27.46
PTHR12233	1625.5	1577.4	484.0	19.67	15.05
PTHR12029	9311.68	8926.88	1462.0	70.84	54.21
PTHR21220	1162.0	1113.9	42.0	2.42	1.85
PTHR22936	2396.0	2299.8	550.0	30.01	22.96
PTHR22780	9160.23	9015.93	2752.02	57.89	44.31
PTHR19308	3126.0	3077.9	394.0	8.19	6.27
PTHR19306	13601.0	13408.6	4274.67	55.41	42.41
PTHR16301	989.0	892.81	41.0	5.96	4.56
PTHR13265	1438.0	1389.9	311.0	14.35	10.98
PTHR22870	26848.66	26079.07	7464.27	295.0	225.78
PTHR17630	2612.0	2467.71	65.0	3.56	2.73
PTHR10064	519.0	470.9	18434.59	2534.8	1940.01
PTHR10066	7066.0	6825.5	532.0	26.04	19.92
PTHR10060	985.0	936.9	56.0	3.84	2.94
PTHR10663	19826.72	19345.72	3242.0	99.58	76.23
PTHR10666	4959.79	4767.43	57749.71	6287.01	4811.78
PTHR10668	15991.36	15366.22	4662.03	159.23	121.85
PTHR12801	5017.14	4872.84	527.0	24.54	18.79
PTHR12802	8099.0	7810.41	836.99	42.34	32.39
PTHR12805	1581.2	1485.0	221.0	19.16	14.67
PTHR12806	1224.0	1175.9	822.98	44.93	34.39
PTHR21091	13846.01	13413.14	9067.13	349.88	267.77
PTHR21090	3958.0	3861.8	2381.0	84.02	64.31
PTHR12281	3965.08	3868.88	1603.93	53.58	41.01
PTHR24315	2403.82	2355.72	833.0	22.63	17.32
PTHR24314	5231.0	5038.6	797.0	45.03	34.46
PTHR11933	4141.0	3900.62	354.0	29.15	22.31
PTHR24316	7955.05	7714.64	2819.0	92.82	71.04
PTHR11426	1269.0	1172.98	372.0	26.78	20.5
PTHR11937	11152.61	10767.81	19661.94	759.71	581.43
PTHR11938	23749.66	23124.78	29980.55	325.12	248.84
PTHR21021	4635.78	4491.48	11329.72	264.76	202.64
PTHR13683	9638.49	9397.99	8657.99	232.63	178.04
PTHR24089	65190.35	63170.17	63247.19	2425.24	1856.16
PTHR10796	2703.45	2655.35	1829.0	44.07	33.73
PTHR10794	1606.0	1557.9	185.0	7.61	5.83
PTHR10795	31267.39	30594.01	18878.79	382.76	292.97
PTHR10792	690.0	641.9	25337.61	2546.43	1948.91
PTHR10799	87241.59	84596.57	17089.93	546.76	418.48
PTHR10882	731.0	682.9	23.0	2.17	1.66
PTHR10887	34036.62	32978.51	5945.0	200.02	153.1
PTHR11686	1747.89	1651.85	148.0	6.83	5.23
PTHR11685	10562.49	10129.72	3249.06	122.3	93.6
PTHR24221	21927.43	21254.21	7386.74	233.87	179.0
PTHR24220	12049.25	11520.26	2991.34	141.67	108.41
PTHR24223	21032.29	20503.19	2365.0	75.12	57.5
PTHR11689	10588.02	10347.53	1890.0	54.54	41.72
PTHR10252	1167.25	1071.07	400.0	47.75	36.55
PTHR13124	1458.0	1409.9	719.0	32.71	25.03
PTHR31173	5718.25	5525.86	3353.0	91.8	70.25
PTHR12538	689.72	641.63	28583.49	2873.37	2199.14
PTHR10099	5276.0	5227.9	2492.0	30.46	23.31
PTHR10625	11581.08	11148.2	4591.16	117.29	89.75
PTHR10098	2794.0	2697.8	718.16	37.01	28.32
PTHR31356	5606.0	5413.6	13558.09	570.72	436.8
PTHR31352	5047.0	4950.8	3341.0	83.35	63.79
PTHR31350	7326.34	7037.8	2995.0	125.59	96.12
PTHR11758	740.0	691.9	11101.05	1034.25	791.57
PTHR23333	1501.0	1452.9	1423.0	62.8	48.07
PTHR11751	20895.19	20221.88	17616.76	661.54	506.3
PTHR11753	1054.0	1005.9	818.0	52.26	40.0
PTHR11752	22458.25	21448.48	3012.01	191.21	146.35
PTHR24423	10312.38	9879.58	1817.0	72.35	55.36
PTHR11206	23242.95	22521.57	11502.74	271.23	207.61
PTHR24420	187901.81	181987.0	191609.97	6355.24	4864.09
PTHR10332	3106.2	2961.9	305.0	18.94	14.5
PTHR14140	1880.0	1831.9	376.0	13.15	10.06
PTHR20922	2856.0	2759.8	1158.2	49.11	37.59
PTHR10159	15319.08	14838.08	7260.05	250.73	191.92
PTHR12848	1866.57	1818.47	511.0	18.0	13.78
PTHR12363	8816.0	8575.6	1535.0	53.53	40.98
PTHR23029	13169.84	12736.94	2586.31	95.01	72.71
PTHR23023	5172.44	4980.04	2659.0	85.78	65.65
PTHR21294	2151.22	2103.12	8384.84	255.25	195.36
PTHR11119	13727.83	13439.23	11729.0	303.3	232.14
PTHR31595	10305.9	9921.1	3279.0	135.12	103.41
PTHR31596	4853.0	4708.71	1899.0	34.77	26.61
PTHR15948	1793.07	1744.97	864.25	31.73	24.29
PTHR32026	6083.15	5890.75	2623.0	112.68	86.24
PTHR31829	1335.0	1286.9	3009.99	150.08	114.86
PTHR31419	356.0	307.96	6.0	1.27	0.97
PTHR22938	2115.58	2019.38	287.0	19.17	14.67
PTHR14898	5947.0	5850.8	904.0	19.76	15.12
PTHR19241	65658.82	63398.49	116897.29	3627.73	2776.49
PTHR14894	1613.0	1516.8	158.0	13.34	10.21
PTHR15239	3895.74	3703.34	641.0	42.67	32.66
PTHR12497	1372.0	1323.9	335.0	16.23	12.42
PTHR12302	3793.0	3744.9	6001.61	102.45	78.41
PTHR12304	2271.07	2174.87	383.0	23.08	17.66
PTHR30540	4991.76	4895.56	3545.35	89.88	68.79
PTHR30544	3064.5	2968.44	747.0	32.47	24.85
PTHR13302	3057.0	2912.7	285.0	19.2	14.69
PTHR12472	1323.0	1274.9	82.0	4.13	3.16
PTHR13308	1589.92	1493.72	207.0	18.27	13.98
PTHR12477	5788.99	5644.69	1653.78	56.44	43.21
PTHR13878	3314.0	3169.7	447.0	17.0	13.01
PTHR21461	8297.61	8057.11	1372.0	55.77	42.69
PTHR13872	3456.0	3359.8	23692.13	2768.94	2119.21
PTHR22849	25821.25	25147.85	15157.35	531.65	406.89
PTHR21314	2570.44	2474.24	814.0	32.35	24.75
PTHR21649	11765.25	11044.1	768918.77	53718.7	41113.72
PTHR22841	4202.0	4105.8	1436.0	56.54	43.28
PTHR21319	5374.6	5134.2	1138.23	73.42	56.2
PTHR22847	37211.91	36057.54	13999.38	532.89	407.86
PTHR22846	4364.73	4220.43	1866.03	90.06	68.94
PTHR22844	15166.52	14637.42	7882.0	275.32	210.73
PTHR11606	6998.25	6709.68	6953.78	201.08	153.9
PTHR31606	598.0	549.9	496.0	58.29	44.61
PTHR23284	1110.0	1061.9	127.0	7.68	5.88
PTHR21266	14794.04	14409.24	9556.95	281.78	215.69
PTHR21262	8790.84	8550.34	7292.11	220.56	168.83
PTHR12276	2289.0	2192.84	269.0	9.57	7.32
PTHR10657	3319.99	3127.61	452.77	32.02	24.51
PTHR10655	4601.98	4409.58	1370.0	70.24	53.76
PTHR10652	2117.0	2068.9	755.0	23.37	17.88
PTHR17972	4057.0	3912.7	951.01	48.28	36.95
PTHR21085	1605.0	1556.9	546.0	22.48	17.21
PTHR11922	4535.0	4342.6	1079.0	48.47	37.1
PTHR24305	14065.82	13584.83	4925.08	175.91	134.64
PTHR11431	3305.79	3161.49	1932.52	102.69	78.59
PTHR10434	2422.0	2325.8	719.0	38.6	29.54
PTHR24096	16372.77	15747.69	9863.33	386.4	295.73
PTHR13693	7495.29	7254.96	2441.28	79.65	60.95
PTHR24095	21986.74	21265.74	66400.34	1818.52	1391.8
PTHR24092	5193.0	5144.9	1551.02	19.26	14.74
PTHR24093	41897.84	40551.59	33846.88	826.52	632.61
PTHR22604	7642.47	7498.17	7754.93	157.12	120.25
PTHR13451	3629.44	3533.24	484.0	18.31	14.02
PTHR13452	946.0	897.9	520.0	37.25	28.51
PTHR10759	513.0	464.9	12057.8	1679.67	1285.54
PTHR12406	5065.0	4920.7	4484.0	151.55	115.99
PTHR12901	1390.0	1341.9	466.0	22.28	17.05
PTHR12903	848.0	799.9	3044.01	244.98	187.5
PTHR23237	551.0	502.9	463.0	59.56	45.59
PTHR10501	2458.0	2409.9	529.0	14.05	10.75
PTHR31169	6840.0	6695.7	634.61	21.75	16.65
PTHR12277	3695.45	3551.16	1347.0	62.45	47.8
PTHR14087	722.0	673.9	51.0	4.88	3.73
PTHR23309	5912.0	5767.7	3699.0	95.07	72.76
PTHR23308	4887.27	4646.77	926.0	59.63	45.63
PTHR31344	6406.4	6310.2	1794.0	36.67	28.07
PTHR31619	2248.0	2199.9	5144.0	149.69	114.56
PTHR23306	2231.32	2183.22	540.0	15.83	12.12
PTHR23305	3294.05	3197.85	462.0	20.97	16.04
PTHR11748	12429.28	12140.83	13388.86	357.17	273.35
PTHR11214	8400.87	8064.23	6424.12	197.95	151.49
PTHR11216	6350.13	6157.73	1606.0	57.12	43.73
PTHR14154	7008.76	6720.16	4061.0	283.71	217.14
PTHR10344	555.08	506.98	239.0	30.49	23.34
PTHR14152	2339.0	2194.7	1079.0	93.25	71.37
PTHR11699	15437.31	14956.48	11265.4	271.47	207.77
PTHR11692	1880.0	1831.9	1420.0	49.65	38.0
PTHR11693	2738.0	2641.8	13633.39	659.69	504.89
PTHR11695	29485.75	28475.89	21562.23	825.38	631.71
PTHR31760	839.0	742.85	34.0	5.64	4.32
PTHR31906	7235.0	6994.5	1348.0	61.86	47.35
PTHR13847	6901.56	6564.89	727.0	39.5	30.22
PTHR23012	12016.75	11583.85	13987.44	460.51	352.46
PTHR11101	9811.72	9427.04	93871.09	2482.88	1900.29
PTHR11102	5688.47	5496.07	860.82	42.84	32.79
PTHR11106	2818.0	2673.71	1040.0	41.75	31.95
PTHR31585	1981.6	1933.5	540.0	17.89	13.69
PTHR32125	1947.0	1850.8	496.0	36.14	27.66
PTHR31588	9272.99	9080.59	2484.0	69.18	52.94
PTHR32120	1991.0	1894.8	91.0	6.26	4.79
PTHR15680	919.0	870.9	1235.0	91.23	69.82
PTHR11807	3247.04	3150.84	312.0	13.19	10.09
PTHR11374	324.0	276.01	0.0	0.0	0.0
PTHR10281	1814.62	1718.42	1072.0	83.9	64.21
PTHR26312	1444.0	1395.9	374.0	17.18	13.15
PTHR10285	6668.25	6427.75	9087.0	351.37	268.92
PTHR12000	1017.0	968.9	39.0	2.59	1.98
PTHR18895	1330.0	1233.87	42.0	3.19	2.44
PTHR12169	3948.0	3803.71	627.01	18.88	14.45
PTHR12486	2279.34	2135.06	281.0	21.12	16.17
PTHR12480	5135.0	4798.71	919.22	113.14	86.59
PTHR12482	3307.0	3210.8	265.0	10.65	8.16
PTHR12317	10611.23	10274.63	8010.64	338.99	259.46
PTHR12649	3255.81	3063.41	882.28	77.99	59.7
PTHR13992	1587.0	1490.81	163.1	14.38	11.01
PTHR12461	3353.0	3064.57	365.0	40.54	31.03
PTHR12466	2239.0	2142.8	676.0	40.0	30.61
PTHR21419	2032.0	1983.9	708.0	22.85	17.49
PTHR12001	3091.99	2995.79	2819.0	124.12	95.0
PTHR21327	4026.23	3930.03	3674.02	121.07	92.66
PTHR21631	10041.4	9800.9	37168.55	1161.48	888.95
PTHR22854	2642.0	2545.8	1678.79	80.04	61.26
PTHR22855	7568.0	7375.76	3380.06	104.73	80.16
PTHR22850	7027.25	6786.75	2220.77	78.96	60.43
PTHR22504	2054.0	2005.9	969.06	30.94	23.68
PTHR22915	23185.99	22560.7	21023.1	663.38	507.72
PTHR21256	4469.58	4373.38	6927.23	196.96	150.75
PTHR12265	1445.0	1348.8	20.0	1.9	1.45
PTHR12266	2537.08	2440.88	327.0	17.18	13.15
PTHR10648	2151.0	2102.9	1740.0	52.98	40.55
PTHR30178	2823.0	2726.8	51331.65	2478.68	1897.06
PTHR10641	12043.0	11610.13	5161.66	164.98	126.26
PTHR22912	21404.64	20827.57	19205.71	567.73	434.51
PTHR10644	4375.0	4230.7	535.0	21.31	16.31
PTHR12864	5741.67	5597.36	2620.0	88.83	67.98
PTHR12860	2542.0	2493.9	439.0	11.26	8.62
PTHR13194	1617.0	1520.8	88.0	9.22	7.06
PTHR13193	524.0	475.9	289.0	39.32	30.09
PTHR11913	1494.0	1445.9	372.0	16.5	12.63
PTHR11911	8812.82	8476.35	25175.64	1285.71	984.02
PTHR11910	2270.0	2173.8	12423.29	747.57	572.16
PTHR11918	6763.39	6570.99	1684.0	64.31	49.21
PTHR12919	1403.0	1306.8	1369.0	140.24	107.33
PTHR12910	1825.0	1728.8	2969.0	177.68	135.99
PTHR12917	4553.07	4409.01	1188.0	46.81	35.83
PTHR11351	5712.0	5567.7	6100.51	219.83	168.25
PTHR11353	16835.0	16354.03	18139.71	618.91	473.7
PTHR11599	16590.0	16060.9	21986.65	1007.92	771.43
PTHR10516	17959.38	17045.49	6060.88	401.55	307.32
PTHR11592	4714.0	4521.6	4262.0	238.5	182.55
PTHR13273	995.0	946.9	823.0	55.88	42.77
PTHR31724	2827.75	2683.45	628.38	32.98	25.24
PTHR31098	8663.0	8518.7	8669.13	209.42	160.28
PTHR22594	9759.0	9470.4	3216.0	118.84	90.95
PTHR23315	9134.04	8797.68	4506.91	123.99	94.9
PTHR23316	2711.31	2663.21	3507.02	84.25	64.48
PTHR11778	6227.0	6082.7	2544.0	75.08	57.46
PTHR11774	3689.16	3544.85	411.0	22.34	17.1
PTHR11773	3696.0	3647.9	2232.9	39.13	29.95
PTHR11772	7989.37	7748.87	21675.48	571.11	437.09
PTHR10357	29003.86	28378.56	18305.08	522.77	400.11
PTHR10353	1321.0	1272.9	225.0	11.34	8.68
PTHR10350	4546.27	4450.07	1137.63	31.96	24.46
PTHR10351	3124.31	3028.11	10981.88	712.5	545.3
PTHR32557	2106.0	2057.9	1890.72	58.83	45.02
PTHR10359	5655.58	5463.18	2294.34	91.34	69.91
PTHR32442	1319.0	1270.9	233.0	11.76	9.0
PTHR31750	1086.0	1037.9	220.0	13.62	10.42
PTHR14189	491.11	443.02	40.0	5.85	4.48
PTHR32228	1153.0	1104.9	71.0	4.13	3.16
PTHR31245	1577.0	1480.8	1442.99	125.84	96.31
PTHR23001	2847.0	2750.8	1586.0	76.09	58.24
PTHR23002	1792.53	1696.33	152.0	11.45	8.76
PTHR22904	31210.85	30056.45	10240.86	464.14	355.23
PTHR11177	29173.67	28356.15	19336.3	697.06	533.49
PTHR10445	2284.0	2235.9	4048.23	115.9	88.7
PTHR11178	5167.08	4974.68	4199.81	182.2	139.45
PTHR14456	1835.0	1690.7	883.0	98.16	75.13
PTHR31808	1988.06	1939.96	1098.0	36.25	27.74
PTHR31803	6074.99	5930.69	2735.07	82.84	63.41
PTHR11009	734.0	685.9	594.0	55.83	42.73
PTHR19229	19970.44	19489.52	11599.4	235.45	180.2
PTHR20961	24473.44	23848.18	9260.78	299.09	228.91
PTHR11005	3028.0	2931.8	205.0	9.23	7.07
PTHR11006	10147.41	9762.61	3116.01	113.51	86.87
PTHR18640	1854.0	1709.84	42.0	3.28	2.5
PTHR18866	18441.0	17575.55	10291.13	374.37	286.53
PTHR12022	685.0	636.9	3417.0	346.13	264.91
PTHR15588	1971.0	1874.8	996.0	68.4	52.34
PTHR12677	10283.11	9994.51	5110.99	176.29	134.92
PTHR19134	1217.66	1169.56	1638.36	89.93	68.83
PTHR19139	7251.38	6962.8	517.0	23.95	18.32
PTHR30566	5425.18	5280.88	3212.0	133.55	102.21
PTHR12459	3650.0	3601.9	455.0	8.08	6.18
PTHR12456	1358.0	1261.8	46.0	4.69	3.59
PTHR12452	882.1	834.0	351.0	27.08	20.73
PTHR19359	5166.55	4926.05	11668.72	450.0	344.4
PTHR12072	4651.55	4459.15	1108.0	63.58	48.67
PTHR13218	799.0	750.9	39.0	3.35	2.56
PTHR13215	1368.95	1272.77	120.0	12.5	9.56
PTHR13213	3313.0	3168.7	552.0	31.88	24.4
PTHR10809	1043.99	995.91	226.0	14.58	11.16
PTHR12290	422.0	373.92	15.0	2.61	2.0
PTHR21530	7877.18	7636.71	4168.0	136.68	104.6
PTHR12295	7123.0	7026.8	2216.0	40.46	30.97
PTHR12298	2689.0	2544.7	170.0	11.71	8.96
PTHR10638	2390.0	2341.9	663.0	18.12	13.87
PTHR10631	1120.0	1071.9	50.0	3.0	2.29
PTHR10984	5126.25	4981.95	3205.45	122.74	93.94
PTHR12858	3927.0	3830.8	457.0	15.29	11.7
PTHR13505	838.0	789.9	91.0	7.42	5.68
PTHR12850	783.0	734.9	17852.56	1565.05	1197.81
PTHR12856	1049.0	952.81	25.0	3.06	2.34
PTHR12855	1808.0	1759.9	206.0	7.5	5.74
PTHR12854	1988.0	1939.9	820.0	27.07	20.72
PTHR21737	1153.0	1104.9	79.11	4.6	3.52
PTHR13190	1875.0	1778.8	174.0	12.23	9.36
PTHR13182	1476.83	1428.73	343.0	15.4	11.78
PTHR10855	3305.0	3208.8	3274.63	113.23	86.66
PTHR10585	1288.0	1239.9	727.0	37.63	28.8
PTHR10743	992.0	943.9	273.0	18.59	14.23
PTHR10742	26912.67	26046.88	9793.96	323.61	247.68
PTHR10745	2337.0	2288.9	2183.0	61.05	46.72
PTHR10744	1904.0	1759.72	29106.85	2886.28	2209.02
PTHR10746	3378.0	3281.8	3156.86	166.66	127.55
PTHR11528	8476.61	8236.11	14204.69	532.8	407.78
PTHR12924	1240.0	1191.9	3684.42	198.43	151.87
PTHR11349	2181.0	2036.7	6353.36	630.83	482.81
PTHR10566	34594.51	33728.73	14782.44	372.66	285.22
PTHR11588	4894.52	4654.35	70567.24	2707.79	2072.41
PTHR10291	4934.0	4837.8	310.0	8.38	6.41
PTHR11584	8870.0	8725.7	3866.36	74.29	56.86
PTHR11586	861.12	813.02	244.0	19.32	14.78
PTHR11909	8043.0	7802.5	6829.0	240.92	184.39
PTHR23429	2901.0	2852.9	5794.0	129.91	99.43
PTHR24320	12815.58	12334.58	3385.9	161.42	123.55
PTHR24322	21445.33	20627.89	11433.59	472.07	361.29
PTHR11907	4501.22	4405.02	1720.81	59.05	45.2
PTHR11760	873.0	824.9	28079.44	2190.8	1676.73
PTHR11761	1791.0	1694.8	22988.3	2388.52	1828.06
PTHR11766	1901.0	1852.9	68.0	2.35	1.8
PTHR11767	2996.85	2900.65	2006.27	80.29	61.44
PTHR10361	6417.44	6225.03	3287.89	128.04	97.99
PTHR10366	24278.58	23412.83	22687.62	1017.79	778.97
PTHR10169	7128.0	6935.6	2349.0	74.23	56.8
PTHR10168	8279.5	7943.0	5920.11	278.63	213.25
PTHR20973	905.38	857.28	89.0	6.68	5.11
PTHR10165	5404.82	5260.52	2017.0	72.29	55.33
PTHR31032	2856.0	2759.8	3960.52	158.83	121.57
PTHR23257	232517.22	225111.32	143309.81	4073.38	3117.51
PTHR23253	6190.0	5949.51	5511.08	291.37	223.0
PTHR14190	1107.0	1010.81	342.0	42.23	32.32
PTHR14194	12276.21	11843.31	3887.0	184.35	141.09
PTHR19957	7472.73	7280.33	2133.0	85.94	65.77
PTHR31251	33647.92	32301.37	15682.44	650.35	497.75
PTHR23074	9495.62	9110.83	3712.0	155.94	119.35
PTHR23077	16882.36	15824.69	3216.19	205.3	157.12
PTHR23076	23834.14	23016.72	10242.07	378.92	290.02
PTHR30239	1935.0	1886.9	4734.0	160.7	122.99
PTHR23073	13728.5	13247.5	11260.72	572.19	437.91
PTHR23078	2614.0	2565.9	772.0	19.25	14.73
PTHR11165	932.0	883.9	3090.0	224.87	172.1
PTHR32100	5960.0	5815.7	8304.01	266.86	204.25
PTHR14534	591.0	542.9	4.0	0.48	0.36
PTHR14445	4989.71	4797.31	2514.0	177.66	135.97
PTHR23102	589.99	541.91	57.0	6.8	5.2
PTHR23105	4782.0	4541.5	66831.37	4353.32	3331.83
PTHR11010	3124.63	3028.43	19717.25	1081.49	827.73
PTHR12668	1048.0	999.9	398.0	25.58	19.58
PTHR12661	1331.0	1282.9	139.0	6.95	5.32
PTHR12663	4658.0	4465.6	190.0	11.02	8.44
PTHR12664	1613.0	1516.91	180.0	17.63	13.49
PTHR16166	25028.6	24451.4	7817.46	202.23	154.77
PTHR12111	2090.0	1993.8	722.0	54.14	41.44
PTHR12447	1719.0	1670.9	466.0	17.87	13.68
PTHR15481	404.0	355.92	111.0	20.28	15.52
PTHR21477	5210.7	5066.4	3407.96	100.13	76.63
PTHR26379	2735.0	2638.8	4634.0	205.44	157.23
PTHR12599	1381.0	1284.8	445.0	44.01	33.68
PTHR12596	2693.67	2597.47	211.0	10.91	8.35
PTHR12590	1225.0	1128.8	37.0	4.35	3.34
PTHR12066	2328.95	2136.55	106.0	12.4	9.49
PTHR12064	8226.63	7986.15	2159.0	80.6	61.68
PTHR13226	3106.74	3010.54	533.0	18.89	14.46
PTHR13889	6224.0	6079.7	5444.52	162.34	124.25
PTHR13887	2281.0	2136.7	196.0	22.22	17.0
PTHR21181	1666.0	1569.81	566.0	77.77	59.52
PTHR12412	1260.48	1212.38	325.0	17.21	13.17
PTHR13948	1349.96	1253.9	137.0	13.85	10.6
PTHR12146	1080.0	983.93	11517.07	1037.32	793.91
PTHR11453	2510.0	2461.9	101.0	2.63	2.01
PTHR21506	1592.94	1544.84	738.0	30.62	23.44
PTHR12280	2170.63	2074.43	732.0	43.35	33.18
PTHR11451	8032.0	7791.66	2707.84	80.86	61.88
PTHR12286	5187.16	5042.86	741.64	27.03	20.69
PTHR12415	3239.91	3191.81	1275.97	25.56	19.57
PTHR30573	2706.0	2657.9	1421.98	34.23	26.2
PTHR22983	6708.36	6467.86	1191.0	57.57	44.05
PTHR22981	7666.89	7522.58	18172.27	482.08	368.95
PTHR30191	4098.0	4049.9	28919.57	456.42	349.33
PTHR13082	1314.0	1265.9	919.0	46.59	35.65
PTHR10629	20158.96	19677.96	6476.01	191.84	146.82
PTHR10994	10535.88	10199.18	7223.85	323.75	247.78
PTHR10996	8615.85	8327.25	2789.0	120.86	92.51
PTHR10997	17627.0	17146.12	5127.0	101.15	77.42
PTHR10992	45867.67	44232.4	12612.86	530.37	405.92
PTHR10993	1971.0	1874.8	110.0	7.15	5.48
PTHR17695	7139.0	6802.31	485.0	29.99	22.95
PTHR12849	901.0	852.9	313.0	23.61	18.07
PTHR10943	7835.0	7738.8	8324.93	139.24	106.56
PTHR12847	4682.0	4537.7	1751.12	52.6	40.25
PTHR21290	5066.15	4921.85	526.0	19.55	14.97
PTHR21349	2276.0	2179.8	2796.0	191.56	146.61
PTHR21347	2423.26	2327.06	949.0	49.45	37.84
PTHR21343	3144.0	3047.8	1306.99	39.0	29.85
PTHR10196	9683.0	9490.6	2351.92	67.5	51.66
PTHR10192	3538.0	3441.8	2837.99	101.53	77.71
PTHR10751	1910.0	1861.9	133.0	4.58	3.5
PTHR10755	2342.62	2246.42	5897.28	274.6	210.17
PTHR10758	1460.0	1411.9	585.0	26.57	20.34
PTHR13152	703.0	654.9	30.0	2.95	2.26
PTHR12932	4935.49	4743.09	1711.03	79.32	60.72
PTHR12934	1159.0	1110.9	390.0	22.55	17.26
PTHR10288	12423.38	12134.78	19050.97	487.82	373.35
PTHR11800	2791.61	2695.41	772.0	39.16	29.97
PTHR11802	4240.0	4095.7	2436.96	76.25	58.36
PTHR11804	9220.0	8835.33	4478.71	156.45	119.73
PTHR11808	7615.74	7375.31	4054.02	123.09	94.21
PTHR10283	12697.39	12312.69	30000.11	739.33	565.85
PTHR10286	3202.0	3105.8	7742.31	296.7	227.08
PTHR13734	4044.0	3947.8	875.0	26.35	20.17
PTHR11579	3004.0	2907.8	997.0	40.57	31.06
PTHR13718	2775.0	2678.8	19841.73	1109.58	849.22
PTHR13711	9155.77	8867.17	15741.09	383.56	293.56
PTHR13710	8803.93	8419.32	609.0	27.82	21.29
PTHR11977	1514.42	1466.44	1913.08	83.63	64.01
PTHR11972	10504.18	10263.72	113682.42	2936.36	2247.35
PTHR31480	2646.0	2597.9	426.01	10.49	8.03
PTHR31485	12646.0	12357.4	2705.99	82.22	62.92
PTHR11715	942.0	893.9	3147.0	226.43	173.3
PTHR11717	2102.0	1909.68	323.0	29.89	22.88
PTHR11711	14519.33	13990.23	18389.45	907.11	694.26
PTHR11712	24161.36	23151.97	4509.52	128.37	98.26
PTHR10374	5175.0	4982.6	10277.06	506.24	387.46
PTHR10178	17974.84	17445.85	9384.13	280.13	214.4
PTHR11482	3207.01	3110.85	5343.0	202.73	155.16
PTHR10173	4198.0	4005.6	2761.01	169.18	129.48
PTHR10177	9865.93	9577.33	7150.33	310.37	237.54
PTHR10174	14589.29	14060.24	12988.89	530.56	406.06
PTHR23249	2131.0	2034.8	824.0	68.91	52.74
PTHR23244	19240.16	18759.16	9688.22	208.22	159.35
PTHR23245	2050.52	1906.24	159.0	16.32	12.48
PTHR23240	4300.22	4107.89	362.0	19.77	15.13
PTHR14614	10029.66	9644.86	1712.0	77.14	59.04
PTHR31268	6760.62	6568.3	644.35	18.69	14.29
PTHR31262	738.0	689.9	15.0	1.4	1.07
PTHR23063	4607.0	4462.7	951.0	41.18	31.52
PTHR11620	679.0	630.9	14761.8	1509.7	1155.45
PTHR11624	11310.35	10925.73	29993.83	1278.26	978.33
PTHR11627	2928.0	2783.72	50724.54	2541.56	1945.19
PTHR11390	5495.73	5303.49	880.92	25.63	19.62
PTHR31620	4035.0	3938.8	21958.2	582.09	445.5
PTHR31319	2692.08	2643.98	10952.66	265.04	202.85
PTHR14052	1769.81	1721.71	493.0	18.35	14.04
PTHR32118	1854.0	1805.9	6042.0	214.33	164.04
PTHR23117	2866.65	2770.45	1169.0	53.04	40.6
PTHR23115	46780.84	45482.22	210026.26	7369.06	5639.94
PTHR11028	2347.0	2250.8	3420.34	195.88	149.92
PTHR11024	1434.0	1385.9	326.0	15.09	11.55
PTHR12841	1033.0	984.9	167.0	10.9	8.34
PTHR11777	4022.0	3973.9	1779.2	28.62	21.9
PTHR12616	2724.64	2580.34	1018.0	78.18	59.84
PTHR12613	1854.0	1805.9	80.0	2.84	2.17
PTHR12612	1130.0	1081.9	1981.0	117.61	90.01
PTHR32060	5033.74	4793.32	1122.01	46.41	35.53
PTHR12436	1873.0	1728.78	143.0	18.21	13.94
PTHR22734	2627.0	2530.8	291.0	15.47	11.85
PTHR12121	13104.19	12430.87	6741.01	394.8	302.16
PTHR12438	1627.0	1578.9	106.0	4.3	3.29
PTHR11757	4654.03	4509.74	1189.0	35.74	27.36
PTHR15492	1110.41	1062.31	330.0	19.96	15.27
PTHR21426	2119.0	2022.8	174.0	10.93	8.36
PTHR21427	1996.0	1947.9	452.0	14.86	11.37
PTHR13161	2042.0	1897.7	475.0	48.11	36.82
PTHR19372	2797.0	2700.8	410.0	15.36	11.75
PTHR19370	2875.0	2778.8	1279.0	61.38	46.98
PTHR19376	13281.11	13040.61	8156.1	181.73	139.09
PTHR19375	13833.42	13352.75	26185.68	1019.67	780.41
PTHR12725	5046.5	4758.06	1057.0	68.86	52.7
PTHR13890	7080.18	6695.48	2201.0	148.61	113.73
PTHR22883	10217.0	9832.2	1211.0	47.6	36.42
PTHR22880	9688.35	9255.46	2100.99	116.65	89.29
PTHR12542	2413.0	2268.83	70.0	5.01	3.84
PTHR12124	2601.68	2505.48	291.0	13.92	10.65
PTHR21512	2713.0	2616.8	273.2	11.67	8.94
PTHR30508	3786.0	3689.8	2192.07	68.88	52.72
PTHR30502	1508.0	1459.9	549.0	24.11	18.46
PTHR10617	10396.28	10011.63	44503.14	1479.13	1132.05
PTHR10615	6293.0	6052.5	2029.0	103.23	79.0
PTHR13527	1540.0	1491.9	689.0	29.61	22.66
PTHR22958	6798.78	6654.49	13917.02	353.24	270.35
PTHR22951	1420.48	1372.38	448.0	20.94	16.02
PTHR22950	36684.82	35530.55	19265.05	501.66	383.92
PTHR22953	19766.7	19333.8	8952.99	251.22	192.29
PTHR22952	12775.34	12534.84	39654.65	917.13	701.92
PTHR22957	13702.2	13221.21	3078.9	139.05	106.41
PTHR21600	1591.0	1542.9	264.14	10.97	8.4
PTHR24056	15672.33	15239.43	5236.0	158.88	121.62
PTHR24054	1353.0	1304.9	1276.0	62.74	48.02
PTHR24055	12585.43	12200.64	5835.9	204.25	156.33
PTHR24058	6402.64	6114.26	1780.0	98.86	75.66
PTHR10766	10143.57	9999.27	9906.0	192.27	147.15
PTHR10762	3050.82	2954.62	464.0	22.1	16.91
PTHR30031	5880.87	5592.31	36654.02	992.64	759.73
PTHR12945	2821.92	2725.72	385.01	19.4	14.85
PTHR12944	1708.75	1612.56	85.0	6.44	4.93
PTHR24128	9254.37	9013.87	2324.69	61.91	47.39
PTHR13096	2308.93	2212.73	673.0	38.72	29.63
PTHR11365	3040.27	2992.17	963.0	20.58	15.75
PTHR10548	4267.27	4074.9	6303.78	387.95	296.92
PTHR11817	9183.09	8990.69	9733.83	274.81	210.32
PTHR11814	10048.58	9567.94	2336.98	98.69	75.53
PTHR11363	1439.0	1390.9	41904.93	1932.34	1478.92
PTHR10543	7764.0	7427.46	408.0	19.77	15.12
PTHR10540	3631.48	3487.18	2976.0	150.67	115.31
PTHR13931	3165.83	3021.81	1502.13	94.98	72.7
PTHR12965	3036.0	2939.83	245.0	9.99	7.65
PTHR10544	653.6	605.5	12184.31	1298.95	994.15
PTHR11562	3865.76	3673.48	592.0	42.58	32.58
PTHR11566	18019.0	17730.4	8993.89	187.77	143.71
PTHR11567	4866.69	4722.39	981.0	49.03	37.54
PTHR11564	5185.76	4945.27	1127.0	53.01	40.56
PTHR11962	4310.0	4165.78	1528.15	42.03	32.18
PTHR11963	4305.5	4161.24	375.0	12.56	9.62
PTHR10381	8446.52	8061.72	13955.93	749.36	573.52
PTHR10383	4807.58	4711.38	3575.0	96.96	74.21
PTHR11705	1231.0	1182.9	80.0	4.34	3.32
PTHR11702	9546.05	9209.35	1673.14	78.92	60.4
PTHR11700	1379.0	1282.8	15924.18	1780.43	1362.66
PTHR10388	855.0	806.9	8756.0	698.53	534.62
PTHR11709	8279.12	8038.77	1537.0	34.39	26.32
PTHR10145	4981.0	4884.8	982.0	24.9	19.07
PTHR23273	4121.5	4025.3	2216.34	63.65	48.71
PTHR23270	5923.15	5586.58	751.0	58.89	45.08
PTHR23050	3435.0	3242.6	12783.56	939.1	718.74
PTHR23056	1987.0	1890.8	692.0	48.07	36.8
PTHR23054	1172.0	1123.9	104.0	5.94	4.55
PTHR11638	14093.98	13661.21	28983.33	603.12	461.6
PTHR31783	5563.0	5514.9	4065.31	47.09	36.04
PTHR23291	4332.0	4235.8	3179.02	96.03	73.5
PTHR11630	17466.4	17033.5	8422.94	257.26	196.89
PTHR11140	4008.0	3959.9	3217.0	51.93	39.74
PTHR11141	3167.0	3118.9	2233.0	45.79	35.04
PTHR11142	6250.23	5913.58	850.91	61.29	46.91
PTHR11380	460.0	411.91	263.0	41.42	31.7
PTHR11384	9944.14	9463.29	1610.0	82.73	63.33
PTHR32477	2054.0	2005.9	128.0	4.09	3.13
PTHR14043	1196.0	1099.91	51.0	5.25	4.02
PTHR32472	1748.31	1652.16	217.0	16.59	12.7
PTHR31658	1728.0	1631.8	212.0	16.75	12.82
PTHR14269	3007.62	2863.59	1323.99	115.3	88.24
PTHR22884	18742.74	18069.45	3996.0	171.07	130.94
PTHR23125	34240.9	33182.75	13093.73	404.86	309.87
PTHR12050	3349.0	3300.9	524.0	10.15	7.77
PTHR19879	2112.0	2015.8	78.0	5.06	3.87
PTHR19211	14244.6	13619.41	5153.04	238.04	182.18
PTHR12547	5105.0	4864.51	2720.0	114.26	87.43
PTHR12608	3286.67	3142.45	1716.0	78.08	59.76
PTHR12604	1462.75	1414.67	2143.1	97.15	74.35
PTHR12603	3307.0	3210.8	1133.09	39.91	30.55
PTHR32091	1512.0	1463.9	938.0	41.09	31.45
PTHR32098	3876.0	3683.76	102.0	4.93	3.77
PTHR18763	1558.0	1509.9	118.0	5.01	3.83
PTHR22726	5715.5	5523.1	6516.97	217.42	166.4
PTHR22727	3835.0	3786.9	1324.0	22.35	17.11
PTHR12428	5042.58	4850.18	1854.0	71.83	54.97
PTHR18968	11232.0	10847.21	58465.71	1520.62	1163.82
PTHR12735	2910.0	2765.7	1275.0	91.57	70.08
PTHR15020	7560.38	7271.79	2499.79	121.63	93.08
PTHR12049	2220.0	2123.83	218.0	8.47	6.48
PTHR12558	4641.0	4496.7	2153.0	66.31	50.75
PTHR12553	7230.26	6941.66	731.0	41.15	31.49
PTHR24072	2621.0	2572.9	403.0	10.02	7.67
PTHR11477	2985.0	2840.72	413.0	23.44	17.93
PTHR24073	12525.22	11996.19	17325.04	900.81	689.43
PTHR21569	1426.15	1329.97	19819.38	2151.39	1646.56
PTHR10491	1185.0	1136.9	116.0	6.55	5.01
PTHR21567	6031.0	5838.6	1455.0	46.59	35.66
PTHR13950	3884.09	3835.99	416.0	6.93	5.31
PTHR12133	1109.02	1060.92	96.0	5.81	4.45
PTHR10972	7734.0	7541.6	3727.0	128.61	98.42
PTHR10606	975.0	878.82	38.03	5.38	4.12
PTHR10971	8114.31	7970.01	4259.0	100.77	77.12
PTHR13393	986.0	937.9	175.0	12.0	9.18
PTHR13395	1403.0	1306.8	161.0	15.23	11.66
PTHR11680	5868.94	5724.64	30733.33	949.84	726.96
PTHR22893	5976.52	5736.27	2106.0	70.04	53.61
PTHR10778	5100.0	4907.61	1414.0	69.45	53.16
PTHR24064	10718.5	10478.0	12520.36	433.27	331.6
PTHR24063	16623.83	16046.68	9190.07	345.66	264.55
PTHR21011	1933.0	1836.8	5958.11	388.92	297.66
PTHR10772	2995.0	2850.7	2093.02	143.49	109.82
PTHR10774	13867.1	13338.1	14721.43	809.18	619.31
PTHR24068	2443.0	2346.8	3781.04	228.04	174.53
PTHR12959	1995.7	1947.6	834.0	27.42	20.99
PTHR24115	49192.81	48134.83	15640.01	360.12	275.61
PTHR10961	1846.95	1750.75	112.25	8.21	6.29
PTHR11825	9320.24	9031.64	3536.3	133.07	101.83
PTHR11822	2452.0	2403.9	6858.97	182.6	139.75
PTHR10803	1612.7	1516.54	349.0	31.18	23.86
PTHR10806	751.0	702.9	231.0	21.18	16.21
PTHR10804	12741.99	12405.29	10870.99	475.95	364.28
PTHR11556	4465.19	4320.89	4944.84	209.78	160.55
PTHR11558	1273.0	1224.9	2791.0	146.24	111.93
PTHR13773	4778.0	4681.8	2133.0	92.69	70.94
PTHR10537	1824.0	1775.9	65.0	2.34	1.79
PTHR11953	3036.0	2843.6	296.98	25.12	19.22
PTHR11952	6600.95	6456.65	2297.0	88.81	67.97
PTHR11956	2215.0	2166.9	3280.05	96.91	74.17
PTHR11959	3036.0	2939.8	1183.86	42.01	32.16
PTHR11739	3810.0	3713.8	1922.0	59.47	45.52
PTHR11732	27705.68	26840.03	8425.88	271.78	207.97
PTHR11731	8073.85	7737.29	1285.18	52.2	39.95
PTHR11730	15226.43	14697.62	18616.64	558.44	427.42
PTHR11735	2340.0	2243.8	377.0	17.39	13.31
PTHR10394	1371.0	1274.81	28576.75	2171.59	1662.03
PTHR20941	1546.0	1401.78	111.0	15.21	11.65
PTHR31065	4099.57	4003.37	16565.12	420.12	321.54
PTHR13600	7933.32	7740.92	2032.71	75.69	57.93
PTHR31066	3024.0	2975.9	1543.0	33.16	25.38
PTHR13604	1561.0	1512.9	103.0	4.36	3.34
PTHR23264	6255.8	6111.5	12758.89	300.7	230.14
PTHR23269	1834.0	1785.9	485.0	17.4	13.32
PTHR31204	1388.0	1339.9	106.0	5.07	3.88
PTHR31201	4468.67	4372.47	768.0	21.98	16.83
PTHR31209	1223.68	1175.58	235.0	12.83	9.82
PTHR11607	2133.0	2084.9	659.0	20.24	15.49
PTHR15074	740.0	691.9	21.0	1.96	1.5
PTHR11601	8587.0	8298.4	2427.82	83.73	64.08
PTHR32467	9997.81	9565.1	4095.0	131.52	100.66
PTHR14255	11367.0	10982.2	1296.85	59.02	45.18
PTHR31840	694.0	645.9	39.0	3.89	2.98
PTHR23130	1818.79	1770.69	4821.28	174.44	133.51
PTHR23133	1304.0	1255.9	1042.0	53.24	40.75
PTHR23135	5038.83	4942.63	20807.92	302.8	231.75
PTHR23138	2392.0	2295.8	3144.51	173.24	132.6
PTHR23139	11716.99	11332.19	13201.31	703.24	538.21
PTHR31682	1615.0	1566.9	1014.0	41.48	31.75
PTHR11040	1808.0	1663.84	343.0	21.79	16.68
PTHR11043	832.0	783.9	300.0	24.64	18.86
PTHR11042	6471.6	6279.2	903.83	32.73	25.06
PTHR11048	4556.9	4364.64	2488.01	94.22	72.11
PTHR14005	3537.86	3489.76	2129.0	39.01	29.85
PTHR15818	1419.0	1322.8	236.0	22.31	17.08
PTHR12636	1097.0	1048.9	278.0	17.03	13.03
PTHR14490	2244.43	2100.14	2664.0	147.0	112.51
PTHR14493	23129.91	22600.81	44196.34	957.21	732.61
PTHR15651	2607.73	2559.63	211.0	5.27	4.04
PTHR12380	3685.25	3492.86	2779.99	168.91	129.27
PTHR12385	6791.95	6599.55	6430.77	248.48	190.17
PTHR12706	8280.97	8040.5	1107.23	40.89	31.3
PTHR12709	1652.0	1555.8	553.0	50.09	38.34
PTHR12561	794.0	745.9	89.0	7.69	5.88
PTHR12560	3251.0	3154.8	2460.0	92.88	71.09
PTHR11203	5947.03	5802.73	2886.03	68.62	52.52
PTHR12097	4048.82	4000.72	2366.0	37.8	28.93
PTHR11200	9313.14	9024.54	3305.94	109.27	83.65
PTHR21576	4753.0	4608.7	1471.0	65.65	50.24
PTHR10046	5178.26	4938.0	796.88	54.91	42.03
PTHR12419	4169.78	3977.38	865.0	54.34	41.59
PTHR23338	5065.59	5017.49	1861.14	23.7	18.14
PTHR30525	1707.0	1658.9	838.0	32.37	24.78
PTHR12413	3228.55	3132.35	398.0	16.45	12.59
PTHR12411	63820.28	62088.89	129207.75	3342.0	2557.83
PTHR23339	3746.0	3601.71	820.0	22.22	17.0
PTHR10947	4336.81	4240.61	3023.57	92.3	70.64
PTHR21717	694.0	645.9	60.0	5.99	4.59
PTHR21712	2704.0	2607.8	661.02	29.51	22.59
PTHR12897	3235.0	3138.8	517.0	20.88	15.98
PTHR12894	5637.07	5396.57	733.0	48.57	37.18
PTHR12891	1045.0	996.9	28.0	1.81	1.38
PTHR22976	9186.6	8898.02	38459.57	913.3	698.99
PTHR22975	12200.92	11864.39	27181.64	591.04	452.36
PTHR22970	2189.0	2092.8	809.0	38.9	29.77
PTHR14145	3013.0	2916.8	2321.0	100.05	76.57
PTHR21377	863.0	814.9	51.0	4.03	3.08
PTHR21371	2164.0	2115.9	21691.86	656.36	502.35
PTHR21373	2045.0	1900.77	93.0	10.02	7.66
PTHR22573	7743.25	7550.85	8145.2	281.28	215.27
PTHR22572	12767.77	12431.07	15428.54	465.53	356.3
PTHR13060	1675.0	1626.9	121.0	4.77	3.65
PTHR21000	2330.0	2281.9	7655.65	214.74	164.35
PTHR10701	1167.74	1119.64	1996.9	114.53	87.66
PTHR13162	7454.0	7405.9	6572.16	56.67	43.38
PTHR13165	1540.72	1492.62	716.31	30.77	23.55
PTHR21396	1678.0	1581.8	894.0	71.55	54.76
PTHR13069	3036.05	2939.85	140.0	6.69	5.12
PTHR13068	7999.84	7711.3	3377.12	175.27	134.13
PTHR24106	5426.0	5281.7	1695.18	63.58	48.67
PTHR24103	3674.0	3481.6	341.99	23.04	17.63
PTHR11540	4555.0	4314.5	18750.98	966.8	739.93
PTHR10836	4144.0	3951.65	89815.72	4207.95	3220.56
PTHR10835	2444.0	2395.9	1171.0	31.28	23.94
PTHR11545	2518.0	2373.7	33219.24	2393.97	1832.23
PTHR10012	1435.85	1387.75	644.0	29.76	22.78
PTHR13768	2914.0	2817.8	1487.37	70.1	53.65
PTHR24078	13980.46	13499.58	3856.39	182.37	139.57
PTHR11946	21615.32	21086.22	9560.37	268.04	205.15
PTHR11947	4326.0	4229.8	3975.69	112.1	85.79
PTHR11941	10919.76	10535.14	8854.68	296.75	227.14
PTHR10497	2064.0	2015.9	32783.13	1041.35	797.0
PTHR10496	307.0	259.06	1.0	0.25	0.19
PTHR24076	24052.9	23139.08	8703.99	308.93	236.42
PTHR24077	17088.89	16367.42	4208.79	220.42	168.7
PTHR11728	6241.53	6097.23	2447.02	80.39	61.53
PTHR11726	963.0	914.9	24468.92	1719.88	1316.32
PTHR11727	3331.0	3186.7	487.0	31.95	24.45
PTHR11721	781.0	732.9	20761.22	1825.05	1396.81
PTHR11722	892.69	844.59	18298.15	1394.1	1066.98
PTHR10120	1841.0	1792.9	884.0	31.59	24.18
PTHR10122	1212.0	1163.9	11392.1	628.4	480.95
PTHR11831	938.0	889.9	31273.44	2260.4	1730.0
PTHR11835	1842.0	1793.9	1023.0	36.53	27.96
PTHR11614	1705.03	1656.93	686.0	26.53	20.31
PTHR11615	17830.97	17013.72	51344.06	2348.7	1797.57
PTHR11618	5013.87	4821.47	1806.0	83.38	63.81
PTHR32419	2061.0	2012.9	99.0	3.15	2.41
PTHR10231	3321.79	3177.49	521.0	24.29	18.6
PTHR10233	8097.58	7857.08	3542.43	139.84	107.02
PTHR31503	5547.96	5355.56	3364.93	123.56	94.57
PTHR23147	2135.5	2039.33	3212.0	221.33	169.4
PTHR23140	2264.55	2168.35	462.0	27.09	20.74
PTHR23142	2723.71	2627.51	984.0	43.5	33.28
PTHR23149	1541.0	1444.8	567.0	57.06	43.66
PTHR23148	943.03	894.93	294.0	21.13	16.17
PTHR11361	14079.38	13598.69	2458.95	67.35	51.54
PTHR11056	3135.26	3039.07	2450.0	125.53	96.08
PTHR11055	5019.42	4875.12	3157.16	111.26	85.16
PTHR32251	4287.81	4143.51	2390.0	88.88	68.03
PTHR31695	2265.0	2168.8	384.0	23.9	18.29
PTHR11819	3820.0	3723.85	5385.19	102.64	78.55
PTHR22767	6033.23	5840.83	630.0	29.97	22.93
PTHR22765	8995.0	8754.61	4846.0	132.9	101.71
PTHR12629	1743.0	1694.9	2507.16	94.79	72.55
PTHR18945	4675.66	4531.36	988.0	32.58	24.93
PTHR26402	18799.63	18319.02	7945.8	156.44	119.74
PTHR19384	8186.13	7849.46	4822.03	230.26	176.24
PTHR12714	6176.06	5983.66	3590.91	148.15	113.37
PTHR32523	1434.0	1385.9	325.0	15.04	11.51
PTHR12570	3970.34	3826.05	581.0	33.7	25.79
PTHR21494	2000.93	1904.78	152.0	10.43	7.98
PTHR21145	3521.93	3425.73	2081.0	75.56	57.83
PTHR21496	3471.0	3278.6	2010.15	178.05	136.27
PTHR21493	38068.09	36769.53	11899.69	481.05	368.14
PTHR21499	3698.8	3602.65	9813.31	191.16	146.3
PTHR21148	4302.0	4109.6	1634.0	88.57	67.78
PTHR12083	2128.0	2031.8	125.0	7.6	5.81
PTHR19854	5477.4	5333.1	582.71	13.7	10.48
PTHR30535	5298.96	5154.71	6956.81	283.87	217.27
PTHR19855	3505.0	3408.8	2143.0	77.5	59.32
PTHR19852	1270.0	1221.9	508.0	26.68	20.42
PTHR16128	3966.69	3822.58	483.0	20.42	15.63
PTHR12400	3813.26	3717.11	1122.22	33.74	25.82
PTHR13572	1601.41	1553.31	206.99	8.54	6.54
PTHR30314	6467.0	6274.62	6947.78	210.74	161.29
PTHR12882	688.0	639.9	243.0	24.5	18.75
PTHR12883	1449.0	1400.9	657.0	30.08	23.02
PTHR16255	6790.0	6597.6	3192.8	106.71	81.67
PTHR16254	7720.86	7576.56	3807.07	90.55	69.3
PTHR13373	1546.0	1497.9	211.0	9.03	6.91
PTHR13375	1448.0	1399.9	439.0	20.11	15.39
PTHR22967	1291.0	1242.9	71.0	3.67	2.81
PTHR10150	3923.37	3779.15	322.0	15.94	12.2
PTHR30222	1593.0	1544.9	56.0	2.32	1.78
PTHR13115	2358.0	2309.9	634.0	17.57	13.45
PTHR13117	1932.0	1883.9	3311.0	112.57	86.16
PTHR13285	1761.0	1616.75	40.0	4.5	3.44
PTHR13288	1305.0	1256.9	115.0	5.87	4.49
PTHR10953	16528.7	15999.72	6549.17	202.2	154.74
PTHR10954	1974.0	1877.8	394.0	26.96	20.63
PTHR21726	717.0	668.9	39.0	3.76	2.88
PTHR10956	1380.0	1331.9	34782.6	1675.34	1282.23
PTHR10826	1172.0	1123.9	1891.01	108.05	82.69
PTHR11533	7564.0	7419.7	4920.96	104.18	79.73
PTHR11532	3802.0	3561.5	9867.15	810.58	620.38
PTHR10000	5315.17	5170.87	1108.0	39.55	30.27
PTHR13021	1392.17	1344.08	388.0	18.52	14.17
PTHR10108	51488.54	49805.17	83991.95	1181.98	904.68
PTHR24007	4398.46	4302.26	1337.03	36.73	28.11
PTHR24006	27179.61	26265.71	6738.21	316.55	242.26
PTHR24003	32076.57	30826.01	15521.01	570.77	436.82
PTHR31446	1048.0	999.9	728.0	46.79	35.81
PTHR31190	3862.71	3718.5	2264.13	86.44	66.16
PTHR11441	1551.0	1502.9	1381.0	58.91	45.09
PTHR11440	2341.0	2244.8	319.0	16.32	12.49
PTHR11999	7825.37	7585.01	12677.0	306.67	234.71
PTHR11998	5138.0	4993.7	3974.0	170.05	130.15
PTHR11449	887.38	791.22	12959.0	1802.19	1379.31
PTHR11994	754.0	705.9	24389.3	2226.78	1704.27
PTHR10133	13186.36	12897.94	15959.11	258.5	197.84
PTHR13620	9698.27	9313.61	2246.0	119.5	91.46
PTHR11847	800.0	751.9	23046.72	1974.31	1511.04
PTHR11843	692.0	643.9	23930.63	2397.48	1834.91
PTHR11661	3035.0	2890.7	20786.89	1526.5	1168.3
PTHR11662	21636.38	21059.19	28168.42	500.81	383.3
PTHR11669	5576.0	5383.6	1581.75	70.72	54.13
PTHR11668	10846.0	10413.1	12684.0	565.53	432.82
PTHR20856	9726.67	9438.08	5356.0	151.99	116.33
PTHR20854	5888.0	5647.51	1813.0	90.23	69.06
PTHR20855	2886.0	2789.8	417.0	19.98	15.29
PTHR20852	4820.97	4628.57	19702.1	741.46	567.47
PTHR32404	3095.98	2999.78	1987.0	86.78	66.42
PTHR20858	3584.0	3439.7	3789.0	198.72	152.09
PTHR10634	697.0	648.9	530.01	52.69	40.32
PTHR14237	9249.66	8913.28	3270.86	77.44	59.28
PTHR11143	816.0	767.9	27706.17	2323.57	1778.35
PTHR23155	158184.58	153279.0	47117.92	1181.52	904.24
PTHR23153	7292.44	6955.77	2219.0	168.99	129.35
PTHR23151	7597.54	7164.82	6045.59	379.84	290.72
PTHR11063	3315.0	3218.8	2550.0	102.69	78.59
PTHR11062	20613.92	19940.56	13402.96	291.11	222.81
PTHR11061	3876.0	3587.51	164.0	14.47	11.07
PTHR11065	4010.09	3865.79	4175.58	184.95	141.56
PTHR11064	2070.54	1974.34	2312.0	100.61	76.99
PTHR11260	14835.4	14402.64	5161.0	178.33	136.48
PTHR11264	1509.66	1461.56	772.0	33.87	25.92
PTHR11266	11831.8	11350.8	12277.51	509.92	390.27
PTHR13501	779.0	730.9	1155.99	101.9	77.99
PTHR31998	5891.0	5746.7	81008.73	1638.9	1254.34
PTHR31221	3008.86	2912.66	638.0	27.11	20.75
PTHR15838	1035.07	938.95	59.0	7.9	6.04
PTHR32338	1527.0	1478.9	1110.0	48.12	36.83
PTHR31407	3578.0	3433.7	1937.0	117.43	89.88
PTHR15744	1121.66	1025.48	216.0	24.77	18.96
PTHR20932	1496.89	1448.79	629.0	27.84	21.31
PTHR18952	1776.0	1727.9	303.0	11.24	8.6
PTHR10552	1229.0	1180.9	532.0	28.92	22.13
PTHR25040	6398.0	6205.61	7591.03	210.41	161.03
PTHR12765	1200.0	1103.8	158.0	18.46	14.13
PTHR12505	3080.83	2984.63	300.0	14.78	11.32
PTHR21481	2826.0	2729.8	89.0	4.15	3.17
PTHR22778	5049.39	4808.9	1379.0	59.79	45.76
PTHR19446	12066.23	11777.65	62823.66	1247.89	955.07
PTHR12219	2912.0	2863.9	7867.08	175.71	134.48
PTHR13561	5241.73	5097.43	906.0	32.74	25.06
PTHR13563	965.32	917.22	122.0	8.55	6.55
PTHR12210	4326.0	4229.8	5028.04	151.31	115.81
PTHR12215	1294.0	1197.85	25.0	2.75	2.1
PTHR12214	1993.0	1944.9	293.0	9.65	7.38
PTHR12189	1085.0	988.82	52.0	6.51	4.98
PTHR22911	7197.91	6909.33	1598.05	77.62	59.4
PTHR11926	2383.0	2286.8	533.0	30.13	23.05
PTHR19842	1791.0	1742.9	377.0	13.86	10.61
PTHR12183	2063.41	1967.21	780.0	47.36	36.24
PTHR19849	2217.0	2120.8	438.0	26.36	20.18
PTHR21152	5074.16	4833.66	2617.0	233.2	178.49
PTHR19861	1045.0	996.9	504.0	32.49	24.87
PTHR30075	4129.0	3936.6	428.0	28.73	21.99
PTHR11632	8495.52	8207.09	23948.1	594.47	454.99
PTHR13102	2280.62	2136.32	333.0	27.0	20.67
PTHR12984	4266.35	4170.15	855.0	26.43	20.23
PTHR23293	6373.0	6180.61	10523.89	386.75	296.0
PTHR13299	1724.0	1675.9	416.0	15.91	12.17
PTHR12652	3473.0	3376.8	1465.92	56.51	43.25
PTHR10925	2662.0	2613.9	2833.7	69.36	53.09
PTHR10920	5135.0	4894.5	1509.14	99.09	75.83
PTHR10584	24398.42	23629.12	31893.44	633.18	484.6
PTHR11527	2332.23	2188.06	128.0	10.23	7.83
PTHR11525	1644.0	1595.9	1457.0	58.52	44.79
PTHR10859	4005.0	3812.6	961.55	61.55	47.11
PTHR10589	4312.4	4216.2	1201.96	33.66	25.76
PTHR10588	6139.89	5851.34	730.01	35.98	27.54
PTHR13038	2309.0	2260.9	125.0	3.54	2.71
PTHR13748	7736.33	7447.81	3756.0	137.65	105.35
PTHR12126	2856.97	2760.77	4523.99	202.46	154.95
PTHR13743	13726.41	13485.98	2135.69	45.13	34.53
PTHR24015	49128.37	47637.64	26480.34	761.42	582.77
PTHR24012	37193.51	35895.22	34433.84	1919.01	1468.72
PTHR24011	35539.37	34433.35	73950.07	2529.72	1936.14
PTHR31187	8803.0	8610.6	15657.09	382.12	292.45
PTHR10459	6260.35	6019.85	1150.0	61.73	47.26
PTHR10458	2043.0	1946.8	147.01	10.64	8.15
PTHR11986	15304.28	14871.44	8710.47	273.21	209.11
PTHR11455	6412.0	6171.64	2334.98	60.8	46.54
PTHR10102	3400.0	3303.8	517.01	20.27	15.51
PTHR11458	1860.0	1763.9	2198.0	95.04	72.74
PTHR10106	886.0	837.9	68.0	5.22	4.0
PTHR31057	2491.44	2347.14	271.0	22.22	17.0
PTHR21141	2842.0	2697.7	43840.33	3840.72	2939.51
PTHR11851	17753.61	17224.66	17771.15	658.34	503.86
PTHR23092	3863.0	3718.7	564.0	29.09	22.26
PTHR23091	11510.05	10932.92	6165.31	269.52	206.28
PTHR11673	999.0	950.9	30944.19	2092.08	1601.17
PTHR11670	8268.5	7979.92	19258.1	532.2	407.32
PTHR11671	1576.0	1527.9	3943.0	165.44	126.62
PTHR20863	2903.18	2758.88	11609.34	970.33	742.63
PTHR20861	3582.0	3485.8	2572.0	89.1	68.2
PTHR11679	7317.61	7173.31	2539.97	71.25	54.53
PTHR14009	5760.07	5663.87	2343.0	52.9	40.49
PTHR10217	9427.86	9139.32	1798.0	49.62	37.97
PTHR10210	6537.0	6440.8	4642.97	108.28	82.87
PTHR31522	1599.0	1550.9	1019.44	42.14	32.25
PTHR14221	2100.0	2051.9	581.0	18.13	13.88
PTHR23163	3206.0	3109.8	454.0	19.33	14.79
PTHR11079	5400.0	5111.46	998.08	55.13	42.2
PTHR11076	7223.41	6694.49	208.0	21.2	16.22
PTHR11070	5346.0	5201.7	489.0	12.28	9.4
PTHR11071	24273.08	23118.85	93391.1	4364.92	3340.72
PTHR11278	1059.0	1010.9	26595.55	1690.62	1293.92
PTHR14107	1479.22	1431.12	532.39	23.86	18.26
PTHR11276	6297.58	6105.22	689.0	18.31	14.01
PTHR11274	2921.07	2824.87	374.0	16.24	12.43
PTHR14136	4763.77	4571.36	7850.99	461.78	353.44
PTHR31984	3316.0	3219.8	1659.0	62.54	47.86
PTHR15350	2649.0	2552.8	1750.71	71.46	54.69
PTHR15606	2677.75	2581.55	318.0	15.46	11.83
PTHR12374	2941.13	2844.93	1135.94	45.19	34.59
PTHR12375	1863.0	1766.8	573.0	39.97	30.59
PTHR12378	1068.4	1020.3	288.0	18.14	13.88
PTHR18929	17561.76	16936.49	32446.32	1831.87	1402.0
PTHR13976	2294.0	2197.8	510.0	27.96	21.4
PTHR12777	676.0	627.9	2277.0	233.99	179.09
PTHR12775	2761.0	2664.8	1352.99	65.3	49.97
PTHR12770	6768.24	6479.64	399.87	20.59	15.76
PTHR20981	722.0	673.9	28941.55	2769.13	2119.36
PTHR14085	1723.0	1674.9	306.0	11.71	8.96
PTHR16092	1717.0	1620.81	339.0	32.3	24.71
PTHR11035	3295.0	3198.8	511.0	18.5	14.16
PTHR22298	3528.0	3479.9	139.0	2.55	1.95
PTHR12174	5488.72	5344.42	1217.0	38.79	29.68
PTHR12175	1825.0	1776.9	382.0	13.77	10.54
PTHR12176	967.0	918.9	95.0	6.65	5.09
PTHR22769	8766.27	8333.42	1810.0	113.23	86.68
PTHR10293	3109.75	2869.46	2901.86	207.22	158.61
PTHR12403	2746.0	2649.8	1370.06	75.76	57.99
PTHR22762	6826.37	6730.17	2990.98	56.78	43.45
PTHR22763	1619.0	1522.8	143.0	12.08	9.25
PTHR22761	3460.79	3316.49	5555.74	282.64	216.32
PTHR21231	1242.0	1193.9	295.0	15.86	12.14
PTHR21230	3227.0	3082.7	3258.0	170.77	130.7
PTHR21234	2653.07	2556.87	624.0	33.23	25.43
PTHR21237	1404.0	1355.9	731.0	34.58	26.47
PTHR12202	2266.0	2121.7	305.0	29.32	22.43
PTHR12203	6162.6	6066.4	3791.84	117.59	90.0
PTHR19857	1623.15	1575.05	858.97	34.96	26.75
PTHR13355	3944.22	3799.93	2495.39	111.43	85.28
PTHR13353	2711.07	2614.87	307.6	15.37	11.76
PTHR19853	3158.0	3061.8	312.0	13.1	10.02
PTHR12197	13299.88	12674.72	1267.0	69.21	52.99
PTHR19858	861.0	812.9	140.0	11.09	8.48
PTHR11932	13982.63	13694.03	4996.0	137.15	104.97
PTHR13822	1460.0	1411.9	5491.06	249.42	190.9
PTHR13271	21620.81	20899.31	4544.83	173.65	132.9
PTHR13138	3138.18	3041.98	575.0	20.57	15.74
PTHR10732	1270.0	1173.83	22787.78	1767.47	1352.73
PTHR10738	2377.71	2281.51	359.0	18.71	14.32
PTHR10739	3541.0	3444.8	2323.95	78.56	60.12
PTHR12992	1823.0	1774.9	220.0	7.94	6.08
PTHR22838	3747.95	3651.76	801.0	31.89	24.41
PTHR22881	3058.0	2961.8	1113.22	48.54	37.15
PTHR22836	1801.52	1753.42	272.0	9.94	7.61
PTHR22960	2735.0	2638.8	1214.0	62.11	47.54
PTHR11934	2258.0	2161.8	642.0	41.65	31.87
PTHR10693	1638.0	1541.8	394.0	32.44	24.83
PTHR10938	1030.0	981.9	285.0	18.66	14.28
PTHR10934	911.0	862.9	34950.45	2605.84	1994.39
PTHR11510	1633.0	1584.9	1754.0	70.94	54.29
PTHR11516	5748.0	5603.7	6364.44	203.07	155.43
PTHR10025	2263.67	2167.47	1238.0	71.63	54.83
PTHR10026	7000.97	6760.47	2215.23	99.29	76.0
PTHR10027	3449.0	3352.8	269.0	9.89	7.57
PTHR13009	493.0	444.91	102.0	14.86	11.37
PTHR13007	2426.32	2330.12	1128.0	56.11	42.94
PTHR30115	7308.0	7163.7	3534.0	163.67	125.27
PTHR11863	1915.62	1819.57	331.0	17.2	13.17
PTHR17901	3287.59	3191.39	1346.9	53.09	40.63
PTHR24351	5052.68	4956.48	4435.99	114.5	87.64
PTHR20982	1025.0	976.9	663.0	43.62	33.39
PTHR24352	1156.0	1059.8	86.0	10.58	8.09
PTHR11467	1183.74	1135.64	4843.26	273.85	209.59
PTHR10119	7762.0	7617.7	7551.22	152.55	116.75
PTHR10343	3038.0	2893.7	1432.0	87.11	66.67
PTHR10114	808.0	759.9	36063.73	3056.6	2339.37
PTHR10110	15933.98	15453.01	2717.51	130.68	99.99
PTHR11469	4087.92	3943.74	10176.96	308.72	236.28
PTHR10598	1542.0	1493.9	145.0	6.22	4.76
PTHR24286	5055.0	4958.8	2634.02	67.75	51.85
PTHR11864	6365.3	6124.91	7589.01	321.71	246.21
PTHR23426	1147.64	1099.54	1005.0	58.7	44.93
PTHR10593	4609.0	4464.7	1872.04	71.96	55.08
