GeneFamily	length	effective_length	expected_count	TPM	FPKM
PTHR11649	11195.55	10747.8	1143.07	109.48	82.75
PTHR31089	2013.0	1972.29	244.0	12.77	9.65
PTHR31085	2936.15	2895.44	1908.07	67.93	51.36
PTHR11647	7085.11	6881.6	864.07	44.41	33.56
PTHR11645	3495.0	3413.58	1337.15	77.37	58.49
PTHR11880	930.0	889.29	9728.01	1133.42	856.87
PTHR11885	734.0	693.29	14578.97	2183.24	1650.53
PTHR10209	7456.99	7212.74	1249.0	102.87	77.77
PTHR32429	7112.51	6868.26	3508.08	208.88	157.91
PTHR31423	1109.0	1068.29	166.0	16.08	12.16
PTHR31551	1789.0	1748.29	682.0	40.27	30.45
PTHR32195	2346.01	2305.31	404.0	18.08	13.67
PTHR11081	4434.47	4271.64	545.0	59.09	44.66
PTHR11080	5628.74	5425.19	3277.42	179.38	135.61
PTHR11082	4799.0	4636.16	533.0	36.56	27.64
PTHR11085	7461.42	7217.18	3517.84	147.87	111.79
PTHR11089	7863.09	7618.84	2015.0	129.42	97.84
PTHR12271	2260.0	2219.29	88.0	4.09	3.09
PTHR32518	6792.55	6670.42	3862.08	220.59	166.76
PTHR11247	756.0	715.29	58.0	8.42	6.36
PTHR11246	9844.0	9681.16	2644.0	112.72	85.21
PTHR32512	4265.49	4184.07	353.0	16.12	12.19
PTHR23088	4722.0	4559.16	1563.61	130.16	98.4
PTHR23089	2512.0	2430.58	787.0	61.82	46.73
PTHR23081	2332.47	2291.76	556.45	25.04	18.93
PTHR23083	38909.46	37891.78	13307.38	619.18	468.1
PTHR23084	4762.25	4518.02	266.0	27.77	21.0
PTHR23086	7060.75	6857.2	747.0	52.03	39.34
PTHR18806	1529.0	1488.29	164.0	11.38	8.61
PTHR15184	9942.0	9697.78	16696.0	731.76	553.21
PTHR15341	1267.0	1226.29	223.0	18.8	14.22
PTHR12696	4254.42	4213.71	1643.15	40.17	30.37
PTHR12341	6450.0	6165.05	748.01	74.61	56.41
PTHR15160	5315.44	5152.6	1805.03	186.93	141.32
PTHR18937	20325.29	19999.62	2732.2	96.68	73.08
PTHR18934	22461.77	21566.24	1877.98	188.58	142.6
PTHR12742	2484.07	2402.65	1218.0	80.59	60.93
PTHR12741	954.0	913.29	160.0	18.15	13.72
PTHR16557	1238.0	1197.29	72.0	6.22	4.7
PTHR19288	4061.04	3898.2	565.38	42.93	32.45
PTHR12975	3678.0	3596.58	260.0	14.74	11.15
PTHR13902	3023.0	2941.6	1438.0	119.52	90.36
PTHR13903	3147.0	3024.91	197.0	14.82	11.19
PTHR22753	2477.0	2395.58	59.0	5.11	3.87
PTHR30615	2009.0	1927.58	607.01	65.87	49.8
PTHR22939	17997.26	17468.09	3801.0	225.8	170.69
PTHR16266	3305.0	3142.16	160.0	20.76	15.7
PTHR30612	1350.0	1309.29	80.0	6.32	4.77
PTHR22932	1363.0	1322.29	857.0	66.99	50.65
PTHR22931	18494.65	18291.12	138174.88	3991.23	3017.37
PTHR31038	1767.0	1726.29	1983.02	118.6	89.66
PTHR32357	1612.0	1530.59	255.02	34.87	26.36
PTHR13832	43080.17	42021.72	26924.23	1629.91	1232.21
PTHR21139	2031.0	1949.58	11212.06	1078.67	815.48
PTHR21136	4389.0	4266.87	3610.29	254.79	192.61
PTHR12526	47289.45	46027.51	45334.77	2563.62	1938.09
PTHR13120	2049.0	2008.29	445.0	22.86	17.29
PTHR22809	2281.0	2158.88	196.0	30.18	22.82
PTHR22807	7215.11	6930.14	1037.0	100.38	75.88
PTHR20661	1434.43	1393.72	107.0	7.93	6.0
PTHR10900	19037.62	18467.74	66488.26	6846.24	5175.75
PTHR10906	6420.85	6258.04	2960.8	141.58	107.03
PTHR10909	15985.13	15578.05	9498.05	506.21	382.7
PTHR10055	2378.0	2296.58	316.0	21.58	16.32
PTHR10057	3197.0	3115.58	1191.0	52.47	39.67
PTHR10052	1948.0	1866.58	15154.01	2105.61	1591.84
PTHR13018	6901.0	6819.58	3932.0	126.45	95.59
PTHR10694	12889.37	12522.99	3473.04	205.07	155.03
PTHR12839	2963.69	2882.27	320.0	22.37	16.91
PTHR12835	432.0	391.3	11.0	2.94	2.22
PTHR24031	73537.12	71461.1	58314.19	3115.45	2355.26
PTHR24032	1081.45	1040.74	256.0	25.46	19.25
PTHR24349	19431.2	18901.98	15322.25	814.7	615.94
PTHR24619	11455.31	11211.05	3296.19	199.8	151.04
PTHR24343	57365.85	55615.44	46382.43	2967.28	2243.28
PTHR11472	6980.25	6736.01	579.0	28.21	21.34
PTHR24347	9541.0	9256.04	2419.08	142.96	108.08
PTHR11476	4644.55	4603.84	407.0	9.1	6.88
PTHR10438	23340.63	22648.62	18007.77	1227.01	927.62
PTHR10476	5109.0	4946.16	3681.98	312.19	236.02
PTHR11538	3869.81	3747.68	1449.99	122.31	92.47
PTHR24290	7723.78	7601.65	1775.3	68.75	51.98
PTHR12730	2393.0	2311.58	501.0	44.63	33.74
PTHR23413	555.0	514.29	15599.28	3158.89	2388.12
PTHR23417	1980.26	1898.84	272.47	27.23	20.58
PTHR23416	5805.32	5561.06	1474.81	145.14	109.73
PTHR23415	1664.23	1623.52	532.94	33.9	25.63
PTHR12736	2326.19	2285.48	1004.0	45.31	34.26
PTHR10871	3750.0	3627.87	15118.17	2145.64	1622.11
PTHR23418	1042.0	1001.29	591.0	61.11	46.2
PTHR10877	4794.0	4468.39	121.0	18.53	14.03
PTHR11879	1848.0	1807.29	897.0	51.23	38.73
PTHR10430	5287.32	5124.49	2831.0	213.5	161.4
PTHR11659	1852.0	1811.29	222.0	12.65	9.56
PTHR31096	5978.0	5855.87	5911.48	364.29	275.4
PTHR11655	1809.0	1727.58	18079.98	2301.97	1740.3
PTHR11652	1166.0	1084.59	15267.04	2543.25	1922.7
PTHR10436	8573.22	8247.54	377.0	39.14	29.59
PTHR20883	666.0	625.29	5.0	0.83	0.63
PTHR11895	7386.15	7141.9	385.0	24.6	18.6
PTHR10277	2313.29	2191.2	4174.26	291.48	220.36
PTHR14027	3526.0	3444.58	791.0	47.39	35.83
PTHR13691	2861.31	2739.22	14715.76	1390.49	1051.21
PTHR23180	4810.33	4606.79	865.0	88.91	67.2
PTHR14593	4172.0	4090.58	507.0	26.96	20.38
PTHR11093	3743.56	3621.44	751.02	59.67	45.11
PTHR11096	2982.53	2901.11	827.21	58.99	44.6
PTHR23346	13491.31	13247.05	1582.0	75.92	57.4
PTHR11099	3935.0	3812.87	779.0	67.06	50.7
PTHR10309	2089.0	2048.29	3718.99	187.34	141.63
PTHR11252	2549.0	2508.29	633.0	26.02	19.67
PTHR11254	15578.17	15171.08	5163.0	229.6	173.56
PTHR11255	2448.0	2407.29	1057.34	45.3	34.24
PTHR14110	5916.0	5753.16	2704.01	183.65	138.83
PTHR16201	1790.0	1749.29	29.0	1.71	1.29
PTHR14374	1402.0	1361.29	173.0	13.13	9.93
PTHR18838	2205.95	2165.24	271.0	12.91	9.76
PTHR12687	1895.0	1854.29	140.58	7.82	5.92
PTHR15157	4820.54	4657.7	635.0	56.43	42.66
PTHR18901	8975.27	8771.72	2812.75	159.18	120.34
PTHR12755	3848.0	3725.87	610.0	52.73	39.87
PTHR12750	4241.0	4159.58	1434.0	81.96	61.96
PTHR12753	1043.0	1002.29	169.0	17.46	13.2
PTHR15081	1137.0	1096.29	192.0	18.12	13.7
PTHR15574	7084.47	6799.5	1184.78	138.57	104.75
PTHR12506	3583.0	3501.58	2447.68	96.57	73.01
PTHR23109	662.0	621.29	11.0	1.84	1.39
PTHR31811	2295.33	2173.21	129.03	19.27	14.58
PTHR12358	7053.45	6890.62	954.16	53.49	40.44
PTHR22748	4377.33	4173.81	300.3	31.18	23.57
PTHR12356	2260.0	2178.58	253.27	26.06	19.7
PTHR12221	2845.0	2763.58	708.01	52.97	40.04
PTHR30603	1059.0	977.59	55.0	11.63	8.79
PTHR12226	2234.0	2152.58	603.0	70.14	53.02
PTHR19876	7855.0	7692.16	4223.02	209.66	158.51
PTHR19877	3153.0	3071.58	4318.06	293.52	221.89
PTHR31953	3116.0	2993.88	375.53	30.73	23.23
PTHR31442	2662.0	2580.58	2459.0	163.82	123.85
PTHR13803	8522.06	8399.93	2081.45	76.14	57.56
PTHR19980	3668.0	3586.58	1019.98	53.53	40.48
PTHR12537	5159.19	5077.77	3182.73	145.03	109.64
PTHR12532	541.0	500.29	5.0	1.04	0.79
PTHR13486	1375.0	1334.29	306.0	23.7	17.92
PTHR20275	7256.0	7093.16	2128.0	114.82	86.8
PTHR13489	2702.6	2621.18	184.0	14.52	10.97
PTHR17583	5039.96	4999.25	649.0	13.37	10.11
PTHR19316	2665.0	2542.87	308.0	34.82	26.32
PTHR24198	23731.68	22876.85	4824.53	344.75	260.61
PTHR10048	9279.15	9075.6	1592.15	96.51	72.96
PTHR21704	2573.83	2533.12	610.0	24.83	18.77
PTHR24193	11288.68	10881.62	3046.52	175.87	132.96
PTHR10044	4557.94	4476.52	2025.67	73.38	55.48
PTHR11014	6847.25	6684.41	3343.97	176.88	133.72
PTHR10687	1366.0	1325.29	689.0	53.74	40.63
PTHR10681	10259.29	9852.21	8212.42	672.33	508.3
PTHR10682	1773.0	1732.29	1832.01	109.19	82.54
PTHR10683	4509.0	4386.87	5432.29	332.35	251.26
PTHR12829	2451.55	2370.14	620.0	53.33	40.31
PTHR12820	2597.0	2556.29	836.0	33.72	25.49
PTHR12826	1586.0	1545.29	1239.0	82.82	62.61
PTHR12827	5789.0	5748.36	862.0	15.44	11.67
PTHR17920	303.0	262.33	7.0	2.81	2.12
PTHR13017	1131.0	1090.29	119.0	11.29	8.54
PTHR10137	1109.0	1068.29	890.0	86.22	65.18
PTHR11405	6114.0	5991.87	6025.05	301.14	227.66
PTHR11404	2032.84	1910.73	2537.38	316.88	239.56
PTHR11406	2429.53	2307.42	6602.87	556.37	420.61
PTHR14744	1136.0	1095.29	96.02	9.07	6.86
PTHR13468	1190.0	1149.29	277.0	24.93	18.85
PTHR23406	11070.47	10907.64	3761.0	120.18	90.84
PTHR23407	1371.0	1330.29	191.91	14.91	11.27
PTHR10869	15113.09	14624.57	5116.79	366.16	276.83
PTHR31717	2862.0	2821.29	1848.81	67.55	51.07
PTHR22942	10930.0	10563.65	2618.99	155.98	117.93
PTHR15169	2554.42	2513.71	236.02	9.68	7.32
PTHR11315	5655.88	5574.46	2905.0	85.9	64.94
PTHR10139	991.54	950.84	400.0	43.56	32.93
PTHR10264	4581.93	4459.8	10842.77	867.91	656.15
PTHR10263	2086.0	2004.58	4848.0	490.36	370.71
PTHR31155	4386.47	4305.05	2844.04	90.71	68.57
PTHR32170	5636.37	5514.24	1274.0	80.01	60.48
PTHR23350	2768.26	2646.13	984.01	110.88	83.83
PTHR23354	902.0	861.29	76.0	9.14	6.91
PTHR23355	13696.51	13452.25	1901.7	75.02	56.71
PTHR23359	4251.43	4129.3	1242.83	91.6	69.27
PTHR11227	2758.58	2636.45	345.0	41.69	31.52
PTHR11220	4471.56	4308.72	1640.0	143.32	108.36
PTHR11223	6564.66	6483.24	2151.0	66.81	50.51
PTHR11229	2489.0	2407.58	1552.0	140.6	106.29
PTHR10314	19718.29	19189.06	22401.52	1289.08	974.56
PTHR14303	1379.0	1338.29	235.0	18.15	13.72
PTHR11139	34109.92	33499.28	4533.0	192.52	145.53
PTHR15362	1496.0	1455.29	89.0	6.32	4.78
PTHR11132	33398.52	32543.64	48209.95	2284.58	1727.14
PTHR11134	3150.0	3068.58	1477.74	101.46	76.71
PTHR11136	3997.0	3834.16	242.32	28.01	21.19
PTHR32374	2071.0	2030.29	302.0	15.35	11.6
PTHR31579	13730.0	13445.03	8223.97	427.45	323.16
PTHR32379	1254.5	1213.8	55.0	4.69	3.54
PTHR18919	2469.0	2387.58	2524.0	160.17	121.09
PTHR32002	13338.52	12972.15	6491.38	458.66	346.74
PTHR14413	973.0	932.29	667.11	74.12	56.03
PTHR22891	3616.0	3575.29	1335.0	38.47	29.09
PTHR14089	2363.0	2281.58	692.0	63.45	47.96
PTHR21368	2033.0	1951.58	1616.64	169.81	128.37
PTHR24067	17130.01	16438.03	8980.8	898.24	679.07
PTHR12786	2851.0	2728.87	758.0	85.06	64.31
PTHR11706	4625.0	4502.9	1646.05	71.36	53.94
PTHR12782	3969.2	3887.78	2268.0	99.71	75.37
PTHR11742	10864.62	10579.66	3394.0	177.51	134.22
PTHR21213	457.0	416.3	116.0	29.1	22.0
PTHR10182	1651.0	1610.29	1642.0	105.31	79.61
PTHR13923	2652.0	2570.59	684.0	50.0	37.81
PTHR11210	1290.0	1208.58	1443.0	246.88	186.64
PTHR13780	3753.17	3671.75	5287.1	291.63	220.48
PTHR12321	2365.0	2283.58	1888.04	164.67	124.49
PTHR12320	5643.07	5520.94	1907.0	116.33	87.95
PTHR12323	1801.0	1678.89	162.0	32.34	24.45
PTHR14155	3681.43	3600.01	2090.93	121.52	91.87
PTHR21015	1428.0	1346.6	85.0	11.9	9.0
PTHR16196	2063.35	1981.96	386.0	29.9	22.6
PTHR16193	1962.0	1880.59	168.0	20.1	15.2
PTHR22792	2075.0	1993.58	506.0	53.09	40.13
PTHR22790	5582.43	5419.59	901.0	55.95	42.3
PTHR21680	995.0	954.29	131.0	14.22	10.75
PTHR21689	3249.0	3126.87	398.0	35.0	26.46
PTHR21113	3981.79	3859.66	1657.0	81.96	61.97
PTHR10677	2135.58	2094.87	809.0	39.84	30.12
PTHR21663	4910.0	4828.58	413.0	17.67	13.36
PTHR13253	18104.39	17615.87	8836.51	617.1	466.54
PTHR12446	3177.26	3014.42	348.0	46.56	35.2
PTHR22603	4343.87	4181.03	1282.0	119.72	90.51
PTHR21206	1614.0	1532.59	358.0	35.31	26.7
PTHR13789	14245.5	13838.41	8413.75	426.16	322.18
PTHR10071	17218.01	16892.33	12728.68	446.34	337.43
PTHR24188	19063.57	18575.1	13323.69	459.86	347.66
PTHR10670	7048.0	6966.58	445.0	13.94	10.55
PTHR13078	2527.68	2486.97	8972.63	372.04	281.26
PTHR12815	9913.0	9709.46	2071.34	104.67	79.13
PTHR12814	888.0	847.29	208.0	25.44	19.24
PTHR24361	8442.86	8239.32	3212.66	162.52	122.87
PTHR24362	18644.33	18196.59	6956.33	344.08	260.13
PTHR10416	1806.0	1765.29	208.0	12.16	9.2
PTHR10410	3521.0	3398.87	2396.93	218.54	165.22
PTHR10783	13558.7	13192.31	8023.01	556.59	420.78
PTHR10782	1554.99	1514.28	463.0	31.58	23.88
PTHR13476	1626.0	1544.58	771.92	98.51	74.47
PTHR10788	8585.73	8463.6	3101.0	108.11	81.73
PTHR10891	8497.79	8253.53	3303.18	363.33	274.67
PTHR10890	4284.3	4162.17	964.0	41.22	31.17
PTHR20426	2898.18	2857.48	1820.04	65.66	49.64
PTHR23213	6173.0	5928.76	460.0	34.78	26.29
PTHR10072	4123.0	3960.18	1112.0	92.79	70.15
PTHR10520	4984.48	4862.35	6479.0	450.1	340.26
PTHR10250	2872.82	2791.4	722.0	40.11	30.32
PTHR10527	11161.01	11038.88	3442.21	113.27	85.62
PTHR31384	1913.0	1872.29	425.0	23.43	17.71
PTHR31385	3147.39	3025.27	453.0	42.16	31.88
PTHR10091	1539.97	1499.26	281.0	19.36	14.64
PTHR31142	1822.0	1781.29	2074.0	120.19	90.87
PTHR31140	2220.0	2179.29	414.0	19.6	14.82
PTHR31412	1689.0	1607.58	85.02	10.97	8.29
PTHR11787	4921.3	4758.47	9453.96	474.32	358.59
PTHR11785	12723.87	12438.91	5427.84	237.03	179.2
PTHR11782	5161.58	5039.45	3567.0	203.03	153.49
PTHR11780	1081.0	999.6	0.0	0.0	0.0
PTHR32497	3118.0	3036.58	443.0	33.32	25.19
PTHR32148	12315.0	11948.62	6238.64	519.27	392.56
PTHR23324	7420.82	7298.69	1991.0	83.94	63.46
PTHR23327	4799.17	4636.33	697.0	64.09	48.46
PTHR23326	5030.5	4949.08	2688.99	123.52	93.38
PTHR23321	3154.0	3031.87	1595.82	231.63	175.12
PTHR23323	2438.0	2356.58	442.01	36.82	27.83
PTHR23322	6405.14	6120.2	1729.0	174.79	132.13
PTHR23329	6096.05	5933.22	726.99	48.09	36.36
PTHR11236	6276.0	6031.77	701.0	43.67	33.02
PTHR11364	1378.16	1337.45	367.0	28.36	21.44
PTHR10322	17805.13	17479.46	4168.0	125.77	95.09
PTHR11239	2504.0	2422.59	458.0	67.25	50.84
PTHR10555	2920.2	2838.78	2846.09	223.59	169.03
PTHR31964	19415.71	18886.5	13140.98	900.32	680.63
PTHR23030	3478.7	3397.28	1663.0	83.08	62.81
PTHR11129	2054.0	1972.58	570.02	51.66	39.06
PTHR11122	9247.0	9002.74	9627.57	560.47	423.73
PTHR15316	2516.0	2434.59	642.01	53.79	40.67
PTHR11127	520.0	479.29	9818.82	2135.37	1614.34
PTHR11125	3900.0	3859.29	1005.0	26.83	20.28
PTHR31566	609.0	568.29	0.0	0.0	0.0
PTHR31567	1768.0	1727.29	1278.0	76.39	57.75
PTHR31561	2994.0	2831.16	516.0	74.8	56.55
PTHR15137	2847.0	2765.59	200.0	15.02	11.35
PTHR14950	2991.0	2868.87	267.0	27.71	20.94
PTHR15954	2884.0	2843.29	134.0	4.86	3.67
PTHR15952	4443.27	4402.56	943.0	22.06	16.68
PTHR21597	5310.0	5106.46	512.01	53.17	40.19
PTHR19271	1886.0	1763.89	78.83	11.38	8.61
PTHR21228	18082.75	17553.54	9041.53	520.12	393.23
PTHR13343	2748.05	2666.63	740.0	52.22	39.48
PTHR12233	1703.84	1663.14	551.0	34.21	25.86
PTHR12029	9179.37	8853.69	856.0	74.61	56.42
PTHR21220	1069.98	1029.27	60.0	6.03	4.56
PTHR22936	2396.0	2314.58	462.0	38.81	29.34
PTHR22780	9262.81	9140.68	2095.1	68.69	51.94
PTHR19308	3126.0	3085.29	554.0	18.51	13.99
PTHR19306	13601.0	13438.16	4088.99	75.48	57.06
PTHR16301	989.0	907.6	27.0	6.21	4.7
PTHR13265	1438.0	1397.29	219.0	16.2	12.24
PTHR22870	26907.13	26255.78	5640.0	343.73	259.88
PTHR17630	2612.0	2489.88	80.0	7.02	5.3
PTHR10064	519.0	478.29	11477.0	2501.27	1890.96
PTHR10066	7066.0	6862.45	371.29	29.39	22.22
PTHR10060	985.0	944.29	55.0	6.03	4.56
PTHR10663	19808.78	19401.68	2943.0	123.94	93.71
PTHR10666	4930.99	4768.16	37926.47	6822.94	5158.15
PTHR10668	15733.52	15204.36	2818.21	173.65	131.3
PTHR12801	5192.1	5069.97	621.0	46.8	35.38
PTHR12802	8099.0	7854.75	938.0	74.76	56.52
PTHR12805	1583.0	1501.58	262.0	36.34	27.46
PTHR12806	1224.0	1183.29	884.0	77.27	58.41
PTHR21091	14125.56	13759.18	5830.0	358.24	270.82
PTHR21090	3958.0	3876.58	1472.0	82.72	62.54
PTHR12281	3997.11	3915.69	1418.39	75.51	57.09
PTHR24315	2463.46	2422.75	949.0	40.4	30.54
PTHR24314	5231.0	5068.16	967.0	70.34	53.18
PTHR11933	4141.0	3937.49	370.0	51.88	39.22
PTHR24316	7130.73	6927.27	1525.0	96.45	72.92
PTHR11426	1269.0	1187.62	454.0	51.93	39.26
PTHR11937	11205.89	10880.21	11589.04	730.64	552.38
PTHR11938	23783.98	23254.85	19674.68	366.49	277.06
PTHR21021	4670.09	4547.96	15015.13	550.41	416.11
PTHR13683	9707.89	9504.34	5326.33	221.35	167.34
PTHR24089	65164.6	63454.8	42735.65	2568.87	1942.08
PTHR10796	2554.11	2513.4	1019.01	41.81	31.61
PTHR10794	1606.0	1565.29	129.0	8.51	6.44
PTHR10795	30862.08	30292.15	13868.22	424.37	320.82
PTHR10792	690.0	649.29	17756.8	2841.07	2147.85
PTHR10799	86919.11	84680.23	12708.95	648.91	490.54
PTHR10882	731.0	690.29	26.0	3.91	2.96
PTHR10887	34101.75	33206.17	5134.0	284.85	215.33
PTHR11686	1686.18	1604.81	123.0	9.53	7.2
PTHR11685	10630.02	10263.67	2755.85	178.59	135.01
PTHR24221	22496.02	21926.14	6008.0	305.77	231.16
PTHR24220	12049.25	11601.48	2584.0	184.67	139.62
PTHR24223	21100.28	20652.47	1942.0	93.3	70.52
PTHR11689	10506.0	10302.46	1644.0	77.52	58.61
PTHR10252	1159.52	1078.11	332.0	61.75	46.69
PTHR13124	1458.0	1417.29	427.0	31.13	23.54
PTHR31173	5777.48	5614.65	2948.99	128.91	97.45
PTHR12538	712.64	671.94	17880.74	2763.2	2088.98
PTHR10099	5276.0	5235.29	2171.0	42.7	32.28
PTHR10625	11602.44	11236.05	3763.03	168.32	127.26
PTHR10098	2794.0	2712.58	567.0	46.13	34.88
PTHR31356	5606.0	5443.16	6855.24	462.99	350.01
PTHR31352	5047.0	4965.58	3059.04	122.27	92.43
PTHR31350	7504.35	7260.11	2359.99	173.75	131.37
PTHR11758	740.0	699.29	6304.73	935.98	707.6
PTHR23333	1501.0	1460.29	991.84	70.17	53.05
PTHR11751	20913.62	20343.72	12991.22	778.26	588.36
PTHR11753	1054.0	1013.29	704.0	71.92	54.37
PTHR11752	22324.19	21469.37	1864.96	179.62	135.79
PTHR24423	10316.5	9950.15	2158.97	139.22	105.24
PTHR11206	23167.24	22556.64	5970.0	245.88	185.88
PTHR24420	188204.34	183197.5	105088.16	5635.12	4260.16
PTHR10332	3114.04	2991.91	259.0	26.47	20.01
PTHR14140	1880.0	1839.29	246.0	13.81	10.44
PTHR20922	2856.0	2774.58	1508.83	99.04	74.87
PTHR10159	15328.68	14921.58	6718.0	373.41	282.29
PTHR12848	1938.22	1897.51	380.0	20.67	15.63
PTHR12363	8816.0	8612.48	1055.0	59.06	44.66
PTHR23029	13198.98	12832.59	2262.47	132.2	99.96
PTHR23023	5159.4	4996.56	2295.43	116.8	88.3
PTHR21294	2395.49	2354.78	990.0	43.36	32.78
PTHR11119	13613.59	13369.34	6862.39	280.85	212.33
PTHR31595	10376.15	10050.47	3835.03	263.58	199.26
PTHR31596	4853.0	4730.89	1135.0	34.81	26.31
PTHR15948	1816.0	1775.29	528.0	30.7	23.21
PTHR32026	6017.68	5854.84	2236.0	155.09	117.25
PTHR31829	1335.0	1294.29	2923.3	233.49	176.52
PTHR31419	356.0	315.31	6.0	2.0	1.51
PTHR22938	1995.32	1913.9	256.0	29.36	22.2
PTHR14898	5947.0	5865.58	767.01	26.99	20.4
PTHR19241	65304.06	63390.84	72128.32	3567.28	2696.85
PTHR14894	1613.0	1531.58	83.0	11.07	8.37
PTHR15239	3722.1	3559.26	417.0	48.44	36.62
PTHR12497	1372.0	1331.29	225.0	17.47	13.21
PTHR12302	3793.0	3752.29	2446.0	67.16	50.77
PTHR12304	2359.14	2277.72	245.0	22.85	17.28
PTHR30540	5101.61	5020.19	1711.0	75.6	57.16
PTHR30544	2945.46	2864.1	586.0	43.87	33.16
PTHR13302	3057.0	2934.87	299.0	33.35	25.21
PTHR12472	1172.02	1131.31	91.0	8.32	6.29
PTHR13308	1711.8	1630.38	183.0	23.6	17.84
PTHR12477	5690.07	5567.94	1783.98	95.31	72.05
PTHR13878	3314.0	3191.87	233.0	13.16	9.94
PTHR21461	8387.05	8183.5	1117.0	74.16	56.07
PTHR13872	3456.0	3374.58	15274.03	2877.77	2175.59
PTHR22849	25213.23	24643.29	10325.41	581.06	439.28
PTHR21314	2491.34	2409.92	668.0	45.0	34.02
PTHR21649	11765.47	11154.92	261111.31	28792.16	21766.88
PTHR22841	4202.0	4120.58	1148.05	70.73	53.47
PTHR21319	5322.4	5118.88	1105.74	111.92	84.6
PTHR22847	37104.07	36127.05	11622.83	675.27	510.51
PTHR22846	4387.26	4265.13	1184.61	88.03	66.56
PTHR22844	15148.68	14700.88	4843.0	271.5	205.24
PTHR11606	6916.37	6672.12	3535.0	162.8	123.07
PTHR31606	598.0	557.29	718.0	134.06	101.35
PTHR23284	1110.0	1069.29	167.0	16.16	12.22
PTHR21266	14980.91	14655.23	6748.08	299.87	226.71
PTHR21262	9053.19	8849.64	7876.82	352.12	266.2
PTHR12276	2289.0	2207.59	208.0	11.99	9.06
PTHR10657	3320.07	3157.24	341.0	39.5	29.86
PTHR10655	4502.75	4339.91	976.1	78.55	59.38
PTHR10652	2117.0	2076.29	406.0	20.18	15.25
PTHR17972	4057.0	3934.87	936.0	77.84	58.84
PTHR21085	1605.0	1564.29	346.0	22.85	17.27
PTHR11922	4535.0	4372.17	817.0	61.53	46.52
PTHR24305	13775.09	13368.0	3288.86	218.09	164.88
PTHR11431	3196.4	3074.27	1258.0	107.9	81.57
PTHR10434	2422.0	2340.58	483.0	41.02	31.01
PTHR24096	16448.65	15919.49	6830.42	382.94	289.49
PTHR13693	7506.68	7303.18	1917.06	107.22	81.05
PTHR24095	22057.13	21446.62	33006.6	1366.47	1033.05
PTHR24092	5193.0	5152.29	924.0	18.47	13.96
PTHR24093	40572.2	39432.48	26492.63	1155.48	873.53
PTHR22604	7658.93	7536.8	4809.35	159.24	120.39
PTHR13451	3585.76	3504.34	439.0	25.89	19.57
PTHR13452	946.0	905.29	424.0	48.52	36.68
PTHR10759	513.0	472.29	7484.01	1652.03	1248.94
PTHR12406	5136.37	5014.24	2784.98	151.63	114.63
PTHR12901	1390.0	1349.29	389.0	29.8	22.53
PTHR12903	848.0	807.29	1623.0	208.46	157.59
PTHR23237	551.0	510.29	281.0	57.35	43.36
PTHR10501	2458.0	2417.29	730.52	31.17	23.56
PTHR31169	6043.59	5921.46	448.0	22.08	16.69
PTHR12277	3697.18	3575.05	1311.98	93.36	70.58
PTHR14087	722.0	681.29	24.0	3.66	2.77
PTHR23309	5912.0	5789.87	2750.66	116.17	87.83
PTHR23308	4840.58	4637.03	848.0	90.27	68.26
PTHR31344	6691.99	6610.57	885.22	25.89	19.57
PTHR31619	2248.0	2207.29	3253.35	152.04	114.95
PTHR23306	2278.0	2237.29	581.0	26.79	20.25
PTHR23305	3312.81	3231.39	301.0	22.28	16.85
PTHR11748	12425.08	12180.87	7585.06	331.37	250.52
PTHR11214	8433.64	8148.69	3758.97	200.09	151.26
PTHR11216	6366.51	6203.67	1549.0	92.6	70.0
PTHR14154	7012.44	6768.18	2593.99	308.87	233.51
PTHR10344	549.07	508.37	107.0	21.92	16.57
PTHR14152	2339.0	2216.87	735.0	95.17	71.95
PTHR11699	15492.56	15085.52	8003.98	308.16	232.98
PTHR11692	1880.0	1839.29	624.89	35.07	26.51
PTHR11693	2738.0	2656.58	7646.22	580.92	439.17
PTHR11695	29446.76	28591.95	14425.82	856.7	647.65
PTHR31760	839.0	757.6	36.0	9.53	7.21
PTHR31906	7235.0	7031.45	1129.0	74.56	56.38
PTHR13847	6759.19	6474.23	358.0	41.02	31.01
PTHR23012	11665.29	11298.9	12332.96	697.26	527.14
PTHR11101	9607.4	9281.77	37621.66	1681.97	1271.57
PTHR11102	5711.88	5549.04	867.0	72.11	54.52
PTHR11106	2818.0	2695.88	677.0	44.16	33.38
PTHR31585	1916.38	1875.67	440.0	24.21	18.3
PTHR32125	1947.0	1865.58	347.0	42.08	31.82
PTHR31588	8799.34	8636.5	2553.01	122.32	92.47
PTHR32120	1991.0	1909.58	76.0	8.32	6.29
PTHR15680	919.0	878.29	686.0	80.94	61.19
PTHR11807	3156.65	3075.23	224.0	15.74	11.9
PTHR11374	324.0	283.32	0.0	0.0	0.0
PTHR10281	1745.28	1663.86	708.98	89.58	67.72
PTHR26312	1444.0	1403.29	452.99	33.36	25.22
PTHR10285	6625.55	6422.0	3416.0	218.82	165.43
PTHR12000	1017.0	976.29	69.0	7.32	5.53
PTHR18895	1330.0	1248.6	34.0	4.9	3.71
PTHR12169	3948.0	3825.88	364.71	18.89	14.28
PTHR12486	2300.73	2178.61	174.0	21.92	16.58
PTHR12480	5135.0	4850.14	691.03	136.4	103.13
PTHR12482	3307.0	3225.58	255.0	16.52	12.5
PTHR12317	10991.99	10707.03	5762.04	390.75	295.42
PTHR12649	3231.31	3068.47	898.0	122.35	92.49
PTHR13992	1587.0	1505.59	236.0	31.37	23.71
PTHR12461	3353.0	3108.78	321.0	57.48	43.45
PTHR12466	2239.0	2157.58	458.0	42.21	31.91
PTHR21419	2032.0	1991.29	409.81	21.24	16.06
PTHR12001	3075.13	2993.71	1891.0	130.22	98.44
PTHR21327	3966.62	3885.2	2679.0	142.57	107.78
PTHR21631	9890.51	9686.97	11521.29	596.22	450.75
PTHR22854	2642.0	2560.58	1217.47	91.28	69.01
PTHR22855	7565.0	7402.2	3031.84	145.58	110.06
PTHR22850	6983.16	6779.61	1820.0	105.94	80.09
PTHR22504	2054.0	2013.29	1235.19	63.31	47.86
PTHR22915	22900.15	22370.93	9952.79	537.92	406.65
PTHR21256	4465.91	4384.49	5251.96	239.74	181.25
PTHR12265	1445.0	1363.58	46.0	6.74	5.09
PTHR12266	2439.43	2358.01	408.0	35.77	27.05
PTHR10648	2151.0	2110.29	1040.0	50.84	38.44
PTHR30178	2823.0	2741.58	21032.23	1623.54	1227.39
PTHR10641	12043.0	11676.62	3397.0	174.85	132.18
PTHR22912	21153.49	20665.0	10780.98	525.21	397.07
PTHR10644	4375.0	4252.87	636.0	40.68	30.76
PTHR12864	5741.42	5619.29	2598.6	133.09	100.62
PTHR12860	2542.0	2501.29	320.0	13.19	9.97
PTHR13194	1617.0	1535.58	93.0	15.52	11.74
PTHR13193	524.0	483.29	222.0	47.88	36.19
PTHR11913	1490.89	1450.18	295.0	21.02	15.89
PTHR11911	8852.77	8567.86	18646.62	1493.24	1128.89
PTHR11910	2270.0	2188.58	6400.0	620.47	469.07
PTHR11918	6769.64	6606.8	1279.0	81.86	61.89
PTHR12919	1403.0	1321.58	887.0	142.37	107.62
PTHR12910	1825.0	1743.58	1986.79	195.61	147.88
PTHR12917	4577.04	4454.96	912.0	59.84	45.24
PTHR11351	5712.0	5589.87	4285.0	239.58	181.12
PTHR11353	16835.0	16427.91	9573.32	530.73	401.23
PTHR11599	16590.0	16142.19	16091.98	1138.2	860.48
PTHR10516	17970.97	17197.49	3625.06	387.14	292.67
PTHR11592	4714.0	4551.16	2186.84	197.9	149.61
PTHR13273	995.0	954.29	564.0	61.21	46.27
PTHR31724	2987.64	2865.51	456.0	36.53	27.61
PTHR31098	8663.0	8540.87	3790.9	144.77	109.44
PTHR22594	9759.0	9514.74	2152.0	134.88	101.97
PTHR23315	9115.19	8830.31	3570.11	162.99	123.22
PTHR23316	2704.87	2664.16	1312.0	50.77	38.39
PTHR11778	6227.0	6104.87	1695.0	78.73	59.53
PTHR11774	3686.82	3564.69	439.01	37.99	28.73
PTHR11773	3696.0	3655.29	1580.0	44.54	33.67
PTHR11772	7850.83	7647.29	16465.1	715.72	541.08
PTHR10357	29022.51	28493.28	14670.47	641.57	485.04
PTHR10353	1321.0	1280.29	155.0	12.52	9.46
PTHR10350	4556.28	4474.86	712.95	31.93	24.14
PTHR10351	3146.84	3065.43	7021.58	712.49	538.65
PTHR32557	2106.0	2065.29	1094.0	54.65	41.32
PTHR10359	5659.68	5496.84	1672.25	109.65	82.9
PTHR32442	1319.0	1278.29	87.0	7.04	5.32
PTHR31750	1086.0	1045.29	161.78	16.02	12.11
PTHR14189	518.88	478.17	41.0	8.94	6.76
PTHR32228	1153.0	1112.29	28.0	2.6	1.97
PTHR31245	1577.0	1495.58	1219.0	166.16	125.61
PTHR23001	2847.0	2765.58	1812.0	135.41	102.37
PTHR23002	1825.63	1744.21	183.0	20.12	15.2
PTHR22904	31249.05	30272.02	6889.99	468.09	353.89
PTHR11177	28033.81	27341.79	8259.18	481.94	364.34
PTHR10445	2284.0	2243.29	1275.0	58.63	44.32
PTHR11178	5219.13	5056.29	3220.7	222.42	168.14
PTHR14456	1835.0	1712.87	631.0	111.75	84.48
PTHR31808	1986.12	1945.41	1143.0	60.63	45.84
PTHR31803	6123.12	6000.99	1975.98	95.52	72.22
PTHR11009	734.0	693.29	559.0	83.71	63.29
PTHR19229	20514.48	20107.42	11751.45	381.96	288.76
PTHR20961	24584.46	24055.25	8453.39	410.43	310.27
PTHR11005	3028.0	2946.58	259.0	18.67	14.11
PTHR11006	10074.61	9748.93	2134.0	128.18	96.91
PTHR18640	1854.0	1731.91	42.0	6.08	4.6
PTHR18866	18441.0	17708.33	5249.99	317.21	239.8
PTHR12022	685.0	644.29	2384.38	384.49	290.67
PTHR15588	1971.0	1889.58	979.97	107.57	81.32
PTHR12677	10278.1	10033.84	4246.49	243.96	184.41
PTHR19134	1215.47	1174.76	1322.0	116.39	87.99
PTHR19139	7194.75	6950.53	693.0	47.73	36.08
PTHR30566	5360.61	5238.48	2908.97	199.06	150.48
PTHR12459	3650.0	3609.29	408.0	11.65	8.81
PTHR12456	1358.0	1276.58	41.0	6.67	5.05
PTHR12452	905.46	864.75	205.0	24.57	18.57
PTHR19359	5108.75	4905.21	1132.99	169.51	128.14
PTHR12072	4678.92	4516.09	860.18	74.81	56.56
PTHR13218	799.0	758.29	106.0	14.5	10.96
PTHR13215	1337.05	1255.64	143.0	25.18	19.03
PTHR13213	3313.0	3190.87	434.0	40.61	30.7
PTHR10809	987.16	946.46	153.0	16.74	12.66
PTHR12290	422.0	381.3	27.0	7.4	5.6
PTHR21530	7771.91	7568.37	1527.0	77.11	58.29
PTHR12295	7123.0	7041.58	1514.0	44.45	33.61
PTHR12298	2689.0	2566.87	126.0	13.71	10.37
PTHR10638	2390.0	2349.29	653.85	28.7	21.7
PTHR10631	1120.0	1079.29	41.0	3.93	2.97
PTHR10984	5118.38	4996.25	2200.98	135.64	102.55
PTHR12858	3912.39	3830.97	509.94	26.59	20.1
PTHR13505	838.0	797.29	127.0	16.52	12.49
PTHR12850	783.0	742.29	12316.35	1721.62	1301.54
PTHR12856	1049.0	967.59	27.0	5.58	4.22
PTHR12855	1808.0	1767.29	354.58	20.71	15.66
PTHR12854	1988.0	1947.29	573.12	30.37	22.96
PTHR21737	1153.0	1112.29	131.0	12.19	9.21
PTHR13190	1875.0	1793.58	209.0	23.36	17.66
PTHR13182	1441.34	1400.64	461.01	34.01	25.71
PTHR10855	3305.0	3223.58	2197.0	123.29	93.21
PTHR10585	1288.0	1247.29	773.0	64.08	48.44
PTHR10743	992.0	951.29	332.37	36.18	27.36
PTHR10742	26857.52	26124.75	6733.52	368.44	278.53
PTHR10745	2337.0	2296.29	1630.0	73.22	55.35
PTHR10744	1904.0	1781.88	17181.51	2718.54	2055.22
PTHR10746	3378.0	3296.58	2194.05	179.07	135.38
PTHR11528	8525.23	8321.68	8635.39	492.34	372.21
PTHR12924	1240.0	1199.29	2135.99	184.19	139.25
PTHR11349	2181.0	2058.88	2628.99	398.16	301.01
PTHR10566	34526.04	33793.28	10578.78	446.16	337.29
PTHR11588	4914.0	4710.5	28753.14	1771.64	1339.38
PTHR10291	4934.0	4852.58	343.0	13.99	10.58
PTHR11584	8870.0	8747.87	2519.0	80.46	60.82
PTHR11586	859.99	819.29	123.0	15.56	11.77
PTHR11909	8043.0	7839.45	5752.35	336.14	254.12
PTHR23429	2901.0	2860.29	3860.27	139.12	105.18
PTHR24320	12834.46	12427.38	2826.99	216.03	163.33
PTHR24322	21483.92	20791.92	7402.02	475.25	359.28
PTHR11907	4513.96	4432.54	1215.0	64.13	48.48
PTHR11760	873.0	832.29	18569.85	2312.91	1748.56
PTHR11761	1791.0	1709.58	11179.63	1841.41	1392.1
PTHR11766	1901.0	1860.29	71.0	3.94	2.98
PTHR11767	2981.92	2900.5	1227.0	76.25	57.64
PTHR10361	6379.12	6216.28	2642.87	165.8	125.35
PTHR10366	24353.67	23620.91	12135.99	883.37	667.84
PTHR10169	7128.0	6965.16	1867.03	95.38	72.11
PTHR10168	8279.5	7994.58	4320.04	295.99	223.76
PTHR20973	890.96	850.25	121.0	14.75	11.15
PTHR10165	5248.05	5125.92	1907.0	110.61	83.61
PTHR31032	2856.0	2774.58	2614.79	178.86	135.21
PTHR23257	230760.86	224492.07	99918.07	4689.08	3544.95
PTHR23253	6190.0	5986.46	3505.0	285.29	215.69
PTHR14190	1107.0	1025.59	182.0	35.19	26.6
PTHR14194	12357.0	11990.61	3505.03	203.81	154.1
PTHR19957	7475.49	7312.66	2037.57	124.27	93.94
PTHR31251	33679.07	32539.28	13074.94	810.98	613.08
PTHR23074	9504.45	9178.78	3329.92	221.32	167.32
PTHR23077	16721.46	15826.03	2254.01	245.0	185.23
PTHR23076	23994.66	23302.6	8117.26	470.17	355.43
PTHR30239	1935.0	1894.29	2628.01	143.18	108.25
PTHR23073	13722.27	13315.17	7170.92	578.62	437.44
PTHR23078	2614.0	2573.29	701.0	28.09	21.24
PTHR11165	932.0	891.29	2204.0	256.21	193.7
PTHR32100	5960.0	5837.87	5856.01	300.86	227.45
PTHR14534	591.0	550.29	8.0	1.51	1.14
PTHR14445	4965.01	4802.17	1592.29	169.17	127.88
PTHR23102	599.8	559.1	110.0	20.47	15.48
PTHR23105	4782.0	4578.45	40613.58	4317.7	3264.18
PTHR11010	3118.6	3037.18	17808.02	1573.17	1189.32
PTHR12668	1048.0	1007.29	245.0	25.18	19.04
PTHR12661	1331.0	1290.29	231.0	18.51	13.99
PTHR12663	4658.0	4495.16	147.05	14.12	10.68
PTHR12664	1613.0	1531.61	210.04	28.06	21.22
PTHR16166	24737.57	24249.07	3990.58	175.41	132.62
PTHR12111	2090.0	2008.58	646.0	68.27	51.62
PTHR12447	1719.0	1678.29	455.0	27.99	21.16
PTHR15481	404.0	363.3	63.0	18.15	13.72
PTHR21477	5147.67	5025.54	3527.61	166.96	126.21
PTHR26379	2735.0	2653.58	2564.92	180.02	136.09
PTHR12599	1381.0	1299.58	276.0	43.93	33.21
PTHR12596	2561.13	2479.75	133.0	10.8	8.16
PTHR12590	1225.0	1143.58	52.0	9.34	7.06
PTHR12066	2319.25	2156.41	97.0	18.23	13.78
PTHR12064	8319.08	8115.54	2731.1	149.45	112.97
PTHR13226	3060.02	2978.61	363.0	22.83	17.26
PTHR13889	6224.0	6101.87	3269.01	162.88	123.14
PTHR13887	2281.0	2158.87	126.0	21.04	15.91
PTHR21181	1614.3	1532.89	281.0	54.94	41.53
PTHR12412	1281.15	1240.44	283.0	23.59	17.83
PTHR13948	1401.14	1319.75	129.0	19.93	15.06
PTHR12146	1080.0	998.61	6185.31	887.98	671.32
PTHR11453	2510.0	2469.29	84.0	3.51	2.65
PTHR21506	1271.76	1231.06	405.0	34.02	25.72
PTHR12280	2267.61	2186.19	641.0	58.88	44.52
PTHR11451	8032.0	7828.49	1693.62	84.95	64.22
PTHR12286	5137.9	5015.77	562.0	32.41	24.5
PTHR12415	3230.44	3189.73	612.0	19.77	14.95
PTHR30573	2706.0	2665.29	1229.0	47.54	35.94
PTHR22983	6692.06	6488.51	1012.0	74.96	56.67
PTHR22981	7666.93	7544.8	8423.16	360.43	272.49
PTHR30191	4098.0	4057.29	8902.15	226.02	170.87
PTHR13082	1314.0	1273.29	705.0	57.24	43.28
PTHR10629	19179.36	18772.27	3994.0	200.14	151.31
PTHR10994	10540.66	10255.69	5215.95	367.97	278.18
PTHR10996	8617.53	8373.27	1853.99	131.29	99.25
PTHR10997	17627.0	17219.94	3928.0	140.47	106.19
PTHR10992	45213.56	43829.5	9584.29	659.05	498.26
PTHR10993	1971.0	1889.58	89.0	9.55	7.22
PTHR17695	7139.0	6854.04	439.39	40.58	30.69
PTHR12849	901.0	860.29	203.0	24.46	18.49
PTHR10943	7835.0	7753.58	4329.01	117.82	89.07
PTHR12847	4682.0	4559.87	1203.99	61.32	46.36
PTHR21290	5018.45	4896.33	631.0	38.06	28.78
PTHR21349	2276.0	2194.58	1735.96	190.4	143.94
PTHR21347	2418.8	2337.38	982.0	81.46	61.58
PTHR21343	3144.0	3062.58	720.0	31.15	23.55
PTHR10196	9286.56	9123.72	1407.17	62.41	47.18
PTHR10192	3538.0	3456.58	1800.91	103.23	78.04
PTHR10751	1910.0	1869.29	131.0	7.23	5.47
PTHR10755	2373.99	2292.57	1641.93	121.28	91.69
PTHR10758	1460.0	1419.29	381.0	27.74	20.97
PTHR13152	703.0	662.29	33.0	5.18	3.91
PTHR12932	4934.22	4771.38	845.01	78.83	59.59
PTHR12934	1159.0	1118.29	315.0	29.14	22.03
PTHR10288	12447.43	12203.18	13143.75	543.95	411.22
PTHR11800	2827.32	2745.9	916.02	70.67	53.43
PTHR11802	4240.0	4117.87	1803.0	89.45	67.62
PTHR11804	9131.0	8805.37	2674.68	143.41	108.42
PTHR11808	7631.29	7427.75	1804.0	103.44	78.2
PTHR10283	12733.03	12407.39	8957.16	379.8	287.12
PTHR10286	3202.0	3120.58	3934.65	235.11	177.74
PTHR13734	4044.0	3962.58	595.0	28.43	21.5
PTHR11579	3004.0	2922.58	670.0	43.91	33.19
PTHR13718	2775.0	2693.58	13120.02	1173.1	886.86
PTHR13711	8967.73	8723.48	7650.25	308.12	232.95
PTHR13710	8708.61	8382.98	334.0	25.62	19.37
PTHR11977	1752.53	1711.83	1765.32	106.46	80.49
PTHR11972	10024.68	9821.15	2675.94	119.5	90.34
PTHR31480	2646.0	2605.29	329.86	13.05	9.87
PTHR31485	12646.0	12401.74	2191.12	110.81	83.76
PTHR11715	942.0	901.29	1482.0	170.35	128.79
PTHR11717	2102.0	1939.19	167.0	27.82	21.03
PTHR11711	14504.13	14056.33	13759.8	1083.62	819.21
PTHR11712	23964.02	23109.34	2301.0	98.65	74.58
PTHR10374	5175.0	5012.16	5929.64	466.48	352.66
PTHR10178	18366.29	17918.52	8882.9	442.18	334.27
PTHR11482	3271.8	3190.38	4228.0	262.32	198.32
PTHR10173	4198.0	4035.16	2802.06	279.27	211.13
PTHR10177	9903.19	9658.93	4472.6	311.57	235.56
PTHR10174	14233.92	13786.13	9346.66	649.69	491.17
PTHR23249	2131.0	2049.58	572.58	74.27	56.15
PTHR23244	19234.23	18827.13	4218.29	177.87	134.48
PTHR23245	2156.78	2034.65	154.0	22.15	16.75
PTHR23240	4301.78	4138.96	342.0	30.3	22.92
PTHR14614	9924.63	9598.95	1294.0	89.24	67.45
PTHR31268	6724.05	6561.24	674.0	29.97	22.66
PTHR31262	738.0	697.29	44.0	6.55	4.95
PTHR23063	4607.0	4484.87	1023.0	71.01	53.68
PTHR11620	679.0	638.29	8449.01	1375.36	1039.77
PTHR11624	11314.77	10989.14	16011.81	1074.81	812.56
PTHR11627	2928.0	2805.88	26806.13	2081.14	1573.34
PTHR11390	5481.87	5319.07	648.0	30.57	23.12
PTHR31620	4035.0	3953.58	11710.98	506.5	382.91
PTHR31319	2690.04	2649.33	10119.82	393.83	297.74
PTHR14052	1880.27	1839.56	640.0	35.91	27.15
PTHR32118	1854.0	1813.29	2507.18	142.72	107.9
PTHR23117	2945.36	2863.95	1671.45	114.3	86.42
PTHR23115	46825.95	45726.82	158907.82	9120.91	6895.41
PTHR11028	2347.0	2265.58	2506.48	229.37	173.4
PTHR11024	1434.0	1393.29	487.0	36.12	27.31
PTHR12841	1033.0	992.29	210.0	21.91	16.56
PTHR11777	4022.0	3981.29	1262.0	32.65	24.69
PTHR12616	2640.96	2518.83	659.0	83.36	63.03
PTHR12613	1843.63	1802.92	141.0	8.07	6.1
PTHR12612	1130.0	1089.29	1506.0	143.06	108.15
PTHR32060	5097.58	4894.05	2727.0	132.61	100.26
PTHR12436	1873.0	1750.89	211.0	40.11	30.32
PTHR22734	2627.0	2545.58	467.0	40.23	30.41
PTHR12121	12922.45	12352.56	5512.73	557.54	421.48
PTHR12438	1627.0	1586.29	123.0	8.01	6.05
PTHR11757	4650.04	4527.92	1194.0	56.58	42.77
PTHR15492	1114.11	1073.4	223.0	21.5	16.25
PTHR21426	2119.0	2037.58	200.0	20.19	15.26
PTHR21427	1996.0	1955.29	266.0	14.04	10.61
PTHR13161	2042.0	1919.87	482.0	77.39	58.51
PTHR19372	2797.0	2715.58	173.0	11.72	8.87
PTHR19370	2875.0	2793.58	1095.0	85.45	64.6
PTHR19376	12925.75	12722.2	5569.72	201.7	152.49
PTHR19375	13766.64	13359.63	14623.9	949.93	718.16
PTHR12725	5046.5	4802.28	967.0	96.76	73.15
PTHR13890	6883.94	6558.3	1764.0	186.51	140.99
PTHR22883	10228.66	9902.98	1661.0	99.55	75.27
PTHR22880	9713.86	9347.48	1747.01	154.9	117.11
PTHR12542	2413.0	2290.9	110.0	13.04	9.87
PTHR12124	2567.81	2486.4	257.0	18.21	13.77
PTHR21512	2713.0	2631.58	276.0	19.24	14.54
PTHR30508	3786.0	3704.58	2089.0	105.77	79.96
PTHR30502	1508.0	1467.29	227.0	15.98	12.08
PTHR10617	10160.89	9835.26	25883.28	1412.25	1067.65
PTHR10615	6293.0	6089.45	2054.0	144.03	108.88
PTHR13527	1540.0	1499.29	501.0	34.52	26.1
PTHR22958	6567.09	6444.97	12902.11	536.55	405.64
PTHR22951	1174.92	1134.22	450.0	41.04	31.03
PTHR22950	36840.4	35863.41	15657.96	650.12	491.5
PTHR22953	19701.64	19335.26	4906.08	224.81	169.96
PTHR22952	12725.07	12521.52	32004.86	1152.57	871.33
PTHR22957	13646.4	13239.32	2724.0	191.16	144.51
PTHR21600	1591.0	1550.29	312.0	20.79	15.72
PTHR24056	15750.44	15384.05	4383.1	214.71	162.32
PTHR24054	1353.0	1312.29	761.0	59.94	45.32
PTHR24055	12164.87	11839.2	4467.26	267.26	202.05
PTHR24058	6440.72	6196.49	1744.0	159.19	120.34
PTHR10766	10153.78	10031.66	7688.88	232.53	175.79
PTHR10762	3049.56	2968.15	510.0	37.67	28.48
PTHR30031	5644.78	5400.54	12030.56	591.33	447.05
PTHR12945	2863.55	2782.13	162.0	12.44	9.41
PTHR12944	1697.22	1615.81	113.0	13.21	9.99
PTHR24128	9261.31	9057.76	2548.37	99.84	75.47
PTHR13096	2382.03	2300.62	515.0	45.26	34.22
PTHR11365	2988.24	2947.53	507.0	17.73	13.4
PTHR10548	4328.43	4165.61	4519.72	421.72	318.81
PTHR11817	8838.61	8675.78	5079.0	243.7	184.25
PTHR11814	10371.43	9964.43	2188.88	149.52	113.04
PTHR11363	1439.0	1398.29	25908.06	1914.66	1447.48
PTHR10543	7752.19	7467.28	456.01	32.5	24.58
PTHR10540	3625.88	3503.76	1596.83	133.3	100.78
PTHR13931	3154.53	3032.48	1230.89	129.98	98.27
PTHR12965	3036.0	2954.59	343.0	21.6	16.33
PTHR10544	658.54	617.83	7235.24	1217.17	920.18
PTHR11562	3916.36	3753.55	523.0	55.71	42.12
PTHR11566	18019.0	17774.74	6326.03	208.55	157.67
PTHR11567	4850.97	4728.84	949.0	78.1	59.03
PTHR11564	5154.54	4951.0	1060.0	65.25	49.33
PTHR11962	4310.0	4187.89	1126.0	48.87	36.94
PTHR11963	4297.96	4175.84	232.0	12.47	9.43
PTHR10381	8458.43	8132.76	8642.69	732.2	553.53
PTHR10383	4778.23	4696.81	2411.9	89.7	67.81
PTHR11705	1231.0	1190.29	45.0	3.91	2.96
PTHR11702	9486.99	9202.02	1703.0	127.4	96.31
PTHR11700	1379.0	1297.58	8449.34	1501.53	1135.15
PTHR10388	855.0	814.29	5063.76	644.75	487.43
PTHR11709	8325.0	8121.49	1316.0	41.92	31.7
PTHR10145	4981.0	4899.58	733.0	29.01	21.93
PTHR23273	4127.12	4045.7	1515.97	71.05	53.71
PTHR23270	5952.07	5667.14	649.98	76.02	57.48
PTHR23050	3435.0	3272.16	6264.31	735.78	556.25
PTHR23056	1987.0	1905.58	554.0	59.46	44.94
PTHR23054	1172.0	1131.29	56.0	5.12	3.87
PTHR11638	14260.0	13893.64	23586.99	759.34	574.06
PTHR31783	5563.0	5522.29	2842.65	53.0	40.07
PTHR23291	4330.67	4249.25	4204.9	205.18	155.12
PTHR11630	17515.17	17148.78	3759.0	188.77	142.72
PTHR11140	4008.0	3967.29	1695.0	44.01	33.27
PTHR11141	3167.0	3126.29	1450.99	47.83	36.16
PTHR11142	6238.22	5953.27	803.0	81.97	61.97
PTHR11380	460.0	419.3	244.0	60.77	45.94
PTHR11384	9918.97	9511.93	1344.0	118.36	89.47
PTHR32477	2054.0	2013.29	117.0	6.0	4.53
PTHR14043	1196.0	1114.61	69.0	11.07	8.36
PTHR32472	1695.41	1614.03	180.0	22.65	17.12
PTHR31658	1728.0	1646.58	129.0	16.33	12.35
PTHR14269	3358.77	3236.68	910.0	87.67	66.28
PTHR22884	18459.86	17889.94	3725.15	257.66	194.79
PTHR23125	34514.98	33619.38	10015.78	516.37	390.35
PTHR12050	3349.0	3308.29	302.0	9.41	7.11
PTHR19879	2112.0	2030.58	97.0	9.92	7.5
PTHR19211	14296.69	13767.5	4218.01	329.1	248.81
PTHR12547	5105.0	4901.46	2456.0	159.97	120.94
PTHR12608	3282.21	3160.1	1266.0	93.08	70.37
PTHR12604	1262.98	1222.28	1488.0	125.87	95.16
PTHR12603	3307.0	3225.58	852.0	51.08	38.61
PTHR32091	1512.0	1471.29	734.0	51.54	38.96
PTHR32098	3876.0	3713.21	211.0	17.56	13.28
PTHR18763	1558.0	1517.29	143.0	9.74	7.36
PTHR22726	5715.5	5552.66	3400.0	182.25	137.78
PTHR22727	3835.0	3794.29	1759.0	47.76	36.11
PTHR12428	5040.51	4877.67	1551.02	89.74	67.85
PTHR18968	11232.0	10906.33	30864.2	1302.28	984.52
PTHR12735	2910.0	2787.87	981.03	104.09	78.7
PTHR15020	7464.4	7220.15	1445.25	113.67	85.93
PTHR12049	2220.0	2138.59	269.0	17.23	13.03
PTHR12558	4641.0	4518.87	1195.0	63.88	48.29
PTHR12553	7185.31	6941.05	787.0	67.01	50.66
PTHR24072	2621.0	2580.29	493.0	19.7	14.89
PTHR11477	2985.0	2862.88	305.0	29.57	22.36
PTHR24073	12605.7	12157.91	12272.31	1002.88	758.19
PTHR21569	1462.0	1380.58	11903.19	2053.65	1552.56
PTHR10491	1185.0	1144.29	104.0	9.4	7.11
PTHR21567	6031.0	5868.16	1010.22	48.05	36.32
PTHR13950	3881.42	3840.71	331.0	8.88	6.71
PTHR12133	1097.64	1056.93	71.0	6.95	5.26
PTHR10972	7734.0	7571.16	3191.75	173.6	131.24
PTHR10606	975.0	893.59	11.0	2.52	1.9
PTHR10971	8072.08	7949.95	3403.99	126.54	95.67
PTHR13393	986.0	945.29	49.0	5.37	4.06
PTHR13395	1403.0	1321.58	139.0	20.97	15.86
PTHR11680	5442.4	5320.27	14142.48	819.0	619.16
PTHR22893	5983.08	5779.6	1214.0	61.54	46.52
PTHR10778	5100.0	4937.17	978.0	75.24	56.88
PTHR24064	10501.84	10298.29	5020.59	282.38	213.48
PTHR24063	16717.26	16228.76	4615.43	299.99	226.79
PTHR21011	1933.0	1851.58	3429.92	355.89	269.06
PTHR10772	2995.0	2872.87	1266.83	136.99	103.57
PTHR10774	13968.75	13520.98	12005.97	981.76	742.23
PTHR24068	2443.0	2361.58	2209.02	212.43	160.6
PTHR12959	2303.0	2262.29	249.0	11.35	8.58
PTHR24115	49045.32	48149.77	7254.51	279.17	211.09
PTHR10961	1743.11	1661.69	71.0	9.53	7.2
PTHR11825	9378.12	9133.86	2822.0	166.52	125.9
PTHR11822	2452.0	2411.29	3347.01	143.15	108.22
PTHR10803	1609.85	1528.45	405.0	54.81	41.44
PTHR10806	751.0	710.29	151.0	22.07	16.68
PTHR10804	12615.36	12330.39	5283.0	348.35	263.34
PTHR11556	4464.47	4342.34	2261.88	156.31	118.16
PTHR11558	1273.0	1232.29	1024.0	85.92	64.96
PTHR13773	4778.0	4696.58	2043.0	126.32	95.49
PTHR10537	1824.0	1783.29	101.0	5.85	4.42
PTHR11953	2827.12	2664.3	341.0	48.19	36.43
PTHR11952	6600.05	6477.92	1653.12	90.48	68.4
PTHR11956	2215.0	2174.29	1682.0	79.8	60.33
PTHR11959	3036.0	2954.58	1121.59	62.42	47.19
PTHR11739	3810.0	3728.58	1835.53	90.38	68.33
PTHR11732	27421.49	26688.77	6200.46	321.35	242.94
PTHR11731	8109.92	7824.99	1115.3	68.88	52.07
PTHR11730	15071.65	14623.91	19139.41	837.65	633.29
PTHR11735	2340.0	2258.58	325.0	30.06	22.73
PTHR10394	1371.0	1289.59	16177.45	1963.37	1484.31
PTHR20941	1546.0	1423.9	71.0	14.38	10.87
PTHR31065	4020.43	3939.02	10387.69	437.18	330.51
PTHR13600	7973.01	7810.17	1189.0	71.28	53.88
PTHR31066	3024.0	2983.29	1103.0	38.11	28.81
PTHR13604	1561.0	1520.29	74.0	5.03	3.8
PTHR23264	6319.54	6197.41	4598.86	175.41	132.61
PTHR23269	1834.0	1793.29	267.0	15.37	11.62
PTHR31204	1388.0	1347.29	81.0	6.21	4.7
PTHR31201	3948.12	3866.7	1129.0	61.24	46.3
PTHR31209	1222.89	1182.19	233.0	20.38	15.41
PTHR11607	2133.0	2092.29	356.0	17.55	13.27
PTHR15074	740.0	699.29	31.0	4.6	3.48
PTHR11601	8587.0	8342.74	1887.0	101.55	76.77
PTHR32467	9834.97	9468.69	1773.0	126.81	95.86
PTHR14255	10851.02	10525.42	911.0	69.83	52.8
PTHR31840	694.0	653.29	74.0	11.77	8.9
PTHR23130	1793.37	1752.66	361.0	21.26	16.08
PTHR23133	1304.0	1263.29	679.0	55.57	42.01
PTHR23135	5078.78	4997.36	8288.84	192.32	145.4
PTHR23138	2392.0	2310.58	1864.4	164.6	124.44
PTHR23139	11880.25	11554.58	8450.96	666.73	504.06
PTHR31682	1615.0	1574.29	532.0	34.9	26.39
PTHR11040	1808.0	1685.91	430.0	47.45	35.88
PTHR11043	832.0	791.29	167.0	21.89	16.55
PTHR11042	6447.97	6285.13	423.01	25.79	19.5
PTHR11048	4500.05	4337.25	2138.28	124.28	93.94
PTHR14005	3537.0	3496.29	1273.0	37.52	28.36
PTHR15818	1419.0	1337.58	201.0	29.15	22.04
PTHR12636	1097.0	1056.29	239.0	23.42	17.7
PTHR14490	2209.93	2087.81	1906.5	186.64	141.09
PTHR14493	23170.46	22722.65	31729.05	1165.61	881.21
PTHR15651	2605.85	2565.14	259.0	10.41	7.87
PTHR12380	3739.0	3576.17	2383.88	230.5	174.27
PTHR12385	6698.37	6535.54	8420.31	479.64	362.61
PTHR12706	8547.69	8344.15	827.64	50.18	37.94
PTHR12709	1652.0	1570.58	516.0	74.15	56.06
PTHR12561	794.0	753.29	67.0	9.23	6.98
PTHR12560	3251.0	3169.58	1541.87	94.25	71.26
PTHR11203	6050.19	5928.06	2126.99	81.65	61.74
PTHR12097	4049.47	4008.76	1812.0	46.56	35.2
PTHR11200	9315.5	9071.24	2198.0	114.08	86.25
PTHR21576	4753.0	4630.87	1317.0	91.11	68.88
PTHR10046	5179.49	4976.0	536.0	54.37	41.1
PTHR12419	4175.0	4012.16	663.0	66.59	50.35
PTHR23338	5064.77	5024.06	1622.0	33.25	25.13
PTHR30525	1707.0	1666.29	504.01	31.23	23.61
PTHR12413	3292.86	3211.44	298.0	19.37	14.65
PTHR12411	64219.82	62754.35	55296.55	2507.15	1895.41
PTHR23339	3746.0	3623.88	271.0	14.14	10.69
PTHR10947	4478.36	4396.94	2424.0	113.69	85.95
PTHR21717	694.0	653.29	33.0	5.25	3.97
PTHR21712	2704.0	2622.58	523.0	37.07	28.02
PTHR12897	3235.0	3153.58	286.0	18.59	14.05
PTHR12894	5588.53	5384.98	554.0	57.66	43.6
PTHR12891	1045.0	1004.29	14.0	1.44	1.09
PTHR22976	8979.38	8735.15	13932.85	580.26	438.68
PTHR22975	11952.57	11667.64	17114.51	594.72	449.6
PTHR22970	2189.0	2107.58	531.0	41.04	31.02
PTHR14145	3013.0	2931.58	1533.0	106.34	80.39
PTHR21377	863.0	822.29	89.0	11.22	8.48
PTHR21371	2164.0	2123.29	12485.87	606.68	458.65
PTHR21373	2045.0	1922.89	123.0	19.28	14.57
PTHR22573	7783.79	7620.95	5840.49	342.72	259.1
PTHR22572	12763.14	12478.17	7579.0	354.63	268.1
PTHR13060	1675.0	1634.29	112.0	7.08	5.35
PTHR21000	2314.02	2273.31	4255.92	193.1	145.99
PTHR10701	1168.42	1127.71	1230.14	112.85	85.31
PTHR13162	7454.0	7413.29	4928.0	68.43	51.73
PTHR13165	1554.58	1513.87	382.12	26.07	19.71
PTHR21396	1678.0	1596.58	693.0	89.1	67.35
PTHR13069	3065.0	2983.58	130.0	9.19	6.94
PTHR13068	8024.11	7779.86	3546.76	272.67	206.13
PTHR24106	5426.0	5303.87	1249.06	75.96	57.43
PTHR24103	3674.0	3511.16	421.0	42.87	32.41
PTHR11540	4555.0	4351.46	11726.54	960.74	726.33
PTHR10836	4144.0	3981.18	51485.53	3890.44	2941.17
PTHR10835	2444.0	2403.29	979.0	42.01	31.76
PTHR11545	2518.0	2395.87	18973.19	2186.16	1652.74
PTHR10012	1405.69	1364.98	396.0	29.98	22.67
PTHR13768	2829.42	2748.01	1165.0	89.53	67.69
PTHR24078	13850.55	13443.49	2758.9	193.83	146.53
PTHR11946	21636.26	21188.45	7088.63	322.95	244.13
PTHR11947	4326.0	4244.58	2269.97	101.87	77.01
PTHR11941	10914.37	10588.74	5359.67	290.87	219.9
PTHR10497	2064.0	2023.29	19423.77	990.58	748.88
PTHR10496	307.0	266.33	0.0	0.0	0.0
PTHR24076	24083.42	23309.95	6414.88	376.79	284.85
PTHR24077	16962.07	16351.43	3211.78	268.68	203.12
PTHR11728	6206.79	6084.66	2308.0	123.34	93.24
PTHR11726	963.0	922.29	18653.63	2095.05	1583.86
PTHR11727	3332.43	3210.3	495.0	52.27	39.51
PTHR11721	781.0	740.29	12004.86	1682.65	1272.08
PTHR11722	893.0	852.29	9986.26	1214.4	918.09
PTHR10120	1841.0	1800.29	926.72	53.14	40.17
PTHR10122	1212.0	1171.29	7184.7	634.44	479.64
PTHR11831	938.0	897.29	17612.36	2033.61	1537.41
PTHR11835	1842.0	1801.29	480.0	27.51	20.8
PTHR11614	1544.48	1503.77	886.0	60.86	46.01
PTHR11615	17711.83	17019.87	23797.53	1672.27	1264.23
PTHR11618	5023.93	4861.09	1759.01	131.43	99.37
PTHR32419	2061.0	2020.29	95.0	4.85	3.67
PTHR10231	3112.35	2990.22	427.0	37.87	28.63
PTHR10233	8035.65	7832.1	2812.04	177.97	134.54
PTHR31503	5569.76	5406.92	2589.47	149.96	113.37
PTHR23147	2150.2	2068.8	2043.0	209.44	158.33
PTHR23140	2228.68	2147.26	417.99	39.77	30.07
PTHR23142	2551.97	2470.55	648.0	48.25	36.48
PTHR23149	1541.0	1459.58	415.59	67.72	51.19
PTHR23148	942.89	902.18	222.0	25.49	19.27
PTHR11361	14196.99	13789.98	1693.0	75.43	57.04
PTHR11056	3179.71	3098.29	2534.85	190.55	144.06
PTHR11055	4951.45	4829.33	3178.0	170.19	128.66
PTHR32251	4306.3	4184.17	1355.0	84.66	64.01
PTHR31695	2265.0	2183.58	263.0	26.4	19.96
PTHR11819	3820.0	3738.6	3976.86	121.88	92.14
PTHR22767	6244.0	6081.16	534.0	37.16	28.09
PTHR22765	8995.0	8791.48	4446.0	211.67	160.01
PTHR12629	1743.0	1702.29	2037.22	123.56	93.41
PTHR18945	4709.63	4587.5	1172.0	59.75	45.18
PTHR26402	18771.94	18364.93	8372.6	270.13	204.21
PTHR19384	8284.0	7999.05	2332.0	177.19	133.97
PTHR12714	6173.85	6011.01	2585.0	170.72	129.06
PTHR32523	1434.0	1393.29	243.0	18.02	13.63
PTHR12570	3990.74	3868.62	768.0	56.39	42.63
PTHR21494	2138.0	2056.58	132.0	13.24	10.01
PTHR21145	3573.82	3492.4	620.0	36.78	27.8
PTHR21496	3471.0	3308.16	1196.0	167.87	126.9
PTHR21493	37886.26	36787.17	11210.39	700.5	529.58
PTHR21499	3670.76	3589.37	3922.56	123.92	93.68
PTHR21148	4302.0	4139.16	1199.0	105.3	79.62
PTHR12083	2128.0	2046.58	105.0	10.92	8.25
PTHR19854	5476.43	5354.3	543.0	21.53	16.28
PTHR30535	4903.81	4781.7	4195.05	363.14	274.53
PTHR19855	3505.0	3423.58	2191.04	126.91	95.95
PTHR19852	1270.0	1229.29	295.0	24.81	18.76
PTHR16128	3819.74	3697.66	330.0	23.44	17.72
PTHR12400	3822.0	3740.6	816.0	48.88	36.95
PTHR13572	1918.83	1878.12	247.0	13.57	10.26
PTHR30314	6467.0	6304.17	4961.58	234.86	177.54
PTHR12882	688.0	647.29	213.0	34.19	25.84
PTHR12883	1449.0	1408.29	581.0	42.63	32.23
PTHR16255	6790.0	6627.16	1814.08	109.99	83.14
PTHR16254	7805.22	7683.09	2874.24	111.99	84.66
PTHR13373	1546.0	1505.29	151.0	10.36	7.83
PTHR13375	1448.0	1407.29	299.0	21.95	16.6
PTHR22967	1291.0	1250.29	93.0	7.69	5.81
PTHR10150	3861.65	3739.54	287.0	20.4	15.43
PTHR30222	1593.0	1552.29	63.0	4.19	3.17
PTHR13115	2358.0	2317.29	382.0	17.0	12.85
PTHR13117	1932.0	1891.29	1608.0	87.75	66.34
PTHR13285	1761.0	1638.89	66.0	10.94	8.27
PTHR13288	1305.0	1264.29	143.0	11.69	8.84
PTHR10953	16545.1	16097.33	5236.33	248.37	187.79
PTHR10954	1974.0	1892.58	181.0	19.81	14.97
PTHR21726	712.22	671.51	39.0	6.03	4.56
PTHR10956	1380.0	1339.29	26458.48	2041.9	1543.68
PTHR10826	1172.0	1131.29	964.0	88.15	66.64
PTHR11533	7564.0	7441.87	2884.99	98.86	74.75
PTHR11532	3802.0	3598.46	1539.28	206.94	156.44
PTHR10000	5336.55	5214.43	827.01	47.4	35.83
PTHR13021	1265.89	1225.19	324.0	27.34	20.67
PTHR10108	51933.02	50508.21	14561.85	746.99	564.76
PTHR24007	4105.14	4023.72	913.0	46.34	35.03
PTHR24006	27144.86	26371.37	5274.59	403.12	304.77
PTHR24003	32205.9	31147.46	21500.05	1167.19	882.39
PTHR31446	1048.0	1007.29	454.0	46.66	35.27
PTHR31190	4053.0	3930.87	1881.99	114.74	86.74
PTHR11441	1551.0	1510.29	866.16	59.24	44.79
PTHR11440	2341.0	2259.58	375.0	29.27	22.13
PTHR11999	7786.49	7582.98	8484.52	329.9	249.41
PTHR11998	5138.0	5015.87	2902.01	195.98	148.16
PTHR11449	884.78	803.37	9039.0	1991.99	1505.94
PTHR11994	754.0	713.29	14145.63	2058.42	1556.17
PTHR10133	12694.49	12450.29	9017.3	242.82	183.59
PTHR13620	10218.5	9892.85	2024.23	163.47	123.59
PTHR11847	800.0	759.29	14717.86	2010.86	1520.21
PTHR11843	692.0	651.29	14764.89	2355.04	1780.41
PTHR11661	3035.0	2912.87	13492.41	1581.05	1195.27
PTHR11662	21640.76	21152.25	10488.21	402.23	304.08
PTHR11669	5576.0	5413.16	1015.0	73.85	55.83
PTHR11668	10846.0	10479.61	8482.0	633.06	478.61
PTHR20856	9776.11	9531.86	4586.8	205.38	155.27
PTHR20854	5888.0	5684.46	1037.75	79.22	59.89
PTHR20855	2886.0	2804.58	657.0	49.59	37.49
PTHR20852	4826.23	4663.39	10821.02	656.88	496.6
PTHR32404	3120.28	3038.86	1236.03	85.31	64.5
PTHR20858	3584.0	3461.87	2612.0	217.52	164.45
PTHR10634	697.0	656.29	377.0	59.67	45.11
PTHR14237	9241.28	8956.39	2068.78	87.35	66.03
PTHR11143	816.0	775.29	16125.64	2157.36	1630.97
PTHR23155	158424.73	154272.58	35187.83	1687.95	1276.07
PTHR23153	7094.32	6809.36	1969.01	232.24	175.58
PTHR23151	7579.68	7213.35	3357.01	341.19	257.92
PTHR11063	3315.0	3233.58	1416.98	91.82	69.42
PTHR11062	19967.35	19397.44	2687.02	134.18	101.46
PTHR11061	3870.51	3626.29	199.0	27.2	20.56
PTHR11065	3999.61	3877.48	3189.86	225.63	170.58
PTHR11064	2071.5	1990.08	2298.84	162.09	122.54
PTHR11260	14717.6	14351.25	3379.93	201.15	152.08
PTHR11264	1483.8	1443.09	418.0	29.93	22.63
PTHR11266	11847.16	11440.08	9319.03	613.02	463.44
PTHR13501	779.0	738.29	789.0	110.89	83.83
PTHR31998	5891.0	5768.87	40883.32	1348.35	1019.35
PTHR31221	3066.74	2985.32	641.0	42.92	32.45
PTHR15838	1062.36	980.95	42.0	8.91	6.73
PTHR32338	1527.0	1486.29	773.0	53.73	40.62
PTHR31407	3578.0	3455.87	1057.0	93.68	70.81
PTHR15744	1122.88	1041.47	207.0	38.87	29.39
PTHR20932	1452.91	1412.2	406.0	29.71	22.46
PTHR18952	1776.0	1735.29	152.0	9.04	6.84
PTHR10552	1229.0	1188.29	584.0	50.83	38.43
PTHR25040	6398.0	6235.17	6323.17	279.97	211.65
PTHR12765	1200.0	1118.58	153.0	28.22	21.34
PTHR12505	3033.51	2952.09	374.0	29.05	21.96
PTHR21481	2826.0	2744.58	163.0	12.23	9.25
PTHR22778	5034.0	4830.46	1195.0	85.48	64.62
PTHR19446	12109.22	11864.98	53664.66	1736.06	1312.45
PTHR12219	2912.0	2871.29	4148.99	148.95	112.61
PTHR13561	5313.74	5191.61	297.0	20.18	15.26
PTHR13563	974.98	934.27	98.0	10.86	8.21
PTHR12210	4326.0	4244.58	4419.34	212.47	160.63
PTHR12215	1294.0	1212.6	36.0	5.44	4.11
PTHR12214	1993.0	1952.29	293.0	15.49	11.71
PTHR12189	1085.0	1003.59	93.0	19.21	14.53
PTHR22911	7361.06	7116.81	1399.98	111.03	83.93
PTHR11926	2383.0	2301.58	492.0	44.49	33.64
PTHR19842	1791.0	1750.29	553.0	32.62	24.66
PTHR12183	2257.52	2176.1	550.0	48.37	36.57
PTHR19849	2217.0	2135.58	295.0	28.56	21.59
PTHR21152	5054.6	4851.06	1353.31	166.89	126.16
PTHR19861	1045.0	1004.29	351.0	36.18	27.35
PTHR30075	4129.0	3966.16	207.0	21.22	16.05
PTHR11632	8468.9	8224.69	10864.33	444.1	335.74
PTHR13102	2268.04	2145.91	300.0	40.99	31.0
PTHR12984	4267.4	4185.98	681.81	33.88	25.62
PTHR23293	6373.0	6210.17	6311.07	364.89	275.85
PTHR13299	1724.0	1683.29	433.0	26.56	20.08
PTHR12652	3473.0	3391.58	1860.0	114.86	86.83
PTHR10925	2662.0	2621.29	902.0	35.48	26.82
PTHR10920	5135.0	4931.45	1347.99	140.97	106.57
PTHR10584	24717.13	24065.82	19603.25	661.49	500.09
PTHR11527	2007.3	1885.22	47.0	10.79	8.16
PTHR11525	1644.0	1603.29	859.0	55.33	41.83
PTHR10859	4005.0	3842.16	942.29	97.17	73.47
PTHR10589	4315.42	4234.0	994.0	40.59	30.68
PTHR10588	6062.32	5818.08	453.0	35.76	27.03
PTHR13038	2309.0	2268.29	257.0	11.69	8.84
PTHR13748	7725.43	7481.19	3432.46	222.54	168.24
PTHR12126	2856.08	2774.67	3118.65	223.9	169.27
PTHR13743	13527.51	13324.0	1499.0	52.17	39.43
PTHR24015	48704.2	47442.3	16435.81	814.79	615.94
PTHR24012	38455.59	37356.54	22578.86	1749.38	1322.52
PTHR24011	35677.03	34740.75	39034.27	2299.59	1738.5
PTHR31187	8803.0	8640.16	7571.8	302.15	228.43
PTHR10459	6369.18	6165.63	795.0	62.27	47.09
PTHR10458	2043.0	1961.58	154.0	17.11	12.94
PTHR11986	15348.71	14982.35	5583.57	268.99	203.36
PTHR11455	6412.0	6208.5	1893.15	76.21	57.61
PTHR10102	3400.0	3318.58	301.0	18.8	14.22
PTHR11458	1860.0	1778.61	1139.91	79.02	59.74
PTHR10106	886.0	845.29	70.0	8.58	6.49
PTHR31057	2490.8	2368.69	170.0	20.86	15.78
PTHR21141	2842.0	2719.87	23843.94	3375.29	2551.72
PTHR11851	17402.8	16955.03	10955.54	651.65	492.66
PTHR23092	3863.0	3740.87	561.0	45.12	34.11
PTHR23091	11521.54	11033.05	1950.89	175.32	132.54
PTHR11673	999.0	958.29	19290.61	2084.65	1576.0
PTHR11670	8268.5	8024.26	12308.45	556.1	420.41
PTHR11671	1576.0	1535.29	2413.0	162.34	122.73
PTHR20863	2847.85	2725.72	6026.77	780.54	590.08
PTHR20861	3582.0	3500.58	1678.0	93.2	70.45
PTHR11679	7154.13	7032.0	2087.23	93.6	70.77
PTHR14009	5795.7	5714.29	1858.99	66.28	50.11
PTHR10217	9264.58	9020.34	1230.0	65.14	49.26
PTHR10210	6537.0	6455.58	3309.18	115.57	87.37
PTHR31522	1599.0	1558.29	497.03	32.94	24.91
PTHR14221	2100.0	2059.29	576.0	28.86	21.82
PTHR23163	3206.0	3124.58	416.0	26.03	19.68
PTHR11079	5304.27	5060.03	731.0	65.19	49.27
PTHR11076	7249.21	6801.46	237.0	37.12	28.08
PTHR11070	5346.0	5223.88	520.0	19.95	15.09
PTHR11071	23879.6	22902.65	17325.25	1891.24	1429.79
PTHR11278	1059.0	1018.29	13887.28	1411.75	1067.28
PTHR14107	1477.5	1436.79	447.0	32.15	24.3
PTHR11276	6345.37	6182.55	532.0	22.93	17.34
PTHR11274	2920.44	2839.02	274.0	19.65	14.85
PTHR14136	4895.96	4733.12	3297.14	310.75	234.94
PTHR31984	3316.0	3234.58	1103.0	66.56	50.32
PTHR15350	2649.0	2567.58	1218.0	83.32	62.99
PTHR15606	2714.0	2632.58	411.0	31.6	23.89
PTHR12374	2868.12	2786.7	1060.0	68.0	51.41
PTHR12375	1863.0	1781.58	443.0	50.79	38.4
PTHR12378	1052.37	1011.66	284.0	29.06	21.97
PTHR18929	17310.28	16781.06	23377.33	2146.02	1622.4
PTHR13976	2294.0	2212.58	469.0	42.85	32.4
PTHR12777	676.0	635.29	1669.0	272.98	206.37
PTHR12775	2761.0	2679.58	981.0	75.6	57.15
PTHR12770	6733.75	6489.49	461.0	37.37	28.25
PTHR20981	722.0	681.29	14266.29	2174.39	1643.84
PTHR14085	1723.0	1682.29	313.0	19.21	14.52
PTHR16092	1717.0	1635.59	205.0	32.06	24.24
PTHR11035	3295.0	3213.58	297.0	18.93	14.32
PTHR22298	3528.0	3487.29	103.0	3.04	2.3
PTHR12174	5477.34	5355.21	945.0	50.11	37.88
PTHR12175	1825.0	1784.29	416.0	24.07	18.2
PTHR12176	967.0	926.29	53.0	5.93	4.48
PTHR22769	8815.09	8448.72	1643.79	162.1	122.55
PTHR10293	3109.75	2906.26	2479.99	270.86	204.77
PTHR12403	2746.0	2664.58	1227.99	105.73	79.93
PTHR22762	6858.8	6777.38	2018.52	61.08	46.18
PTHR22763	1619.0	1537.58	219.0	29.49	22.29
PTHR22761	3460.8	3338.67	5362.93	425.71	321.83
PTHR21231	1242.0	1201.29	188.0	16.18	12.24
PTHR21230	3227.0	3104.87	2492.93	212.47	160.63
PTHR21234	2657.79	2576.37	781.0	62.38	47.16
PTHR21237	1404.0	1363.29	457.0	34.64	26.19
PTHR12202	2266.0	2143.87	246.0	38.26	28.92
PTHR12203	6221.58	6140.16	4560.78	231.88	175.3
PTHR19857	1655.07	1614.36	423.0	27.06	20.46
PTHR13355	3942.44	3820.31	1817.8	132.57	100.23
PTHR13353	2848.0	2766.58	309.0	23.07	17.44
PTHR19853	3158.0	3076.58	336.0	20.87	15.78
PTHR12197	13180.83	12651.66	1199.0	93.45	70.65
PTHR19858	861.0	820.29	107.0	13.52	10.22
PTHR11932	14024.28	13780.02	4660.0	197.85	149.57
PTHR13822	1460.0	1419.29	3308.01	240.83	182.07
PTHR13271	21644.23	21033.58	3090.96	190.75	144.2
PTHR13138	3078.51	2997.09	460.0	27.83	21.04
PTHR10732	1270.0	1188.59	12513.47	1550.42	1172.12
PTHR10738	2308.83	2227.41	243.0	20.17	15.25
PTHR10739	3541.0	3459.58	1319.0	75.63	57.18
PTHR12992	1823.0	1782.29	319.0	18.48	13.97
PTHR22838	3959.6	3878.18	823.11	47.56	35.96
PTHR22881	3058.0	2976.58	746.0	52.08	39.37
PTHR22836	1869.03	1828.32	135.0	7.62	5.76
PTHR22960	2735.0	2653.58	1494.0	124.51	94.12
PTHR11934	2258.0	2176.58	282.0	25.01	18.91
PTHR10693	1638.0	1556.58	244.0	32.07	24.25
PTHR10938	1030.0	989.29	341.0	35.69	26.98
PTHR10934	911.0	870.29	21643.0	2577.11	1948.3
PTHR11510	1633.0	1592.29	1427.0	92.56	69.97
PTHR11516	5748.0	5625.87	3888.94	200.85	151.84
PTHR10025	2290.66	2209.24	778.95	72.16	54.55
PTHR10026	7030.55	6827.01	1832.0	133.05	100.58
PTHR10027	3449.0	3367.58	397.0	23.28	17.6
PTHR13009	493.0	452.3	69.0	15.91	12.03
PTHR13007	2420.07	2338.65	952.0	72.25	54.62
PTHR30115	7308.0	7185.87	2194.0	162.84	123.11
PTHR11863	1915.62	1834.24	249.0	20.72	15.67
PTHR17901	2972.08	2890.66	1124.19	69.99	52.92
PTHR24351	5595.45	5514.04	6326.0	226.02	170.87
PTHR20982	1025.0	984.29	331.0	34.82	26.32
PTHR24352	1156.0	1074.58	84.0	16.26	12.3
PTHR11467	1183.41	1142.7	2751.09	249.05	188.28
PTHR10119	7762.0	7639.87	5498.73	178.06	134.62
PTHR10343	3038.0	2915.87	1105.86	108.5	82.03
PTHR10114	808.0	767.29	20378.41	2754.98	2082.76
PTHR10110	15870.16	15463.07	2193.0	163.15	123.34
PTHR11469	4164.52	4042.42	4678.48	215.72	163.08
PTHR10598	1542.0	1501.29	96.0	6.61	4.99
PTHR24286	5055.0	4973.58	1762.0	72.94	55.14
PTHR11864	6374.84	6171.32	5866.13	393.52	297.51
PTHR23426	1149.01	1108.3	618.0	57.69	43.62
PTHR10593	4609.0	4486.87	1911.0	121.18	91.61
