GeneFamily	length	effective_length	expected_count	TPM	FPKM
PTHR11649	11282.87	11023.31	1153.74	113.92	86.76
PTHR31089	2013.0	1989.4	176.0	9.34	7.11
PTHR31085	2940.09	2916.49	2350.95	84.92	64.69
PTHR11647	6984.67	6866.69	808.01	43.55	33.18
PTHR11645	3495.0	3447.8	935.0	54.72	41.68
PTHR11880	930.0	906.4	11233.24	1317.0	1003.21
PTHR11885	734.0	710.4	15672.82	2352.47	1791.96
PTHR10209	7488.93	7347.35	1739.98	142.82	108.81
PTHR32429	7002.72	6861.13	3027.0	183.78	140.0
PTHR31423	1109.0	1085.4	219.0	21.4	16.3
PTHR31551	1789.0	1765.4	499.0	29.86	22.74
PTHR32195	2424.0	2400.4	480.0	21.09	16.06
PTHR11081	4433.53	4339.13	429.0	46.87	35.72
PTHR11080	5651.94	5533.94	3955.95	232.42	177.05
PTHR11082	4795.79	4701.39	526.0	37.81	28.79
PTHR11085	7416.23	7274.66	4148.59	175.83	133.94
PTHR11089	7855.67	7714.08	1677.0	106.55	81.15
PTHR12271	2260.0	2236.4	75.0	3.54	2.69
PTHR32518	6956.39	6885.59	2871.17	162.22	123.56
PTHR11247	756.0	732.4	49.0	7.13	5.43
PTHR11246	9844.0	9749.6	2139.0	92.73	70.64
PTHR32512	4237.84	4190.65	261.29	12.73	9.69
PTHR23088	4722.0	4627.6	1749.0	145.63	110.93
PTHR23089	2512.0	2464.8	731.0	57.7	43.95
PTHR23081	2312.17	2288.57	526.01	24.24	18.47
PTHR23083	38742.27	38152.32	13558.17	643.58	490.23
PTHR23084	4697.22	4555.66	220.0	23.91	18.21
PTHR23086	6980.64	6862.65	747.49	51.07	38.91
PTHR18806	1529.0	1505.4	106.0	7.45	5.67
PTHR15184	9942.0	9800.42	12629.8	561.14	427.44
PTHR15341	1267.0	1243.4	313.0	26.66	20.31
PTHR12696	4261.4	4237.8	1327.0	32.95	25.1
PTHR12341	6450.0	6284.82	720.0	82.17	62.59
PTHR15160	5304.15	5209.75	1590.0	163.0	124.16
PTHR18937	20537.09	20348.3	2687.0	97.9	74.58
PTHR18934	22528.97	22009.85	1942.0	187.83	143.05
PTHR12742	2473.4	2426.2	979.73	72.49	55.22
PTHR12741	954.0	930.4	194.0	22.15	16.87
PTHR16557	1238.0	1214.4	88.0	7.68	5.85
PTHR19288	4047.0	3952.6	587.0	47.16	35.92
PTHR12975	3678.0	3630.8	186.0	10.47	7.98
PTHR13902	3023.0	2975.81	1180.0	90.41	68.87
PTHR13903	3147.0	3076.22	263.0	19.96	15.2
PTHR22753	2477.0	2429.8	55.0	4.73	3.61
PTHR30615	2009.0	1961.8	678.0	74.04	56.4
PTHR22939	17980.47	17673.71	3644.98	210.47	160.32
PTHR16266	3305.0	3210.6	142.0	19.73	15.03
PTHR30612	1350.0	1326.4	64.0	5.11	3.89
PTHR22932	1363.0	1339.4	651.0	51.44	39.19
PTHR22931	18491.77	18373.78	141070.58	4173.04	3178.76
PTHR31038	1767.0	1743.4	1334.22	80.84	61.58
PTHR32357	1612.0	1564.81	205.0	25.8	19.66
PTHR13832	43314.99	42701.41	25309.9	1520.47	1158.22
PTHR21139	2031.0	1983.8	7672.69	745.59	567.95
PTHR21136	4389.0	4318.2	3981.99	275.97	210.22
PTHR12526	47213.71	46482.19	42084.16	2524.5	1923.01
PTHR13120	2049.0	2025.4	293.0	15.27	11.63
PTHR22809	2281.0	2210.21	191.0	28.34	21.59
PTHR22807	7249.75	7084.55	904.0	81.28	61.9
PTHR20661	1490.25	1466.65	114.0	8.22	6.26
PTHR10900	18978.74	18648.39	42152.37	4294.36	3271.15
PTHR10906	5898.02	5803.66	2126.01	105.51	80.38
PTHR10909	16010.81	15774.84	7431.0	402.42	306.54
PTHR10055	2378.0	2330.8	333.0	24.97	19.02
PTHR10057	3197.0	3149.8	1180.04	54.43	41.47
PTHR10052	1940.27	1893.08	13908.83	1944.18	1480.96
PTHR13018	6901.0	6853.8	3743.0	123.56	94.11
PTHR10694	12887.37	12674.98	2845.27	176.45	134.41
PTHR12839	2962.69	2915.49	290.0	20.77	15.83
PTHR12835	432.0	408.41	15.0	3.96	3.02
PTHR24031	72950.07	71746.61	52246.84	2835.21	2159.69
PTHR24032	1074.02	1050.42	251.56	25.41	19.35
PTHR24349	19409.25	19102.47	14384.87	780.0	594.15
PTHR24619	11448.0	11306.41	3796.11	236.76	180.35
PTHR24343	57301.08	56286.38	36617.79	2471.7	1882.79
PTHR11472	6903.47	6761.89	534.0	25.2	19.2
PTHR24347	9462.49	9297.31	2055.0	125.1	95.29
PTHR11476	4752.0	4728.4	401.0	8.92	6.8
PTHR10438	23364.72	22963.55	19245.51	1277.93	973.43
PTHR10476	5109.0	5014.6	4775.7	446.48	340.11
PTHR11538	3968.47	3897.68	1527.0	123.9	94.37
PTHR24290	7720.99	7650.19	1427.0	61.01	46.47
PTHR12730	2393.0	2345.8	447.0	40.67	30.98
PTHR23413	555.0	531.4	19837.36	4001.44	3048.05
PTHR23417	2012.37	1965.17	259.0	26.1	19.88
PTHR23416	5806.34	5664.74	1620.1	156.48	119.21
PTHR23415	1628.63	1605.03	545.0	35.89	27.34
PTHR12736	2365.71	2342.12	2082.31	93.76	71.42
PTHR10871	3750.0	3679.2	12399.99	1766.12	1345.32
PTHR23418	1042.0	1018.4	586.96	61.16	46.59
PTHR10877	4794.0	4605.26	126.0	18.99	14.45
PTHR11879	1848.0	1824.4	1222.0	70.73	53.88
PTHR10430	5287.57	5193.18	2552.98	235.97	179.74
PTHR11659	1852.0	1828.4	250.0	14.44	11.0
PTHR31096	5978.0	5907.2	5427.74	336.17	256.07
PTHR11655	1809.0	1761.8	19679.36	2520.51	1919.97
PTHR11652	1166.0	1118.81	16803.79	2803.05	2135.2
PTHR10436	8589.73	8400.93	428.0	42.67	32.49
PTHR20883	666.0	642.4	7.0	1.16	0.89
PTHR11895	7391.0	7249.41	465.0	35.77	27.25
PTHR10277	2332.95	2262.19	2292.0	162.75	123.97
PTHR14027	3526.0	3478.8	618.0	37.5	28.56
PTHR13691	2860.16	2789.38	13218.31	1258.29	958.49
PTHR23180	4893.81	4775.83	954.0	92.65	70.57
PTHR14593	4172.0	4124.8	364.0	19.79	15.08
PTHR11093	3700.76	3629.96	612.0	48.21	36.72
PTHR11096	2963.34	2916.14	1007.0	72.78	55.44
PTHR23346	13346.43	13204.83	1300.0	63.02	48.01
PTHR11099	3935.0	3864.2	538.0	44.43	33.84
PTHR10309	2089.0	2065.4	4815.95	246.06	187.43
PTHR11252	2549.0	2525.4	429.0	17.91	13.64
PTHR11254	15800.89	15564.9	5145.17	228.64	174.17
PTHR11255	2413.3	2389.7	805.2	35.53	27.06
PTHR14110	5916.0	5821.6	2356.0	163.49	124.53
PTHR16201	1790.0	1766.4	18.0	1.08	0.82
PTHR14374	1402.0	1378.4	174.0	13.36	10.17
PTHR18838	2167.23	2143.63	192.97	9.5	7.23
PTHR12687	1895.0	1871.4	99.0	5.59	4.25
PTHR15157	4847.48	4753.08	582.0	55.82	42.51
PTHR18901	8935.89	8817.89	3608.0	211.87	161.4
PTHR12755	3848.0	3777.2	441.0	36.98	28.16
PTHR12750	4241.0	4193.8	1317.0	75.35	57.41
PTHR12753	1043.0	1019.4	123.0	12.8	9.75
PTHR15081	1137.0	1113.4	119.0	11.33	8.63
PTHR15574	7102.63	6937.45	935.01	112.82	85.97
PTHR12506	3583.0	3535.8	2594.0	104.23	79.39
PTHR23109	662.0	638.4	14.0	2.34	1.78
PTHR31811	2283.6	2212.8	145.0	20.06	15.29
PTHR12358	7169.95	7075.56	1023.0	57.92	44.12
PTHR22748	4433.77	4315.8	318.0	32.3	24.6
PTHR12356	2260.0	2212.8	236.0	23.94	18.23
PTHR12221	2845.0	2797.8	511.93	39.31	29.94
PTHR30603	1059.0	1011.81	39.0	8.91	6.79
PTHR12226	2234.0	2186.8	589.0	68.25	51.99
PTHR19876	7855.0	7760.6	3259.0	163.37	124.44
PTHR19877	3153.0	3105.8	2926.0	201.29	153.33
PTHR31953	3116.0	3045.21	297.0	24.57	18.71
PTHR31442	2662.0	2614.8	2317.0	152.9	116.46
PTHR13803	8559.47	8488.68	1404.0	53.13	40.47
PTHR19980	3668.0	3620.8	734.0	39.41	30.02
PTHR12537	5145.78	5098.58	2598.75	119.01	90.65
PTHR12532	541.0	517.4	6.0	1.24	0.95
PTHR13486	1375.0	1351.4	262.0	20.52	15.63
PTHR20275	7256.0	7161.6	2004.0	108.37	82.54
PTHR13489	2480.18	2432.99	141.0	12.21	9.3
PTHR17583	5048.0	5024.4	532.0	11.14	8.48
PTHR19316	2665.0	2594.2	295.0	37.07	28.24
PTHR24198	23943.43	23447.88	4209.99	319.23	243.17
PTHR10048	9186.94	9068.94	1582.63	98.5	75.04
PTHR21704	2857.01	2833.42	487.0	18.11	13.79
PTHR24193	11270.13	11034.16	3424.98	199.57	152.02
PTHR10044	4557.38	4510.18	2079.17	76.59	58.34
PTHR11014	6867.07	6772.67	2964.0	158.0	120.35
PTHR10687	1366.0	1342.4	501.0	39.5	30.09
PTHR10681	10268.86	10032.87	21845.06	1736.54	1322.79
PTHR10682	1773.0	1749.4	1102.0	66.54	50.69
PTHR10683	4509.0	4438.2	3356.0	212.11	161.57
PTHR12829	2433.62	2386.42	701.94	59.41	45.25
PTHR12820	2597.0	2573.4	574.0	23.51	17.91
PTHR12826	1586.0	1562.4	775.3	52.46	39.96
PTHR12827	6914.47	6890.88	779.0	11.88	9.05
PTHR17920	303.0	279.42	5.0	1.95	1.49
PTHR13017	1131.0	1107.4	141.0	13.5	10.28
PTHR10137	1109.0	1085.4	797.0	77.87	59.32
PTHR11405	6114.0	6043.2	5206.95	270.19	205.82
PTHR11404	2074.26	2003.48	2779.0	344.97	262.77
PTHR11406	2448.77	2377.98	5063.27	404.23	307.92
PTHR14744	1136.0	1112.4	72.0	6.86	5.23
PTHR13468	1190.0	1166.4	328.0	29.8	22.7
PTHR23406	10990.6	10896.21	3512.0	127.0	96.73
PTHR23407	1371.0	1347.4	206.0	16.18	12.33
PTHR10869	15060.8	14777.6	4078.06	300.44	228.86
PTHR31717	2862.0	2838.4	2158.04	80.11	61.02
PTHR22942	10930.0	10717.62	2127.03	130.27	99.25
PTHR15169	2494.0	2470.4	255.0	10.88	8.29
PTHR11315	5713.26	5666.06	4569.06	131.94	100.5
PTHR10139	923.8	900.21	364.0	42.96	32.73
PTHR10264	4585.07	4514.27	12635.27	1031.32	785.59
PTHR10263	2086.0	2038.8	3917.47	400.41	305.01
PTHR31155	4426.54	4379.34	2119.0	71.82	54.72
PTHR32170	5740.74	5669.94	1514.0	90.46	68.91
PTHR23350	2806.74	2735.94	917.81	98.29	74.87
PTHR23354	902.0	878.4	44.94	5.44	4.14
PTHR23355	13699.59	13557.99	1452.0	59.06	45.0
PTHR23359	4227.51	4156.72	1254.0	94.57	72.04
PTHR11227	2777.0	2706.2	331.89	40.57	30.91
PTHR11220	4468.85	4374.45	1555.0	137.75	104.93
PTHR11223	6584.79	6537.6	1333.0	41.76	31.81
PTHR11229	2489.0	2441.8	1590.0	145.75	111.02
PTHR10314	19731.12	19424.33	16123.26	960.97	731.99
PTHR14303	1379.0	1355.4	324.0	25.3	19.27
PTHR11139	34738.63	34384.64	4320.0	186.77	142.28
PTHR15362	1496.0	1472.4	67.0	4.81	3.67
PTHR11132	33508.04	33012.47	60412.59	2716.83	2069.53
PTHR11134	3150.0	3102.8	1195.0	83.32	63.48
PTHR11136	3997.0	3902.6	208.0	23.19	17.67
PTHR32374	2071.0	2047.4	302.0	15.57	11.86
PTHR31579	13730.0	13564.8	8598.13	452.2	344.47
PTHR32379	1273.0	1249.4	75.0	6.36	4.84
PTHR18919	2469.0	2421.8	2564.99	164.83	125.56
PTHR32002	13517.31	13304.91	6851.4	463.0	352.69
PTHR14413	973.0	949.4	560.0	62.65	47.72
PTHR22891	3616.0	3592.4	925.0	27.11	20.65
PTHR14089	2363.0	2315.8	507.0	46.82	35.67
PTHR21368	2033.0	1985.8	1318.0	139.5	106.27
PTHR24067	17101.31	16700.15	8103.16	825.03	628.45
PTHR12786	2851.0	2780.2	889.52	98.85	75.3
PTHR11706	4625.0	4554.22	924.35	42.81	32.61
PTHR12782	3989.22	3942.03	2337.0	102.37	77.99
PTHR11742	10992.8	10827.6	3053.35	165.47	126.06
PTHR21213	457.0	433.41	84.0	20.87	15.9
PTHR10182	1651.0	1627.4	1298.0	84.29	64.21
PTHR13923	2652.0	2604.81	462.0	37.63	28.67
PTHR11210	1290.0	1242.8	1270.0	216.17	164.66
PTHR13780	3752.94	3705.74	4495.1	253.23	192.89
PTHR12321	2365.0	2317.8	1352.29	117.95	89.85
PTHR12320	5780.56	5709.77	1592.0	92.14	70.19
PTHR12323	1801.0	1730.22	186.0	33.0	25.13
PTHR14155	3714.71	3667.51	2052.2	119.08	90.71
PTHR21015	1428.0	1380.82	67.0	10.3	7.85
PTHR16196	2023.86	1976.68	330.99	28.91	22.02
PTHR16193	1962.0	1914.81	124.0	12.91	9.83
PTHR22792	2075.0	2027.8	491.96	51.67	39.36
PTHR22790	5579.52	5485.12	696.0	43.72	33.32
PTHR21680	995.0	971.4	131.0	14.32	10.91
PTHR21689	3249.0	3178.2	306.0	29.28	22.31
PTHR21113	3987.68	3916.88	3825.0	164.94	125.63
PTHR10677	2082.79	2059.19	755.0	38.69	29.47
PTHR21663	4910.0	4862.8	365.0	15.84	12.07
PTHR13253	18103.29	17820.1	9497.24	641.36	488.53
PTHR12446	3183.71	3089.32	406.0	54.17	41.25
PTHR22603	4348.93	4254.54	904.0	89.04	67.82
PTHR21206	1614.0	1566.81	348.0	36.72	27.97
PTHR13789	14428.21	14192.22	8214.26	439.98	335.14
PTHR10071	17220.0	17031.21	11613.12	460.89	351.09
PTHR24188	18977.79	18694.63	13348.16	446.2	339.88
PTHR10670	7048.0	7000.8	395.0	12.23	9.31
PTHR13078	2336.35	2312.75	12158.82	554.44	422.34
PTHR12815	9913.0	9795.01	1792.04	98.41	74.97
PTHR12814	888.0	864.4	154.0	18.94	14.43
PTHR24361	8460.73	8342.73	2647.0	134.85	102.72
PTHR24362	18816.2	18556.64	7197.66	396.27	301.85
PTHR10416	1806.0	1782.4	160.0	9.48	7.22
PTHR10410	3521.0	3450.2	1742.9	161.3	122.87
PTHR10783	13581.55	13369.16	9317.63	655.02	498.94
PTHR10782	1640.79	1617.19	346.0	22.61	17.22
PTHR13476	1626.0	1578.8	749.0	95.59	72.81
PTHR10788	8572.67	8501.87	2247.03	78.58	59.86
PTHR10891	8513.32	8371.72	2715.98	278.23	211.94
PTHR10890	4280.47	4209.67	753.0	33.77	25.73
PTHR20426	2866.82	2843.22	1255.77	46.54	35.45
PTHR23213	6173.0	6031.41	308.0	22.09	16.82
PTHR10072	4123.0	4028.62	928.0	80.33	61.19
PTHR10520	4980.98	4910.19	5686.57	404.39	308.05
PTHR10250	2860.96	2813.76	608.0	34.28	26.11
PTHR10527	11287.54	11216.74	2088.0	70.73	53.88
PTHR31384	1913.0	1889.4	655.0	36.6	27.88
PTHR31385	3131.75	3060.95	403.0	45.08	34.34
PTHR10091	1535.34	1511.74	323.0	22.59	17.21
PTHR31142	1822.0	1798.4	1883.0	110.58	84.23
PTHR31140	2220.0	2196.4	355.02	17.05	12.99
PTHR31412	1689.0	1641.8	91.0	11.79	8.99
PTHR11787	4929.21	4834.82	10776.11	523.95	399.11
PTHR11785	12479.09	12313.91	3379.0	156.83	119.46
PTHR11782	5147.34	5076.54	3881.17	218.84	166.7
PTHR11780	1081.0	1033.81	1.0	0.15	0.12
PTHR32497	3118.0	3070.8	343.0	26.15	19.92
PTHR32148	12315.0	12102.61	5104.8	478.19	364.25
PTHR23324	7344.63	7273.83	1776.0	74.47	56.73
PTHR23327	4875.56	4781.16	933.87	76.36	58.17
PTHR23326	5284.48	5237.28	2080.44	95.51	72.75
PTHR23321	3154.0	3083.2	1611.0	238.39	181.58
PTHR23323	2438.0	2390.8	333.0	29.97	22.82
PTHR23322	6416.0	6250.81	1512.89	154.72	117.85
PTHR23329	6070.26	5975.87	721.0	52.13	39.71
PTHR11236	6276.0	6134.42	744.0	47.34	36.05
PTHR11364	1373.62	1350.02	427.0	33.47	25.5
PTHR10322	17941.2	17752.42	3662.02	119.7	91.16
PTHR11239	2504.0	2456.81	381.0	58.04	44.21
PTHR10555	2984.42	2937.23	2171.11	167.15	127.33
PTHR31964	19485.03	19178.24	10554.6	708.75	539.88
PTHR23030	3423.96	3376.76	1643.06	84.66	64.49
PTHR11129	2054.0	2006.8	520.0	45.79	34.88
PTHR11122	9247.0	9105.4	8119.96	471.8	359.4
PTHR15316	2516.0	2468.81	515.41	50.71	38.63
PTHR11127	520.0	496.4	12387.0	2678.67	2040.44
PTHR11125	3900.0	3876.4	787.0	21.37	16.28
PTHR31566	609.0	585.4	1.0	0.18	0.14
PTHR31567	1768.0	1744.4	922.0	55.83	42.53
PTHR31561	2994.0	2899.6	486.65	69.74	53.12
PTHR15137	2847.0	2799.81	235.0	20.36	15.51
PTHR14950	2991.0	2920.2	243.0	26.17	19.94
PTHR15954	2884.0	2860.4	140.0	5.16	3.93
PTHR15952	4259.45	4235.85	895.0	22.23	16.94
PTHR21597	5310.0	5192.01	552.55	56.87	43.32
PTHR19271	1886.0	1815.21	130.0	19.81	15.1
PTHR21228	18139.29	17832.51	7479.11	437.12	332.98
PTHR13343	2747.94	2700.74	536.0	38.68	29.46
PTHR12233	1647.8	1624.2	766.0	49.84	37.97
PTHR12029	9155.72	8966.92	793.0	70.51	53.73
PTHR21220	1162.0	1138.4	61.0	5.68	4.33
PTHR22936	2396.0	2348.8	563.01	47.53	36.2
PTHR22780	9304.0	9233.2	2132.0	67.15	51.14
PTHR19308	3126.0	3102.4	1412.59	47.96	36.53
PTHR19306	13601.0	13506.6	3175.06	58.9	44.87
PTHR16301	989.0	941.82	52.96	12.12	9.23
PTHR13265	1438.0	1414.4	135.0	10.1	7.69
PTHR22870	26738.6	26361.01	4258.08	254.52	193.89
PTHR17630	2612.0	2541.21	71.0	6.29	4.79
PTHR10064	519.0	495.4	14894.09	3227.47	2458.48
PTHR10066	7066.0	6948.0	313.0	23.63	17.99
PTHR10060	985.0	961.4	65.0	7.18	5.47
PTHR10663	19829.48	19593.48	2605.0	111.64	85.04
PTHR10666	4900.33	4805.94	37422.76	7269.96	5537.8
PTHR10668	15793.75	15487.0	2797.94	170.43	129.84
PTHR12801	5104.3	5033.51	489.89	35.61	27.13
PTHR12802	8099.0	7957.41	683.0	52.61	40.07
PTHR12805	1583.0	1535.8	253.0	35.17	26.79
PTHR12806	1224.0	1200.4	743.0	65.58	49.95
PTHR21091	14404.9	14192.52	4560.0	280.1	213.38
PTHR21090	3958.0	3910.8	1538.0	86.42	65.83
PTHR12281	3988.84	3941.65	1344.44	72.25	55.03
PTHR24315	2471.27	2447.67	993.0	42.77	32.58
PTHR24314	5231.0	5136.6	1010.0	70.25	53.51
PTHR11933	4141.0	4023.03	358.0	55.12	41.97
PTHR24316	7092.33	6974.37	1572.0	102.17	77.83
PTHR11426	1269.0	1221.82	343.0	38.9	29.63
PTHR11937	11064.46	10875.67	8869.61	559.87	426.46
PTHR11938	23647.76	23341.02	14672.49	298.21	227.16
PTHR21021	4714.12	4643.32	16056.87	585.07	445.67
PTHR13683	9625.08	9507.09	4370.03	197.31	150.29
PTHR24089	65173.24	64182.09	38228.96	2359.87	1797.63
PTHR10796	2516.89	2493.29	814.0	34.42	26.22
PTHR10794	1606.0	1582.4	189.0	12.63	9.62
PTHR10795	29900.5	29570.15	18967.82	543.62	414.12
PTHR10792	690.0	666.4	17971.68	2878.6	2192.74
PTHR10799	86114.24	84816.38	12167.94	635.17	483.78
PTHR10882	731.0	707.4	22.0	3.32	2.53
PTHR10887	34015.97	33496.82	4234.0	248.77	189.48
PTHR11686	1759.62	1712.44	109.0	8.09	6.16
PTHR11685	10725.87	10513.51	2470.6	168.55	128.39
PTHR24221	23132.56	22802.18	5028.44	260.47	198.39
PTHR24220	12049.25	11789.69	2034.85	150.67	114.77
PTHR24223	21053.12	20793.53	1529.94	74.61	56.82
PTHR11689	10601.69	10483.69	1588.0	76.08	57.94
PTHR10252	1157.28	1110.09	327.98	59.56	45.37
PTHR13124	1458.0	1434.4	366.0	26.99	20.56
PTHR31173	5736.71	5642.32	2422.83	109.09	83.1
PTHR12538	604.67	581.08	15445.92	2844.02	2166.4
PTHR10099	5276.0	5252.4	1456.47	29.16	22.21
PTHR10625	10705.57	10493.19	4296.7	220.65	168.09
PTHR10098	2794.0	2746.8	463.0	38.4	29.25
PTHR31356	5606.0	5511.6	4839.73	340.39	259.28
PTHR31352	5047.0	4999.8	2461.97	99.67	75.93
PTHR31350	7564.37	7422.78	2075.01	162.95	124.11
PTHR11758	740.0	716.4	7546.93	1123.15	855.54
PTHR23333	1501.0	1477.4	792.0	56.69	43.19
PTHR11751	21119.22	20788.85	11508.94	682.72	520.07
PTHR11753	1054.0	1030.4	699.0	71.98	54.83
PTHR11752	22096.68	21601.14	1993.26	198.46	151.17
PTHR24423	10313.13	10100.76	3425.0	428.35	326.28
PTHR11206	23619.75	23265.79	6203.71	252.92	192.64
PTHR24420	189605.43	186703.06	94530.15	5499.22	4188.94
PTHR10332	3085.77	3014.98	218.0	22.21	16.92
PTHR14140	1880.0	1856.4	168.0	9.56	7.28
PTHR20922	2856.0	2808.8	1321.03	90.77	69.15
PTHR10159	15320.16	15084.16	6978.13	367.85	280.21
PTHR12848	1968.13	1944.53	339.0	18.4	14.02
PTHR12363	8816.0	8698.02	782.41	40.86	31.12
PTHR23029	13190.52	12978.12	1851.0	116.73	88.91
PTHR23023	5375.12	5280.73	3508.62	165.13	125.79
PTHR21294	2465.0	2441.4	684.0	29.54	22.5
PTHR11119	13674.76	13533.17	6935.34	285.17	217.2
PTHR31595	10408.66	10219.88	3660.19	259.02	197.3
PTHR31596	4853.0	4782.22	1037.04	32.73	24.93
PTHR15948	1816.0	1792.4	552.0	32.53	24.78
PTHR32026	6087.7	5993.31	2320.0	161.78	123.24
PTHR31829	1335.0	1311.4	2082.99	168.15	128.08
PTHR31419	356.0	332.41	4.0	1.31	0.99
PTHR22938	1996.13	1948.93	322.0	36.52	27.82
PTHR14898	5947.0	5899.8	610.97	21.84	16.64
PTHR19241	65110.87	64001.8	59011.71	3084.45	2349.54
PTHR14894	1613.0	1565.8	46.0	6.25	4.76
PTHR15239	3621.37	3526.97	363.0	44.84	34.17
PTHR12497	1372.0	1348.4	214.0	16.8	12.79
PTHR12302	3793.0	3769.4	1445.0	40.35	30.74
PTHR12304	2372.56	2325.36	295.01	27.43	20.89
PTHR30540	5016.0	4968.81	1010.61	45.71	34.83
PTHR30544	2911.97	2864.8	436.0	33.57	25.58
PTHR13302	3057.0	2986.2	233.0	29.21	22.26
PTHR12472	1247.65	1224.06	107.06	9.26	7.06
PTHR13308	1804.01	1756.82	170.0	20.39	15.53
PTHR12477	5789.0	5718.2	2161.86	111.89	85.23
PTHR13878	3314.0	3243.2	269.0	15.43	11.76
PTHR21461	8414.73	8296.73	1270.0	83.27	63.43
PTHR13872	3456.0	3408.8	17157.76	3318.0	2527.45
PTHR22849	25616.87	25286.48	9484.1	539.37	410.87
PTHR21314	2566.64	2519.45	652.0	42.53	32.4
PTHR21649	11768.15	11414.21	159272.53	17613.91	13417.16
PTHR22841	4202.0	4154.8	737.0	48.21	36.72
PTHR21319	5427.31	5309.33	1058.0	107.08	81.55
PTHR22847	37187.04	36620.66	10975.56	636.34	484.7
PTHR22846	4405.95	4335.16	1130.91	94.14	71.71
PTHR22844	15123.03	14863.46	3778.03	226.02	172.16
PTHR11606	6759.88	6618.29	2101.1	104.16	79.35
PTHR31606	598.0	574.4	878.0	163.59	124.61
PTHR23284	1110.0	1086.4	78.0	7.61	5.8
PTHR21266	14922.24	14733.44	5264.81	239.96	182.8
PTHR21262	8640.41	8522.42	7026.07	362.66	276.24
PTHR12276	2289.0	2241.81	185.0	11.34	8.64
PTHR10657	3332.28	3237.89	290.0	34.72	26.45
PTHR10655	4553.43	4459.03	1030.0	83.39	63.52
PTHR10652	2117.0	2093.4	367.0	18.5	14.09
PTHR17972	4057.0	3986.2	492.0	40.25	30.66
PTHR21085	1605.0	1581.4	308.0	20.59	15.68
PTHR11922	4535.0	4440.61	638.0	53.84	41.02
PTHR24305	13929.85	13693.87	2874.83	199.81	152.21
PTHR11431	3321.0	3250.2	1776.0	202.14	153.98
PTHR10434	2422.0	2374.8	388.0	32.81	25.0
PTHR24096	16404.59	16097.83	5144.94	288.3	219.62
PTHR13693	7506.32	7388.34	1558.42	90.99	69.32
PTHR24095	21817.01	21463.11	28668.24	1155.22	879.97
PTHR24092	5193.0	5169.4	819.94	16.68	12.71
PTHR24093	40657.81	39997.13	23387.62	1039.76	792.05
PTHR22604	7640.67	7569.87	3874.0	130.85	99.68
PTHR13451	3555.76	3508.56	417.0	25.75	19.61
PTHR13452	946.0	922.4	269.0	30.98	23.6
PTHR10759	513.0	489.4	8159.87	1790.36	1363.79
PTHR12406	5030.5	4959.7	2651.99	149.31	113.73
PTHR12901	1390.0	1366.4	326.0	25.25	19.23
PTHR12903	848.0	824.4	1608.64	207.61	158.15
PTHR23237	551.0	527.4	249.0	50.62	38.56
PTHR10501	2458.0	2434.4	728.0	31.53	24.02
PTHR31169	5549.2	5478.41	374.0	16.25	12.38
PTHR12277	3647.0	3576.21	1220.0	87.96	67.0
PTHR14087	722.0	698.4	20.0	3.05	2.33
PTHR23309	5912.0	5841.2	2329.0	100.76	76.75
PTHR23308	4867.42	4749.42	607.0	67.61	51.5
PTHR31344	6575.92	6528.72	786.0	25.63	19.53
PTHR31619	2248.0	2224.4	2667.0	126.47	96.34
PTHR23306	2278.0	2254.4	564.0	26.39	20.1
PTHR23305	3286.51	3239.31	428.0	31.73	24.18
PTHR11748	12368.04	12226.48	8354.07	376.63	286.9
PTHR11214	8420.93	8255.75	2615.0	146.52	111.6
PTHR11216	6336.54	6242.15	1482.0	94.9	72.28
PTHR14154	7006.43	6864.84	3501.46	420.19	320.08
PTHR10344	557.34	533.75	93.0	18.68	14.23
PTHR14152	2339.0	2268.2	609.0	79.92	60.88
PTHR11699	15493.1	15257.14	7604.85	298.63	227.47
PTHR11692	1880.0	1856.4	320.0	18.2	13.86
PTHR11693	2738.0	2690.8	6661.99	512.03	390.04
PTHR11695	29381.92	28886.35	13407.43	813.87	619.93
PTHR31760	839.0	791.82	9.0	2.56	1.95
PTHR31906	7235.0	7117.0	1232.11	86.04	65.54
PTHR13847	6766.06	6600.88	397.0	49.96	38.06
PTHR23012	11771.8	11559.42	11498.72	626.61	477.32
PTHR11101	9661.94	9473.17	36114.21	1589.73	1210.95
PTHR11102	5693.9	5599.5	679.0	58.64	44.67
PTHR11106	2818.0	2747.21	633.0	54.17	41.26
PTHR31585	2008.11	1984.52	406.0	21.59	16.45
PTHR32125	1947.0	1899.8	598.0	72.98	55.59
PTHR31588	9137.47	9043.09	2391.02	115.63	88.08
PTHR32120	1991.0	1943.8	83.0	9.27	7.06
PTHR15680	919.0	895.4	644.0	76.44	58.23
PTHR11807	3146.72	3099.53	326.0	23.45	17.87
PTHR11374	324.0	300.42	0.0	0.0	0.0
PTHR10281	1810.12	1762.92	665.0	83.16	63.34
PTHR26312	1444.0	1420.4	394.0	29.34	22.35
PTHR10285	6750.28	6632.28	2717.88	173.88	132.45
PTHR12000	1017.0	993.4	53.0	5.66	4.31
PTHR18895	1330.0	1282.82	43.0	4.99	3.8
PTHR12169	3948.0	3877.21	400.92	19.48	14.84
PTHR12486	2309.13	2238.34	148.0	20.38	15.53
PTHR12480	5135.0	4969.87	827.0	175.76	133.88
PTHR12482	3307.0	3259.8	264.0	16.35	12.46
PTHR12317	11234.71	11069.51	11842.52	892.72	680.03
PTHR12649	3245.07	3150.68	935.0	125.48	95.59
PTHR13992	1587.0	1539.81	183.0	24.22	18.44
PTHR12461	3353.0	3211.42	283.0	50.14	38.19
PTHR12466	2239.0	2191.8	523.98	47.52	36.2
PTHR21419	2032.0	2008.4	386.0	20.28	15.45
PTHR12001	3093.55	3046.36	1400.0	96.77	73.71
PTHR21327	4065.96	4018.76	2087.0	111.28	84.77
PTHR21631	9820.07	9702.07	12796.4	681.31	518.99
PTHR22854	2642.0	2594.8	1054.0	81.24	61.88
PTHR22855	7568.0	7473.62	1923.0	93.4	71.15
PTHR22850	7026.89	6908.89	1689.01	98.88	75.32
PTHR22504	2054.0	2030.4	1448.96	75.31	57.37
PTHR22915	23362.5	23055.71	8429.98	480.3	365.89
PTHR21256	4386.06	4338.86	4014.93	187.28	142.66
PTHR12265	1478.0	1430.8	57.0	7.81	5.95
PTHR12266	2261.14	2213.94	401.0	39.02	29.73
PTHR10648	2151.0	2127.4	831.98	41.26	31.43
PTHR30178	2823.0	2775.8	11394.26	887.34	675.92
PTHR10641	12043.0	11830.61	2622.0	154.42	117.63
PTHR22912	21055.36	20772.19	8808.89	440.57	335.6
PTHR10644	4375.0	4304.2	570.63	37.15	28.3
PTHR12864	5656.09	5585.3	3394.99	167.64	127.69
PTHR12860	2542.0	2518.4	229.0	9.59	7.3
PTHR13194	1617.0	1569.8	74.0	12.77	9.73
PTHR13193	524.0	500.4	324.0	69.49	52.93
PTHR11913	1494.0	1470.4	159.0	11.44	8.71
PTHR11911	8837.26	8672.12	12419.97	1024.38	780.31
PTHR11910	2270.0	2222.8	5466.23	536.7	408.82
PTHR11918	6778.62	6684.22	1319.0	84.27	64.19
PTHR12919	1403.0	1355.8	926.0	150.36	114.54
PTHR12910	1825.0	1777.8	1612.0	159.23	121.29
PTHR12917	4725.0	4654.2	823.0	52.29	39.83
PTHR11351	5712.0	5641.2	3174.15	183.27	139.59
PTHR11353	16835.0	16599.01	6951.0	394.85	300.76
PTHR11599	16590.0	16330.4	21043.88	1270.87	968.08
PTHR10516	18010.26	17561.87	3515.5	378.45	288.25
PTHR11592	4714.0	4619.6	2470.94	226.98	172.9
PTHR13273	995.0	971.4	404.0	44.16	33.64
PTHR31724	2688.43	2617.63	351.0	33.77	25.72
PTHR31098	8663.0	8592.2	2800.38	109.12	83.12
PTHR22594	9759.0	9617.4	1809.15	113.59	86.52
PTHR23315	9281.26	9116.11	3908.57	180.81	137.75
PTHR23316	2731.31	2707.72	1230.83	47.9	36.49
PTHR11778	6227.0	6156.2	1254.0	60.66	46.2
PTHR11774	3684.81	3614.02	385.0	33.65	25.63
PTHR11773	3696.0	3672.4	1323.0	37.92	28.89
PTHR11772	7733.86	7615.87	14447.91	657.86	501.11
PTHR10357	29062.76	28755.96	11132.35	505.42	385.0
PTHR10353	1321.0	1297.4	211.0	17.22	13.12
PTHR10350	4555.37	4508.17	367.0	16.5	12.57
PTHR10351	3185.49	3138.29	6121.29	620.68	472.79
PTHR32557	2106.0	2082.4	787.0	39.88	30.38
PTHR10359	5518.1	5423.7	1380.26	98.9	75.34
PTHR32442	1319.0	1295.4	48.0	3.92	2.99
PTHR31750	1086.0	1062.4	149.0	14.88	11.33
PTHR14189	501.03	477.44	66.0	14.85	11.31
PTHR32228	1153.0	1129.4	11.0	1.03	0.79
PTHR31245	1577.0	1529.8	944.03	127.23	96.93
PTHR23001	2847.0	2799.8	1337.69	100.54	76.58
PTHR23002	1849.54	1802.34	107.0	12.02	9.15
PTHR22904	31263.97	30697.59	5847.15	381.3	290.44
PTHR11177	27726.55	27325.38	6382.68	362.6	276.19
PTHR10445	2284.0	2260.4	917.7	42.82	32.62
PTHR11178	5219.98	5125.58	2594.0	181.32	138.12
PTHR14456	1835.0	1764.2	455.0	80.19	61.08
PTHR31808	1979.24	1955.64	1202.0	64.88	49.42
PTHR31803	5942.63	5871.83	2837.29	141.6	107.86
PTHR11009	734.0	710.4	405.21	60.82	46.33
PTHR19229	20543.95	20307.97	14712.0	477.22	363.5
PTHR20961	24468.22	24161.45	8146.29	411.93	313.78
PTHR11005	3028.0	2980.8	223.0	16.15	12.3
PTHR11006	10013.01	9824.21	1298.0	81.04	61.73
PTHR18640	1854.0	1783.23	25.0	4.28	3.26
PTHR18866	18441.0	18016.27	4124.0	262.84	200.22
PTHR12022	685.0	661.4	2185.0	352.67	268.64
PTHR15588	1971.0	1923.8	918.0	101.45	77.28
PTHR12677	10218.35	10076.75	4073.02	222.98	169.85
PTHR19134	1210.56	1186.96	1181.0	105.42	80.31
PTHR19139	7225.5	7083.92	525.0	39.43	30.04
PTHR30566	5408.48	5337.69	2339.0	156.9	119.51
PTHR12459	3650.0	3626.4	292.0	8.48	6.46
PTHR12456	1358.0	1310.8	48.0	7.8	5.94
PTHR12452	888.17	864.57	159.0	19.56	14.9
PTHR19359	5163.73	5045.74	890.0	136.05	103.62
PTHR12072	4662.57	4568.18	804.0	71.56	54.51
PTHR13218	799.0	775.4	117.0	16.07	12.24
PTHR13215	1370.55	1323.36	177.0	28.85	21.98
PTHR13213	3313.0	3242.2	252.0	23.74	18.09
PTHR10809	993.88	970.29	155.0	16.96	12.92
PTHR12290	422.0	398.41	39.0	10.56	8.05
PTHR21530	7851.15	7733.16	1132.0	58.94	44.89
PTHR12295	7123.0	7075.8	1400.83	41.84	31.87
PTHR12298	2689.0	2618.2	127.0	14.28	10.88
PTHR10638	2390.0	2366.4	646.0	28.79	21.93
PTHR10631	1120.0	1096.4	54.0	5.22	3.98
PTHR10984	5140.66	5069.86	1759.0	112.74	85.88
PTHR12858	3911.0	3863.81	450.0	24.3	18.51
PTHR13505	838.0	814.4	79.0	10.32	7.86
PTHR12850	783.0	759.4	11932.8	1673.83	1275.02
PTHR12856	1049.0	1001.81	19.0	4.07	3.1
PTHR12855	1808.0	1784.4	395.62	23.42	17.84
PTHR12854	1988.0	1964.4	519.0	27.89	21.24
PTHR21737	1153.0	1129.4	122.0	11.45	8.72
PTHR13190	1875.0	1827.8	165.0	18.41	14.03
PTHR13182	1518.02	1494.42	504.0	35.66	27.17
PTHR10855	3305.0	3257.8	1597.0	90.88	69.23
PTHR10585	1288.0	1264.4	581.02	48.66	37.07
PTHR10743	992.0	968.4	252.01	27.63	21.05
PTHR10742	27052.68	26627.89	5653.5	319.51	243.36
PTHR10745	2337.0	2313.4	1205.0	54.93	41.84
PTHR10744	1904.0	1833.21	19396.22	3045.15	2319.61
PTHR10746	3378.0	3330.8	1940.05	165.22	125.85
PTHR11528	8540.56	8422.57	8645.77	507.12	386.29
PTHR12924	1240.0	1216.4	1577.17	137.35	104.62
PTHR11349	2181.0	2110.21	3293.23	524.68	399.66
PTHR10566	34257.79	33833.01	9824.56	416.33	317.13
PTHR11588	4894.07	4776.12	22972.28	1445.24	1100.9
PTHR10291	4934.0	4886.8	279.0	11.37	8.66
PTHR11584	8870.0	8799.2	2112.02	67.56	51.46
PTHR11586	861.37	837.77	154.0	19.55	14.9
PTHR11909	8043.0	7925.0	4057.65	254.75	194.06
PTHR23429	2901.0	2877.4	3481.4	127.48	97.1
PTHR24320	13030.15	12794.16	2895.03	216.85	165.18
PTHR24322	21385.1	20983.94	9441.12	589.6	449.09
PTHR11907	4510.39	4463.19	880.0	46.7	35.57
PTHR11760	873.0	849.4	19653.01	2460.82	1874.5
PTHR11761	1791.0	1743.8	13369.35	2218.34	1689.79
PTHR11766	1901.0	1877.4	74.0	4.16	3.17
PTHR11767	3030.0	2982.81	1157.0	76.5	58.28
PTHR10361	6344.69	6250.3	2022.24	127.35	97.0
PTHR10366	24386.78	23962.01	13092.15	1110.1	845.62
PTHR10169	7128.0	7033.6	1428.0	75.14	57.23
PTHR10168	8129.0	7963.85	3670.0	281.45	214.38
PTHR20973	912.0	888.4	107.0	12.8	9.75
PTHR10165	5319.73	5248.93	2146.99	120.89	92.08
PTHR31032	2856.0	2808.8	2407.12	159.89	121.79
PTHR23257	231365.22	227731.34	97280.09	4702.61	3582.18
PTHR23253	6190.0	6072.01	2454.0	207.13	157.78
PTHR14190	1107.0	1059.81	173.0	32.86	25.04
PTHR14194	12357.0	12144.6	3240.95	176.39	134.36
PTHR19957	7307.62	7213.23	1732.0	109.07	83.09
PTHR31251	34141.61	33480.88	9785.99	617.8	470.6
PTHR23074	9498.66	9309.87	3248.91	221.51	168.75
PTHR23077	17126.4	16607.34	2017.0	216.62	165.0
PTHR23076	23742.51	23341.35	6203.0	368.52	280.72
PTHR30239	1935.0	1911.4	2102.98	116.15	88.48
PTHR23073	13762.44	13526.44	6426.02	518.82	395.2
PTHR23078	2614.0	2590.4	547.0	22.26	16.95
PTHR11165	932.0	908.4	1888.0	220.86	168.24
PTHR32100	5960.0	5889.2	4250.0	224.37	170.91
PTHR14534	591.0	567.4	13.0	2.45	1.87
PTHR14445	4983.89	4889.49	1220.0	133.7	101.84
PTHR23102	591.33	567.73	89.0	16.78	12.78
PTHR23105	4782.0	4664.0	42253.32	4535.38	3454.78
PTHR11010	3208.32	3161.12	27648.62	2293.82	1747.29
PTHR12668	1048.0	1024.4	253.0	26.21	19.96
PTHR12661	1331.0	1307.4	165.0	13.36	10.18
PTHR12663	4658.0	4563.6	78.0	8.25	6.29
PTHR12664	1613.0	1565.82	276.0	36.47	27.78
PTHR16166	25314.18	25030.98	4715.96	198.48	151.19
PTHR12111	2090.0	2042.8	883.89	86.18	65.64
PTHR12447	1719.0	1695.4	450.0	28.04	21.36
PTHR15481	404.0	380.41	56.0	15.91	12.12
PTHR21477	5217.46	5146.67	2911.03	135.8	103.45
PTHR26379	2735.0	2687.8	2227.01	153.09	116.61
PTHR12599	1381.0	1333.8	229.0	37.69	28.7
PTHR12596	2824.35	2777.15	164.97	12.8	9.75
PTHR12590	1225.0	1177.8	73.0	13.37	10.19
PTHR12066	2325.91	2231.52	92.0	17.06	13.0
PTHR12064	8393.03	8275.05	4147.0	213.69	162.77
PTHR13226	3173.0	3125.8	375.0	22.72	17.31
PTHR13889	6224.0	6153.2	2158.0	111.09	84.61
PTHR13887	2281.0	2210.2	159.0	25.97	19.78
PTHR21181	1666.0	1618.81	417.0	82.46	62.81
PTHR12412	1228.72	1205.12	178.0	15.65	11.92
PTHR13948	1281.56	1234.38	129.0	21.97	16.73
PTHR12146	1080.0	1032.82	6742.77	972.97	741.15
PTHR11453	2510.0	2486.4	83.0	3.52	2.68
PTHR21506	1492.31	1468.71	384.0	27.65	21.06
PTHR12280	2321.37	2274.17	644.0	59.26	45.14
PTHR11451	8032.0	7914.02	1695.16	85.32	64.98
PTHR12286	5207.0	5136.2	547.0	32.02	24.38
PTHR12415	3244.83	3221.24	834.99	27.3	20.79
PTHR30573	2706.0	2682.4	1221.0	47.97	36.54
PTHR22983	6711.31	6593.31	1036.13	80.53	61.34
PTHR22981	7657.77	7586.97	8096.06	353.77	269.47
PTHR30191	4098.0	4074.4	14638.01	378.08	288.0
PTHR13082	1314.0	1290.4	596.0	48.9	37.25
PTHR10629	20203.87	19967.89	3016.0	159.86	121.76
PTHR10994	10532.82	10367.62	4756.98	344.26	262.24
PTHR10996	8610.57	8468.97	2333.05	174.46	132.88
PTHR10997	17627.0	17391.03	3608.0	131.36	100.07
PTHR10992	45458.4	44656.08	9994.23	662.93	504.99
PTHR10993	1971.0	1923.8	91.0	9.67	7.36
PTHR17695	7139.0	6973.81	430.99	41.43	31.57
PTHR12849	901.0	877.4	222.0	26.9	20.49
PTHR10943	7835.0	7787.8	3089.0	85.19	64.89
PTHR12847	4682.0	4611.2	917.0	50.12	38.17
PTHR21290	5020.57	4949.77	524.0	32.41	24.69
PTHR21349	2276.0	2228.8	1537.0	171.57	130.7
PTHR21347	2426.21	2379.01	712.0	58.59	44.63
PTHR21343	3144.0	3096.8	490.0	22.19	16.9
PTHR10196	9683.0	9588.6	952.0	41.16	31.35
PTHR10192	3538.0	3490.8	1505.0	87.73	66.83
PTHR10751	1910.0	1886.4	89.0	4.98	3.79
PTHR10755	2501.13	2453.93	1131.0	78.18	59.55
PTHR10758	1460.0	1436.4	378.0	27.84	21.2
PTHR13152	703.0	679.4	24.0	3.77	2.87
PTHR12932	4922.95	4828.55	852.13	68.23	51.97
PTHR12934	1159.0	1135.4	224.0	20.91	15.93
PTHR10288	12443.6	12302.0	14403.95	569.0	433.44
PTHR11800	2827.04	2779.84	806.98	64.09	48.82
PTHR11802	4240.0	4169.2	1399.0	73.26	55.81
PTHR11804	9220.0	9031.25	2330.99	123.74	94.27
PTHR11808	7711.96	7593.97	9323.26	567.23	432.08
PTHR10283	12933.82	12745.06	5599.01	246.69	187.91
PTHR10286	3202.0	3154.8	3503.02	211.12	160.82
PTHR13734	4044.0	3996.8	510.0	24.81	18.9
PTHR11579	3004.0	2956.8	451.0	30.35	23.12
PTHR13718	2775.0	2727.8	13317.76	1205.75	918.47
PTHR13711	8891.37	8749.77	5852.52	250.89	191.1
PTHR13710	8490.54	8301.77	285.0	21.12	16.1
PTHR11977	1651.79	1628.2	1645.0	106.76	81.32
PTHR11972	10382.84	10264.85	2342.99	102.76	78.27
PTHR31480	2646.0	2622.4	214.0	8.6	6.55
PTHR31485	12646.0	12504.4	2102.99	108.77	82.85
PTHR11715	942.0	918.4	1191.0	137.79	104.96
PTHR11717	2102.0	2007.63	135.0	23.31	17.75
PTHR11711	14428.63	14169.07	12385.14	1010.71	769.9
PTHR11712	24171.86	23676.42	2445.0	95.57	72.8
PTHR10374	5175.0	5080.6	3443.3	279.18	212.66
PTHR10178	18413.67	18154.08	9308.29	454.08	345.88
PTHR11482	3236.14	3188.94	4099.0	268.7	204.68
PTHR10173	4198.0	4103.6	7764.03	863.71	657.91
PTHR10177	9881.85	9740.26	3029.99	211.63	161.2
PTHR10174	14143.96	13884.37	8586.63	609.36	464.19
PTHR23249	2131.0	2083.8	554.0	73.61	56.07
PTHR23244	19223.57	18987.57	3554.17	145.76	111.05
PTHR23245	2082.85	2012.07	133.0	20.2	15.39
PTHR23240	4302.24	4207.85	439.0	39.45	30.06
PTHR14614	10130.45	9941.66	1339.0	97.76	74.46
PTHR31268	6768.79	6674.41	681.95	29.92	22.8
PTHR31262	738.0	714.4	11829.73	1765.53	1344.87
PTHR23063	4607.0	4536.2	889.0	62.45	47.57
PTHR11620	679.0	655.4	8634.91	1406.7	1071.53
PTHR11624	11421.54	11232.77	10393.86	690.69	526.14
PTHR11627	2928.0	2857.21	14218.33	1096.41	835.18
PTHR11390	5493.88	5399.51	654.09	30.24	23.03
PTHR31620	4035.0	3987.8	8547.83	371.56	283.03
PTHR31319	2686.58	2662.98	6988.76	276.6	210.69
PTHR14052	1794.3	1770.7	727.0	43.37	33.03
PTHR32118	1854.0	1830.4	1771.0	102.17	77.83
PTHR23117	2922.14	2874.94	1273.0	91.64	69.8
PTHR23115	46600.45	45963.3	148644.96	9538.19	7265.61
PTHR11028	2347.0	2299.8	2236.0	205.62	156.62
PTHR11024	1434.0	1410.4	517.0	38.78	29.54
PTHR12841	1033.0	1009.4	199.0	20.92	15.94
PTHR11777	4022.0	3998.4	903.0	23.77	18.1
PTHR12616	2689.24	2618.44	740.0	91.15	69.43
PTHR12613	1720.06	1696.47	145.0	9.03	6.88
PTHR12612	1130.0	1106.4	1338.0	128.22	97.67
PTHR32060	4919.2	4801.24	2349.03	123.9	94.37
PTHR12436	1873.0	1802.22	130.0	27.83	21.21
PTHR22734	2627.0	2579.8	420.0	36.29	27.64
PTHR12121	12968.31	12637.95	5224.86	530.09	403.78
PTHR12438	1627.0	1603.4	99.0	6.53	4.97
PTHR11757	4647.52	4576.73	1257.03	60.61	46.16
PTHR15492	1107.28	1083.68	131.0	12.82	9.77
PTHR21426	2119.0	2071.8	162.0	16.45	12.53
PTHR21427	1996.0	1972.4	253.0	13.54	10.31
PTHR13161	2042.0	1971.2	543.0	88.22	67.2
PTHR19372	2797.0	2749.8	204.0	14.42	10.99
PTHR19370	2875.0	2827.8	1280.0	99.62	75.89
PTHR19376	12873.9	12755.91	4229.0	145.74	111.02
PTHR19375	13689.35	13453.4	14616.36	977.71	744.75
PTHR12725	5046.5	4904.92	1031.0	100.89	76.85
PTHR13890	6791.8	6603.03	1719.13	193.73	147.58
PTHR22883	10223.35	10034.55	1606.88	94.68	72.12
PTHR22880	9720.3	9507.91	1331.09	121.26	92.38
PTHR12542	2413.0	2342.22	116.0	14.48	11.03
PTHR12124	2679.0	2631.8	237.0	16.29	12.41
PTHR21512	2713.0	2665.8	258.0	18.06	13.76
PTHR30508	3786.0	3738.8	1759.0	91.43	69.64
PTHR30502	1508.0	1484.4	255.0	18.17	13.84
PTHR10617	10349.94	10161.16	16441.55	877.85	668.7
PTHR10615	6293.0	6175.0	1478.0	107.53	81.9
PTHR13527	1540.0	1516.4	328.0	22.87	17.42
PTHR22958	6259.8	6189.01	18887.19	847.84	645.83
PTHR22951	1189.03	1165.43	297.0	27.0	20.57
PTHR22950	36721.85	36155.5	14412.02	621.23	473.23
PTHR22953	19709.55	19497.16	7790.46	386.72	294.56
PTHR22952	12772.88	12654.88	23555.23	931.95	709.9
PTHR22957	13727.26	13491.28	2064.91	148.97	113.48
PTHR21600	1591.0	1567.4	237.0	15.98	12.18
PTHR24056	15695.91	15483.52	4105.32	203.61	155.1
PTHR24054	1353.0	1329.4	641.0	51.04	38.88
PTHR24055	12242.68	12053.91	3643.64	219.33	167.07
PTHR24058	6306.93	6165.35	1410.0	136.68	104.12
PTHR10766	10143.39	10072.59	4873.0	158.28	120.56
PTHR10762	3112.33	3065.14	454.0	32.81	24.99
PTHR30031	5919.74	5778.16	16543.53	1345.49	1024.91
PTHR12945	2887.27	2840.08	124.61	9.49	7.23
PTHR12944	1673.94	1626.75	120.03	13.1	9.98
PTHR24128	9263.55	9145.55	2430.0	99.58	75.86
PTHR13096	2400.11	2352.92	394.0	34.98	26.64
PTHR11365	3091.53	3067.93	946.0	32.48	24.74
PTHR10548	4258.52	4164.14	3969.42	397.15	302.53
PTHR11817	8846.59	8752.2	4665.0	230.53	175.61
PTHR11814	10284.07	10048.13	2422.82	173.1	131.88
PTHR11363	1439.0	1415.4	28300.37	2115.29	1611.29
PTHR10543	7764.0	7598.84	364.0	27.54	20.98
PTHR10540	3631.3	3560.5	1236.0	105.51	80.37
PTHR13931	3002.39	2931.63	1222.64	132.86	101.21
PTHR12965	3036.0	2988.81	273.0	17.57	13.38
PTHR10544	655.41	631.81	6634.36	1121.85	854.56
PTHR11562	4057.0	3962.62	392.0	39.45	30.05
PTHR11566	18019.0	17877.4	5297.81	177.64	135.3
PTHR11567	4883.23	4812.43	899.1	73.8	56.22
PTHR11564	5195.0	5077.0	980.99	69.19	52.7
PTHR11962	4310.0	4239.22	912.0	40.23	30.64
PTHR11963	4255.79	4185.0	231.0	12.82	9.77
PTHR10381	8452.25	8263.47	8057.16	692.35	527.39
PTHR10383	4852.46	4805.26	2325.0	87.82	66.89
PTHR11705	1231.0	1207.4	27.0	2.37	1.8
PTHR11702	9454.65	9289.45	1419.0	111.55	84.97
PTHR11700	1379.0	1331.8	8736.59	1555.04	1184.53
PTHR10388	855.0	831.4	4797.0	613.83	467.58
PTHR11709	8325.0	8207.02	1514.0	46.58	35.49
PTHR10145	4981.0	4933.8	570.77	23.11	17.61
PTHR23273	4121.74	4074.54	1427.0	66.24	50.45
PTHR23270	5963.0	5797.83	480.0	57.44	43.76
PTHR23050	3435.0	3340.6	6907.01	907.42	691.22
PTHR23056	1987.0	1939.8	546.0	59.99	45.69
PTHR23054	1172.0	1148.4	127.0	11.72	8.93
PTHR11638	14570.76	14358.36	15838.55	539.54	411.0
PTHR31783	5563.0	5539.4	4553.94	86.45	65.85
PTHR23291	4332.58	4285.39	6449.47	285.73	217.66
PTHR11630	17580.38	17367.99	3165.99	159.93	121.83
PTHR11140	4008.0	3984.4	1365.82	36.08	27.48
PTHR11141	3167.0	3143.4	1169.43	39.18	29.85
PTHR11142	6234.8	6069.62	684.0	65.35	49.78
PTHR11380	460.0	436.41	209.0	51.56	39.28
PTHR11384	9946.95	9710.99	1094.99	95.39	72.67
PTHR32477	2054.0	2030.4	85.0	4.42	3.37
PTHR14043	1196.0	1148.82	37.0	6.06	4.62
PTHR32472	1829.16	1781.97	173.0	20.3	15.46
PTHR31658	1728.0	1680.8	83.0	10.49	7.99
PTHR14269	3115.86	3045.09	725.0	80.39	61.23
PTHR22884	18466.27	18135.91	3306.56	225.77	171.98
PTHR23125	34599.45	34080.28	9040.77	465.83	354.85
PTHR12050	3349.0	3325.4	303.0	9.59	7.31
PTHR19879	2112.0	2064.8	72.0	7.35	5.6
PTHR19211	14293.0	13986.23	33090.65	2600.47	1980.87
PTHR12547	5105.0	4987.01	1857.0	126.18	96.1
PTHR12608	3279.67	3208.89	942.74	69.48	52.92
PTHR12604	1228.18	1204.59	1110.0	97.61	74.35
PTHR12603	3307.0	3259.8	778.0	44.29	33.74
PTHR32091	1512.0	1488.4	536.0	38.08	29.01
PTHR32098	3876.0	3781.63	251.0	21.13	16.09
PTHR18763	1558.0	1534.4	91.0	6.27	4.78
PTHR22726	5695.0	5600.6	2198.91	119.92	91.35
PTHR22727	3835.0	3811.4	1494.0	41.26	31.43
PTHR12428	5039.53	4945.13	1104.6	63.01	48.0
PTHR18968	11232.0	11043.21	33521.55	1405.39	1070.53
PTHR12735	2910.0	2839.2	945.0	105.8	80.6
PTHR15020	7526.44	7384.85	1404.02	106.7	81.29
PTHR12049	2220.0	2172.81	180.0	11.72	8.93
PTHR12558	4641.0	4570.2	930.0	50.71	38.63
PTHR12553	7220.47	7078.87	801.0	68.09	51.88
PTHR24072	2621.0	2597.4	311.0	12.62	9.61
PTHR11477	2985.0	2914.21	274.0	26.78	20.4
PTHR24073	12692.42	12432.83	12005.18	1019.96	776.92
PTHR21569	1462.0	1414.8	14283.18	2463.9	1876.85
PTHR10491	1185.0	1161.4	98.0	8.94	6.81
PTHR21567	6031.0	5936.6	932.0	44.44	33.85
PTHR13950	3671.2	3647.6	331.0	9.55	7.28
PTHR12133	1055.46	1031.87	61.0	6.27	4.78
PTHR10972	7734.0	7639.6	2836.0	156.7	119.36
PTHR10606	975.0	927.81	47.0	10.81	8.24
PTHR10971	8176.59	8105.8	3675.72	128.74	98.07
PTHR13393	986.0	962.4	38.0	4.19	3.19
PTHR13395	1403.0	1355.8	176.0	25.7	19.57
PTHR11680	5537.29	5466.49	13297.79	758.18	577.54
PTHR22893	5989.54	5871.58	1207.0	61.28	46.67
PTHR10778	5100.0	5005.61	902.09	72.06	54.9
PTHR24064	10937.34	10819.35	5195.0	287.19	218.78
PTHR24063	17141.53	16858.37	8485.24	473.97	361.04
PTHR21011	1933.0	1885.8	2684.05	278.2	211.91
PTHR10772	2995.0	2924.2	1267.0	136.04	103.63
PTHR10774	13954.63	13695.08	23627.15	1993.84	1518.78
PTHR24068	2443.0	2395.8	2210.0	216.52	164.94
PTHR12959	2303.0	2279.4	179.0	8.28	6.31
PTHR24115	48996.54	48477.39	6936.63	263.77	200.92
PTHR10961	1864.0	1816.8	112.0	12.58	9.58
PTHR11825	9331.6	9190.0	3081.0	187.49	142.81
PTHR11822	2452.0	2428.4	1965.0	85.32	64.99
PTHR10803	1618.93	1571.75	321.0	42.25	32.19
PTHR10806	751.0	727.4	121.0	17.73	13.51
PTHR10804	12731.45	12566.26	4768.3	316.75	241.29
PTHR11556	4466.56	4395.77	1705.05	119.85	91.29
PTHR11558	1273.0	1249.4	509.0	43.15	32.87
PTHR13773	4778.0	4730.8	1984.0	114.94	87.56
PTHR10537	1824.0	1800.4	66.0	3.87	2.95
PTHR11953	3036.0	2941.6	325.0	44.22	33.69
PTHR11952	6589.52	6518.72	5979.71	259.08	197.35
PTHR11956	2215.0	2191.4	1143.0	55.02	41.91
PTHR11959	3036.0	2988.8	1113.01	66.34	50.54
PTHR11739	3810.0	3762.8	1867.0	94.17	71.74
PTHR11732	27350.18	26925.45	6303.23	338.85	258.11
PTHR11731	8103.87	7938.69	1556.11	90.86	69.23
PTHR11730	15053.41	14793.86	19396.06	871.39	663.76
PTHR11735	2340.0	2292.8	263.0	22.47	17.12
PTHR10394	1371.0	1323.81	18086.87	2208.19	1682.06
PTHR20941	1546.0	1475.23	73.0	15.59	11.87
PTHR31065	4028.77	3981.58	8473.98	363.56	276.94
PTHR13600	8005.33	7910.94	1201.0	74.62	56.83
PTHR31066	3024.0	3000.4	803.0	28.19	21.48
PTHR13604	1561.0	1537.4	66.0	4.54	3.46
PTHR23264	6510.59	6439.79	6535.95	235.3	179.24
PTHR23269	1834.0	1810.4	208.0	12.13	9.24
PTHR31204	1388.0	1364.4	118.0	9.15	6.97
PTHR31201	4021.15	3973.96	1469.0	79.1	60.26
PTHR31209	1275.7	1252.1	115.0	9.73	7.41
PTHR11607	2133.0	2109.4	295.0	14.76	11.24
PTHR15074	740.0	716.4	31.0	4.61	3.51
PTHR11601	8587.0	8445.4	2042.0	115.63	88.08
PTHR32467	9586.05	9373.71	1833.07	120.61	91.88
PTHR14255	11257.85	11069.05	1319.99	140.27	106.85
PTHR31840	694.0	670.4	57.0	9.07	6.91
PTHR23130	1794.44	1770.84	289.0	17.24	13.13
PTHR23133	1304.0	1280.4	544.2	45.0	34.28
PTHR23135	5041.56	4994.36	60742.66	1446.25	1101.66
PTHR23138	2392.0	2344.8	1403.04	125.16	95.34
PTHR23139	11944.96	11756.16	7020.38	549.12	418.26
PTHR31682	1615.0	1591.4	479.0	31.81	24.23
PTHR11040	1808.0	1737.23	306.0	30.93	23.57
PTHR11043	832.0	808.4	231.0	30.41	23.17
PTHR11042	6443.0	6348.6	362.0	22.08	16.82
PTHR11048	4591.01	4496.64	1529.96	94.93	72.32
PTHR14005	3537.0	3513.4	769.0	23.04	17.55
PTHR15818	1419.0	1371.8	149.0	22.24	16.93
PTHR12636	1097.0	1073.4	283.0	27.96	21.3
PTHR14490	2150.92	2080.13	1683.0	177.07	134.87
PTHR14493	23150.57	22890.97	29331.97	1149.98	875.98
PTHR15651	2606.63	2583.04	206.0	8.41	6.4
PTHR12380	3739.0	3644.61	1907.54	194.67	148.3
PTHR12385	6627.11	6532.72	14725.18	717.82	546.79
PTHR12706	7997.19	7879.2	775.96	45.52	34.66
PTHR12709	1652.0	1604.8	386.0	56.16	42.78
PTHR12561	794.0	770.4	62.0	8.57	6.53
PTHR12560	3251.0	3203.8	1137.0	70.72	53.87
PTHR11203	6065.31	5994.51	1729.0	65.57	49.95
PTHR12097	4049.18	4025.59	1515.0	39.61	30.17
PTHR11200	9313.82	9172.22	1828.54	95.51	72.76
PTHR21576	4753.0	4682.2	1060.34	76.18	58.03
PTHR10046	5184.4	5066.43	463.0	55.18	42.03
PTHR12419	4190.0	4095.6	639.0	64.63	49.23
PTHR23338	5063.94	5040.34	997.0	20.8	15.85
PTHR30525	1707.0	1683.4	573.24	35.98	27.41
PTHR12413	3301.77	3254.57	210.21	13.9	10.59
PTHR12411	64620.2	63770.64	35221.09	1751.56	1334.23
PTHR23339	3746.0	3675.21	416.0	23.81	18.14
PTHR10947	4627.9	4580.71	2608.0	118.1	89.97
PTHR21717	694.0	670.4	32.0	5.09	3.88
PTHR21712	2704.0	2656.8	561.64	38.3	29.18
PTHR12897	3235.0	3187.8	268.0	17.76	13.54
PTHR12894	5647.35	5529.35	421.0	44.47	33.87
PTHR12891	1045.0	1021.4	13.0	1.35	1.03
PTHR22976	8889.43	8747.86	14518.04	625.25	476.29
PTHR22975	11880.8	11715.63	27245.35	850.55	647.9
PTHR22970	2189.0	2141.8	376.0	27.85	21.22
PTHR14145	3013.0	2965.8	1171.99	82.44	62.79
PTHR21377	863.0	839.4	112.0	14.19	10.81
PTHR21371	2164.0	2140.4	11829.85	583.12	444.18
PTHR21373	2045.0	1974.21	135.0	23.8	18.12
PTHR22573	7779.75	7685.35	4151.41	235.44	179.35
PTHR22572	12767.17	12601.98	5661.8	283.31	215.8
PTHR13060	1675.0	1651.4	132.0	8.45	6.43
PTHR21000	2324.78	2301.18	3067.0	140.56	107.07
PTHR10701	1167.21	1143.62	899.01	83.32	63.47
PTHR13162	7454.0	7430.4	3679.62	52.05	39.65
PTHR13165	1551.82	1528.23	311.0	21.52	16.39
PTHR21396	1678.0	1630.8	556.0	71.89	54.76
PTHR13069	3065.0	3017.8	136.69	10.36	7.9
PTHR13068	7963.13	7821.56	3196.53	266.93	203.34
PTHR24106	5426.0	5355.2	981.0	60.21	45.87
PTHR24103	3674.0	3579.6	390.0	39.72	30.26
PTHR11540	4555.0	4437.01	9485.0	783.25	596.63
PTHR10836	4144.0	4049.61	30302.83	2381.76	1814.27
PTHR10835	2444.0	2420.4	517.98	22.56	17.19
PTHR11545	2518.0	2447.2	19975.53	2317.47	1765.3
PTHR10012	1340.17	1316.57	303.0	24.36	18.56
PTHR13768	2914.0	2866.8	1008.0	75.88	57.8
PTHR24078	14105.04	13869.06	2242.0	176.05	134.11
PTHR11946	21670.3	21410.7	6190.55	292.55	222.84
PTHR11947	4326.0	4278.8	2276.0	102.09	77.76
PTHR11941	10903.22	10714.46	4419.83	255.42	194.56
PTHR10497	2064.0	2040.4	20027.77	1035.86	789.06
PTHR10496	307.0	283.42	189.0	72.75	55.42
PTHR24076	24175.53	23727.17	13078.75	692.76	527.7
PTHR24077	17298.94	16944.94	2982.71	249.1	189.75
PTHR11728	6231.71	6160.92	2004.0	110.06	83.84
PTHR11726	963.0	939.4	19220.15	2173.3	1655.48
PTHR11727	3331.0	3260.2	493.01	53.11	40.46
PTHR11721	781.0	757.4	10995.03	1546.42	1177.97
PTHR11722	893.0	869.4	11781.83	1440.87	1097.56
PTHR10120	1841.0	1817.4	825.0	47.94	36.52
PTHR10122	1212.0	1188.4	6454.0	575.42	438.32
PTHR11831	938.0	914.4	18074.31	2100.3	1599.87
PTHR11835	1842.0	1818.4	352.0	20.44	15.57
PTHR11614	1648.38	1624.78	1601.01	104.14	79.32
PTHR11615	17811.72	17410.59	18296.02	1264.64	963.32
PTHR11618	5059.66	4965.26	1551.0	119.3	90.87
PTHR32419	2061.0	2037.4	114.0	5.9	4.5
PTHR10231	3301.68	3230.88	420.0	33.47	25.49
PTHR10233	8175.2	8057.2	2645.0	162.25	123.58
PTHR31503	5547.31	5452.91	1956.01	135.38	103.13
PTHR23147	2187.51	2140.33	2602.0	263.75	200.91
PTHR23140	2259.03	2211.84	288.0	27.89	21.24
PTHR23142	2543.17	2495.98	411.0	31.71	24.16
PTHR23149	1541.0	1493.8	300.0	49.34	37.58
PTHR23148	798.68	775.08	158.0	21.71	16.54
PTHR11361	14174.49	13938.56	1390.0	67.92	51.75
PTHR11056	3142.6	3095.4	2790.77	222.01	169.11
PTHR11055	4994.75	4923.95	3876.97	236.84	180.41
PTHR32251	4295.27	4224.48	977.0	63.57	48.43
PTHR31695	2265.0	2217.8	220.0	21.36	16.28
PTHR11819	3820.0	3772.81	1376.0	42.87	32.66
PTHR22767	6244.0	6149.6	387.0	29.42	22.42
PTHR22765	8995.0	8877.02	5468.74	251.7	191.74
PTHR12629	1743.0	1719.4	1827.57	112.29	85.53
PTHR18945	4603.18	4532.38	2684.38	128.73	98.07
PTHR26402	18779.32	18543.38	6852.54	217.72	165.84
PTHR19384	8284.0	8118.82	2128.0	173.89	132.45
PTHR12714	6192.87	6098.48	1873.44	125.68	95.74
PTHR32523	1434.0	1410.4	172.0	12.9	9.83
PTHR12570	4066.68	3995.89	977.0	62.62	47.7
PTHR21494	2082.19	2034.99	107.0	11.14	8.47
PTHR21145	3524.75	3477.55	388.0	24.03	18.31
PTHR21496	3471.0	3376.6	1053.0	147.68	112.51
PTHR21493	38045.28	37408.15	10457.97	640.65	488.01
PTHR21499	3631.61	3584.42	2734.02	88.87	67.69
PTHR21148	4302.0	4207.6	1090.0	99.58	75.85
PTHR12083	2128.0	2080.8	110.0	11.5	8.77
PTHR19854	5474.39	5403.59	499.0	21.87	16.67
PTHR30535	4686.45	4615.67	2790.35	294.81	224.57
PTHR19855	3505.0	3457.8	2217.0	129.1	98.34
PTHR19852	1270.0	1246.4	255.0	21.67	16.51
PTHR16128	3890.06	3819.29	289.0	20.35	15.5
PTHR12400	3760.21	3713.03	499.0	27.14	20.67
PTHR13572	1961.69	1938.09	381.0	20.75	15.81
PTHR30314	6467.0	6372.61	3504.14	167.08	127.27
PTHR12882	688.0	664.4	188.0	30.2	23.01
PTHR12883	1449.0	1425.4	402.0	29.83	22.73
PTHR16255	6790.0	6695.6	1952.0	116.98	89.12
PTHR16254	7867.85	7797.06	2233.0	87.83	66.91
PTHR13373	1546.0	1522.4	72.0	5.0	3.81
PTHR13375	1448.0	1424.4	243.0	18.05	13.75
PTHR22967	1291.0	1267.4	87.97	7.35	5.6
PTHR10150	3906.7	3835.93	289.0	22.55	17.18
PTHR30222	1593.0	1569.4	55.0	3.7	2.82
PTHR13115	2358.0	2334.4	314.0	14.19	10.81
PTHR13117	1932.0	1908.4	988.0	54.66	41.63
PTHR13285	1761.0	1690.22	54.0	11.05	8.41
PTHR13288	1305.0	1281.4	163.0	13.47	10.26
PTHR10953	16514.17	16254.6	4798.88	236.56	180.18
PTHR10954	1974.0	1926.8	140.0	15.42	11.75
PTHR21726	711.12	687.53	55.0	8.53	6.5
PTHR10956	1380.0	1356.4	26580.42	2073.87	1579.75
PTHR10826	1172.0	1148.4	732.0	67.56	51.46
PTHR11533	7564.0	7493.2	2576.85	92.4	70.39
PTHR11532	3802.0	3684.01	1071.08	147.79	112.57
PTHR10000	5456.99	5386.19	801.0	44.96	34.24
PTHR13021	1330.84	1307.24	251.01	20.33	15.48
PTHR10108	51877.26	51051.31	17956.96	918.64	699.73
PTHR24007	4300.67	4253.48	776.0	38.15	29.06
PTHR24006	27158.32	26709.93	4577.59	373.85	284.8
PTHR24003	32012.21	31398.63	25659.52	1384.44	1054.59
PTHR31446	1048.0	1024.4	475.0	49.2	37.48
PTHR31190	4053.0	3982.2	2138.0	127.77	97.33
PTHR11441	1551.0	1527.4	666.0	46.1	35.12
PTHR11440	2341.0	2293.8	392.0	30.9	23.53
PTHR11999	7809.62	7691.65	8956.0	645.15	491.42
PTHR11998	5138.0	5067.2	2452.0	165.51	126.08
PTHR11449	883.49	836.3	9345.0	2048.38	1560.33
PTHR11994	754.0	730.4	15814.89	2307.8	1757.94
PTHR10133	13038.45	12896.88	4856.0	152.85	116.42
PTHR13620	9994.47	9805.69	1429.0	114.12	86.92
PTHR11847	800.0	776.4	13549.05	1858.33	1415.56
PTHR11843	692.0	668.4	14229.17	2272.22	1730.83
PTHR11661	3035.0	2964.2	12155.26	1434.37	1092.61
PTHR11662	21645.85	21362.66	18200.29	533.68	406.53
PTHR11669	5576.0	5481.6	1132.0	82.03	62.49
PTHR11668	10846.0	10633.6	6342.03	489.75	373.06
PTHR20856	9752.43	9610.84	3775.0	177.99	135.59
PTHR20854	5888.0	5770.01	971.0	77.36	58.93
PTHR20855	2886.0	2838.8	909.0	74.46	56.72
PTHR20852	4836.62	4742.22	17893.25	1225.03	933.15
PTHR32404	3133.69	3086.49	999.0	69.0	52.56
PTHR20858	3584.0	3513.2	1345.0	116.87	89.03
PTHR10634	697.0	673.4	377.0	59.75	45.51
PTHR14237	9235.49	9070.33	2248.99	104.93	79.93
PTHR11143	816.0	792.4	15849.15	2129.29	1621.96
PTHR23155	157735.48	155328.5	38555.07	1911.08	1455.76
PTHR23153	7208.62	7043.43	2009.04	216.54	164.95
PTHR23151	7563.54	7351.17	2485.0	253.04	192.75
PTHR11063	3315.0	3267.8	1153.0	75.41	57.45
PTHR11062	19676.18	19345.84	2331.01	119.27	90.87
PTHR11061	3863.42	3721.84	231.0	30.85	23.49
PTHR11065	4032.62	3961.82	2988.86	212.2	161.64
PTHR11064	2073.98	2026.79	1550.0	113.29	86.3
PTHR11260	14735.51	14523.15	3934.95	230.7	175.73
PTHR11264	1477.45	1453.85	338.0	24.59	18.73
PTHR11266	11882.67	11646.68	8723.0	615.65	468.97
PTHR13501	779.0	755.4	693.0	97.73	74.44
PTHR31998	5891.0	5820.2	31674.95	1061.12	808.29
PTHR31221	3033.09	2985.9	567.0	39.07	29.76
PTHR15838	1116.0	1068.8	50.0	10.06	7.66
PTHR32338	1527.0	1503.4	799.94	56.26	42.86
PTHR31407	3578.0	3507.2	951.44	81.36	61.97
PTHR15744	1123.1	1075.91	200.0	37.29	28.4
PTHR20932	1489.47	1465.87	402.0	29.0	22.09
PTHR18952	1776.0	1752.4	175.99	10.61	8.08
PTHR10552	1229.0	1205.4	410.0	36.03	27.45
PTHR25040	6398.0	6303.61	3958.01	181.35	138.15
PTHR12765	1200.0	1152.8	188.0	35.32	26.9
PTHR12505	3038.61	2991.42	424.0	29.75	22.66
PTHR21481	2826.0	2778.8	137.0	10.49	7.99
PTHR22778	5034.0	4916.01	1448.96	103.74	79.02
PTHR19446	11911.64	11770.06	60480.14	2033.29	1548.83
PTHR12219	2912.0	2888.4	3891.0	141.93	108.11
PTHR13561	5189.5	5118.71	287.0	20.62	15.71
PTHR13563	976.34	952.75	85.0	9.48	7.22
PTHR12210	4326.0	4278.8	3983.41	193.43	147.34
PTHR12215	1294.0	1246.81	21.0	3.26	2.48
PTHR12214	1993.0	1969.4	194.0	10.4	7.92
PTHR12189	1085.0	1037.81	48.0	9.96	7.59
PTHR22911	7347.3	7205.72	1224.24	94.25	71.81
PTHR11926	2383.0	2335.8	265.09	23.94	18.23
PTHR19842	1791.0	1767.4	512.0	30.6	23.31
PTHR12183	2226.69	2179.5	953.0	82.66	62.97
PTHR19849	2217.0	2169.8	262.0	25.49	19.41
PTHR21152	4888.14	4770.14	2123.0	285.83	217.72
PTHR19861	1045.0	1021.4	279.0	28.99	22.08
PTHR30075	4129.0	4034.6	313.0	34.59	26.35
PTHR11632	8424.46	8282.9	10081.16	411.23	313.25
PTHR13102	2328.28	2257.48	233.0	30.87	23.51
PTHR12984	4268.49	4221.3	491.0	24.59	18.73
PTHR23293	6373.0	6278.61	4903.73	286.64	218.34
PTHR13299	1724.0	1700.4	327.0	20.32	15.48
PTHR12652	3473.0	3425.8	1929.01	120.94	92.13
PTHR10925	2662.0	2638.4	696.0	27.8	21.18
PTHR10920	5135.0	5017.0	1180.0	123.66	94.2
PTHR10584	24327.73	23950.18	16955.05	599.77	456.87
PTHR11527	2097.96	2027.18	126.0	20.78	15.82
PTHR11525	1644.0	1620.4	1057.0	68.94	52.51
PTHR10859	4005.0	3910.6	832.0	88.13	67.14
PTHR10589	4339.34	4292.15	946.99	40.12	30.57
PTHR10588	6229.56	6087.98	373.0	30.0	22.87
PTHR13038	2309.0	2285.4	227.0	10.48	7.98
PTHR13748	7142.37	7000.79	3448.0	229.05	174.47
PTHR12126	2853.52	2806.32	2622.0	191.09	145.56
PTHR13743	13978.49	13860.5	1474.0	50.52	38.49
PTHR24015	47912.84	47181.32	12725.54	639.58	487.2
PTHR24012	37862.75	37225.66	18958.66	1568.67	1194.94
PTHR24011	35638.59	35095.84	38904.51	2264.61	1725.01
PTHR31187	8803.0	8708.6	5398.96	219.85	167.47
PTHR10459	6295.72	6177.73	820.89	67.55	51.45
PTHR10458	2043.0	1995.8	165.0	18.82	14.33
PTHR11986	15407.12	15194.74	6243.66	303.54	231.23
PTHR11455	6412.0	6294.03	1282.0	55.13	42.0
PTHR10102	3400.0	3352.8	277.0	17.8	13.56
PTHR11458	1860.0	1812.82	1033.05	72.47	55.2
PTHR10106	886.0	862.4	81.0	9.99	7.61
PTHR31057	2502.06	2431.27	104.0	12.62	9.61
PTHR21141	2842.0	2771.2	24136.0	3637.96	2771.17
PTHR11851	17515.49	17255.91	8707.87	509.48	388.09
PTHR23092	3863.0	3792.2	408.0	33.62	25.61
PTHR23091	11509.16	11225.99	1895.69	176.46	134.42
PTHR11673	999.0	975.4	18564.17	2020.76	1539.29
PTHR11670	8268.5	8126.92	9133.01	445.92	339.67
PTHR11671	1576.0	1552.4	1971.41	134.25	102.26
PTHR20863	2848.86	2778.07	4887.97	604.53	460.5
PTHR20861	3582.0	3534.8	1256.0	70.57	53.76
PTHR11679	7350.19	7279.39	1779.09	78.53	59.83
PTHR14009	5876.61	5829.41	1139.0	41.26	31.43
PTHR10217	9480.48	9338.89	1143.0	66.31	50.51
PTHR10210	6537.0	6489.8	2626.0	93.13	70.94
PTHR31522	1599.0	1575.4	584.14	39.2	29.86
PTHR14221	2100.0	2076.4	582.0	29.58	22.53
PTHR23163	3206.0	3158.8	369.0	26.47	20.16
PTHR11079	5400.0	5258.41	748.0	67.6	51.49
PTHR11076	7247.42	6987.86	261.0	42.89	32.66
PTHR11070	5346.0	5275.21	408.0	17.1	13.02
PTHR11071	23706.68	23140.36	14391.17	1756.3	1337.84
PTHR11278	1059.0	1035.4	14918.21	1528.76	1164.51
PTHR14107	1494.34	1470.74	529.0	38.04	28.98
PTHR11276	6299.68	6205.29	548.0	25.92	19.74
PTHR11274	2920.0	2872.8	214.0	14.92	11.37
PTHR14136	4876.39	4781.99	2996.71	293.82	223.81
PTHR31984	3316.0	3268.8	872.0	53.73	40.93
PTHR15350	2649.0	2601.8	884.0	61.78	47.06
PTHR15606	2714.0	2666.8	343.0	26.21	19.97
PTHR12374	2931.17	2883.97	747.0	48.67	37.08
PTHR12375	1863.0	1815.8	317.0	36.18	27.56
PTHR12378	1066.79	1043.19	304.0	30.92	23.55
PTHR18929	17488.62	17181.83	17918.31	1594.81	1214.84
PTHR13976	2294.0	2246.8	445.0	41.56	31.65
PTHR12777	676.0	652.4	1685.0	275.78	210.07
PTHR12775	2761.0	2713.8	1745.67	134.83	102.71
PTHR12770	6738.23	6596.63	450.0	37.46	28.54
PTHR20981	722.0	698.4	17811.98	2720.22	2072.09
PTHR14085	1723.0	1699.4	260.0	16.16	12.31
PTHR16092	1717.0	1669.81	173.0	26.09	19.87
PTHR11035	3295.0	3247.8	343.92	23.67	18.02
PTHR22298	3528.0	3504.4	161.0	4.84	3.68
PTHR12174	5472.04	5401.24	814.0	42.99	32.75
PTHR12175	1825.0	1801.4	441.0	25.85	19.69
PTHR12176	967.0	943.4	79.0	8.89	6.78
PTHR22769	8780.08	8567.7	1590.01	155.44	118.42
PTHR10293	3109.75	2991.79	2024.85	220.87	168.24
PTHR12403	2746.0	2698.8	1125.07	96.54	73.54
PTHR22762	6884.58	6837.38	1512.0	46.52	35.44
PTHR22763	1619.0	1571.8	287.0	38.78	29.54
PTHR22761	3461.27	3390.48	4977.29	401.41	305.77
PTHR21231	1242.0	1218.4	229.0	19.91	15.17
PTHR21230	3227.0	3156.2	2113.72	186.05	141.71
PTHR21234	2642.64	2595.44	844.0	74.23	56.54
PTHR21237	1404.0	1380.4	406.0	31.12	23.71
PTHR12202	2266.0	2195.2	235.0	34.17	26.03
PTHR12203	6133.35	6086.15	5971.03	308.02	234.64
PTHR19857	1691.61	1668.02	511.0	32.37	24.66
PTHR13355	3961.15	3890.36	1813.26	132.5	100.92
PTHR13353	2717.86	2670.67	315.0	25.15	19.16
PTHR19853	3158.0	3110.8	310.01	20.4	15.54
PTHR12197	13141.43	12834.7	1255.27	101.41	77.26
PTHR19858	861.0	837.4	74.0	9.4	7.16
PTHR11932	14002.86	13861.26	3913.0	173.61	132.26
PTHR13822	1460.0	1436.4	2381.11	175.35	133.57
PTHR13271	21956.83	21602.84	2784.0	173.5	132.15
PTHR13138	3065.54	3018.34	388.0	24.63	18.76
PTHR10732	1270.0	1222.81	16217.18	2020.59	1539.16
PTHR10738	2215.99	2168.8	254.0	23.36	17.79
PTHR10739	3541.0	3493.8	1145.0	64.8	49.36
PTHR12992	1823.0	1799.4	276.0	16.2	12.34
PTHR22838	3843.66	3796.46	822.6	51.32	39.1
PTHR22881	3058.0	3010.8	681.0	48.2	36.72
PTHR22836	1872.56	1848.96	250.0	14.28	10.88
PTHR22960	2735.0	2687.8	1486.23	124.94	95.18
PTHR11934	2258.0	2210.8	284.61	26.54	20.22
PTHR10693	1638.0	1590.8	205.0	26.96	20.54
PTHR10938	1030.0	1006.4	281.12	29.65	22.58
PTHR10934	911.0	887.4	20561.42	2462.92	1876.1
PTHR11510	1633.0	1609.4	2668.78	175.26	133.5
PTHR11516	5748.0	5677.2	3206.0	168.4	128.27
PTHR10025	2269.69	2222.49	764.57	71.82	54.7
PTHR10026	7111.68	6993.69	1415.87	107.72	82.04
PTHR10027	3449.0	3401.8	414.0	25.52	19.44
PTHR13009	493.0	469.41	66.0	15.11	11.51
PTHR13007	2290.89	2243.69	926.0	73.88	56.28
PTHR30115	7308.0	7237.2	2113.0	158.61	120.82
PTHR11863	1915.62	1868.44	187.0	15.72	11.98
PTHR17901	2899.43	2852.24	1238.55	81.44	62.03
PTHR24351	5567.23	5520.03	4902.04	183.01	139.4
PTHR20982	1025.0	1001.4	271.0	28.72	21.88
PTHR24352	1156.0	1108.8	86.0	16.43	12.51
PTHR11467	1183.01	1159.42	1714.0	156.67	119.34
PTHR10119	7762.0	7691.2	4051.16	136.78	104.19
PTHR10343	3038.0	2967.2	830.0	79.9	60.87
PTHR10114	808.0	784.4	28643.89	3888.04	2961.67
PTHR10110	16078.93	15842.94	2524.0	181.5	138.25
PTHR11469	4021.81	3951.04	3614.81	190.04	144.77
PTHR10598	1542.0	1518.4	76.0	5.29	4.03
PTHR24286	5055.0	5007.8	1384.0	58.05	44.21
PTHR11864	6451.18	6333.2	5036.96	335.34	255.44
PTHR23426	1122.01	1098.41	462.0	44.6	33.97
PTHR10593	4609.0	4538.2	2650.0	167.62	127.68
