GeneFamily	length	effective_length	expected_count	TPM	FPKM
PTHR11649	14058.69	13603.65	575.01	98.85	146.14
PTHR31089	1961.11	1915.6	151.0	20.84	30.82
PTHR31085	11429.52	11201.97	611.03	82.85	122.47
PTHR11647	4059.0	3922.48	77.0	15.01	22.2
PTHR11645	3550.0	3413.47	546.96	119.08	176.05
PTHR11880	2310.47	2173.95	1770.0	599.53	886.38
PTHR11885	2268.0	2131.47	2266.0	938.31	1387.24
PTHR10209	10480.28	10207.23	560.0	86.73	128.22
PTHR32429	5455.51	5318.99	642.0	119.25	176.31
PTHR31423	1448.0	1402.49	20.0	3.78	5.58
PTHR31551	1644.89	1553.88	59.9	14.31	21.16
PTHR32195	3303.66	3212.65	47.0	9.09	13.44
PTHR11081	6777.96	6504.96	98.0	17.98	26.59
PTHR11080	2321.09	2230.07	24.0	7.08	10.47
PTHR11082	7880.3	7607.36	176.01	30.11	44.51
PTHR11085	4177.0	3949.62	76.0	20.75	30.69
PTHR11089	11358.93	10858.42	257.0	69.78	103.15
PTHR32518	2527.29	2436.28	70.0	9.33	13.79
PTHR11247	4712.49	4530.45	72.0	13.14	19.42
PTHR11246	14383.04	14064.47	464.0	59.39	87.8
PTHR32512	4210.0	4118.98	37.0	4.54	6.72
PTHR23088	5857.97	5675.94	219.0	38.54	56.99
PTHR23089	4946.58	4764.54	196.0	47.34	69.99
PTHR23081	7472.61	7336.08	171.0	17.61	26.03
PTHR23083	43500.64	41908.6	1416.95	234.07	346.07
PTHR23084	5871.86	5644.36	188.0	33.92	50.15
PTHR23086	4670.0	4533.48	109.8	18.54	27.41
PTHR18806	2329.27	2238.25	59.0	13.77	20.35
PTHR31953	3751.56	3569.73	143.0	38.58	57.05
PTHR15184	12836.41	12472.4	2897.95	794.81	1175.07
PTHR15341	1457.0	1411.49	59.0	11.07	16.36
PTHR32357	5498.82	5362.29	461.0	62.15	91.89
PTHR12696	5220.0	5038.05	202.96	22.43	33.17
PTHR12341	1959.2	1913.69	73.0	10.09	14.91
PTHR15160	3891.13	3754.6	1850.0	438.54	648.36
PTHR18937	16850.45	16486.39	383.0	43.69	64.58
PTHR18934	41084.69	39628.76	573.94	100.85	149.07
PTHR12742	1274.0	1228.49	45.0	9.7	14.35
PTHR12741	17170.39	16578.87	1502.85	250.84	370.85
PTHR19288	4505.32	4368.8	154.0	27.73	41.0
PTHR12975	4351.0	4259.98	101.0	12.65	18.7
PTHR13902	11718.95	11491.41	494.0	50.9	75.26
PTHR13903	7444.99	7217.46	202.0	32.96	48.72
PTHR22753	8567.0	8248.44	134.0	28.19	41.67
PTHR30615	1026.0	980.49	52.0	14.07	20.8
PTHR21220	1883.0	1837.49	16.0	2.3	3.4
PTHR22938	2111.0	1883.82	14.0	7.87	11.63
PTHR21597	4510.0	4418.98	39.0	4.18	6.19
PTHR22931	9001.54	8819.57	14346.59	11245.18	16625.45
PTHR22936	9930.0	9611.43	714.0	126.52	187.06
PTHR31038	2095.56	2004.55	165.0	46.42	68.62
PTHR13832	38977.73	37749.11	5121.79	860.92	1272.77
PTHR31319	3688.09	3551.57	283.0	58.04	85.8
PTHR21136	10299.84	9935.78	1038.0	219.88	325.11
PTHR12526	46510.42	45190.79	2520.81	377.79	558.5
PTHR13120	1419.25	1328.25	11.0	4.06	6.0
PTHR22809	2421.0	2329.98	6.0	1.33	1.96
PTHR22807	8153.0	7879.95	75.0	12.86	19.01
PTHR20661	1459.16	1368.17	7.0	2.32	3.42
PTHR10900	7774.39	7455.92	333.0	204.25	301.98
PTHR10906	6717.28	6489.89	344.0	52.2	77.18
PTHR10909	17354.59	16945.0	6779.23	808.58	1195.44
PTHR10055	4016.0	3879.49	95.0	14.62	21.61
PTHR10057	3318.52	3182.0	232.0	54.06	79.93
PTHR10052	2225.0	2088.48	1284.23	632.14	934.6
PTHR13017	1553.0	1507.49	4.0	0.7	1.04
PTHR13018	26159.87	25431.81	660.0	109.44	161.8
PTHR10694	7332.76	7014.21	96.0	23.06	34.08
PTHR12839	5904.14	5767.77	295.0	50.11	74.07
PTHR12835	1673.0	1627.49	31.0	5.04	7.45
PTHR24031	78641.45	75730.19	3009.88	520.04	768.86
PTHR24032	1443.0	1397.49	10.0	1.89	2.8
PTHR23291	4128.0	3945.97	958.98	208.32	307.98
PTHR24349	233865.22	226584.91	15393.68	2720.94	4022.84
PTHR24619	5330.0	5193.47	344.0	46.21	68.33
PTHR24343	10816.11	10452.3	1334.92	212.21	313.74
PTHR11472	12326.06	11825.64	39.0	5.6	8.27
PTHR24347	21804.45	21076.44	1318.0	223.22	330.05
PTHR11476	3664.0	3482.1	51.0	13.48	19.92
PTHR11477	4326.0	4144.11	33.0	8.39	12.39
PTHR24305	2189.0	2097.98	15.0	3.61	5.33
PTHR10476	4259.0	4076.96	858.39	195.02	288.32
PTHR24290	7662.31	7434.9	194.0	24.42	36.11
PTHR12730	2389.0	2297.98	16.0	4.54	6.71
PTHR23413	948.0	902.49	415.0	122.06	180.45
PTHR23417	4765.0	4628.47	26.0	5.27	7.8
PTHR23416	5673.58	5491.55	121.0	25.23	37.29
PTHR23415	847.0	801.49	49.0	16.24	24.01
PTHR12736	1834.0	1788.49	2.0	0.3	0.44
PTHR23418	1061.0	1015.49	315.0	82.27	121.64
PTHR10877	6070.08	5888.08	927.0	117.58	173.84
PTHR11879	6935.5	6753.46	1524.98	225.22	332.98
PTHR31096	6380.51	6152.97	1202.0	192.93	285.23
PTHR11655	4098.0	3870.47	2372.72	802.81	1186.91
PTHR11652	1183.0	1092.07	612.0	204.46	302.28
PTHR10436	10771.0	10315.91	54.0	12.55	18.57
PTHR20883	2603.0	2511.98	542.0	121.1	179.04
PTHR11895	6497.0	6314.96	179.02	19.48	28.81
PTHR10277	8211.59	8029.55	618.91	76.65	113.33
PTHR14027	2331.0	2240.05	42.0	10.77	15.92
PTHR12320	10741.0	10513.45	774.0	101.92	150.7
PTHR24095	19234.0	18642.54	3006.0	645.25	953.99
PTHR24093	77259.17	74438.85	5409.29	667.12	986.3
PTHR23180	20396.71	19759.69	1243.82	222.05	328.28
PTHR14593	4894.0	4712.12	43.0	10.33	15.28
PTHR11093	4055.58	3919.07	46.0	6.9	10.2
PTHR11096	1691.0	1509.22	1.0	0.52	0.76
PTHR23346	14319.27	13955.35	228.0	32.34	47.81
PTHR11099	2684.0	2592.98	70.0	13.29	19.64
PTHR10309	1913.0	1867.49	102.0	14.44	21.36
PTHR14107	2747.0	2701.49	59.0	5.77	8.53
PTHR11252	5447.0	5264.96	78.0	14.93	22.07
PTHR11254	16660.43	16114.59	860.0	109.39	161.75
PTHR11255	7268.58	7132.05	1013.0	94.29	139.4
PTHR14110	3793.0	3610.96	185.0	51.39	75.97
PTHR14374	2439.0	2302.48	11.0	3.23	4.76
PTHR18838	6029.98	5711.68	146.0	40.95	60.52
PTHR12687	1300.0	1254.49	5.0	1.06	1.56
PTHR15157	3448.06	3311.53	67.0	15.7	23.23
PTHR18901	10835.0	10470.96	1255.0	205.17	303.35
PTHR12755	3579.0	3397.04	27.0	5.62	8.31
PTHR12750	3615.09	3433.07	98.0	26.64	39.39
PTHR12753	1934.0	1843.05	101.0	17.47	25.82
PTHR15574	4092.98	3865.48	169.0	51.69	76.41
PTHR22790	3576.98	3440.45	98.0	19.2	28.4
PTHR16266	4772.22	4544.79	52.0	17.75	26.22
PTHR31811	2469.26	2332.78	10.99	3.9	5.78
PTHR12358	8798.75	8571.2	330.0	37.73	55.77
PTHR22748	3237.0	3145.98	16.0	2.74	4.05
PTHR12356	2374.56	2283.55	73.0	17.24	25.49
PTHR12221	2781.33	2644.8	28.0	8.91	13.16
PTHR19879	2276.46	2185.45	24.0	4.9	7.24
PTHR12226	4501.25	4364.72	174.0	31.17	46.1
PTHR19876	8152.0	7924.48	648.0	69.42	102.63
PTHR19877	3902.78	3720.84	291.0	54.45	80.5
PTHR31442	3174.57	2992.62	86.0	26.49	39.16
PTHR12538	1718.0	1581.56	851.0	611.55	904.15
PTHR12537	6788.12	6606.09	261.0	36.74	54.32
PTHR12532	1374.0	1328.49	38.0	7.58	11.2
PTHR13486	901.3	855.79	41.0	12.72	18.81
PTHR20275	3535.0	3489.49	232.0	17.55	25.95
PTHR13489	1746.0	1654.99	26.0	7.63	11.28
PTHR17583	3760.42	3578.42	132.0	44.31	65.51
PTHR13572	1675.0	1629.49	27.0	4.38	6.48
PTHR24198	6590.0	6271.54	71.0	23.43	34.64
PTHR10048	15525.73	15116.28	505.0	60.99	90.18
PTHR24193	9225.8	8861.74	862.0	180.25	266.5
PTHR10044	3360.0	3223.47	145.0	34.45	50.93
PTHR10687	3627.72	3445.98	403.0	82.48	121.94
PTHR13069	7107.55	6880.02	110.0	22.7	33.59
PTHR13068	11301.09	10982.53	255.64	40.83	60.35
PTHR10682	3183.5	3047.02	186.0	31.59	46.71
PTHR10683	4132.0	3995.48	1106.0	171.61	253.72
PTHR12829	1226.0	1135.03	11.0	5.54	8.19
PTHR12820	2691.96	2510.08	75.0	14.4	21.28
PTHR12826	1036.0	990.49	26.0	6.96	10.29
PTHR12827	2597.0	2369.66	16.0	6.41	9.47
PTHR17920	2109.0	2063.49	74.0	9.48	14.02
PTHR10137	1701.0	1655.49	104.0	16.62	24.57
PTHR11405	9031.0	8848.96	338.99	52.97	78.31
PTHR11404	2272.88	2181.96	217.0	58.82	86.95
PTHR11406	1450.29	1404.78	299.74	56.49	83.52
PTHR13468	2941.0	2850.01	393.0	42.21	62.4
PTHR23406	8437.02	8209.49	1102.0	132.84	196.39
PTHR23407	1048.96	1003.45	54.0	14.27	21.1
PTHR10869	30187.48	28959.07	6026.67	1321.35	1953.56
PTHR31717	3220.0	3128.98	61.0	8.55	12.63
PTHR13393	1947.0	1901.49	19.0	2.64	3.91
PTHR15169	1197.0	1106.02	8.0	3.64	5.37
PTHR11315	4945.35	4808.83	373.91	53.92	79.71
PTHR10139	1809.0	1717.98	10.0	2.98	4.41
PTHR10264	7722.56	7449.51	1822.77	412.35	609.64
PTHR10263	7533.0	7169.0	885.96	217.06	320.92
PTHR12506	2335.0	2289.49	454.02	52.41	77.49
PTHR31155	1709.6	1664.09	1015.0	161.38	238.59
PTHR32170	3534.0	3397.47	58.0	16.1	23.79
PTHR23350	1059.0	1013.49	24.0	6.28	9.29
PTHR23354	7449.72	7313.19	286.99	30.97	45.79
PTHR23355	11874.0	11419.0	129.7	36.91	54.55
PTHR23359	12067.55	11658.06	632.0	93.43	138.13
PTHR11227	6877.34	6695.31	312.0	43.77	64.71
PTHR11220	8681.99	8317.91	712.02	173.63	256.71
PTHR11223	5693.51	5466.19	310.95	68.6	101.43
PTHR11229	3430.95	3294.42	325.0	70.63	104.42
PTHR10314	15880.93	15334.86	1744.93	411.98	609.09
PTHR14303	1099.65	1054.14	68.0	17.11	25.29
PTHR23309	4439.01	4256.98	1319.01	373.61	552.36
PTHR23308	5960.0	5732.46	275.0	54.63	80.74
PTHR11139	31721.59	30811.71	304.0	54.02	79.86
PTHR15362	1511.0	1420.03	10.0	3.0	4.44
PTHR11132	43460.83	42141.15	3397.0	535.31	791.4
PTHR11134	8521.77	8294.23	365.0	44.81	66.27
PTHR11136	2692.75	2601.75	24.0	5.12	7.58
PTHR32374	1600.0	1554.49	34.0	5.79	8.56
PTHR31579	3488.0	3396.98	884.0	126.05	186.36
PTHR32379	1398.0	1352.49	9.0	1.76	2.61
PTHR18919	8213.0	7939.94	3285.99	970.86	1435.36
PTHR32002	15988.12	15396.62	557.0	79.6	117.7
PTHR14413	1684.22	1593.2	197.0	61.76	91.31
PTHR22893	3241.0	3104.47	74.0	13.44	19.87
PTHR10778	3148.0	3056.98	86.6	14.59	21.57
PTHR13789	31397.98	30624.53	2099.51	231.03	341.58
PTHR12786	5018.0	4745.01	408.0	71.75	106.09
PTHR12782	1572.0	1526.49	33.0	5.72	8.46
PTHR11742	13420.31	13101.75	345.17	47.9	70.83
PTHR13923	4726.0	4453.09	120.0	33.25	49.15
PTHR11210	2741.54	2650.53	166.0	44.75	66.16
PTHR12321	1186.28	1140.78	144.0	33.46	49.46
PTHR25040	12758.0	12348.41	853.0	165.99	245.4
PTHR12323	1818.79	1727.77	27.0	7.0	10.35
PTHR16201	9919.01	9600.45	136.0	26.51	39.19
PTHR21015	4380.88	4289.87	175.0	21.21	31.36
PTHR16196	788.0	742.49	12.0	4.3	6.35
PTHR16193	953.0	907.49	3.0	0.88	1.3
PTHR22792	6509.05	6281.52	295.0	63.94	94.52
PTHR21680	3240.0	3148.98	217.92	38.44	56.84
PTHR21689	6494.0	6402.98	84.0	6.99	10.33
PTHR21113	5181.02	4998.99	83.0	14.53	21.48
PTHR19316	2976.92	2885.91	77.0	15.47	22.87
PTHR21663	2258.52	2167.65	131.0	31.01	45.85
PTHR13253	13589.49	13088.89	521.0	119.54	176.72
PTHR21206	1179.26	1133.75	15.0	3.51	5.18
PTHR10072	6372.04	6144.51	1305.0	256.57	379.33
PTHR10071	5996.22	5814.18	405.9	55.91	82.67
PTHR24188	8906.47	8678.93	1133.0	123.47	182.52
PTHR13780	15838.06	15247.15	1406.0	232.25	343.37
PTHR10670	7070.61	6843.07	95.0	18.0	26.62
PTHR10677	2441.0	2259.0	39.0	18.62	27.52
PTHR13078	2145.95	2009.57	93.0	22.67	33.52
PTHR12815	4885.39	4749.19	215.0	38.35	56.7
PTHR12814	1932.0	1840.98	16.0	4.39	6.5
PTHR24361	46920.47	45464.32	1165.87	190.24	281.24
PTHR24362	17007.36	16370.52	584.99	89.28	132.04
PTHR10416	1429.0	1337.98	19.0	7.55	11.16
PTHR10410	7242.23	6969.17	462.0	89.1	131.73
PTHR10783	4345.0	4163.03	113.0	27.82	41.13
PTHR10782	8037.69	7764.67	53.0	9.89	14.61
PTHR13476	1185.81	1140.3	66.0	15.34	22.68
PTHR10788	10165.67	9938.13	592.98	100.69	148.85
PTHR10891	31785.85	30648.28	1834.01	427.1	631.4
PTHR10890	5653.0	5516.47	97.0	17.71	26.18
PTHR20426	974.0	928.49	14.0	4.0	5.92
PTHR23213	13458.5	12958.07	298.05	48.64	71.92
PTHR10520	5064.0	4927.47	109.0	18.74	27.71
PTHR10250	2806.98	2670.46	494.0	162.55	240.33
PTHR10527	20851.11	20168.72	613.0	71.59	105.84
PTHR31384	14881.31	14471.94	218.08	27.83	41.14
PTHR10098	2158.0	2066.99	56.0	9.81	14.51
PTHR10091	1408.0	1362.49	39.0	7.58	11.21
PTHR31140	2160.82	2115.33	35.0	4.37	6.47
PTHR31412	5442.0	5305.47	47.0	8.0	11.82
PTHR11787	3859.82	3723.35	611.44	87.57	129.47
PTHR11785	32678.54	31677.42	1591.0	274.56	405.91
PTHR11782	6270.9	6043.36	196.2	37.28	55.11
PTHR31419	2292.66	2247.16	131.0	15.41	22.78
PTHR11780	3422.0	3285.48	327.0	46.25	68.37
PTHR32497	1925.0	1833.98	79.0	22.53	33.31
PTHR13600	1704.5	1659.0	45.0	7.18	10.61
PTHR21141	5073.02	4754.61	3513.19	1185.91	1753.31
PTHR32148	4172.0	3944.5	816.48	301.29	445.42
PTHR23324	6457.65	6321.12	771.66	99.71	147.41
PTHR23327	4370.0	4187.97	162.0	44.46	65.73
PTHR23326	6102.0	5919.96	213.98	34.17	50.51
PTHR23321	3255.0	3118.48	60.0	17.74	26.23
PTHR23323	7173.0	6809.0	119.0	34.31	50.74
PTHR23322	7359.18	7040.69	188.0	42.68	63.11
PTHR23329	4739.64	4603.11	44.0	7.27	10.75
PTHR11236	6176.0	5948.45	68.0	12.9	19.1
PTHR10322	11205.0	10750.02	16.0	1.65	2.43
PTHR11239	3269.47	3132.97	105.81	27.91	41.25
PTHR10803	5840.68	5704.15	423.68	50.97	75.36
PTHR13803	11353.0	11034.55	275.0	30.33	44.82
PTHR31964	24013.76	23103.6	13144.57	2807.85	4151.28
PTHR10552	1682.75	1591.75	45.0	12.08	17.86
PTHR23030	3046.0	3000.49	414.0	36.44	53.88
PTHR11129	3594.0	3411.98	61.82	20.42	30.21
PTHR15316	3819.0	3637.15	174.64	29.08	42.99
PTHR11127	1588.26	1452.34	3373.4	4556.25	6736.19
PTHR11125	3779.0	3596.96	163.0	43.13	63.77
PTHR10855	3624.0	3532.98	264.0	38.25	56.54
PTHR31566	2361.57	2316.07	157.0	17.92	26.49
PTHR31567	1545.0	1499.49	77.0	13.59	20.1
PTHR31561	3013.0	2876.63	72.0	8.61	12.73
PTHR15137	2650.0	2558.99	7.0	1.25	1.85
PTHR14950	2813.0	2721.98	11.0	2.2	3.25
PTHR22939	17892.81	17392.24	811.0	120.56	178.24
PTHR11264	1519.0	1473.49	27.0	4.85	7.17
PTHR15954	2712.0	2666.49	124.0	12.29	18.16
PTHR15952	3639.94	3594.44	59.0	4.33	6.41
PTHR21319	5178.48	5087.46	172.99	19.86	29.37
PTHR30612	7183.0	7091.98	209.0	15.86	23.45
PTHR19271	3421.64	3285.11	5.0	1.01	1.51
PTHR22932	1136.98	1091.47	372.0	90.36	133.59
PTHR19861	1251.0	1205.49	48.0	10.55	15.6
PTHR12029	8697.28	8378.71	151.0	27.85	41.18
PTHR12233	1306.61	1261.1	54.0	11.34	16.77
PTHR22780	11270.0	11042.46	603.01	55.34	81.83
PTHR30535	5063.8	4881.78	150.0	31.13	46.01
PTHR11952	2577.61	2441.16	221.0	36.05	53.29
PTHR21477	5042.81	4860.79	128.0	27.54	40.73
PTHR19308	8431.44	8249.42	1020.58	158.29	234.03
PTHR16301	1268.46	1177.45	12.0	5.68	8.39
PTHR13265	2107.45	2016.44	90.0	21.42	31.66
PTHR22870	25881.11	24925.67	806.0	206.1	304.75
PTHR17630	1908.0	1816.98	127.0	38.49	56.91
PTHR10064	1389.0	1297.99	236.51	75.73	111.96
PTHR10066	2847.0	2619.58	24.0	14.39	21.27
PTHR10060	2216.0	2124.98	14.0	2.77	4.09
PTHR10663	36673.39	35899.75	1202.0	116.87	172.75
PTHR10666	7200.18	6881.63	12604.68	3695.51	5463.61
PTHR10668	13470.75	13061.26	415.0	71.27	105.37
PTHR12801	1911.0	1819.98	17.0	4.78	7.07
PTHR12802	2364.87	2228.37	33.0	11.8	17.46
PTHR12805	1550.73	1505.22	26.0	4.57	6.76
PTHR12806	1153.38	1107.88	17.0	4.07	6.01
PTHR21091	18201.21	17655.18	2194.0	336.4	497.33
PTHR21090	6046.03	5864.14	305.0	42.92	63.45
PTHR21228	6328.47	6191.96	139.0	19.43	28.73
PTHR24314	5886.0	5703.96	146.0	23.17	34.26
PTHR11933	1040.0	994.49	6.0	1.6	2.37
PTHR24316	9967.12	9512.24	541.0	97.08	143.54
PTHR11426	4670.89	4397.97	938.01	317.13	468.89
PTHR11937	15907.37	15406.92	2735.15	426.48	630.51
PTHR11938	9728.08	9364.04	1565.47	263.58	389.69
PTHR21139	2302.0	2165.55	80.0	16.55	24.47
PTHR13683	33124.48	32077.97	1022.96	146.15	216.05
PTHR24089	71287.26	68875.47	3231.42	673.44	995.67
PTHR10796	2186.0	2140.49	328.0	40.51	59.89
PTHR10794	7491.87	7309.84	627.0	116.47	172.2
PTHR10795	9142.31	8823.91	157.0	34.75	51.36
PTHR10792	3924.0	3696.51	375.02	116.53	172.28
PTHR10799	79033.9	76622.54	1313.31	187.99	277.93
PTHR10882	1208.0	1162.49	11.0	2.51	3.71
PTHR10887	49432.03	47794.28	548.0	90.39	133.63
PTHR11686	4509.0	4327.09	242.0	68.96	101.94
PTHR11685	2780.03	2689.02	317.0	60.14	88.92
PTHR11680	8621.0	8393.61	1254.0	172.42	254.91
PTHR24221	33647.76	32692.47	5450.95	841.44	1244.05
PTHR24220	9058.32	8694.27	261.0	59.82	88.43
PTHR24223	54199.34	52061.21	7002.86	1431.44	2116.29
PTHR11689	21629.56	21220.0	478.0	38.38	56.73
PTHR10252	2942.24	2805.72	219.04	55.36	81.86
PTHR10537	1121.57	1076.06	5.0	1.23	1.82
PTHR13124	1575.0	1529.49	40.0	6.92	10.23
PTHR31173	3014.0	2968.49	94.0	8.36	12.37
PTHR10099	4717.0	4625.98	25.0	3.15	4.67
PTHR10997	19192.73	18692.58	619.84	76.8	113.54
PTHR31356	9536.27	9217.72	1064.33	200.51	296.44
PTHR31352	15026.45	14707.88	1684.0	224.18	331.45
PTHR31350	3129.16	3038.15	518.95	93.42	138.11
PTHR11758	1205.0	1114.0	638.0	303.93	449.35
PTHR23333	1864.0	1772.99	85.0	20.06	29.66
PTHR11203	11395.67	11031.69	214.99	41.18	60.89
PTHR11753	4315.0	4087.47	218.0	65.1	96.27
PTHR11200	17878.69	17560.13	665.0	80.58	119.13
PTHR24423	81235.73	79097.16	13649.25	1066.01	1576.09
PTHR11206	15602.43	15283.86	742.08	103.16	152.51
PTHR23338	2729.0	2547.03	112.0	33.17	49.05
PTHR23339	3824.0	3732.98	101.0	11.42	16.88
PTHR10332	1972.52	1927.01	32.0	4.39	6.49
PTHR14145	3884.0	3792.98	222.0	32.68	48.32
PTHR12561	1087.45	1041.95	13.0	3.31	4.89
PTHR15744	2004.26	1867.77	7.0	2.79	4.13
PTHR23023	2583.0	2492.13	37.0	4.38	6.48
PTHR31385	3012.84	2921.83	299.0	51.84	76.64
PTHR31142	3119.83	2983.31	280.0	59.96	88.63
PTHR21294	1489.0	1443.49	515.98	94.63	139.91
PTHR11119	6157.96	5975.93	73.0	12.6	18.63
PTHR31595	2467.0	2375.98	8.0	1.79	2.65
PTHR31596	1113.0	1067.49	8.0	1.99	2.94
PTHR15948	1544.22	1498.72	15.0	2.65	3.92
PTHR32026	45108.74	43743.72	1798.57	318.49	470.89
PTHR31829	1450.0	1404.49	242.0	45.62	67.45
PTHR22846	1290.0	1244.49	13.0	2.77	4.09
PTHR19241	62866.82	60956.24	4032.9	563.99	833.79
PTHR15239	2128.0	1991.53	24.0	8.48	12.54
PTHR12497	2232.0	2186.49	61.0	7.37	10.9
PTHR12652	2987.0	2895.98	633.0	107.62	159.11
PTHR12304	3138.0	3046.98	211.66	33.04	48.85
PTHR30540	2841.0	2795.49	34.0	3.21	4.75
PTHR13302	2936.0	2799.48	98.0	28.53	42.18
PTHR12472	1863.0	1817.49	36.0	5.24	7.75
PTHR13308	1263.56	1172.68	66.0	23.61	34.9
PTHR12477	5860.38	5678.35	433.0	58.75	86.86
PTHR13878	2695.0	2649.49	15.0	1.5	2.21
PTHR21461	41750.5	40612.79	1355.94	225.28	333.06
PTHR13872	9042.0	8677.99	519.0	115.3	170.46
PTHR22849	14941.06	14440.51	436.0	66.06	97.66
PTHR21314	1457.0	1411.49	12.0	2.25	3.33
PTHR13271	46905.41	45221.88	1267.28	255.97	378.44
PTHR22841	2067.0	1930.58	21.0	5.44	8.05
PTHR22847	37233.21	35913.82	914.96	215.88	319.2
PTHR22844	11428.77	11019.25	330.0	58.64	86.69
PTHR31606	1280.0	1234.49	149.0	31.98	47.28
PTHR23284	1791.0	1745.49	54.0	8.18	12.1
PTHR21266	9368.84	9141.32	812.0	112.57	166.45
PTHR12271	8499.58	8317.54	202.0	21.46	31.74
PTHR21262	10383.13	10064.58	438.0	78.68	116.3
PTHR12276	4920.0	4828.98	708.0	77.89	115.15
PTHR10657	1752.0	1660.98	129.0	43.94	64.96
PTHR16557	1986.0	1940.49	32.0	4.36	6.45
PTHR10655	1456.0	1410.49	113.07	21.22	31.38
PTHR10652	3946.17	3764.18	1280.91	350.35	517.99
PTHR17972	3401.0	3218.97	17.0	5.5	8.12
PTHR21085	1966.0	1920.49	147.0	20.24	29.93
PTHR11922	7585.64	7358.09	279.0	49.78	73.6
PTHR10438	22566.28	21610.65	3395.04	877.55	1297.42
PTHR11926	4872.36	4690.34	860.05	102.12	150.98
PTHR11431	2824.0	2687.61	1127.0	211.55	312.76
PTHR10434	3461.0	3369.98	144.0	23.98	35.45
PTHR24096	21972.22	21289.71	1091.08	172.52	255.09
PTHR13693	9735.3	9371.29	984.0	136.37	201.6
PTHR13691	1849.0	1757.98	2860.71	1144.06	1691.43
PTHR24092	21647.06	21101.08	1562.91	186.24	275.36
PTHR13451	4544.77	4408.25	167.0	24.53	36.27
PTHR13452	409.27	363.8	5.0	3.68	5.45
PTHR13152	1696.0	1604.98	5.0	1.34	1.98
PTHR12901	1419.0	1373.49	22.0	4.24	6.27
PTHR12903	2882.0	2745.51	309.0	66.6	98.46
PTHR23237	964.0	918.49	29.0	8.38	12.39
PTHR10501	5345.8	5118.27	226.0	55.2	81.62
PTHR31169	1316.0	1270.49	38.0	7.92	11.71
PTHR12277	6990.26	6808.22	609.0	82.8	122.42
PTHR10168	3865.0	3682.96	655.0	187.65	277.43
PTHR14087	1452.0	1406.49	11.0	2.07	3.06
PTHR14085	1053.32	1007.82	19.0	5.0	7.39
PTHR31344	3900.0	3763.48	78.0	17.89	26.45
PTHR31619	1795.0	1749.49	215.0	32.51	48.06
PTHR23306	3339.0	3202.49	313.0	44.16	65.28
PTHR23305	4777.0	4640.47	134.98	22.92	33.9
PTHR14089	3023.0	2931.98	179.5	23.5	34.74
PTHR11748	5227.09	5090.56	99.0	12.43	18.37
PTHR11214	5962.45	5689.41	190.0	54.31	80.3
PTHR11216	8639.0	8411.45	278.0	34.71	51.33
PTHR14154	11574.54	10983.12	570.73	160.95	237.9
PTHR14155	37546.39	36272.28	1580.61	276.81	409.25
PTHR10343	12448.44	11993.42	480.0	93.05	137.57
PTHR11699	18594.44	18048.41	2088.0	276.61	408.94
PTHR11692	2443.0	2397.49	79.0	8.71	12.87
PTHR11693	3825.0	3597.58	648.28	224.31	331.62
PTHR11695	21098.84	20370.71	1102.16	226.4	334.73
PTHR31760	1635.76	1590.25	25.0	4.16	6.15
PTHR31906	11287.0	10922.92	686.0	136.39	201.66
PTHR21419	1778.0	1732.49	176.0	26.87	39.73
PTHR23012	12684.82	12320.76	598.99	98.62	145.79
PTHR11101	2044.0	1998.49	42.0	5.56	8.22
PTHR11102	14027.49	13617.93	758.99	120.7	178.46
PTHR11106	4856.13	4674.12	147.0	26.94	39.83
PTHR31585	6128.0	5900.46	91.0	17.05	25.22
PTHR32125	2700.0	2608.98	194.93	41.15	60.83
PTHR31588	5435.8	5299.28	344.01	41.75	61.71
PTHR32120	1863.0	1817.49	35.0	5.09	7.53
PTHR15680	2434.0	2342.98	306.0	68.87	101.82
PTHR10281	5388.0	5160.47	140.0	31.94	47.22
PTHR26312	8003.22	7775.68	523.05	73.27	108.32
PTHR18895	2434.0	2342.98	13.0	2.09	3.09
PTHR12486	1060.42	1014.92	8.0	2.09	3.09
PTHR12480	5258.85	4985.85	131.56	36.7	54.28
PTHR12482	4543.1	4406.57	83.0	13.22	19.54
PTHR11042	5169.0	4850.5	32.0	11.28	16.68
PTHR11122	4741.09	4604.57	204.0	35.89	53.07
PTHR12317	9706.64	9342.67	297.0	44.66	66.05
PTHR12649	1592.0	1501.12	131.0	28.05	41.46
PTHR13992	653.0	607.5	6.0	2.63	3.89
PTHR12461	5970.0	5697.04	18.0	5.62	8.29
PTHR12466	2100.0	2054.49	53.0	6.82	10.08
PTHR13847	10660.15	10250.6	728.07	141.44	209.13
PTHR22854	2900.13	2809.12	270.17	46.64	68.95
PTHR12001	5953.41	5726.01	215.0	43.51	64.33
PTHR21327	5847.0	5710.47	114.66	15.97	23.6
PTHR21631	5910.86	5774.34	6761.0	828.03	1224.19
PTHR22855	7275.0	6956.62	1922.0	379.38	560.9
PTHR22850	20047.18	19501.09	662.84	100.58	148.71
PTHR22504	1128.0	1082.49	103.0	25.23	37.3
PTHR12189	3805.0	3713.98	60.0	7.92	11.71
PTHR21256	2301.0	2210.06	269.99	37.39	55.28
PTHR12265	370.0	324.55	0.0	0.0	0.0
PTHR12266	5535.89	5353.86	418.0	83.02	122.75
PTHR10648	7127.38	6854.35	759.0	94.71	140.04
PTHR30178	2909.4	2772.96	1235.0	259.11	383.08
PTHR10641	22204.95	21477.0	273.0	48.03	70.97
PTHR19842	998.41	952.95	17.0	4.73	7.0
PTHR10644	14295.0	13794.46	481.0	68.18	100.78
PTHR12864	3690.0	3507.97	121.0	32.41	47.91
PTHR12860	2644.0	2507.49	118.0	29.82	44.07
PTHR13194	3011.31	2829.3	20.0	7.8	11.54
PTHR13190	1531.55	1440.54	15.0	5.57	8.23
PTHR13193	771.0	725.49	21.0	7.7	11.38
PTHR11913	1976.0	1884.98	823.0	242.66	358.77
PTHR11911	8524.73	8206.31	1968.0	433.26	640.54
PTHR11910	2114.1	2023.09	529.0	139.14	205.71
PTHR10871	4406.0	4178.47	4029.13	1709.35	2527.2
PTHR12919	886.55	841.04	33.0	10.42	15.41
PTHR12910	792.0	746.49	102.0	36.32	53.7
PTHR12917	3933.16	3796.64	240.0	49.77	73.58
PTHR11351	2566.0	2475.04	247.0	37.01	54.71
PTHR11353	36991.0	36080.8	1978.02	278.53	411.8
PTHR11599	24421.0	23328.82	2457.06	542.85	802.57
PTHR10516	24388.02	23432.48	1788.05	405.29	599.18
PTHR11592	5611.5	5383.96	717.96	153.55	227.01
PTHR31724	3213.23	3076.71	101.39	26.68	39.45
PTHR13734	3869.76	3733.31	110.92	15.9	23.52
PTHR31098	5079.0	4942.48	170.0	22.35	33.04
PTHR31620	7199.0	6971.45	305.0	51.48	76.1
PTHR23315	76551.4	74549.25	4192.36	596.88	882.43
PTHR23316	6466.0	6283.96	757.2	77.45	114.5
PTHR11778	3085.0	2993.98	94.0	16.63	24.58
PTHR11777	10023.67	9841.64	325.0	37.79	55.87
PTHR11774	4935.0	4707.5	39.0	12.82	18.96
PTHR11773	5297.46	5069.95	177.99	44.38	65.6
PTHR11772	10550.91	10277.85	4457.84	748.28	1106.27
PTHR10357	41611.3	40655.62	3090.99	320.31	473.52
PTHR10353	15004.66	14368.25	388.0	72.47	107.16
PTHR10350	3802.0	3574.55	77.0	26.14	38.64
PTHR10351	1597.55	1506.53	617.0	186.13	275.18
PTHR32557	2087.0	2041.49	126.0	16.32	24.13
PTHR10359	6611.31	6338.44	64.0	12.61	18.65
PTHR31750	1570.0	1524.49	18.0	3.13	4.62
PTHR14189	1419.0	1328.13	130.02	39.38	58.23
PTHR32228	1481.0	1435.49	7.0	1.29	1.91
PTHR31245	1442.69	1351.68	95.0	36.42	53.86
PTHR23001	4515.54	4333.51	1338.0	179.86	265.92
PTHR23002	3623.91	3441.89	172.0	32.94	48.71
PTHR11177	4410.47	4273.94	57.0	11.22	16.59
PTHR10445	1318.0	1272.49	50.0	10.41	15.39
PTHR11178	3837.92	3655.92	182.76	38.99	57.64
PTHR14456	1590.0	1499.04	12.0	5.11	7.55
PTHR31808	1958.0	1866.98	297.0	84.03	124.23
PTHR31803	4519.07	4382.54	390.0	62.79	92.83
PTHR11009	3380.0	3288.98	84.0	14.11	20.87
PTHR30075	3842.0	3750.98	18.0	2.79	4.12
PTHR19229	18149.89	17422.07	1051.0	182.0	269.06
PTHR14255	5903.62	5767.1	46.0	8.11	11.98
PTHR11482	8494.66	8358.13	5581.68	404.53	598.08
PTHR11005	9543.74	9179.72	558.0	132.57	196.01
PTHR11006	9284.83	9011.78	272.0	52.4	77.47
PTHR18640	2322.0	2185.57	4.0	1.63	2.4
PTHR18866	14035.54	13626.13	685.0	119.59	176.79
PTHR12022	831.0	785.49	122.0	41.27	61.01
PTHR15074	4509.0	4417.98	521.0	72.63	107.37
PTHR15588	2447.05	2310.54	83.0	25.35	37.48
PTHR12677	7251.94	6978.88	268.0	50.83	75.14
PTHR19134	4153.21	4062.19	112.0	14.56	21.53
PTHR19139	1957.0	1866.0	19.0	3.47	5.13
PTHR30566	2840.0	2748.98	38.0	8.65	12.8
PTHR12456	1130.0	1084.49	13.0	3.18	4.7
PTHR12452	832.0	786.49	42.0	14.19	20.98
PTHR13343	5773.0	5545.45	114.0	26.94	39.84
PTHR19359	2583.42	2401.45	123.0	31.19	46.11
PTHR12072	3112.56	2976.05	49.0	14.46	21.37
PTHR13218	575.0	529.5	10.0	5.04	7.45
PTHR13215	1444.03	1398.53	211.0	39.95	59.06
PTHR13213	3133.04	2951.01	8.0	2.4	3.55
PTHR21530	4121.0	4029.98	126.0	15.55	22.98
PTHR12295	7937.0	7754.96	189.0	29.45	43.55
PTHR12298	3187.32	2959.83	30.0	12.36	18.27
PTHR10638	5205.0	5113.98	588.0	59.89	88.54
PTHR10634	3453.0	3316.48	1037.0	201.65	298.14
PTHR10631	4496.11	4314.1	89.0	18.12	26.79
PTHR10984	8626.51	8217.02	160.0	43.64	64.5
PTHR12858	4115.0	3978.47	40.0	8.15	12.05
PTHR13505	1413.65	1322.76	64.0	16.08	23.78
PTHR12850	1703.0	1566.55	2206.0	1416.18	2093.74
PTHR12856	2466.0	2374.98	20.0	4.49	6.64
PTHR12855	630.0	584.5	6.0	2.73	4.04
PTHR12854	586.0	540.5	6.0	2.96	4.38
PTHR13182	2755.42	2618.95	299.0	43.93	64.95
PTHR10182	2845.45	2754.43	568.03	117.91	174.33
PTHR10743	3017.0	2880.47	67.0	15.02	22.2
PTHR10742	21724.13	21087.03	526.01	79.27	117.2
PTHR10745	2931.0	2839.99	191.0	21.2	31.35
PTHR10744	4213.85	3986.31	4250.07	1538.13	2274.06
PTHR10746	3079.0	2987.98	274.0	56.77	83.92
PTHR12924	1393.0	1347.49	118.0	23.19	34.29
PTHR11659	2056.0	2010.49	103.0	13.55	20.03
PTHR11525	1249.53	1204.02	27.0	5.94	8.78
PTHR11349	5034.0	4715.5	328.0	185.68	274.52
PTHR10566	37481.87	36344.5	1044.0	168.88	249.64
PTHR10293	5586.0	5267.51	465.0	148.17	219.05
PTHR10291	1907.0	1861.49	35.0	4.97	7.35
PTHR11584	8677.7	8495.66	504.0	53.21	78.68
PTHR11586	1144.0	1098.49	64.0	15.45	22.84
PTHR11918	6348.0	6211.47	94.0	11.73	17.34
PTHR11909	10064.86	9700.81	1378.0	229.54	339.36
PTHR24320	7290.0	6971.45	93.0	24.56	36.32
PTHR24322	25932.78	24977.21	694.67	126.25	186.67
PTHR11907	2195.0	2149.49	88.0	10.82	16.0
PTHR11760	1844.0	1752.99	1733.0	789.7	1167.53
PTHR11761	1004.0	913.01	4118.0	2197.44	3248.79
PTHR11766	1859.0	1813.49	159.0	23.19	34.28
PTHR11767	10157.86	9884.82	216.94	28.99	42.87
PTHR10361	9955.24	9682.2	255.0	38.7	57.2
PTHR10366	40788.28	39468.65	7654.9	1332.03	1969.34
PTHR10169	9755.6	9528.06	177.0	22.79	33.69
PTHR32442	2058.0	2012.49	173.0	22.73	33.6
PTHR20973	1523.0	1477.49	22.0	3.94	5.83
PTHR10165	4130.76	3994.24	371.0	62.45	92.31
PTHR31032	3420.0	3328.98	205.0	32.61	48.21
PTHR23257	42589.99	41180.02	1723.01	272.63	403.06
PTHR23253	6696.0	6286.5	367.0	113.83	168.3
PTHR14190	3107.0	3061.49	99.0	8.54	12.63
PTHR14194	9533.41	9214.87	363.0	65.06	96.2
PTHR31251	7521.0	7384.47	154.27	16.5	24.39
PTHR23074	18537.01	18127.48	1115.0	151.16	223.49
PTHR23077	17520.66	16974.55	1699.28	289.47	428.0
PTHR23076	35129.95	34083.3	2877.0	439.64	649.98
PTHR23073	14069.0	13522.95	1823.8	318.33	470.63
PTHR12560	4271.0	4134.47	54.0	7.93	11.73
PTHR23078	3789.77	3653.24	204.65	24.02	35.52
PTHR11165	2087.0	1995.98	635.03	167.79	248.06
PTHR32100	7536.99	7218.44	293.0	49.81	73.65
PTHR14534	1493.67	1448.16	35.0	6.4	9.46
PTHR14445	2498.0	2407.02	22.0	4.73	6.98
PTHR23109	4376.0	4239.47	54.0	11.14	16.48
PTHR23102	4607.18	4470.66	149.0	25.19	37.24
PTHR23105	12147.52	11555.97	8467.84	3090.63	4569.34
PTHR11010	6125.0	5852.14	94.0	11.52	17.03
PTHR11014	10354.35	10126.8	431.0	49.27	72.85
PTHR14152	2119.0	2027.99	22.0	3.88	5.74
PTHR12668	3326.0	3189.47	158.0	40.37	59.69
PTHR12661	1306.3	1260.79	34.0	7.14	10.56
PTHR12663	6349.04	6121.53	94.21	22.1	32.67
PTHR12664	1370.0	1324.49	28.05	5.61	8.29
PTHR16166	30316.17	29861.18	788.97	63.21	93.46
PTHR12111	3234.79	3143.77	114.0	19.72	29.14
PTHR12446	2750.7	2614.17	37.0	10.94	16.18
PTHR12447	2104.0	2012.98	66.0	17.25	25.5
PTHR15481	676.0	630.49	0.0	0.0	0.0
PTHR26379	2125.0	2079.49	163.0	20.72	30.64
PTHR12599	2566.68	2475.66	163.0	34.94	51.66
PTHR12596	7108.25	6926.22	220.0	25.16	37.19
PTHR12590	1537.0	1445.99	22.0	7.96	11.76
PTHR12066	1487.46	1305.78	12.0	10.22	15.1
PTHR12064	3300.0	3163.48	24.0	6.23	9.2
PTHR13226	1266.96	1221.45	42.0	9.11	13.47
PTHR13889	5937.26	5709.75	125.0	35.22	52.07
PTHR13887	2505.19	2368.82	86.0	22.79	33.69
PTHR21181	2169.0	2077.98	79.0	22.92	33.87
PTHR13948	2272.78	2136.32	28.0	12.96	19.17
PTHR10459	6998.0	6679.47	106.0	16.69	24.67
PTHR12146	2030.0	1893.49	1513.87	784.58	1159.96
PTHR10458	2668.42	2577.4	86.0	17.84	26.38
PTHR19306	5817.64	5726.64	93.0	9.16	13.55
PTHR21506	2890.0	2844.49	62.0	5.76	8.51
PTHR12280	4615.0	4387.58	216.01	51.49	76.12
PTHR12281	3091.0	2909.0	260.0	50.77	75.05
PTHR12286	4051.0	3914.56	176.0	24.71	36.53
PTHR30573	3005.0	2913.98	67.0	12.1	17.88
PTHR22983	5468.97	5332.49	24.0	1.42	2.11
PTHR22981	10319.1	10091.56	1506.9	144.63	213.83
PTHR10947	3170.0	3078.98	98.0	11.79	17.43
PTHR30191	5153.16	4925.74	538.0	87.26	129.0
PTHR13082	731.0	685.49	42.09	16.33	24.15
PTHR10629	11019.0	10700.45	47.0	8.4	12.42
PTHR10994	46814.56	45358.42	1841.01	324.46	479.74
PTHR10996	11579.97	11215.92	407.0	54.41	80.44
PTHR10625	13104.64	12695.09	232.0	40.46	59.81
PTHR10992	54428.74	52699.48	5908.45	947.53	1400.92
PTHR10993	1780.86	1689.86	48.0	10.54	15.59
PTHR17695	4723.0	4404.64	23.0	7.09	10.48
PTHR12848	5778.0	5686.98	61.0	5.75	8.49
PTHR12849	2541.57	2450.58	36.0	4.61	6.81
PTHR21712	1361.0	1315.49	18.0	3.62	5.36
PTHR12847	6143.47	5915.93	322.41	66.77	98.71
PTHR12841	993.0	947.49	37.0	10.36	15.32
PTHR21290	1745.0	1699.49	7.0	1.09	1.61
PTHR21349	1424.0	1378.49	27.0	5.19	7.67
PTHR21347	2620.77	2529.76	124.0	16.56	24.48
PTHR21343	2324.0	2278.49	34.0	3.94	5.83
PTHR10196	7806.0	7623.96	329.0	36.31	53.7
PTHR10192	1837.0	1700.51	11.0	5.03	7.44
PTHR10751	12318.5	11999.95	275.0	36.27	53.62
PTHR10755	2605.0	2513.98	138.0	22.52	33.29
PTHR10758	4002.0	3865.48	359.0	72.45	107.11
PTHR10759	1840.0	1703.5	526.0	189.11	279.59
PTHR12932	1487.71	1442.2	475.81	87.34	129.13
PTHR12934	2091.6	2000.6	482.0	114.4	169.15
PTHR11451	10466.81	10239.3	482.89	61.13	90.38
PTHR10288	6346.65	5937.41	367.0	112.07	165.7
PTHR11800	2787.9	2696.89	134.41	26.64	39.37
PTHR11802	12732.0	12185.92	520.22	81.5	120.49
PTHR11804	10050.0	9822.45	395.0	61.76	91.29
PTHR11807	5728.67	5592.15	70.0	9.98	14.75
PTHR11374	3423.99	3332.97	1058.0	148.32	219.28
PTHR11808	6193.44	5920.65	166.0	26.28	38.85
PTHR10283	13358.18	12994.11	197.02	26.41	39.03
PTHR10285	16858.52	16312.41	1708.32	460.68	681.11
PTHR10286	32465.48	31782.85	612.0	100.54	148.65
PTHR11579	1844.0	1798.49	224.0	32.94	48.7
PTHR13355	4021.28	3884.75	108.0	18.97	28.05
PTHR13718	5858.88	5540.43	3954.34	1440.99	2130.44
PTHR13711	7510.47	7237.49	75.0	14.24	21.05
PTHR13710	17920.2	17374.13	91.0	17.95	26.55
PTHR11977	5345.0	5253.98	388.12	27.57	40.75
PTHR22970	885.0	794.04	1.0	0.79	1.17
PTHR11972	5036.83	4764.0	920.15	139.11	205.67
PTHR31480	1828.0	1782.49	5.0	0.74	1.1
PTHR31485	13802.68	13438.62	433.0	61.49	90.94
PTHR11715	936.0	890.49	124.0	36.96	54.65
PTHR11717	3605.16	3468.64	193.0	43.39	64.15
PTHR11711	14478.69	13887.09	3163.0	767.1	1134.12
PTHR11712	7682.39	7454.85	216.0	30.53	45.14
PTHR10374	5496.79	5314.75	620.0	100.19	148.12
PTHR10178	2012.59	1921.64	6.0	1.0	1.47
PTHR20961	42751.07	41431.48	952.97	175.47	259.42
PTHR10173	6517.54	6198.99	775.0	223.25	330.07
PTHR10177	9219.44	8991.9	176.0	22.3	32.99
PTHR10174	14255.24	13754.7	617.06	134.17	198.37
PTHR23249	1542.0	1450.99	45.0	18.58	27.46
PTHR23244	17217.95	16626.43	337.0	52.61	77.77
PTHR23245	3719.0	3491.55	22.0	10.08	14.9
PTHR23240	3192.0	3055.47	6.0	1.49	2.19
PTHR14614	5052.26	4824.71	38.0	9.52	14.08
PTHR31268	3191.0	3145.49	504.95	42.39	62.68
PTHR31262	1639.62	1548.6	8373.79	2815.39	4162.42
PTHR23063	1995.0	1949.49	192.94	26.17	38.69
PTHR11620	793.08	747.58	326.0	115.91	171.37
PTHR11624	12049.41	11594.44	1649.01	258.42	382.06
PTHR11627	6989.95	6717.0	2572.97	1019.92	1507.9
PTHR11390	7280.02	7006.96	84.0	18.73	27.7
PTHR14052	1334.26	1288.75	28.0	5.75	8.51
PTHR32118	1994.0	1948.49	647.66	87.89	129.95
PTHR23117	4651.0	4469.0	148.0	22.12	32.71
PTHR23115	53955.45	52453.81	69926.17	12900.3	19072.46
PTHR11028	1444.53	1399.02	283.0	53.56	79.18
PTHR11024	2972.89	2881.87	266.0	49.99	73.92
PTHR15081	1821.22	1730.2	25.0	8.43	12.47
PTHR12616	1686.0	1640.5	26.0	4.19	6.2
PTHR12613	2047.0	2001.49	62.1	8.2	12.13
PTHR12612	1255.0	1163.99	193.05	78.13	115.52
PTHR32060	4885.59	4794.57	369.0	40.48	59.84
PTHR12126	3741.0	3604.47	364.0	62.16	91.9
PTHR12124	8097.52	7824.49	147.0	22.24	32.86
PTHR22734	3855.86	3673.85	57.0	10.45	15.46
PTHR12121	11187.47	10869.01	358.0	53.75	79.47
PTHR12438	1875.0	1783.98	48.0	14.74	21.8
PTHR15492	304.0	258.64	1.0	1.04	1.54
PTHR21426	3195.0	3149.49	75.15	6.3	9.32
PTHR21427	1918.0	1872.49	78.0	11.02	16.29
PTHR19372	3236.0	3145.0	61.0	5.93	8.76
PTHR19370	10531.23	10167.38	484.93	79.58	117.67
PTHR19376	15026.0	14434.43	421.01	67.13	99.21
PTHR19375	24189.31	23279.46	3037.34	541.59	800.72
PTHR12725	4148.62	4012.09	203.58	43.78	64.72
PTHR13890	11202.3	10747.31	318.0	75.88	112.17
PTHR22883	13703.31	13248.22	595.93	101.51	150.08
PTHR22880	4011.2	3829.21	340.0	74.23	109.74
PTHR12542	26340.98	25658.33	1331.0	184.91	273.39
PTHR12547	2309.09	2172.59	32.0	10.17	15.02
PTHR12436	2931.0	2749.02	28.0	9.17	13.55
PTHR10114	1704.0	1567.56	384.0	133.33	197.12
PTHR21512	2277.59	2232.08	89.0	10.54	15.58
PTHR30508	4172.39	4081.37	601.94	78.52	116.1
PTHR14744	1513.55	1468.05	50.0	9.02	13.33
PTHR30502	1941.0	1895.49	11.0	1.53	2.27
PTHR10617	9371.3	9007.36	855.02	204.34	302.11
PTHR10615	3820.0	3683.56	65.96	8.98	13.27
PTHR13527	1192.0	1146.49	13.0	3.01	4.44
PTHR22958	1941.59	1850.59	107.0	19.47	28.78
PTHR22951	4429.0	4337.98	300.42	36.35	53.75
PTHR22950	22032.78	21486.75	793.74	99.92	147.75
PTHR22953	9741.01	9331.5	153.0	21.74	32.13
PTHR22952	31366.15	30456.26	4462.05	665.36	983.73
PTHR22957	24375.39	23465.31	1294.75	221.99	328.27
PTHR21600	3270.0	3178.98	80.0	13.52	19.99
PTHR24056	19333.94	18742.43	1033.0	139.84	206.75
PTHR24054	1897.0	1805.98	113.0	27.68	40.92
PTHR24055	15770.83	15179.35	961.52	192.32	284.3
PTHR24058	6817.58	6726.56	424.0	31.72	46.9
PTHR10766	21783.39	21009.75	2609.99	416.56	615.87
PTHR10762	3492.0	3355.48	100.0	14.88	22.01
PTHR30031	4823.52	4687.0	8552.78	1360.91	2012.03
PTHR12945	1957.0	1865.99	15.0	4.36	6.44
PTHR12944	1669.31	1578.32	32.0	9.6	14.19
PTHR24128	3645.09	3508.57	174.0	31.92	47.19
PTHR13096	3108.0	3016.98	37.0	5.55	8.2
PTHR11364	1678.0	1632.49	107.0	17.34	25.64
PTHR11365	4245.0	4153.98	381.0	51.07	75.52
PTHR10548	5705.21	5386.74	142.14	45.25	66.9
PTHR11817	13936.17	13617.61	1372.9	171.89	254.12
PTHR11814	12311.14	11901.78	511.44	128.93	190.61
PTHR11363	1887.8	1842.29	895.0	128.49	189.96
PTHR10543	4775.0	4683.98	110.0	12.44	18.39
PTHR11819	5900.98	5764.46	268.0	41.77	61.75
PTHR13931	2625.28	2534.41	64.0	7.43	10.99
PTHR10544	1515.0	1423.99	257.01	73.06	108.02
PTHR11562	9295.09	9022.03	368.0	61.11	90.34
PTHR11566	17415.93	17097.38	1382.0	150.13	221.95
PTHR11567	2924.0	2787.48	98.0	24.08	35.59
PTHR11564	8498.0	8224.97	650.0	106.75	157.83
PTHR11962	3283.51	3192.49	97.0	16.96	25.07
PTHR11963	1740.16	1694.66	115.01	17.95	26.54
PTHR24315	1395.85	1350.34	255.0	50.01	73.93
PTHR10381	11563.73	11154.17	2092.0	426.07	629.93
PTHR10383	3238.86	3147.84	511.03	98.64	145.83
PTHR11932	11305.62	11078.07	796.98	93.02	137.52
PTHR11702	13008.89	12508.46	295.0	59.03	87.27
PTHR11700	2332.0	2195.48	1512.0	689.38	1019.22
PTHR10388	1585.46	1494.44	1624.95	489.12	723.14
PTHR11709	29591.35	28863.28	1364.0	132.89	196.48
PTHR11070	10740.72	10513.18	225.0	29.04	42.93
PTHR10145	3639.0	3547.99	131.0	21.11	31.23
PTHR23273	2217.0	2125.98	41.0	9.92	14.68
PTHR23163	3178.0	3132.49	320.0	26.98	39.89
PTHR23050	2272.0	2090.04	1698.77	476.25	704.11
PTHR23056	2573.7	2482.68	401.99	89.15	131.81
PTHR23054	10025.0	9660.92	408.0	91.42	135.17
PTHR11638	17262.5	16761.92	2884.0	367.89	543.92
PTHR31783	5216.0	5170.49	245.75	12.54	18.54
PTHR11632	6028.23	5891.7	698.0	92.76	137.16
PTHR11630	18157.63	17520.66	309.0	57.37	84.83
PTHR11140	8986.07	8622.29	740.0	71.05	105.03
PTHR11141	8912.65	8730.63	207.0	19.67	29.09
PTHR11142	9609.97	9200.53	72.0	14.8	21.85
PTHR11143	2362.0	2225.48	1309.0	451.19	667.07
PTHR11380	520.0	474.5	23.0	12.94	19.14
PTHR11384	13555.43	13009.6	474.0	87.34	129.13
PTHR32477	4214.0	4168.49	111.66	7.07	10.45
PTHR14043	5835.0	5516.59	120.0	37.44	55.37
PTHR32472	1097.0	1051.49	0.0	0.0	0.0
PTHR31658	3976.0	3839.47	50.0	10.02	14.82
PTHR22884	35877.7	34603.62	437.0	86.98	128.56
PTHR23125	54309.08	53034.98	4444.08	568.68	840.76
PTHR12050	897.08	851.58	112.0	34.92	51.63
PTHR19211	31256.83	30028.66	34891.87	2628.69	3886.35
PTHR12608	6097.16	5869.7	222.0	39.15	57.87
PTHR12604	2847.0	2710.5	18.0	7.3	10.79
PTHR12603	6913.96	6822.94	422.0	30.84	45.6
PTHR32091	2628.0	2491.48	100.0	30.85	45.61
PTHR32098	1728.0	1682.49	45.0	7.08	10.46
PTHR18763	936.0	890.49	7.0	2.09	3.09
PTHR22726	955.0	909.49	16.0	4.67	6.9
PTHR22727	8115.0	8023.98	276.57	17.57	25.97
PTHR12428	4611.17	4474.64	126.0	23.97	35.43
PTHR18968	9579.49	9215.52	1191.01	182.15	269.28
PTHR12735	2530.83	2394.3	285.97	90.64	134.0
PTHR15020	4281.0	4144.47	532.0	111.51	164.86
PTHR12049	2789.42	2652.9	31.0	9.63	14.23
PTHR12558	7896.05	7623.0	119.0	25.17	37.22
PTHR12553	12745.71	12336.13	297.0	46.41	68.61
PTHR24072	4834.07	4606.55	844.0	182.21	269.39
PTHR10496	1927.0	1790.5	712.63	296.2	437.92
PTHR21569	5641.0	5367.96	1542.0	539.63	797.82
PTHR21567	6104.0	6012.98	63.0	12.06	17.84
PTHR13950	1367.0	1275.99	24.0	9.71	14.35
PTHR12133	1311.0	1265.49	14.0	2.93	4.33
PTHR10972	6175.76	6039.25	294.0	34.73	51.35
PTHR21704	5626.48	5580.97	133.12	6.29	9.3
PTHR10606	5553.0	5416.48	65.0	9.48	14.02
PTHR10971	3400.0	3263.47	118.0	27.72	40.98
PTHR22942	10207.47	9843.46	735.96	131.79	194.86
PTHR13395	1715.0	1669.49	6.0	0.95	1.41
PTHR22891	13476.71	13067.21	403.09	78.87	116.64
PTHR21368	2025.0	1933.98	282.0	75.33	111.38
PTHR24067	27645.19	26462.05	2563.04	571.6	845.08
PTHR24064	11397.0	10987.44	199.0	37.96	56.11
PTHR24063	22448.69	21493.42	394.0	74.48	110.13
PTHR21011	2936.0	2799.47	304.0	90.01	133.08
PTHR10772	3181.0	2998.98	374.0	111.35	164.64
PTHR10774	40286.81	38876.04	3393.53	651.28	962.86
PTHR24068	3582.0	3354.54	333.0	89.4	132.17
PTHR19980	1359.0	1313.49	7.0	1.41	2.09
PTHR12959	1105.02	1059.52	45.07	11.28	16.67
PTHR24115	30668.08	29758.24	429.0	60.72	89.77
PTHR10961	1541.67	1496.16	25.0	4.42	6.54
PTHR11825	13518.88	13063.8	730.16	166.29	245.85
PTHR10809	1509.0	1463.49	196.0	35.45	52.42
PTHR11822	3967.0	3830.47	75.0	11.0	16.26
PTHR10555	4137.0	4000.47	115.0	22.95	33.91
PTHR10806	467.0	421.51	32.0	20.3	30.02
PTHR10804	18668.55	17895.44	1004.0	183.51	271.34
PTHR11556	6000.32	5818.28	1097.83	191.93	283.76
PTHR22838	2587.0	2495.98	114.0	24.02	35.51
PTHR11558	3441.0	3349.98	106.0	16.88	24.95
PTHR13773	1677.0	1585.99	65.0	22.03	32.57
PTHR11953	3393.58	3257.05	140.98	33.35	49.3
PTHR11956	3977.0	3749.64	96.99	17.88	26.42
PTHR11959	3823.0	3731.98	803.0	113.01	167.09
PTHR11739	3709.0	3617.98	1020.0	125.55	185.62
PTHR11732	21782.04	21008.4	1949.13	437.52	646.85
PTHR11731	11524.18	11296.64	674.34	83.59	123.59
PTHR11730	7446.0	7309.47	694.0	73.81	109.12
PTHR11735	3654.92	3563.9	40.0	5.93	8.77
PTHR10394	2880.91	2699.03	1154.34	467.89	691.77
PTHR20941	3390.0	3253.47	34.0	8.34	12.34
PTHR10150	2458.81	2367.8	14.0	3.17	4.68
PTHR31065	5583.35	5446.83	385.0	60.32	89.19
PTHR10159	21501.47	20546.16	1664.0	306.47	453.07
PTHR31066	2723.35	2677.84	34.0	3.35	4.96
PTHR13604	892.51	847.03	53.0	16.61	24.56
PTHR23264	6382.85	6109.88	180.0	34.03	50.3
PTHR23269	1661.0	1569.99	33.0	11.49	16.99
PTHR31204	845.0	799.49	7.0	2.33	3.44
PTHR31201	4628.15	4537.14	650.0	76.67	113.35
PTHR31209	1813.59	1768.08	95.06	14.22	21.03
PTHR11607	12838.07	12474.15	246.89	33.54	49.6
PTHR11606	1705.0	1659.49	643.0	102.52	151.57
PTHR11601	4883.0	4746.47	250.73	37.17	54.96
PTHR32467	673.0	627.49	0.0	0.0	0.0
PTHR31840	975.79	930.28	19.0	5.42	8.01
PTHR23130	19545.34	18908.31	1062.03	151.49	223.98
PTHR23133	1283.0	1237.49	43.03	9.21	13.62
PTHR23135	7536.59	7172.65	87.0	25.04	37.01
PTHR23138	3943.0	3806.47	404.08	85.55	126.48
PTHR23139	6163.55	5845.05	233.04	60.74	89.81
PTHR31682	2590.33	2499.33	95.0	18.27	27.02
PTHR11040	7876.0	7557.47	565.0	99.5	147.1
PTHR11043	2700.3	2563.78	190.0	52.55	77.7
PTHR11048	5096.24	4823.41	243.97	37.25	55.07
PTHR14005	6415.66	6279.16	551.12	92.42	136.63
PTHR15818	2358.0	2267.01	9.0	1.27	1.87
PTHR12636	1194.0	1148.49	13.0	3.0	4.44
PTHR14490	583.0	537.5	5.0	2.48	3.67
PTHR14493	24940.5	24121.53	686.0	96.94	143.32
PTHR15651	2649.0	2557.98	51.0	10.02	14.81
PTHR12380	3432.16	3250.2	274.0	72.93	107.83
PTHR12385	1725.0	1679.49	14.0	2.21	3.26
PTHR12706	1677.0	1540.53	0.0	0.0	0.0
PTHR12709	2190.0	2098.98	40.0	9.89	14.62
PTHR19957	15519.46	15064.44	1401.97	251.63	372.04
PTHR30239	2088.0	2042.49	125.0	16.18	23.92
PTHR11751	24977.24	24340.11	2943.0	424.84	628.1
PTHR12097	4389.0	4343.49	184.0	11.18	16.53
PTHR11752	36940.57	35711.98	644.0	110.45	163.3
PTHR21576	18994.71	18403.11	301.0	50.95	75.34
PTHR10046	4551.0	4323.5	136.0	36.13	53.4
PTHR12419	6982.65	6709.76	289.0	70.8	104.66
PTHR11757	1182.0	1091.02	2.0	1.46	2.16
PTHR30525	1857.0	1811.49	149.0	21.76	32.16
PTHR12413	2763.0	2671.98	26.0	5.11	7.56
PTHR12412	2307.65	2216.63	62.0	15.92	23.53
PTHR12411	108973.91	105834.56	10600.37	1435.78	2122.69
PTHR24420	815195.67	790221.8	34877.66	4957.09	7328.72
PTHR12415	2084.0	1902.19	11.0	6.56	9.71
PTHR21717	980.0	889.0	5.0	3.01	4.45
PTHR10943	8187.0	7868.88	625.0	88.27	130.51
PTHR12897	2322.04	2185.64	37.0	12.23	18.08
PTHR12894	4915.1	4687.58	116.0	29.78	44.03
PTHR12891	3140.0	3048.98	8.0	1.77	2.6
PTHR22976	8942.23	8669.18	499.0	89.91	132.91
PTHR22975	2623.41	2532.41	145.0	31.28	46.25
PTHR21377	2689.0	2552.5	268.0	68.77	101.67
PTHR21371	2810.0	2673.47	2129.3	801.55	1185.05
PTHR21373	2815.0	2769.49	19.0	1.81	2.68
PTHR22573	9665.66	9438.12	473.0	58.14	85.94
PTHR22572	16915.07	16278.07	1880.0	383.22	566.57
PTHR13060	1279.0	1233.49	9.0	1.93	2.86
PTHR21000	2341.0	2249.98	159.0	35.72	52.81
PTHR10701	2709.0	2617.98	60.0	12.24	18.09
PTHR13161	1349.76	1258.77	32.0	13.09	19.36
PTHR13162	8060.24	7787.31	422.0	70.47	104.2
PTHR13165	1364.0	1318.49	34.0	6.83	10.1
PTHR21396	1771.0	1679.98	93.0	35.98	53.2
PTHR12965	4174.25	4128.74	288.0	18.41	27.22
PTHR12459	3932.0	3795.47	64.0	11.93	17.64
PTHR10681	4172.77	3990.76	466.0	95.75	141.54
PTHR24106	3870.0	3733.49	83.03	13.16	19.46
PTHR24103	1471.58	1380.57	6.0	2.4	3.55
PTHR11540	4587.53	4360.07	276.17	82.83	122.46
PTHR10836	7564.82	7201.31	7930.57	6662.92	9850.79
PTHR10835	2526.0	2480.49	108.0	11.5	17.01
PTHR11545	4425.0	4197.47	826.81	239.82	354.54
PTHR10012	2019.0	1927.99	47.0	11.33	16.76
PTHR13768	2102.0	2011.01	217.0	35.48	52.45
PTHR24078	26348.41	25483.79	565.0	95.59	141.3
PTHR11946	29593.5	28637.96	781.75	119.51	176.69
PTHR11947	4329.0	4192.47	120.0	20.94	30.96
PTHR11941	8403.97	8130.92	354.0	62.13	91.84
PTHR10497	1884.71	1748.24	21579.18	16643.41	24606.46
PTHR24073	31051.8	29868.64	3942.67	808.5	1195.32
PTHR10491	1645.0	1599.49	10.0	1.65	2.45
PTHR24076	25411.08	24546.52	3020.82	493.36	729.44
PTHR24077	13173.55	12627.45	275.0	70.42	104.12
PTHR11728	4606.0	4514.98	117.0	13.84	20.46
PTHR11726	2573.0	2391.07	2491.83	1567.88	2318.03
PTHR11727	2510.6	2374.15	63.0	16.14	23.85
PTHR11721	1935.0	1798.5	1701.04	969.19	1432.91
PTHR11722	2642.0	2505.47	1411.87	531.5	785.8
PTHR10120	3887.0	3795.98	320.0	44.78	66.21
PTHR10122	1352.17	1261.2	354.02	159.16	235.3
PTHR11831	3376.0	3193.97	8349.55	3738.82	5527.66
PTHR11835	5051.08	4914.56	225.0	37.98	56.15
PTHR11614	8120.7	7893.16	1017.0	154.3	228.12
PTHR11615	6120.0	5892.59	418.0	49.11	72.6
PTHR11618	2286.32	2149.83	13.0	4.18	6.18
PTHR14140	2240.0	2194.49	24.0	2.89	4.27
PTHR32419	3181.0	3089.98	160.0	28.06	41.49
PTHR10231	5517.47	5244.49	283.17	77.58	114.7
PTHR10233	4912.0	4775.47	150.99	24.9	36.81
PTHR20922	3577.21	3440.68	561.95	100.3	148.29
PTHR31503	3395.0	3303.98	160.96	25.54	37.76
PTHR23147	2917.46	2826.44	154.0	26.28	38.86
PTHR23140	3882.04	3836.54	90.0	6.19	9.16
PTHR23142	4179.41	4088.4	117.0	23.24	34.36
PTHR23149	1314.0	1268.49	14.0	2.92	4.32
PTHR23148	1671.33	1580.34	192.0	46.19	68.29
PTHR11361	26887.03	25931.55	429.0	78.99	116.74
PTHR11056	3311.0	3219.98	670.0	77.48	114.55
PTHR11055	4102.0	4010.98	252.0	34.25	50.64
PTHR32523	2845.0	2753.98	59.0	11.39	16.83
PTHR31695	3055.0	3009.49	196.0	17.2	25.43
PTHR10540	4787.2	4605.16	351.0	71.39	105.55
PTHR12629	1354.0	1308.49	143.0	28.95	42.79
PTHR18945	25186.74	24322.34	480.0	83.41	123.3
PTHR26402	6561.2	6379.21	359.0	38.1	56.35
PTHR19384	13769.48	13268.93	1373.0	253.77	375.2
PTHR12714	5372.0	5189.96	250.0	53.95	79.78
PTHR32251	2470.33	2379.31	127.0	29.43	43.51
PTHR12570	3910.59	3819.57	165.0	23.47	34.7
PTHR21494	1595.64	1550.14	51.0	8.71	12.87
PTHR21496	3116.0	3024.98	50.0	8.41	12.43
PTHR21493	25387.34	24568.4	1054.0	151.0	223.24
PTHR21499	8881.0	8744.47	299.25	25.58	37.81
PTHR21148	2488.99	2397.98	94.0	20.89	30.88
PTHR12083	1721.61	1676.1	41.0	6.47	9.57
PTHR22904	39806.31	38395.73	1968.0	349.97	517.4
PTHR13976	1909.32	1818.31	125.0	38.29	56.61
PTHR19855	1362.07	1271.07	19.0	7.59	11.22
PTHR13353	1393.0	1347.49	43.0	8.45	12.49
PTHR16128	4133.0	4041.98	94.0	11.35	16.79
PTHR12400	1611.0	1519.98	5.0	1.7	2.51
PTHR12403	2068.0	1976.98	83.0	27.79	41.09
PTHR30314	3805.26	3714.24	291.0	49.0	72.44
PTHR12882	1014.66	969.15	23.0	6.3	9.31
PTHR12883	1721.7	1630.74	105.0	21.46	31.72
PTHR16255	1561.0	1515.49	18.0	3.14	4.65
PTHR16254	11344.07	11071.01	373.0	47.19	69.78
PTHR22960	2729.0	2637.99	25.0	9.62	14.24
PTHR13373	2748.0	2702.49	28.0	2.74	4.05
PTHR13375	2115.0	2069.49	21.0	2.68	3.97
PTHR22967	3388.0	3251.47	146.0	27.79	41.09
PTHR19858	3350.09	3213.56	45.0	10.61	15.68
PTHR30222	2505.61	2460.1	19.0	2.04	3.02
PTHR13115	3587.0	3405.05	39.0	7.97	11.79
PTHR13117	1934.0	1842.99	25.0	6.57	9.72
PTHR13285	342.0	296.58	0.0	0.0	0.0
PTHR13288	1892.0	1755.54	19.0	9.0	13.3
PTHR10953	16213.46	15712.92	676.96	117.83	174.19
PTHR10954	1968.8	1877.78	67.91	20.43	30.22
PTHR21726	4221.0	4084.47	115.0	24.62	36.4
PTHR10956	1449.0	1312.57	31344.39	27577.53	40772.01
PTHR11538	4423.0	4286.57	166.0	21.71	32.1
PTHR10826	1871.0	1779.98	51.0	15.55	22.99
PTHR11533	8221.19	8084.68	1150.0	101.64	150.27
PTHR11532	2839.0	2702.47	27.69	8.66	12.81
PTHR10000	5154.01	4971.98	442.01	107.49	158.92
PTHR13021	1265.0	1219.49	38.0	8.26	12.21
PTHR12290	1845.63	1754.61	52.0	15.65	23.14
PTHR11706	8933.55	8706.06	281.0	36.84	54.47
PTHR24007	3183.0	2955.59	44.0	17.05	25.2
PTHR24006	37205.15	36204.29	900.0	135.06	199.7
PTHR24003	21278.09	20641.06	1003.97	169.86	251.13
PTHR31446	2688.0	2551.47	125.0	39.1	57.8
PTHR31190	17252.96	16707.03	549.19	84.05	124.27
PTHR11441	1696.0	1650.49	5.0	0.8	1.19
PTHR11440	7800.0	7435.97	401.0	86.23	127.5
PTHR11999	6780.55	6644.03	4858.87	637.03	941.81
PTHR11998	7053.3	6825.91	411.0	58.91	87.1
PTHR11449	1936.0	1799.5	1644.12	956.52	1414.16
PTHR11994	2577.0	2440.47	6784.46	2758.85	4078.82
PTHR10133	9069.8	8751.25	154.0	32.54	48.13
PTHR13620	6246.88	5882.99	91.0	30.83	45.58
PTHR11705	1586.0	1540.49	11.0	1.89	2.79
PTHR11847	2008.63	1917.63	5122.0	2204.54	3259.3
PTHR11843	1657.54	1566.54	3376.91	1422.44	2103.0
PTHR13138	812.0	766.49	19.0	6.59	9.74
PTHR11661	3228.98	3046.95	1847.45	711.78	1052.33
PTHR11662	17114.62	16477.7	513.15	93.36	138.04
PTHR11669	4517.0	4334.97	88.0	19.8	29.28
PTHR11668	23622.66	22940.09	2937.64	437.96	647.48
PTHR20856	11583.18	11355.7	251.0	22.01	32.54
PTHR20854	11007.92	10689.37	406.0	71.83	106.2
PTHR20855	2667.0	2621.49	392.0	39.51	58.41
PTHR20852	10734.47	10234.0	11485.8	2029.25	3000.14
PTHR32404	4850.85	4714.43	149.0	27.42	40.55
PTHR20858	3918.0	3826.98	26.0	4.39	6.49
PTHR30603	4446.48	4355.46	528.0	65.66	97.07
PTHR14898	2876.52	2831.01	122.0	11.38	16.83
PTHR14237	4265.94	3947.47	51.0	21.99	32.52
PTHR14894	2447.0	2401.49	18.0	1.98	2.93
PTHR23155	241680.32	233263.61	3948.33	634.06	937.27
PTHR23153	3688.0	3596.98	84.0	12.14	17.95
PTHR23151	16038.42	15310.47	970.0	220.43	325.89
PTHR11063	2616.0	2570.49	1299.0	133.52	197.4
PTHR11062	69821.15	67910.36	1079.0	169.23	250.19
PTHR11061	8133.0	7768.98	139.0	28.7	42.41
PTHR11065	2367.89	2322.38	290.84	33.1	48.93
PTHR11064	2794.93	2658.4	295.0	73.61	108.83
PTHR11260	18210.98	17528.35	2403.68	506.25	748.47
PTHR11266	5517.0	5289.45	111.05	29.6	43.74
PTHR13501	2149.0	2058.01	29.0	4.57	6.76
PTHR31998	5674.0	5491.96	3339.14	361.75	534.85
PTHR31221	50233.23	48731.75	1099.01	189.59	280.29
PTHR22881	1534.13	1488.62	62.0	11.02	16.3
PTHR15838	725.0	634.12	4.0	3.34	4.94
PTHR22836	1758.0	1712.49	17.0	2.63	3.88
PTHR32338	1758.0	1712.49	106.0	16.38	24.21
PTHR23270	5012.0	4739.15	26.0	9.85	14.59
PTHR31407	4788.0	4605.96	134.0	29.16	43.1
PTHR12363	9150.33	8922.79	242.0	43.6	64.46
PTHR20932	4048.58	3957.57	112.07	14.76	21.82
PTHR18952	6244.67	6017.16	257.84	39.75	58.78
PTHR21213	1172.64	1127.13	78.0	18.34	27.12
PTHR12765	2480.0	2298.01	41.0	16.81	24.85
PTHR12505	3050.0	2958.98	115.0	20.62	30.49
PTHR22603	1324.0	1278.49	5.0	1.04	1.53
PTHR22604	10822.46	10367.37	336.0	82.71	122.26
PTHR21481	3733.21	3687.71	83.0	5.94	8.78
PTHR23029	13110.08	12700.54	348.06	69.15	102.23
PTHR22778	766.0	720.49	11.0	4.06	6.0
PTHR19446	7694.0	7511.99	13.0	0.72	1.07
PTHR12219	899.02	853.51	109.0	33.91	50.14
PTHR13561	6845.0	6662.96	51.0	8.09	11.97
PTHR13563	1451.0	1405.49	20.0	3.77	5.57
PTHR12210	19011.95	18465.83	632.03	105.52	156.03
PTHR12215	2706.0	2614.98	15.0	3.16	4.68
PTHR12214	2386.37	2340.86	26.0	2.94	4.34
PTHR22915	9992.0	9673.45	711.01	125.21	185.11
PTHR22911	9927.37	9654.31	733.0	100.2	148.14
PTHR22912	14823.45	14413.88	1633.0	243.25	359.64
PTHR12183	7140.97	6867.91	910.0	156.0	230.64
PTHR19849	2426.22	2335.21	71.0	15.21	22.47
PTHR22594	16985.0	16484.39	346.99	52.99	78.37
PTHR21152	5811.91	5629.87	300.01	48.2	71.26
PTHR12000	2817.0	2725.98	671.98	102.27	151.2
PTHR21021	1366.0	1320.49	35.0	7.02	10.38
PTHR13102	1448.0	1402.49	40.0	7.55	11.16
PTHR12984	6049.0	5957.98	715.0	61.6	91.08
PTHR23293	4913.77	4777.25	58.0	9.22	13.64
PTHR12302	3549.0	3503.49	417.0	31.43	46.46
PTHR13299	2114.0	2022.99	23.0	4.01	5.93
PTHR10925	3176.06	3039.79	29.0	5.63	8.33
PTHR21737	4375.53	4148.14	60.0	14.43	21.34
PTHR10920	8908.23	8680.69	202.0	26.8	39.63
PTHR10585	6122.13	5894.6	135.0	29.26	43.26
PTHR10584	16933.36	16387.26	829.0	127.21	188.08
PTHR11528	14486.22	14031.34	1878.66	253.99	375.52
PTHR11527	7469.79	7151.22	560.03	129.36	191.26
PTHR12169	1885.0	1839.49	1.0	0.14	0.21
PTHR10859	7339.0	7156.96	248.0	40.93	60.51
PTHR10589	2046.0	1954.98	135.0	35.79	52.91
PTHR10588	6050.7	5868.76	433.0	44.27	65.46
PTHR13038	3583.0	3491.98	49.0	7.29	10.77
PTHR13748	6585.11	6357.57	346.34	56.03	82.83
PTHR13743	19833.03	19241.42	634.33	106.07	156.8
PTHR24015	124138.22	120770.88	3767.42	543.48	803.59
PTHR24012	23952.05	22633.05	2917.22	739.17	1092.89
PTHR24011	36042.36	34541.04	1798.68	294.11	434.83
PTHR31187	3411.0	3274.47	256.0	58.68	86.74
PTHR21145	953.0	907.49	22.0	6.43	9.51
PTHR11453	4073.28	3936.81	39.0	13.29	19.65
PTHR10108	38593.64	37273.92	1248.0	238.61	352.77
PTHR11986	12446.0	11991.28	2566.7	437.47	646.77
PTHR11455	11080.34	10670.8	605.0	112.72	166.65
PTHR10102	4309.0	4081.51	52.0	10.49	15.52
PTHR11458	1824.0	1778.49	171.0	25.43	37.6
PTHR10106	1431.0	1385.49	82.0	15.67	23.17
PTHR30544	6863.24	6635.71	180.0	33.22	49.11
PTHR31057	2192.0	2055.48	30.0	11.59	17.13
PTHR30115	1043.0	997.49	176.0	46.8	69.19
PTHR11851	27617.35	26889.22	1764.04	221.67	327.73
PTHR23092	11707.0	11297.42	108.0	22.88	33.82
PTHR23091	15941.42	15304.3	355.0	76.84	113.61
PTHR11673	3183.0	3046.47	611.03	154.74	228.78
PTHR11670	7716.62	7489.1	2888.27	279.19	412.76
PTHR11671	1438.0	1392.49	169.74	32.28	47.72
PTHR20863	3841.4	3613.91	916.98	483.73	715.17
PTHR20861	3294.64	3203.62	135.0	22.04	32.58
PTHR11679	10058.59	9785.53	626.08	104.91	155.08
PTHR14009	7440.0	7303.47	343.0	31.7	46.87
PTHR10217	24281.45	23780.86	674.0	68.96	101.92
PTHR10210	6271.0	6043.45	191.0	43.28	63.98
PTHR31522	1675.44	1629.93	15.0	2.44	3.6
PTHR14221	1153.0	1107.49	21.0	5.03	7.43
PTHR14269	1348.32	1302.82	98.0	19.92	29.46
PTHR11079	7208.67	6981.13	203.87	39.22	58.0
PTHR11076	7326.2	6962.2	40.0	12.53	18.55
PTHR11071	27122.02	26030.0	2688.09	627.24	927.34
PTHR11278	2389.0	2252.48	3049.99	1299.33	1920.99
PTHR11276	2479.18	2433.67	52.0	5.65	8.35
PTHR11274	5365.76	5183.72	196.0	38.23	56.52
PTHR14136	3573.29	3436.76	255.0	60.91	90.06
PTHR31984	7025.09	6797.54	383.0	66.84	98.82
PTHR15350	2471.0	2379.98	181.0	42.67	63.08
PTHR15606	2090.0	1998.99	72.0	15.91	23.53
PTHR12374	2703.3	2566.77	13.0	4.8	7.08
PTHR12375	2446.0	2309.48	7.0	1.67	2.47
PTHR12378	2790.0	2698.98	130.0	25.3	37.39
PTHR18929	17918.15	17281.22	3635.32	569.12	841.42
PTHR12777	1330.0	1238.99	175.04	69.03	102.06
PTHR12775	3428.0	3291.49	118.0	19.56	28.93
PTHR12770	7505.88	7278.33	101.0	16.5	24.39
PTHR20982	1330.0	1284.49	147.0	30.31	44.82
PTHR24352	1267.42	1221.92	64.0	13.88	20.52
PTHR16092	3093.0	3047.49	300.0	26.0	38.44
PTHR12406	3622.38	3531.36	539.0	60.34	89.22
PTHR11035	2983.67	2847.25	74.0	15.97	23.6
PTHR22298	16399.0	15898.39	292.01	40.04	59.19
PTHR12174	5125.0	4988.47	272.0	46.42	68.62
PTHR12175	1375.0	1329.49	115.0	22.91	33.87
PTHR12176	10719.91	10310.58	218.0	47.07	69.58
PTHR22769	4408.66	4272.13	67.0	12.4	18.34
PTHR22767	5669.78	5533.26	139.0	14.51	21.45
PTHR22765	3964.78	3873.76	768.05	96.82	143.14
PTHR22762	5747.61	5565.73	209.0	25.68	37.96
PTHR22763	1070.0	979.01	5.0	3.18	4.7
PTHR22761	2816.52	2725.51	790.0	153.05	226.28
PTHR21231	3886.17	3749.65	110.0	22.41	33.13
PTHR21230	5845.03	5617.55	203.0	39.15	57.88
PTHR21234	1100.0	1054.49	36.0	9.05	13.38
PTHR21237	2437.0	2345.98	151.0	35.02	51.77
PTHR12202	1573.0	1391.22	7.0	6.54	9.65
PTHR12203	3657.96	3566.94	101.0	15.67	23.16
PTHR19857	1723.0	1677.49	45.0	7.1	10.49
PTHR19854	2811.0	2719.98	28.0	5.41	8.0
PTHR19852	3551.0	3368.99	85.0	18.38	27.17
PTHR19853	3866.0	3683.98	14.0	4.12	6.09
PTHR12197	9941.49	9486.56	81.0	26.73	39.52
PTHR13822	1859.0	1767.98	204.0	51.35	75.91
PTHR21649	15697.88	14924.36	22888.71	8635.38	12766.97
PTHR10344	1307.0	1261.49	9.0	1.89	2.79
PTHR13273	1476.0	1430.49	136.52	25.27	37.35
PTHR10732	2646.0	2463.99	2707.49	1221.4	1805.77
PTHR10738	3238.0	3101.47	64.0	14.29	21.13
PTHR10739	1905.0	1859.49	286.0	40.68	60.14
PTHR12992	1147.0	1101.49	25.0	6.02	8.9
PTHR11588	6924.31	6651.49	3532.12	2449.38	3621.28
PTHR11934	3710.0	3573.47	215.0	53.78	79.5
PTHR10693	2358.0	2266.99	110.0	22.64	33.48
PTHR10938	2332.93	2241.91	20.0	4.66	6.9
PTHR10934	1468.0	1376.99	3790.01	1899.68	2808.59
PTHR11510	3905.97	3769.45	441.0	109.95	162.56
PTHR11516	6406.0	6223.97	1168.01	189.02	279.46
PTHR10025	4845.44	4708.91	98.01	15.34	22.68
PTHR10026	8075.24	7802.19	196.96	38.86	57.44
PTHR10027	6813.23	6449.21	767.0	186.12	275.16
PTHR13009	2989.0	2897.98	140.0	24.4	36.07
PTHR13007	1443.0	1351.99	44.0	17.63	26.06
PTHR10598	2154.0	2108.49	21.0	2.63	3.89
PTHR10430	5929.0	5655.96	291.0	78.27	115.72
PTHR17901	889.78	844.31	87.0	27.36	40.45
PTHR24351	7205.77	6978.22	2607.64	468.43	692.56
PTHR20981	2148.0	2011.48	1866.7	874.59	1293.04
PTHR23429	4640.0	4548.98	326.0	37.45	55.37
PTHR11467	2838.0	2746.98	541.0	110.47	163.33
PTHR10119	9415.0	9141.98	169.0	23.28	34.43
PTHR10110	16791.7	16291.1	406.0	56.52	83.54
PTHR11469	4962.45	4871.43	353.0	35.42	52.36
PTHR11863	8690.34	8326.74	392.0	94.09	139.11
PTHR24286	3389.0	3252.47	21.0	5.83	8.62
PTHR11864	3591.8	3273.46	26.0	11.04	16.32
PTHR23426	2438.93	2347.91	34.0	7.2	10.64
PTHR10593	9661.53	9342.99	260.03	26.78	39.59
