GeneFamily	length	effective_length	expected_count	TPM	FPKM
PTHR11649	11335.7	10771.08	1804.0	111.29	82.89
PTHR31089	2013.0	1961.66	257.0	7.99	5.95
PTHR31085	2866.7	2815.35	1845.42	39.93	29.74
PTHR11647	7072.41	6815.83	1934.12	55.7	41.49
PTHR11645	3495.0	3392.32	1498.0	56.02	41.72
PTHR11880	930.0	878.66	20226.83	1408.57	1049.09
PTHR11885	734.0	682.66	24950.98	2240.38	1668.62
PTHR10209	7426.64	7118.6	3713.12	182.75	136.11
PTHR32429	7121.67	6813.66	22336.66	757.22	563.96
PTHR31423	1109.0	1057.66	366.0	21.15	15.75
PTHR31551	1789.0	1737.66	909.0	31.91	23.76
PTHR32195	2424.0	2372.66	701.0	18.01	13.41
PTHR11081	4425.75	4220.38	518.0	31.54	23.5
PTHR11080	5643.19	5386.49	3130.3	137.72	102.58
PTHR11082	4799.0	4593.64	1116.98	53.37	39.75
PTHR11085	7925.51	7617.49	2580.99	60.06	44.73
PTHR11089	7881.83	7573.79	3325.02	131.09	97.62
PTHR12271	2260.0	2208.66	195.0	5.38	4.01
PTHR32518	7030.32	6876.3	6856.43	223.0	166.09
PTHR11247	756.0	704.66	122.0	10.61	7.9
PTHR11246	9844.0	9638.64	3942.95	99.61	74.19
PTHR32512	4227.03	4124.35	1568.0	44.37	33.05
PTHR23088	4722.0	4516.64	1354.51	64.48	48.02
PTHR23089	2512.0	2409.32	1644.0	75.52	56.25
PTHR23081	2634.03	2582.69	1335.48	31.51	23.47
PTHR23083	38761.7	37478.3	19593.36	559.93	417.05
PTHR23084	4811.0	4502.98	752.0	40.73	30.33
PTHR23086	7158.79	6902.08	617.3	25.86	19.28
PTHR18806	1529.0	1477.66	200.0	8.26	6.15
PTHR15184	9942.0	9634.08	40473.96	1061.88	790.89
PTHR15341	1267.0	1215.66	667.87	33.56	24.99
PTHR12696	4251.85	4200.51	2170.48	31.46	23.43
PTHR12341	6450.0	6090.63	1378.63	87.77	65.38
PTHR15160	5294.38	5089.02	1501.69	88.58	65.98
PTHR18937	20552.07	20141.33	3124.0	63.21	47.07
PTHR18934	22589.78	21460.4	2826.94	167.34	124.64
PTHR12742	2462.6	2359.91	1522.0	66.79	49.75
PTHR12741	954.0	902.66	125.0	8.47	6.31
PTHR16557	1238.0	1186.66	76.0	3.91	2.91
PTHR19288	4057.04	3851.67	1396.97	62.43	46.5
PTHR12975	3678.0	3575.32	387.0	12.68	9.44
PTHR13902	3023.0	2920.35	2371.0	107.2	79.85
PTHR13903	3147.0	2993.12	482.0	21.37	15.92
PTHR22753	2477.0	2374.32	183.77	9.49	7.07
PTHR30615	2009.0	1906.32	741.0	47.99	35.74
PTHR22939	18382.56	17715.23	7252.0	250.8	186.8
PTHR16266	3305.0	3099.64	139.0	11.58	8.63
PTHR30612	1350.0	1298.66	75.0	3.53	2.63
PTHR22932	1363.0	1311.66	855.29	39.82	29.65
PTHR22931	18494.85	18238.15	319716.9	5455.11	4062.92
PTHR31038	1767.0	1715.66	2584.7	91.9	68.44
PTHR32357	1612.0	1509.32	645.0	51.73	38.54
PTHR13832	43452.48	42117.62	64309.47	2071.1	1542.56
PTHR21139	2031.0	1928.32	22539.77	1324.07	986.16
PTHR21136	4389.0	4234.98	4529.14	192.1	143.08
PTHR12526	48777.55	47186.08	73333.78	2302.25	1714.68
PTHR13120	2049.0	1997.66	645.0	19.69	14.66
PTHR22809	2281.0	2126.98	272.76	25.91	19.3
PTHR22807	7264.15	6904.77	1563.38	89.81	66.9
PTHR20661	1450.39	1399.04	115.0	5.02	3.74
PTHR10900	18913.0	18194.49	68818.5	4138.98	3082.66
PTHR10906	6637.98	6432.65	5720.81	167.71	124.91
PTHR10909	16091.85	15578.48	17301.38	542.59	404.12
PTHR10055	2378.0	2275.32	612.0	27.05	20.14
PTHR10057	3197.0	3094.32	1889.06	57.45	42.8
PTHR10052	1948.0	1845.32	24539.1	2050.08	1526.89
PTHR13018	6901.0	6798.32	2431.0	44.2	32.91
PTHR10694	12888.36	12426.31	5185.55	183.19	136.44
PTHR12839	2957.79	2855.11	356.0	14.7	10.96
PTHR12835	432.0	380.67	21.0	3.4	2.53
PTHR24031	73598.07	70980.13	109689.62	3256.87	2425.74
PTHR24032	1078.84	1027.5	415.0	24.69	18.39
PTHR24349	19582.87	18915.44	22518.58	669.35	498.55
PTHR24619	11412.92	11104.89	2779.29	95.95	71.47
PTHR24343	57196.63	54989.24	50841.22	2056.57	1531.76
PTHR11472	6867.55	6559.53	534.97	16.28	12.12
PTHR24347	9541.0	9181.64	5429.19	185.77	138.36
PTHR11476	4751.99	4700.65	1143.13	14.8	11.02
PTHR10438	23219.31	22346.75	40767.6	1773.38	1320.78
PTHR10476	5109.0	4903.64	3098.4	160.4	119.45
PTHR11538	4535.82	4381.79	3209.98	116.67	86.89
PTHR24290	7664.41	7510.38	9275.98	166.0	123.64
PTHR12730	2393.0	2290.32	646.0	35.21	26.22
PTHR23413	555.0	503.66	25357.85	3094.51	2304.77
PTHR23417	2013.8	1911.12	412.0	24.32	18.12
PTHR23416	5794.63	5486.59	2078.31	107.21	79.86
PTHR23415	1630.17	1578.83	945.0	36.52	27.2
PTHR12736	2457.49	2406.15	4212.32	106.68	79.46
PTHR10871	3750.0	3595.98	27417.0	2404.88	1791.14
PTHR23418	1042.0	990.66	933.0	57.59	42.89
PTHR10877	4794.0	4383.41	106.0	7.57	5.64
PTHR11879	1848.0	1796.66	3818.03	129.61	96.53
PTHR10430	5287.5	5082.15	5603.96	277.27	206.51
PTHR11659	1852.0	1800.66	568.0	19.24	14.33
PTHR31096	5978.0	5823.98	21329.69	836.24	622.83
PTHR11655	1809.0	1706.32	37559.42	2839.3	2114.69
PTHR11652	1166.0	1063.32	22310.93	2230.93	1661.58
PTHR10436	8581.15	8170.42	627.0	39.73	29.59
PTHR20883	666.0	614.66	30.0	2.99	2.23
PTHR11895	7386.75	7078.71	1845.08	119.78	89.22
PTHR10277	2344.84	2190.9	10865.37	439.05	327.0
PTHR14027	3526.0	3423.32	1228.0	43.73	32.57
PTHR13691	2842.52	2688.6	22878.76	1295.06	964.55
PTHR23180	4775.37	4518.68	1350.0	103.73	77.25
PTHR14593	4172.0	4069.32	680.0	21.41	15.95
PTHR11093	3773.0	3618.98	810.96	35.83	26.69
PTHR11096	3001.34	2898.66	454.0	19.16	14.27
PTHR23346	13431.18	13123.14	2161.02	56.44	42.04
PTHR11099	3935.0	3780.98	1031.0	52.14	38.83
PTHR10309	2089.0	2037.66	3733.02	111.69	83.19
PTHR11252	2549.0	2497.66	1751.0	42.72	31.82
PTHR11254	14821.39	14307.98	11455.89	284.53	211.93
PTHR11255	2429.36	2378.02	1652.35	42.34	31.54
PTHR14110	5916.0	5710.64	5938.91	240.82	179.35
PTHR16201	1790.0	1738.66	7.0	0.25	0.18
PTHR14374	1402.0	1350.66	343.0	15.5	11.55
PTHR18838	2155.97	2104.62	1797.19	52.06	38.77
PTHR12687	1895.0	1843.66	93.0	3.08	2.29
PTHR15157	4784.75	4579.39	635.23	34.46	25.66
PTHR18901	8960.12	8703.42	3826.49	127.94	95.3
PTHR12755	3848.0	3693.98	440.0	20.26	15.08
PTHR12750	4241.0	4138.32	3064.04	103.45	77.05
PTHR12753	1043.0	991.66	226.0	13.94	10.38
PTHR15081	1137.0	1085.66	276.0	15.54	11.57
PTHR15574	7146.6	6787.22	1577.69	112.1	83.49
PTHR12506	3583.0	3480.32	4751.09	110.43	82.25
PTHR23109	662.0	610.66	85.0	8.54	6.36
PTHR31811	2287.05	2133.03	205.0	17.54	13.07
PTHR12358	7194.8	6989.43	1114.0	36.84	27.44
PTHR22748	4405.03	4148.41	419.0	26.28	19.56
PTHR12356	2260.0	2157.32	214.99	12.65	9.41
PTHR12221	2845.0	2742.32	1020.41	45.34	33.77
PTHR30603	1059.0	956.33	182.98	20.5	15.27
PTHR12226	2234.0	2131.32	459.37	30.92	23.03
PTHR19876	7855.0	7649.64	7788.98	223.03	166.12
PTHR19877	3153.0	3050.32	8415.28	340.43	253.55
PTHR31953	3116.0	2962.0	658.0	32.32	24.07
PTHR31442	2662.0	2559.32	4608.14	184.17	137.17
PTHR13803	8585.23	8431.21	3094.12	70.36	52.4
PTHR19980	3668.0	3565.32	980.14	32.41	24.13
PTHR12537	5161.61	5058.93	6395.81	175.07	130.4
PTHR12532	541.0	489.66	67.0	8.41	6.27
PTHR13486	1375.0	1323.66	461.0	21.27	15.84
PTHR20275	7256.0	7050.64	3507.57	133.95	99.76
PTHR13489	2733.0	2630.32	99.0	4.6	3.42
PTHR17583	5047.8	4996.46	787.0	9.59	7.14
PTHR19316	2665.0	2510.98	587.0	37.29	27.77
PTHR24198	23365.65	22287.73	5020.5	216.66	161.38
PTHR10048	9195.43	8938.73	2571.0	93.41	69.56
PTHR21704	3727.91	3676.57	625.0	10.35	7.71
PTHR24193	11259.71	10746.39	3938.96	178.79	133.15
PTHR10044	4550.63	4447.94	1987.08	49.14	36.59
PTHR11014	7064.22	6858.85	4044.43	124.94	93.06
PTHR10687	1366.0	1314.66	1432.0	66.51	49.54
PTHR10681	10346.63	9833.24	11153.51	543.37	404.71
PTHR10682	1773.0	1721.66	1881.0	66.64	49.64
PTHR10683	4509.0	4354.98	8388.28	330.58	246.23
PTHR12829	2541.61	2438.94	881.97	44.51	33.15
PTHR12820	2597.0	2545.66	1678.37	40.17	29.92
PTHR12826	1586.0	1534.66	2664.44	105.95	78.91
PTHR12827	5112.4	5061.38	1550.21	18.64	13.88
PTHR17920	303.0	251.8	2.0	0.49	0.37
PTHR13017	1130.18	1078.84	142.0	8.04	5.99
PTHR10137	1109.0	1057.66	1722.95	99.57	74.16
PTHR11405	6114.0	5959.98	24668.35	770.92	574.18
PTHR11404	2081.42	1927.42	6595.71	467.27	348.02
PTHR11406	2241.84	2087.86	23645.46	1580.33	1177.02
PTHR14744	1136.0	1084.66	164.0	9.24	6.88
PTHR13468	1190.0	1138.66	326.0	17.49	13.03
PTHR23406	11330.87	11125.51	13881.11	263.85	196.5
PTHR23407	1371.0	1319.66	276.0	12.77	9.51
PTHR10869	15130.25	14514.16	6255.53	309.37	230.42
PTHR31717	2862.0	2810.66	2965.76	64.28	47.88
PTHR22942	10930.0	10468.04	3256.0	113.03	84.18
PTHR15169	2524.47	2473.12	269.0	6.63	4.94
PTHR11315	5813.73	5711.05	19228.41	332.79	247.86
PTHR10139	594.11	542.79	750.18	84.86	63.2
PTHR10264	4580.36	4426.33	13835.71	642.53	478.55
PTHR10263	2086.0	1983.32	9233.74	555.08	413.42
PTHR31155	4167.7	4065.02	7026.36	140.96	104.99
PTHR32170	5709.76	5555.73	1058.0	37.14	27.67
PTHR23350	2766.35	2612.33	1553.23	93.02	69.28
PTHR23354	902.0	850.66	55.0	3.96	2.95
PTHR23355	13695.93	13387.88	3038.93	62.54	46.59
PTHR23359	4238.75	4084.73	4776.97	207.08	154.23
PTHR11227	2777.0	2622.98	279.0	19.85	14.79
PTHR11220	4468.48	4263.11	3090.63	158.71	118.21
PTHR11223	6634.48	6531.79	2727.04	49.37	36.78
PTHR11229	2489.0	2386.32	5792.76	322.06	239.86
PTHR10314	19754.44	19087.01	33176.92	1115.82	831.06
PTHR14303	1379.0	1327.66	145.0	6.67	4.97
PTHR11139	34860.83	34090.71	7969.79	167.85	125.02
PTHR15362	1496.0	1444.66	56.0	2.37	1.76
PTHR11132	33752.75	32674.61	26500.05	1078.45	803.2
PTHR11134	3150.0	3047.32	2280.99	93.35	69.53
PTHR11136	3997.0	3791.64	444.0	29.59	22.03
PTHR32374	2071.0	2019.66	1461.0	44.1	32.85
PTHR31579	13730.0	13370.62	14988.12	447.79	333.51
PTHR32379	1273.0	1221.66	104.0	5.2	3.87
PTHR18919	2469.0	2366.32	3972.01	149.9	111.64
PTHR32002	13611.01	13148.95	4628.58	273.51	203.72
PTHR14413	973.0	921.66	3029.5	201.07	149.75
PTHR22891	3616.0	3564.66	2254.94	38.52	28.69
PTHR14089	2363.0	2260.32	1003.0	54.92	40.91
PTHR21368	2033.0	1930.32	4562.63	285.42	212.58
PTHR24067	16908.15	16035.83	13317.41	805.43	599.86
PTHR12786	2851.0	2696.98	1417.0	95.52	71.14
PTHR11706	4625.0	4471.06	462.0	14.98	11.15
PTHR12782	4510.98	4408.3	1904.15	60.77	45.26
PTHR11742	10991.77	10632.37	4260.63	129.95	96.77
PTHR21213	457.0	405.67	234.92	35.68	26.57
PTHR10182	1651.0	1599.66	4985.98	190.17	141.64
PTHR13923	2652.0	2549.33	1399.0	60.52	45.07
PTHR11210	1290.0	1187.32	1973.63	201.98	150.44
PTHR13780	3752.04	3649.36	9066.67	296.42	220.78
PTHR12321	2365.0	2262.32	2743.07	135.06	100.58
PTHR12320	5778.15	5624.13	5284.39	180.65	134.55
PTHR12323	1801.0	1646.99	141.0	15.57	11.59
PTHR14155	3604.3	3501.62	2684.71	93.01	69.26
PTHR21015	1428.0	1325.38	407.0	28.35	21.11
PTHR16196	2135.28	2032.62	584.0	25.31	18.86
PTHR16193	1962.0	1859.33	286.9	17.08	12.72
PTHR22792	2075.0	1972.32	853.0	55.48	41.32
PTHR22790	5593.02	5387.66	1957.0	71.88	53.54
PTHR21680	995.0	943.66	143.0	9.27	6.9
PTHR21689	3249.0	3094.98	576.65	31.5	23.46
PTHR21113	3965.0	3810.98	1398.0	37.85	28.19
PTHR10677	2197.56	2146.22	1291.0	36.67	27.31
PTHR21663	4910.0	4807.32	920.02	23.35	17.39
PTHR13253	18104.31	17488.23	16123.39	726.65	541.18
PTHR12446	3195.57	2990.21	880.0	70.4	52.44
PTHR22603	4249.64	4044.28	2711.91	142.72	106.29
PTHR21206	1614.0	1511.34	1368.0	73.3	54.59
PTHR13789	14840.18	14326.76	9436.23	282.17	210.16
PTHR10071	17418.57	17007.85	20516.79	395.65	294.68
PTHR24188	19025.26	18409.3	10809.2	213.16	158.75
PTHR10670	7048.0	6945.32	386.8	7.01	5.22
PTHR13078	2306.93	2255.59	15480.6	418.3	311.55
PTHR12815	9913.0	9656.3	4428.99	152.06	113.25
PTHR12814	888.0	836.66	347.0	25.39	18.91
PTHR24361	8460.94	8204.24	6196.57	171.78	127.93
PTHR24362	18738.35	18173.75	9606.83	297.6	221.65
PTHR10416	1806.0	1754.66	79.0	2.75	2.05
PTHR10410	3521.0	3366.98	3294.43	178.19	132.71
PTHR10783	13564.48	13102.42	17763.03	749.33	558.1
PTHR10782	1929.63	1878.28	815.91	26.49	19.73
PTHR13476	1626.0	1523.32	1037.15	78.34	58.35
PTHR10788	8564.73	8410.7	8530.87	178.73	133.12
PTHR10891	8505.7	8197.66	4669.78	348.51	259.55
PTHR10890	4271.55	4117.52	2046.99	48.22	35.91
PTHR20426	2867.73	2816.39	3704.11	80.12	59.67
PTHR23213	6173.0	5865.0	525.0	24.55	18.3
PTHR10072	4123.0	3917.7	2178.99	114.28	85.12
PTHR10520	4966.9	4812.87	18302.51	743.92	554.06
PTHR10250	2856.38	2753.69	1697.0	60.66	45.19
PTHR10527	11292.62	11138.6	5110.28	116.26	86.59
PTHR31384	1913.0	1861.66	647.96	21.23	15.81
PTHR31385	3151.98	2997.95	751.0	39.85	29.68
PTHR10091	1588.85	1537.5	309.0	12.26	9.13
PTHR31142	1822.0	1770.66	4742.09	163.35	121.66
PTHR31140	2220.0	2168.66	433.0	12.17	9.06
PTHR31412	1689.0	1586.32	146.0	11.26	8.39
PTHR11787	4900.58	4695.23	10610.79	361.06	268.92
PTHR11785	12724.7	12365.32	6118.28	158.85	118.3
PTHR11782	5068.11	4914.08	5161.24	180.26	134.25
PTHR11780	1081.0	978.36	0.0	0.0	0.0
PTHR32497	3118.0	3015.32	628.0	25.97	19.34
PTHR32148	12315.0	11852.95	32967.99	2188.4	1629.9
PTHR23324	7575.45	7421.42	2805.35	74.83	55.74
PTHR23327	4917.96	4712.59	1168.0	58.8	43.8
PTHR23326	5144.24	5041.55	4031.56	117.53	87.54
PTHR23321	3154.0	2999.98	6013.01	531.12	395.57
PTHR23323	2438.0	2335.32	618.0	29.03	21.63
PTHR23322	6416.0	6056.67	2693.64	150.76	112.28
PTHR23329	6040.38	5835.03	798.17	31.64	23.56
PTHR11236	6276.0	5968.03	2438.2	84.12	62.65
PTHR11364	1375.38	1324.04	382.0	17.62	13.12
PTHR10322	18100.8	17690.08	5996.17	99.85	74.37
PTHR11239	2504.0	2401.33	1079.02	61.85	46.06
PTHR10555	3164.52	3061.84	3380.86	136.28	101.49
PTHR31964	19268.59	18601.16	18602.75	748.88	557.75
PTHR23030	3465.23	3362.55	1777.75	56.98	42.43
PTHR11129	2054.0	1951.32	695.0	35.96	26.78
PTHR11122	9247.0	8938.96	14566.09	535.32	398.71
PTHR15316	2516.0	2413.33	638.01	30.31	22.57
PTHR11127	520.0	468.66	18194.51	2387.95	1778.53
PTHR11125	3900.0	3848.66	1345.0	21.28	15.85
PTHR31566	609.0	557.66	0.0	0.0	0.0
PTHR31567	1768.0	1716.66	3979.01	141.39	105.3
PTHR31561	2994.0	2788.64	752.0	64.28	47.88
PTHR15137	2847.0	2744.33	310.0	13.09	9.74
PTHR14950	2991.0	2836.98	369.04	22.74	16.94
PTHR15954	2884.0	2832.66	149.0	3.2	2.39
PTHR15952	4227.97	4176.63	2266.36	33.03	24.6
PTHR21597	5310.0	5053.32	645.0	38.26	28.5
PTHR19271	1886.0	1732.02	118.0	10.05	7.48
PTHR21228	18791.38	18123.98	8340.62	291.81	217.33
PTHR13343	2748.88	2646.2	989.99	44.41	33.08
PTHR12233	1622.06	1570.71	584.0	22.69	16.9
PTHR12029	9548.8	9138.08	1860.0	83.5	62.2
PTHR21220	1162.0	1110.66	42.0	2.31	1.72
PTHR22936	2396.0	2293.32	884.02	43.41	32.33
PTHR22780	9304.0	9149.98	3014.0	63.04	46.96
PTHR19308	3126.0	3074.66	1355.0	26.84	19.99
PTHR19306	13601.0	13395.64	2953.0	33.76	25.14
PTHR16301	989.0	886.32	52.0	7.21	5.36
PTHR13265	1438.0	1386.66	173.0	7.62	5.67
PTHR22870	26812.03	25990.59	9994.76	389.28	289.92
PTHR17630	2612.0	2457.98	105.0	5.49	4.09
PTHR10064	519.0	467.66	22379.39	2943.54	2192.33
PTHR10066	7066.0	6809.3	351.0	16.23	12.08
PTHR10060	985.0	933.66	52.0	3.41	2.54
PTHR10663	19817.16	19303.76	4817.76	117.12	87.23
PTHR10666	4880.13	4674.8	50210.4	5054.66	3764.68
PTHR10668	15715.74	15048.44	3720.84	147.09	109.56
PTHR12801	5294.47	5140.45	903.76	38.58	28.74
PTHR12802	8099.0	7790.96	1180.0	55.14	41.07
PTHR12805	1583.0	1480.32	192.99	16.2	12.06
PTHR12806	1224.0	1172.66	1023.0	53.3	39.69
PTHR21091	14305.35	13843.31	12107.33	439.89	327.62
PTHR21090	3958.0	3855.32	3725.88	114.31	85.14
PTHR12281	3970.56	3867.88	2178.0	69.39	51.68
PTHR24315	2431.51	2380.17	1123.98	28.78	21.43
PTHR24314	5231.0	5025.64	949.0	52.23	38.89
PTHR11933	4141.0	3884.4	736.0	54.25	40.42
PTHR24316	8257.08	8000.4	2952.82	75.93	56.54
PTHR11426	1269.0	1166.46	357.0	24.76	18.43
PTHR11937	11119.38	10708.66	19040.07	726.97	541.46
PTHR11938	23587.66	22920.56	48144.69	587.91	437.87
PTHR21021	4789.05	4635.03	10089.55	221.03	164.62
PTHR13683	9648.93	9392.23	12851.23	329.35	245.3
PTHR24089	65564.67	63408.4	96170.44	3550.46	2644.35
PTHR10796	2940.36	2889.02	2614.99	55.14	41.06
PTHR10794	1606.0	1554.66	331.0	12.99	9.68
PTHR10795	31683.87	30965.12	17954.73	377.74	281.35
PTHR10792	690.0	638.66	24209.18	2324.78	1731.48
PTHR10799	87315.64	84492.21	14803.94	459.91	342.52
PTHR10882	731.0	679.66	19.0	1.71	1.28
PTHR10887	34906.49	33777.06	6665.89	216.84	161.5
PTHR11686	2002.68	1900.12	351.01	13.05	9.72
PTHR11685	10600.13	10138.15	2871.8	112.74	83.96
PTHR24221	23027.44	22308.79	8835.13	261.89	195.05
PTHR24220	12049.25	11484.58	4130.95	191.02	142.26
PTHR24223	21024.74	20460.0	4545.3	108.36	80.69
PTHR11689	10683.24	10426.54	2514.02	71.87	53.54
PTHR10252	1160.35	1057.67	388.0	43.66	32.52
PTHR13124	1458.0	1406.66	802.0	34.8	25.92
PTHR31173	5712.18	5506.83	3483.0	101.7	75.75
PTHR12538	540.35	489.01	22522.26	2831.6	2108.96
PTHR10099	5276.0	5224.66	3265.08	38.03	28.33
PTHR10625	11319.07	10857.0	6783.17	150.16	111.86
PTHR10098	2794.0	2691.32	1504.0	74.43	55.43
PTHR31356	5606.0	5400.64	13342.11	543.49	404.78
PTHR31352	5047.0	4944.32	7369.86	173.57	129.27
PTHR31350	7498.5	7190.5	4586.01	204.25	152.12
PTHR11758	740.0	688.66	14750.42	1312.83	977.79
PTHR23333	1501.0	1449.66	1212.3	51.04	38.02
PTHR11751	20885.22	20166.52	24216.35	776.85	578.59
PTHR11753	1054.0	1002.66	1221.67	74.5	55.48
PTHR11752	22371.19	21293.29	3077.21	184.95	137.77
PTHR24423	10314.51	9852.53	4519.93	178.73	133.11
PTHR11206	22906.76	22136.74	15291.81	342.24	254.91
PTHR24420	188601.1	182287.31	221456.49	7199.88	5362.4
PTHR10332	3073.94	2919.91	651.32	39.5	29.42
PTHR14140	1880.0	1828.66	403.0	13.44	10.01
PTHR20922	2856.0	2753.32	2912.11	117.02	87.16
PTHR10159	15315.01	14801.61	14098.05	441.45	328.81
PTHR12848	1867.2	1815.86	832.37	27.96	20.82
PTHR12363	8816.0	8559.38	1623.2	53.01	39.47
PTHR23029	13298.25	12836.19	6164.03	207.74	154.73
PTHR23023	4970.63	4765.27	4730.17	151.29	112.68
PTHR21294	2389.0	2337.65	701.0	18.28	13.61
PTHR11119	13740.35	13432.3	49235.67	1579.48	1176.39
PTHR31595	10455.75	10045.03	1809.83	64.23	47.86
PTHR31596	4853.0	4698.99	2631.0	44.09	32.84
PTHR15948	1816.0	1764.66	713.01	24.64	18.35
PTHR32026	6060.15	5854.78	6994.02	294.71	219.49
PTHR31829	1335.0	1283.66	3203.01	152.37	113.49
PTHR31419	356.0	304.71	7.0	1.42	1.06
PTHR22938	1966.6	1863.92	380.0	26.01	19.38
PTHR14898	5947.0	5844.32	1201.94	25.03	18.64
PTHR19241	65424.35	63011.61	169306.72	5067.31	3774.12
PTHR14894	1613.0	1510.32	108.0	8.6	6.4
PTHR15239	3799.05	3593.68	461.0	30.98	23.08
PTHR12497	1372.0	1320.66	424.87	19.64	14.63
PTHR12302	3793.0	3741.66	5090.05	82.83	61.69
PTHR12304	2334.97	2232.29	208.0	11.37	8.47
PTHR30540	4974.58	4871.9	638.0	16.83	12.53
PTHR30544	3001.27	2898.75	808.84	34.58	25.76
PTHR13302	3057.0	2902.98	319.0	22.03	16.41
PTHR12472	1323.0	1271.66	133.0	6.39	4.76
PTHR13308	1671.22	1568.53	231.0	18.19	13.55
PTHR12477	5727.2	5573.18	2072.01	67.84	50.52
PTHR13878	3314.0	3159.98	736.0	24.27	18.07
PTHR21461	8329.58	8072.87	1605.0	60.99	45.41
PTHR13872	3456.0	3353.32	23819.71	2690.89	2004.16
PTHR22849	26094.9	25376.13	11863.86	400.88	298.57
PTHR21314	2488.97	2386.29	720.0	28.58	21.29
PTHR21649	11771.07	11001.24	337794.09	22044.82	16418.84
PTHR22841	4202.0	4099.32	1225.56	42.87	31.93
PTHR21319	5784.68	5528.04	1816.0	98.48	73.35
PTHR22847	37146.72	35914.57	16215.46	574.34	427.73
PTHR22846	4302.53	4148.5	1757.7	82.51	61.46
PTHR22844	15288.39	14723.65	7321.29	238.85	177.89
PTHR11606	6909.56	6601.53	17570.97	525.72	391.56
PTHR31606	598.0	546.66	487.0	54.71	40.75
PTHR23284	1110.0	1058.66	149.0	8.6	6.41
PTHR21266	14814.03	14403.3	6492.01	229.14	170.66
PTHR21262	9015.75	8759.04	11243.5	307.33	228.9
PTHR12276	2289.0	2186.35	361.0	12.3	9.16
PTHR10657	3307.46	3102.1	514.34	35.33	26.32
PTHR10655	4540.99	4335.63	1295.0	62.25	46.35
PTHR10652	2117.0	2065.66	543.0	16.03	11.94
PTHR17972	4057.0	3902.98	1062.45	51.84	38.62
PTHR21085	1605.0	1553.66	1020.0	40.06	29.84
PTHR11922	4535.0	4329.64	2007.99	98.0	72.99
PTHR24305	14079.71	13566.29	3045.94	145.41	108.29
PTHR11431	3270.85	3116.82	7458.26	382.13	284.61
PTHR10434	2422.0	2319.32	1263.1	70.01	52.14
PTHR24096	16327.98	15660.73	9517.35	293.87	218.89
PTHR13693	7479.23	7222.66	3029.0	91.59	68.21
PTHR24095	22011.15	21241.42	35678.36	1413.7	1052.92
PTHR24092	5193.0	5141.66	1384.0	16.38	12.2
PTHR24093	41057.66	39620.56	66087.2	1704.31	1269.35
PTHR22604	7618.4	7464.38	12558.75	243.12	181.08
PTHR13451	3649.25	3546.56	404.0	14.15	10.54
PTHR13452	946.0	894.66	491.0	33.58	25.01
PTHR10759	513.0	461.66	10867.91	1448.23	1078.63
PTHR12406	5139.2	4985.17	2901.73	94.3	70.23
PTHR12901	1390.0	1338.66	597.0	27.23	20.28
PTHR12903	848.0	796.66	6578.26	505.58	376.55
PTHR23237	551.0	499.66	629.89	77.49	57.71
PTHR10501	2458.0	2406.66	852.09	21.58	16.07
PTHR31169	5599.54	5445.51	493.0	21.88	16.3
PTHR12277	3672.93	3518.91	1205.0	55.57	41.38
PTHR14087	722.0	670.66	62.0	5.67	4.22
PTHR23309	5912.0	5757.98	4207.45	101.89	75.89
PTHR23308	4899.23	4642.53	1070.0	72.25	53.81
PTHR31344	6550.12	6447.44	1113.9	20.85	15.53
PTHR31619	2248.0	2196.66	8052.89	223.45	166.43
PTHR23306	2198.34	2147.0	486.0	13.8	10.28
PTHR23305	3271.39	3168.7	1663.05	67.65	50.39
PTHR11748	12568.93	12260.98	6708.44	128.72	95.88
PTHR11214	8433.67	8074.34	4131.64	146.46	109.07
PTHR11216	6314.31	6108.95	1935.0	66.2	49.3
PTHR14154	7009.66	6701.61	5709.57	415.1	309.16
PTHR10344	547.21	495.87	168.0	20.83	15.51
PTHR14152	2339.0	2184.98	940.0	76.6	57.05
PTHR11699	15423.36	14910.09	14812.72	339.18	252.63
PTHR11692	1880.0	1828.66	1264.0	42.15	31.4
PTHR11693	2738.0	2635.32	23431.78	1106.26	823.94
PTHR11695	29505.04	28427.14	17866.12	652.33	485.85
PTHR31760	839.0	736.36	32.0	5.28	3.93
PTHR31906	7235.0	6978.3	1767.0	67.17	50.02
PTHR13847	6918.06	6558.67	1726.0	63.99	47.65
PTHR23012	11538.33	11076.27	15087.2	525.04	391.05
PTHR11101	9443.69	9033.06	113724.77	3272.64	2437.47
PTHR11102	5706.95	5501.59	1326.26	69.03	51.4
PTHR11106	2818.0	2663.99	790.79	32.54	24.23
PTHR31585	2017.8	1966.46	852.0	26.42	19.68
PTHR32125	1947.0	1844.32	1228.07	81.0	60.33
PTHR31588	9162.8	8957.44	4537.56	131.37	97.85
PTHR32120	1991.0	1888.32	146.0	9.64	7.18
PTHR15680	919.0	867.66	1356.0	95.64	71.23
PTHR11807	3207.06	3104.38	310.0	13.47	10.02
PTHR11374	324.0	272.75	0.0	0.0	0.0
PTHR10281	1836.22	1733.54	913.0	66.22	49.32
PTHR26312	1444.0	1392.66	978.27	42.88	31.94
PTHR10285	6814.94	6558.24	19387.36	691.97	515.37
PTHR12000	1017.0	965.66	44.0	2.79	2.08
PTHR18895	1330.0	1227.37	61.0	5.15	3.84
PTHR12169	3948.0	3793.98	997.39	26.65	19.85
PTHR12486	2269.96	2115.94	293.99	22.2	16.53
PTHR12480	5135.0	4775.94	1452.0	153.09	114.02
PTHR12482	3307.0	3204.32	348.0	13.97	10.4
PTHR12317	11613.63	11254.24	8974.84	349.54	260.34
PTHR12649	3261.13	3055.77	838.0	72.16	53.73
PTHR13992	1587.0	1484.32	152.0	12.44	9.27
PTHR12461	3353.0	3045.09	543.0	57.25	42.65
PTHR12466	2239.0	2136.32	588.0	32.79	24.42
PTHR21419	2032.0	1980.66	951.74	29.3	21.82
PTHR12001	2973.47	2870.78	4814.8	202.32	150.69
PTHR21327	4036.58	3933.89	6121.3	192.93	143.69
PTHR21631	10050.69	9793.98	44883.72	1362.77	1015.0
PTHR22854	2642.0	2539.32	2759.99	125.18	93.23
PTHR22855	7564.52	7359.28	7715.75	239.55	178.43
PTHR22850	7023.66	6766.96	2698.71	90.85	67.67
PTHR22504	2054.0	2002.66	2132.97	64.94	48.36
PTHR22915	23186.7	22519.28	26701.24	877.88	653.85
PTHR21256	4450.51	4347.83	6076.12	165.68	123.4
PTHR12265	1478.0	1375.32	38.0	3.25	2.42
PTHR12266	2436.73	2334.05	398.0	20.83	15.52
PTHR10648	2151.0	2099.66	1376.0	39.95	29.75
PTHR30178	2823.0	2720.32	74124.46	3428.08	2553.21
PTHR10641	12043.0	11580.96	4687.96	148.15	110.33
PTHR22912	20987.92	20371.94	25417.36	728.25	542.39
PTHR10644	4375.0	4220.98	489.0	18.62	13.88
PTHR12864	5730.43	5576.4	2621.1	85.05	63.34
PTHR12860	2542.0	2490.66	482.0	11.79	8.78
PTHR13194	1617.0	1514.32	216.0	17.9	13.33
PTHR13193	524.0	472.66	396.0	51.53	38.38
PTHR11913	1494.0	1442.66	243.0	10.28	7.66
PTHR11911	8581.56	8222.34	41742.91	2029.05	1511.23
PTHR11910	2270.0	2167.32	24819.09	1403.21	1045.1
PTHR11918	6767.23	6561.87	2532.0	87.32	65.04
PTHR12919	1403.0	1300.32	2967.99	296.4	220.76
PTHR12910	1825.0	1722.32	4918.32	283.81	211.38
PTHR12917	4725.0	4570.98	1107.0	39.2	29.2
PTHR11351	5712.0	5557.98	11830.66	408.45	304.2
PTHR11353	16835.0	16321.62	12314.44	450.15	335.27
PTHR11599	16590.0	16025.26	18719.84	778.71	580.0
PTHR10516	18019.12	17043.65	6294.18	396.99	295.68
PTHR11592	4714.0	4508.64	6059.81	322.15	239.93
PTHR13273	995.0	943.66	1044.02	67.67	50.4
PTHR31724	2865.66	2711.64	581.98	29.46	21.94
PTHR31098	8663.0	8508.98	12304.48	282.31	210.26
PTHR22594	9759.0	9450.96	5702.92	227.03	169.09
PTHR23315	9230.57	8871.45	6030.74	168.78	125.7
PTHR23316	2716.8	2665.46	2825.14	64.57	48.09
PTHR11778	6227.0	6072.98	4330.84	123.79	92.2
PTHR11774	3687.02	3532.99	345.0	17.89	13.32
PTHR11773	3696.0	3644.66	3439.04	57.45	42.79
PTHR11772	8029.34	7772.63	17248.13	469.18	349.44
PTHR10357	28996.03	28328.61	52101.78	1422.25	1059.27
PTHR10353	1321.0	1269.66	230.0	11.06	8.24
PTHR10350	4557.0	4454.32	959.0	25.66	19.11
PTHR10351	3178.04	3075.35	13940.26	851.84	634.44
PTHR32557	2106.0	2054.66	2392.97	71.0	52.88
PTHR10359	5753.85	5548.48	2426.84	92.77	69.1
PTHR32442	1319.0	1267.66	572.0	27.56	20.52
PTHR31750	1086.0	1034.66	501.0	29.6	22.05
PTHR14189	495.07	443.74	41.0	5.69	4.24
PTHR32228	1153.0	1101.66	176.0	9.76	7.27
PTHR31245	1577.0	1474.32	1591.53	130.67	97.33
PTHR23001	2847.0	2744.32	2425.0	96.29	71.72
PTHR23002	1802.66	1699.97	157.0	10.55	7.86
PTHR22904	31210.26	29978.09	10840.72	355.97	265.14
PTHR11177	27870.17	26997.51	21821.0	786.0	585.43
PTHR10445	2284.0	2232.66	4217.65	115.14	85.76
PTHR11178	5294.22	5088.85	6386.48	254.45	189.51
PTHR14456	1835.0	1680.98	702.01	73.86	55.01
PTHR31808	1973.83	1922.49	1615.08	51.23	38.15
PTHR31803	6107.25	5953.21	4013.97	112.32	83.66
PTHR11009	734.0	682.66	672.0	60.34	44.94
PTHR19229	20569.95	20056.6	13024.4	269.5	200.72
PTHR20961	24537.43	23870.03	11727.82	390.36	290.75
PTHR11005	3028.0	2925.32	360.99	15.47	11.53
PTHR11006	10023.64	9612.92	3152.0	111.51	83.06
PTHR18640	1854.0	1700.09	52.0	3.46	2.58
PTHR18866	18441.0	17517.14	17941.28	629.95	469.19
PTHR12022	685.0	633.66	5964.56	577.33	429.99
PTHR15588	1971.0	1868.32	865.0	56.7	42.23
PTHR12677	10334.96	10026.92	7581.88	251.96	187.67
PTHR19134	1220.24	1168.89	1716.0	89.69	66.8
PTHR19139	7278.66	6970.67	635.0	26.01	19.38
PTHR30566	5384.71	5230.68	3115.03	120.07	89.42
PTHR12459	3650.0	3598.66	524.0	8.87	6.6
PTHR12456	1358.0	1255.32	36.0	3.5	2.61
PTHR12452	883.55	832.21	415.0	30.52	22.73
PTHR19359	5164.86	4908.14	3870.0	351.39	261.7
PTHR12072	4651.69	4446.33	841.0	45.76	34.08
PTHR13218	799.0	747.66	45.0	3.69	2.75
PTHR13215	1421.21	1318.53	59.0	5.27	3.93
PTHR13213	3313.0	3158.98	678.0	37.97	28.28
PTHR10809	1045.4	994.06	283.0	17.41	12.96
PTHR12290	422.0	370.67	13.0	2.16	1.61
PTHR21530	7726.78	7470.14	2823.0	75.45	56.2
PTHR12295	7123.0	7020.32	3245.0	56.5	42.09
PTHR12298	2689.0	2534.98	279.0	17.2	12.81
PTHR10638	2390.0	2338.66	996.96	25.98	19.35
PTHR10631	1120.0	1068.66	55.0	3.15	2.34
PTHR10984	5135.8	4981.77	3211.24	118.48	88.24
PTHR12858	3918.55	3815.86	850.0	25.81	19.22
PTHR13505	838.0	786.66	145.0	11.29	8.41
PTHR12850	783.0	731.66	15225.54	1274.89	949.53
PTHR12856	1049.0	946.33	31.0	4.17	3.1
PTHR12855	1808.0	1756.66	209.01	7.26	5.41
PTHR12854	1988.0	1936.66	825.28	25.98	19.35
PTHR21737	1153.0	1101.66	93.0	5.16	3.84
PTHR13190	1875.0	1772.32	262.0	17.55	13.07
PTHR13182	1493.09	1441.75	357.0	15.11	11.26
PTHR10855	3305.0	3202.32	2512.0	83.14	61.92
PTHR10585	1288.0	1236.66	995.0	49.14	36.6
PTHR10743	992.0	940.66	398.0	25.88	19.27
PTHR10742	26934.08	26009.97	18010.74	572.16	426.14
PTHR10745	2337.0	2285.66	2910.97	77.62	57.81
PTHR10744	1904.0	1750.0	29642.21	2897.56	2158.08
PTHR10746	3378.0	3275.32	5314.0	280.52	208.93
PTHR11528	8515.02	8258.32	18524.02	565.84	421.44
PTHR12924	1240.0	1188.66	4539.34	233.29	173.75
PTHR11349	2181.0	2026.98	11573.11	1134.46	844.94
PTHR10566	35951.42	35027.3	24437.78	573.05	426.82
PTHR11588	4914.0	4657.43	63580.66	2319.0	1727.17
PTHR10291	4934.0	4831.32	326.0	6.29	4.68
PTHR11584	8870.0	8715.98	6737.48	131.24	97.74
PTHR11586	860.91	809.56	413.0	31.23	23.26
PTHR11909	8043.0	7786.3	9459.75	320.71	238.87
PTHR23429	2901.0	2849.66	5951.21	127.22	94.75
PTHR24320	13393.03	12879.62	4397.99	184.38	137.32
PTHR24322	21531.4	20658.82	25107.66	927.28	690.64
PTHR11907	4510.51	4407.83	2919.1	95.35	71.02
PTHR11760	873.0	821.66	27235.96	2029.13	1511.28
PTHR11761	1791.0	1688.32	22523.24	2236.18	1665.49
PTHR11766	1901.0	1849.66	217.0	7.15	5.33
PTHR11767	3084.03	2981.35	2526.93	100.24	74.66
PTHR10361	6371.56	6166.19	2167.69	83.35	62.08
PTHR10366	24385.55	23461.44	22691.62	971.72	723.71
PTHR10169	7128.0	6922.64	1787.0	58.3	43.41
PTHR10168	8430.0	8070.63	2780.18	265.76	197.93
PTHR20973	912.0	860.66	34.0	2.42	1.8
PTHR10165	5350.98	5196.96	2332.75	81.17	60.46
PTHR31032	2856.0	2753.32	8538.78	337.06	251.03
PTHR23257	228980.93	221075.48	151072.95	4765.39	3549.31
PTHR23253	6190.0	5933.31	6510.02	323.73	241.12
PTHR14190	1107.0	1004.33	228.0	26.57	19.78
PTHR14194	12357.0	11894.94	2969.14	163.02	121.42
PTHR19957	7473.24	7267.88	3569.43	125.91	93.77
PTHR31251	33540.41	32103.05	12454.56	562.59	419.02
PTHR23074	9487.89	9077.16	5201.06	217.13	161.71
PTHR23077	16782.23	15653.14	3609.88	217.18	161.76
PTHR23076	23767.32	22894.87	20961.58	776.98	578.69
PTHR30239	1935.0	1883.66	5324.99	172.39	128.39
PTHR23073	13796.6	13283.2	9951.56	458.7	341.64
PTHR23078	2614.0	2562.66	806.94	19.19	14.29
PTHR11165	932.0	880.66	3029.98	210.52	156.8
PTHR32100	5960.0	5805.98	18531.22	547.21	407.55
PTHR14534	591.0	539.66	27.0	3.07	2.29
PTHR14445	4982.04	4776.66	2698.14	178.8	133.18
PTHR23102	603.74	552.4	79.0	8.78	6.54
PTHR23105	4782.0	4525.3	72708.11	4586.91	3416.3
PTHR11010	3463.5	3360.82	13541.39	544.43	405.49
PTHR12668	1048.0	996.66	428.0	26.26	19.56
PTHR12661	1331.0	1279.66	235.0	11.21	8.35
PTHR12663	4658.0	4452.64	132.0	7.72	5.75
PTHR12664	1613.0	1510.41	209.98	17.12	12.75
PTHR16166	25245.34	24629.23	5144.97	130.68	97.35
PTHR12111	2090.0	1987.32	983.0	65.86	49.05
PTHR12447	1719.0	1667.66	371.99	13.61	10.14
PTHR15481	404.0	352.68	85.0	14.88	11.08
PTHR21477	5236.07	5082.04	5870.25	158.18	117.81
PTHR26379	2735.0	2632.32	5486.97	224.1	166.9
PTHR12599	1381.0	1278.32	258.0	25.23	18.79
PTHR12596	2897.0	2794.32	293.0	13.72	10.22
PTHR12590	1225.0	1122.32	58.0	6.5	4.85
PTHR12066	2325.3	2119.94	114.0	12.93	9.63
PTHR12064	8379.77	8123.06	3394.26	109.0	81.18
PTHR13226	3173.0	3070.32	504.0	18.24	13.58
PTHR13889	6224.0	6069.98	5321.98	159.94	119.12
PTHR13887	2259.17	2105.15	183.08	18.16	13.52
PTHR21181	1666.0	1563.32	460.0	56.91	42.39
PTHR12412	1264.65	1213.3	303.93	15.3	11.4
PTHR13948	1329.11	1226.56	199.0	19.89	14.81
PTHR12146	1080.0	977.42	11163.18	959.99	714.99
PTHR11453	2510.0	2458.66	226.0	5.6	4.17
PTHR21506	1502.71	1451.36	496.27	20.87	15.54
PTHR12280	2305.05	2202.36	888.87	48.1	35.82
PTHR11451	8032.0	7775.43	7448.96	207.43	154.48
PTHR12286	5207.0	5052.98	1243.0	43.56	32.43
PTHR12415	3251.21	3199.87	1833.0	34.89	25.98
PTHR30573	2706.0	2654.66	1954.01	44.85	33.4
PTHR22983	6712.78	6456.07	1220.01	56.08	41.76
PTHR22981	7674.0	7519.98	22444.76	574.5	427.88
PTHR30191	4098.0	4046.66	24285.46	365.36	272.12
PTHR13082	1314.0	1262.66	929.05	44.94	33.47
PTHR10629	20001.43	19488.01	5587.6	192.61	143.43
PTHR10994	10533.35	10173.97	6041.47	261.08	194.44
PTHR10996	8624.75	8316.71	3255.24	132.95	99.02
PTHR10997	17627.0	17113.69	5446.0	99.53	74.12
PTHR10992	45976.6	44231.16	10300.0	446.83	332.82
PTHR10993	1971.0	1868.32	143.0	9.62	7.16
PTHR17695	7139.0	6779.63	740.0	45.1	33.59
PTHR12849	901.0	849.66	238.0	17.14	12.77
PTHR10943	7835.0	7732.32	7117.25	114.6	85.36
PTHR12847	4682.0	4527.98	1608.02	55.87	41.61
PTHR21290	5111.51	4957.47	588.0	20.96	15.61
PTHR21349	2276.0	2173.32	5503.0	373.85	278.44
PTHR21347	2426.85	2324.17	1450.71	71.34	53.14
PTHR21343	3144.0	3041.32	1440.0	41.61	30.99
PTHR10196	9430.05	9224.68	2115.0	57.84	43.08
PTHR10192	3538.0	3435.32	2393.57	81.08	60.38
PTHR10751	1910.0	1858.66	206.0	6.76	5.03
PTHR10755	2302.24	2199.56	13456.85	616.11	458.87
PTHR10758	1460.0	1408.66	453.0	19.63	14.62
PTHR13152	703.0	651.66	26.0	2.45	1.82
PTHR12932	4928.51	4723.15	540.91	31.42	23.41
PTHR12934	1159.0	1107.66	404.0	22.29	16.6
PTHR10288	12380.84	12072.8	20445.12	482.31	359.22
PTHR11800	2756.66	2653.98	883.0	44.03	32.79
PTHR11802	4240.0	4085.98	2474.61	79.44	59.17
PTHR11804	9220.0	8809.37	6814.34	266.21	198.28
PTHR11808	7513.25	7256.63	7611.81	216.92	161.55
PTHR10283	12720.07	12309.41	17130.35	382.78	285.1
PTHR10286	3202.0	3099.32	7339.1	292.33	217.72
PTHR13734	4044.0	3941.32	792.0	22.92	17.07
PTHR11579	3004.0	2901.32	414.0	17.49	13.03
PTHR13718	2775.0	2672.32	22019.23	1174.3	874.61
PTHR13711	8989.03	8680.99	9564.17	228.28	170.04
PTHR13710	8955.8	8545.21	388.0	16.68	12.43
PTHR11977	1773.75	1722.47	2407.0	85.23	63.48
PTHR11972	10398.1	10141.41	7045.11	172.04	128.13
PTHR31480	2646.0	2594.66	2279.35	53.52	39.86
PTHR31485	12646.0	12337.96	2812.02	84.16	62.7
PTHR11715	942.0	890.66	7275.33	499.78	372.23
PTHR11717	2102.0	1896.7	217.0	24.49	18.24
PTHR11711	14577.48	14012.74	20068.65	937.46	698.21
PTHR11712	23924.74	22847.09	8208.64	236.56	176.19
PTHR10374	5175.0	4969.64	10878.04	512.19	381.47
PTHR10178	19311.28	18746.6	16572.03	423.19	315.18
PTHR11482	3289.7	3187.04	5340.0	199.88	148.87
PTHR10173	4198.0	3992.64	3996.63	238.83	177.88
PTHR10177	9906.4	9598.36	10505.26	402.15	299.51
PTHR10174	14087.39	13522.68	14244.6	570.21	424.68
PTHR23249	2131.0	2028.32	927.71	75.03	55.88
PTHR23244	19219.89	18706.49	5005.48	137.37	102.28
PTHR23245	2236.46	2082.44	181.0	15.43	11.49
PTHR23240	4301.98	4096.66	384.01	20.72	15.44
PTHR14614	10217.65	9806.93	2041.06	90.06	67.07
PTHR31268	6788.58	6583.28	611.0	16.95	12.63
PTHR31262	738.0	686.66	2.0	0.18	0.13
PTHR23063	4607.0	4452.98	1528.0	62.95	46.89
PTHR11620	679.0	627.66	16056.16	1569.1	1168.66
PTHR11624	11244.13	10833.54	60002.22	2586.39	1926.33
PTHR11627	2928.0	2773.99	59144.59	3173.29	2363.45
PTHR11390	5495.4	5290.16	927.33	24.55	18.29
PTHR31620	4035.0	3932.32	31390.37	785.76	585.23
PTHR31319	2688.76	2637.41	20603.14	475.95	354.48
PTHR14052	1812.09	1760.75	646.0	22.38	16.67
PTHR32118	1854.0	1802.66	6155.35	208.25	155.1
PTHR23117	3161.3	3058.62	2034.0	77.21	57.51
PTHR23115	46853.89	45467.77	305238.86	10148.28	7558.35
PTHR11028	2347.0	2244.32	4504.38	247.28	184.17
PTHR11024	1434.0	1382.66	367.0	16.2	12.07
PTHR12841	1033.0	981.66	180.0	11.21	8.35
PTHR11777	4022.0	3970.66	3029.86	46.46	34.6
PTHR12616	2731.3	2577.27	1035.08	75.6	56.31
PTHR12613	1854.0	1802.66	150.0	5.07	3.78
PTHR12612	1130.0	1078.66	1446.93	81.98	61.06
PTHR32060	5064.08	4807.41	2495.61	80.97	60.3
PTHR12436	1873.0	1719.04	167.63	17.26	12.86
PTHR22734	2627.0	2524.32	638.0	32.77	24.41
PTHR12121	12914.5	12195.79	7811.74	443.65	330.43
PTHR12438	1627.0	1575.66	117.0	4.53	3.37
PTHR11757	4674.21	4520.2	7349.97	200.51	149.34
PTHR15492	1117.12	1065.78	396.34	22.73	16.93
PTHR21426	2119.0	2016.32	134.0	8.1	6.03
PTHR21427	1996.0	1944.66	556.0	17.43	12.98
PTHR13161	2042.0	1887.98	535.0	51.9	38.65
PTHR19372	2797.0	2694.32	774.0	25.91	19.3
PTHR19370	2875.0	2772.32	3589.98	168.66	125.63
PTHR19376	13379.52	13122.82	8781.34	190.87	142.15
PTHR19375	13563.49	13050.34	25801.24	1091.53	812.96
PTHR12725	5046.5	4738.59	1547.3	103.11	76.8
PTHR13890	7084.71	6674.07	2801.67	140.66	104.76
PTHR22883	10221.1	9810.38	1051.0	40.85	30.4
PTHR22880	9681.31	9219.25	2047.72	109.99	81.91
PTHR12542	2413.0	2259.08	135.0	9.38	6.99
PTHR12124	2679.0	2576.32	279.0	11.11	8.27
PTHR21512	2713.0	2610.32	341.0	14.53	10.82
PTHR30508	3786.0	3683.32	3637.0	112.11	83.51
PTHR30502	1508.0	1456.66	385.0	16.13	12.01
PTHR10617	10313.62	9903.02	65305.32	2186.21	1628.29
PTHR10615	6293.0	6036.3	2176.0	101.67	75.73
PTHR13527	1540.0	1488.66	1011.99	41.49	30.9
PTHR22958	6511.06	6357.03	20007.59	534.56	398.14
PTHR22951	1367.92	1316.58	527.0	24.44	18.2
PTHR22950	36760.68	35528.57	22967.54	576.13	429.08
PTHR22953	19855.01	19392.93	21297.27	603.79	449.71
PTHR22952	12670.97	12414.27	15087.18	430.21	320.43
PTHR22957	13663.93	13150.54	4401.1	187.4	139.61
PTHR21600	1591.0	1539.66	468.0	18.55	13.81
PTHR24056	15726.34	15264.28	5896.92	168.11	125.2
PTHR24054	1353.0	1301.66	1325.03	62.16	46.3
PTHR24055	12488.72	12078.0	9298.95	296.14	220.57
PTHR24058	6474.91	6167.03	2361.77	132.41	98.62
PTHR10766	10140.0	9985.98	10360.48	209.32	155.9
PTHR10762	3050.48	2947.79	425.0	19.11	14.23
PTHR30031	6117.76	5809.74	50330.63	1185.18	882.71
PTHR12945	2791.99	2689.31	127.0	6.44	4.79
PTHR12944	1727.17	1624.5	122.0	8.03	5.98
PTHR24128	9275.6	9018.9	2373.13	82.09	61.14
PTHR13096	2317.25	2214.55	637.0	34.66	25.82
PTHR11365	3553.16	3501.82	941.0	16.36	12.19
PTHR10548	4260.84	4055.49	6139.09	359.52	267.77
PTHR11817	9249.24	9043.87	17332.78	451.51	336.27
PTHR11814	10381.32	9868.16	3849.27	161.75	120.47
PTHR11363	1439.0	1387.66	48493.29	2133.33	1588.89
PTHR10543	7764.0	7404.74	1124.0	43.55	32.43
PTHR10540	3629.34	3475.32	2507.0	123.59	92.05
PTHR13931	3303.42	3149.58	1550.71	86.39	64.35
PTHR12965	3036.0	2933.34	417.72	16.44	12.25
PTHR10544	651.74	600.39	13042.19	1332.94	992.76
PTHR11562	3772.36	3567.07	1004.0	71.82	53.49
PTHR11566	18019.0	17710.96	10689.05	211.84	157.77
PTHR11567	4844.38	4690.35	954.0	44.83	33.39
PTHR11564	5195.0	4938.3	1495.07	66.04	49.18
PTHR11962	4310.0	4156.04	1869.25	45.83	34.13
PTHR11963	4266.58	4112.59	747.0	24.22	18.05
PTHR10381	8446.52	8035.8	21247.25	1084.13	807.46
PTHR10383	4921.0	4818.32	2796.28	60.15	44.79
PTHR11705	1231.0	1179.66	103.0	5.33	3.97
PTHR11702	9529.23	9169.84	2271.0	103.3	76.93
PTHR11700	1379.0	1276.32	21102.59	2220.89	1654.1
PTHR10388	855.0	803.66	8058.37	613.9	457.23
PTHR11709	8325.0	8068.42	2367.97	48.7	36.27
PTHR10145	4981.0	4878.32	1197.0	28.81	21.46
PTHR23273	4123.45	4020.76	1557.28	43.54	32.42
PTHR23270	5963.0	5603.72	1022.0	72.5	53.99
PTHR23050	3435.0	3229.64	12534.55	878.36	654.2
PTHR23056	1987.0	1884.32	598.0	39.08	29.11
PTHR23054	1172.0	1120.66	181.0	9.87	7.35
PTHR11638	13999.31	13537.35	32009.04	618.65	460.77
PTHR31783	5563.0	5511.66	5773.03	63.74	47.47
PTHR23291	4329.0	4226.32	2141.13	92.94	69.22
PTHR11630	17285.57	16823.51	4553.14	137.85	102.67
PTHR11140	4008.0	3956.66	3089.03	47.53	35.4
PTHR11141	3167.0	3115.66	2402.24	46.96	34.98
PTHR11142	6224.78	5865.42	917.0	59.65	44.43
PTHR11380	460.0	408.67	220.99	33.31	24.81
PTHR11384	10029.7	9516.41	1801.98	87.45	65.13
PTHR32477	2054.0	2002.66	108.0	3.29	2.45
PTHR14043	1196.0	1093.41	70.0	6.9	5.14
PTHR32472	1797.33	1694.64	179.0	12.51	9.32
PTHR31658	1728.0	1625.32	202.0	15.23	11.35
PTHR14269	3522.61	3368.69	1751.99	98.09	73.05
PTHR22884	18368.9	17650.16	3864.86	160.45	119.49
PTHR23125	34576.47	33447.02	14657.43	415.66	309.61
PTHR12050	3349.0	3297.66	572.0	10.56	7.87
PTHR19879	2112.0	2009.32	66.0	3.86	2.87
PTHR19211	14272.22	13604.86	7694.29	370.38	275.85
PTHR12547	5105.0	4848.3	2822.24	111.76	83.24
PTHR12608	3284.79	3130.83	2794.4	130.74	97.37
PTHR12604	1349.34	1298.02	1312.61	61.74	45.98
PTHR12603	3307.0	3204.32	1087.0	46.39	34.56
PTHR32091	1512.0	1460.66	1226.06	51.23	38.16
PTHR32098	3876.0	3670.76	241.0	13.04	9.7
PTHR18763	1558.0	1506.66	206.0	8.34	6.21
PTHR22726	5715.5	5510.14	7696.92	244.61	182.18
PTHR22727	3835.0	3783.66	1777.01	28.6	21.3
PTHR12428	5040.05	4834.69	3097.82	105.03	78.22
PTHR18968	11232.0	10821.29	65330.63	1639.55	1221.14
PTHR12735	2910.0	2755.98	1548.7	101.13	75.31
PTHR15020	7455.8	7147.76	4038.6	176.51	131.48
PTHR12049	2131.41	2028.75	296.0	11.72	8.73
PTHR12558	4641.0	4486.98	1020.0	36.95	27.52
PTHR12553	7255.77	6947.73	1014.26	49.77	37.07
PTHR24072	2621.0	2569.66	692.0	16.41	12.22
PTHR11477	2985.0	2831.0	484.0	25.55	19.02
PTHR24073	12687.53	12122.83	20720.57	1017.65	757.93
PTHR21569	1462.0	1359.32	22407.2	2323.62	1730.62
PTHR10491	1185.0	1133.66	142.0	7.65	5.7
PTHR21567	6031.0	5825.64	1406.0	42.43	31.59
PTHR13950	3753.55	3702.2	430.07	7.07	5.27
PTHR12133	1078.0	1026.66	82.0	4.88	3.64
PTHR10972	7734.0	7528.64	5389.93	176.31	131.32
PTHR10606	975.0	872.33	156.0	21.87	16.29
PTHR10971	8064.21	7910.19	4357.0	84.24	62.74
PTHR13393	986.0	934.66	32.0	2.09	1.56
PTHR13395	1403.0	1300.32	165.0	14.85	11.06
PTHR11680	5793.23	5639.21	32505.18	986.19	734.5
PTHR22893	6007.8	5751.3	5994.0	207.46	154.51
PTHR10778	5100.0	4894.64	1366.79	71.21	53.05
PTHR24064	10870.75	10614.03	7901.05	195.76	145.8
PTHR24063	16640.92	16024.91	21214.95	721.01	536.99
PTHR21011	1933.0	1830.32	9585.94	575.12	428.34
PTHR10772	2995.0	2840.98	4483.82	275.51	205.2
PTHR10774	14081.87	13517.22	9230.79	583.18	434.35
PTHR24068	2443.0	2340.32	3416.61	198.85	148.1
PTHR12959	2303.0	2251.66	103.0	2.79	2.08
PTHR24115	49122.61	47993.29	17654.11	381.22	283.93
PTHR10961	1812.81	1710.13	110.0	7.62	5.67
PTHR11825	9292.82	8984.78	5165.01	180.97	134.79
PTHR11822	2452.0	2400.66	5609.58	142.4	106.06
PTHR10803	1624.51	1521.85	290.0	23.04	17.16
PTHR10806	751.0	699.66	159.0	13.93	10.37
PTHR10804	12759.59	12400.21	11982.26	493.74	367.74
PTHR11556	4465.3	4311.28	16088.32	648.78	483.21
PTHR11558	1273.0	1221.66	3525.99	176.29	131.3
PTHR13773	4778.0	4675.32	2889.0	133.49	99.42
PTHR10537	1824.0	1772.66	56.0	1.93	1.44
PTHR11953	3036.0	2830.64	298.0	24.96	18.58
PTHR11952	6600.6	6446.57	2464.02	92.05	68.57
PTHR11956	2215.0	2163.66	2887.96	81.36	60.6
PTHR11959	3036.0	2933.32	889.01	36.2	26.96
PTHR11739	3810.0	3707.32	3437.94	109.19	81.33
PTHR11732	27474.91	26550.89	9267.31	313.37	233.42
PTHR11731	8091.01	7731.74	1520.16	68.76	51.21
PTHR11730	15021.52	14457.01	138458.6	3384.34	2520.61
PTHR11735	2340.0	2237.32	565.0	28.28	21.06
PTHR10394	1371.0	1268.32	33066.8	2399.25	1786.94
PTHR20941	1546.0	1392.04	46.0	5.92	4.41
PTHR31065	4093.86	3991.18	19637.26	485.87	361.87
PTHR13600	8027.96	7822.59	969.0	36.0	26.81
PTHR31066	3024.0	2972.66	1909.0	39.12	29.13
PTHR13604	1561.0	1509.66	27.0	1.09	0.81
PTHR23264	6421.6	6267.57	15095.06	324.45	241.65
PTHR23269	1834.0	1782.66	338.0	11.56	8.61
PTHR31204	1388.0	1336.66	90.0	4.11	3.06
PTHR31201	4381.43	4278.75	749.0	21.89	16.3
PTHR31209	1186.6	1135.26	396.0	21.31	15.87
PTHR11607	2133.0	2081.66	1312.82	38.45	28.63
PTHR15074	740.0	688.66	10.0	0.89	0.66
PTHR11601	8587.0	8278.96	5108.0	164.74	122.71
PTHR32467	9938.71	9477.01	2506.56	74.83	55.73
PTHR14255	11320.37	10909.64	2143.23	90.22	67.19
PTHR31840	694.0	642.66	65.0	6.2	4.62
PTHR23130	1778.52	1727.18	811.0	28.64	21.33
PTHR23133	1304.0	1252.66	1060.0	51.68	38.49
PTHR23135	5040.76	4938.07	38065.44	527.77	393.08
PTHR23138	2392.0	2289.32	3245.11	170.64	127.09
PTHR23139	11989.11	11578.37	12481.79	598.4	445.68
PTHR31682	1615.0	1563.66	1106.08	43.16	32.15
PTHR11040	1808.0	1654.09	927.32	55.98	41.69
PTHR11043	832.0	780.66	200.0	15.69	11.68
PTHR11042	6461.46	6256.1	1120.06	38.25	28.49
PTHR11048	4533.36	4328.11	4023.9	172.58	128.54
PTHR14005	3537.0	3485.66	2291.91	40.04	29.82
PTHR15818	1419.0	1316.32	227.0	20.45	15.23
PTHR12636	1097.0	1045.66	376.62	22.02	16.4
PTHR14490	2282.85	2128.84	2932.95	157.93	117.63
PTHR14493	22937.93	22373.19	47294.15	963.55	717.64
PTHR15651	2607.72	2556.37	230.0	5.48	4.08
PTHR12380	3739.0	3533.64	4083.57	230.96	172.02
PTHR12385	6405.8	6200.43	7204.86	286.51	213.4
PTHR12706	8095.74	7839.04	982.0	35.93	26.74
PTHR12709	1652.0	1549.32	621.0	50.87	37.9
PTHR12561	794.0	742.66	122.0	10.06	7.49
PTHR12560	3251.0	3148.32	1641.94	60.5	45.06
PTHR11203	5951.17	5797.13	2978.48	64.3	47.89
PTHR12097	4049.28	3997.94	2436.83	37.11	27.64
PTHR11200	9317.79	9009.75	3923.06	127.23	94.76
PTHR21576	4753.0	4598.98	2159.0	90.89	67.7
PTHR10046	5195.98	4939.46	919.0	62.3	46.4
PTHR12419	4190.0	3984.64	972.08	57.73	43.0
PTHR23338	5063.05	5011.7	1627.02	19.76	14.72
PTHR30525	1707.0	1655.66	1397.0	51.47	38.34
PTHR12413	3301.73	3199.05	438.0	17.01	12.67
PTHR12411	63613.96	61765.85	105782.05	2902.64	2161.9
PTHR23339	3746.0	3591.99	87.0	4.35	3.24
PTHR10947	3304.37	3201.68	2167.86	76.69	57.12
PTHR21717	694.0	642.66	47.0	4.49	3.34
PTHR21712	2704.0	2601.32	599.0	24.77	18.46
PTHR12897	3235.0	3132.32	1191.0	45.95	34.21
PTHR12894	5464.42	5207.72	607.01	39.03	29.08
PTHR12891	1045.0	993.66	21.0	1.29	0.96
PTHR22976	8882.92	8574.9	43860.29	1115.54	830.84
PTHR22975	11775.14	11415.87	64982.81	1140.64	849.55
PTHR22970	2189.0	2086.32	674.0	29.95	22.3
PTHR14145	3013.0	2910.32	2172.09	89.66	66.79
PTHR21377	863.0	811.66	87.0	6.56	4.89
PTHR21371	2164.0	2112.66	18325.1	528.76	393.82
PTHR21373	2045.0	1891.03	252.0	23.4	17.43
PTHR22573	7774.94	7569.58	10645.57	392.51	292.34
PTHR22572	12769.45	12410.07	25983.77	834.75	621.71
PTHR13060	1675.0	1623.66	92.0	3.46	2.57
PTHR21000	2328.03	2276.69	10907.49	292.0	217.48
PTHR10701	1166.28	1114.93	1554.62	85.2	63.46
PTHR13162	7454.0	7402.66	7962.05	65.44	48.74
PTHR13165	1508.29	1456.94	672.11	28.16	20.97
PTHR21396	1678.0	1575.32	944.58	72.48	53.98
PTHR13069	3065.0	2962.32	226.0	9.04	6.73
PTHR13068	8071.56	7763.55	6667.47	304.89	227.07
PTHR24106	5426.0	5271.98	2147.0	76.8	57.19
PTHR24103	3674.0	3468.64	471.0	28.73	21.4
PTHR11540	4555.0	4298.3	20327.33	1001.39	745.82
PTHR10836	4144.0	3938.68	137752.05	5987.88	4459.73
PTHR10835	2444.0	2392.66	1717.0	43.73	32.57
PTHR11545	2518.0	2363.98	34684.1	2406.41	1792.28
PTHR10012	1497.0	1445.66	397.98	16.8	12.51
PTHR13768	2893.32	2790.65	2049.0	91.66	68.27
PTHR24078	14078.2	13564.91	4114.9	176.74	131.62
PTHR11946	21685.68	21120.94	14768.0	407.89	303.8
PTHR11947	4326.0	4223.32	7811.67	199.25	148.4
PTHR11941	10889.09	10478.49	15747.44	454.51	338.51
PTHR10497	2064.0	2012.66	36049.39	1092.02	813.33
PTHR10496	307.0	255.79	0.0	0.0	0.0
PTHR24076	24283.14	23307.71	10107.35	362.42	269.93
PTHR24077	17395.77	16625.66	6192.65	305.77	227.77
PTHR11728	6259.52	6105.48	3447.73	103.67	77.22
PTHR11726	963.0	911.66	24931.96	1673.0	1246.04
PTHR11727	3331.0	3176.98	871.0	54.29	40.44
PTHR11721	781.0	729.66	20789.94	1745.63	1300.13
PTHR11722	892.8	841.46	19363.7	1408.46	1049.01
PTHR10120	1841.0	1789.66	1865.0	63.56	47.34
PTHR10122	1212.0	1160.66	18058.81	950.58	707.99
PTHR11831	938.0	886.66	31226.99	2154.87	1604.93
PTHR11835	1842.0	1790.66	1578.01	53.75	40.03
PTHR11614	1684.1	1632.76	435.0	16.25	12.11
PTHR11615	17858.67	16986.24	71136.48	2956.09	2201.68
PTHR11618	5037.11	4831.74	2114.03	92.5	68.89
PTHR32419	2061.0	2009.66	140.0	4.25	3.16
PTHR10231	3210.54	3056.52	636.0	32.13	23.93
PTHR10233	8119.82	7863.12	3095.74	115.52	86.05
PTHR31503	5543.82	5338.45	4456.0	180.88	134.72
PTHR23147	2048.7	1946.04	3104.01	242.87	180.89
PTHR23140	2279.1	2176.42	577.0	31.94	23.79
PTHR23142	2611.49	2508.8	743.23	32.14	23.94
PTHR23149	1541.0	1438.32	749.0	71.61	53.34
PTHR23148	1002.17	950.82	230.0	14.79	11.02
PTHR11361	14158.29	13645.11	2720.0	69.05	51.43
PTHR11056	3175.83	3073.15	2928.94	134.83	100.42
PTHR11055	5173.1	5019.07	5301.0	185.83	138.41
PTHR32251	4301.72	4147.69	1633.99	60.73	45.24
PTHR31695	2265.0	2162.32	429.05	25.3	18.84
PTHR11819	3820.0	3717.36	12539.07	227.83	169.68
PTHR22767	6244.0	6038.64	1132.0	47.49	35.38
PTHR22765	8995.0	8738.38	6228.87	177.24	132.01
PTHR12629	1743.0	1691.66	4921.48	177.47	132.18
PTHR18945	4437.66	4283.63	1677.0	69.81	51.99
PTHR26402	18779.14	18266.04	14116.86	277.44	206.63
PTHR19384	8284.0	7924.64	15827.98	707.21	526.73
PTHR12714	6188.85	5983.48	2954.72	109.48	81.54
PTHR32523	1434.0	1382.66	339.01	14.97	11.15
PTHR12570	4037.11	3883.09	896.31	42.55	31.69
PTHR21494	2138.0	2035.32	120.0	7.21	5.37
PTHR21145	3533.24	3430.56	1523.82	55.09	41.03
PTHR21496	3471.0	3265.64	2027.0	168.35	125.37
PTHR21493	38140.93	36754.86	7517.83	374.76	279.11
PTHR21499	3814.68	3712.04	14294.67	256.38	190.95
PTHR21148	4302.0	4096.64	1636.84	83.94	62.53
PTHR12083	2128.0	2025.32	115.0	7.17	5.33
PTHR19854	5475.83	5321.8	530.44	10.9	8.12
PTHR30535	5260.53	5106.53	5399.03	205.45	153.01
PTHR19855	3505.0	3402.32	616.4	23.5	17.5
PTHR19852	1270.0	1218.66	326.0	16.34	12.17
PTHR16128	3871.48	3717.59	536.0	22.45	16.72
PTHR12400	3822.0	3719.36	1517.03	45.4	33.81
PTHR13572	2016.7	1965.35	135.0	4.19	3.12
PTHR30314	6467.0	6261.66	6186.95	181.97	135.53
PTHR12882	688.0	636.66	213.0	20.52	15.28
PTHR12883	1449.0	1397.66	781.99	34.15	25.44
PTHR16255	6790.0	6584.64	4289.98	132.9	98.99
PTHR16254	7859.72	7705.7	4792.77	110.98	82.66
PTHR13373	1546.0	1494.66	185.16	7.56	5.63
PTHR13375	1448.0	1396.66	339.0	14.82	11.04
PTHR22967	1291.0	1239.66	151.0	7.44	5.54
PTHR10150	3927.72	3773.75	405.0	16.31	12.14
PTHR30222	1593.0	1541.66	99.0	3.92	2.92
PTHR13115	2358.0	2306.66	626.0	16.54	12.32
PTHR13117	1932.0	1880.66	3169.0	102.75	76.53
PTHR13285	1761.0	1607.01	8.0	0.97	0.72
PTHR13288	1305.0	1253.66	88.0	4.29	3.19
PTHR10953	16573.47	16008.8	5634.58	163.56	121.8
PTHR10954	1974.0	1871.32	220.0	14.38	10.71
PTHR21726	711.97	660.63	42.0	3.9	2.9
PTHR10956	1380.0	1328.66	39464.28	1813.55	1350.72
PTHR10826	1172.0	1120.66	1923.61	104.89	78.12
PTHR11533	7564.0	7409.98	5507.07	110.82	82.53
PTHR11532	3802.0	3545.3	5551.01	446.94	332.88
PTHR10000	5422.92	5268.9	1515.0	50.4	37.55
PTHR13021	1412.0	1360.66	410.03	18.4	13.7
PTHR10108	51800.64	50003.8	27059.57	826.96	615.89
PTHR24007	4372.68	4270.0	1571.15	41.15	30.65
PTHR24006	27162.97	26187.5	7575.41	343.31	255.68
PTHR24003	31905.63	30570.82	21684.73	720.78	536.81
PTHR31446	1048.0	996.66	1403.0	86.07	64.11
PTHR31190	3963.69	3809.7	1936.96	74.37	55.39
PTHR11441	1551.0	1499.66	1366.0	55.59	41.4
PTHR11440	2341.0	2238.32	304.0	14.3	10.65
PTHR11999	7812.59	7556.0	5777.73	159.01	118.43
PTHR11998	5138.0	4983.98	4128.33	168.51	125.51
PTHR11449	883.0	780.35	17144.6	2279.83	1698.0
PTHR11994	754.0	702.66	26064.97	2273.29	1693.13
PTHR10133	13265.48	12957.57	2437.75	51.18	38.13
PTHR13620	9821.17	9410.56	2892.17	139.09	103.6
PTHR11847	800.0	748.66	23259.7	1903.08	1417.4
PTHR11843	692.0	640.66	33600.74	3216.48	2395.62
PTHR11661	3035.0	2880.98	21003.92	1461.46	1088.49
PTHR11662	21640.0	21023.93	18502.57	422.43	314.61
PTHR11669	5576.0	5370.64	2502.45	97.06	72.29
PTHR11668	10846.0	10383.94	15650.13	708.21	527.48
PTHR20856	9697.5	9389.46	4835.04	136.68	101.8
PTHR20854	5888.0	5631.3	2280.0	113.32	84.39
PTHR20855	2886.0	2783.32	1469.0	61.9	46.1
PTHR20852	4859.0	4653.63	68392.93	2431.51	1810.97
PTHR32404	3068.36	2965.67	1764.0	73.98	55.1
PTHR20858	3584.0	3429.98	6381.34	322.47	240.18
PTHR10634	697.0	645.66	1371.05	130.22	96.99
PTHR14237	9246.59	8887.47	4041.03	87.5	65.18
PTHR11143	816.0	764.66	29382.83	2353.41	1752.81
PTHR23155	157746.18	152509.85	52151.03	1292.26	962.5
PTHR23153	7017.54	6658.17	2831.27	194.84	145.13
PTHR23151	7601.26	7139.31	9379.72	627.23	467.14
PTHR11063	3315.0	3212.32	2878.32	111.0	82.67
PTHR11062	20257.95	19539.22	3315.96	95.35	71.01
PTHR11061	3876.0	3568.04	262.0	21.1	15.71
PTHR11065	3987.41	3833.39	9343.74	435.6	324.43
PTHR11064	2089.0	1986.32	2612.29	108.25	80.62
PTHR11260	14863.35	14401.39	6477.83	208.61	155.36
PTHR11264	1522.0	1470.66	734.0	30.46	22.69
PTHR11266	11922.71	11409.31	16551.96	611.53	455.47
PTHR13501	779.0	727.66	3262.5	274.69	204.59
PTHR31998	5891.0	5736.98	84435.09	1625.92	1210.97
PTHR31221	2996.5	2893.82	772.93	31.64	23.57
PTHR15838	1026.48	923.87	41.0	5.4	4.01
PTHR32338	1527.0	1475.66	2683.85	111.0	82.67
PTHR31407	3578.0	3423.98	3901.42	232.34	173.05
PTHR15744	1125.42	1022.75	250.0	27.37	20.38
PTHR20932	1459.35	1408.0	696.0	30.17	22.47
PTHR18952	1776.0	1724.66	251.93	8.91	6.64
PTHR10552	1229.0	1177.66	427.0	22.15	16.5
PTHR25040	6398.0	6192.64	14504.16	384.65	286.49
PTHR12765	1200.0	1097.32	170.0	18.56	13.82
PTHR12505	3138.27	3035.58	435.0	20.6	15.35
PTHR21481	2826.0	2723.32	126.0	5.64	4.2
PTHR22778	5034.0	4777.31	1445.0	59.46	44.3
PTHR19446	12376.6	12068.55	52768.81	1200.32	894.0
PTHR12219	2912.0	2860.66	9681.11	206.15	153.54
PTHR13561	5233.92	5079.9	476.02	19.29	14.36
PTHR13563	968.04	916.7	163.0	10.88	8.1
PTHR12210	4326.0	4223.32	6379.82	182.99	136.29
PTHR12215	1294.0	1191.36	35.0	3.71	2.76
PTHR12214	1993.0	1941.66	258.27	8.11	6.04
PTHR12189	1085.0	982.34	52.0	6.6	4.91
PTHR22911	7375.81	7067.78	1958.62	87.98	65.54
PTHR11926	2383.0	2280.32	409.0	21.88	16.29
PTHR19842	1791.0	1739.66	809.02	28.37	21.13
PTHR12183	2127.91	2025.23	684.0	38.95	29.01
PTHR19849	2217.0	2114.32	459.02	26.61	19.82
PTHR21152	4997.23	4740.51	6025.11	463.65	345.32
PTHR19861	1045.0	993.66	372.0	22.89	17.05
PTHR30075	4129.0	3923.64	1269.99	81.42	60.65
PTHR11632	8529.39	8221.47	28746.15	668.82	498.13
PTHR13102	2248.18	2094.16	535.0	41.58	30.97
PTHR12984	4264.0	4161.32	890.0	26.37	19.65
PTHR23293	6373.0	6167.65	9089.28	316.08	235.41
PTHR13299	1724.0	1672.66	532.0	19.4	14.45
PTHR12652	3473.0	3370.32	2383.96	88.46	65.89
PTHR10925	2662.0	2610.66	3487.25	81.39	60.62
PTHR10920	5135.0	4878.3	1550.0	96.74	72.04
PTHR10584	24849.29	24027.95	21418.75	514.38	383.12
PTHR11527	2119.16	1965.31	53.0	6.8	5.06
PTHR11525	1644.0	1592.66	1530.0	58.61	43.66
PTHR10859	4005.0	3799.64	1266.0	79.25	59.03
PTHR10589	4309.48	4206.8	1465.55	35.43	26.38
PTHR10588	6282.0	5974.0	965.64	47.05	35.04
PTHR13038	2309.0	2257.66	211.0	5.7	4.24
PTHR13748	7698.68	7390.69	6447.25	245.83	183.1
PTHR12126	2855.92	2753.23	7673.74	327.52	243.94
PTHR13743	13616.83	13360.21	2275.0	45.93	34.2
PTHR24015	49721.44	48130.24	38116.95	1038.3	773.3
PTHR24012	38498.53	37112.6	35353.7	1966.75	1464.79
PTHR24011	35560.28	34379.64	86144.9	2597.35	1934.47
PTHR31187	8803.0	8597.64	23444.39	546.53	407.04
PTHR10459	6385.92	6129.22	882.08	48.27	35.94
PTHR10458	2043.0	1940.32	406.0	38.54	28.71
PTHR11986	15355.24	14893.22	13855.95	415.93	309.78
PTHR11455	6412.0	6155.41	3896.83	95.14	70.86
PTHR10102	3400.0	3297.32	1049.0	39.27	29.25
PTHR11458	1860.0	1757.4	3235.0	133.43	99.38
PTHR10106	886.0	834.66	125.0	9.17	6.83
PTHR31057	2490.54	2336.51	270.0	20.95	15.6
PTHR21141	2842.0	2687.98	46137.83	3893.46	2899.82
PTHR11851	17428.22	16863.59	26034.08	930.63	693.12
PTHR23092	3863.0	3708.98	731.0	34.95	26.04
PTHR23091	11537.02	10920.99	2165.01	140.63	104.74
PTHR11673	999.0	947.66	30461.91	1965.98	1464.25
PTHR11670	8268.5	7960.47	31726.61	797.08	593.65
PTHR11671	1576.0	1524.66	4529.01	181.27	135.01
PTHR20863	2875.48	2721.46	21168.08	1794.77	1336.74
PTHR20861	3582.0	3479.32	2010.99	66.24	49.34
PTHR11679	7323.5	7169.47	2649.0	71.73	53.42
PTHR14009	5849.58	5746.9	3534.28	73.85	55.01
PTHR10217	9439.83	9131.83	2850.0	68.22	50.81
PTHR10210	6537.0	6434.32	5831.01	123.0	91.61
PTHR31522	1599.0	1547.66	2811.1	110.83	82.55
PTHR14221	2100.0	2048.66	770.72	22.94	17.08
PTHR23163	3206.0	3103.32	474.09	17.02	12.67
PTHR11079	5328.83	5020.85	2531.0	122.49	91.23
PTHR11076	7243.18	6678.58	229.0	22.81	17.02
PTHR11070	5346.0	5191.98	787.02	17.67	13.16
PTHR11071	24644.43	23412.38	33390.56	1945.78	1449.23
PTHR11278	1059.0	1007.66	27960.83	1696.52	1263.56
PTHR14107	1475.27	1423.93	613.64	26.31	19.59
PTHR11276	6364.98	6159.64	629.0	14.55	10.84
PTHR11274	2920.0	2817.32	310.0	13.12	9.76
PTHR14136	4895.4	4690.04	7358.9	409.7	305.14
PTHR31984	3316.0	3213.32	1953.0	71.13	52.99
PTHR15350	2649.0	2546.32	1960.0	75.27	56.06
PTHR15606	2714.0	2611.32	346.0	15.66	11.67
PTHR12374	2783.89	2681.2	1017.0	40.65	30.28
PTHR12375	1863.0	1760.32	485.0	32.57	24.26
PTHR12378	1061.94	1010.6	308.0	18.63	13.88
PTHR18929	17460.7	16793.29	35286.66	1779.61	1325.45
PTHR13976	2294.0	2191.32	705.0	39.17	29.18
PTHR12777	676.0	624.66	1392.92	136.78	101.88
PTHR12775	2761.0	2658.32	2121.07	96.4	71.8
PTHR12770	6763.24	6455.2	505.0	23.54	17.54
PTHR20981	722.0	670.66	28860.03	2638.11	1964.85
PTHR14085	1723.0	1671.66	466.93	17.04	12.69
PTHR16092	1717.0	1614.33	284.0	24.13	17.97
PTHR11035	3295.0	3192.32	415.0	17.55	13.07
PTHR22298	3528.0	3476.66	174.0	3.05	2.27
PTHR12174	5473.26	5319.24	1438.0	43.71	32.55
PTHR12175	1825.0	1773.66	453.05	15.58	11.6
PTHR12176	967.0	915.66	103.0	6.88	5.13
PTHR22769	8792.75	8330.71	2072.1	126.34	94.1
PTHR10293	3109.75	2853.22	5003.9	318.94	237.56
PTHR12403	2746.0	2643.32	1409.79	72.55	54.04
PTHR22762	6823.47	6720.78	3106.59	56.38	41.99
PTHR22763	1619.0	1516.32	210.0	16.93	12.62
PTHR22761	3460.29	3306.27	4875.71	235.5	175.39
PTHR21231	1242.0	1190.66	305.0	15.65	11.65
PTHR21230	3227.0	3072.98	4631.9	232.92	173.48
PTHR21234	2640.92	2538.23	1232.0	61.14	45.53
PTHR21237	1404.0	1352.66	1330.0	60.03	44.71
PTHR12202	2266.0	2111.98	395.0	36.22	26.98
PTHR12203	6188.13	6085.45	9518.04	259.03	192.92
PTHR19857	1655.4	1604.06	980.0	37.28	27.76
PTHR13355	3923.81	3769.8	4071.0	169.23	126.05
PTHR13353	2848.0	2745.32	259.98	11.51	8.57
PTHR19853	3158.0	3055.32	328.99	13.06	9.72
PTHR12197	13301.48	12634.15	1857.11	86.95	64.75
PTHR19858	861.0	809.66	200.0	15.12	11.26
PTHR11932	13978.76	13670.71	5695.44	153.61	114.39
PTHR13822	1460.0	1408.66	8130.72	352.34	262.42
PTHR13271	21847.99	21077.89	5549.39	209.2	155.79
PTHR13138	3117.97	3015.28	503.0	18.89	14.07
PTHR10732	1270.0	1167.34	23342.63	1728.48	1287.36
PTHR10738	2395.97	2293.28	308.0	14.57	10.85
PTHR10739	3541.0	3438.32	1989.91	71.88	53.54
PTHR12992	1823.0	1771.66	592.0	20.38	15.18
PTHR22838	3793.01	3690.33	1277.0	46.46	34.59
PTHR22881	3058.0	2955.32	1088.64	45.28	33.72
PTHR22836	1809.82	1758.47	467.0	16.2	12.06
PTHR22960	2735.0	2632.32	2998.07	149.55	111.39
PTHR11934	2258.0	2155.32	1469.0	95.21	70.91
PTHR10693	1638.0	1535.32	310.0	24.25	18.06
PTHR10938	1030.0	978.66	513.0	32.05	23.87
PTHR10934	911.0	859.66	33300.32	2370.57	1765.59
PTHR11510	1633.0	1581.66	1822.99	70.33	52.38
PTHR11516	5748.0	5593.98	14241.07	421.16	313.68
PTHR10025	2266.02	2163.34	1864.44	102.76	76.54
PTHR10026	7083.59	6826.88	2483.09	102.2	76.12
PTHR10027	3449.0	3346.32	541.0	19.05	14.18
PTHR13009	493.0	441.66	47.0	6.55	4.88
PTHR13007	2445.69	2343.01	997.0	47.71	35.53
PTHR30115	7308.0	7153.98	7062.86	312.07	232.43
PTHR11863	1915.62	1813.07	1790.0	88.77	66.11
PTHR17901	3217.7	3115.02	1583.44	56.22	41.87
PTHR24351	5597.42	5494.73	11263.36	242.33	180.49
PTHR20982	1025.0	973.66	1011.0	63.5	47.29
PTHR24352	1156.0	1053.32	69.0	8.0	5.97
PTHR11467	1183.78	1132.43	3695.36	199.39	148.5
PTHR10119	7762.0	7607.98	8433.21	176.86	131.73
PTHR10343	3038.0	2883.98	2986.64	165.71	123.42
PTHR10114	808.0	756.66	32199.76	2606.5	1941.3
PTHR10110	16125.6	15612.21	4332.61	183.24	136.47
PTHR11469	3891.95	3738.02	14487.03	511.94	381.28
PTHR10598	1542.0	1490.66	91.98	3.77	2.8
PTHR24286	5055.0	4952.32	3180.02	77.98	58.08
PTHR11864	6325.94	6069.31	6217.82	256.37	190.95
PTHR23426	1124.22	1072.88	2089.0	119.0	88.63
PTHR10593	4609.0	4454.98	2613.01	96.52	71.89
