GeneFamily	length	effective_length	expected_count	TPM	FPKM
PTHR11649	19799.0	19029.63	3115.0	224.24	179.79
PTHR31089	793.0	741.71	27.0	3.42	2.74
PTHR31085	5305.09	5048.66	545.0	50.34	40.35
PTHR11647	3210.62	3108.04	1052.0	73.21	58.69
PTHR11645	1413.51	1362.23	559.0	38.37	30.76
PTHR11885	2326.0	2274.71	11219.83	460.44	369.11
PTHR10209	9680.69	9321.66	1701.0	96.9	77.66
PTHR32429	4907.0	4753.13	10481.22	520.52	417.27
PTHR31423	605.0	553.71	82.0	13.93	11.17
PTHR31551	787.0	735.71	106.0	13.52	10.84
PTHR32195	2085.15	1982.57	257.99	25.05	20.08
PTHR11081	4979.0	4773.85	106.0	6.98	5.59
PTHR11080	5538.82	5333.71	991.89	69.92	56.05
PTHR11082	10022.9	9663.89	2317.0	127.67	102.33
PTHR11085	7537.44	7229.74	1582.98	98.5	78.96
PTHR11089	7474.49	6961.68	825.95	106.77	85.6
PTHR32518	6497.59	6343.71	8573.39	237.81	190.64
PTHR11247	4607.0	4453.13	2018.0	76.84	61.6
PTHR11246	6439.55	6285.68	1612.01	63.52	50.93
PTHR32512	3375.04	3221.2	651.0	58.46	46.86
PTHR23088	6317.56	6163.69	1218.04	71.31	57.17
PTHR23089	4810.65	4656.78	1148.0	49.86	39.97
PTHR23081	2820.03	2614.87	215.0	30.76	24.66
PTHR23083	38295.75	36859.82	3716.0	234.8	188.21
PTHR23084	7596.29	7186.02	667.48	48.93	39.22
PTHR23086	9465.64	9209.19	3836.86	154.55	123.91
PTHR18806	4479.82	4377.24	1707.59	73.49	58.91
PTHR11880	2798.0	2695.42	11966.74	889.41	712.99
PTHR31953	7832.94	7371.34	554.0	55.63	44.6
PTHR15184	9561.21	9304.76	16468.99	609.4	488.52
PTHR15341	643.33	592.05	38.0	6.03	4.84
PTHR32357	1333.48	1179.65	226.0	54.58	43.74
PTHR15169	2412.66	2310.07	653.0	48.06	38.53
PTHR12341	10736.87	10275.27	683.0	50.77	40.69
PTHR15160	2287.54	2184.96	1349.0	90.48	72.53
PTHR18937	19655.82	19091.7	2108.07	78.32	62.77
PTHR18934	21985.33	20908.43	2734.93	190.75	152.91
PTHR10997	15861.41	15297.22	2900.0	190.21	152.47
PTHR12742	4384.07	4230.2	1044.06	68.04	54.54
PTHR12741	1313.0	1261.71	138.0	10.23	8.2
PTHR16557	918.0	866.71	21.0	2.27	1.82
PTHR19288	7398.0	7141.55	670.0	45.81	36.73
PTHR13902	6595.85	6288.11	1171.0	81.59	65.42
PTHR13903	2093.68	1991.2	322.0	39.55	31.7
PTHR22753	7522.0	7368.13	483.0	17.1	13.71
PTHR22939	22810.75	22092.69	3280.19	183.42	147.03
PTHR16266	2663.51	2509.64	88.0	12.45	9.99
PTHR30612	3167.73	3065.25	934.0	35.66	28.59
PTHR22932	1231.0	1179.71	557.0	44.18	35.42
PTHR22931	12755.41	12550.26	55224.5	2375.17	1904.04
PTHR12233	4302.02	4250.73	1765.0	38.71	31.03
PTHR10993	1039.0	987.71	87.0	8.25	6.61
PTHR31038	998.0	946.71	358.0	35.43	28.4
PTHR13832	67701.27	66162.6	20767.8	673.54	539.96
PTHR21139	1812.0	1760.71	3045.0	161.57	129.52
PTHR21136	7833.15	7474.17	2854.97	211.74	169.74
PTHR12526	56726.64	55188.14	11656.28	468.0	375.19
PTHR13120	1814.0	1762.71	519.98	27.56	22.09
PTHR22809	2091.58	1989.0	61.0	5.9	4.72
PTHR22807	7251.03	6840.72	444.0	38.81	31.12
PTHR20661	1834.97	1681.12	86.52	14.06	11.27
PTHR10900	4730.96	4628.38	418.0	28.42	22.78
PTHR10906	5723.0	5569.13	2178.0	78.92	63.27
PTHR10909	16215.74	15754.29	6508.63	364.48	292.18
PTHR10055	1434.0	1382.71	216.0	14.61	11.71
PTHR10057	4804.44	4599.28	3120.0	267.18	214.18
PTHR10052	948.0	896.71	19093.47	1995.6	1599.76
PTHR13017	1210.0	1158.71	136.0	10.98	8.81
PTHR13018	17157.88	16696.27	3824.06	130.24	104.4
PTHR10694	9228.69	8715.8	962.98	87.52	70.15
PTHR12839	3133.9	2980.01	361.0	33.78	27.08
PTHR12835	3635.0	3481.13	508.0	37.29	29.89
PTHR24031	74173.88	71147.99	44869.24	2354.25	1887.29
PTHR24032	1330.0	1227.42	85.0	13.08	10.48
PTHR24349	48336.07	46797.52	20358.61	739.31	592.67
PTHR24619	3723.73	3569.89	441.0	54.32	43.54
PTHR24343	28849.29	27772.25	10009.38	511.12	409.74
PTHR11472	8550.93	8192.02	498.95	35.83	28.72
PTHR11476	983.0	931.71	47.0	4.73	3.79
PTHR11477	1279.0	1176.43	90.0	11.63	9.33
PTHR24305	14021.43	13457.28	3530.56	215.71	172.93
PTHR10476	3716.0	3613.42	1946.97	97.99	78.55
PTHR11538	4773.0	4670.42	2258.0	98.41	78.89
PTHR24290	5627.93	5422.82	808.99	31.14	24.96
PTHR23413	1232.27	1129.71	21495.93	2702.95	2166.81
PTHR23417	1895.22	1792.63	193.85	21.39	17.14
PTHR23415	1625.0	1573.71	74.0	4.39	3.52
PTHR10871	1421.0	1318.42	19609.11	2751.98	2206.11
PTHR10877	6334.62	5975.93	710.85	40.42	32.41
PTHR11879	6380.36	6226.49	6810.0	287.82	230.73
PTHR24316	9126.02	8818.28	7218.0	382.87	306.93
PTHR31096	6841.17	6687.3	1051.98	47.75	38.27
PTHR31098	6111.0	6008.42	2747.03	82.21	65.9
PTHR11655	3140.28	2986.41	17387.98	1968.09	1577.71
PTHR11652	1951.0	1797.13	25332.95	3969.01	3181.74
PTHR10436	8729.31	8267.74	648.09	69.3	55.55
PTHR20883	6116.47	5911.31	580.0	34.71	27.83
PTHR11895	10103.44	9795.72	2791.0	109.48	87.76
PTHR10277	6757.41	6654.83	3901.0	116.38	93.3
PTHR14027	2257.32	2206.03	805.0	34.06	27.31
PTHR12049	4752.25	4547.08	415.0	31.65	25.36
PTHR24095	7602.26	7243.48	31031.19	980.28	785.83
PTHR23180	9665.08	9254.87	5783.07	250.1	200.48
PTHR14593	3223.17	3069.32	326.99	26.68	21.39
PTHR11093	2307.87	2256.58	825.0	34.13	27.36
PTHR11096	2197.25	2094.67	201.0	18.98	15.22
PTHR23346	8838.46	8684.59	824.0	23.12	18.53
PTHR10309	2059.0	2007.71	516.0	24.0	19.24
PTHR11252	2420.0	2317.45	427.0	35.42	28.4
PTHR11254	19601.93	18832.61	3200.0	180.74	144.89
PTHR11255	4284.0	4181.42	909.0	35.37	28.35
PTHR14110	5033.0	4827.84	3120.0	208.69	167.29
PTHR14374	1623.0	1571.71	54.0	3.21	2.57
PTHR18838	2150.49	2099.2	501.0	22.28	17.86
PTHR12687	3292.0	3189.46	503.0	17.68	14.16
PTHR15157	4969.0	4712.63	853.0	63.91	51.23
PTHR18901	11746.54	11387.55	5436.99	208.76	167.36
PTHR12755	810.0	758.71	42.0	5.19	4.16
PTHR12750	7028.0	6566.42	833.01	109.0	87.39
PTHR12753	1132.0	1080.71	152.0	13.17	10.56
PTHR15574	6963.4	6553.21	468.0	45.06	36.12
PTHR24007	1664.0	1561.42	100.0	11.4	9.14
PTHR13931	8232.35	7975.89	1845.5	78.94	63.29
PTHR31811	1601.0	1498.42	72.0	9.0	7.22
PTHR12358	4688.66	4381.2	209.0	25.62	20.53
PTHR22748	3810.01	3604.85	428.0	42.11	33.77
PTHR12356	3120.0	2966.2	101.0	7.14	5.73
PTHR12221	1665.9	1563.34	307.0	34.67	27.8
PTHR12226	1327.0	1275.71	565.0	41.43	33.21
PTHR19876	5525.0	5371.14	2304.11	113.44	90.94
PTHR19877	2683.0	2580.42	14177.85	922.07	739.17
PTHR31190	9040.0	8834.86	2304.0	56.33	45.16
PTHR13803	7022.0	6816.84	1786.83	69.11	55.4
PTHR12537	1455.0	1403.71	125.0	8.33	6.67
PTHR12532	2379.0	2327.71	223.0	8.94	7.17
PTHR13486	1307.0	1255.71	64.0	4.77	3.82
PTHR20275	2342.0	2239.5	885.03	48.9	39.2
PTHR13489	600.0	548.71	15.0	2.57	2.06
PTHR17583	4484.0	4176.26	290.55	41.11	32.95
PTHR13572	1602.0	1550.71	71.0	4.28	3.43
PTHR24198	25807.45	24935.59	3578.45	206.53	165.57
PTHR10048	3303.0	3046.59	341.94	38.8	31.11
PTHR10046	5211.09	4954.67	1003.0	63.49	50.9
PTHR10044	3766.0	3612.13	576.0	35.52	28.48
PTHR13060	1320.0	1268.71	94.0	6.93	5.56
PTHR10687	1317.91	1266.62	520.0	38.4	30.79
PTHR13069	1943.95	1790.09	164.0	24.77	19.86
PTHR13068	6400.32	6246.45	1014.0	37.61	30.16
PTHR10682	1088.0	1036.71	177.0	15.99	12.82
PTHR10683	6788.68	6583.52	8839.56	416.43	333.82
PTHR12829	1279.0	1227.71	26.0	1.98	1.59
PTHR12820	2659.0	2556.42	254.0	18.58	14.89
PTHR12826	1629.0	1577.71	187.0	11.08	8.88
PTHR12827	4007.0	3699.38	197.0	26.16	20.97
PTHR17920	2042.0	1939.42	137.0	12.1	9.7
PTHR10137	2088.0	2036.71	1349.0	61.85	49.58
PTHR11405	11010.33	10753.9	13147.98	441.74	354.12
PTHR11404	3341.82	3239.24	5874.9	293.96	235.65
PTHR11406	3819.0	3716.42	28723.95	1390.86	1114.98
PTHR13468	1473.15	1370.68	160.0	19.1	15.31
PTHR23406	13112.55	12651.06	3275.96	140.5	112.62
PTHR10869	25513.75	24539.25	3888.01	273.74	219.46
PTHR31717	486.0	434.72	73.0	15.84	12.7
PTHR13393	466.48	415.2	27.0	6.14	4.92
PTHR12696	5690.99	5639.7	1869.89	30.9	24.77
PTHR11315	2647.11	2544.55	1389.99	118.97	95.37
PTHR10139	2073.23	1970.65	127.0	12.28	9.83
PTHR10956	1320.0	1166.23	15751.44	3185.95	2554.01
PTHR10263	3898.0	3795.42	3382.99	144.86	116.13
PTHR31155	5909.0	5652.57	4244.0	153.71	123.22
PTHR32170	2760.58	2606.71	307.0	32.89	26.37
PTHR23350	1299.0	1247.71	64.0	4.8	3.85
PTHR23354	5213.66	5059.8	595.0	26.1	20.92
PTHR23355	8936.0	8628.27	1638.0	72.26	57.93
PTHR23359	11994.31	11635.4	3114.0	174.43	139.82
PTHR11227	3411.18	3257.35	648.0	55.14	44.2
PTHR11220	7920.53	7510.24	3828.2	287.95	230.83
PTHR11223	6088.66	5934.81	1850.0	58.39	46.8
PTHR11229	1921.0	1818.42	1379.0	147.73	118.43
PTHR10314	17894.8	17381.9	16433.71	893.44	716.22
PTHR14303	1079.0	1027.71	193.0	17.59	14.1
PTHR11139	32109.03	31237.19	4056.92	139.66	111.94
PTHR15362	1235.0	1183.71	140.0	11.07	8.87
PTHR11132	33830.56	32753.72	6293.03	299.88	240.39
PTHR11134	6018.94	5813.78	1969.09	132.45	106.17
PTHR32374	5123.12	4917.98	3897.0	225.6	180.85
PTHR31579	14665.38	14408.93	11763.84	280.33	224.72
PTHR32379	830.67	779.38	167.0	20.1	16.11
PTHR18919	4242.0	4088.13	1603.0	79.78	63.96
PTHR32002	3333.47	3128.55	339.17	42.12	33.76
PTHR21368	1967.0	1864.42	1253.0	122.98	98.58
PTHR10778	5833.48	5679.61	1113.08	55.13	44.2
PTHR13789	24802.32	23930.38	5473.48	230.41	184.71
PTHR12786	2981.03	2878.45	1026.0	73.98	59.31
PTHR11706	5711.11	5454.66	1225.0	69.59	55.8
PTHR12782	1320.0	1217.42	282.0	43.58	34.93
PTHR11742	5086.16	4932.29	333.99	19.93	15.99
PTHR24188	6598.65	6290.91	930.1	63.31	50.76
PTHR21213	1168.0	1116.71	654.0	54.82	43.94
PTHR10182	2751.8	2700.5	486.01	16.79	13.46
PTHR13923	3561.59	3459.01	1406.0	82.56	66.18
PTHR12321	3659.0	3556.42	704.0	38.74	31.05
PTHR12320	15968.42	15660.67	5810.97	193.22	154.9
PTHR12323	824.0	772.71	40.0	4.86	3.89
PTHR16201	2936.0	2782.13	337.0	23.05	18.48
PTHR21015	3854.69	3752.15	376.0	19.01	15.24
PTHR16196	2219.9	2117.41	398.0	30.21	24.22
PTHR20855	6231.0	6128.42	1052.0	32.42	25.98
PTHR16193	2700.16	2597.58	95.0	5.82	4.66
PTHR22792	5788.02	5582.87	1844.01	100.72	80.75
PTHR22790	1286.72	1235.43	210.93	15.97	12.8
PTHR21680	2234.0	2182.71	320.0	13.69	10.97
PTHR14152	1826.0	1723.42	164.92	17.93	14.37
PTHR21689	2779.0	2676.42	69.0	4.62	3.71
PTHR21113	10778.0	10521.54	513.0	22.55	18.08
PTHR19316	4741.47	4638.89	4535.89	196.51	157.53
PTHR21663	3805.53	3600.4	231.0	24.47	19.62
PTHR13253	13156.29	12592.1	6715.28	526.81	422.32
PTHR12446	2496.0	2342.14	373.0	30.02	24.07
PTHR21206	1073.11	1021.82	97.0	8.89	7.13
PTHR10072	3823.0	3669.13	723.0	69.99	56.12
PTHR10071	6039.36	5680.45	1249.0	65.21	52.29
PTHR13780	13154.6	12795.57	7909.98	413.66	331.62
PTHR10677	1472.0	1420.71	474.0	31.19	25.01
PTHR13078	7442.09	7134.42	9090.29	458.72	367.73
PTHR11693	3271.0	3168.42	22144.85	1224.23	981.39
PTHR12815	5458.0	5304.13	1532.01	74.33	59.59
PTHR12814	1516.0	1413.42	53.14	7.05	5.66
PTHR24361	15510.01	14792.17	706.0	49.8	39.91
PTHR24362	25556.91	24274.73	3270.59	143.79	115.29
PTHR10416	2034.0	1982.71	357.1	16.82	13.48
PTHR10410	5724.0	5518.84	2173.0	129.79	104.05
PTHR10783	8433.37	7971.82	5782.53	459.57	368.42
PTHR10782	2765.0	2611.14	234.0	22.79	18.26
PTHR13476	1688.0	1585.42	355.0	45.55	36.51
PTHR10788	8647.83	8493.96	2903.83	94.05	75.4
PTHR10891	22683.85	21811.91	14151.03	820.13	657.47
PTHR10890	3645.0	3491.13	518.01	40.87	32.76
PTHR20426	680.0	628.71	50.0	7.47	5.99
PTHR23213	2570.0	2467.42	77.0	5.3	4.24
PTHR10520	6447.39	6191.05	2183.0	127.79	102.44
PTHR10250	600.76	549.47	176.0	30.14	24.16
PTHR22854	4112.0	3958.13	1400.02	88.78	71.17
PTHR10527	12193.93	11988.77	3308.84	90.38	72.45
PTHR31384	2223.0	2171.71	187.0	8.04	6.44
PTHR10098	3148.48	2994.61	1414.0	81.66	65.46
PTHR10091	4539.97	4334.88	1847.69	222.44	178.32
PTHR31142	2244.0	2192.71	2282.25	97.17	77.9
PTHR31140	7081.0	6927.13	2897.02	108.0	86.57
PTHR31412	4787.57	4684.99	1180.0	45.57	36.53
PTHR11787	1449.0	1295.16	213.0	49.63	39.78
PTHR11785	28045.7	27379.03	10842.18	385.51	309.04
PTHR11782	8615.0	8307.26	732.0	48.59	38.94
PTHR31419	4070.0	3916.13	115.0	8.56	6.87
PTHR11780	2111.01	2059.72	5257.0	238.32	191.05
PTHR21141	3061.94	2908.08	47253.17	7449.64	5971.98
PTHR32148	10144.0	9836.26	31964.61	2872.22	2302.5
PTHR23324	10770.93	10463.19	877.42	44.17	35.4
PTHR23327	2412.0	2206.95	68.0	10.35	8.29
PTHR23326	3930.08	3776.21	1707.74	123.7	99.16
PTHR23321	630.0	578.71	1146.0	186.23	149.29
PTHR23323	8771.37	8463.63	1526.0	85.84	68.81
PTHR23322	2660.68	2506.81	637.0	58.17	46.63
PTHR23329	2461.94	2359.36	295.0	20.04	16.07
PTHR11236	6095.68	5787.97	374.0	28.99	23.25
PTHR20932	4452.92	4350.34	2339.81	101.36	81.25
PTHR10322	11456.95	10841.58	991.23	68.65	55.04
PTHR11239	6035.18	5881.31	808.0	44.0	35.26
PTHR10803	4105.19	4002.61	1413.0	70.57	56.57
PTHR31964	12499.2	12088.88	10427.99	702.68	563.31
PTHR23030	2413.42	2362.13	642.01	25.37	20.34
PTHR11129	2240.0	2137.45	494.0	31.66	25.38
PTHR11122	5159.61	4954.45	2449.38	201.28	161.36
PTHR15316	4921.93	4665.48	1964.02	179.15	143.61
PTHR11127	627.0	575.71	11117.06	1816.05	1455.83
PTHR11125	2889.0	2837.71	300.0	9.86	7.91
PTHR31566	2666.0	2512.13	401.0	43.95	35.24
PTHR31567	1776.0	1724.71	2454.0	132.93	106.57
PTHR31561	24410.45	23333.48	14769.57	692.89	555.43
PTHR30615	1475.0	1372.42	217.0	33.31	26.7
PTHR15137	1446.23	1343.66	110.0	13.41	10.75
PTHR22938	2738.93	2585.06	185.0	20.35	16.31
PTHR15952	2978.0	2824.13	187.0	16.33	13.09
PTHR21319	4784.21	4527.79	451.0	47.68	38.22
PTHR11482	11811.27	11452.39	8945.92	358.1	287.06
PTHR13887	1547.0	1495.71	74.0	4.62	3.71
PTHR19271	2759.94	2606.06	176.0	16.38	13.14
PTHR21228	88920.31	85176.69	15750.86	843.74	676.4
PTHR11361	20113.5	19241.74	1654.0	105.72	84.74
PTHR13343	5795.0	5641.13	1378.0	61.91	49.63
PTHR12029	11916.12	11198.13	536.0	66.27	53.13
PTHR21220	719.0	667.71	15.0	2.11	1.69
PTHR22780	8529.64	8273.19	907.0	47.75	38.28
PTHR21477	4600.0	4497.42	814.0	31.03	24.87
PTHR19308	6415.0	6312.42	7619.82	148.45	119.01
PTHR16301	2537.83	2435.26	234.01	18.26	14.64
PTHR22870	22610.26	21635.88	4870.99	194.13	155.62
PTHR17630	6919.0	6662.66	2428.0	137.56	110.29
PTHR10064	578.0	526.71	11804.9	2109.65	1691.19
PTHR10066	10127.8	9717.71	888.0	57.49	46.1
PTHR10060	1406.0	1303.42	96.0	13.65	10.94
PTHR10663	16500.51	15936.34	2774.66	163.11	130.74
PTHR10666	8778.49	8368.19	44239.71	3840.9	3079.04
PTHR10668	15714.01	15252.65	2419.1	146.51	117.45
PTHR12265	2365.7	2263.12	1492.0	97.56	78.2
PTHR12801	7399.26	7142.81	12297.95	436.07	349.58
PTHR12802	4636.32	4277.48	277.0	31.76	25.44
PTHR12805	1436.0	1333.42	135.0	19.37	15.52
PTHR12806	764.0	712.71	38.0	5.01	4.01
PTHR21091	17391.4	16929.79	5248.0	277.26	222.25
PTHR21090	1480.6	1429.31	624.0	40.82	32.72
PTHR24315	1237.0	1185.71	368.0	29.04	23.28
PTHR24314	5461.53	5307.66	1128.0	62.52	50.12
PTHR11933	2158.81	2004.94	113.0	14.05	11.27
PTHR11932	7486.33	7229.95	3508.06	161.65	129.59
PTHR11426	2717.0	2563.15	6554.85	561.54	450.15
PTHR11937	10385.0	9923.41	5878.35	315.91	253.27
PTHR11938	14544.52	14288.06	12468.06	335.62	269.06
PTHR31057	3529.45	3375.57	357.0	30.91	24.78
PTHR13683	5271.25	5066.09	2128.99	136.39	109.34
PTHR24089	67106.5	64593.36	38161.04	2071.19	1660.3
PTHR10796	3909.87	3807.28	696.0	33.86	27.15
PTHR10794	4223.88	4018.72	336.0	26.48	21.22
PTHR10795	57350.12	55760.23	6078.2	239.91	192.3
PTHR10792	720.0	668.71	15352.7	2156.33	1728.61
PTHR10799	46718.38	44205.54	3287.98	291.65	233.81
PTHR10882	1399.0	1347.71	56.0	3.89	3.12
PTHR10887	37944.36	36457.16	4930.69	221.89	177.88
PTHR11686	1933.07	1830.49	206.0	21.38	17.15
PTHR11685	6633.62	6325.99	1464.0	67.56	54.17
PTHR11680	6690.0	6536.13	4355.47	164.26	131.68
PTHR24221	26448.09	25730.08	3347.0	190.08	152.37
PTHR24220	7068.25	6709.24	896.0	109.56	87.83
PTHR24223	32654.75	31782.99	4218.79	232.86	186.65
PTHR11689	13997.16	13740.71	1361.93	42.21	33.83
PTHR10252	3450.0	3296.14	370.53	25.1	20.12
PTHR13082	1710.0	1658.71	635.0	35.77	28.68
PTHR13124	1131.0	1028.43	127.0	20.38	16.34
PTHR31173	5354.77	5098.31	461.0	45.88	36.79
PTHR12538	693.0	641.71	24611.36	3603.42	2888.67
PTHR31606	1900.12	1848.83	1416.02	71.54	57.35
PTHR31356	4645.07	4491.42	7899.45	413.12	331.17
PTHR31352	2705.0	2602.42	629.0	42.82	34.32
PTHR31350	6583.02	6326.57	1447.16	83.82	67.2
PTHR11758	1501.0	1398.42	11605.78	1433.42	1149.1
PTHR23333	667.0	615.71	252.94	38.61	30.95
PTHR11751	23819.34	22998.81	8065.0	337.3	270.38
PTHR11753	2150.0	1996.13	275.0	39.77	31.88
PTHR11752	34755.73	33883.85	4268.02	158.23	126.85
PTHR24423	7924.65	7719.52	1276.0	45.09	36.15
PTHR11206	21483.84	20817.13	1915.0	114.42	91.72
PTHR11757	11545.78	11084.27	2314.0	136.69	109.57
PTHR24420	89866.6	87045.97	17849.57	654.34	524.54
PTHR10332	9100.08	8792.34	2904.08	152.89	122.57
PTHR14145	2178.36	2127.07	775.0	34.02	27.27
PTHR17695	4820.0	4461.0	235.0	31.55	25.27
PTHR13600	5619.4	5362.95	1087.0	74.82	59.98
PTHR12363	8643.47	8284.45	671.0	45.12	36.16
PTHR23029	12829.78	12368.19	3066.0	160.86	128.97
PTHR23023	8022.71	7663.7	625.0	62.72	50.27
PTHR31385	3838.64	3684.77	225.0	19.7	15.8
PTHR21294	1328.0	1276.71	488.0	35.75	28.66
PTHR11119	6284.16	6079.0	4666.85	209.25	167.75
PTHR31595	4499.0	4242.56	320.0	26.6	21.32
PTHR31596	1941.56	1838.98	80.0	8.35	6.7
PTHR15948	803.0	751.71	78.0	9.74	7.81
PTHR32026	2306.0	2254.71	239.0	9.9	7.93
PTHR31829	1491.0	1439.71	2596.0	168.58	135.14
PTHR14898	2776.97	2674.39	501.0	38.98	31.24
PTHR19241	49220.16	47886.66	11603.94	473.9	379.89
PTHR14894	1627.0	1524.42	127.0	15.8	12.67
PTHR15239	6820.36	6563.94	550.0	31.73	25.43
PTHR32497	4927.0	4773.13	691.0	39.85	31.94
PTHR12497	3789.0	3635.13	486.0	19.44	15.58
PTHR12302	4056.0	4004.71	3575.0	83.24	66.73
PTHR12304	2459.0	2356.42	108.0	8.7	6.98
PTHR30540	4034.0	3675.05	224.0	47.27	37.89
PTHR30544	5769.0	5461.32	783.0	55.59	44.55
PTHR13302	1102.0	999.43	125.36	23.03	18.46
PTHR12472	2365.3	2262.72	77.0	5.89	4.72
PTHR13308	3857.91	3704.03	2637.0	157.12	125.96
PTHR12477	5977.0	5771.84	585.0	46.04	36.9
PTHR13878	20455.99	19840.6	2061.0	97.51	78.18
PTHR21461	1816.0	1764.71	81.0	4.29	3.44
PTHR13872	7370.0	7113.55	21173.31	1374.69	1102.02
PTHR22849	6503.97	6145.08	388.01	38.3	30.69
PTHR21314	2252.0	2149.42	298.0	26.82	21.5
PTHR13271	31706.54	30373.06	3843.0	223.96	179.52
PTHR22841	6907.21	6702.09	8425.44	261.87	209.92
PTHR22847	51855.1	49752.64	6152.0	337.8	270.8
PTHR22844	14750.68	14083.96	1095.02	60.79	48.71
PTHR23284	1064.0	1012.71	167.0	15.44	12.38
PTHR21266	18260.44	17440.13	8298.62	409.36	328.17
PTHR12271	4640.0	4434.84	195.0	17.57	14.09
PTHR12277	5507.73	5302.55	857.0	61.44	49.26
PTHR12276	2311.53	2157.68	213.0	28.55	22.89
PTHR10657	2599.0	2496.42	795.99	58.44	46.85
PTHR10655	2716.0	2613.42	587.19	52.68	42.22
PTHR10652	1817.0	1714.42	293.0	31.18	25.0
PTHR17972	2202.57	2048.7	97.0	13.31	10.67
PTHR10751	10134.27	9929.11	1685.0	59.76	47.91
PTHR21085	2658.0	2606.71	1463.1	52.38	41.99
PTHR11922	5697.47	5492.33	2490.0	143.54	115.08
PTHR10438	39102.04	37973.67	33402.68	1755.39	1407.2
PTHR11926	13415.41	12953.79	1082.0	67.39	54.02
PTHR11431	1961.11	1858.53	2154.49	215.11	172.44
PTHR10430	5257.15	5051.98	11371.87	776.14	622.2
PTHR10434	1274.0	1222.71	253.0	19.36	15.52
PTHR24096	20096.95	19327.74	4139.06	271.64	217.73
PTHR13693	6375.02	6169.86	1464.98	73.6	59.0
PTHR13691	2526.0	2423.42	156.0	15.64	12.54
PTHR24092	11302.28	11097.13	2950.0	64.87	52.01
PTHR24093	61779.87	59575.25	28317.36	1216.2	974.95
PTHR22936	5822.0	5616.84	565.27	37.04	29.69
PTHR13451	1995.41	1892.82	111.0	8.79	7.05
PTHR13452	1835.0	1732.42	298.0	33.01	26.47
PTHR10759	1126.0	1074.71	12916.93	1125.24	902.05
PTHR12901	3029.49	2978.2	525.0	16.45	13.18
PTHR12903	1872.0	1769.42	1789.0	175.79	140.91
PTHR13992	1355.0	1252.42	63.0	10.0	8.02
PTHR23237	504.0	452.71	226.0	47.07	37.73
PTHR10501	5383.0	5331.71	3589.95	62.76	50.31
PTHR31169	1987.0	1884.42	114.0	11.53	9.25
PTHR14087	544.0	492.71	23.0	4.4	3.52
PTHR23309	5027.0	4924.42	1967.0	66.12	53.0
PTHR23308	6039.42	5680.55	4349.99	213.3	171.0
PTHR31344	3934.0	3882.71	285.0	6.84	5.49
PTHR31619	2306.0	2254.71	4782.94	198.03	158.75
PTHR23306	2138.0	2086.71	184.0	8.23	6.6
PTHR23305	8637.0	8431.84	2476.0	146.9	117.76
PTHR14089	1423.67	1372.38	72.0	4.91	3.93
PTHR11748	9140.82	8833.08	1774.01	101.36	81.25
PTHR11214	1602.2	1550.91	763.0	45.98	36.86
PTHR11216	5737.0	5531.84	1008.0	68.52	54.93
PTHR11210	2071.2	1968.72	1347.0	111.37	89.28
PTHR14154	14023.52	13510.62	3018.0	220.21	176.54
PTHR14155	7360.35	7001.34	1511.0	177.71	142.46
PTHR10343	3019.0	2916.42	794.0	47.46	38.04
PTHR11699	12322.28	11912.0	4516.94	308.16	247.04
PTHR11692	2700.0	2648.71	862.0	30.37	24.34
PTHR12403	2700.64	2598.06	463.0	32.77	26.27
PTHR11695	25842.8	24919.62	7494.95	435.94	349.44
PTHR31760	555.01	503.75	143.0	26.73	21.43
PTHR31906	11629.72	11168.13	2210.01	147.81	118.5
PTHR21419	1775.0	1723.71	333.0	18.05	14.47
PTHR23012	22068.96	21453.77	22398.12	724.9	581.11
PTHR11101	10077.24	9769.53	8007.04	437.13	350.43
PTHR11102	5179.81	5025.93	1138.98	59.49	47.7
PTHR11106	2277.73	2175.14	815.24	77.99	62.52
PTHR31585	4585.82	4380.66	405.0	34.29	27.49
PTHR32125	2226.0	2123.42	987.0	80.55	64.57
PTHR31588	667.0	615.71	12.0	1.83	1.47
PTHR32120	1560.0	1457.42	160.0	20.09	16.1
PTHR10288	16429.25	16121.5	15945.54	483.38	387.51
PTHR15680	640.0	588.71	893.0	142.63	114.34
PTHR11374	2425.31	2374.02	1815.0	71.36	57.21
PTHR11808	11238.74	10982.36	3493.16	120.43	96.55
PTHR24347	8987.0	8576.7	1813.0	121.28	97.23
PTHR18895	3541.98	3388.12	332.0	21.83	17.51
PTHR12486	773.0	670.49	25.0	6.92	5.54
PTHR21262	4602.78	4448.91	300.0	18.76	15.04
PTHR12480	3710.5	3454.18	172.0	15.67	12.56
PTHR12482	3876.0	3670.84	123.0	11.31	9.05
PTHR11042	6536.0	6228.33	278.0	19.09	15.31
PTHR12317	16227.45	15868.42	6256.0	198.41	159.05
PTHR12649	1308.0	1256.71	121.0	9.01	7.22
PTHR12461	6580.1	6118.54	343.0	42.52	34.07
PTHR12466	2320.0	2217.42	271.0	22.28	17.87
PTHR13847	13853.82	13033.31	2960.0	226.76	181.75
PTHR12000	3100.0	2946.13	1266.05	131.37	105.3
PTHR12001	8243.0	8089.13	3847.24	122.51	98.21
PTHR21327	4562.63	4357.47	1448.0	134.9	108.14
PTHR21631	6098.4	5893.24	24471.49	1445.03	1158.4
PTHR22855	11064.0	10807.55	6732.14	268.45	215.19
PTHR22850	11700.68	11239.26	3003.0	156.87	125.76
PTHR22504	3513.8	3462.51	1526.52	41.12	32.96
PTHR12965	2914.0	2862.71	179.0	5.83	4.68
PTHR22915	13209.95	12799.64	4263.96	189.3	151.75
PTHR21256	3138.0	3035.42	1095.0	63.85	51.19
PTHR12266	6429.59	6224.43	892.0	43.95	35.23
PTHR10648	4814.0	4660.13	1274.99	50.33	40.35
PTHR10641	23012.67	21987.03	1802.0	141.52	113.46
PTHR19842	1239.0	1187.71	157.88	12.44	9.97
PTHR10644	10762.11	10556.94	1383.0	39.59	31.73
PTHR12864	5101.81	4845.44	337.0	27.19	21.79
PTHR12860	2021.54	1970.25	847.0	40.15	32.18
PTHR13194	1565.0	1513.71	403.0	24.89	19.95
PTHR13190	4158.29	4055.71	212.0	12.08	9.68
PTHR13193	1279.0	1227.71	124.0	9.45	7.58
PTHR23416	4265.0	4111.13	953.0	63.6	50.98
PTHR11913	2771.0	2719.71	644.0	22.09	17.71
PTHR11911	9617.0	9360.55	11757.7	639.38	512.55
PTHR11910	3328.0	3225.42	34692.87	2228.07	1786.12
PTHR14950	7153.97	6641.11	649.09	73.68	59.07
PTHR11918	6450.88	6245.72	535.56	30.69	24.61
PTHR12919	1989.0	1886.42	1740.0	215.11	172.44
PTHR12910	1596.0	1493.42	989.0	148.8	119.29
PTHR12917	1144.0	1092.71	136.0	11.65	9.34
PTHR15954	3186.0	3134.71	373.0	11.1	8.9
PTHR11351	7685.73	7480.57	395.92	12.67	10.16
PTHR11353	35206.57	34334.65	21032.93	854.1	684.7
PTHR11599	20509.89	19740.54	10688.41	772.04	618.89
PTHR10516	21200.74	20226.26	10027.5	806.92	646.86
PTHR11592	4810.0	4604.84	1166.0	105.71	84.73
PTHR13273	1055.0	1003.71	1027.62	95.89	76.87
PTHR31724	2491.26	2388.67	1635.43	113.78	91.21
PTHR13734	2273.0	2119.15	140.0	16.53	13.25
PTHR31620	6766.0	6612.13	8574.72	291.38	233.57
PTHR23315	32182.52	31105.79	6366.06	231.46	185.55
PTHR23316	3950.0	3898.71	2623.29	62.74	50.3
PTHR11778	4290.49	4187.93	5784.34	237.42	190.33
PTHR11774	2867.67	2765.09	467.0	31.27	25.07
PTHR11773	4364.0	4312.71	4071.34	88.01	70.56
PTHR11772	7700.62	7444.18	6894.01	339.61	272.24
PTHR10357	34480.89	33762.93	15906.94	536.79	430.32
PTHR10353	9171.36	8914.91	2819.91	153.82	123.31
PTHR10350	2520.0	2468.71	349.52	13.21	10.59
PTHR10351	3634.0	3531.42	3702.89	432.18	346.46
PTHR32557	1843.0	1791.71	1411.0	73.57	58.97
PTHR10359	2426.35	2221.2	149.0	28.06	22.51
PTHR32442	2505.0	2453.71	747.0	28.41	22.78
PTHR31750	1088.0	985.45	31.0	5.58	4.47
PTHR23418	670.99	619.7	529.0	80.23	64.31
PTHR14189	2233.0	2130.42	73.0	6.66	5.34
PTHR21021	1937.98	1784.42	143.97	22.6	18.11
PTHR32228	2194.0	2142.71	419.0	18.26	14.64
PTHR31245	2011.0	1959.71	980.26	46.71	37.45
PTHR23001	2093.0	1990.42	671.0	56.08	44.97
PTHR23002	1849.0	1695.14	77.0	14.13	11.33
PTHR30178	2163.0	2111.71	20936.26	925.7	742.08
PTHR22904	34136.74	32546.87	5665.15	321.52	257.74
PTHR11177	3163.63	3061.05	328.35	20.08	16.1
PTHR11178	4913.64	4759.77	1556.01	88.6	71.02
PTHR31808	1590.0	1487.42	187.0	22.79	18.27
PTHR31803	2858.0	2806.71	766.0	25.46	20.41
PTHR11009	2466.0	2363.42	661.0	47.29	37.91
PTHR10099	4329.0	4277.71	3992.3	87.01	69.75
PTHR19229	25036.25	23856.85	2282.83	214.71	172.14
PTHR11005	12929.15	12467.68	2095.0	123.0	98.6
PTHR11006	9470.39	9060.08	1391.0	89.71	71.93
PTHR18640	3745.0	3591.14	196.0	11.82	9.48
PTHR18866	22867.55	22405.92	99207.23	2974.44	2384.44
PTHR12022	1114.0	1062.71	3550.16	312.78	250.74
PTHR15074	2230.78	2128.2	132.0	11.65	9.34
PTHR15588	1168.51	1065.96	186.0	42.38	33.98
PTHR12677	12225.58	11815.49	2206.85	122.45	98.17
PTHR19134	3657.16	3503.33	1014.0	41.61	33.36
PTHR19139	10144.45	9836.86	16607.54	808.32	647.98
PTHR12456	1349.0	1246.43	86.0	13.16	10.55
PTHR12452	1269.0	1217.71	340.0	26.12	20.94
PTHR23240	2518.72	2364.85	92.0	9.24	7.41
PTHR19359	3112.0	2958.13	446.0	52.78	42.31
PTHR12072	4431.0	4225.84	304.0	24.62	19.74
PTHR13218	509.81	458.6	64.0	13.15	10.54
PTHR13215	1052.61	950.04	51.0	10.14	8.13
PTHR13213	3045.0	2891.13	376.0	35.05	28.09
PTHR12290	2667.45	2564.86	510.14	42.07	33.73
PTHR21530	6638.0	6432.84	765.0	46.78	37.5
PTHR12295	7657.2	7400.74	1037.0	60.06	48.15
PTHR12298	4117.12	3860.69	200.0	24.39	19.56
PTHR10638	8616.58	8462.71	5044.6	147.31	118.09
PTHR10631	2755.25	2652.67	798.0	42.32	33.93
PTHR10984	2795.0	2743.71	511.0	17.38	13.93
PTHR12858	4471.22	4266.07	1092.28	83.38	66.83
PTHR13505	896.0	844.71	225.0	24.97	20.02
PTHR12856	958.0	906.71	56.0	5.79	4.64
PTHR12855	1509.53	1458.24	1242.02	79.62	63.83
PTHR12854	1107.0	1055.71	231.0	20.49	16.42
PTHR13182	1831.0	1728.42	388.01	41.61	33.36
PTHR10855	4232.0	4129.42	1185.76	53.59	42.97
PTHR10585	3144.44	3041.86	1693.0	103.37	82.87
PTHR10743	1680.01	1628.72	330.95	18.99	15.22
PTHR10742	26320.36	25448.42	8201.13	329.17	263.87
PTHR10745	3471.0	3419.71	1071.01	29.21	23.42
PTHR10744	3279.17	3125.3	15287.99	1842.76	1477.24
PTHR10746	3283.0	3180.42	2805.57	218.21	174.92
PTHR11099	4519.0	4467.71	621.0	12.96	10.39
PTHR12924	1706.0	1654.71	2993.0	169.02	135.49
PTHR11659	1820.0	1768.71	290.0	15.32	12.28
PTHR11349	4364.0	4107.55	8745.24	1082.0	867.38
PTHR10566	40372.36	38885.06	6020.66	311.91	250.05
PTHR10293	4040.52	3835.36	1891.96	187.29	150.14
PTHR10291	4793.5	4588.36	760.0	41.2	33.03
PTHR11584	9688.58	9380.84	2461.94	116.56	93.42
PTHR11586	2840.0	2686.13	571.0	60.64	48.61
PTHR11909	6804.74	6548.42	2930.89	185.65	148.82
PTHR24320	9932.64	9522.35	1316.0	96.65	77.47
PTHR24322	30630.38	29399.41	11103.95	702.68	563.3
PTHR11907	4260.47	4106.59	1173.78	67.74	54.3
PTHR11760	3309.0	3155.13	20153.33	1914.59	1534.82
PTHR11761	2761.05	2658.47	28453.34	4621.36	3704.7
PTHR11766	1735.0	1632.43	371.91	36.02	28.87
PTHR11767	3266.89	3164.31	124.0	7.57	6.06
PTHR10361	1463.83	1361.42	870.03	166.73	133.65
PTHR10366	32265.56	31188.49	16645.37	917.34	735.38
PTHR10169	7898.82	7591.52	772.0	45.16	36.2
PTHR10168	4649.0	4392.56	2308.0	194.69	156.08
PTHR20973	2310.6	2259.31	273.0	11.28	9.04
PTHR10165	6662.95	6457.8	1114.0	64.38	51.6
PTHR31032	1069.0	1017.71	341.0	31.38	25.15
PTHR23257	118073.81	112843.37	31193.73	1554.22	1245.95
PTHR23253	4903.35	4646.91	986.97	98.8	79.2
PTHR14190	3697.0	3594.42	343.0	17.78	14.25
PTHR14194	5304.0	5098.84	1375.0	94.36	75.64
PTHR31251	21293.16	20011.15	2899.08	286.97	230.06
PTHR23074	12349.09	11784.9	1542.56	96.05	77.0
PTHR23077	14852.36	14185.77	4624.73	192.84	154.59
PTHR23076	28862.75	28247.26	14185.56	525.85	421.53
PTHR30239	1608.0	1556.71	323.0	19.39	15.55
PTHR23073	8277.0	7969.3	4283.01	283.47	227.24
PTHR23078	2898.0	2846.71	794.0	26.02	20.86
PTHR11165	1454.0	1402.71	3170.01	211.31	169.39
PTHR10772	2860.0	2706.13	3466.0	358.78	287.62
PTHR32100	9048.95	8741.3	42787.54	1681.65	1348.09
PTHR14445	3857.0	3600.72	312.0	33.16	26.57
PTHR23109	334.0	282.78	16.0	5.37	4.3
PTHR23102	3113.17	2959.5	534.0	55.97	44.87
PTHR23105	7759.0	7348.69	41695.05	3612.36	2895.82
PTHR11010	9476.35	9219.9	963.0	59.7	47.86
PTHR11014	10544.81	10134.53	2377.98	151.29	121.3
PTHR12668	3655.49	3501.62	734.02	49.49	39.67
PTHR12661	1383.0	1331.71	196.0	13.76	11.03
PTHR12663	7058.0	6852.84	556.0	34.15	27.39
PTHR12664	1287.0	1235.71	155.0	11.74	9.41
PTHR16166	17720.97	16849.19	1132.0	70.84	56.78
PTHR12111	2949.0	2846.42	505.0	29.54	23.69
PTHR12447	1997.0	1894.42	95.0	9.34	7.48
PTHR15481	1382.0	1330.71	341.0	23.97	19.21
PTHR26379	4228.65	4126.07	2848.65	105.86	84.86
PTHR12599	2050.0	1947.42	1676.0	161.1	129.14
PTHR12596	7627.44	7370.99	734.01	40.14	32.18
PTHR12590	3876.18	3722.31	3784.4	201.07	161.19
PTHR12066	2733.31	2426.01	95.0	22.93	18.38
PTHR12064	9329.33	8867.75	839.4	66.7	53.48
PTHR13226	3832.0	3678.13	194.0	14.59	11.69
PTHR13889	4423.0	4320.42	1006.0	37.08	29.73
PTHR21181	2770.85	2617.03	363.0	28.09	22.51
PTHR12412	3362.0	3310.71	444.01	12.51	10.03
PTHR12146	806.0	754.71	17703.93	2201.13	1764.52
PTHR10458	630.0	578.71	83.0	13.49	10.81
PTHR19306	5097.75	4995.17	1541.86	59.1	47.38
PTHR21506	1166.1	1114.81	134.0	11.25	9.02
PTHR12280	4918.0	4712.87	222.0	19.58	15.7
PTHR12281	2918.71	2816.13	888.64	43.88	35.17
PTHR12286	4710.49	4505.35	389.0	26.28	21.07
PTHR30573	2874.0	2771.42	415.0	27.76	22.26
PTHR22983	7033.85	6828.69	524.0	29.96	24.02
PTHR22981	9247.22	9042.06	1931.0	92.43	74.09
PTHR30191	1271.0	1117.3	323.0	78.44	62.88
PTHR10629	11602.81	11192.54	1974.36	97.01	77.77
PTHR10994	5401.36	5196.2	1944.31	154.28	123.69
PTHR10996	12269.47	11961.73	5113.17	189.66	152.04
PTHR10625	19238.96	18520.91	3646.0	196.83	157.78
PTHR10992	56027.81	54130.15	7441.94	360.9	289.34
PTHR12848	2752.0	2649.42	352.0	24.73	19.82
PTHR12849	1806.8	1704.22	165.0	20.22	16.22
PTHR10943	7069.64	6813.19	2129.15	148.63	119.16
PTHR12847	4806.12	4600.96	1072.0	88.97	71.31
PTHR12841	1391.0	1339.71	259.08	18.09	14.5
PTHR21290	1181.15	1129.86	73.0	6.05	4.85
PTHR21349	1093.0	990.43	841.98	141.4	113.35
PTHR21347	2000.0	1948.71	608.0	29.14	23.36
PTHR19861	1366.42	1315.13	175.0	12.45	9.98
PTHR21343	1898.35	1744.55	51.28	7.42	5.94
PTHR10196	5354.0	5148.87	352.0	24.2	19.4
PTHR10192	734.0	682.71	107.0	14.72	11.8
PTHR10755	4256.23	4153.65	5751.4	209.89	168.26
PTHR10758	4492.87	4390.44	1184.7	49.63	39.78
PTHR13152	2007.27	1955.98	4392.5	209.71	168.11
PTHR12932	4050.0	3947.42	312.0	14.67	11.76
PTHR12934	2420.5	2317.91	1893.85	184.23	147.69
PTHR13265	1182.0	1130.71	149.34	12.36	9.91
PTHR11800	4302.0	4199.42	618.0	27.79	22.27
PTHR11802	14897.23	14333.18	4175.17	228.21	182.95
PTHR11804	16112.26	15599.39	4008.31	154.58	123.9
PTHR11807	1331.0	1279.71	36.0	2.63	2.11
PTHR10281	2100.91	1998.33	1196.0	110.86	88.87
PTHR10283	21090.99	20578.12	15036.71	550.62	441.4
PTHR10285	10355.29	9944.96	16718.82	882.0	707.04
PTHR10286	3226.44	3072.57	22042.69	1749.78	1402.7
PTHR11579	6917.13	6763.26	1557.0	82.76	66.35
PTHR13718	4596.0	4442.13	20522.95	1841.01	1475.84
PTHR13711	6833.78	6526.13	10430.99	653.97	524.25
PTHR13710	13056.0	12491.82	376.0	32.24	25.84
PTHR11977	3948.44	3845.9	602.0	19.76	15.84
PTHR22970	2298.81	2196.23	453.0	39.52	31.67
PTHR11972	4217.0	4114.42	259.0	12.08	9.68
PTHR31480	1777.92	1726.63	284.0	15.37	12.32
PTHR31485	3869.0	3766.42	331.0	17.03	13.65
PTHR11715	1110.0	1058.71	3904.99	345.35	276.85
PTHR11717	2951.0	2745.93	551.0	72.67	58.26
PTHR11711	11343.3	10984.27	5687.99	346.89	278.09
PTHR11712	7169.0	6963.96	3351.0	156.22	125.23
PTHR10374	3286.55	3183.97	2242.92	123.95	99.36
PTHR10178	34008.53	33034.13	21861.76	651.73	522.44
PTHR20961	8937.02	8680.57	652.16	36.75	29.47
PTHR10173	8352.0	8044.26	3138.0	226.71	181.73
PTHR10177	28378.91	27712.2	11136.89	289.53	232.09
PTHR10174	9660.47	9404.01	4901.76	220.13	176.47
PTHR23249	3562.92	3460.34	870.54	50.35	40.36
PTHR23244	25223.36	24454.12	4417.86	176.61	141.57
PTHR23245	1590.0	1487.44	51.0	5.14	4.11
PTHR14614	11291.05	10675.64	4848.03	259.21	207.8
PTHR31268	2626.54	2370.17	113.0	21.1	16.9
PTHR31262	1907.0	1804.42	188220.07	14828.99	11887.6
PTHR23063	4177.79	4023.92	521.0	33.43	26.8
PTHR11620	1353.0	1250.42	17109.33	1979.34	1586.73
PTHR11624	12117.75	11861.31	55536.66	2296.71	1841.16
PTHR11627	11459.0	11202.55	82593.4	4554.76	3651.31
PTHR26312	5256.89	5051.73	610.0	49.16	39.41
PTHR11390	6460.39	6203.94	391.0	21.48	17.21
PTHR31319	3436.0	3384.71	6373.62	175.63	140.79
PTHR14052	2394.0	2342.71	106.0	4.22	3.39
PTHR32118	1627.0	1575.71	3043.95	180.54	144.73
PTHR23117	3890.11	3685.19	660.01	54.27	43.51
PTHR23115	42053.26	40771.18	103427.62	4565.26	3659.73
PTHR11028	1997.0	1945.71	1160.0	55.68	44.63
PTHR11024	2743.0	2691.71	628.0	21.77	17.45
PTHR15081	4246.0	4143.42	559.0	25.26	20.25
PTHR11777	6414.68	6260.81	3850.0	176.53	141.51
PTHR12616	2692.0	2589.42	157.0	9.75	7.82
PTHR12613	3955.5	3904.21	836.0	19.97	16.01
PTHR12612	801.0	749.71	785.76	98.35	78.84
PTHR32060	4764.84	4611.01	467.0	24.45	19.59
PTHR12126	4672.0	4569.42	2473.97	130.31	104.46
PTHR12124	5294.53	5038.38	590.0	63.37	50.81
PTHR22734	1557.0	1505.71	91.0	5.65	4.53
PTHR12121	10337.59	9773.56	1228.0	78.19	62.68
PTHR12438	957.72	906.44	38.0	3.93	3.15
PTHR15492	694.0	642.71	17.0	2.49	1.99
PTHR21426	2255.0	2203.71	311.0	13.18	10.56
PTHR21427	812.76	761.49	45.0	5.54	4.44
PTHR13161	2412.16	2360.86	130.73	5.17	4.14
PTHR19372	2038.66	1987.36	640.0	30.07	24.11
PTHR19370	5571.37	5366.21	1478.75	81.29	65.17
PTHR19376	6944.38	6739.22	589.96	28.39	22.76
PTHR19375	15220.37	14656.32	16059.34	693.29	555.8
PTHR12050	1234.0	1182.71	225.0	17.8	14.27
PTHR12725	10676.94	10420.49	2693.05	97.67	78.29
PTHR22884	17987.52	17166.87	1803.59	143.79	115.27
PTHR22881	549.0	497.71	70.0	13.25	10.62
PTHR22880	6914.08	6503.93	992.0	91.04	72.99
PTHR12542	2392.99	2290.4	352.0	28.72	23.02
PTHR12547	5374.0	5168.84	6544.15	331.81	266.0
PTHR12436	7275.7	7070.54	1117.0	71.81	57.56
PTHR21512	1121.0	1069.71	14.0	1.23	0.98
PTHR30508	3208.34	3054.5	1467.04	140.47	112.61
PTHR14744	1129.0	1077.71	62.0	5.39	4.32
PTHR30502	2895.0	2792.42	187.0	12.56	10.06
PTHR10617	11795.0	11487.26	20659.36	887.09	711.13
PTHR10615	7246.0	7092.13	1419.78	56.95	45.66
PTHR12189	1265.0	1213.71	95.0	7.32	5.87
PTHR13527	1137.0	1085.71	143.0	12.33	9.88
PTHR22958	3716.0	3664.71	5355.13	136.27	109.24
PTHR14534	651.0	599.71	38.0	5.96	4.78
PTHR22951	861.0	809.71	124.0	14.36	11.51
PTHR22950	43742.85	42409.47	18681.28	828.58	664.23
PTHR22953	12392.8	12136.37	3151.0	97.79	78.39
PTHR22952	5579.56	5323.12	2890.61	182.24	146.1
PTHR22957	15767.85	15152.37	1358.01	90.17	72.26
PTHR21600	4280.56	4177.98	2270.0	64.06	51.35
PTHR24056	12100.28	11536.19	1908.0	141.68	113.58
PTHR24054	3304.0	3201.42	1626.0	93.59	75.03
PTHR24055	7201.87	6842.84	947.0	82.81	66.38
PTHR24058	2003.4	1900.82	163.0	18.92	15.17
PTHR10766	9170.39	8811.46	4213.96	277.74	222.65
PTHR10762	2338.0	2132.87	128.0	22.97	18.41
PTHR30031	8866.56	8353.78	8229.41	370.92	297.32
PTHR12945	1375.0	1272.43	47.0	6.59	5.28
PTHR12944	1519.39	1468.1	87.0	5.54	4.44
PTHR23163	3217.0	3165.71	797.0	23.48	18.83
PTHR24128	6211.91	5904.18	657.11	52.29	41.91
PTHR13096	3653.0	3550.42	184.0	7.5	6.02
PTHR11364	3188.35	3034.48	1069.54	82.96	66.51
PTHR11365	5445.0	5342.42	608.0	20.73	16.62
PTHR10548	5122.67	4968.79	4067.6	212.76	170.56
PTHR11817	12676.96	12420.5	6814.63	236.71	189.76
PTHR11814	7582.33	7428.46	1347.92	42.74	34.27
PTHR11363	1553.0	1501.71	23623.25	1470.47	1178.8
PTHR10543	11137.0	10778.01	2551.99	74.67	59.86
PTHR11819	15069.73	14813.28	9189.0	267.84	214.71
PTHR10544	627.0	575.71	12744.28	2081.87	1668.92
PTHR11562	1054.3	1003.01	78.0	7.28	5.84
PTHR11566	11459.0	11202.55	5151.12	184.32	147.75
PTHR11567	5994.85	5738.52	557.0	53.97	43.24
PTHR11564	5605.0	5348.55	928.74	87.91	70.47
PTHR11962	3817.16	3612.04	675.0	62.52	50.11
PTHR11963	4258.43	4104.56	1254.0	62.09	49.77
PTHR10381	11587.21	11125.63	12699.45	824.86	661.24
PTHR10383	4081.0	4029.71	422.0	9.76	7.83
PTHR11705	7144.37	6939.24	1347.0	51.77	41.5
PTHR11702	11228.91	10869.88	1936.66	96.28	77.2
PTHR11700	1751.0	1648.42	20816.43	3227.89	2587.63
PTHR10388	1377.0	1325.71	3816.22	269.23	215.82
PTHR10145	5626.0	5523.42	627.99	24.79	19.87
PTHR23273	4408.0	4305.42	759.0	28.11	22.53
PTHR23270	3367.14	3213.28	660.49	42.83	34.34
PTHR23050	5515.48	5156.47	4330.84	433.54	347.56
PTHR23056	2020.8	1918.22	229.0	21.3	17.07
PTHR23054	1520.0	1468.71	198.0	12.6	10.1
PTHR11638	21316.78	20598.86	10618.39	324.13	259.84
PTHR31783	5095.0	4941.13	351.09	20.85	16.72
PTHR23291	9812.79	9556.34	5810.49	337.7	270.73
PTHR11630	9690.0	9330.98	568.0	35.04	28.09
PTHR11140	8583.0	8480.42	2325.75	51.84	41.55
PTHR11141	3596.0	3544.71	1887.91	49.67	39.82
PTHR11142	8736.68	8377.65	674.91	53.27	42.69
PTHR11143	825.0	773.71	12919.05	1566.49	1255.77
PTHR11380	517.0	465.71	41.0	8.3	6.65
PTHR11384	5607.79	5453.95	1193.0	48.24	38.68
PTHR32477	2067.0	1913.13	148.0	21.32	17.1
PTHR14043	779.0	727.71	19.0	2.45	1.96
PTHR32472	2553.59	2399.73	166.0	17.87	14.32
PTHR31658	1140.0	1088.71	94.0	8.08	6.48
PTHR13890	9037.85	8576.26	1268.7	115.68	92.73
PTHR14269	2886.1	2732.23	390.07	30.88	24.75
PTHR22883	12803.27	12393.03	986.0	50.35	40.36
PTHR23125	51061.28	49471.91	4969.78	236.98	189.97
PTHR19879	2648.71	2546.13	712.0	46.44	37.23
PTHR19211	22288.95	21365.83	193504.33	4464.58	3579.0
PTHR23338	1425.0	1373.71	792.0	53.91	43.22
PTHR12608	2398.0	2295.42	390.0	33.22	26.63
PTHR12604	5654.64	5500.77	1138.99	61.94	49.65
PTHR12603	2897.94	2795.36	874.0	49.17	39.41
PTHR32091	1856.0	1753.42	266.0	31.54	25.28
PTHR32098	5510.12	5151.11	543.0	57.23	45.88
PTHR18763	456.0	404.72	17.0	3.97	3.18
PTHR22726	2908.22	2754.35	649.0	53.36	42.78
PTHR22727	17030.83	16671.81	72028.44	2481.76	1989.5
PTHR12428	8852.25	8595.8	2723.32	151.78	121.67
PTHR18968	8317.0	8060.64	7036.79	252.2	202.16
PTHR14456	328.0	276.79	1.0	0.34	0.27
PTHR12730	3758.39	3655.81	267.0	13.87	11.12
PTHR12736	2459.34	2356.76	332.0	19.83	15.89
PTHR12735	5184.95	4979.78	1355.94	108.42	86.92
PTHR15020	13261.39	12851.07	3633.68	202.8	162.58
PTHR12558	6038.0	5781.55	344.0	27.81	22.28
PTHR12553	10043.48	9581.89	1943.05	108.42	86.89
PTHR10497	559.0	507.71	11270.36	2090.28	1675.67
PTHR10496	360.36	309.13	40.54	12.43	9.96
PTHR21569	2498.44	2344.57	13822.24	1972.23	1581.04
PTHR21567	5660.8	5455.64	197.06	14.31	11.47
PTHR13950	2223.0	2120.42	225.0	15.74	12.62
PTHR12133	2139.71	2037.13	100.0	9.7	7.78
PTHR10972	6075.93	5819.48	2113.0	169.42	135.82
PTHR21704	4766.0	4663.42	170.0	9.06	7.26
PTHR10606	1513.98	1462.71	569.0	36.37	29.15
PTHR13743	3598.0	3392.86	190.0	15.34	12.29
PTHR22942	9639.26	9331.53	977.0	58.94	47.25
PTHR13395	2043.62	1992.33	211.0	9.89	7.93
PTHR22891	7852.64	7698.89	4909.97	123.99	99.4
PTHR22893	3203.98	3050.11	396.0	23.17	18.57
PTHR24067	24070.87	23198.95	10144.37	598.13	479.48
PTHR24064	8979.21	8517.78	899.83	97.68	78.31
PTHR24063	38540.83	37207.32	17846.06	693.18	555.72
PTHR21011	1399.0	1347.71	336.0	23.32	18.69
PTHR25040	8080.49	7875.33	2966.18	141.02	113.05
PTHR10774	13790.33	13174.85	1149.0	94.12	75.46
PTHR24068	2857.75	2755.17	7161.55	398.81	319.71
PTHR19980	2565.0	2462.42	272.0	20.75	16.64
PTHR12959	2184.59	1979.5	155.0	27.75	22.25
PTHR24115	59388.19	57541.79	2743.14	96.67	77.5
PTHR10961	1480.52	1429.23	637.0	41.67	33.4
PTHR11825	9007.09	8699.41	2137.24	121.6	97.47
PTHR10809	597.6	546.49	887.0	152.68	122.39
PTHR11822	2410.06	2358.76	1838.46	72.75	58.32
PTHR10555	4330.69	4176.83	959.0	72.28	57.94
PTHR10806	1151.55	1100.26	278.0	23.65	18.96
PTHR10804	15585.51	15226.48	6401.5	309.7	248.27
PTHR11556	6271.0	6014.55	38933.76	2140.18	1715.67
PTHR11558	3449.0	3346.42	574.0	32.16	25.78
PTHR13773	6388.11	6285.53	1358.0	42.51	34.08
PTHR10537	1507.56	1456.27	235.0	15.09	12.09
PTHR11953	2669.0	2566.42	278.0	16.86	13.52
PTHR11952	11737.36	11532.23	4686.98	107.26	85.99
PTHR11956	2330.0	2278.71	449.98	18.43	14.78
PTHR11959	2497.0	2445.71	442.0	16.87	13.52
PTHR11739	5798.98	5645.1	8801.83	910.88	730.2
PTHR11732	27753.48	26625.38	4298.0	288.81	231.51
PTHR11731	12407.89	11997.75	1958.13	105.36	84.46
PTHR11730	9977.17	9669.44	7345.47	408.34	327.34
PTHR11735	2506.7	2301.56	41.0	6.84	5.48
PTHR10394	1003.0	951.71	31915.67	3141.8	2518.61
PTHR20941	3403.0	3351.71	56.0	1.56	1.25
PTHR10150	3771.0	3565.96	154.0	13.5	10.83
PTHR31065	11713.99	11457.6	11062.23	228.75	183.37
PTHR10159	17556.63	17043.71	8652.02	355.96	285.35
PTHR31066	504.0	452.71	8.0	1.67	1.34
PTHR13604	685.0	633.71	31.0	4.6	3.68
PTHR23264	3805.0	3651.13	608.0	44.31	35.52
PTHR23269	1768.0	1716.71	199.0	10.83	8.68
PTHR31204	996.45	945.15	195.0	19.33	15.5
PTHR31201	1253.0	1201.71	840.0	65.4	52.43
PTHR31209	2501.12	2347.25	196.0	23.09	18.5
PTHR11607	7749.78	7339.57	287.05	31.39	25.16
PTHR11606	7047.15	6893.28	15820.55	465.72	373.35
PTHR11601	9191.41	8883.67	1722.0	92.68	74.28
PTHR32467	21495.9	20470.25	1717.52	114.98	92.17
PTHR14255	9413.64	9003.39	615.0	41.31	33.12
PTHR31840	494.0	442.71	22.0	4.69	3.76
PTHR23130	8582.12	8325.7	1113.0	80.08	64.2
PTHR23133	951.0	899.71	155.0	16.15	12.94
PTHR23135	3767.67	3665.08	373.0	19.03	15.25
PTHR23138	3330.0	3227.42	1207.03	80.44	64.48
PTHR23139	17225.17	16661.0	7593.92	453.19	363.29
PTHR31682	1731.0	1679.71	133.0	7.4	5.93
PTHR11040	4434.38	4178.13	451.0	57.51	46.1
PTHR11043	1331.0	1279.71	503.48	36.8	29.5
PTHR11048	10336.4	10028.66	3625.02	216.06	173.2
PTHR14005	2375.0	2323.71	594.0	23.86	19.13
PTHR15818	760.0	708.71	52.0	6.89	5.52
PTHR12636	2740.0	2688.71	600.0	20.82	16.69
PTHR14490	1894.0	1740.17	78.0	11.95	9.58
PTHR14493	36577.0	34782.03	9560.54	526.52	422.06
PTHR15651	533.0	481.71	158.0	30.9	24.77
PTHR12380	4283.4	4078.24	1029.0	92.19	73.9
PTHR12385	1365.38	1314.09	3263.97	232.31	186.23
PTHR12706	10686.06	10070.75	819.0	56.35	45.14
PTHR12709	1595.23	1543.94	172.0	10.41	8.35
PTHR19957	6769.94	6513.49	2415.12	186.41	149.43
PTHR12561	777.0	725.71	14.0	1.81	1.45
PTHR12560	9639.36	9382.9	2932.95	102.0	81.76
PTHR11203	6703.29	6498.12	646.0	35.6	28.54
PTHR12097	6675.0	6572.42	1653.99	40.77	32.68
PTHR11200	11532.45	11070.9	2699.98	160.13	128.34
PTHR21576	12258.77	11745.95	913.0	69.05	55.35
PTHR24193	6645.31	6183.82	1125.99	107.4	86.1
PTHR12419	5913.7	5657.31	483.75	43.17	34.62
PTHR30525	1519.0	1467.71	1864.14	118.74	95.18
PTHR12413	2677.0	2471.87	166.0	25.54	20.49
PTHR12411	17913.0	17143.72	6732.26	543.12	435.39
PTHR23339	7521.0	7213.26	1543.99	114.91	92.12
PTHR12415	1324.0	1221.48	62.0	7.37	5.91
PTHR10947	1400.0	1297.45	161.0	22.38	17.94
PTHR21717	1926.0	1823.42	180.0	18.19	14.58
PTHR21712	3063.7	2961.12	761.0	53.83	43.15
PTHR12897	2854.19	2751.61	9269.42	386.22	309.6
PTHR12894	4265.93	4009.49	256.0	32.03	25.68
PTHR12891	1482.0	1430.71	24.92	1.63	1.31
PTHR22976	11603.55	11295.81	9043.07	296.36	237.59
PTHR22975	4373.0	4219.13	943.0	48.95	39.23
PTHR20922	2596.51	2442.64	563.0	55.19	44.24
PTHR21377	2735.53	2632.95	536.91	42.86	34.35
PTHR21371	2411.0	2359.71	13322.95	527.0	422.47
PTHR21373	3498.25	3293.12	375.0	28.18	22.59
PTHR22573	11262.25	11005.82	3704.0	165.16	132.4
PTHR22572	11975.78	11514.16	9229.33	584.05	468.22
PTHR30566	4683.65	4529.78	649.0	32.29	25.89
PTHR21000	2793.0	2741.71	2430.08	82.7	66.3
PTHR10701	2181.0	2078.42	669.0	60.6	48.58
PTHR13162	8100.28	7895.12	2178.33	105.49	84.56
PTHR13165	3760.71	3709.42	1210.79	30.44	24.4
PTHR21396	523.0	471.71	50.0	9.99	8.01
PTHR12459	1442.0	1390.71	232.2	15.61	12.52
PTHR10681	12645.51	12286.47	3779.05	223.45	179.13
PTHR24106	9421.86	8857.7	350.0	35.11	28.14
PTHR24103	2808.55	2705.97	630.0	36.96	29.63
PTHR11540	3759.77	3657.19	12024.07	679.15	544.43
PTHR10836	2729.0	2626.42	57918.4	3293.6	2640.31
PTHR10835	3203.0	3151.71	461.0	13.64	10.94
PTHR11545	3658.0	3504.13	23400.06	2672.91	2142.73
PTHR10012	910.21	858.92	381.0	41.58	33.34
PTHR13768	1589.17	1486.61	327.0	41.26	33.08
PTHR24078	7413.92	7055.0	462.06	38.86	31.15
PTHR11946	25618.18	24797.57	5848.23	304.75	244.31
PTHR11947	6703.49	6447.05	3452.67	147.53	118.28
PTHR11941	9448.93	9038.6	2771.31	204.58	164.02
PTHR24072	1846.0	1743.42	142.0	15.35	12.31
PTHR24073	20457.29	19636.66	11151.61	716.91	574.72
PTHR10491	1482.1	1379.52	52.0	7.23	5.8
PTHR24076	18275.3	17711.11	4665.8	258.93	207.56
PTHR24077	20874.8	19951.58	2273.0	194.12	155.62
PTHR11728	7988.87	7783.71	1388.63	67.88	54.42
PTHR11726	1447.0	1344.49	19529.1	1742.09	1396.53
PTHR11727	668.0	616.71	47.0	7.16	5.74
PTHR11721	789.0	737.71	21318.85	2712.11	2174.15
PTHR11722	1332.0	1229.42	13757.13	2103.48	1686.25
PTHR10120	1251.0	1199.71	268.0	20.9	16.76
PTHR10122	4633.0	4581.71	6333.55	128.87	103.31
PTHR11451	10874.0	10514.99	2905.91	164.34	131.74
PTHR11831	850.0	798.71	6.0	0.7	0.56
PTHR11835	6440.0	6234.84	2656.99	150.18	120.4
PTHR11614	5218.49	5064.61	1313.9	70.07	56.18
PTHR11615	9146.36	8889.98	18935.51	809.44	648.9
PTHR11618	4906.75	4804.16	407.0	15.33	12.29
PTHR14140	2888.0	2785.42	335.0	19.13	15.33
PTHR32419	5205.44	5051.57	625.0	36.45	29.21
PTHR10231	1670.0	1618.71	92.0	5.31	4.26
PTHR10233	8227.0	7970.55	1510.0	90.1	72.22
PTHR31503	11316.0	11162.13	8223.9	196.81	157.77
PTHR23147	632.0	580.71	21.0	3.4	2.73
PTHR23140	2390.31	2339.02	313.0	12.49	10.01
PTHR23142	2901.38	2798.8	469.0	26.58	21.3
PTHR23149	1484.72	1433.44	291.0	18.98	15.21
PTHR23148	1419.0	1367.71	77.0	5.26	4.22
PTHR31695	3060.0	2957.42	407.76	27.53	22.07
PTHR11056	1439.0	1387.71	158.0	10.65	8.53
PTHR11055	4607.59	4453.72	5835.85	316.92	254.04
PTHR32523	5136.7	4982.83	617.0	34.34	27.52
PTHR10670	6949.0	6897.71	190.0	2.57	2.06
PTHR10540	6071.0	5917.13	1638.21	90.4	72.46
PTHR12629	1152.0	1100.71	633.0	53.83	43.16
PTHR18945	5173.11	5070.52	567.0	16.73	13.41
PTHR26402	7575.06	7318.61	2262.01	100.17	80.3
PTHR19384	14844.11	14228.72	22437.36	1461.85	1171.89
PTHR12714	5718.09	5512.93	1154.1	78.03	62.54
PTHR32251	2344.0	2292.71	521.0	21.21	17.0
PTHR12570	3208.59	3106.01	117.0	8.0	6.42
PTHR21494	1148.0	1045.42	29.0	5.33	4.27
PTHR21496	6606.6	6350.15	4589.95	381.82	306.08
PTHR21493	33819.45	32588.52	10521.59	550.87	441.61
PTHR21499	4739.05	4585.19	1031.37	69.9	56.05
PTHR21148	2263.0	2160.42	238.0	20.82	16.69
PTHR12083	2278.13	2175.55	258.0	22.26	17.84
PTHR13355	1507.0	1404.42	94.0	12.01	9.62
PTHR13976	23836.09	23477.07	11501.69	302.04	242.13
PTHR19852	2656.0	2604.71	755.0	27.05	21.68
PTHR12406	8975.06	8616.03	883.0	56.53	45.32
PTHR16128	2945.0	2791.13	278.0	26.04	20.87
PTHR12400	965.88	914.59	173.0	17.73	14.21
PTHR30314	5966.91	5761.75	893.09	60.16	48.22
PTHR12882	1357.0	1305.71	372.0	26.65	21.36
PTHR12883	1743.0	1691.71	344.0	19.0	15.23
PTHR16255	5255.34	5050.18	1289.0	89.23	71.53
PTHR16254	9949.62	9795.75	4185.99	110.58	88.64
PTHR22960	1270.0	1218.71	131.0	10.06	8.06
PTHR13373	2551.37	2500.08	298.0	11.12	8.92
PTHR13375	2924.39	2821.8	295.0	17.66	14.15
PTHR22967	1062.0	1010.71	58.0	5.37	4.31
PTHR23407	1670.58	1619.28	155.0	8.95	7.17
PTHR30222	1201.53	1150.24	139.0	11.31	9.07
PTHR13115	781.0	729.71	79.0	10.16	8.15
PTHR13117	2122.0	2070.71	242.0	10.91	8.75
PTHR12975	3068.48	2914.65	209.0	16.33	13.09
PTHR13285	3843.0	3791.71	231.0	5.68	4.55
PTHR13288	1110.0	1058.71	118.0	10.44	8.37
PTHR10953	12588.93	12127.33	1881.99	120.25	96.4
PTHR10954	2357.39	2254.81	230.03	19.1	15.31
PTHR21726	1891.0	1788.42	133.0	11.78	9.45
PTHR10826	1353.0	1301.71	668.0	48.0	38.48
PTHR11533	8655.92	8399.47	2839.0	156.15	125.18
PTHR11532	7158.05	6952.89	1426.21	67.02	53.73
PTHR10971	4820.22	4666.38	979.05	56.44	45.25
PTHR10000	5723.66	5569.79	390.09	27.67	22.18
PTHR13021	1321.0	1269.71	354.0	26.08	20.91
PTHR24006	30230.6	28743.65	2082.1	189.66	152.03
PTHR24003	14438.56	13823.11	1451.14	107.31	86.03
PTHR31446	2607.98	2505.42	592.0	47.08	37.75
PTHR31442	1339.28	1236.7	81.0	14.23	11.4
PTHR11441	2052.0	2000.71	474.0	22.12	17.74
PTHR11440	12913.78	12554.75	2762.0	113.3	90.84
PTHR11999	8626.53	8267.59	4034.84	205.55	164.78
PTHR11998	4872.0	4769.42	1073.0	41.98	33.65
PTHR11449	696.0	644.71	29191.44	4253.95	3410.16
PTHR11994	5207.0	5104.42	22146.09	455.72	365.33
PTHR10133	6363.02	5952.73	379.0	47.12	37.77
PTHR21649	16486.52	15563.43	900900.23	130160.15	104342.33
PTHR13620	5967.88	5608.89	252.0	24.01	19.26
PTHR11847	872.0	820.71	12717.32	1453.12	1164.89
PTHR11843	819.0	767.71	24307.47	2970.6	2381.37
PTHR11661	3052.0	2898.13	19905.68	2925.99	2345.6
PTHR11662	44163.88	42727.88	68023.07	2135.18	1711.69
PTHR11669	4774.48	4620.61	1085.34	67.58	54.17
PTHR11668	14954.8	14441.9	4543.88	235.66	188.91
PTHR20856	13055.0	12798.55	2136.99	84.25	67.54
PTHR20854	6263.13	6057.97	1656.0	114.08	91.45
PTHR20852	8000.0	7641.14	12907.19	667.03	534.71
PTHR32404	1116.16	1064.87	106.0	9.32	7.47
PTHR20858	2692.22	2538.42	180.0	20.24	16.22
PTHR10634	1765.0	1713.71	5843.94	318.61	255.41
PTHR30603	2360.0	2308.71	1536.0	62.1	49.79
PTHR11709	5027.24	4924.66	576.0	13.06	10.47
PTHR14237	12595.47	11980.13	2517.18	134.92	108.16
PTHR10738	2252.0	2098.17	167.0	19.05	15.28
PTHR10264	2267.0	2215.71	512.0	21.57	17.29
PTHR23155	60229.42	58075.6	7023.3	426.65	342.02
PTHR23153	5518.24	5210.49	294.0	33.77	27.07
PTHR23151	13905.59	13443.99	12902.99	614.04	492.23
PTHR11063	1347.65	1296.36	366.0	26.41	21.17
PTHR11062	1216.0	1113.43	3.0	0.4	0.32
PTHR11061	9337.37	8721.92	1361.57	194.6	155.99
PTHR11065	13003.61	12644.65	5151.19	257.48	206.42
PTHR11064	4168.41	4014.54	3983.0	157.64	126.37
PTHR11260	19119.69	18504.22	9955.01	486.0	389.59
PTHR11264	1880.93	1829.64	297.0	15.16	12.16
PTHR11266	18197.37	17633.18	5642.91	279.57	224.11
PTHR13501	1426.86	1324.29	1567.0	191.25	153.32
PTHR31998	4499.0	4396.54	27271.41	614.67	492.75
PTHR31221	1636.0	1533.42	52.07	5.91	4.74
PTHR15838	1728.0	1625.42	131.0	15.39	12.33
PTHR12850	666.06	614.77	19579.32	2993.41	2399.65
PTHR32338	1321.0	1269.71	1851.6	136.41	109.36
PTHR31407	4091.51	3937.64	1268.0	77.75	62.32
PTHR15744	2858.35	2704.47	275.0	21.92	17.58
PTHR18952	4558.32	4404.45	1577.0	82.61	66.23
PTHR10552	800.0	748.71	297.0	37.22	29.84
PTHR21597	3527.91	3374.04	302.0	24.51	19.64
PTHR12765	442.0	390.72	24.0	5.8	4.65
PTHR12505	1907.0	1804.42	271.0	28.85	23.13
PTHR22603	6533.46	6328.29	729.0	40.8	32.69
PTHR12506	4091.3	3886.14	625.38	53.45	42.84
PTHR22604	3624.85	3471.12	1013.39	69.47	55.68
PTHR21481	1219.0	1167.71	31.0	2.48	1.99
PTHR22778	4042.02	3888.15	1635.0	86.44	69.29
PTHR12169	4658.18	4350.48	603.0	61.89	49.62
PTHR19446	39051.69	38128.47	25905.24	991.26	794.62
PTHR12219	1479.0	1427.71	1681.0	110.08	88.25
PTHR13561	1386.24	1283.66	133.0	15.9	12.75
PTHR13563	1769.27	1666.69	124.0	13.71	10.99
PTHR12210	19515.94	19156.89	5501.0	135.97	109.0
PTHR12215	1366.0	1263.42	47.33	7.04	5.64
PTHR12214	1032.0	929.43	39.0	7.05	5.65
PTHR22911	9085.0	8623.4	872.95	80.73	64.71
PTHR22912	19412.06	18591.48	8440.05	655.76	525.67
PTHR12183	5154.0	5000.21	810.17	38.32	30.71
PTHR19849	2661.0	2558.42	194.0	14.51	11.63
PTHR22594	10963.15	10552.92	2879.74	182.36	146.19
PTHR11864	4140.37	3935.2	443.0	42.02	33.69
PTHR21152	11210.42	11005.27	6691.24	334.36	268.03
PTHR30075	2088.0	1985.42	483.0	44.2	35.43
PTHR11632	13472.7	13216.25	17917.92	468.05	375.21
PTHR13102	3102.71	2948.84	414.0	36.78	29.49
PTHR12984	1952.0	1900.71	148.0	7.27	5.83
PTHR23293	3877.73	3723.91	2706.0	133.04	106.65
PTHR13299	2902.3	2799.71	703.99	47.97	38.46
PTHR12652	1044.0	992.71	1703.68	160.74	128.86
PTHR10925	4200.0	3994.84	213.0	19.92	15.97
PTHR21737	3136.0	2930.84	307.0	39.83	31.93
PTHR10920	3444.28	3239.11	500.0	54.64	43.81
PTHR10584	19591.69	18719.84	3394.0	196.7	157.68
PTHR11528	8086.0	7880.84	4662.1	229.41	183.91
PTHR11527	2216.0	2164.71	748.0	32.26	25.86
PTHR11525	2496.0	2444.71	668.24	25.51	20.45
PTHR10859	4288.0	4134.13	376.0	24.69	19.8
PTHR10589	1534.0	1431.43	450.0	48.9	39.2
PTHR10588	15584.95	14713.08	566.0	57.21	45.85
PTHR13038	2032.0	1929.42	191.0	18.26	14.64
PTHR13748	18535.7	17920.23	11720.37	379.76	304.43
PTHR10026	4245.45	4091.58	587.0	41.99	33.67
PTHR24015	28041.86	27170.03	3432.0	195.25	156.5
PTHR24012	40757.8	39578.15	71759.28	3805.75	3050.85
PTHR24011	41077.68	39436.66	16191.08	733.91	588.31
PTHR31187	16266.04	15701.87	15328.95	512.13	410.52
PTHR13948	1242.84	1191.59	307.0	24.11	19.32
PTHR21145	821.73	770.44	141.0	17.17	13.76
PTHR10459	5838.9	5582.48	408.0	33.65	26.96
PTHR11453	1806.63	1704.05	62.0	6.82	5.47
PTHR10108	49790.4	47790.2	11375.32	703.79	564.18
PTHR11986	13886.18	13373.29	8487.95	419.95	336.65
PTHR11455	10072.23	9610.69	1779.2	124.04	99.44
PTHR10102	4054.49	3951.91	332.0	15.14	12.14
PTHR11458	1367.0	1315.71	2159.99	153.55	123.09
PTHR10106	1138.0	1086.71	85.0	7.32	5.87
PTHR11851	25172.92	24352.29	10472.05	475.17	380.9
PTHR23092	7411.09	7052.26	2440.98	104.34	83.65
PTHR23091	13772.97	13106.31	2107.0	158.13	126.74
PTHR11673	1683.0	1631.71	9963.96	570.63	457.44
PTHR11670	3892.25	3789.67	6264.26	286.52	229.69
PTHR11671	1433.0	1381.71	1111.32	75.21	60.29
PTHR20863	2806.0	2652.13	11987.54	1082.48	867.76
PTHR20861	3269.72	3115.86	843.0	72.96	58.49
PTHR11679	8357.71	8101.27	1065.0	61.66	49.44
PTHR14009	6774.7	6672.12	2125.97	59.61	47.79
PTHR10217	17630.38	17014.9	1617.03	94.99	76.14
PTHR10210	1586.0	1534.71	485.0	29.54	23.68
PTHR11588	11055.59	10747.85	23827.96	1219.33	977.46
PTHR31522	1415.0	1363.71	177.0	12.14	9.73
PTHR14221	1293.0	1190.48	121.0	18.34	14.7
PTHR11079	5927.91	5620.25	315.0	30.37	24.34
PTHR11076	14354.54	13739.06	642.0	49.97	40.07
PTHR11070	1561.0	1458.49	66.0	6.52	5.23
PTHR11071	23628.98	22603.25	17214.9	1458.07	1168.89
PTHR11278	751.0	699.71	15866.48	2128.98	1706.68
PTHR14107	484.0	432.72	47.0	10.25	8.21
PTHR11276	2724.0	2621.42	158.0	10.78	8.64
PTHR11274	1243.35	1192.06	570.0	44.74	35.86
PTHR14136	6105.85	5900.7	2352.96	189.96	152.28
PTHR31984	5642.78	5488.91	1239.0	52.27	41.89
PTHR15350	3617.47	3514.89	851.01	44.95	36.04
PTHR15606	907.77	856.48	76.0	8.32	6.67
PTHR12374	1735.95	1633.38	236.0	27.06	21.69
PTHR12375	825.22	773.93	128.0	15.52	12.44
PTHR12378	680.0	628.71	56.99	8.52	6.83
PTHR18929	8743.72	8435.99	21599.17	1159.82	929.75
PTHR30535	3278.78	3176.2	526.27	27.39	21.95
PTHR12777	1174.0	1122.71	1026.02	85.54	68.57
PTHR12775	2892.08	2687.0	699.0	92.62	74.24
PTHR12770	8524.46	8268.02	1506.28	83.19	66.69
PTHR14085	2340.0	2288.71	217.02	8.85	7.1
PTHR16092	4712.46	4609.88	1231.0	49.23	39.46
PTHR10938	2282.0	2230.71	923.0	38.63	30.97
PTHR11035	1756.0	1653.42	850.0	84.61	67.82
PTHR22298	31870.54	30998.87	11846.34	331.22	265.5
PTHR12174	3443.62	3289.76	1048.0	97.62	78.25
PTHR12175	1440.0	1388.71	238.15	16.04	12.85
PTHR12176	11020.74	10661.69	3952.23	117.42	94.14
PTHR22769	7654.24	7346.57	1071.41	89.55	71.79
PTHR22767	4465.34	4157.61	509.0	68.03	54.54
PTHR22765	9949.7	9693.3	1919.0	88.41	70.87
PTHR22762	15791.4	15227.31	2556.0	109.23	87.57
PTHR22763	1159.0	1056.43	21.0	3.36	2.69
PTHR22761	2222.03	2119.45	724.0	65.31	52.36
PTHR21231	5580.0	5374.84	581.0	63.41	50.83
PTHR21230	4569.0	4415.13	694.0	46.08	36.94
PTHR21234	4299.0	4196.42	464.0	24.35	19.52
PTHR21237	3321.0	3167.13	881.0	77.77	62.34
PTHR12202	2940.88	2735.73	162.0	19.7	15.78
PTHR12203	5616.0	5462.13	479.0	24.5	19.64
PTHR19857	1985.0	1882.54	93.0	5.97	4.79
PTHR19854	4203.48	3947.05	83.0	9.38	7.51
PTHR19855	1386.15	1283.58	109.0	15.03	12.05
PTHR13353	6137.92	5932.75	1056.37	54.69	43.84
PTHR19853	3677.0	3471.84	164.0	19.12	15.34
PTHR11136	1924.48	1770.66	359.08	55.31	44.34
PTHR12197	28228.89	27100.86	6259.34	337.8	270.8
PTHR19858	2847.03	2744.45	250.0	14.78	11.85
PTHR13822	1801.13	1749.84	2602.98	138.97	111.41
PTHR10344	2096.64	2045.35	456.96	20.86	16.72
PTHR13138	669.59	618.3	82.0	12.46	9.99
PTHR10732	572.0	520.71	13327.94	2409.55	1931.61
PTHR10739	3445.01	3291.14	1010.4	87.91	70.47
PTHR22846	1866.59	1764.01	241.0	23.13	18.54
PTHR12992	2660.52	2557.94	241.0	17.82	14.28
PTHR22838	1913.97	1862.68	333.0	16.7	13.39
PTHR22836	1561.0	1509.71	94.0	5.82	4.67
PTHR11934	1195.0	1143.71	196.0	16.04	12.86
PTHR10693	619.0	567.71	153.0	25.35	20.32
PTHR10934	1009.0	957.71	17533.14	1715.1	1374.9
PTHR11510	3237.0	3185.71	3398.0	99.49	79.76
PTHR11516	5257.81	5052.67	4919.03	426.02	341.51
PTHR10025	8019.0	7711.32	1172.0	77.26	61.93
PTHR10027	7553.18	7245.44	361.0	27.8	22.29
PTHR13009	6514.0	6308.84	831.0	36.09	28.93
PTHR13007	1684.0	1632.71	237.0	13.56	10.87
PTHR30115	1252.0	1200.71	1647.87	128.42	102.94
PTHR10598	1595.0	1543.71	551.0	33.36	26.74
PTHR17901	3188.11	3085.53	618.0	35.19	28.2
PTHR14413	1465.0	1362.42	630.0	72.82	58.38
PTHR24351	4072.82	3970.24	931.02	41.69	33.42
PTHR20981	831.0	779.71	17179.34	2066.93	1656.94
PTHR20982	3008.0	2905.42	693.49	50.98	40.87
PTHR24352	5750.0	5647.42	1778.0	54.03	43.31
PTHR11467	796.0	744.71	9.0	1.13	0.91
PTHR10119	8456.06	8097.03	2785.96	186.4	149.42
PTHR10114	676.0	624.71	18440.24	2774.01	2223.77
PTHR10110	13189.55	12830.53	1961.98	104.92	84.09
PTHR11469	2233.0	2181.71	3321.01	142.11	113.93
PTHR10445	885.0	833.71	186.0	20.92	16.77
PTHR11863	2534.0	2431.42	385.0	30.02	24.07
PTHR24286	25535.28	24868.5	9826.83	426.39	341.81
PTHR23429	4883.29	4729.42	2594.0	130.96	104.98
PTHR23426	3832.02	3678.15	2293.0	157.88	126.56
PTHR10593	3609.0	3455.13	467.0	39.0	31.28
