GeneFamily	length	effective_length	expected_count	TPM	FPKM
PTHR11649	11374.0	11034.89	168.0	23.46	34.61
PTHR31089	2013.0	1982.17	64.0	4.8	7.08
PTHR31085	2919.09	2888.26	359.0	18.46	27.22
PTHR11647	7123.86	6969.73	207.0	15.33	22.6
PTHR11645	3495.0	3433.34	179.0	14.1	20.79
PTHR11880	930.0	899.17	3108.95	517.28	762.75
PTHR11885	734.0	703.17	3802.42	811.35	1196.37
PTHR10209	7153.57	6968.59	215.0	25.2	37.16
PTHR32429	7097.55	6912.57	3165.48	261.05	384.93
PTHR31423	1109.0	1078.17	52.0	7.2	10.62
PTHR31551	1789.0	1758.17	81.0	6.86	10.11
PTHR32195	2424.0	2393.17	50.0	3.11	4.58
PTHR11081	4411.53	4288.21	79.0	14.41	21.25
PTHR11080	5556.94	5402.79	371.0	38.3	56.48
PTHR11082	4799.0	4675.68	245.0	26.61	39.24
PTHR11085	7532.42	7347.43	750.0	44.81	66.09
PTHR11089	7882.2	7697.21	464.94	43.72	64.47
PTHR12271	2260.0	2229.17	34.0	2.27	3.34
PTHR32518	7187.07	7094.57	616.0	52.67	77.66
PTHR11247	756.0	725.17	22.0	4.55	6.71
PTHR11246	9844.0	9720.68	573.36	35.09	51.74
PTHR32512	4255.01	4193.34	138.0	10.06	14.83
PTHR23088	4722.0	4598.68	422.01	48.87	72.07
PTHR23089	2512.0	2450.34	39.0	4.77	7.03
PTHR23081	2308.74	2277.91	282.0	18.4	27.13
PTHR23083	38903.58	38132.81	2838.88	201.47	297.08
PTHR23084	4811.0	4626.02	41.0	5.3	7.82
PTHR23086	7182.91	7028.76	255.0	23.09	34.03
PTHR18806	1529.0	1498.17	26.0	2.59	3.81
PTHR15184	9942.0	9757.04	2627.36	169.01	249.2
PTHR15341	1267.0	1236.17	63.0	7.6	11.21
PTHR12696	4258.86	4228.03	230.0	8.07	11.9
PTHR12341	6450.0	6234.19	196.0	29.49	43.5
PTHR15160	5312.65	5189.32	373.0	49.77	73.38
PTHR18937	20711.57	20464.92	528.0	32.36	47.72
PTHR18934	22570.62	21892.36	552.09	77.93	114.96
PTHR12742	2480.48	2418.81	232.0	25.52	37.63
PTHR12741	954.0	923.17	32.0	5.18	7.64
PTHR16557	1238.0	1207.17	13.0	1.61	2.37
PTHR19288	4073.58	3950.26	133.11	13.9	20.5
PTHR12975	3678.0	3616.34	31.0	2.16	3.18
PTHR13902	3023.0	2961.35	337.0	35.73	52.7
PTHR13903	3147.0	3054.53	212.0	22.96	33.85
PTHR22753	2477.0	2415.34	69.96	8.62	12.71
PTHR30615	2009.0	1947.34	150.0	23.24	34.27
PTHR22939	18364.06	17963.28	1328.0	101.82	150.16
PTHR16266	3305.0	3181.68	43.0	8.29	12.23
PTHR30612	1350.0	1319.17	27.0	3.05	4.5
PTHR22932	1363.0	1332.17	68.0	7.61	11.22
PTHR22931	18505.45	18351.3	28744.45	1199.07	1768.07
PTHR31038	1767.0	1736.17	222.0	19.03	28.06
PTHR32357	1612.0	1550.34	41.0	7.71	11.38
PTHR13832	43193.0	42391.4	6649.69	545.95	805.02
PTHR21139	2031.0	1969.34	1167.01	160.68	236.93
PTHR21136	4389.0	4296.51	1285.0	127.01	187.27
PTHR12526	47331.76	46376.02	8788.84	711.47	1049.12
PTHR13120	2049.0	2018.17	190.0	14.0	20.65
PTHR22809	2281.0	2188.51	35.0	7.62	11.23
PTHR22807	7295.0	7079.19	147.0	19.77	29.17
PTHR20661	1400.12	1369.28	16.0	1.74	2.57
PTHR10900	19185.79	18754.19	3983.04	556.53	820.62
PTHR10906	4801.92	4678.7	14682.7	10919.76	16101.66
PTHR10909	16029.06	15720.75	3231.96	254.96	375.95
PTHR10055	2378.0	2316.34	270.0	26.31	38.8
PTHR10057	3197.0	3135.34	276.0	25.23	37.19
PTHR10052	1948.0	1886.34	4586.61	909.39	1340.95
PTHR13018	6901.0	6839.34	489.43	21.95	32.37
PTHR10694	12887.92	12610.45	845.0	79.83	117.73
PTHR12839	3112.41	3050.74	112.0	9.94	14.65
PTHR12835	432.0	401.17	1.0	0.38	0.56
PTHR24031	74428.95	72856.61	21868.85	1610.81	2375.18
PTHR24032	1027.08	996.25	61.99	9.3	13.71
PTHR24349	19580.34	19179.54	2916.0	217.84	321.22
PTHR24619	11276.13	11091.14	809.0	70.81	104.39
PTHR24343	57498.31	56172.62	9031.89	843.92	1244.41
PTHR11472	6989.83	6804.86	102.0	5.45	8.05
PTHR24347	9541.0	9325.19	418.0	35.66	52.56
PTHR11476	4716.57	4685.73	190.49	6.03	8.89
PTHR10438	23234.02	22709.94	4372.14	440.62	649.73
PTHR10476	5109.0	4985.68	830.38	104.07	153.45
PTHR11538	4662.9	4570.4	356.5	32.26	47.56
PTHR24290	7687.1	7594.6	680.0	32.03	47.24
PTHR12730	2393.0	2331.34	107.0	13.27	19.57
PTHR23413	555.0	524.17	4234.33	1217.46	1795.2
PTHR23417	2008.82	1947.16	43.0	5.95	8.78
PTHR23416	5823.0	5638.02	317.93	42.47	62.64
PTHR23415	1716.42	1685.59	98.11	8.67	12.78
PTHR12736	2408.34	2377.51	392.36	24.53	36.17
PTHR10871	3750.0	3657.51	5563.26	1145.24	1688.71
PTHR23418	1042.0	1011.17	126.0	18.62	27.46
PTHR10877	4794.0	4547.39	15.0	2.69	3.97
PTHR11879	1848.0	1817.17	44.0	3.6	5.31
PTHR10430	5287.59	5164.27	293.29	40.93	60.35
PTHR11659	1852.0	1821.17	52.0	4.25	6.27
PTHR31096	5978.0	5885.51	1398.05	124.4	183.43
PTHR11655	1809.0	1747.34	6439.69	1169.47	1724.43
PTHR11652	1166.0	1104.34	6663.77	1580.21	2330.09
PTHR10436	8603.83	8357.19	82.0	12.73	18.78
PTHR20883	666.0	635.17	4.0	0.95	1.4
PTHR11895	7364.5	7179.52	75.0	6.83	10.08
PTHR10277	2205.56	2113.08	700.43	79.28	116.9
PTHR14027	3526.0	3464.34	231.0	19.83	29.24
PTHR13691	2762.07	2669.6	3538.47	480.91	709.12
PTHR23180	4975.74	4821.58	159.0	25.98	38.32
PTHR14593	4172.0	4110.34	91.0	7.05	10.39
PTHR11093	3754.19	3661.69	79.0	7.13	10.51
PTHR11096	2919.58	2857.9	384.0	41.17	60.71
PTHR23346	13505.73	13320.74	202.0	13.48	19.86
PTHR11099	3935.0	3842.51	95.0	11.56	17.04
PTHR10309	2089.0	2058.17	865.0	62.5	92.16
PTHR11252	2549.0	2518.17	90.0	5.31	7.83
PTHR11254	15696.34	15388.02	1580.0	99.03	146.02
PTHR11255	2445.27	2414.44	154.0	9.48	13.98
PTHR14110	5916.0	5792.68	447.0	42.75	63.04
PTHR16201	1790.0	1759.17	0.0	0.0	0.0
PTHR14374	1402.0	1371.17	30.0	3.26	4.81
PTHR18838	1889.8	1858.97	85.0	6.8	10.03
PTHR12687	1895.0	1864.17	14.0	1.12	1.65
PTHR15157	4838.52	4715.19	93.0	12.14	17.91
PTHR18901	8960.72	8806.57	832.69	67.4	99.39
PTHR12755	3848.0	3755.51	86.0	12.76	18.81
PTHR12750	4241.0	4179.34	314.0	25.02	36.89
PTHR12753	1043.0	1012.17	45.0	6.64	9.8
PTHR15081	1137.0	1106.17	30.0	4.05	5.97
PTHR15574	7166.08	6950.26	262.04	45.53	67.12
PTHR12506	3583.0	3521.34	1044.97	58.53	86.31
PTHR23109	662.0	631.17	7.0	1.67	2.46
PTHR31811	2278.72	2186.23	56.0	11.98	17.66
PTHR12358	6753.51	6630.17	151.0	13.53	19.94
PTHR22748	4399.36	4245.23	80.0	11.99	17.7
PTHR12356	2260.0	2198.34	55.0	7.78	11.48
PTHR12221	2845.0	2783.34	109.0	11.96	17.64
PTHR30603	1059.0	997.34	16.0	5.59	8.24
PTHR12226	2234.0	2172.34	65.0	10.56	15.58
PTHR19876	7855.0	7731.68	645.0	52.93	78.06
PTHR19877	3153.0	3091.34	806.16	78.22	115.33
PTHR31953	3116.0	3023.51	35.0	3.48	5.12
PTHR31442	2662.0	2600.34	449.0	42.41	62.53
PTHR13803	8549.35	8456.85	340.0	18.04	26.6
PTHR19980	3668.0	3606.34	102.0	8.3	12.22
PTHR12537	5163.93	5102.27	493.0	33.47	49.35
PTHR12532	541.0	510.17	6.0	1.77	2.61
PTHR13486	1375.0	1344.17	59.0	6.54	9.65
PTHR20275	7256.0	7132.68	421.0	32.63	48.12
PTHR13489	2469.0	2407.34	0.0	0.0	0.0
PTHR17583	5048.0	5017.17	118.0	3.49	5.14
PTHR19316	2665.0	2572.51	141.0	26.64	39.29
PTHR24198	24021.42	23374.01	1384.97	178.59	263.34
PTHR10048	8655.04	8500.87	354.0	35.0	51.61
PTHR21704	4684.24	4653.41	100.81	3.21	4.74
PTHR24193	11295.25	10986.95	594.0	58.25	85.9
PTHR10044	4548.85	4487.19	443.0	23.73	34.99
PTHR11014	6364.31	6240.98	516.0	44.26	65.26
PTHR10687	1366.0	1335.17	124.0	13.85	20.42
PTHR10681	10474.38	10166.08	953.07	107.08	157.89
PTHR10682	1773.0	1742.17	508.0	43.4	64.0
PTHR10683	4509.0	4416.51	633.87	58.44	86.15
PTHR12829	2286.46	2224.8	120.96	15.18	22.39
PTHR12820	2597.0	2566.17	234.0	13.55	19.98
PTHR12826	1586.0	1555.17	305.0	29.21	43.07
PTHR12827	4933.57	4902.79	179.0	5.41	7.98
PTHR17920	303.0	272.19	1.0	0.56	0.83
PTHR13017	1119.0	1088.17	24.0	3.29	4.86
PTHR10137	1109.0	1078.17	73.0	10.11	14.91
PTHR11405	6114.0	6021.51	784.65	54.84	80.87
PTHR11404	1974.12	1881.61	600.0	106.57	157.15
PTHR11406	2411.61	2319.13	1267.28	208.06	306.8
PTHR14744	1136.0	1105.17	21.0	2.84	4.18
PTHR13468	1190.0	1159.17	38.0	4.89	7.21
PTHR23406	11230.07	11106.75	812.0	41.4	61.05
PTHR23407	1371.0	1340.17	21.0	2.34	3.44
PTHR10869	15211.78	14841.82	1025.0	114.27	168.52
PTHR31717	2862.0	2831.17	636.0	33.36	49.2
PTHR22942	10930.0	10652.55	320.0	26.01	38.37
PTHR15169	2523.98	2493.14	53.0	3.16	4.66
PTHR11315	5813.12	5751.46	935.0	41.96	61.87
PTHR10139	989.45	958.62	73.0	11.38	16.78
PTHR10264	4565.35	4472.86	2670.0	307.4	453.27
PTHR10263	2086.0	2024.34	365.78	53.1	78.3
PTHR31155	4436.37	4374.7	888.07	39.57	58.35
PTHR32170	5680.36	5587.87	400.0	34.59	51.01
PTHR23350	2791.33	2698.84	257.0	40.09	59.12
PTHR23354	902.0	871.17	15.0	2.58	3.8
PTHR23355	13694.42	13509.44	471.0	26.51	39.11
PTHR23359	4283.8	4191.31	687.0	71.55	105.51
PTHR11227	2545.0	2452.51	65.0	11.83	17.46
PTHR11220	4471.92	4348.59	519.0	62.91	92.76
PTHR11223	6747.4	6685.74	382.0	16.14	23.79
PTHR11229	2489.0	2427.34	665.06	89.57	132.08
PTHR10314	19816.28	19415.48	2758.52	240.97	355.29
PTHR14303	1379.0	1348.17	49.0	5.42	7.99
PTHR11139	34987.51	34525.04	1011.26	61.59	90.8
PTHR15362	1496.0	1465.17	10.0	1.02	1.5
PTHR11132	32797.5	32150.04	6510.0	449.97	663.47
PTHR11134	3150.0	3088.34	303.99	30.48	44.95
PTHR11136	3997.0	3873.68	61.0	9.16	13.51
PTHR32374	2071.0	2040.17	74.95	5.46	8.06
PTHR31579	13730.0	13514.19	2419.99	183.89	271.17
PTHR32379	1134.0	1103.17	4.0	0.54	0.8
PTHR18919	2469.0	2407.34	951.14	86.5	127.55
PTHR32002	13487.93	13210.45	916.0	86.79	127.98
PTHR14413	973.0	942.17	250.0	39.68	58.51
PTHR22891	3616.0	3585.17	270.0	11.18	16.48
PTHR14089	2363.0	2301.34	172.0	22.61	33.33
PTHR21368	2033.0	1971.34	492.0	73.49	108.36
PTHR24067	17454.21	16930.1	2667.84	371.77	548.2
PTHR12786	2851.0	2758.51	138.0	22.01	32.44
PTHR11706	4625.0	4532.53	143.0	19.11	28.17
PTHR12782	4114.13	4052.47	349.0	20.47	30.2
PTHR11742	11235.86	11020.03	1016.85	71.16	104.92
PTHR21213	457.0	426.17	18.0	6.39	9.42
PTHR10182	1651.0	1620.17	372.17	34.2	50.44
PTHR13923	2652.0	2590.34	140.0	16.49	24.31
PTHR11210	1290.0	1228.34	281.0	67.69	99.82
PTHR13780	3750.89	3689.23	1040.98	82.88	122.21
PTHR12321	2365.0	2303.34	329.0	35.73	52.68
PTHR12320	5789.21	5696.71	408.0	34.32	50.62
PTHR12323	1801.0	1708.51	43.0	11.19	16.49
PTHR14155	3607.3	3545.63	455.0	38.17	56.27
PTHR21015	1428.0	1366.35	44.0	7.62	11.24
PTHR16196	1921.23	1859.57	80.0	10.09	14.87
PTHR16193	1962.0	1900.34	13.0	1.82	2.68
PTHR22792	2075.0	2013.34	103.0	15.92	23.48
PTHR22790	5574.46	5451.14	177.0	18.19	26.8
PTHR21680	995.0	964.17	23.0	3.57	5.26
PTHR21689	3249.0	3156.51	45.0	6.11	9.02
PTHR21113	3996.04	3903.55	14.0	3.51	5.18
PTHR10677	2093.09	2062.26	238.1	17.17	25.32
PTHR21663	4910.0	4848.34	116.0	7.11	10.49
PTHR13253	18108.63	17738.66	1610.48	168.04	247.78
PTHR12446	3203.24	3079.92	68.0	12.76	18.82
PTHR22603	4316.48	4193.15	268.0	32.62	48.1
PTHR21206	1614.0	1552.34	116.0	15.09	22.25
PTHR13789	14029.37	13721.06	2246.0	161.53	238.19
PTHR10071	17233.24	16986.6	2172.01	110.07	162.28
PTHR24188	19186.23	18816.27	2530.24	124.72	183.92
PTHR10670	7048.0	6986.34	0.92	0.03	0.05
PTHR13078	2449.06	2418.22	1942.17	119.35	175.99
PTHR12815	9913.0	9758.85	276.0	20.52	30.27
PTHR12814	888.0	857.17	68.0	11.87	17.51
PTHR24361	8448.29	8294.14	1045.04	73.41	108.24
PTHR24362	18810.94	18471.81	1917.99	133.42	196.71
PTHR10416	1806.0	1775.17	12.0	1.01	1.48
PTHR10410	3521.0	3428.51	365.83	47.59	70.18
PTHR10783	13531.8	13254.32	1243.3	121.67	179.37
PTHR10782	2145.04	2114.2	100.0	7.03	10.37
PTHR13476	1626.0	1564.34	155.01	28.33	41.77
PTHR10788	8599.43	8506.93	816.87	40.8	60.16
PTHR10891	8516.0	8331.02	509.98	68.35	100.76
PTHR10890	4305.52	4213.03	197.0	13.49	19.89
PTHR20426	2888.73	2857.9	191.0	9.93	14.64
PTHR23213	6173.0	5988.03	65.97	5.65	8.33
PTHR10072	4123.0	3999.69	421.0	47.82	70.52
PTHR10520	4976.33	4883.84	1399.99	138.5	204.23
PTHR10250	2839.56	2777.9	139.0	11.61	17.12
PTHR10527	11414.19	11321.7	341.0	18.58	27.39
PTHR31384	1913.0	1882.17	150.0	11.86	17.48
PTHR31385	3158.0	3065.51	101.0	15.0	22.11
PTHR10091	1598.0	1567.17	28.0	2.66	3.92
PTHR31142	1822.0	1791.17	379.99	31.57	46.55
PTHR31140	2220.0	2189.17	72.0	4.89	7.21
PTHR31412	1689.0	1627.34	44.0	8.1	11.94
PTHR11787	4906.54	4783.21	2270.0	166.63	245.71
PTHR11785	12351.87	12136.06	423.0	29.62	43.65
PTHR11782	4858.24	4765.75	552.42	48.44	71.41
PTHR11780	1081.0	1019.35	0.0	0.0	0.0
PTHR32497	3118.0	3056.34	182.0	14.68	21.66
PTHR32148	12315.0	12037.53	1830.2	295.41	435.59
PTHR23324	7619.33	7526.83	411.0	25.32	37.33
PTHR23327	4832.55	4709.23	200.0	24.73	36.46
PTHR23326	4727.48	4665.82	509.0	35.23	51.94
PTHR23321	3154.0	3061.51	785.41	158.6	233.86
PTHR23323	2438.0	2376.34	54.0	6.0	8.84
PTHR23322	6416.0	6200.2	389.0	55.36	81.59
PTHR23329	5293.48	5170.16	202.0	24.86	36.64
PTHR11236	6276.0	6091.03	218.0	22.47	33.13
PTHR11364	1379.0	1348.17	14.0	1.55	2.28
PTHR10322	18054.02	17807.37	774.03	34.46	50.83
PTHR11239	2504.0	2442.34	134.02	22.25	32.81
PTHR10555	3079.97	3018.31	468.0	47.27	69.7
PTHR31964	19161.46	18760.66	2627.0	260.21	383.71
PTHR23030	3547.37	3485.71	417.0	27.77	40.95
PTHR11129	2054.0	1992.34	107.02	13.72	20.22
PTHR11122	9247.0	9062.02	1023.0	88.23	130.1
PTHR15316	2516.0	2454.34	89.0	13.01	19.18
PTHR11127	520.0	489.17	3452.0	1064.86	1570.18
PTHR11125	3900.0	3869.17	249.0	9.55	14.08
PTHR31566	609.0	578.17	0.0	0.0	0.0
PTHR31567	1768.0	1737.17	38.0	3.26	4.8
PTHR31561	2994.0	2870.68	84.0	17.49	25.79
PTHR15137	2847.0	2785.34	51.0	6.69	9.86
PTHR14950	2991.0	2898.51	63.0	10.18	15.01
PTHR15954	2884.0	2853.17	48.0	2.5	3.68
PTHR15952	3908.96	3878.13	374.0	14.31	21.1
PTHR21597	5310.0	5155.85	138.0	21.36	31.49
PTHR19271	1886.0	1793.52	26.0	5.24	7.74
PTHR21228	18041.84	17641.04	1469.0	123.59	182.26
PTHR13343	2750.0	2688.34	95.0	9.77	14.41
PTHR12233	1706.25	1675.41	95.0	8.44	12.45
PTHR12029	9627.0	9380.36	164.0	19.01	28.03
PTHR21220	1162.0	1131.17	19.0	2.51	3.7
PTHR22936	2396.0	2334.34	80.0	9.37	13.81
PTHR22780	9304.0	9211.51	492.0	21.02	31.0
PTHR19308	3126.0	3095.17	127.0	6.09	8.98
PTHR19306	13601.0	13477.68	427.04	11.52	16.99
PTHR16301	989.0	927.34	4.0	1.3	1.92
PTHR13265	1438.0	1407.17	20.0	2.12	3.12
PTHR22870	26698.8	26205.52	1238.82	117.7	173.56
PTHR17630	2612.0	2519.51	14.0	1.76	2.59
PTHR10064	519.0	488.17	5795.82	1791.6	2641.79
PTHR10066	7066.0	6911.85	66.0	7.22	10.66
PTHR10060	985.0	954.17	31.0	4.86	7.16
PTHR10663	19790.39	19482.08	749.38	44.1	65.02
PTHR10666	4881.32	4757.99	14590.46	4139.73	6104.22
PTHR10668	15606.85	15206.09	829.0	74.72	110.17
PTHR12801	5487.08	5394.59	77.0	7.39	10.89
PTHR12802	8099.0	7914.02	269.0	32.26	47.58
PTHR12805	1583.0	1521.34	161.0	31.79	46.88
PTHR12806	1224.0	1193.17	113.0	14.13	20.84
PTHR21091	13997.73	13720.26	796.15	61.16	90.18
PTHR21090	3958.0	3896.34	641.0	52.37	77.22
PTHR12281	3979.91	3918.25	324.0	24.67	36.37
PTHR24315	2452.26	2421.43	214.0	13.13	19.37
PTHR24314	5231.0	5107.68	204.0	19.8	29.2
PTHR11933	4141.0	3986.86	68.0	15.65	23.09
PTHR24316	7868.05	7713.91	288.0	22.54	33.22
PTHR11426	1269.0	1207.36	110.0	17.57	25.91
PTHR11937	10810.0	10563.36	2154.98	201.74	297.48
PTHR11938	23838.99	23438.24	2929.43	136.5	201.26
PTHR21021	4913.68	4821.19	4017.92	193.63	285.5
PTHR13683	9732.39	9578.23	1192.0	69.01	101.75
PTHR24089	65732.57	64437.69	13368.16	1142.89	1685.23
PTHR10796	2422.12	2391.29	217.0	13.49	19.89
PTHR10794	1606.0	1575.17	36.0	3.4	5.02
PTHR10795	29726.18	29294.55	2907.91	111.56	164.49
PTHR10792	690.0	659.17	4257.52	969.95	1430.24
PTHR10799	87127.65	85431.99	2526.35	195.86	288.83
PTHR10882	731.0	700.17	0.0	0.0	0.0
PTHR10887	33091.97	32413.71	1274.0	118.51	174.78
PTHR11686	1233.2	1171.56	30.0	5.03	7.42
PTHR11685	11083.67	10806.21	821.96	78.35	115.53
PTHR24221	22709.9	22278.26	1038.98	76.11	112.22
PTHR24220	12049.25	11710.13	600.0	65.75	96.96
PTHR24223	20987.0	20647.87	543.0	35.99	53.09
PTHR11689	10733.8	10579.65	485.01	32.75	48.3
PTHR10252	1197.2	1135.54	66.0	16.9	24.91
PTHR13124	1458.0	1427.17	32.0	3.34	4.93
PTHR31173	5913.0	5789.68	522.0	36.67	54.08
PTHR12538	616.98	586.15	4631.66	1188.58	1752.61
PTHR10099	5276.0	5245.17	427.93	12.1	17.84
PTHR10625	10612.41	10334.93	1062.0	81.66	120.43
PTHR10098	2794.0	2732.34	197.0	22.9	33.77
PTHR31356	5606.0	5482.68	1096.0	107.86	159.04
PTHR31352	5047.0	4985.34	1033.67	58.46	86.19
PTHR31350	7504.16	7319.18	803.0	97.72	144.11
PTHR11758	740.0	709.17	2711.64	573.64	845.86
PTHR23333	1501.0	1470.17	222.0	22.5	33.18
PTHR11751	20964.01	20532.39	2829.97	245.26	361.61
PTHR11753	1054.0	1023.17	112.0	16.36	24.12
PTHR11752	22117.58	21470.19	538.0	78.48	115.75
PTHR24423	10315.88	10038.41	464.0	43.67	64.37
PTHR11206	23485.12	23022.69	2010.07	109.02	160.74
PTHR24420	190759.74	186967.74	20029.33	1604.73	2366.24
PTHR10332	3256.56	3164.06	69.0	9.45	13.94
PTHR14140	1880.0	1849.17	5.0	0.4	0.59
PTHR20922	2856.0	2794.34	573.29	60.25	88.84
PTHR10159	15343.66	15035.35	2245.12	164.14	242.03
PTHR12848	2040.18	2009.34	42.0	3.11	4.58
PTHR12363	8816.0	8661.86	183.0	14.48	21.36
PTHR23029	13145.99	12868.51	443.0	38.19	56.32
PTHR23023	4312.73	4189.4	136.09	16.54	24.38
PTHR21294	2227.34	2196.51	1657.81	112.21	165.46
PTHR11119	13616.84	13431.84	671.16	35.07	51.7
PTHR31595	10473.73	10227.08	805.89	79.19	116.76
PTHR31596	4853.0	4760.51	243.0	9.61	14.17
PTHR15948	1816.0	1785.17	64.0	5.34	7.87
PTHR32026	6087.41	5964.09	358.0	35.4	52.21
PTHR31829	1335.0	1304.17	1213.84	138.79	204.65
PTHR31419	356.0	325.18	1.0	0.47	0.69
PTHR22938	1923.45	1861.79	146.0	23.91	35.26
PTHR14898	5947.0	5885.34	190.0	9.6	14.16
PTHR19241	65068.2	63619.18	16686.91	1237.16	1824.29
PTHR14894	1613.0	1551.34	1.0	0.17	0.24
PTHR15239	3987.47	3864.15	70.0	10.94	16.14
PTHR12497	1372.0	1341.17	23.0	2.56	3.77
PTHR12302	3793.0	3762.17	480.28	18.94	27.93
PTHR12304	2353.0	2291.34	46.0	6.05	8.91
PTHR30540	4943.46	4881.79	351.0	18.92	27.9
PTHR30544	2948.1	2886.46	168.0	17.59	25.93
PTHR13302	3057.0	2964.51	34.0	5.08	7.49
PTHR12472	1323.0	1292.17	20.0	2.31	3.4
PTHR13308	1818.76	1757.09	47.0	7.88	11.63
PTHR12477	5088.89	4996.4	407.0	31.6	46.58
PTHR13878	3314.0	3221.51	76.0	5.45	8.03
PTHR21461	8454.15	8299.99	322.0	29.55	43.58
PTHR13872	3456.0	3394.34	3957.99	1111.17	1638.46
PTHR22849	25256.52	24824.86	2078.97	165.36	243.81
PTHR21314	2580.0	2518.34	71.0	6.47	9.55
PTHR21649	11764.17	11301.76	27787.32	4150.83	6120.57
PTHR22841	4202.0	4140.34	128.0	12.68	18.69
PTHR21319	5488.42	5334.27	345.0	48.24	71.14
PTHR22847	37250.9	36510.97	2818.95	204.45	301.49
PTHR22846	4408.91	4316.42	301.0	28.72	42.34
PTHR22844	15170.01	14830.87	1003.08	86.58	127.69
PTHR11606	6723.85	6538.87	1410.54	107.05	157.85
PTHR31606	598.0	567.17	217.0	57.59	84.91
PTHR23284	1110.0	1079.17	22.0	3.04	4.49
PTHR21266	14758.52	14511.87	1708.0	102.55	151.22
PTHR21262	9031.91	8877.75	1864.1	118.66	174.97
PTHR12276	2289.0	2227.35	36.0	3.57	5.26
PTHR10657	3358.0	3234.68	41.0	7.24	10.69
PTHR10655	4563.94	4440.62	188.0	19.73	29.09
PTHR10652	2117.0	2086.17	50.0	3.56	5.26
PTHR17972	4057.0	3964.51	113.0	13.03	19.22
PTHR21085	1605.0	1574.17	67.97	6.43	9.48
PTHR11922	4535.0	4411.68	148.0	17.69	26.09
PTHR24305	14318.64	14010.33	413.0	50.9	75.02
PTHR11431	3321.0	3228.51	531.52	64.82	95.59
PTHR10434	2422.0	2360.34	99.0	13.65	20.13
PTHR24096	16474.27	16073.51	1528.7	91.28	134.6
PTHR13693	7529.24	7375.1	321.0	26.62	39.25
PTHR24095	21670.83	21208.43	3427.72	235.37	347.04
PTHR24092	5193.0	5162.17	232.0	6.66	9.83
PTHR24093	41023.3	40160.12	5837.78	371.06	547.17
PTHR22604	7627.35	7534.85	1095.0	52.06	76.76
PTHR13451	3515.42	3453.75	106.0	9.44	13.93
PTHR13452	946.0	915.17	98.0	16.02	23.62
PTHR10759	513.0	482.17	2271.07	710.93	1048.3
PTHR12406	5115.62	5023.13	276.0	26.12	38.51
PTHR12901	1390.0	1359.17	82.0	8.99	13.26
PTHR12903	848.0	817.17	611.0	111.98	165.12
PTHR23237	551.0	520.17	61.99	17.96	26.49
PTHR10501	2458.0	2427.17	127.0	7.78	11.47
PTHR31169	5233.41	5140.91	41.0	2.28	3.36
PTHR12277	3394.87	3302.37	312.0	32.46	47.87
PTHR14087	722.0	691.17	3.0	0.65	0.96
PTHR23309	5912.0	5819.51	855.0	54.96	81.05
PTHR23308	4914.0	4759.85	216.0	34.78	51.3
PTHR31344	6801.06	6739.39	93.02	3.78	5.57
PTHR31619	2248.0	2217.17	1233.76	82.73	121.98
PTHR23306	2071.23	2040.4	215.0	15.67	23.11
PTHR23305	3263.87	3202.2	137.0	14.08	20.76
PTHR11748	12591.78	12406.82	2612.78	139.8	206.14
PTHR11214	8437.93	8222.13	462.0	35.51	52.35
PTHR11216	6360.16	6236.84	311.0	27.83	41.02
PTHR14154	7018.69	6833.71	1264.0	217.6	320.83
PTHR10344	538.41	507.58	12.0	3.57	5.26
PTHR14152	2339.0	2246.51	251.0	48.03	70.83
PTHR11699	15449.34	15141.07	2973.03	168.65	248.67
PTHR11692	1880.0	1849.17	35.0	2.82	4.15
PTHR11693	2738.0	2676.34	1365.4	155.06	228.65
PTHR11695	29707.6	29060.18	3321.68	275.17	405.78
PTHR31760	839.0	777.35	7.0	2.65	3.9
PTHR31906	7235.0	7080.85	404.0	35.45	52.28
PTHR13847	6714.39	6498.57	170.0	17.02	25.09
PTHR23012	11635.65	11358.17	2556.17	205.32	302.75
PTHR11101	9672.64	9426.02	3337.11	233.45	344.23
PTHR11102	5680.0	5556.68	174.0	21.78	32.12
PTHR11106	2818.0	2725.51	156.0	19.62	28.93
PTHR31585	1955.07	1924.23	133.0	10.28	15.16
PTHR32125	1947.0	1885.34	296.0	51.82	76.41
PTHR31588	8939.1	8815.77	879.0	62.53	92.19
PTHR32120	1991.0	1929.34	19.0	3.07	4.53
PTHR15680	919.0	888.17	132.0	22.24	32.79
PTHR11807	3108.59	3046.93	70.0	8.04	11.86
PTHR11374	324.0	293.19	0.0	0.0	0.0
PTHR10281	1792.16	1730.5	170.0	29.52	43.53
PTHR26312	1444.0	1413.17	142.0	14.98	22.08
PTHR10285	6949.4	6795.24	1415.72	121.73	179.49
PTHR12000	1017.0	986.17	7.0	1.06	1.56
PTHR18895	1330.0	1268.35	8.0	1.58	2.33
PTHR12169	3948.0	3855.51	80.0	6.45	9.52
PTHR12486	2350.0	2257.51	17.0	3.22	4.74
PTHR12480	5135.0	4919.24	135.0	37.25	54.93
PTHR12482	3307.0	3245.34	66.0	6.28	9.27
PTHR12317	11174.0	10958.19	1242.01	121.35	178.95
PTHR12649	3332.41	3209.08	271.16	61.47	90.63
PTHR13992	1587.0	1525.34	37.0	6.68	9.86
PTHR12461	3353.0	3168.04	40.0	9.81	14.47
PTHR12466	2239.0	2177.34	91.0	12.31	18.15
PTHR21419	2032.0	2001.17	54.0	4.01	5.92
PTHR12001	3081.68	3020.02	382.0	36.4	53.68
PTHR21327	4122.88	4061.22	840.0	62.62	92.33
PTHR21631	9823.88	9669.71	4327.95	315.99	465.95
PTHR22854	2642.0	2580.34	507.01	52.46	77.37
PTHR22855	7562.73	7439.43	1071.02	74.15	109.34
PTHR22850	7040.92	6886.77	383.0	32.53	47.98
PTHR22504	2054.0	2023.17	313.0	23.01	33.93
PTHR22915	23287.84	22887.04	2733.96	218.2	321.74
PTHR21256	4499.0	4437.34	961.0	62.93	92.8
PTHR12265	1478.0	1416.34	10.0	2.04	3.01
PTHR12266	2357.34	2295.67	82.0	10.74	15.84
PTHR10648	2151.0	2120.17	164.0	11.5	16.96
PTHR30178	2823.0	2761.34	1391.96	154.78	228.23
PTHR10641	12043.0	11765.53	443.0	38.77	57.15
PTHR22912	20873.89	20503.93	2316.83	169.71	250.24
PTHR10644	4375.0	4282.51	116.0	11.28	16.63
PTHR12864	5576.82	5484.32	1102.86	73.55	108.46
PTHR12860	2542.0	2511.17	48.0	2.84	4.19
PTHR13194	1617.0	1555.34	26.0	5.07	7.47
PTHR13193	524.0	493.17	62.0	18.97	27.97
PTHR11913	1494.0	1463.17	52.0	5.3	7.81
PTHR11911	8969.78	8753.99	5017.0	575.32	848.36
PTHR11910	2270.0	2208.34	1308.83	178.22	262.79
PTHR11918	6779.0	6655.68	566.41	46.49	68.56
PTHR12919	1403.0	1341.34	306.0	72.47	106.86
PTHR12910	1825.0	1763.34	339.0	48.18	71.05
PTHR12917	4642.85	4550.37	209.0	19.16	28.26
PTHR11351	5712.0	5619.51	662.91	53.33	78.65
PTHR11353	16835.0	16526.7	1065.0	89.41	131.85
PTHR11599	16590.0	16250.87	2036.0	212.18	312.86
PTHR10516	18025.87	17440.08	902.01	141.4	208.5
PTHR11592	4714.0	4590.68	768.0	99.76	147.1
PTHR13273	995.0	964.17	151.0	23.41	34.52
PTHR31724	2510.24	2417.75	87.0	13.76	20.29
PTHR31098	8663.0	8570.51	946.31	52.81	77.86
PTHR22594	9759.0	9574.02	828.87	65.85	97.12
PTHR23315	9185.55	8969.79	859.0	57.95	85.45
PTHR23316	2734.77	2703.94	367.0	20.16	29.73
PTHR11778	6227.0	6134.51	311.0	22.36	32.96
PTHR11774	3690.0	3597.51	58.0	7.26	10.7
PTHR11773	3696.0	3665.17	889.0	36.0	53.08
PTHR11772	7850.85	7696.7	2073.01	133.38	196.69
PTHR10357	29028.1	28627.31	4904.78	328.26	484.03
PTHR10353	1321.0	1290.17	36.0	4.16	6.14
PTHR10350	4548.35	4486.69	92.0	5.78	8.53
PTHR10351	3163.12	3101.46	1465.0	214.5	316.3
PTHR32557	2106.0	2075.17	117.05	8.39	12.37
PTHR10359	5327.81	5204.49	282.0	28.84	42.54
PTHR32442	1319.0	1288.17	18.0	2.08	3.07
PTHR31750	1086.0	1055.17	36.0	5.1	7.51
PTHR14189	499.21	468.38	5.0	1.61	2.38
PTHR32228	1153.0	1122.17	0.0	0.0	0.0
PTHR31245	1577.0	1515.34	407.01	80.09	118.1
PTHR23001	2847.0	2785.34	1047.39	90.77	133.85
PTHR23002	1884.5	1822.84	19.0	2.66	3.92
PTHR22904	31264.98	30525.03	2095.0	197.5	291.25
PTHR11177	27848.28	27324.18	755.02	66.91	98.65
PTHR10445	2284.0	2253.17	121.0	7.98	11.77
PTHR11178	5220.13	5096.81	755.0	75.18	110.87
PTHR14456	1835.0	1742.51	162.0	39.35	58.02
PTHR31808	1975.02	1944.19	574.0	43.92	64.76
PTHR31803	6476.56	6384.07	567.04	39.49	58.23
PTHR11009	734.0	703.17	122.0	26.03	38.39
PTHR19229	20320.42	20012.13	4307.15	207.49	305.96
PTHR20961	24365.2	23964.4	1707.02	119.18	175.73
PTHR11005	2830.93	2769.27	55.0	6.01	8.86
PTHR11006	9807.36	9560.71	305.0	26.16	38.58
PTHR18640	1854.0	1761.53	35.0	5.0	7.38
PTHR18866	18441.0	17886.11	2632.85	215.38	317.61
PTHR12022	685.0	654.17	457.0	104.92	154.71
PTHR15588	1971.0	1909.34	58.0	9.1	13.41
PTHR12677	10330.15	10145.16	828.0	65.27	96.24
PTHR19134	1217.82	1186.99	297.49	37.4	55.15
PTHR19139	7059.73	6874.75	87.0	10.33	15.22
PTHR30566	5405.82	5313.33	443.0	42.5	62.64
PTHR12459	3650.0	3619.17	84.0	3.44	5.08
PTHR12456	1358.0	1296.34	15.0	3.46	5.11
PTHR12452	889.33	858.5	24.0	4.18	6.17
PTHR19359	5104.26	4950.11	923.18	104.63	154.3
PTHR12072	4656.94	4533.62	260.76	32.62	48.09
PTHR13218	799.0	768.17	12.0	2.34	3.45
PTHR13215	1321.96	1260.3	30.0	8.53	12.58
PTHR13213	3313.0	3220.51	83.0	10.32	15.21
PTHR10809	1087.31	1056.48	39.0	5.51	8.13
PTHR12290	422.0	391.17	10.0	3.88	5.71
PTHR21530	7799.97	7645.82	577.0	42.72	63.0
PTHR12295	7123.0	7061.34	333.94	14.1	20.79
PTHR12298	2689.0	2596.51	33.0	5.49	8.1
PTHR10638	2390.0	2359.17	198.0	12.47	18.39
PTHR10631	1120.0	1089.17	8.0	1.1	1.62
PTHR10984	5109.04	5016.55	439.0	38.58	56.88
PTHR12858	3927.0	3865.34	177.03	13.06	19.25
PTHR13505	838.0	807.17	12.0	2.23	3.28
PTHR12850	783.0	752.17	4212.32	839.54	1237.94
PTHR12856	1049.0	987.34	4.0	1.15	1.71
PTHR12855	1808.0	1777.17	39.0	3.27	4.82
PTHR12854	1988.0	1957.17	200.0	15.2	22.41
PTHR21737	1153.0	1122.17	38.0	5.06	7.45
PTHR13190	1875.0	1813.34	46.0	7.38	10.89
PTHR13182	1540.9	1510.07	112.0	11.05	16.29
PTHR10855	3305.0	3243.34	340.0	26.8	39.53
PTHR10585	1288.0	1257.17	71.99	8.54	12.6
PTHR10743	992.0	961.17	97.0	15.09	22.25
PTHR10742	26999.17	26444.21	2988.78	214.72	316.63
PTHR10745	2337.0	2306.17	388.0	25.01	36.88
PTHR10744	1904.0	1811.51	5057.66	1130.24	1666.59
PTHR10746	3378.0	3316.34	699.0	92.53	136.43
PTHR11528	8479.64	8325.48	2584.19	210.01	309.66
PTHR12924	1240.0	1209.17	253.0	31.22	46.03
PTHR11349	2181.0	2088.51	807.0	192.52	283.87
PTHR10566	35126.55	34571.61	3888.02	225.16	332.03
PTHR11588	4818.29	4664.29	5308.09	493.32	727.42
PTHR10291	4934.0	4872.34	42.0	2.63	3.87
PTHR11584	8870.0	8777.51	777.36	33.94	50.05
PTHR11586	863.0	832.17	20.0	3.6	5.31
PTHR11909	8043.0	7888.85	1145.21	103.57	152.72
PTHR23429	2901.0	2870.17	390.0	20.18	29.76
PTHR24320	13437.11	13128.8	599.02	61.68	90.94
PTHR24322	21110.5	20586.42	2251.62	210.54	310.47
PTHR11907	4508.9	4447.23	260.0	19.99	29.47
PTHR11760	873.0	842.17	5083.69	903.73	1332.59
PTHR11761	1791.0	1729.34	4440.28	1053.13	1552.89
PTHR11766	1901.0	1870.17	22.0	1.75	2.58
PTHR11767	3185.48	3123.8	240.0	19.48	28.72
PTHR10361	6335.28	6211.94	337.16	30.34	44.74
PTHR10366	24416.84	23861.9	3122.32	333.7	492.03
PTHR10169	7128.0	7004.68	362.0	25.28	37.26
PTHR10168	8279.5	8063.71	663.27	94.43	139.23
PTHR20973	912.0	881.17	3.0	0.51	0.75
PTHR10165	5032.49	4940.0	376.0	34.21	50.43
PTHR31032	2856.0	2794.34	826.55	85.02	125.37
PTHR23257	232630.07	227882.31	19537.48	1308.06	1928.75
PTHR23253	6190.0	6035.85	657.0	77.11	113.71
PTHR14190	1107.0	1045.34	58.0	17.59	25.93
PTHR14194	12357.0	12079.53	1175.8	101.89	150.22
PTHR19957	7371.93	7248.61	384.0	35.12	51.77
PTHR31251	34426.21	33562.98	2169.01	192.9	284.47
PTHR23074	9494.72	9248.08	796.0	80.41	118.54
PTHR23077	16456.28	15778.09	515.02	80.03	118.02
PTHR23076	23857.78	23333.72	2842.93	240.95	355.27
PTHR30239	1935.0	1904.17	283.0	22.11	32.6
PTHR23073	13743.24	13434.93	1701.99	190.73	281.23
PTHR23078	2614.0	2583.17	304.03	17.49	25.78
PTHR11165	932.0	901.17	471.0	78.19	115.3
PTHR32100	5960.0	5867.51	3844.16	270.36	398.65
PTHR14534	591.0	560.17	19.0	5.11	7.53
PTHR14445	4942.05	4818.72	303.04	47.17	69.55
PTHR23102	621.0	590.17	19.0	4.84	7.14
PTHR23105	4782.0	4627.85	13828.15	2159.73	3184.65
PTHR11010	3376.78	3315.12	1906.0	197.47	291.18
PTHR12668	1048.0	1017.17	28.0	4.11	6.07
PTHR12661	1331.0	1300.17	37.0	4.24	6.26
PTHR12663	4658.0	4534.68	23.0	3.8	5.61
PTHR12664	1613.0	1551.36	49.0	10.23	15.09
PTHR16166	25321.06	24951.09	1071.0	65.64	96.76
PTHR12111	2090.0	2028.34	295.0	41.28	60.88
PTHR12447	1719.0	1688.17	150.0	13.23	19.5
PTHR15481	404.0	373.17	9.0	3.66	5.4
PTHR21477	5261.51	5169.02	504.02	35.0	51.61
PTHR26379	2735.0	2673.34	1475.27	145.8	214.99
PTHR12599	1381.0	1319.34	72.0	16.6	24.48
PTHR12596	2497.77	2436.13	33.0	4.4	6.49
PTHR12590	1225.0	1163.34	10.0	2.6	3.84
PTHR12066	2332.0	2208.68	26.0	6.78	10.0
PTHR12064	8463.41	8309.26	550.23	42.48	62.65
PTHR13226	3173.0	3111.34	110.0	10.33	15.24
PTHR13889	6224.0	6131.51	529.0	38.31	56.5
PTHR13887	2281.0	2188.51	58.0	14.04	20.71
PTHR21181	1492.28	1430.62	51.0	16.38	24.15
PTHR12412	1585.44	1554.61	20.0	1.92	2.83
PTHR13948	1393.69	1332.04	35.0	8.05	11.88
PTHR12146	1080.0	1018.36	8825.15	4003.93	5903.98
PTHR11453	2510.0	2479.17	31.0	1.86	2.74
PTHR21506	1113.75	1082.92	62.0	8.55	12.61
PTHR12280	2220.17	2158.51	152.0	20.78	30.64
PTHR11451	8032.0	7877.87	668.68	44.13	65.08
PTHR12286	5135.43	5042.93	176.0	16.1	23.74
PTHR12415	3202.17	3171.34	85.0	3.98	5.87
PTHR30573	2706.0	2675.17	280.0	15.55	22.93
PTHR22983	6687.32	6533.17	162.0	17.18	25.33
PTHR22981	7674.0	7581.51	2021.04	122.02	179.93
PTHR30191	4098.0	4067.17	2946.67	107.49	158.5
PTHR13082	1314.0	1283.17	116.0	13.48	19.88
PTHR10629	19314.36	19006.06	557.01	46.74	68.94
PTHR10994	10518.0	10302.19	910.93	91.14	134.41
PTHR10996	8616.49	8431.51	512.0	53.47	78.82
PTHR10997	17627.0	17318.72	1020.0	44.58	65.77
PTHR10992	45302.45	44254.24	2365.94	261.82	386.07
PTHR10993	1971.0	1909.34	27.0	4.32	6.37
PTHR17695	7139.0	6923.19	110.0	15.77	23.23
PTHR12849	901.0	870.17	44.0	7.57	11.16
PTHR10943	7835.0	7773.34	747.0	28.67	42.27
PTHR12847	4682.0	4589.51	279.0	29.13	42.96
PTHR21290	5279.0	5186.51	108.0	8.93	13.18
PTHR21349	2276.0	2214.34	579.37	95.93	141.45
PTHR21347	2429.0	2367.34	104.0	13.35	19.67
PTHR21343	3144.0	3082.34	130.0	9.66	14.23
PTHR10196	9210.36	9087.04	307.0	19.41	28.62
PTHR10192	3538.0	3476.34	131.0	11.14	16.42
PTHR10751	1910.0	1879.17	20.0	1.58	2.33
PTHR10755	2580.08	2518.42	703.0	64.33	94.85
PTHR10758	1460.0	1429.17	53.0	5.53	8.15
PTHR13152	703.0	672.17	5.0	1.12	1.65
PTHR12932	4894.0	4770.68	91.0	15.65	23.07
PTHR12934	1159.0	1128.17	47.0	6.22	9.17
PTHR10288	12319.65	12134.66	3951.93	225.32	332.27
PTHR11800	2973.35	2911.69	145.0	15.19	22.41
PTHR11802	4240.0	4147.51	334.0	25.45	37.51
PTHR11804	9220.0	8973.37	695.15	56.83	83.81
PTHR11808	7719.0	7564.86	346.0	27.18	40.09
PTHR10283	13137.18	12890.55	1590.28	76.84	113.3
PTHR10286	3202.0	3140.34	825.55	76.48	112.76
PTHR13734	4044.0	3982.34	215.0	14.3	21.1
PTHR11579	3004.0	2942.34	122.0	11.69	17.25
PTHR13718	2775.0	2713.34	3612.18	464.11	684.36
PTHR13711	8798.58	8613.6	584.98	36.87	54.36
PTHR13710	8382.0	8135.38	13.0	1.69	2.5
PTHR11977	1765.52	1734.7	270.0	23.17	34.16
PTHR11972	10633.91	10479.75	8917.56	495.96	731.32
PTHR31480	2646.0	2615.17	125.0	7.1	10.47
PTHR31485	12646.0	12461.02	285.0	19.84	29.26
PTHR11715	942.0	911.17	482.0	79.13	116.68
PTHR11717	2102.0	1978.69	34.0	8.52	12.57
PTHR11711	14505.96	14166.82	3369.22	386.49	569.9
PTHR11712	24545.75	23898.4	713.98	43.86	64.66
PTHR10374	5175.0	5051.68	1010.0	116.48	171.76
PTHR10178	17884.81	17545.67	1341.86	103.79	153.04
PTHR11482	3217.21	3155.55	830.16	75.32	111.06
PTHR10173	4198.0	4074.68	2115.96	330.67	487.6
PTHR10177	9960.24	9775.26	460.0	63.94	94.29
PTHR10174	14252.31	13913.18	1849.77	175.99	259.5
PTHR23249	2131.0	2069.34	61.0	10.74	15.83
PTHR23244	19219.71	18911.4	920.0	60.09	88.61
PTHR23245	2294.0	2201.51	24.0	5.03	7.41
PTHR23240	4300.58	4177.27	120.0	13.09	19.3
PTHR14614	10082.04	9835.38	188.0	19.09	28.15
PTHR31268	6748.84	6625.53	219.0	19.42	28.64
PTHR31262	738.0	707.17	1.0	0.21	0.31
PTHR23063	4607.0	4514.51	191.0	18.89	27.85
PTHR11620	679.0	648.17	2678.25	620.66	915.2
PTHR11624	11354.81	11108.19	6607.57	674.61	994.75
PTHR11627	2928.0	2835.51	3766.15	567.12	836.25
PTHR11390	5487.0	5363.7	117.0	7.7	11.34
PTHR31620	4035.0	3973.34	3920.7	230.16	339.39
PTHR31319	2680.87	2650.03	5524.24	309.69	456.65
PTHR14052	1793.82	1762.99	129.01	10.89	16.06
PTHR32118	1854.0	1823.17	358.0	29.22	43.09
PTHR23117	3286.02	3224.35	559.0	44.58	65.74
PTHR23115	47189.1	46356.67	67549.16	5750.09	8478.77
PTHR11028	2347.0	2285.34	424.0	55.12	81.28
PTHR11024	1434.0	1403.17	55.0	5.84	8.61
PTHR12841	1033.0	1002.17	32.0	4.77	7.04
PTHR11777	4022.0	3991.17	378.0	14.05	20.72
PTHR12616	2611.25	2518.75	169.0	30.37	44.79
PTHR12613	859.44	828.61	15.0	2.71	4.0
PTHR12612	1130.0	1099.17	199.0	27.03	39.86
PTHR32060	4986.01	4831.87	620.0	49.31	72.71
PTHR12436	1873.0	1780.52	47.0	12.93	19.07
PTHR22734	2627.0	2565.34	59.0	7.03	10.36
PTHR12121	13483.78	13052.16	2607.62	335.97	495.39
PTHR12438	1627.0	1596.17	30.0	2.8	4.13
PTHR11757	4720.0	4627.51	447.0	29.6	43.65
PTHR15492	1102.0	1071.17	43.0	6.0	8.84
PTHR21426	2119.0	2057.34	30.0	4.28	6.31
PTHR21427	1996.0	1965.17	59.0	4.47	6.59
PTHR13161	2042.0	1949.51	102.0	23.57	34.76
PTHR19372	2797.0	2735.34	91.0	8.2	12.09
PTHR19370	2875.0	2813.34	560.0	62.75	92.53
PTHR19376	13263.49	13109.34	1415.99	65.26	96.23
PTHR19375	13687.74	13379.48	4779.1	458.08	675.48
PTHR12725	5046.5	4861.54	277.0	41.61	61.34
PTHR13890	7020.89	6774.25	413.83	59.28	87.39
PTHR22883	10217.0	9970.36	417.99	30.17	44.47
PTHR22880	9733.6	9456.13	484.05	60.1	88.6
PTHR12542	2413.0	2320.53	20.0	3.38	4.99
PTHR12124	2679.0	2617.34	52.0	4.99	7.35
PTHR21512	2713.0	2651.34	54.0	5.04	7.44
PTHR30508	3786.0	3724.34	965.82	70.48	103.92
PTHR30502	1508.0	1477.17	27.0	2.72	4.02
PTHR10617	10289.23	10042.61	1911.88	121.74	179.51
PTHR10615	6137.39	5983.24	948.0	93.23	137.48
PTHR13527	1540.0	1509.17	96.0	9.48	13.97
PTHR22958	6781.93	6689.44	2040.65	116.79	172.2
PTHR22951	1611.78	1580.94	141.0	13.28	19.59
PTHR22950	36675.07	35935.15	2942.4	175.27	258.47
PTHR22953	19765.21	19487.74	1807.92	124.14	183.04
PTHR22952	12733.49	12579.34	6536.5	331.1	488.23
PTHR22957	13638.34	13330.03	578.0	64.5	95.14
PTHR21600	1591.0	1560.17	113.0	10.79	15.91
PTHR24056	15797.11	15519.63	784.0	48.99	72.26
PTHR24054	1353.0	1322.17	205.83	23.21	34.23
PTHR24055	11998.12	11751.48	994.14	82.75	122.02
PTHR24058	6796.52	6611.55	439.0	51.56	76.01
PTHR10766	10140.0	10047.51	1133.9	47.73	70.39
PTHR10762	3130.08	3068.42	120.0	12.42	18.3
PTHR30031	6130.76	5945.77	2856.82	166.37	245.32
PTHR12945	2548.29	2486.62	15.0	2.01	2.96
PTHR12944	1682.07	1620.41	15.0	2.09	3.08
PTHR24128	8943.0	8788.85	116.0	8.63	12.72
PTHR13096	2397.92	2336.25	65.0	8.07	11.89
PTHR11365	3575.44	3544.61	176.0	7.37	10.87
PTHR10548	4367.64	4244.31	1164.52	154.21	227.38
PTHR11817	9478.47	9355.15	1585.0	95.47	140.77
PTHR11814	10564.51	10256.24	534.13	50.38	74.29
PTHR11363	1439.0	1408.17	11531.32	1220.45	1799.6
PTHR10543	7764.0	7548.21	187.0	21.89	32.29
PTHR10540	3631.23	3538.74	210.0	25.26	37.25
PTHR13931	2766.86	2674.41	229.0	38.5	56.76
PTHR12965	3036.0	2974.34	88.0	7.55	11.13
PTHR10544	661.4	630.56	1878.0	447.54	659.92
PTHR11562	4057.0	3933.7	73.0	11.74	17.31
PTHR11566	18019.0	17834.02	1619.0	81.68	120.42
PTHR11567	4822.77	4730.27	200.0	23.34	34.44
PTHR11564	5195.0	5040.85	378.0	33.69	49.69
PTHR11962	4310.0	4217.52	181.0	10.22	15.07
PTHR11963	4190.87	4098.38	89.0	7.37	10.88
PTHR10381	8464.89	8218.25	2770.01	335.98	495.42
PTHR10383	4822.23	4760.56	666.0	39.38	58.08
PTHR11705	1231.0	1200.17	12.0	1.49	2.2
PTHR11702	9549.98	9334.17	376.01	39.78	58.68
PTHR11700	1379.0	1317.34	3242.04	818.44	1206.83
PTHR10388	855.0	824.17	1836.0	333.6	491.9
PTHR11709	8325.0	8170.87	236.0	10.23	15.08
PTHR10145	4981.0	4919.34	151.0	8.51	12.54
PTHR23273	4148.75	4087.08	248.0	16.67	24.59
PTHR23270	5924.0	5708.21	61.0	10.43	15.37
PTHR23050	3435.0	3311.68	969.02	162.46	239.56
PTHR23056	1987.0	1925.34	64.0	9.41	13.89
PTHR23054	1172.0	1141.17	59.0	7.72	11.38
PTHR11638	13992.99	13715.52	4554.0	212.36	313.15
PTHR31783	5563.0	5532.17	1207.18	32.36	47.71
PTHR23291	4330.37	4268.7	869.0	61.76	91.07
PTHR11630	17878.59	17601.11	249.01	18.04	26.6
PTHR11140	4008.0	3977.17	530.04	19.77	29.16
PTHR11141	3167.0	3136.17	475.0	22.49	33.16
PTHR11142	6226.17	6010.36	154.0	25.58	37.72
PTHR11380	460.0	429.17	42.0	14.81	21.83
PTHR11384	10063.07	9754.78	329.0	42.97	63.36
PTHR32477	2054.0	2023.17	15.0	1.1	1.63
PTHR14043	1196.0	1134.36	9.0	2.29	3.38
PTHR32472	1818.54	1756.88	46.0	7.86	11.6
PTHR31658	1728.0	1666.34	15.0	2.7	3.97
PTHR14269	3078.23	2985.77	140.0	24.57	36.24
PTHR22884	18570.18	18138.56	890.0	89.13	131.41
PTHR23125	34982.78	34304.51	2337.0	167.85	247.47
PTHR12050	3349.0	3318.17	14.0	0.63	0.92
PTHR19879	2112.0	2050.34	14.0	1.89	2.78
PTHR19211	14216.86	13816.08	11776.04	3591.84	5296.31
PTHR12547	5105.0	4950.85	323.0	30.26	44.62
PTHR12608	3281.51	3189.03	342.56	38.21	56.35
PTHR12604	1369.76	1338.93	210.0	23.38	34.48
PTHR12603	3307.0	3245.34	207.0	19.75	29.13
PTHR32091	1512.0	1481.17	129.0	12.98	19.13
PTHR32098	3876.0	3752.7	74.0	8.62	12.71
PTHR18763	1558.0	1527.17	27.0	2.63	3.88
PTHR22726	5715.5	5592.18	650.0	49.83	73.47
PTHR22727	3835.0	3804.17	682.0	26.6	39.23
PTHR12428	5026.48	4903.16	435.0	31.95	47.11
PTHR18968	11232.0	10985.36	6650.56	414.71	611.5
PTHR12735	2910.0	2817.51	343.0	48.18	71.05
PTHR15020	7267.04	7082.05	313.0	36.16	53.31
PTHR12049	2220.0	2158.34	89.91	7.46	11.0
PTHR12558	4641.0	4548.51	234.0	17.54	25.86
PTHR12553	7287.0	7102.02	188.0	21.76	32.08
PTHR24072	2621.0	2590.17	94.0	5.39	7.95
PTHR11477	2985.0	2892.51	45.0	7.42	10.93
PTHR24073	12471.24	12132.1	3112.13	372.64	549.49
PTHR21569	1462.0	1400.34	3764.45	924.65	1363.43
PTHR10491	1185.0	1154.17	23.0	2.97	4.39
PTHR21567	6031.0	5907.68	169.0	10.52	15.51
PTHR13950	4017.0	3986.17	67.0	2.49	3.68
PTHR12133	1144.0	1113.17	25.0	3.35	4.94
PTHR10972	7734.0	7610.68	897.0	70.48	103.93
PTHR10606	975.0	913.34	28.0	9.55	14.08
PTHR10971	8132.41	8039.91	580.0	30.92	45.58
PTHR13393	986.0	955.17	0.0	0.0	0.0
PTHR13395	1403.0	1341.34	14.0	2.93	4.33
PTHR11680	5517.39	5424.9	6916.74	554.5	817.64
PTHR22893	5930.85	5776.73	413.0	34.02	50.15
PTHR10778	5100.0	4976.68	193.21	20.84	30.73
PTHR24064	11052.06	10897.9	1911.04	163.55	241.15
PTHR24063	16738.21	16368.28	1787.07	139.71	205.98
PTHR21011	1933.0	1871.34	1045.0	145.0	213.8
PTHR10772	2995.0	2902.51	373.0	58.25	85.87
PTHR10774	13849.82	13510.71	1703.49	243.93	359.69
PTHR24068	2443.0	2381.34	500.71	69.16	101.97
PTHR12959	2132.01	2101.17	33.0	2.34	3.44
PTHR24115	49006.24	48327.99	1227.83	64.67	95.38
PTHR10961	1864.0	1802.34	17.0	2.84	4.18
PTHR11825	9399.66	9214.68	1532.0	149.32	220.17
PTHR11822	2452.0	2421.17	355.0	21.79	32.13
PTHR10803	1615.69	1554.03	53.0	13.86	20.44
PTHR10806	751.0	720.17	16.0	3.33	4.91
PTHR10804	12475.81	12259.99	1182.81	106.86	157.58
PTHR11556	4465.63	4373.14	1321.64	129.2	190.53
PTHR11558	1273.0	1242.17	183.0	21.98	32.41
PTHR13773	4778.0	4716.34	469.0	45.36	66.88
PTHR10537	1824.0	1793.17	1.0	0.08	0.12
PTHR11953	2734.02	2610.7	47.0	11.42	16.83
PTHR11952	6589.0	6496.51	305.0	23.94	35.3
PTHR11956	2215.0	2184.17	336.0	22.87	33.72
PTHR11959	3036.0	2974.34	407.01	31.48	46.43
PTHR11739	3810.0	3748.34	409.53	28.73	42.35
PTHR11732	27324.28	26769.34	1395.87	103.76	153.02
PTHR11731	8098.53	7882.73	259.0	24.77	36.54
PTHR11730	14844.81	14505.72	2260.04	138.87	204.77
PTHR11735	2340.0	2278.34	74.0	9.52	14.04
PTHR10394	1371.0	1309.34	15457.93	4533.94	6685.49
PTHR20941	1546.0	1453.52	3.0	0.92	1.35
PTHR31065	4028.52	3966.86	1893.0	116.32	171.52
PTHR13600	7942.35	7819.03	346.0	31.36	46.23
PTHR31066	3024.0	2993.17	251.0	12.45	18.36
PTHR13604	1561.0	1530.17	26.0	2.53	3.73
PTHR23264	6660.49	6568.0	1530.17	74.0	109.14
PTHR23269	1834.0	1803.17	42.0	3.47	5.11
PTHR31204	1388.0	1357.17	12.0	1.32	1.94
PTHR31201	3853.84	3792.17	220.0	17.95	26.46
PTHR31209	1300.32	1269.48	37.0	4.35	6.41
PTHR11607	2133.0	2102.17	79.0	5.59	8.24
PTHR15074	740.0	709.17	5.0	1.06	1.56
PTHR11601	8587.0	8402.02	533.0	38.59	56.89
PTHR32467	9811.3	9533.89	544.17	61.02	89.98
PTHR14255	11153.68	10907.04	139.0	15.91	23.45
PTHR31840	694.0	663.17	16.0	3.62	5.34
PTHR23130	1789.08	1758.24	189.0	16.0	23.59
PTHR23133	1304.0	1273.17	206.0	24.13	35.58
PTHR23135	5070.55	5008.89	908.98	30.36	44.77
PTHR23138	2392.0	2330.34	234.0	29.51	43.53
PTHR23139	11821.5	11574.86	1703.0	189.71	279.71
PTHR31682	1615.0	1584.17	100.0	9.4	13.86
PTHR11040	1808.0	1715.53	122.0	17.34	25.56
PTHR11043	832.0	801.17	29.0	5.42	8.0
PTHR11042	6443.0	6319.68	92.0	7.16	10.55
PTHR11048	4506.74	4383.43	681.0	60.05	88.55
PTHR14005	3537.0	3506.17	149.0	6.31	9.3
PTHR15818	1419.0	1357.34	67.0	13.88	20.47
PTHR12636	1097.0	1066.17	66.89	9.37	13.82
PTHR14490	2199.4	2106.91	448.0	61.44	90.61
PTHR14493	23168.32	22829.17	8157.6	421.97	622.21
PTHR15651	2611.62	2580.78	34.0	1.96	2.89
PTHR12380	3739.0	3615.68	502.0	66.04	97.38
PTHR12385	6586.04	6462.71	1759.22	146.59	216.14
PTHR12706	7288.72	7134.57	128.0	11.95	17.62
PTHR12709	1652.0	1590.34	71.0	14.87	21.93
PTHR12561	794.0	763.17	24.0	4.71	6.95
PTHR12560	3251.0	3189.34	217.78	18.7	27.57
PTHR11203	5980.85	5888.35	278.0	14.44	21.28
PTHR12097	4048.08	4017.24	666.96	24.63	36.32
PTHR11200	9326.68	9141.7	433.0	33.9	50.0
PTHR21576	4753.0	4660.51	332.0	35.9	52.93
PTHR10046	5166.1	5011.98	154.02	20.3	29.94
PTHR12419	4190.0	4066.68	140.0	19.96	29.43
PTHR23338	5060.0	5029.17	230.0	6.78	10.0
PTHR30525	1707.0	1676.17	183.61	16.31	24.05
PTHR12413	3293.93	3232.27	28.0	2.73	4.01
PTHR12411	63824.94	62715.07	19875.06	1192.77	1758.82
PTHR23339	3746.0	3653.51	2.0	0.55	0.81
PTHR10947	4534.89	4473.22	497.8	32.9	48.52
PTHR21717	694.0	663.17	2.0	0.45	0.67
PTHR21712	2704.0	2642.34	281.01	26.96	39.75
PTHR12897	3235.0	3173.34	69.0	6.45	9.51
PTHR12894	5659.0	5504.85	73.0	10.81	15.94
PTHR12891	1045.0	1014.17	8.0	1.18	1.74
PTHR22976	9003.92	8818.93	3371.66	206.67	304.74
PTHR22975	12101.53	11885.7	5213.71	232.06	342.18
PTHR22970	2189.0	2127.34	104.0	11.23	16.56
PTHR14145	3013.0	2951.34	191.0	19.13	28.21
PTHR21377	863.0	832.17	5.0	0.9	1.33
PTHR21371	2164.0	2133.17	3911.7	272.66	402.05
PTHR21373	2045.0	1952.52	49.0	11.03	16.26
PTHR22573	7750.95	7627.62	746.5	66.62	98.24
PTHR22572	12600.27	12384.46	1663.15	125.78	185.46
PTHR13060	1675.0	1644.17	24.0	2.17	3.2
PTHR21000	2319.03	2288.19	2807.39	182.37	268.92
PTHR10701	1158.92	1128.09	137.01	18.13	26.74
PTHR13162	7454.0	7423.17	1306.01	26.08	38.45
PTHR13165	1482.32	1451.48	92.0	9.44	13.93
PTHR21396	1678.0	1616.34	68.0	12.51	18.45
PTHR13069	3065.0	3003.34	39.0	4.52	6.66
PTHR13068	7923.74	7738.76	1049.29	110.45	162.86
PTHR24106	5426.0	5333.51	255.0	22.68	33.43
PTHR24103	3674.0	3550.68	134.0	18.51	27.3
PTHR11540	4555.0	4400.85	2689.33	312.76	461.16
PTHR10836	4144.0	4020.69	7079.26	673.05	992.46
PTHR10835	2444.0	2413.17	218.0	13.43	19.8
PTHR11545	2518.0	2425.51	4788.97	789.57	1164.27
PTHR10012	1497.0	1466.17	68.0	6.91	10.19
PTHR13768	2758.79	2697.14	301.0	33.54	49.45
PTHR24078	13272.75	12964.49	506.0	56.49	83.32
PTHR11946	21756.86	21417.72	2153.0	139.45	205.64
PTHR11947	4326.0	4264.34	494.0	31.08	45.82
PTHR11941	10824.82	10578.2	1440.0	120.97	178.39
PTHR10497	2064.0	2033.17	5670.93	414.82	611.68
PTHR10496	307.0	276.19	0.0	0.0	0.0
PTHR24076	24145.54	23559.75	2065.67	174.43	257.25
PTHR24077	17155.33	16692.86	834.0	94.59	139.43
PTHR11728	6326.69	6234.2	407.0	30.19	44.54
PTHR11726	963.0	932.17	8237.05	1321.5	1948.61
PTHR11727	3331.0	3238.51	137.0	21.08	31.09
PTHR11721	781.0	750.17	3662.66	731.96	1079.31
PTHR11722	893.0	862.17	3263.47	566.54	835.39
PTHR10120	1841.0	1810.17	563.0	46.28	68.25
PTHR10122	1212.0	1181.17	934.0	118.0	174.0
PTHR11831	938.0	907.17	5265.77	868.33	1280.39
PTHR11835	1842.0	1811.17	66.0	5.42	8.0
PTHR11614	1618.36	1587.53	180.0	16.89	24.9
PTHR11615	17964.11	17440.04	5699.16	553.6	816.31
PTHR11618	5007.52	4884.19	786.99	78.94	116.4
PTHR32419	2061.0	2030.17	40.0	2.93	4.32
PTHR10231	2970.64	2878.15	106.0	13.69	20.18
PTHR10233	8116.32	7962.17	584.31	51.43	75.84
PTHR31503	5579.92	5456.6	326.0	28.38	41.84
PTHR23147	2213.21	2151.54	509.0	79.87	117.77
PTHR23140	2121.17	2059.5	53.0	7.55	11.13
PTHR23142	2678.21	2616.54	125.0	12.65	18.66
PTHR23149	1541.0	1479.34	94.0	22.2	32.73
PTHR23148	879.23	848.4	42.0	7.41	10.93
PTHR11361	14188.09	13879.82	318.0	23.39	34.48
PTHR11056	3128.08	3066.42	1162.0	136.73	201.61
PTHR11055	5273.75	5181.26	926.0	69.41	102.34
PTHR32251	4315.72	4223.23	264.0	22.83	33.66
PTHR31695	2265.0	2203.34	58.0	8.38	12.36
PTHR11819	3820.0	3758.35	35.0	1.54	2.27
PTHR22767	6244.0	6120.68	74.0	7.43	10.96
PTHR22765	8995.0	8840.87	780.0	51.26	75.57
PTHR12629	1743.0	1712.17	463.0	40.25	59.36
PTHR18945	4276.21	4183.72	236.0	18.85	27.79
PTHR26402	18682.02	18373.77	1784.25	81.97	120.86
PTHR19384	8141.88	7926.07	1336.38	143.48	211.55
PTHR12714	6178.94	6055.61	701.0	67.71	99.83
PTHR32523	1434.0	1403.17	61.0	6.48	9.55
PTHR12570	3771.6	3679.11	144.0	15.35	22.64
PTHR21494	2138.0	2076.34	28.0	4.03	5.94
PTHR21145	3579.74	3518.07	324.0	23.77	35.05
PTHR21496	3471.0	3347.68	207.0	41.09	60.6
PTHR21493	38350.74	37518.33	1905.94	182.22	268.65
PTHR21499	3724.69	3663.04	884.0	39.46	58.18
PTHR21148	4302.0	4178.68	246.0	32.02	47.23
PTHR12083	2128.0	2066.34	32.0	4.78	7.04
PTHR19854	5473.0	5380.51	120.0	4.73	6.97
PTHR30535	4630.51	4538.03	568.99	82.33	121.39
PTHR19855	3505.0	3443.34	133.0	11.31	16.69
PTHR19852	1270.0	1239.17	53.0	6.38	9.41
PTHR16128	3818.63	3726.16	90.0	9.81	14.46
PTHR12400	3665.0	3603.35	185.0	17.92	26.43
PTHR13572	2080.0	2049.17	32.0	2.32	3.42
PTHR30314	6467.0	6343.68	1046.0	69.59	102.61
PTHR12882	688.0	657.17	53.0	12.11	17.86
PTHR12883	1449.0	1418.17	86.0	9.04	13.33
PTHR16255	6790.0	6666.68	558.0	42.7	62.94
PTHR16254	7922.71	7830.22	650.27	35.96	53.02
PTHR13373	1546.0	1515.17	6.0	0.59	0.87
PTHR13375	1448.0	1417.17	46.0	4.84	7.13
PTHR22967	1291.0	1260.17	16.0	1.89	2.79
PTHR10150	3962.0	3869.52	91.0	8.12	11.98
PTHR30222	1593.0	1562.17	16.0	1.53	2.25
PTHR13115	2358.0	2327.17	93.0	5.94	8.76
PTHR13117	1932.0	1901.17	111.0	8.69	12.81
PTHR13285	1761.0	1668.52	7.0	2.05	3.02
PTHR13288	1305.0	1274.17	26.0	3.04	4.49
PTHR10953	16391.7	16052.57	1356.0	79.33	116.99
PTHR10954	1974.0	1912.34	9.0	1.4	2.06
PTHR21726	717.0	686.17	9.0	1.97	2.9
PTHR10956	1380.0	1349.17	6730.64	743.73	1096.66
PTHR10826	1172.0	1141.17	127.0	16.61	24.5
PTHR11533	7564.0	7471.51	1083.49	53.47	78.86
PTHR11532	3802.0	3647.85	1616.0	306.0	451.22
PTHR10000	5206.56	5114.07	170.0	14.2	20.94
PTHR13021	1302.66	1271.83	62.0	7.27	10.72
PTHR10108	52937.9	51858.86	6753.87	311.84	459.83
PTHR24007	4349.84	4288.18	323.0	23.39	34.48
PTHR24006	26836.26	26250.48	1118.15	131.49	193.9
PTHR24003	30734.75	29933.16	1946.0	199.08	293.54
PTHR31446	1048.0	1017.17	84.0	12.34	18.2
PTHR31190	4053.0	3960.51	459.0	39.51	58.26
PTHR11441	1551.0	1520.17	302.0	29.59	43.64
PTHR11440	2341.0	2279.34	109.0	11.7	17.25
PTHR11999	7792.83	7638.69	1204.96	72.32	106.62
PTHR11998	5138.0	5045.51	483.0	48.39	71.35
PTHR11449	883.0	821.35	17284.01	7341.1	10824.78
PTHR11994	754.0	723.17	5003.19	1037.66	1530.08
PTHR10133	12954.12	12769.14	749.31	34.49	50.85
PTHR13620	10502.0	10255.36	417.0	44.9	66.2
PTHR11847	800.0	769.17	4219.05	822.07	1212.18
PTHR11843	692.0	661.17	4865.02	1104.95	1629.3
PTHR11661	3035.0	2942.51	2973.0	496.97	732.8
PTHR11662	21615.0	21245.04	2454.82	111.25	164.07
PTHR11669	5576.0	5452.68	85.0	8.79	12.96
PTHR11668	10846.0	10568.53	2201.86	232.6	343.0
PTHR20856	9744.47	9559.49	1231.07	80.34	118.48
PTHR20854	5888.0	5733.85	162.84	20.97	30.92
PTHR20855	2886.0	2824.34	137.0	16.19	23.88
PTHR20852	4820.48	4697.15	889.05	81.36	119.97
PTHR32404	3214.44	3152.78	358.03	35.9	52.95
PTHR20858	3584.0	3491.51	224.0	25.17	37.12
PTHR10634	697.0	666.17	128.0	28.85	42.54
PTHR14237	9246.15	9030.37	472.0	27.62	40.71
PTHR11143	816.0	785.17	3756.0	716.76	1056.89
PTHR23155	157847.38	154702.69	8823.4	596.95	880.13
PTHR23153	7274.35	7058.55	656.0	91.58	135.02
PTHR23151	7566.78	7289.33	1196.52	205.32	302.74
PTHR11063	3315.0	3253.34	162.0	15.09	22.25
PTHR11062	21598.0	21166.38	1207.0	58.13	85.73
PTHR11061	3876.0	3691.04	30.0	5.6	8.26
PTHR11065	4055.56	3963.06	959.0	98.79	145.68
PTHR11064	2057.5	1995.84	425.0	42.46	62.61
PTHR11260	14354.03	14076.55	915.0	84.21	124.17
PTHR11264	1351.83	1320.99	72.0	8.13	11.98
PTHR11266	11958.71	11650.41	1816.68	150.2	221.47
PTHR13501	779.0	748.17	373.0	74.74	110.21
PTHR31998	5891.0	5798.51	6888.95	319.11	470.52
PTHR31221	2507.0	2445.33	161.0	20.93	30.86
PTHR15838	982.0	920.36	1.0	0.28	0.42
PTHR32338	1527.0	1496.17	68.0	6.77	9.98
PTHR31407	3578.0	3485.51	241.94	32.4	47.77
PTHR15744	1125.24	1063.57	38.0	11.54	17.02
PTHR20932	1518.0	1487.17	108.0	10.82	15.95
PTHR18952	1776.0	1745.17	115.2	9.83	14.49
PTHR10552	1229.0	1198.17	46.0	5.73	8.45
PTHR25040	6398.0	6274.68	741.0	52.64	77.62
PTHR12765	1200.0	1138.34	40.0	10.67	15.72
PTHR12505	3011.19	2949.53	66.0	7.15	10.55
PTHR21481	2826.0	2764.34	28.0	3.01	4.45
PTHR22778	5034.0	4879.85	284.0	29.81	43.96
PTHR19446	11335.24	11150.25	9780.4	573.34	845.42
PTHR12219	2912.0	2881.17	982.89	50.66	74.71
PTHR13561	5163.32	5070.83	58.0	5.3	7.81
PTHR13563	961.0	930.17	13.0	2.09	3.08
PTHR12210	4326.0	4264.34	955.0	66.48	98.03
PTHR12215	1294.0	1232.35	11.0	3.26	4.82
PTHR12214	1993.0	1962.17	38.96	2.95	4.35
PTHR12189	1085.0	1023.34	8.0	2.54	3.75
PTHR22911	7507.02	7322.03	328.0	33.2	48.98
PTHR11926	2383.0	2321.34	82.0	10.6	15.62
PTHR19842	1791.0	1760.17	83.0	7.02	10.35
PTHR12183	2240.33	2178.67	295.0	34.99	51.58
PTHR19849	2217.0	2155.34	50.0	6.87	10.13
PTHR21152	5088.44	4934.28	327.03	35.82	52.8
PTHR19861	1045.0	1014.17	33.0	4.86	7.17
PTHR30075	4129.0	4005.68	164.0	26.19	38.62
PTHR11632	8496.47	8311.5	2351.25	129.61	191.13
PTHR13102	2297.87	2205.38	70.0	13.07	19.26
PTHR12984	4264.0	4202.34	150.0	10.63	15.67
PTHR23293	6373.0	6249.68	1319.95	108.81	160.45
PTHR13299	1724.0	1693.17	82.0	7.21	10.63
PTHR12652	3473.0	3411.34	502.0	44.66	65.85
PTHR10925	2662.0	2631.17	248.0	14.0	20.65
PTHR10920	5135.0	4980.85	182.0	27.28	40.23
PTHR10584	25211.11	24717.83	4806.0	240.45	354.56
PTHR11527	2242.31	2149.82	146.0	25.5	37.6
PTHR11525	1644.0	1613.17	78.0	7.2	10.62
PTHR10859	4005.0	3881.68	146.0	22.89	33.73
PTHR10589	4339.02	4277.36	313.0	17.16	25.3
PTHR10588	6240.3	6055.31	122.0	12.66	18.68
PTHR13038	2309.0	2278.17	55.0	3.59	5.29
PTHR13748	7595.79	7410.8	1394.49	122.16	180.13
PTHR12126	2852.43	2790.77	576.0	59.67	87.98
PTHR13743	13533.88	13379.73	393.0	19.59	28.89
PTHR24015	48520.09	47564.41	4414.38	304.54	449.1
PTHR24012	38189.63	37357.23	4646.93	520.25	767.14
PTHR24011	35451.82	34742.76	9657.42	857.62	1264.56
PTHR31187	8803.0	8679.68	1535.0	84.88	125.19
PTHR10459	6361.1	6206.92	298.0	38.29	56.47
PTHR10458	2043.0	1981.34	97.0	20.53	30.28
PTHR11986	15124.34	14846.88	1446.63	100.57	148.28
PTHR11455	6412.0	6257.87	357.03	22.81	33.62
PTHR10102	3400.0	3338.34	59.0	5.42	7.99
PTHR11458	1860.0	1798.35	240.0	23.83	35.14
PTHR10106	886.0	855.17	22.0	3.85	5.68
PTHR31057	2501.53	2409.03	32.0	5.7	8.4
PTHR21141	2842.0	2749.51	7719.24	1519.0	2239.84
PTHR11851	16975.21	16636.1	2377.08	175.38	258.64
PTHR23092	3863.0	3770.51	170.0	20.12	29.68
PTHR23091	11571.29	11201.32	492.01	54.16	79.84
PTHR11673	999.0	968.17	4975.01	768.19	1132.73
PTHR11670	8268.5	8083.52	4091.67	367.35	541.67
PTHR11671	1576.0	1545.17	355.0	34.22	50.46
PTHR20863	2934.79	2842.3	1215.02	229.71	338.72
PTHR20861	3582.0	3520.34	295.0	24.1	35.54
PTHR11679	6942.22	6849.73	239.0	15.59	22.99
PTHR14009	5939.56	5877.9	457.0	23.2	34.22
PTHR10217	9304.38	9119.43	281.0	24.61	36.29
PTHR10210	6537.0	6475.34	557.61	28.61	42.18
PTHR31522	1599.0	1568.17	215.0	20.42	30.11
PTHR14221	2100.0	2069.17	82.0	5.89	8.69
PTHR23163	3206.0	3144.34	75.0	6.13	9.03
PTHR11079	5400.0	5215.03	256.0	31.26	46.09
PTHR11076	7250.36	6911.25	88.0	20.05	29.58
PTHR11070	5346.0	5253.51	94.0	5.12	7.55
PTHR11071	24139.46	23399.55	3159.97	407.38	600.76
PTHR11278	1059.0	1028.17	4285.96	622.82	918.38
PTHR14107	1509.52	1478.68	174.0	17.53	25.85
PTHR11276	6385.0	6261.69	136.0	10.23	15.06
PTHR11274	2920.0	2858.34	78.0	7.62	11.24
PTHR14136	4899.88	4776.55	684.35	91.47	134.88
PTHR31984	3316.0	3254.34	200.0	17.94	26.45
PTHR15350	2649.0	2587.34	159.0	15.33	22.6
PTHR15606	2714.0	2652.34	66.0	7.36	10.86
PTHR12374	2656.07	2594.41	203.0	19.07	28.12
PTHR12375	1863.0	1801.34	101.0	16.4	24.18
PTHR12378	1065.52	1034.68	78.0	11.26	16.61
PTHR18929	17831.52	17430.73	3491.38	397.13	585.59
PTHR13976	2294.0	2232.34	146.0	20.81	30.68
PTHR12777	676.0	645.17	337.0	78.47	115.7
PTHR12775	2761.0	2699.34	356.0	39.35	58.03
PTHR12770	6808.77	6623.78	111.0	12.92	19.06
PTHR20981	722.0	691.17	4406.29	956.75	1410.76
PTHR14085	1723.0	1692.17	77.0	6.77	9.99
PTHR16092	1717.0	1655.34	31.0	5.71	8.42
PTHR11035	3295.0	3233.34	37.0	4.37	6.43
PTHR22298	3528.0	3497.17	38.0	1.61	2.38
PTHR12174	5498.41	5405.92	455.01	31.9	47.04
PTHR12175	1825.0	1794.17	58.0	4.81	7.09
PTHR12176	967.0	936.17	21.0	3.35	4.95
PTHR22769	8777.83	8500.35	399.0	56.08	82.71
PTHR10293	3109.75	2955.62	537.0	81.43	120.06
PTHR12403	2746.0	2684.34	139.0	17.04	25.12
PTHR22762	6820.27	6758.61	300.0	13.15	19.39
PTHR22763	1619.0	1557.34	116.0	22.22	32.77
PTHR22761	3460.62	3368.12	1177.0	132.92	195.99
PTHR21231	1242.0	1211.17	36.0	4.43	6.54
PTHR21230	3227.0	3134.51	664.0	82.23	121.25
PTHR21234	2668.2	2606.53	301.0	31.24	46.06
PTHR21237	1404.0	1373.17	150.42	16.33	24.08
PTHR12202	2266.0	2173.51	59.0	13.24	19.5
PTHR12203	6149.76	6088.09	1199.0	98.62	145.42
PTHR19857	1674.75	1643.92	121.0	10.96	16.16
PTHR13355	3996.86	3904.37	602.97	60.93	89.84
PTHR13353	2848.0	2786.34	86.0	9.2	13.57
PTHR19853	3158.0	3096.34	35.0	3.35	4.94
PTHR12197	13429.1	13028.32	222.0	24.68	36.37
PTHR19858	861.0	830.17	20.0	3.61	5.32
PTHR11932	13986.89	13801.91	987.96	61.63	90.88
PTHR13822	1460.0	1429.17	456.0	47.55	70.11
PTHR13271	22080.37	21617.91	768.0	71.36	105.23
PTHR13138	3189.0	3127.34	73.0	8.13	11.98
PTHR10732	1270.0	1208.34	14197.66	4897.68	7221.85
PTHR10738	2377.72	2316.06	41.0	4.4	6.48
PTHR10739	3541.0	3479.34	177.0	14.48	21.36
PTHR12992	1823.0	1792.17	51.0	4.23	6.24
PTHR22838	3962.93	3901.26	269.0	21.86	32.24
PTHR22881	3058.0	2996.34	196.0	19.67	28.99
PTHR22836	1878.41	1847.57	37.0	2.98	4.39
PTHR22960	2735.0	2673.34	56.0	6.47	9.55
PTHR11934	2258.0	2196.34	181.95	27.97	41.24
PTHR10693	1638.0	1576.34	49.0	8.84	13.03
PTHR10938	1030.0	999.17	26.0	3.89	5.73
PTHR10934	911.0	880.17	5945.85	1010.88	1490.58
PTHR11510	1633.0	1602.17	317.0	29.46	43.45
PTHR11516	5748.0	5655.51	1261.12	92.81	136.86
PTHR10025	2298.32	2236.65	113.0	14.9	21.97
PTHR10026	6953.69	6799.53	428.84	50.09	73.87
PTHR10027	3449.0	3387.34	89.0	7.76	11.44
PTHR13009	493.0	462.17	26.0	8.5	12.53
PTHR13007	2259.29	2197.63	276.97	32.06	47.26
PTHR30115	7308.0	7215.51	256.0	27.21	40.12
PTHR11863	1915.62	1853.98	81.0	9.65	14.23
PTHR17901	3186.42	3124.75	219.0	19.44	28.67
PTHR24351	5699.8	5638.14	1828.32	95.32	140.55
PTHR20982	1025.0	994.17	73.0	10.97	16.18
PTHR24352	1156.0	1094.34	10.0	2.6	3.83
PTHR11467	1184.0	1153.17	201.0	26.02	38.36
PTHR10119	7762.0	7669.51	783.11	40.95	60.4
PTHR10343	3038.0	2945.51	213.0	32.11	47.34
PTHR10114	808.0	777.17	6475.13	1248.52	1840.99
PTHR10110	16100.86	15792.54	1063.0	109.34	161.24
PTHR11469	3997.29	3904.82	478.92	38.1	56.19
PTHR10598	1542.0	1511.17	5.0	0.49	0.73
PTHR24286	5055.0	4993.34	165.0	9.79	14.45
PTHR11864	6309.29	6155.16	589.0	63.53	93.68
PTHR23426	1166.39	1135.56	83.0	10.91	16.09
PTHR10593	4609.0	4516.51	526.07	46.23	68.18
