GeneFamily	length	effective_length	expected_count	TPM	FPKM
PTHR11649	11312.37	10971.71	879.0	134.02	110.53
PTHR31089	2013.0	1982.03	74.0	5.74	4.74
PTHR31085	2864.11	2833.13	537.0	29.12	24.01
PTHR11647	7138.57	6983.72	836.0	59.9	49.4
PTHR11645	3495.0	3433.06	761.0	67.13	55.36
PTHR11880	930.0	899.03	5925.0	1019.44	840.71
PTHR11885	734.0	703.03	7468.0	1647.69	1358.81
PTHR10209	7715.0	7529.18	674.0	81.58	67.29
PTHR32429	6987.25	6801.42	3184.35	270.41	222.99
PTHR31423	1109.0	1078.03	216.0	30.94	25.52
PTHR31551	1789.0	1758.03	446.0	39.05	32.2
PTHR32195	2424.0	2393.03	534.0	34.3	28.29
PTHR11081	4393.28	4269.4	244.0	38.43	31.7
PTHR11080	5712.0	5557.15	1345.0	130.92	107.97
PTHR11082	4799.0	4675.12	380.0	43.19	35.62
PTHR11085	7631.16	7445.32	1223.82	83.11	68.53
PTHR11089	7866.82	7681.0	882.03	97.32	80.24
PTHR12271	2260.0	2229.03	40.0	2.76	2.28
PTHR32518	7073.07	6980.16	1804.05	141.23	116.46
PTHR11247	756.0	725.03	72.0	15.4	12.7
PTHR11246	9844.0	9720.12	2393.0	150.56	124.17
PTHR32512	4230.6	4168.66	397.0	29.67	24.47
PTHR23088	4722.0	4598.12	563.44	68.44	56.44
PTHR23089	2512.0	2450.06	895.0	101.75	83.91
PTHR23081	2650.99	2620.02	296.0	17.36	14.32
PTHR23083	39294.75	38520.5	9733.24	823.03	678.72
PTHR23084	4811.0	4625.18	196.0	27.75	22.87
PTHR23086	6772.02	6617.17	240.0	23.08	19.05
PTHR18806	1529.0	1498.03	60.0	6.17	5.09
PTHR15184	9942.0	9756.19	9462.25	613.04	505.57
PTHR15341	1267.0	1236.03	4557.09	568.75	469.03
PTHR12696	4244.61	4213.63	656.0	23.89	19.7
PTHR12341	6450.0	6233.21	424.0	66.22	54.61
PTHR15160	5258.0	5134.12	504.0	71.74	59.15
PTHR18937	21330.12	21082.35	992.67	41.1	33.89
PTHR18934	22236.7	21555.37	910.0	127.05	104.76
PTHR12742	2415.0	2353.06	424.0	44.22	36.47
PTHR12741	954.0	923.03	94.0	15.75	12.99
PTHR16557	1238.0	1207.03	19.0	2.43	2.0
PTHR19288	4052.93	3929.05	1084.91	139.39	114.95
PTHR12975	3678.0	3616.06	165.0	13.15	10.85
PTHR13902	3023.0	2961.06	863.0	81.39	67.12
PTHR13903	3138.7	3045.81	211.0	23.45	19.33
PTHR22753	2477.0	2415.06	751.01	97.78	80.63
PTHR30615	2009.0	1947.06	267.0	42.72	35.23
PTHR22939	18020.69	17618.07	5703.9	456.49	376.45
PTHR16266	3305.0	3181.12	50.0	9.94	8.2
PTHR30612	1350.0	1319.03	63.0	7.36	6.07
PTHR22932	1363.0	1332.03	517.0	59.84	49.35
PTHR22931	18500.11	18345.25	75314.25	3234.32	2667.25
PTHR31038	1767.0	1736.03	568.0	50.37	41.54
PTHR32357	1612.0	1550.06	78.0	15.98	13.18
PTHR13832	43350.57	42545.32	13208.52	1105.44	911.67
PTHR21139	2031.0	1969.06	5616.16	821.48	677.46
PTHR21136	4389.0	4296.09	1640.0	168.35	138.83
PTHR12526	48772.41	47812.33	16045.47	1322.54	1090.67
PTHR13120	2049.0	2018.03	4427.97	337.52	278.34
PTHR22809	2281.0	2188.09	153.0	38.42	31.68
PTHR22807	7242.45	7025.66	483.0	66.02	54.45
PTHR20661	1496.73	1465.76	93.0	9.78	8.06
PTHR10900	19186.0	18752.43	47381.34	7568.56	6241.61
PTHR10906	6240.26	6116.38	2141.78	164.21	135.42
PTHR10909	15908.65	15598.95	4822.26	526.88	434.49
PTHR10055	2378.0	2316.06	309.0	45.65	37.64
PTHR10057	3197.0	3135.06	783.0	54.97	45.34
PTHR10052	1948.0	1886.06	7527.64	1545.41	1274.46
PTHR13018	6901.0	6839.06	926.0	43.43	35.81
PTHR10694	12896.86	12618.13	1547.0	131.77	108.68
PTHR12839	2849.21	2787.26	101.0	10.98	9.05
PTHR12835	432.0	401.03	6.0	2.34	1.93
PTHR24031	73495.17	71915.69	30697.28	2462.8	2031.05
PTHR24032	1176.69	1145.71	271.0	36.51	30.11
PTHR24349	19646.06	19243.45	7324.42	560.8	462.49
PTHR24619	11527.66	11341.84	1932.48	177.04	146.01
PTHR24343	57075.73	55744.01	22662.34	2217.7	1828.9
PTHR11472	6887.6	6701.78	281.0	18.42	15.19
PTHR24347	9541.0	9324.21	1132.0	107.5	88.65
PTHR11476	4683.16	4652.18	1427.0	47.06	38.81
PTHR10438	23337.99	22811.52	16304.09	1782.21	1469.73
PTHR10476	5109.0	4985.12	1153.55	144.56	119.22
PTHR11538	4751.44	4658.52	3542.02	288.92	238.27
PTHR24290	7665.38	7572.47	2359.1	111.2	91.7
PTHR12730	2393.0	2331.06	165.0	21.8	17.98
PTHR23413	555.0	524.03	9583.97	2848.88	2349.4
PTHR23417	2005.66	1943.71	143.0	21.66	17.86
PTHR23416	5823.0	5637.18	1227.34	153.57	126.65
PTHR23415	1563.78	1532.81	275.0	27.64	22.79
PTHR12736	2283.53	2252.55	1360.0	92.83	76.55
PTHR10871	3750.0	3657.09	13110.17	2904.2	2395.03
PTHR23418	1042.0	1011.03	681.0	104.08	85.83
PTHR10877	4794.0	4546.25	44.0	6.79	5.6
PTHR11879	1848.0	1817.03	1195.0	101.21	83.47
PTHR10430	5287.5	5163.61	4801.71	815.56	672.58
PTHR11659	1852.0	1821.03	222.0	18.76	15.47
PTHR31096	5978.0	5885.09	3769.0	360.14	297.0
PTHR11655	1809.0	1747.06	12961.7	2359.43	1945.75
PTHR11652	1166.0	1104.06	13628.15	3339.62	2754.11
PTHR10436	8553.05	8305.29	294.0	42.27	34.87
PTHR20883	666.0	635.03	103.0	25.19	20.78
PTHR11895	7391.0	7205.18	783.0	133.24	109.87
PTHR10277	2250.78	2157.87	1896.75	206.42	170.22
PTHR14027	3526.0	3464.06	340.0	30.2	24.9
PTHR13691	2934.85	2841.94	8137.32	1137.39	937.98
PTHR23180	4759.98	4605.12	476.0	92.33	76.14
PTHR14593	4172.0	4110.06	395.0	31.82	26.24
PTHR11093	3773.0	3680.09	309.82	40.29	33.23
PTHR11096	2923.86	2861.91	219.0	23.6	19.46
PTHR23346	13280.06	13094.23	801.0	51.57	42.53
PTHR11099	3935.0	3842.09	418.0	49.12	40.5
PTHR10309	2089.0	2058.03	4219.8	315.37	260.08
PTHR11252	2549.0	2518.03	710.0	43.33	35.74
PTHR11254	14985.15	14675.45	2896.66	172.28	142.07
PTHR11255	2399.92	2368.95	294.0	19.08	15.73
PTHR14110	5916.0	5792.12	1947.13	193.59	159.65
PTHR16201	1790.0	1759.03	1.0	0.09	0.07
PTHR14374	1402.0	1371.03	77.0	8.66	7.14
PTHR18838	2132.06	2101.09	926.13	67.79	55.91
PTHR12687	1895.0	1864.03	52.0	4.29	3.54
PTHR15157	4896.0	4772.12	297.0	40.84	33.68
PTHR18901	8974.25	8819.4	4922.72	480.87	396.56
PTHR12755	3848.0	3755.09	218.99	27.54	22.72
PTHR12750	4241.0	4179.06	986.77	82.25	67.83
PTHR12753	1043.0	1012.03	57.0	8.7	7.18
PTHR15081	1137.0	1106.03	72.0	10.05	8.29
PTHR15574	7129.43	6912.64	356.85	60.77	50.1
PTHR12506	3583.0	3521.06	4069.0	234.17	193.11
PTHR23109	662.0	631.03	147.0	36.19	29.84
PTHR31811	2274.13	2181.22	128.0	26.01	21.46
PTHR12358	7057.97	6934.08	319.69	28.98	23.89
PTHR22748	4425.12	4270.27	155.0	23.99	19.77
PTHR12356	2260.0	2198.06	109.0	15.47	12.76
PTHR12221	2845.0	2783.06	287.0	31.05	25.61
PTHR30603	1059.0	997.06	11.0	4.04	3.34
PTHR12226	2234.0	2172.06	239.0	40.32	33.25
PTHR19876	7855.0	7731.12	1755.86	139.48	115.02
PTHR19877	3153.0	3091.06	2162.0	217.73	179.56
PTHR31953	3116.0	3023.09	123.0	15.34	12.65
PTHR31442	2662.0	2600.06	803.0	77.97	64.3
PTHR13803	8548.42	8455.51	838.0	49.24	40.61
PTHR19980	3668.0	3606.06	268.0	22.65	18.69
PTHR12537	5151.92	5089.97	1148.87	77.4	63.83
PTHR12532	541.0	510.03	141.0	43.08	35.53
PTHR13486	1375.0	1344.03	123.0	14.11	11.64
PTHR20275	7256.0	7132.12	1096.0	101.71	83.88
PTHR13489	2727.12	2665.18	59.0	6.82	5.62
PTHR17583	5048.0	5017.03	262.72	8.03	6.62
PTHR19316	2665.0	2572.09	186.0	30.63	25.27
PTHR24198	23308.11	22657.76	1283.98	155.57	128.3
PTHR10048	9662.23	9507.37	748.97	67.82	55.95
PTHR21704	3046.43	3015.45	186.0	9.47	7.81
PTHR24193	11273.54	10963.85	1803.97	185.72	153.16
PTHR10044	4556.13	4494.18	772.0	45.71	37.7
PTHR11014	7189.89	7066.01	1004.0	79.45	65.52
PTHR10687	1366.0	1335.03	332.0	38.34	31.62
PTHR10681	10387.06	10077.36	12470.72	1490.0	1228.76
PTHR10682	1773.0	1742.03	305.0	26.95	22.23
PTHR10683	4509.0	4416.09	2202.45	212.97	175.63
PTHR12829	2398.64	2336.7	303.0	37.29	30.76
PTHR12820	2597.0	2566.03	295.0	17.67	14.57
PTHR12826	1586.0	1555.03	593.0	58.74	48.44
PTHR12827	5877.94	5846.99	535.0	14.03	11.57
PTHR17920	303.0	272.05	0.0	0.0	0.0
PTHR13017	1130.17	1099.2	533.06	74.88	61.75
PTHR10137	1109.0	1078.03	370.0	53.0	43.71
PTHR11405	6114.0	6021.09	3814.57	293.81	242.29
PTHR11404	2015.37	1922.45	7195.79	1241.54	1023.87
PTHR11406	2403.65	2310.74	7218.49	945.98	780.13
PTHR14744	1136.0	1105.03	29.0	4.05	3.34
PTHR13468	1190.0	1159.03	80.0	10.65	8.79
PTHR23406	11360.75	11236.86	2355.01	119.52	98.57
PTHR23407	1371.0	1340.03	96.0	11.05	9.11
PTHR10869	14823.27	14451.62	2417.06	260.88	215.12
PTHR31717	2862.0	2831.03	1148.0	62.29	51.37
PTHR22942	10930.0	10651.28	1147.0	98.52	81.24
PTHR15169	2510.26	2479.29	101.0	6.26	5.16
PTHR11315	5920.15	5858.2	3004.59	136.37	112.46
PTHR10139	861.94	830.97	273.0	50.85	41.93
PTHR10264	4604.65	4511.74	8259.17	982.09	809.91
PTHR10263	2086.0	2024.06	2114.27	316.08	260.67
PTHR31155	4333.66	4271.72	2326.88	143.77	118.57
PTHR32170	5703.72	5610.81	340.0	31.16	25.7
PTHR23350	2785.55	2692.64	464.0	70.96	58.52
PTHR23354	902.0	871.03	11.0	1.95	1.61
PTHR23355	13694.77	13508.95	1014.0	55.62	45.87
PTHR23359	4181.75	4088.84	1145.0	125.89	103.82
PTHR11227	2777.0	2684.09	133.0	22.84	18.84
PTHR11220	4463.0	4339.12	3775.0	466.42	384.65
PTHR11223	6667.71	6605.76	503.0	22.73	18.74
PTHR11229	2489.0	2427.06	6972.77	977.72	806.3
PTHR10314	19722.28	19319.66	17678.05	1553.73	1281.33
PTHR14303	1379.0	1348.03	102.0	11.67	9.62
PTHR11139	33770.1	33305.55	1852.96	104.45	86.15
PTHR15362	1496.0	1465.03	44.0	4.63	3.82
PTHR11132	33802.16	33151.79	60463.63	3556.95	2933.32
PTHR11134	3150.0	3088.06	735.0	75.72	62.44
PTHR11136	3997.0	3873.12	135.0	21.91	18.07
PTHR32374	2071.0	2040.03	460.0	34.68	28.6
PTHR31579	13730.0	13513.21	7599.0	576.21	475.18
PTHR32379	1273.0	1242.03	79.0	9.81	8.09
PTHR18919	2469.0	2407.06	673.47	63.35	52.24
PTHR32002	13497.03	13218.28	2973.81	289.19	238.48
PTHR14413	973.0	942.03	2935.0	481.72	397.26
PTHR22891	3616.0	3585.03	560.0	23.98	19.78
PTHR14089	2363.0	2301.06	283.0	38.32	31.6
PTHR21368	2033.0	1971.06	4066.19	628.54	518.34
PTHR24067	17479.14	16952.63	7097.72	1125.68	928.31
PTHR12786	2851.0	2758.09	398.0	64.58	53.25
PTHR11706	4625.0	4532.1	593.0	39.02	32.18
PTHR12782	4115.81	4053.87	1220.0	91.77	75.68
PTHR11742	10588.52	10371.73	2130.26	260.87	215.15
PTHR21213	457.0	426.03	109.0	40.0	32.99
PTHR10182	1651.0	1620.03	842.89	80.12	66.08
PTHR13923	2652.0	2590.06	292.0	30.22	24.93
PTHR11210	1290.0	1228.06	443.75	110.96	91.51
PTHR13780	3754.13	3692.19	1640.38	134.53	110.94
PTHR12321	2365.0	2303.06	793.0	96.8	79.83
PTHR12320	5741.48	5648.56	1307.38	111.13	91.65
PTHR12323	1801.0	1708.09	91.0	26.89	22.17
PTHR14155	3416.77	3354.82	671.28	62.37	51.43
PTHR21015	1428.0	1366.07	61.0	12.88	10.62
PTHR16196	1970.04	1908.1	194.0	24.96	20.59
PTHR16193	1962.0	1900.06	84.0	11.4	9.4
PTHR22792	2075.0	2013.06	233.0	36.11	29.78
PTHR22790	5581.59	5457.7	602.0	74.66	61.57
PTHR21680	995.0	964.03	77.0	12.35	10.18
PTHR21689	3249.0	3156.09	144.0	19.56	16.13
PTHR21113	3979.49	3886.58	230.0	22.15	18.27
PTHR10677	2212.98	2182.0	591.0	41.65	34.35
PTHR21663	4910.0	4848.06	161.0	10.2	8.42
PTHR13253	18104.22	17732.58	6943.02	758.9	625.82
PTHR12446	3191.6	3067.71	555.0	107.08	88.3
PTHR22603	4062.18	3938.3	416.0	63.04	51.98
PTHR21206	1614.0	1552.06	244.01	33.39	27.54
PTHR13789	14606.72	14296.99	6412.48	428.41	353.3
PTHR10071	17234.3	16986.54	4776.12	265.29	218.78
PTHR24188	18925.62	18553.98	2940.19	161.89	133.5
PTHR10670	7048.0	6986.06	59.97	2.77	2.28
PTHR13078	2341.14	2310.17	7243.29	482.01	397.5
PTHR12815	9913.0	9758.15	1212.91	100.14	82.59
PTHR12814	888.0	857.03	87.0	15.71	12.96
PTHR24361	8467.2	8312.35	1109.0	78.25	64.53
PTHR24362	18857.33	18516.67	2526.3	185.53	152.99
PTHR10416	1806.0	1775.03	39.0	3.38	2.79
PTHR10410	3521.0	3428.09	1120.0	149.23	123.07
PTHR10783	13629.66	13350.93	4983.22	515.96	425.5
PTHR10782	2103.58	2072.6	253.0	18.77	15.48
PTHR13476	1626.0	1564.06	348.0	64.04	52.81
PTHR10788	8597.04	8504.12	1976.0	105.82	87.28
PTHR10891	8516.0	8330.18	1835.0	265.22	218.72
PTHR10890	4381.0	4288.09	493.0	40.2	33.16
PTHR20426	2845.0	2814.03	768.0	41.93	34.58
PTHR23213	6173.0	5987.19	111.0	11.68	9.64
PTHR10072	4123.0	3999.13	1054.0	136.27	112.38
PTHR10520	4936.1	4843.19	3305.99	341.33	281.49
PTHR10250	2874.9	2812.95	1660.0	219.83	181.29
PTHR10527	11216.53	11123.62	1453.0	69.82	57.59
PTHR31384	1913.0	1882.03	417.0	34.09	28.12
PTHR31385	3149.15	3056.24	293.0	41.45	34.19
PTHR10091	1574.09	1543.11	104.0	10.38	8.56
PTHR31142	1822.0	1791.03	1218.0	104.67	86.32
PTHR31140	2220.0	2189.03	117.0	8.22	6.78
PTHR31412	1689.0	1627.06	192.0	36.55	30.13
PTHR11787	4948.03	4824.15	11461.39	784.89	647.28
PTHR11785	12866.29	12649.49	2549.98	161.99	133.58
PTHR11782	5325.93	5233.02	2212.0	176.3	145.38
PTHR11780	1081.0	1019.07	0.0	0.0	0.0
PTHR32497	3118.0	3056.06	2980.0	220.77	182.07
PTHR32148	12315.0	12036.27	10031.72	1493.96	1232.04
PTHR23324	7287.34	7194.43	891.0	60.83	50.16
PTHR23327	4935.02	4811.13	636.63	79.72	65.75
PTHR23326	5423.86	5361.92	968.37	61.54	50.75
PTHR23321	3154.0	3061.09	4123.0	936.54	772.34
PTHR23323	2438.0	2376.06	178.0	25.33	20.89
PTHR23322	6397.09	6180.31	872.0	128.37	105.86
PTHR23329	5776.95	5653.06	336.0	27.41	22.59
PTHR11236	6276.0	6090.19	1025.92	111.33	91.8
PTHR11364	1377.82	1346.85	210.0	24.04	19.82
PTHR10322	17858.65	17610.87	1281.01	55.88	46.08
PTHR11239	2504.0	2442.06	277.0	61.3	50.56
PTHR10555	3169.9	3107.95	905.23	90.85	74.92
PTHR31964	19167.72	18765.1	4032.87	436.04	359.58
PTHR23030	3431.49	3369.54	536.0	45.89	37.84
PTHR11129	2054.0	1992.06	239.0	32.56	26.85
PTHR11122	9247.0	9061.18	4242.4	397.05	327.43
PTHR15316	2516.0	2454.06	158.0	18.39	15.17
PTHR11127	520.0	489.03	6759.43	2155.61	1777.67
PTHR11125	3900.0	3869.03	385.11	15.28	12.6
PTHR31566	609.0	578.03	0.0	0.0	0.0
PTHR31567	1768.0	1737.03	612.06	54.24	44.73
PTHR31561	2994.0	2870.12	210.0	44.74	36.9
PTHR15137	2847.0	2785.06	93.0	12.59	10.38
PTHR14950	2991.0	2898.09	109.0	14.72	12.15
PTHR15954	2884.0	2853.03	90.0	4.85	4.0
PTHR15952	4445.58	4414.61	384.0	13.35	11.01
PTHR21597	5310.0	5155.15	178.0	27.63	22.79
PTHR19271	1886.0	1793.1	32.0	6.97	5.75
PTHR21228	18750.45	18347.85	3073.67	272.09	224.36
PTHR13343	2749.05	2687.11	425.0	50.86	41.95
PTHR12233	1543.56	1512.58	182.0	18.54	15.29
PTHR12029	9334.89	9087.13	580.98	84.09	69.36
PTHR21220	1162.0	1131.03	30.0	4.09	3.38
PTHR22936	2396.0	2334.06	342.0	42.15	34.75
PTHR22780	9304.0	9211.09	1480.94	79.0	65.14
PTHR19308	3126.0	3095.03	272.0	13.5	11.13
PTHR19306	13601.0	13477.12	1058.0	27.88	22.99
PTHR16301	989.0	927.06	40.0	13.49	11.13
PTHR13265	1438.0	1407.03	109.0	11.94	9.85
PTHR22870	26940.16	26444.64	2527.02	248.85	205.22
PTHR17630	2612.0	2519.09	43.0	5.58	4.6
PTHR10064	519.0	488.03	6823.52	2180.58	1798.27
PTHR10066	7066.0	6911.15	292.0	32.62	26.92
PTHR10060	985.0	954.03	40.0	6.48	5.35
PTHR10663	19714.54	19404.84	1118.0	67.8	55.9
PTHR10666	4803.22	4679.34	23186.07	6201.6	5114.32
PTHR10668	16169.58	15766.97	2872.0	283.51	233.81
PTHR12801	5282.65	5189.73	295.0	28.16	23.22
PTHR12802	8099.0	7913.18	262.0	32.58	26.87
PTHR12805	1583.0	1521.06	123.0	25.02	20.63
PTHR12806	1224.0	1193.03	306.0	39.58	32.64
PTHR21091	14004.06	13725.33	6678.76	520.49	429.25
PTHR21090	3958.0	3896.06	2224.11	169.06	139.42
PTHR12281	3913.81	3851.85	834.0	66.93	55.2
PTHR24315	2391.88	2360.91	354.0	23.05	19.01
PTHR24314	5231.0	5107.12	723.0	94.94	78.29
PTHR11933	4141.0	3986.16	276.0	53.98	44.53
PTHR24316	8159.71	8004.86	2057.68	154.61	127.51
PTHR11426	1269.0	1207.08	99.0	17.61	14.52
PTHR11937	11096.41	10848.64	6473.47	645.53	532.35
PTHR11938	23625.04	23222.47	12926.77	654.46	539.71
PTHR21021	4736.34	4643.43	2143.09	125.79	103.73
PTHR13683	9531.88	9377.03	3091.12	180.35	148.72
PTHR24089	65615.86	64315.11	32793.84	3270.7	2697.27
PTHR10796	3031.32	3000.35	468.0	23.96	19.76
PTHR10794	1606.0	1575.03	445.0	43.52	35.89
PTHR10795	31502.79	31069.18	9517.03	325.49	268.42
PTHR10792	690.0	659.03	8758.16	2063.07	1701.37
PTHR10799	86396.19	84692.79	3627.18	349.61	288.31
PTHR10882	731.0	700.03	40.0	8.86	7.31
PTHR10887	34123.54	33442.2	2238.0	190.51	157.11
PTHR11686	1846.02	1784.09	81.0	8.3	6.84
PTHR11685	10647.02	10368.29	1194.4	104.81	86.44
PTHR24221	22772.95	22339.36	5523.0	434.62	358.41
PTHR24220	12049.25	11708.59	1459.83	163.56	134.89
PTHR24223	21059.22	20718.54	3961.95	209.32	172.62
PTHR11689	10697.72	10542.86	1253.0	93.98	77.5
PTHR10252	1170.31	1108.37	99.0	26.73	22.04
PTHR13124	1458.0	1427.03	444.0	47.95	39.54
PTHR31173	5913.0	5789.12	1997.01	229.86	189.56
PTHR12538	580.39	549.41	9038.67	2560.5	2111.58
PTHR10099	5276.0	5245.03	963.43	28.18	23.24
PTHR10625	11538.63	11259.88	2016.03	157.72	130.07
PTHR10098	2794.0	2732.06	386.0	46.54	38.38
PTHR31356	5606.0	5482.12	5025.01	506.33	417.56
PTHR31352	5047.0	4985.06	1066.0	63.0	51.95
PTHR31350	7355.81	7169.99	1302.0	149.41	123.22
PTHR11758	740.0	709.03	4334.54	948.15	781.92
PTHR23333	1501.0	1470.03	263.0	27.57	22.73
PTHR11751	21650.33	21216.75	10009.48	836.49	689.85
PTHR11753	1054.0	1023.03	282.01	42.59	35.12
PTHR11752	21798.3	21147.96	920.0	135.43	111.71
PTHR24423	10316.87	10038.14	1052.0	131.85	108.73
PTHR11206	22847.29	22382.72	3685.82	226.36	186.69
PTHR24420	189567.59	185758.29	54555.53	4404.47	3632.28
PTHR10332	3077.52	2984.6	318.97	47.87	39.48
PTHR14140	1880.0	1849.03	59.0	4.91	4.05
PTHR20922	2856.0	2794.06	877.93	86.96	71.71
PTHR10159	15339.2	15029.5	3288.04	262.54	216.49
PTHR12848	1802.98	1772.01	160.0	13.9	11.46
PTHR12363	8816.0	8661.16	728.0	56.05	46.23
PTHR23029	13168.94	12890.19	1061.06	101.91	84.05
PTHR23023	5480.28	5356.4	3628.78	230.8	190.34
PTHR21294	2202.82	2171.84	8319.35	589.03	485.76
PTHR11119	13741.42	13555.59	1475.0	82.34	67.89
PTHR31595	10392.26	10144.47	1872.87	158.0	130.3
PTHR31596	4853.0	4760.09	972.0	40.68	33.56
PTHR15948	1816.0	1785.03	321.0	27.68	22.83
PTHR32026	6077.85	5953.97	984.96	100.69	83.03
PTHR31829	1335.0	1304.03	10874.98	1285.99	1060.52
PTHR31419	356.0	325.04	9.0	4.36	3.59
PTHR22938	1920.72	1858.78	135.0	23.97	19.77
PTHR14898	5947.0	5885.06	287.0	14.92	12.31
PTHR19241	63894.65	62439.02	33945.09	2758.49	2274.92
PTHR14894	1613.0	1551.06	47.0	9.08	7.49
PTHR15239	3704.56	3580.67	162.0	27.98	23.07
PTHR12497	1372.0	1341.03	72.0	8.28	6.83
PTHR12302	3793.0	3762.03	1126.0	45.94	37.89
PTHR12304	2355.21	2293.26	206.0	28.11	23.19
PTHR30540	4907.05	4845.11	926.0	57.95	47.8
PTHR30544	2853.42	2791.51	458.0	51.38	42.37
PTHR13302	3057.0	2964.09	106.0	16.88	13.92
PTHR12472	1194.98	1164.0	35.0	4.64	3.83
PTHR13308	1748.22	1686.28	134.0	24.75	20.41
PTHR12477	5755.65	5662.73	1158.0	95.56	78.81
PTHR13878	3314.0	3221.09	229.0	17.94	14.8
PTHR21461	8325.16	8170.3	581.09	50.56	41.7
PTHR13872	3456.0	3394.06	8708.61	2458.17	2027.19
PTHR22849	25912.37	25478.79	3944.96	341.52	281.62
PTHR21314	2527.78	2465.83	307.0	29.76	24.55
PTHR21649	11754.47	11289.94	147810.15	23242.63	19167.6
PTHR22841	4202.0	4140.06	427.0	38.19	31.5
PTHR21319	5904.49	5749.64	496.0	66.23	54.61
PTHR22847	37225.58	36482.3	7279.21	564.76	465.74
PTHR22846	4308.58	4215.66	398.47	49.21	40.58
PTHR22844	15119.78	14779.1	2053.0	210.16	173.32
PTHR11606	6751.16	6565.34	885.0	62.17	51.28
PTHR31606	598.0	567.03	200.0	54.87	45.25
PTHR23284	1110.0	1079.03	49.0	7.01	5.78
PTHR21266	14777.97	14530.21	5929.55	425.57	350.95
PTHR21262	8496.7	8341.85	2898.0	247.94	204.47
PTHR12276	2289.0	2227.06	66.0	5.77	4.76
PTHR10657	3324.87	3200.99	440.0	67.37	55.56
PTHR10655	4609.63	4485.75	641.0	71.51	58.97
PTHR10652	2117.0	2086.03	209.0	15.41	12.71
PTHR17972	4057.0	3964.09	258.0	31.4	25.89
PTHR21085	1605.0	1574.03	464.88	45.49	37.51
PTHR11922	4535.0	4411.12	676.0	70.74	58.33
PTHR24305	14116.06	13806.35	1243.82	136.55	112.62
PTHR11431	3274.2	3181.29	942.0	119.86	98.84
PTHR10434	2422.0	2360.06	268.0	37.35	30.81
PTHR24096	16410.64	16008.05	2047.08	183.32	151.18
PTHR13693	7464.59	7309.75	1428.0	102.37	84.42
PTHR24095	22209.96	21745.44	13144.06	938.69	774.11
PTHR24092	5193.0	5162.03	339.49	10.09	8.32
PTHR24093	40722.97	39855.84	17443.55	1318.24	1087.12
PTHR22604	7609.36	7516.44	1954.06	100.62	82.98
PTHR13451	3600.77	3538.82	138.0	12.55	10.35
PTHR13452	946.0	915.03	128.0	21.63	17.84
PTHR10759	513.0	482.03	4190.96	1356.26	1118.48
PTHR12406	5133.02	5040.11	940.34	74.86	61.73
PTHR12901	1390.0	1359.03	194.0	22.01	18.15
PTHR12903	848.0	817.03	5531.26	1048.26	864.47
PTHR23237	551.0	520.03	102.23	30.62	25.26
PTHR10501	2458.0	2427.03	343.0	21.72	17.91
PTHR31169	6840.0	6747.09	82.0	7.43	6.13
PTHR12277	3621.24	3528.32	469.72	56.3	46.44
PTHR14087	722.0	691.03	78.0	17.51	14.44
PTHR23309	5912.0	5819.09	776.44	50.0	41.23
PTHR23308	4914.0	4759.15	395.0	90.3	74.46
PTHR31344	6445.03	6383.09	369.0	17.1	14.09
PTHR31619	2248.0	2217.03	2462.55	170.79	140.84
PTHR23306	2278.0	2247.03	221.0	15.12	12.47
PTHR23305	3266.47	3204.53	2115.0	186.85	154.09
PTHR11748	12636.15	12450.34	10221.16	438.21	361.36
PTHR11214	8401.01	8184.22	1232.05	99.81	82.31
PTHR11216	6352.06	6228.17	528.0	45.45	37.48
PTHR14154	6992.46	6806.64	66445.39	11455.45	9447.03
PTHR10344	555.27	524.3	44.0	13.07	10.78
PTHR14152	2339.0	2246.09	220.0	42.19	34.78
PTHR11699	15433.22	15123.53	4415.99	355.08	292.84
PTHR11692	1880.0	1849.03	434.0	36.12	29.79
PTHR11693	2738.0	2676.06	5049.03	591.33	487.66
PTHR11695	29243.14	28592.78	6322.62	532.43	439.05
PTHR31760	839.0	777.06	14.0	5.38	4.44
PTHR31906	7235.0	7080.15	3359.0	334.73	276.04
PTHR13847	6834.77	6617.97	765.3	85.42	70.43
PTHR23012	11995.33	11716.58	3922.55	331.29	273.2
PTHR11101	9481.25	9233.5	43817.97	2987.78	2463.94
PTHR11102	5680.0	5556.12	363.0	45.84	37.81
PTHR11106	2818.0	2725.09	941.0	131.25	108.25
PTHR31585	2029.0	1998.03	419.0	32.26	26.6
PTHR32125	1947.0	1885.06	594.0	104.98	86.57
PTHR31588	9033.11	8909.21	1274.14	86.87	71.63
PTHR32120	1991.0	1929.06	135.11	22.24	18.34
PTHR15680	919.0	888.03	397.75	69.29	57.14
PTHR11807	3177.44	3115.49	167.0	17.96	14.82
PTHR11374	324.0	293.04	0.0	0.0	0.0
PTHR10281	1866.79	1804.85	697.0	126.53	104.34
PTHR26312	1444.0	1413.03	297.0	32.39	26.71
PTHR10285	6726.36	6571.5	3729.45	340.15	280.51
PTHR12000	1017.0	986.03	23.0	3.6	2.97
PTHR18895	1330.0	1268.07	30.0	6.55	5.4
PTHR12169	3948.0	3855.09	211.0	15.33	12.64
PTHR12486	2350.0	2257.09	99.0	18.74	15.44
PTHR12480	5135.0	4918.25	379.99	102.39	84.43
PTHR12482	3307.0	3245.06	101.0	9.36	7.72
PTHR12317	11359.05	11142.26	4474.1	436.61	360.06
PTHR12649	3272.04	3148.15	400.0	83.13	68.56
PTHR13992	1587.0	1525.06	54.0	9.96	8.21
PTHR12461	3353.0	3167.2	151.0	41.41	34.15
PTHR12466	2239.0	2177.06	208.98	28.8	23.75
PTHR21419	2032.0	2001.03	210.0	16.14	13.31
PTHR12001	3105.64	3043.7	910.95	93.07	76.75
PTHR21327	3978.67	3916.73	9584.83	763.65	629.76
PTHR21631	9993.91	9839.06	5465.03	426.44	351.67
PTHR22854	2642.0	2580.06	935.0	115.61	95.34
PTHR22855	7568.0	7444.14	1221.84	95.72	78.95
PTHR22850	7057.0	6902.15	900.81	74.82	61.7
PTHR22504	2054.0	2023.03	628.09	47.76	39.38
PTHR22915	22915.86	22513.25	4926.76	413.09	340.67
PTHR21256	4499.0	4437.06	3138.25	212.6	175.33
PTHR12265	1478.0	1416.06	25.0	5.25	4.33
PTHR12266	2384.85	2322.9	75.0	9.94	8.19
PTHR10648	2151.0	2120.03	517.0	37.5	30.93
PTHR30178	2823.0	2761.06	7814.76	894.53	737.7
PTHR10641	12043.0	11764.27	1452.0	106.94	88.17
PTHR22912	21684.32	21312.69	8922.84	655.76	540.8
PTHR10644	4375.0	4282.09	212.0	19.97	16.47
PTHR12864	5715.24	5622.32	988.0	83.11	68.54
PTHR12860	2542.0	2511.03	173.0	10.59	8.73
PTHR13194	1617.0	1555.06	405.0	66.9	55.18
PTHR13193	524.0	493.03	119.0	37.64	31.04
PTHR11913	1494.0	1463.03	51.0	5.37	4.43
PTHR11911	8939.48	8722.71	6286.97	704.57	581.05
PTHR11910	2270.0	2208.06	4617.0	651.03	536.89
PTHR11918	6777.6	6653.72	1889.0	152.89	126.08
PTHR12919	1403.0	1341.06	3170.38	786.61	648.7
PTHR12910	1825.0	1763.06	1432.01	204.75	168.85
PTHR12917	4660.17	4567.27	655.0	60.44	49.85
PTHR11351	5712.0	5619.09	5197.24	404.69	333.74
PTHR11353	16835.0	16525.3	3052.16	271.11	223.58
PTHR11599	16590.0	16249.33	9159.18	828.3	683.08
PTHR10516	18051.87	17463.42	2981.09	476.6	393.04
PTHR11592	4714.0	4590.12	12227.28	1664.66	1372.81
PTHR13273	995.0	964.03	319.0	51.15	42.18
PTHR31724	2918.69	2825.78	104.0	13.39	11.05
PTHR31098	8663.0	8570.09	26447.64	1527.31	1259.52
PTHR22594	9759.0	9573.18	2507.97	283.17	233.53
PTHR23315	9413.92	9197.16	2283.0	148.04	122.09
PTHR23316	2685.54	2654.56	415.0	24.02	19.81
PTHR11778	6227.0	6134.09	1709.95	131.44	108.39
PTHR11774	3687.8	3594.88	175.0	22.48	18.53
PTHR11773	3696.0	3665.03	2831.5	118.59	97.8
PTHR11772	8077.6	7922.75	5953.07	388.36	320.27
PTHR10357	28991.69	28589.08	10467.9	695.46	573.54
PTHR10353	1321.0	1290.03	163.0	19.49	16.07
PTHR10350	4559.0	4497.06	301.0	20.69	17.05
PTHR10351	3044.42	2982.48	4789.26	744.01	613.57
PTHR32557	2106.0	2075.03	786.0	58.26	48.04
PTHR10359	5615.72	5491.83	860.0	78.29	64.57
PTHR32442	1319.0	1288.03	82.0	9.82	8.1
PTHR31750	1086.0	1055.03	390.05	57.1	47.09
PTHR14189	533.28	502.3	10.0	3.1	2.56
PTHR32228	1153.0	1122.03	61.0	8.39	6.92
PTHR31245	1577.0	1515.06	351.0	70.3	57.98
PTHR23001	2847.0	2785.06	800.02	81.6	67.3
PTHR23002	1810.67	1748.72	71.0	11.64	9.6
PTHR22904	31187.77	30444.47	6459.63	469.65	387.3
PTHR11177	28168.34	27641.85	1565.84	130.02	107.2
PTHR10445	2284.0	2253.03	849.0	57.94	47.78
PTHR11178	5399.37	5275.49	2834.86	271.79	224.14
PTHR14456	1835.0	1742.09	152.0	39.72	32.76
PTHR31808	1903.96	1872.98	7948.86	653.05	538.55
PTHR31803	5891.84	5798.91	1514.0	109.41	90.23
PTHR11009	734.0	703.03	262.0	57.81	47.67
PTHR19229	20460.68	20150.98	6879.69	347.04	286.21
PTHR20961	25020.63	24618.0	2889.92	220.23	181.61
PTHR11005	3028.0	2966.06	97.0	10.38	8.55
PTHR11006	9946.22	9698.45	896.0	84.28	69.51
PTHR18640	1854.0	1761.1	51.0	9.24	7.62
PTHR18866	18441.0	17883.56	4319.84	418.1	344.79
PTHR12022	685.0	654.03	1499.0	355.84	293.45
PTHR15588	1971.0	1909.06	535.0	86.63	71.45
PTHR12677	10298.34	10112.52	2435.0	192.71	158.93
PTHR19134	1224.0	1193.03	586.0	75.79	62.5
PTHR19139	7124.01	6938.18	227.0	25.37	20.92
PTHR30566	5523.01	5430.1	1191.0	109.1	89.97
PTHR12459	3650.0	3619.03	233.55	9.91	8.17
PTHR12456	1358.0	1296.06	28.0	6.67	5.5
PTHR12452	888.82	857.84	114.0	20.57	16.96
PTHR19359	5243.75	5088.88	1162.0	211.35	174.29
PTHR12072	4647.0	4523.12	277.0	38.34	31.62
PTHR13218	799.0	768.03	54.0	10.89	8.98
PTHR13215	1397.75	1335.81	95.0	20.63	17.01
PTHR13213	3313.0	3220.09	179.0	25.2	20.78
PTHR10809	961.47	930.5	65.0	10.8	8.91
PTHR12290	422.0	391.03	9.0	3.61	2.97
PTHR21530	7834.94	7680.09	870.0	68.85	56.78
PTHR12295	7123.0	7061.06	1381.16	60.27	49.7
PTHR12298	2689.0	2596.09	115.0	18.31	15.1
PTHR10638	2390.0	2359.03	456.0	29.71	24.5
PTHR10631	1120.0	1089.03	47.99	6.8	5.61
PTHR10984	5113.44	5020.52	1363.39	126.25	104.12
PTHR12858	3882.25	3820.3	184.0	13.96	11.52
PTHR13505	838.0	807.03	39.0	7.48	6.17
PTHR12850	783.0	752.03	7323.51	1509.29	1244.68
PTHR12856	1049.0	987.06	8.0	2.49	2.06
PTHR12855	1808.0	1777.03	104.12	9.02	7.44
PTHR12854	1988.0	1957.03	198.0	15.57	12.84
PTHR21737	1153.0	1122.03	38.0	5.23	4.31
PTHR13190	1875.0	1813.06	83.0	13.6	11.22
PTHR13182	1477.89	1446.92	239.0	25.45	20.99
PTHR10855	3305.0	3243.06	909.0	76.69	63.25
PTHR10585	1288.0	1257.03	315.0	38.65	31.88
PTHR10743	992.0	961.03	155.0	24.93	20.56
PTHR10742	26903.02	26345.56	9911.3	867.07	715.03
PTHR10745	2337.0	2306.03	967.0	64.47	53.16
PTHR10744	1904.0	1811.09	10734.54	2811.9	2318.9
PTHR10746	3378.0	3316.06	5364.29	757.52	624.72
PTHR11528	8490.92	8336.06	7708.76	720.76	594.39
PTHR12924	1240.0	1209.03	792.0	101.07	83.35
PTHR11349	2181.0	2088.09	5059.09	1396.65	1151.79
PTHR10566	35447.82	34890.36	30361.91	1976.22	1629.73
PTHR11588	4884.05	4729.24	10226.62	958.4	790.36
PTHR10291	4934.0	4872.06	99.97	6.89	5.68
PTHR11584	8870.0	8777.09	2446.0	145.54	120.02
PTHR11586	861.77	830.8	450.0	83.85	69.15
PTHR11909	8043.0	7888.15	1925.24	179.49	148.02
PTHR23429	2901.0	2870.03	2457.62	131.54	108.48
PTHR24320	13478.02	13168.3	4364.99	439.81	362.69
PTHR24322	21434.64	20908.16	7213.55	764.79	630.69
PTHR11907	4512.66	4450.71	1149.4	94.6	78.02
PTHR11760	873.0	842.03	10524.17	1934.64	1595.45
PTHR11761	1791.0	1729.06	9574.49	2345.93	1934.63
PTHR11766	1901.0	1870.03	477.0	39.25	32.37
PTHR11767	3153.16	3091.22	554.0	53.76	44.33
PTHR10361	6370.59	6246.7	1076.0	99.89	82.37
PTHR10366	24297.33	23739.86	12534.33	1477.11	1218.15
PTHR10169	7128.0	7004.12	1264.0	106.8	88.08
PTHR10168	8275.62	8058.84	3940.5	781.63	644.59
PTHR20973	912.0	881.03	22.0	3.86	3.19
PTHR10165	5519.0	5426.09	715.0	60.75	50.09
PTHR31032	2856.0	2794.06	2186.44	214.74	177.09
PTHR23257	231572.59	226803.13	53716.62	4175.16	3443.21
PTHR23253	6190.0	6035.15	1476.68	179.77	148.25
PTHR14190	1107.0	1045.06	104.0	31.66	26.11
PTHR14194	12357.0	12078.27	6367.42	1289.76	1063.63
PTHR19957	7632.63	7508.75	1055.0	94.5	77.92
PTHR31251	33983.65	33116.49	5394.0	530.66	437.62
PTHR23074	9488.92	9241.16	1973.96	246.66	203.4
PTHR23077	16425.75	15744.45	1380.0	245.9	202.8
PTHR23076	23916.03	23389.53	43158.44	3847.85	3173.23
PTHR30239	1935.0	1904.03	1745.0	141.01	116.29
PTHR23073	13774.24	13464.54	3176.66	336.44	277.46
PTHR23078	2614.0	2583.03	290.0	17.25	14.23
PTHR11165	932.0	901.03	1171.14	201.05	165.8
PTHR32100	5960.0	5867.09	14330.99	1040.2	857.83
PTHR14534	591.0	560.03	7.0	1.94	1.6
PTHR14445	4863.58	4739.7	612.0	93.49	77.1
PTHR23102	603.94	572.97	34.0	9.23	7.61
PTHR23105	4782.0	4627.15	24795.44	3814.98	3146.12
PTHR11010	3243.99	3182.05	9500.47	1120.3	923.88
PTHR12668	1048.0	1017.03	184.0	27.95	23.05
PTHR12661	1331.0	1300.03	84.0	9.96	8.22
PTHR12663	4658.0	4534.12	22.0	3.19	2.63
PTHR12664	1613.0	1551.07	89.0	16.32	13.45
PTHR16166	25344.56	24972.91	1134.0	72.71	59.96
PTHR12111	2090.0	2028.06	245.0	37.37	30.82
PTHR12447	1719.0	1688.03	274.9	25.07	20.68
PTHR15481	404.0	373.03	30.0	12.61	10.4
PTHR21477	5063.2	4970.29	1238.01	91.6	75.54
PTHR26379	2735.0	2673.06	1037.0	104.41	86.1
PTHR12599	1381.0	1319.06	180.0	42.62	35.15
PTHR12596	2897.0	2835.06	80.0	9.04	7.45
PTHR12590	1225.0	1163.06	26.0	6.96	5.73
PTHR12066	2304.43	2180.54	34.0	9.47	7.8
PTHR12064	8358.18	8203.33	1191.02	99.79	82.3
PTHR13226	3173.0	3111.06	183.0	15.95	13.16
PTHR13889	6224.0	6131.09	1360.01	103.96	85.73
PTHR13887	2281.0	2188.09	113.0	23.98	19.78
PTHR21181	1666.0	1604.06	274.0	89.77	74.03
PTHR12412	1403.25	1372.28	119.0	13.37	11.02
PTHR13948	1245.7	1183.77	55.0	14.07	11.6
PTHR12146	1080.0	1018.07	6195.23	1464.16	1207.46
PTHR11453	2510.0	2479.03	88.0	5.46	4.5
PTHR21506	1544.72	1513.74	168.0	17.1	14.1
PTHR12280	2365.09	2303.15	474.1	64.09	52.85
PTHR11451	8032.0	7877.16	5205.87	366.32	302.08
PTHR12286	5196.85	5103.94	1820.8	170.97	141.0
PTHR12415	3219.96	3188.98	1323.0	63.71	52.54
PTHR30573	2706.0	2675.03	708.0	40.67	33.54
PTHR22983	6717.0	6562.15	380.0	42.93	35.4
PTHR22981	7674.0	7581.09	3673.64	244.11	201.31
PTHR30191	4098.0	4067.03	8842.52	333.67	275.17
PTHR13082	1314.0	1283.03	368.0	44.23	36.48
PTHR10629	19357.03	19047.33	990.0	88.28	72.81
PTHR10994	10537.71	10320.92	2066.71	220.05	181.47
PTHR10996	8621.75	8435.92	3431.25	343.7	283.44
PTHR10997	17627.0	17317.31	2139.01	107.46	88.62
PTHR10992	45662.14	44609.15	7796.1	943.91	778.44
PTHR10993	1971.0	1909.06	50.0	8.18	6.74
PTHR17695	7139.0	6922.21	185.0	28.63	23.61
PTHR12849	901.0	870.03	90.0	16.01	13.2
PTHR10943	7835.0	7773.06	1844.0	75.23	62.04
PTHR12847	4682.0	4589.09	2581.37	325.42	268.36
PTHR21290	5058.63	4965.71	181.0	16.59	13.68
PTHR21349	2276.0	2214.06	4870.18	844.34	696.31
PTHR21347	2429.0	2367.06	471.0	58.99	48.64
PTHR21343	3144.0	3082.06	298.0	24.95	20.57
PTHR10196	9683.0	9559.12	726.16	49.22	40.59
PTHR10192	3538.0	3476.06	1161.91	99.38	81.95
PTHR10751	1910.0	1879.03	55.0	4.5	3.71
PTHR10755	2370.32	2308.37	2372.96	258.25	212.97
PTHR10758	1460.0	1429.03	150.0	16.18	13.34
PTHR13152	703.0	672.03	32.0	7.39	6.09
PTHR12932	4927.85	4803.97	154.0	21.93	18.09
PTHR12934	1159.0	1128.03	145.0	19.84	16.36
PTHR10288	12353.8	12167.97	7148.05	431.84	356.12
PTHR11800	2721.17	2659.23	512.0	65.45	53.97
PTHR11802	4240.0	4147.09	921.0	68.99	56.89
PTHR11804	9220.0	8972.25	8682.42	869.9	717.38
PTHR11808	7719.0	7564.15	6737.52	613.42	505.88
PTHR10283	12563.67	12315.92	1691.54	117.68	97.03
PTHR10286	3202.0	3140.06	2135.08	208.25	171.75
PTHR13734	4044.0	3982.06	507.0	35.86	29.57
PTHR11579	3004.0	2942.06	264.0	25.9	21.35
PTHR13718	2775.0	2713.06	7224.45	956.43	788.74
PTHR13711	9050.24	8864.42	2578.06	161.37	133.05
PTHR13710	8588.69	8340.93	100.0	13.19	10.87
PTHR11977	1700.87	1669.91	525.0	48.4	39.91
PTHR11972	9734.1	9579.24	12522.11	850.02	701.0
PTHR31480	2646.0	2615.03	545.0	32.02	26.41
PTHR31485	12646.0	12460.18	864.0	65.12	53.71
PTHR11715	942.0	911.03	1557.0	264.33	217.99
PTHR11717	2102.0	1978.13	134.0	40.73	33.58
PTHR11711	14598.98	14258.3	6183.0	735.29	606.37
PTHR11712	24723.61	24073.31	1167.72	89.44	73.78
PTHR10374	5175.0	5051.12	2949.14	384.34	316.96
PTHR10178	17386.75	17046.08	3449.77	262.54	216.52
PTHR11482	3200.84	3138.9	3810.0	374.08	308.5
PTHR10173	4198.0	4074.12	10565.82	1725.95	1423.34
PTHR10177	9910.75	9724.92	1845.3	149.48	123.28
PTHR10174	15072.56	14731.87	4760.97	490.4	404.41
PTHR23249	2131.0	2069.06	267.0	55.24	45.55
PTHR23244	19214.72	18905.02	1994.96	146.69	120.98
PTHR23245	2294.0	2201.09	70.0	13.86	11.43
PTHR23240	4301.88	4178.0	116.0	15.35	12.65
PTHR14614	10341.02	10093.25	815.0	91.97	75.84
PTHR31268	6761.1	6637.21	280.0	24.72	20.38
PTHR31262	738.0	707.03	2.0	0.44	0.36
PTHR23063	4607.0	4514.09	348.0	35.88	29.6
PTHR11620	679.0	648.03	4707.37	1127.95	930.19
PTHR11624	11562.76	11315.01	11534.26	1094.18	902.33
PTHR11627	2928.0	2835.09	9926.09	1220.7	1006.68
PTHR11390	5475.01	5351.15	506.0	32.43	26.75
PTHR31620	4035.0	3973.06	8693.34	528.16	435.56
PTHR31319	2695.6	2664.63	6142.0	354.17	292.07
PTHR14052	1974.54	1943.57	224.0	17.73	14.62
PTHR32118	1854.0	1823.03	4470.87	377.42	311.25
PTHR23117	2967.27	2905.32	921.0	87.07	71.8
PTHR23115	46908.21	46072.0	146995.29	12544.74	10345.31
PTHR11028	2347.0	2285.06	1272.13	175.77	144.96
PTHR11024	1434.0	1403.03	186.0	20.43	16.85
PTHR12841	1033.0	1002.03	96.0	14.8	12.21
PTHR11777	4022.0	3991.03	2763.0	106.25	87.62
PTHR12616	2737.38	2644.47	176.0	31.77	26.19
PTHR12613	1854.0	1823.03	80.0	6.75	5.57
PTHR12612	1130.0	1099.03	525.0	73.76	60.83
PTHR32060	5115.0	4960.15	620.46	66.69	55.0
PTHR12436	1873.0	1780.1	87.0	23.41	19.31
PTHR22734	2627.0	2565.06	181.0	22.28	18.38
PTHR12121	13153.52	12719.92	2225.01	313.25	258.35
PTHR12438	1627.0	1596.03	28.0	2.7	2.23
PTHR11757	4710.65	4617.73	802.0	55.62	45.86
PTHR15492	1108.31	1077.34	82.0	11.75	9.69
PTHR21426	2119.0	2057.06	46.0	6.9	5.69
PTHR21427	1996.0	1965.03	689.16	53.95	44.49
PTHR13161	2042.0	1949.09	102.0	24.63	20.31
PTHR19372	2797.0	2735.06	147.0	11.05	9.11
PTHR19370	2875.0	2813.06	404.0	46.17	38.07
PTHR19376	13090.49	12935.64	2523.78	135.3	111.58
PTHR19375	13523.01	13213.33	15966.07	1683.06	1387.97
PTHR12725	5046.5	4860.7	360.0	58.76	48.45
PTHR13890	7239.1	6991.34	610.0	96.14	79.27
PTHR22883	10222.64	9974.88	493.27	46.41	38.26
PTHR22880	9704.14	9425.41	451.93	60.96	50.29
PTHR12542	2413.0	2320.1	118.0	18.47	15.23
PTHR12124	2679.0	2617.06	78.0	8.5	7.01
PTHR21512	2713.0	2651.06	134.0	14.25	11.75
PTHR30508	3786.0	3724.06	2240.25	165.41	136.41
PTHR30502	1508.0	1477.03	162.0	16.9	13.94
PTHR10617	10585.68	10337.94	12057.71	792.25	653.34
PTHR10615	6293.0	6138.15	507.95	61.09	50.39
PTHR13527	1540.0	1509.03	481.0	49.11	40.5
PTHR22958	6277.07	6184.16	7476.48	529.46	436.64
PTHR22951	1437.69	1406.72	142.0	15.56	12.83
PTHR22950	36099.17	35355.88	7088.01	437.12	360.46
PTHR22953	19645.08	19366.35	6029.57	455.13	375.35
PTHR22952	12757.42	12602.57	6891.59	384.28	316.9
PTHR22957	13702.08	13392.38	1075.0	106.77	88.03
PTHR21600	1591.0	1560.03	224.0	22.12	18.24
PTHR24056	15702.68	15423.94	1725.65	149.27	123.11
PTHR24054	1353.0	1322.03	374.97	43.73	36.07
PTHR24055	12812.93	12565.16	2005.97	164.54	135.7
PTHR24058	6382.97	6197.16	448.0	64.86	53.5
PTHR10766	10140.0	10047.09	2991.04	150.37	124.0
PTHR10762	2991.09	2929.14	195.0	22.02	18.17
PTHR30031	5976.44	5790.61	6901.87	432.88	356.99
PTHR12945	2848.54	2786.59	146.0	14.18	11.7
PTHR12944	1720.35	1658.41	58.0	9.27	7.65
PTHR24128	9222.1	9067.25	949.0	59.22	48.84
PTHR13096	2301.81	2239.86	222.0	30.45	25.11
PTHR11365	3359.57	3328.6	262.0	12.09	9.97
PTHR10548	4162.53	4038.65	1762.01	286.34	236.15
PTHR11817	9285.06	9161.18	2844.09	189.51	156.28
PTHR11814	10170.05	9860.38	1324.01	136.99	112.98
PTHR11363	1439.0	1408.03	21883.13	2395.36	1975.39
PTHR10543	7764.0	7547.22	3001.01	306.06	252.41
PTHR10540	3632.43	3539.52	894.0	109.91	90.64
PTHR13931	3296.09	3203.19	399.04	54.92	45.29
PTHR12965	3036.0	2974.06	170.0	16.01	13.2
PTHR10544	658.45	627.47	4006.66	991.93	818.02
PTHR11562	3975.22	3851.35	231.99	37.22	30.7
PTHR11566	18019.0	17833.18	2550.0	125.66	103.63
PTHR11567	4883.8	4790.89	772.0	71.94	59.33
PTHR11564	5195.0	5040.15	484.23	65.17	53.74
PTHR11962	4310.0	4217.1	481.0	34.62	28.55
PTHR11963	4257.09	4164.18	1504.0	121.44	100.15
PTHR10381	8441.86	8194.1	10870.2	1414.7	1166.67
PTHR10383	4774.52	4712.57	962.97	55.09	45.43
PTHR11705	1231.0	1200.03	33.0	4.24	3.5
PTHR11702	9542.98	9326.19	1156.29	116.54	96.11
PTHR11700	1379.0	1317.06	11304.33	2819.32	2325.03
PTHR10388	855.0	824.03	1893.0	355.67	293.31
PTHR11709	8003.88	7849.04	543.0	26.6	21.93
PTHR10145	4981.0	4919.06	492.0	28.95	23.87
PTHR23273	4114.88	4052.93	506.0	35.28	29.1
PTHR23270	5957.35	5740.57	325.0	55.49	45.77
PTHR23050	3435.0	3311.12	3010.0	523.82	431.98
PTHR23056	1987.0	1925.06	247.0	36.76	30.32
PTHR23054	1172.0	1141.03	154.0	20.83	17.18
PTHR11638	13858.19	13579.46	17438.28	873.68	720.5
PTHR31783	5563.0	5532.03	1473.0	40.84	33.68
PTHR23291	4333.72	4271.78	1196.0	104.79	86.42
PTHR11630	17361.64	17082.9	767.0	57.98	47.83
PTHR11140	4008.0	3977.03	932.99	36.0	29.69
PTHR11141	3167.0	3136.03	757.0	37.07	30.57
PTHR11142	6221.0	6004.21	334.0	58.7	48.42
PTHR11380	460.0	429.03	71.0	25.87	21.34
PTHR11384	10017.06	9707.37	725.0	102.57	84.56
PTHR32477	2054.0	2023.03	58.0	4.41	3.64
PTHR14043	1196.0	1134.07	19.0	4.91	4.06
PTHR32472	1795.68	1733.74	67.0	11.45	9.44
PTHR31658	1728.0	1666.06	61.0	11.43	9.43
PTHR14269	3738.49	3645.58	649.0	81.76	67.43
PTHR22884	18073.43	17639.83	1378.0	138.36	114.12
PTHR23125	33814.61	33133.27	3485.76	287.5	237.09
PTHR12050	3349.0	3318.03	201.0	9.3	7.67
PTHR19879	2112.0	2050.06	32.0	5.12	4.22
PTHR19211	14286.47	13883.86	2766.43	394.24	325.12
PTHR12547	5105.0	4950.15	701.0	69.24	57.11
PTHR12608	3283.06	3190.16	624.0	70.45	58.09
PTHR12604	1325.32	1294.35	307.0	36.57	30.16
PTHR12603	3307.0	3245.06	336.0	34.79	28.68
PTHR32091	1512.0	1481.03	336.0	34.96	28.83
PTHR32098	3876.0	3752.13	382.89	106.53	87.86
PTHR18763	1558.0	1527.03	258.0	26.03	21.46
PTHR22726	5695.0	5571.12	978.0	78.64	64.85
PTHR22727	3835.0	3804.03	385.0	15.53	12.81
PTHR12428	5057.61	4933.72	2924.0	217.77	179.59
PTHR18968	11232.0	10984.24	21278.73	1370.6	1130.3
PTHR12735	2910.0	2817.09	1087.2	179.31	147.87
PTHR15020	7487.68	7301.85	3043.0	322.48	265.95
PTHR12049	1991.5	1929.56	106.0	14.75	12.16
PTHR12558	4641.0	4548.09	427.0	37.68	31.06
PTHR12553	7244.89	7059.07	549.0	63.55	52.4
PTHR24072	2621.0	2590.03	246.0	14.6	12.04
PTHR11477	2985.0	2892.09	259.0	32.08	26.45
PTHR24073	12433.33	12092.66	4965.51	637.31	525.57
PTHR21569	1462.0	1400.06	7403.99	1879.52	1550.0
PTHR10491	1185.0	1154.03	66.0	8.83	7.28
PTHR21567	6031.0	5907.12	332.0	22.52	18.58
PTHR13950	3750.45	3719.47	151.0	6.23	5.14
PTHR12133	1044.88	1013.9	42.0	6.4	5.28
PTHR10972	7734.0	7610.12	1189.98	94.88	78.24
PTHR10606	975.0	913.06	32.0	11.07	9.13
PTHR10971	8130.03	8037.12	2076.57	108.65	89.6
PTHR13393	986.0	955.03	28.0	4.53	3.74
PTHR13395	1403.0	1341.06	38.0	8.15	6.71
PTHR11680	4894.5	4801.58	14521.39	1608.84	1326.78
PTHR22893	6004.68	5849.84	903.02	65.27	53.82
PTHR10778	5100.0	4976.12	419.0	43.21	35.64
PTHR24064	11287.24	11132.37	2143.19	143.35	118.21
PTHR24063	16845.34	16473.71	4158.85	348.48	287.35
PTHR21011	1933.0	1871.06	8440.0	1198.38	988.28
PTHR10772	2995.0	2902.09	2025.0	310.46	256.03
PTHR10774	13967.76	13627.1	6165.6	815.19	672.26
PTHR24068	2443.0	2381.06	1512.9	219.96	181.39
PTHR12959	2012.91	1981.93	815.0	63.26	52.17
PTHR24115	49384.34	48703.02	6252.04	283.3	233.62
PTHR10961	1864.0	1802.06	35.0	6.0	4.96
PTHR11825	9274.31	9088.48	1353.0	116.83	96.37
PTHR11822	2452.0	2421.03	1614.07	102.47	84.51
PTHR10803	1632.0	1570.06	143.0	27.58	22.75
PTHR10806	751.0	720.03	151.0	32.52	26.82
PTHR10804	12745.44	12528.65	3963.72	405.76	334.62
PTHR11556	4467.0	4374.09	2815.02	285.6	235.53
PTHR11558	1273.0	1242.03	779.0	96.75	79.79
PTHR13773	4778.0	4716.06	987.26	103.8	85.61
PTHR10537	1824.0	1793.03	13.0	1.12	0.92
PTHR11953	3036.0	2912.12	195.0	37.75	31.13
PTHR11952	6595.33	6502.42	1791.18	135.72	111.93
PTHR11956	2215.0	2184.03	2101.93	147.99	122.04
PTHR11959	3036.0	2974.06	406.0	35.68	29.42
PTHR11739	3810.0	3748.06	525.15	40.16	33.12
PTHR11732	26256.73	25699.27	8786.85	839.26	692.12
PTHR11731	8093.21	7876.41	886.9	93.07	76.75
PTHR11730	15255.79	14915.15	6787.92	469.48	387.18
PTHR11735	2340.0	2278.06	173.0	21.72	17.92
PTHR10394	1371.0	1309.06	11217.57	2090.31	1723.83
PTHR20941	1546.0	1453.1	35.0	11.64	9.6
PTHR31065	3903.89	3841.95	4652.16	279.03	230.11
PTHR13600	8159.8	8035.92	470.0	44.65	36.83
PTHR31066	3024.0	2993.03	407.0	20.89	17.22
PTHR13604	1561.0	1530.03	12.0	1.21	1.0
PTHR23264	6669.24	6576.32	2054.07	115.11	94.93
PTHR23269	1834.0	1803.03	134.0	11.44	9.43
PTHR31204	1388.0	1357.03	42.0	4.77	3.93
PTHR31201	4528.0	4466.06	325.0	22.98	18.94
PTHR31209	1219.06	1188.08	160.62	20.86	17.2
PTHR11607	2133.0	2102.03	158.0	11.56	9.53
PTHR15074	740.0	709.03	8.0	1.75	1.44
PTHR11601	8432.0	8246.18	1662.07	136.04	112.2
PTHR32467	10741.42	10462.7	719.0	41.83	34.48
PTHR14255	11293.08	11045.31	669.0	89.66	73.95
PTHR31840	694.0	663.03	18.0	4.21	3.48
PTHR23130	1784.15	1753.18	396.0	34.77	28.67
PTHR23133	1304.0	1273.03	648.0	78.51	64.74
PTHR23135	5019.63	4957.69	18854.38	659.06	543.51
PTHR23138	2392.0	2330.06	962.0	125.56	103.54
PTHR23139	11955.67	11707.91	3199.0	375.94	310.03
PTHR31682	1615.0	1584.03	323.0	31.41	25.9
PTHR11040	1808.0	1715.1	563.0	87.57	72.22
PTHR11043	832.0	801.03	113.0	21.85	18.02
PTHR11042	6443.0	6319.12	83.0	6.96	5.74
PTHR11048	4541.11	4417.23	1938.99	445.74	367.58
PTHR14005	3537.0	3506.03	630.0	27.59	22.75
PTHR15818	1419.0	1357.06	92.0	19.67	16.22
PTHR12636	1097.0	1066.03	184.0	26.66	21.98
PTHR14490	2127.43	2034.51	771.0	116.7	96.24
PTHR14493	23110.84	22770.16	13946.97	809.75	667.79
PTHR15651	2606.09	2575.11	104.0	6.21	5.12
PTHR12380	3739.0	3615.12	932.05	128.63	106.09
PTHR12385	6491.6	6367.71	2881.92	239.68	197.66
PTHR12706	7277.87	7123.02	203.0	20.56	16.96
PTHR12709	1652.0	1590.06	191.0	40.38	33.3
PTHR12561	794.0	763.03	46.0	9.34	7.7
PTHR12560	3251.0	3189.06	740.0	69.46	57.28
PTHR11203	6007.59	5914.67	1411.0	73.03	60.23
PTHR12097	4051.0	4020.03	758.09	28.94	23.87
PTHR11200	9315.48	9129.66	1292.0	95.96	79.14
PTHR21576	4753.0	4660.09	756.0	81.21	66.97
PTHR10046	5187.99	5033.16	404.0	86.31	71.18
PTHR12419	4190.0	4066.12	383.0	56.79	46.83
PTHR23338	5060.0	5029.03	419.01	12.78	10.54
PTHR30525	1707.0	1676.03	842.0	77.35	63.79
PTHR12413	3253.24	3191.29	174.0	16.08	13.26
PTHR12411	63572.04	62457.12	25822.56	1789.7	1475.91
PTHR23339	3746.0	3653.09	73.0	9.77	8.05
PTHR10947	4612.89	4550.95	1279.0	85.68	70.65
PTHR21717	694.0	663.03	7.0	1.64	1.35
PTHR21712	2704.0	2642.06	318.0	32.24	26.59
PTHR12897	3235.0	3173.06	109.0	10.65	8.78
PTHR12894	5659.0	5504.15	230.0	34.68	28.61
PTHR12891	1045.0	1014.03	7.0	1.07	0.88
PTHR22976	8676.8	8490.97	8377.31	598.41	493.48
PTHR22975	11939.41	11722.63	11841.86	558.09	460.24
PTHR22970	2189.0	2127.06	161.0	17.11	14.11
PTHR14145	3013.0	2951.06	874.0	89.25	73.59
PTHR21377	863.0	832.03	55.0	10.23	8.44
PTHR21371	2164.0	2133.03	8141.54	586.98	484.07
PTHR21373	2045.0	1952.1	72.0	15.3	12.62
PTHR22573	7717.49	7593.6	2615.52	230.03	189.7
PTHR22572	12756.66	12539.86	7520.7	549.01	452.75
PTHR13060	1675.0	1644.03	131.0	12.27	10.12
PTHR21000	2317.56	2286.58	2368.61	159.26	131.33
PTHR10701	1171.0	1140.03	415.1	56.2	46.35
PTHR13162	7454.0	7423.03	1092.48	22.56	18.61
PTHR13165	1540.17	1509.19	169.0	17.25	14.23
PTHR21396	1678.0	1616.06	302.0	57.68	47.56
PTHR13069	3065.0	3003.06	61.02	5.39	4.44
PTHR13068	8033.1	7847.28	3004.31	343.23	283.05
PTHR24106	5426.0	5333.09	586.05	51.77	42.69
PTHR24103	3674.0	3550.12	486.0	74.74	61.63
PTHR11540	4555.0	4400.15	5795.99	723.54	596.69
PTHR10836	4144.0	4020.13	34232.02	3671.81	3028.05
PTHR10835	2444.0	2413.03	2290.91	145.93	120.34
PTHR11545	2518.0	2425.09	14413.21	2512.81	2072.26
PTHR10012	1488.12	1457.14	141.0	14.91	12.3
PTHR13768	2914.0	2852.06	524.0	58.75	48.45
PTHR24078	14064.74	13755.05	1270.0	142.05	117.15
PTHR11946	21862.01	21521.33	7729.4	569.09	469.33
PTHR11947	4326.0	4264.06	1425.84	94.2	77.69
PTHR11941	10956.29	10708.55	1418.23	125.84	103.78
PTHR10497	2064.0	2033.03	9879.15	747.45	616.4
PTHR10496	307.0	276.04	0.0	0.0	0.0
PTHR24076	24225.28	23636.86	6030.12	486.36	401.08
PTHR24077	16992.72	16528.17	2055.28	243.55	200.82
PTHR11728	6332.11	6239.19	1236.94	95.14	78.47
PTHR11726	963.0	932.03	8780.07	1456.68	1201.29
PTHR11727	3331.0	3238.09	277.14	43.8	36.12
PTHR11721	781.0	750.03	7254.57	1499.12	1236.29
PTHR11722	893.0	862.03	5674.69	1018.72	840.11
PTHR10120	1841.0	1810.03	1486.08	126.36	104.2
PTHR10122	1212.0	1181.03	5451.0	712.24	587.37
PTHR11831	938.0	907.03	9617.03	1639.95	1352.42
PTHR11835	1842.0	1811.03	445.0	37.82	31.19
PTHR11614	1693.27	1662.3	556.0	51.5	42.47
PTHR11615	17834.77	17308.3	10545.38	1046.26	862.82
PTHR11618	5003.49	4879.6	583.0	62.22	51.31
PTHR32419	2061.0	2030.03	186.0	14.09	11.62
PTHR10231	3333.26	3240.35	291.0	31.69	26.14
PTHR10233	8209.41	8054.56	1502.0	149.04	122.91
PTHR31503	5563.11	5439.22	1179.0	126.33	104.19
PTHR23147	1997.57	1935.63	731.0	118.45	97.68
PTHR23140	2278.09	2216.15	133.0	18.33	15.11
PTHR23142	2740.28	2678.34	229.9	24.01	19.8
PTHR23149	1541.0	1479.06	152.95	36.13	29.8
PTHR23148	819.15	788.17	76.0	14.94	12.32
PTHR11361	13409.54	13099.86	964.0	74.24	61.22
PTHR11056	3123.44	3061.49	900.0	97.59	80.48
PTHR11055	5348.21	5255.29	2022.99	186.28	153.61
PTHR32251	4309.32	4216.41	639.0	68.66	56.62
PTHR31695	2265.0	2203.06	119.0	18.19	15.0
PTHR11819	3820.0	3758.06	5716.07	260.27	214.64
PTHR22767	6244.0	6120.12	321.0	32.87	27.1
PTHR22765	8995.0	8840.16	2673.02	190.63	157.21
PTHR12629	1743.0	1712.03	1025.07	92.18	76.01
PTHR18945	4416.68	4323.76	747.0	59.2	48.82
PTHR26402	18791.36	18481.69	4405.55	217.2	179.12
PTHR19384	8284.0	8067.21	5038.4	571.16	471.02
PTHR12714	6150.76	6026.88	2063.0	219.25	180.82
PTHR32523	1434.0	1403.03	132.0	14.5	11.96
PTHR12570	4013.83	3920.91	326.0	34.57	28.51
PTHR21494	2138.0	2076.06	67.0	9.91	8.17
PTHR21145	3482.17	3420.22	209.0	17.31	14.28
PTHR21496	3471.0	3347.12	1563.0	323.84	267.06
PTHR21493	38109.72	37273.54	5601.38	519.39	428.31
PTHR21499	3755.48	3693.54	2809.03	128.5	105.97
PTHR21148	4302.0	4178.12	417.0	56.46	46.55
PTHR12083	2128.0	2066.06	67.0	10.75	8.86
PTHR19854	5478.29	5385.38	273.0	15.91	13.11
PTHR30535	5663.31	5570.4	2975.0	252.02	207.83
PTHR19855	3505.0	3443.06	1243.13	105.98	87.41
PTHR19852	1270.0	1239.03	113.0	14.07	11.6
PTHR16128	3751.23	3658.33	571.0	64.21	52.96
PTHR12400	3730.59	3668.65	213.0	14.09	11.62
PTHR13572	1877.07	1846.09	97.0	8.09	6.67
PTHR30314	6467.0	6343.12	1346.86	99.88	82.36
PTHR12882	688.0	657.03	93.0	21.97	18.12
PTHR12883	1449.0	1418.03	278.0	30.21	24.92
PTHR16255	6790.0	6666.12	1061.0	93.06	76.74
PTHR16254	7882.0	7789.09	2076.0	123.19	101.59
PTHR13373	1546.0	1515.03	98.0	9.97	8.22
PTHR13375	1448.0	1417.03	144.0	15.66	12.92
PTHR22967	1291.0	1260.03	25.0	3.06	2.52
PTHR10150	3870.08	3777.17	91.0	11.2	9.23
PTHR30222	1593.0	1562.03	64.0	6.31	5.2
PTHR13115	2358.0	2327.03	212.0	14.01	11.55
PTHR13117	1932.0	1901.03	504.0	40.79	33.64
PTHR13285	1761.0	1668.09	5.0	1.49	1.23
PTHR13288	1305.0	1274.03	61.0	7.38	6.09
PTHR10953	16533.06	16192.38	2768.66	170.68	140.77
PTHR10954	1974.0	1912.06	74.0	11.98	9.88
PTHR21726	709.62	678.64	18.0	4.12	3.39
PTHR10956	1380.0	1349.03	11633.0	1329.43	1096.35
PTHR10826	1172.0	1141.03	804.0	108.76	89.7
PTHR11533	7564.0	7471.09	1948.05	97.47	80.39
PTHR11532	3802.0	3647.15	1023.0	199.41	164.46
PTHR10000	5951.44	5858.52	821.0	63.52	52.38
PTHR13021	1362.06	1331.09	142.0	16.45	13.56
PTHR10108	51624.08	50540.12	30240.96	2650.5	2185.77
PTHR24007	4228.79	4166.85	311.0	21.78	17.95
PTHR24006	26991.83	26403.37	2025.03	210.16	173.32
PTHR24003	31672.2	30866.97	15644.86	1255.94	1035.75
PTHR31446	1048.0	1017.03	190.0	28.86	23.8
PTHR31190	3974.72	3881.81	1012.0	93.1	76.77
PTHR11441	1551.0	1520.03	354.0	35.88	29.59
PTHR11440	2341.0	2279.06	504.94	54.14	44.64
PTHR11999	7881.05	7726.19	3363.88	208.3	171.78
PTHR11998	5138.0	5045.09	1444.0	138.59	114.29
PTHR11449	888.99	827.06	14080.09	5361.85	4421.79
PTHR11994	754.0	723.03	10592.33	2271.58	1873.32
PTHR10133	13272.89	13087.07	2527.01	110.43	91.08
PTHR13620	10196.0	9948.24	494.0	67.75	55.86
PTHR11847	800.0	769.03	9831.04	1980.76	1633.48
PTHR11843	692.0	661.03	8750.82	2055.03	1694.73
PTHR11661	3035.0	2942.09	9750.31	1645.68	1357.16
PTHR11662	21643.88	21272.24	11111.76	464.94	383.42
PTHR11669	5576.0	5452.12	344.0	36.63	30.22
PTHR11668	10846.0	10567.27	5772.39	666.32	549.5
PTHR20856	9683.51	9497.69	1460.0	106.01	87.42
PTHR20854	5888.0	5733.15	893.92	114.66	94.55
PTHR20855	2886.0	2824.06	317.0	35.22	29.04
PTHR20852	4878.18	4754.3	4551.91	410.01	338.12
PTHR32404	3060.33	2998.39	827.0	85.96	70.89
PTHR20858	3584.0	3491.09	1471.0	182.95	150.88
PTHR10634	697.0	666.03	243.0	56.63	46.7
PTHR14237	9252.06	9035.3	1297.0	81.61	67.3
PTHR11143	816.0	785.03	9355.37	1846.07	1522.41
PTHR23155	158417.98	155259.04	17985.83	1334.18	1100.22
PTHR23153	6915.13	6698.34	960.0	161.01	132.78
PTHR23151	7588.9	7310.19	1120.69	182.53	150.53
PTHR11063	3315.0	3253.06	763.0	72.54	59.82
PTHR11062	21429.66	20996.08	1645.0	97.11	80.07
PTHR11061	3876.0	3690.2	183.0	37.8	31.18
PTHR11065	3985.89	3892.98	1410.87	151.94	125.29
PTHR11064	2059.79	1997.85	598.83	63.8	52.62
PTHR11260	14809.02	14530.3	6092.95	484.84	399.84
PTHR11264	1501.39	1470.41	139.0	14.57	12.01
PTHR11266	11872.41	11562.71	4848.91	505.05	416.51
PTHR13501	779.0	748.03	3273.44	678.27	559.35
PTHR31998	5891.0	5798.09	20467.2	999.22	824.03
PTHR31221	2957.16	2895.21	269.0	28.61	23.59
PTHR15838	982.0	920.07	10.0	2.92	2.41
PTHR32338	1527.0	1496.03	516.99	53.24	43.91
PTHR31407	3578.0	3485.09	4394.67	598.75	493.77
PTHR15744	1126.46	1064.52	65.0	17.38	14.34
PTHR20932	1496.98	1466.01	247.0	25.96	21.41
PTHR18952	1776.0	1745.03	27.0	2.38	1.96
PTHR10552	1229.0	1198.03	233.0	30.01	24.75
PTHR25040	6398.0	6274.12	1606.05	111.12	91.63
PTHR12765	1200.0	1138.06	55.0	14.69	12.12
PTHR12505	3142.0	3080.06	167.0	18.59	15.33
PTHR21481	2826.0	2764.06	41.0	4.54	3.75
PTHR22778	5034.0	4879.15	776.0	73.81	60.87
PTHR19446	12828.24	12642.41	17290.58	872.52	719.55
PTHR12219	2912.0	2881.03	4601.05	245.32	202.31
PTHR13561	5233.0	5140.08	169.0	14.82	12.22
PTHR13563	973.66	942.68	69.0	11.32	9.33
PTHR12210	4326.0	4264.06	1414.48	101.52	83.72
PTHR12215	1294.0	1232.06	14.0	3.3	2.73
PTHR12214	1993.0	1962.03	91.0	7.14	5.88
PTHR12189	1085.0	1023.06	29.0	8.55	7.05
PTHR22911	7476.4	7290.58	1409.0	145.91	120.32
PTHR11926	2383.0	2321.06	113.0	15.14	12.48
PTHR19842	1791.0	1760.03	141.0	12.33	10.17
PTHR12183	2144.4	2082.46	237.0	36.09	29.77
PTHR19849	2217.0	2155.06	147.0	21.17	17.46
PTHR21152	4999.85	4844.98	1785.04	326.56	269.31
PTHR19861	1045.0	1014.03	122.0	18.59	15.33
PTHR30075	4129.0	4005.12	1378.0	222.45	183.46
PTHR11632	8575.14	8389.33	6303.58	374.53	308.86
PTHR13102	2329.13	2236.22	128.0	26.19	21.6
PTHR12984	4271.18	4209.24	230.0	16.75	13.82
PTHR23293	6373.0	6249.12	3452.0	305.74	252.14
PTHR13299	1724.0	1693.03	219.0	19.91	16.42
PTHR12652	3473.0	3411.06	442.0	40.57	33.45
PTHR10925	2662.0	2631.03	878.98	51.33	42.33
PTHR10920	5135.0	4980.15	838.0	126.69	104.49
PTHR10584	23917.16	23421.65	7880.13	550.11	453.67
PTHR11527	2134.3	2041.41	52.0	13.74	11.33
PTHR11525	1644.0	1613.03	560.0	53.46	44.09
PTHR10859	4005.0	3881.12	366.0	58.51	48.25
PTHR10589	4319.51	4257.57	551.0	35.05	28.91
PTHR10588	5698.38	5512.56	295.0	40.81	33.65
PTHR13038	2309.0	2278.03	107.0	7.22	5.96
PTHR13748	7716.69	7530.87	2051.86	193.15	159.29
PTHR12126	2857.16	2795.21	3024.14	330.66	272.69
PTHR13743	13938.0	13783.15	549.0	28.85	23.8
PTHR24015	48387.44	47427.4	17631.84	1200.67	990.22
PTHR24012	37598.84	36762.65	11600.48	1556.26	1283.43
PTHR24011	35521.97	34809.67	21410.78	1836.28	1514.31
PTHR31187	8803.0	8679.12	6948.55	395.12	325.85
PTHR10459	6341.88	6187.01	572.0	76.54	63.13
PTHR10458	2043.0	1981.06	212.0	50.41	41.57
PTHR11986	15119.45	14840.72	5430.99	392.76	323.89
PTHR11455	6412.0	6257.17	776.0	101.68	83.85
PTHR10102	3400.0	3338.06	225.0	20.9	17.24
PTHR11458	1860.0	1798.07	875.0	89.87	74.11
PTHR10106	886.0	855.03	140.0	25.34	20.9
PTHR31057	2510.99	2418.08	252.0	39.29	32.4
PTHR21141	2842.0	2749.09	15576.52	3169.91	2614.15
PTHR11851	16936.56	16595.89	15471.92	1019.79	841.0
PTHR23092	3863.0	3770.09	202.01	23.46	19.34
PTHR23091	11528.26	11156.62	2085.96	256.01	211.13
PTHR11673	999.0	968.03	10332.93	1649.97	1360.69
PTHR11670	8268.5	8082.68	9338.32	647.33	533.83
PTHR11671	1576.0	1545.03	957.0	95.41	78.68
PTHR20863	3663.0	3570.09	5686.08	896.7	739.48
PTHR20861	3582.0	3520.06	720.0	58.92	48.59
PTHR11679	7279.7	7186.78	814.0	54.1	44.62
PTHR14009	5726.33	5664.39	1541.0	86.78	71.56
PTHR10217	9598.7	9412.88	579.0	40.21	33.17
PTHR10210	5888.44	5826.5	2369.84	119.37	98.44
PTHR31522	1599.0	1568.03	388.02	38.11	31.43
PTHR14221	2100.0	2069.03	242.0	17.99	14.84
PTHR23163	3206.0	3144.06	170.0	18.7	15.42
PTHR11079	5400.0	5214.19	540.0	71.7	59.13
PTHR11076	7203.59	6862.94	64.0	16.24	13.4
PTHR11070	5346.0	5253.09	195.0	11.08	9.14
PTHR11071	24312.87	23569.59	25870.64	2918.16	2406.51
PTHR11278	1059.0	1028.03	7722.25	1160.49	957.03
PTHR14107	1473.9	1442.92	182.99	19.54	16.12
PTHR11276	6385.0	6261.12	181.0	10.27	8.47
PTHR11274	2920.0	2858.06	131.0	13.2	10.89
PTHR14136	4896.93	4773.04	8242.12	1114.47	919.08
PTHR31984	3316.0	3254.06	805.05	72.54	59.82
PTHR15350	2649.0	2587.06	675.0	67.3	55.5
PTHR15606	2714.0	2652.06	128.0	14.3	11.79
PTHR12374	3291.97	3230.03	297.0	28.97	23.88
PTHR12375	1863.0	1801.06	137.0	23.45	19.35
PTHR12378	1094.0	1063.03	91.0	13.22	10.9
PTHR18929	16918.11	16515.49	8230.42	1052.86	868.25
PTHR13976	2294.0	2232.06	189.0	25.44	20.98
PTHR12777	676.0	645.03	847.93	204.13	168.34
PTHR12775	2761.0	2699.06	859.22	97.02	80.01
PTHR12770	6739.34	6553.52	675.78	69.65	57.43
PTHR20981	722.0	691.03	8994.08	2019.29	1665.26
PTHR14085	1723.0	1692.03	123.0	11.19	9.23
PTHR16092	1717.0	1655.06	148.0	30.19	24.9
PTHR11035	3295.0	3233.06	173.0	23.2	19.13
PTHR22298	3528.0	3497.03	89.0	3.91	3.22
PTHR12174	5488.92	5396.0	1132.0	83.82	69.12
PTHR12175	1825.0	1794.03	203.0	17.42	14.36
PTHR12176	967.0	936.03	52.0	8.59	7.08
PTHR22769	8794.38	8515.64	768.0	122.58	101.07
PTHR10293	3109.75	2954.91	2782.71	415.06	342.29
PTHR12403	2746.0	2684.06	419.0	50.91	41.99
PTHR22762	6812.92	6750.98	801.0	36.35	29.97
PTHR22763	1619.0	1557.06	54.0	10.76	8.88
PTHR22761	3461.78	3368.86	1924.0	233.72	192.75
PTHR21231	1242.0	1211.03	103.0	13.12	10.82
PTHR21230	3227.0	3134.09	1007.0	131.27	108.25
PTHR21234	2627.33	2565.39	317.0	42.08	34.71
PTHR21237	1404.0	1373.03	840.0	94.31	77.77
PTHR12202	2266.0	2173.09	144.0	33.59	27.7
PTHR12203	6154.12	6092.17	2515.11	159.66	131.67
PTHR19857	1619.89	1588.92	261.0	25.3	20.86
PTHR13355	4035.51	3942.6	1712.23	178.0	146.79
PTHR13353	2848.0	2786.06	160.01	17.71	14.61
PTHR19853	3158.0	3096.06	189.0	19.28	15.9
PTHR12197	12877.58	12474.96	699.0	94.85	78.22
PTHR19858	861.0	830.03	45.0	8.39	6.92
PTHR11932	13977.0	13791.18	1730.11	115.31	95.1
PTHR13822	1460.0	1429.03	1642.0	177.08	146.03
PTHR13271	21723.27	21258.72	1955.49	192.54	158.79
PTHR13138	3131.77	3069.83	167.0	16.94	13.97
PTHR10732	1270.0	1208.06	7988.56	1648.43	1359.41
PTHR10738	2351.17	2289.22	102.0	12.09	9.97
PTHR10739	3541.0	3479.06	705.0	57.46	47.38
PTHR12992	1823.0	1792.03	160.0	13.74	11.33
PTHR22838	4071.55	4009.61	340.0	27.58	22.74
PTHR22881	3058.0	2996.06	209.04	21.6	17.82
PTHR22836	1907.17	1876.2	150.0	12.3	10.15
PTHR22960	2735.0	2673.06	745.0	91.26	75.27
PTHR11934	2258.0	2196.06	412.0	57.54	47.46
PTHR10693	1638.0	1576.06	167.0	32.32	26.65
PTHR10938	1030.0	999.03	120.0	18.56	15.31
PTHR10934	911.0	880.03	9968.37	1752.54	1445.28
PTHR11510	1633.0	1602.03	1081.71	103.99	85.75
PTHR11516	5748.0	5655.09	2513.0	184.3	152.0
PTHR10025	2235.22	2173.28	681.08	94.64	78.04
PTHR10026	7149.88	6995.02	939.19	102.84	84.81
PTHR10027	3449.0	3387.06	112.0	9.78	8.06
PTHR13009	493.0	462.03	30.0	10.14	8.36
PTHR13007	2442.69	2380.75	455.0	52.11	42.97
PTHR30115	7308.0	7215.09	1122.0	123.34	101.72
PTHR11863	1915.62	1853.7	181.0	22.3	18.39
PTHR17901	3151.47	3089.53	811.7	83.93	69.22
PTHR24351	5442.41	5380.47	1257.0	71.05	58.6
PTHR20982	1025.0	994.03	441.0	68.56	56.54
PTHR24352	1156.0	1094.06	46.0	12.93	10.66
PTHR11467	1184.0	1153.03	414.0	55.42	45.7
PTHR10119	7762.0	7669.09	3284.59	196.12	161.73
PTHR10343	3038.0	2945.09	532.0	74.6	61.51
PTHR10114	808.0	777.03	9134.04	1821.17	1501.87
PTHR10110	15935.92	15626.22	810.0	83.55	68.89
PTHR11469	3956.78	3863.88	2853.76	246.82	203.54
PTHR10598	1542.0	1511.03	24.0	2.45	2.02
PTHR24286	5055.0	4993.06	1007.0	61.85	51.01
PTHR11864	6473.29	6318.44	1836.01	172.68	142.41
PTHR23426	1126.24	1095.26	396.0	55.83	46.04
PTHR10593	4609.0	4516.09	1398.01	128.06	105.61
