GeneFamily	length	effective_length	expected_count	TPM	FPKM
PTHR11649	9782.24	9457.2	1477.93	249.85	273.21
PTHR31089	487.0	457.45	20.33	7.68	8.4
PTHR31085	2585.0	2496.35	325.0	65.95	72.11
PTHR11647	1594.0	1564.45	167.0	18.19	19.89
PTHR11645	551.0	521.45	202.0	66.8	73.04
PTHR11880	1204.0	1144.9	6219.0	1825.92	1996.51
PTHR11885	1070.0	1040.45	3865.01	635.06	694.39
PTHR10209	3636.0	3547.35	119.02	13.66	14.93
PTHR32429	3342.0	3223.81	6485.42	775.84	848.32
PTHR12403	2193.63	2134.53	261.0	37.86	41.4
PTHR31423	4228.0	4168.9	1189.08	60.91	66.59
PTHR31551	417.0	387.45	86.0	38.5	42.1
PTHR32195	2769.0	2680.35	187.98	22.2	24.28
PTHR11081	5554.0	5406.25	288.0	48.33	52.85
PTHR11080	2157.0	2097.9	482.0	63.34	69.26
PTHR11082	5759.0	5581.71	228.0	42.05	45.98
PTHR11085	4885.51	4737.76	1212.0	180.64	197.52
PTHR11089	8500.41	8234.47	1293.0	206.17	225.42
PTHR32518	3100.0	3040.9	395.0	37.89	41.43
PTHR11247	1447.0	1417.45	591.0	71.11	77.75
PTHR32512	811.0	751.91	44.0	20.12	22.0
PTHR23088	6341.0	6193.25	1020.08	142.4	155.72
PTHR23089	1470.0	1410.9	641.08	146.28	159.94
PTHR23081	5205.09	4998.25	239.0	45.45	49.71
PTHR23083	23838.86	23218.32	1195.03	185.56	202.9
PTHR23084	5600.0	5452.25	1185.0	95.8	104.74
PTHR23086	3422.0	3274.27	101.0	26.16	28.58
PTHR18806	1385.0	1325.9	27.0	6.85	7.49
PTHR31953	4650.96	4532.76	1475.0	132.54	144.92
PTHR15184	10534.0	10327.15	7819.03	709.09	775.33
PTHR15341	530.0	500.45	15.0	5.17	5.66
PTHR32357	543.0	513.45	46.0	15.45	16.9
PTHR15169	1588.0	1528.9	31.0	7.74	8.47
PTHR12341	8211.14	8004.29	519.57	79.62	87.05
PTHR15160	4520.67	4432.03	483.0	89.17	97.49
PTHR18937	8621.69	8355.74	606.0	102.96	112.6
PTHR18934	18128.2	17537.23	2631.55	288.49	315.44
PTHR12742	2111.47	2052.37	445.0	74.12	81.04
PTHR12741	731.0	701.45	245.0	59.97	65.57
PTHR19288	5147.0	4969.7	1214.11	149.24	163.18
PTHR12975	3436.0	3288.25	52.0	16.34	17.86
PTHR13902	2937.23	2819.04	496.67	100.23	109.6
PTHR13903	883.36	853.81	98.0	19.66	21.5
PTHR22753	4360.0	4241.8	92.0	14.69	16.06
PTHR30615	684.0	654.45	20.0	5.25	5.74
PTHR22939	14812.91	14428.76	1368.0	177.42	194.0
PTHR22938	3664.0	3545.81	204.0	33.01	36.09
PTHR16266	2709.0	2620.35	78.0	18.32	20.04
PTHR30612	6003.0	5914.35	613.07	43.73	47.82
PTHR22932	607.4	577.85	487.9	145.36	158.94
PTHR21228	51702.04	49899.59	5441.97	828.98	906.41
PTHR13343	5405.0	5227.7	960.0	156.5	171.13
PTHR12233	2608.0	2578.45	271.0	17.87	19.54
PTHR22936	3569.0	3480.35	436.0	47.49	51.92
PTHR10993	1412.0	1352.9	51.0	11.24	12.29
PTHR31038	919.01	889.47	74.0	14.24	15.57
PTHR13832	25672.04	24815.16	4099.2	736.82	805.67
PTHR21139	1416.2	1386.65	976.0	120.06	131.27
PTHR21136	4632.37	4514.17	2052.0	296.38	324.08
PTHR12526	38214.82	37416.97	10915.66	961.08	1050.87
PTHR13124	565.0	535.45	30.0	9.66	10.56
PTHR13120	548.0	518.45	61.0	20.29	22.19
PTHR22809	1551.0	1491.9	22.0	4.37	4.78
PTHR22807	6403.0	6107.51	155.0	34.92	38.18
PTHR20661	239.38	209.88	10.0	8.42	9.2
PTHR10900	17375.39	16961.73	12402.55	1620.75	1772.17
PTHR10906	3444.0	3384.9	2376.0	258.22	282.34
PTHR10909	18570.83	18186.69	4234.9	503.28	550.31
PTHR10055	2404.16	2345.07	350.0	51.19	55.97
PTHR10057	2529.12	2440.51	1743.0	332.16	363.18
PTHR10052	736.0	706.45	8787.18	2135.33	2334.82
PTHR13017	981.0	951.45	101.0	18.16	19.86
PTHR13018	15170.13	14845.12	2350.97	170.86	186.81
PTHR10694	2283.18	2194.55	1258.0	170.65	186.59
PTHR12839	2436.58	2318.4	60.0	15.43	16.88
PTHR10954	979.0	949.45	9.0	1.62	1.77
PTHR12835	2032.0	1972.9	37.0	5.67	6.2
PTHR24031	51832.65	50207.58	23019.0	2924.8	3197.98
PTHR24032	1032.0	1002.45	9.0	1.54	1.68
PTHR24349	42315.84	41074.82	8187.71	1175.59	1285.47
PTHR24619	1968.0	1908.9	123.0	15.93	17.42
PTHR24343	15288.0	14756.15	6181.69	714.07	780.79
PTHR11472	5791.27	5643.53	178.0	15.84	17.33
PTHR24347	7132.72	6866.81	579.99	93.82	102.57
PTHR11476	4764.0	4675.35	1114.15	82.32	90.01
PTHR11477	1107.0	1047.9	89.01	24.17	26.42
PTHR10438	16402.0	15929.2	7075.0	1498.61	1638.58
PTHR10476	2397.0	2308.36	832.0	172.9	189.05
PTHR11538	3173.0	3113.9	749.99	82.49	90.2
PTHR24290	2283.0	2194.35	83.0	17.07	18.67
PTHR12730	2753.0	2664.35	216.0	41.33	45.19
PTHR23413	849.0	789.91	10472.9	4645.9	5079.94
PTHR23417	4594.26	4505.62	129.0	15.48	16.94
PTHR23416	5082.0	4934.25	1057.0	151.86	166.05
PTHR23415	1631.0	1571.9	614.18	120.97	132.27
PTHR12736	1542.52	1512.98	187.0	21.07	23.04
PTHR10871	4428.0	4309.8	9639.97	2493.14	2726.06
PTHR23418	744.0	714.45	580.01	139.35	152.37
PTHR10877	6303.52	6067.13	85.0	18.68	20.41
PTHR31096	5384.65	5148.26	2448.74	481.06	526.0
PTHR11655	2081.0	1992.35	16831.79	4080.84	4462.09
PTHR11652	2384.62	2266.43	12289.82	3087.09	3375.5
PTHR20883	3299.0	3239.9	324.0	34.74	37.98
PTHR11895	8660.43	8394.49	593.0	87.57	95.76
PTHR10277	3245.0	3185.9	1072.33	101.43	110.91
PTHR14027	2837.0	2718.81	169.0	36.88	40.34
PTHR13691	1204.25	1145.15	93.0	25.8	28.21
PTHR11246	5887.0	5768.8	544.0	64.58	70.61
PTHR23180	6955.0	6659.5	720.0	147.59	161.37
PTHR14593	2681.0	2533.26	36.0	11.57	12.65
PTHR11093	3316.0	3256.9	818.0	83.76	91.6
PTHR11096	2734.0	2674.9	94.44	12.15	13.29
PTHR23346	7911.0	7822.35	430.0	25.76	28.17
PTHR10309	1233.0	1203.45	42.0	5.96	6.52
PTHR14107	2213.3	2124.67	166.0	30.76	33.63
PTHR11252	4512.0	4393.8	154.0	22.23	24.3
PTHR11254	13628.02	13273.43	1784.0	234.38	256.28
PTHR11255	2621.0	2561.9	611.99	80.64	88.17
PTHR14110	1682.0	1622.9	135.0	27.06	29.59
PTHR14374	1423.0	1393.45	76.0	9.3	10.17
PTHR18838	2224.0	2135.36	124.0	26.13	28.58
PTHR14534	663.0	633.45	45.0	12.21	13.35
PTHR12687	1197.0	1167.45	55.0	8.05	8.8
PTHR15157	4490.0	4371.81	362.0	50.22	54.91
PTHR18901	9213.63	8947.68	793.03	116.16	127.03
PTHR12755	1462.24	1403.16	126.0	20.08	21.96
PTHR12750	5582.64	5316.73	1266.82	262.57	287.1
PTHR12753	1329.0	1299.45	123.0	16.15	17.66
PTHR15081	883.0	823.9	8.0	3.28	3.58
PTHR15574	8961.57	8666.12	406.0	66.15	72.32
PTHR12506	2722.87	2634.23	503.0	84.15	92.01
PTHR24006	20047.74	19397.68	2032.99	300.32	328.35
PTHR12358	305.0	275.46	1.0	0.64	0.69
PTHR22748	3832.43	3684.68	170.96	38.91	42.55
PTHR12356	1607.45	1548.36	247.0	48.37	52.89
PTHR12221	1276.0	1246.45	181.0	24.79	27.1
PTHR21213	860.0	830.45	267.0	55.09	60.23
PTHR19879	2156.87	2038.67	172.0	49.35	53.96
PTHR12226	1034.0	1004.45	124.0	21.11	23.08
PTHR19876	3555.06	3495.96	1143.01	94.68	103.52
PTHR19877	1376.0	1346.45	571.0	72.35	79.11
PTHR31190	1759.26	1700.17	817.25	159.63	174.54
PTHR12538	515.0	485.45	8226.04	2925.85	3199.19
PTHR12537	2209.0	2149.9	244.0	38.61	42.22
PTHR12532	1801.0	1771.45	139.01	13.37	14.61
PTHR13486	1254.0	1224.45	175.0	24.4	26.68
PTHR20275	3906.43	3788.25	1029.0	159.94	174.89
PTHR13489	498.0	468.45	10.0	3.69	4.03
PTHR17583	2530.0	2441.35	128.0	28.17	30.79
PTHR24198	12271.11	11886.97	700.96	104.98	114.78
PTHR10048	4719.69	4571.94	756.0	136.0	148.7
PTHR10046	3072.0	2953.8	176.93	39.88	43.59
PTHR10044	964.0	934.45	146.0	26.74	29.24
PTHR11998	5159.94	5012.2	1095.0	172.19	188.3
PTHR13060	846.0	816.45	5.0	1.05	1.15
PTHR10687	1801.0	1741.9	338.0	77.6	84.85
PTHR13069	3178.13	3059.93	86.0	17.24	18.85
PTHR10681	4096.6	3948.86	4411.12	766.71	838.34
PTHR10682	1586.0	1556.45	296.0	32.42	35.44
PTHR10683	4700.49	4611.84	6748.93	671.27	733.98
PTHR12829	1579.0	1490.36	125.0	30.79	33.67
PTHR12820	2704.0	2615.35	190.0	33.81	36.97
PTHR12826	1011.0	981.45	223.0	38.86	42.5
PTHR12827	2097.0	1978.81	29.0	11.54	12.63
PTHR17920	1717.0	1657.91	240.96	32.42	35.45
PTHR10137	1736.0	1706.45	426.0	42.53	46.5
PTHR11405	3336.96	3277.86	2927.99	274.66	300.33
PTHR11404	2968.11	2909.02	7166.52	1057.63	1156.43
PTHR11406	2397.0	2337.9	13033.78	1407.27	1538.74
PTHR14744	922.0	892.45	18.0	3.45	3.78
PTHR13468	1408.9	1379.35	103.0	12.74	13.93
PTHR23406	10188.66	10011.37	2965.49	260.81	285.19
PTHR23407	1231.85	1202.3	43.0	6.11	6.68
PTHR10869	11475.3	11238.91	1470.85	166.59	182.16
PTHR31717	486.54	456.99	174.95	66.17	72.36
PTHR13393	1238.0	1178.9	73.0	21.77	23.8
PTHR12696	3454.47	3365.82	1634.37	325.13	355.5
PTHR11315	4017.22	3899.03	1037.28	147.59	161.39
PTHR10139	1636.0	1576.9	48.0	7.46	8.16
PTHR10264	3891.08	3802.43	3055.06	387.13	423.3
PTHR10263	1585.0	1525.9	1582.0	367.74	402.1
PTHR31155	1099.42	1040.32	30.0	8.31	9.08
PTHR32170	2952.0	2863.35	92.0	16.18	17.7
PTHR23350	1745.0	1685.9	72.0	14.1	15.42
PTHR23354	2582.0	2493.35	206.05	38.82	42.44
PTHR23355	5580.97	5433.22	463.0	81.8	89.45
PTHR23359	7001.82	6795.01	1166.0	180.82	197.71
PTHR11227	2874.0	2814.9	218.89	32.57	35.61
PTHR11220	6765.0	6587.7	1848.97	235.5	257.49
PTHR11223	4321.0	4232.35	290.8	35.02	38.28
PTHR11229	2483.0	2423.9	891.0	140.96	154.14
PTHR10314	16852.25	16468.11	11408.47	1252.45	1369.42
PTHR14303	650.0	620.45	120.0	33.26	36.37
PTHR23308	4409.0	4231.71	358.0	71.15	77.79
PTHR11139	23583.0	22962.49	1572.21	169.18	185.0
PTHR15362	1242.0	1182.9	8.0	2.37	2.59
PTHR11132	17947.22	17474.45	2114.91	255.93	279.86
PTHR11134	3945.0	3885.9	812.0	70.55	77.14
PTHR11136	2426.24	2367.14	93.0	13.45	14.7
PTHR32374	1866.0	1777.35	89.0	26.54	29.03
PTHR31579	5734.0	5438.51	868.0	254.47	278.25
PTHR32379	1031.0	1001.45	62.0	10.59	11.58
PTHR18919	1585.0	1525.9	89.0	14.5	15.85
PTHR32002	1372.71	1313.61	207.0	49.54	54.16
PTHR14413	1228.0	1168.9	562.0	143.16	156.53
PTHR22891	2003.0	1914.35	172.0	46.48	50.81
PTHR22893	1703.0	1673.45	245.0	24.94	27.27
PTHR10778	3544.91	3456.27	1244.96	173.83	190.07
PTHR10072	4835.98	4717.78	1090.01	153.13	167.42
PTHR12786	3039.07	2979.98	842.0	97.77	106.9
PTHR12782	1345.0	1285.9	96.0	24.81	27.13
PTHR11214	1255.0	1225.45	46.0	6.41	7.01
PTHR24063	27882.91	27291.92	7250.01	573.94	627.59
PTHR10182	1141.0	1111.45	279.0	42.89	46.9
PTHR13923	3267.0	3148.8	507.0	111.55	121.96
PTHR12321	2839.0	2779.9	773.12	117.36	128.32
PTHR12320	5565.16	5358.32	929.0	210.65	230.34
PTHR12323	1120.0	1060.91	27.03	10.64	11.64
PTHR16201	1857.0	1797.9	108.0	23.12	25.28
PTHR21015	1332.0	1302.45	397.0	52.02	56.88
PTHR16196	1027.0	967.91	94.0	29.53	32.28
PTHR16193	899.0	869.45	24.0	4.73	5.17
PTHR22792	2608.09	2489.92	641.0	151.85	166.02
PTHR22790	1999.0	1939.9	38.0	6.57	7.18
PTHR21680	1520.0	1490.45	374.0	42.78	46.78
PTHR21689	664.0	634.45	12.0	3.25	3.56
PTHR21113	2784.27	2695.63	68.0	13.92	15.22
PTHR19316	693.0	633.92	37.0	21.21	23.19
PTHR21663	2353.0	2264.35	28.0	5.55	6.08
PTHR13253	5472.0	5265.15	740.0	164.83	180.24
PTHR22603	1856.0	1767.36	71.0	18.67	20.43
PTHR21206	840.0	810.45	16.0	3.38	3.7
PTHR13789	12102.62	11718.5	3201.38	293.73	321.18
PTHR10071	2053.65	1935.45	48.0	17.04	18.63
PTHR24188	5175.0	5086.35	433.0	32.8	35.86
PTHR13780	5671.98	5465.14	1737.86	320.72	350.67
PTHR10670	6519.0	6341.7	71.96	11.77	12.87
PTHR10677	1550.0	1490.9	587.0	129.66	141.78
PTHR13078	1964.93	1905.84	41.0	12.0	13.11
PTHR12815	5445.0	5326.8	1176.0	128.26	140.24
PTHR12814	1397.0	1337.9	191.0	49.45	54.06
PTHR24361	9584.12	9347.72	2012.22	223.87	244.78
PTHR24362	7453.37	7187.44	4681.98	546.23	597.26
PTHR10416	1679.0	1590.37	36.0	9.63	10.53
PTHR10410	4005.0	3916.35	816.0	109.69	119.94
PTHR10783	6792.02	6555.64	17569.22	1709.25	1868.93
PTHR10782	1177.0	1147.45	55.0	8.19	8.95
PTHR13476	2577.23	2518.14	276.0	33.63	36.78
PTHR10788	8081.64	7933.9	1761.86	190.88	208.73
PTHR10891	8249.77	7983.83	6718.15	1102.34	1205.33
PTHR10890	2461.0	2401.9	211.0	27.69	30.28
PTHR20426	986.19	956.64	78.0	13.95	15.25
PTHR23213	2645.0	2526.8	91.0	24.4	26.68
PTHR10520	4945.0	4856.35	1391.0	120.01	131.22
PTHR10250	1465.0	1405.9	3749.6	910.63	995.7
PTHR10527	11395.31	11188.47	2091.7	169.42	185.24
PTHR10099	5006.0	4976.45	2107.9	71.9	78.61
PTHR31385	5177.71	5059.52	1862.94	171.13	187.14
PTHR10091	1342.0	1312.45	93.0	12.09	13.22
PTHR31142	1664.0	1634.45	630.0	65.68	71.82
PTHR31140	540.1	510.55	43.0	14.53	15.89
PTHR11787	2908.75	2849.65	485.0	47.2	51.61
PTHR11785	13456.0	13278.7	3529.19	232.06	253.73
PTHR11782	6528.72	6321.89	611.0	71.56	78.25
PTHR31419	711.0	681.45	12.0	3.02	3.31
PTHR11780	1981.0	1951.45	3218.88	280.81	307.04
PTHR23151	7179.84	6884.36	2508.0	505.51	552.72
PTHR21141	2987.0	2839.27	33542.31	9445.94	10328.42
PTHR32148	4305.0	4157.26	678.0	104.11	113.83
PTHR23324	6023.19	5905.0	940.0	94.06	102.85
PTHR23326	3334.0	3245.35	1089.99	188.98	206.64
PTHR23321	830.0	800.45	66.0	14.13	15.45
PTHR23323	4382.08	4204.8	348.0	81.28	88.87
PTHR23322	3424.0	3276.26	289.0	84.83	92.76
PTHR23329	1769.0	1680.35	42.0	12.19	13.33
PTHR11236	2757.0	2668.35	382.03	64.26	70.27
PTHR20932	3652.0	3563.35	390.0	45.69	49.95
PTHR10322	9830.0	9564.05	228.94	38.9	42.53
PTHR11239	963.0	903.91	155.0	56.41	61.68
PTHR10555	6846.0	6668.7	981.13	116.2	127.05
PTHR31964	9718.94	9512.1	3505.04	547.7	598.9
PTHR23030	3903.79	3844.69	1995.0	164.73	180.12
PTHR11129	2263.35	2174.72	260.0	66.26	72.45
PTHR11122	5176.61	5058.41	1066.69	137.42	150.25
PTHR15316	2419.0	2300.8	529.97	160.6	175.61
PTHR11127	581.0	551.45	9791.9	3059.25	3345.05
PTHR11125	2229.0	2169.9	114.99	12.71	13.9
PTHR31566	1674.0	1644.45	140.0	14.51	15.86
PTHR31567	1245.0	1215.45	1423.0	199.89	218.57
PTHR31561	8401.5	8047.0	2181.25	257.14	281.18
PTHR15137	496.0	466.45	9.0	3.33	3.65
PTHR15954	898.0	838.91	24.0	8.76	9.59
PTHR15952	3943.0	3795.25	145.0	30.38	33.2
PTHR21597	2302.0	2242.9	115.0	18.11	19.8
PTHR19271	4042.0	3953.35	51.0	8.55	9.35
PTHR22931	13989.89	13635.35	35928.2	5712.55	6246.25
PTHR11361	15272.42	14858.74	359.0	39.83	43.54
PTHR12029	4452.0	4215.61	133.0	33.29	36.39
PTHR21220	1363.0	1333.45	312.1	39.93	43.67
PTHR31588	1607.91	1548.82	523.0	120.6	131.86
PTHR22780	2657.0	2597.9	398.0	40.7	44.51
PTHR21477	1667.67	1608.58	58.0	13.62	14.89
PTHR19308	3253.0	3164.35	1949.0	267.32	292.29
PTHR19306	3682.0	3622.9	212.0	18.66	20.4
PTHR16301	2175.0	2086.35	25.0	5.15	5.64
PTHR13265	1136.0	1106.45	42.0	6.49	7.09
PTHR22870	27977.37	27327.31	7003.49	778.39	851.12
PTHR17630	6762.19	6644.0	686.0	53.56	58.56
PTHR10064	557.63	528.08	7735.04	2525.25	2761.17
PTHR10066	10986.0	10779.15	1482.0	108.35	118.46
PTHR10060	2186.0	2067.8	170.0	53.13	58.1
PTHR10663	14139.0	13725.32	842.0	125.92	137.67
PTHR10666	1783.64	1695.0	21080.39	5756.62	6294.42
PTHR10668	9936.0	9610.96	988.96	193.58	211.67
PTHR12801	2899.92	2781.72	241.99	54.67	59.78
PTHR12802	4217.0	4098.8	161.0	20.03	21.9
PTHR12805	1234.0	1174.9	52.0	14.89	16.28
PTHR12806	1024.0	994.45	50.0	8.6	9.4
PTHR21091	7663.81	7456.96	1158.15	140.05	153.13
PTHR21090	1816.0	1786.45	963.96	91.9	100.49
PTHR12281	2328.0	2268.9	153.0	21.31	23.31
PTHR13734	3010.0	2921.35	309.0	61.61	67.36
PTHR24315	953.0	923.45	374.0	69.32	75.79
PTHR24314	2297.33	2179.17	215.0	52.05	56.92
PTHR11933	1687.0	1598.35	38.0	11.56	12.65
PTHR24316	4750.88	4603.15	512.0	77.22	84.44
PTHR11426	1962.0	1902.9	388.0	71.49	78.16
PTHR11937	8699.32	8403.84	7720.01	1890.14	2066.71
PTHR11938	17882.0	17645.6	8672.83	419.98	459.23
PTHR13683	8178.18	7882.71	1469.93	324.08	354.35
PTHR24089	39235.48	37935.4	17158.36	2407.42	2632.31
PTHR10796	4195.0	4106.35	277.0	37.32	40.8
PTHR10794	4020.53	3931.89	251.35	34.53	37.76
PTHR10795	14414.68	14060.09	2286.5	260.68	285.05
PTHR10792	586.0	556.45	6727.24	2082.58	2277.14
PTHR10799	56876.12	55103.19	3192.66	431.51	471.81
PTHR10882	866.0	836.45	82.0	16.8	18.36
PTHR10887	18512.0	17802.85	1106.0	178.21	194.86
PTHR11686	2019.0	1930.35	51.0	14.88	16.27
PTHR11685	4506.84	4388.65	290.01	42.8	46.8
PTHR11680	3341.9	3223.72	4131.48	486.56	532.03
PTHR24221	18647.91	18263.79	1323.92	148.28	162.14
PTHR24220	7122.0	6944.7	1820.32	224.17	245.11
PTHR24223	28060.9	27499.45	34485.51	2635.01	2881.2
PTHR11689	11130.0	10893.6	988.0	114.01	124.66
PTHR10252	2051.0	1932.81	117.0	36.88	40.32
PTHR10537	1738.0	1708.45	19.0	1.89	2.07
PTHR31173	3687.0	3568.81	178.0	23.91	26.14
PTHR10997	12342.0	12135.15	923.0	77.16	84.36
PTHR31606	644.0	614.45	79.0	22.11	24.18
PTHR31356	2765.0	2705.9	3889.0	509.57	557.17
PTHR31352	7226.8	7049.5	1468.0	156.32	170.92
PTHR31350	3617.0	3528.35	127.0	18.71	20.45
PTHR11758	623.0	593.45	6959.02	2017.99	2206.52
PTHR23333	1227.0	1197.45	280.05	39.94	43.67
PTHR11203	4397.06	4278.87	555.61	62.88	68.74
PTHR11753	2396.0	2307.35	665.0	143.33	156.72
PTHR11200	14049.67	13695.09	1150.0	124.38	135.98
PTHR24423	5441.66	5323.47	564.98	78.19	85.51
PTHR11206	14673.1	14259.47	777.0	81.49	89.1
PTHR11757	9145.0	8908.6	1179.0	95.22	104.12
PTHR24420	51095.78	50179.79	4526.01	421.16	460.54
PTHR10332	5800.0	5681.8	935.02	90.89	99.38
PTHR32557	992.0	962.45	193.0	34.31	37.51
PTHR14145	2949.0	2889.9	996.0	115.05	125.8
PTHR13600	4444.45	4296.72	464.0	68.04	74.4
PTHR31384	1676.04	1616.94	116.0	22.55	24.65
PTHR15744	1407.0	1347.9	57.0	16.28	17.79
PTHR23029	7658.48	7481.19	1752.1	168.87	184.65
PTHR23023	3139.0	2991.25	64.0	14.34	15.68
PTHR21294	1602.0	1572.45	429.99	46.61	50.96
PTHR11119	2835.0	2746.35	50.0	10.32	11.29
PTHR31595	3896.02	3748.27	283.0	45.95	50.26
PTHR31596	1813.0	1783.45	91.0	8.69	9.5
PTHR21290	916.0	886.45	25.0	4.83	5.28
PTHR15948	1348.0	1288.9	56.0	16.78	18.35
PTHR31412	3794.0	3734.9	767.0	65.38	71.48
PTHR32026	1319.0	1289.45	353.0	46.72	51.09
PTHR31829	1129.0	1099.45	2599.27	403.97	441.72
PTHR14898	1437.0	1407.45	66.0	8.0	8.75
PTHR19241	38057.17	36875.21	3557.83	522.35	571.15
PTHR15239	3319.12	3200.92	234.0	43.7	47.79
PTHR19854	4048.09	3929.89	2468.18	319.75	349.62
PTHR32497	3914.0	3825.35	555.0	84.68	92.59
PTHR12497	2185.0	2066.8	74.0	23.73	25.95
PTHR12302	1543.0	1513.45	1438.0	161.98	177.11
PTHR12652	2228.0	2198.45	762.0	58.97	64.48
PTHR12304	1193.0	1163.45	23.0	3.38	3.69
PTHR30540	2168.0	2108.9	78.0	11.34	12.4
PTHR30544	4679.41	4531.66	309.0	53.99	59.02
PTHR13302	2405.0	2286.81	169.0	42.87	46.87
PTHR12472	1222.0	1162.91	25.0	5.82	6.36
PTHR13308	978.0	948.45	1232.0	222.26	243.02
PTHR12477	2637.17	2548.52	177.2	30.7	33.57
PTHR13878	9457.25	9161.76	475.0	63.74	69.69
PTHR21461	3876.0	3787.35	444.0	51.06	55.84
PTHR13872	5758.49	5551.67	5888.99	1845.4	2017.79
PTHR23327	3973.0	3825.25	674.0	118.94	130.06
PTHR22849	5019.22	4812.37	695.98	155.65	170.19
PTHR21314	1027.0	997.45	67.0	11.49	12.56
PTHR13271	17904.79	17343.36	2699.0	467.26	510.89
PTHR22841	3878.0	3730.26	221.0	43.7	47.78
PTHR13273	1056.0	1026.45	405.0	67.46	73.76
PTHR22847	21762.31	21112.25	1559.98	240.59	263.06
PTHR22846	2370.0	2310.9	247.0	36.58	40.0
PTHR22844	9563.0	9326.61	983.0	129.38	141.45
PTHR13890	4667.04	4460.22	804.0	210.93	230.64
PTHR23284	1406.0	1376.45	54.0	6.69	7.32
PTHR21266	14974.76	14561.07	3693.0	349.64	382.29
PTHR12271	2724.0	2664.9	126.0	15.02	16.42
PTHR21262	5467.0	5260.15	797.0	145.29	158.86
PTHR12276	1078.0	1018.91	96.0	24.77	27.08
PTHR10657	1538.0	1449.35	247.0	89.69	98.06
PTHR16557	348.0	318.46	2.0	1.09	1.2
PTHR10655	414.0	384.45	3.0	1.35	1.48
PTHR10652	1290.0	1230.9	143.0	38.76	42.38
PTHR17972	3281.21	3163.02	170.0	34.18	37.38
PTHR21085	1224.0	1194.45	211.0	30.16	32.98
PTHR11922	4524.0	4405.8	1336.95	167.88	183.56
PTHR11926	6423.35	6246.07	510.0	67.58	73.88
PTHR11431	1990.0	1960.45	1583.38	137.49	150.34
PTHR10430	3736.21	3618.01	3357.11	493.43	539.53
PTHR10436	5501.0	5235.08	298.01	66.4	72.57
PTHR10434	1159.0	1129.45	39.0	5.9	6.45
PTHR24096	19762.42	19230.54	4030.23	526.37	575.55
PTHR13693	6169.0	6021.25	550.0	66.87	73.11
PTHR24095	11406.19	11110.7	11358.57	731.87	800.23
PTHR24092	9943.48	9707.09	873.96	124.75	136.41
PTHR24093	54125.35	52500.25	21038.98	2510.57	2745.05
PTHR13451	1609.0	1579.45	10.0	1.08	1.18
PTHR13452	1004.0	944.9	130.0	41.25	45.1
PTHR10759	583.0	553.45	6591.95	2051.94	2243.64
PTHR12901	784.0	754.45	130.0	29.56	32.32
PTHR12903	660.0	630.45	51.0	13.91	15.21
PTHR23237	935.0	905.45	213.0	40.27	44.03
PTHR10501	619.0	589.45	129.0	37.67	41.18
PTHR31169	663.0	633.45	7.0	1.9	2.08
PTHR12277	3411.0	3322.35	318.0	49.95	54.62
PTHR14087	510.0	480.45	21.0	7.55	8.25
PTHR23309	3633.0	3573.9	2889.8	263.44	288.04
PTHR14085	1918.0	1888.45	139.0	12.53	13.7
PTHR31344	2241.48	2182.39	98.0	16.49	18.03
PTHR31619	1937.0	1907.45	2010.54	179.46	196.23
PTHR23306	1209.0	1149.9	89.0	24.31	26.57
PTHR23305	2097.94	2038.84	2156.85	269.83	295.03
PTHR14089	1949.0	1889.9	189.0	26.44	28.9
PTHR11748	9547.22	9399.48	4066.62	250.24	273.62
PTHR11742	3317.0	3198.81	233.0	42.3	46.25
PTHR11216	5379.0	5201.7	528.0	73.4	80.26
PTHR11210	1646.0	1586.9	358.98	60.16	65.78
PTHR14154	4831.0	4653.71	1311.06	256.6	280.57
PTHR14155	2294.0	2205.35	100.0	21.78	23.81
PTHR10343	3922.0	3803.8	416.9	79.57	87.0
PTHR11699	10774.0	10567.15	2375.07	223.02	243.86
PTHR11692	2029.0	1999.45	742.3	63.2	69.1
PTHR11693	1356.0	1326.45	4356.0	560.33	612.68
PTHR11695	17594.16	17121.39	3851.94	483.64	528.82
PTHR31760	375.0	345.46	2.0	1.01	1.1
PTHR31840	311.0	281.46	10.0	6.21	6.79
PTHR31906	8981.5	8715.55	732.0	114.59	125.28
PTHR21419	1735.0	1705.45	393.0	39.26	42.92
PTHR23012	10904.34	10608.86	6330.0	749.77	819.8
PTHR11101	7990.22	7842.5	17283.75	1115.96	1220.21
PTHR11102	3860.0	3741.81	280.0	72.81	79.62
PTHR11106	1475.0	1445.45	103.0	12.15	13.29
PTHR31585	1148.0	1088.9	37.58	11.35	12.42
PTHR32125	1689.0	1629.9	69.0	14.82	16.2
PTHR32120	660.0	630.45	18.0	4.91	5.37
PTHR15680	756.0	726.45	167.0	39.45	43.14
PTHR11374	2727.0	2697.45	611.95	38.57	42.17
PTHR11808	4051.0	3991.9	1078.73	69.74	76.25
PTHR26312	2202.59	2113.95	128.0	27.67	30.26
PTHR12000	3589.0	3500.35	605.86	67.59	73.9
PTHR18895	5197.0	5049.25	181.26	26.51	29.0
PTHR12486	310.0	280.46	2.0	1.25	1.36
PTHR12480	3310.81	3222.16	179.0	21.63	23.64
PTHR12482	2648.0	2529.8	64.0	13.41	14.65
PTHR11042	2869.97	2751.78	108.0	22.17	24.24
PTHR12317	11480.0	11243.6	1412.98	177.67	194.24
PTHR12649	1133.0	1073.91	85.0	20.23	22.12
PTHR13992	1010.0	980.45	49.0	8.55	9.35
PTHR12461	5398.14	5161.75	251.0	66.13	72.32
PTHR12466	1179.89	1120.85	61.0	16.04	17.54
PTHR10098	814.97	785.43	194.0	42.35	46.3
PTHR13847	10083.71	9788.23	2590.06	431.53	471.86
PTHR22854	2025.0	1965.9	579.0	78.81	86.17
PTHR12001	2508.0	2448.9	406.84	37.09	40.55
PTHR21327	2151.23	2092.14	248.24	41.77	45.67
PTHR21631	7077.04	6929.29	18038.04	1530.13	1673.09
PTHR22855	4791.33	4702.68	2406.17	294.44	321.94
PTHR22850	7916.0	7738.7	1690.96	231.02	252.62
PTHR22504	1286.73	1257.18	471.0	63.95	69.92
PTHR12189	1077.0	1047.45	74.0	12.08	13.21
PTHR21256	3501.0	3441.9	492.74	48.33	52.85
PTHR12265	751.0	721.45	25.0	5.95	6.5
PTHR12266	2789.14	2700.49	130.0	22.13	24.19
PTHR10648	4840.26	4751.62	1419.0	201.88	220.75
PTHR30178	668.95	639.4	9431.92	2535.76	2772.66
PTHR10641	13834.22	13272.82	1022.87	244.68	267.54
PTHR10644	8696.0	8459.62	968.0	94.55	103.41
PTHR12864	4445.0	4297.25	339.02	55.43	60.6
PTHR12860	2162.0	2132.45	226.0	18.03	19.72
PTHR13194	3776.33	3628.6	470.0	86.01	94.05
PTHR13190	407.0	377.45	7.0	3.22	3.52
PTHR13193	487.0	457.45	32.0	12.09	13.22
PTHR11913	1076.56	1047.01	344.75	56.29	61.55
PTHR11911	6979.0	6860.8	5995.0	797.78	872.32
PTHR11910	1744.0	1684.9	8305.87	1681.69	1838.8
PTHR14950	954.16	924.61	38.0	7.03	7.69
PTHR11918	4955.0	4807.25	509.98	78.2	85.5
PTHR12919	714.0	684.45	672.0	168.62	184.37
PTHR12910	894.0	864.45	495.0	98.07	107.23
PTHR12917	2083.0	2023.9	124.0	19.46	21.28
PTHR11879	4955.0	4836.8	1792.03	185.41	202.75
PTHR11351	4241.22	4093.48	231.0	41.76	45.66
PTHR11353	18875.58	18373.25	14202.11	1860.03	2033.8
PTHR11599	14014.0	13629.85	5592.3	915.68	1001.23
PTHR10516	16651.34	16089.9	7758.5	1931.4	2111.85
PTHR11592	1720.0	1631.35	983.0	274.12	299.74
PTHR11659	1719.0	1689.45	285.0	28.74	31.43
PTHR31098	6203.0	6143.9	2692.83	108.78	118.94
PTHR23315	6368.57	6250.38	1164.0	223.68	244.59
PTHR23316	5872.0	5783.35	1105.82	62.03	67.81
PTHR11778	1348.0	1318.45	102.89	13.32	14.56
PTHR11774	3154.0	3094.9	288.0	29.12	31.84
PTHR11773	3408.0	3378.45	3373.91	169.66	185.51
PTHR11772	5682.0	5534.25	3555.74	488.03	533.6
PTHR10357	16057.44	15821.04	7483.67	397.25	434.36
PTHR10353	12003.2	11796.36	2999.22	265.66	290.47
PTHR10350	2882.0	2763.81	96.0	18.23	19.92
PTHR10351	5845.0	5726.81	1109.0	277.5	303.43
PTHR10359	1095.76	1036.67	26.0	8.94	9.78
PTHR31750	1356.0	1296.9	92.0	21.3	23.29
PTHR14189	761.0	701.91	85.0	47.24	51.65
PTHR32228	999.0	969.45	16.0	2.82	3.09
PTHR31245	628.0	598.45	130.0	37.38	40.87
PTHR23001	1826.0	1766.9	551.0	103.56	113.24
PTHR23002	823.0	793.45	28.0	6.05	6.61
PTHR11177	1128.0	1068.91	12.0	3.07	3.36
PTHR10445	1408.1	1349.0	252.0	59.63	65.2
PTHR11178	3282.0	3193.35	1089.98	188.7	206.33
PTHR14456	938.0	878.91	25.0	9.59	10.49
PTHR31808	1868.0	1779.36	737.0	205.72	224.94
PTHR31803	1768.0	1708.9	437.0	75.47	82.53
PTHR11009	2106.0	2046.9	720.99	100.29	109.66
PTHR30075	948.0	918.45	73.9	13.77	15.06
PTHR19229	7771.56	7564.74	299.0	47.23	51.64
PTHR11482	7555.0	7436.8	4168.48	377.09	412.33
PTHR11005	10258.13	9992.19	1185.0	169.55	185.37
PTHR11006	6131.18	5983.44	1926.99	227.42	248.66
PTHR18640	4222.05	4074.32	109.0	16.69	18.26
PTHR18866	18729.69	18493.29	6523.96	303.72	332.1
PTHR12022	852.0	822.45	536.0	111.68	122.11
PTHR15074	510.0	480.45	21.0	7.55	8.25
PTHR15588	1358.88	1299.78	230.0	60.45	66.1
PTHR12677	4390.74	4243.0	590.0	115.67	126.48
PTHR19134	2601.28	2512.64	941.0	103.49	113.15
PTHR19139	1681.0	1621.9	1192.35	251.72	275.24
PTHR30566	3616.34	3527.69	442.0	61.94	67.72
PTHR12459	1194.66	1165.11	80.0	11.73	12.82
PTHR12456	838.45	779.36	32.0	14.53	15.89
PTHR12452	813.0	783.45	53.0	11.6	12.68
PTHR11632	7366.0	7277.35	1891.96	128.93	140.97
PTHR12072	3189.0	3070.8	293.0	63.04	68.94
PTHR13218	566.0	536.45	53.0	17.03	18.62
PTHR13215	570.0	540.45	8.0	2.55	2.79
PTHR13213	796.0	736.91	11.0	4.91	5.36
PTHR12290	1953.0	1893.9	295.01	50.17	54.85
PTHR21530	2807.0	2659.28	100.0	38.62	42.23
PTHR12295	3233.0	3085.27	43.0	10.24	11.19
PTHR12298	1756.93	1697.84	356.0	61.16	66.87
PTHR10638	6879.52	6761.33	817.25	65.5	71.62
PTHR10631	4339.0	4220.81	379.0	47.42	51.85
PTHR10984	5947.43	5799.7	622.0	88.32	96.59
PTHR13501	1118.0	1058.9	628.0	166.55	182.1
PTHR13505	822.0	792.45	86.96	18.81	20.57
PTHR12856	444.0	414.45	28.0	11.7	12.79
PTHR12855	1744.0	1684.9	314.0	62.51	68.35
PTHR12854	978.0	948.45	444.0	80.1	87.58
PTHR13182	1686.0	1626.9	302.0	65.85	72.0
PTHR10743	1136.0	1106.45	93.0	14.36	15.7
PTHR10742	15585.74	15172.06	2462.19	251.25	274.74
PTHR10745	2834.0	2774.9	1175.48	90.58	99.04
PTHR10744	1698.0	1609.36	9637.69	2828.01	3092.22
PTHR10746	1776.0	1716.9	1403.95	272.27	297.71
PTHR11099	2539.0	2509.45	148.0	10.03	10.97
PTHR12924	1958.0	1928.45	1180.0	104.17	113.91
PTHR11349	1658.0	1598.9	4080.78	1086.31	1187.8
PTHR10566	20252.39	19543.22	1766.9	271.85	297.28
PTHR10293	4148.0	4000.25	947.91	217.7	238.04
PTHR10291	1680.89	1592.24	49.0	13.42	14.66
PTHR11584	10221.77	10044.47	1480.0	126.67	138.48
PTHR11586	1415.0	1355.9	53.0	13.83	15.13
PTHR11909	4913.48	4795.31	2796.43	240.47	262.95
PTHR24320	7712.0	7475.6	414.0	91.71	100.26
PTHR24322	15312.76	14869.52	3350.0	436.95	477.78
PTHR11907	846.0	816.45	73.0	15.32	16.75
PTHR11760	881.0	851.45	9160.02	1842.8	2014.96
PTHR11761	1551.11	1492.01	9586.01	2958.38	3234.75
PTHR11766	1505.35	1475.8	143.0	16.52	18.06
PTHR11767	3368.26	3309.17	288.0	30.27	33.09
PTHR10361	1432.0	1402.45	452.0	54.97	60.11
PTHR10366	24387.92	23767.4	10597.74	1328.65	1452.75
PTHR10169	8687.0	8450.61	436.05	76.12	83.23
PTHR10168	3057.0	2938.8	349.0	61.76	67.53
PTHR20973	462.0	432.45	9.0	3.6	3.94
PTHR10165	583.0	553.45	17.0	5.29	5.79
PTHR31032	1629.0	1599.45	2795.12	297.82	325.65
PTHR23257	88092.87	85522.2	18100.97	2421.11	2647.38
PTHR13743	2287.94	2228.84	288.0	33.24	36.34
PTHR23253	1348.0	1288.9	453.0	128.2	140.18
PTHR14190	2378.0	2318.9	207.0	32.4	35.43
PTHR14194	6971.37	6764.53	704.29	123.51	135.07
PTHR31251	805.0	775.45	10.0	2.21	2.42
PTHR23074	8334.58	8009.55	1270.99	269.34	294.5
PTHR23077	5506.0	5240.08	168.0	41.8	45.73
PTHR23076	10227.89	9932.42	1360.7	231.59	253.23
PTHR12561	888.0	858.45	64.0	12.77	13.96
PTHR23073	5587.0	5380.15	2749.04	614.06	671.42
PTHR23078	2296.0	2266.45	223.0	16.74	18.3
PTHR10804	14973.55	14559.85	4018.0	519.43	567.96
PTHR11165	840.0	810.45	1187.0	251.02	274.47
PTHR32100	1168.0	1138.45	73.08	10.97	11.99
PTHR14445	1177.95	1118.87	196.0	71.98	78.71
PTHR23109	4487.66	4428.56	1652.89	75.02	82.03
PTHR31811	1122.65	1063.56	198.0	52.61	57.52
PTHR23102	1356.0	1296.91	53.05	15.46	16.9
PTHR23105	7466.43	7230.04	24437.37	4852.03	5305.33
PTHR11010	3212.0	3093.8	257.0	59.02	64.55
PTHR11014	5985.37	5837.64	1462.02	180.99	197.89
PTHR12668	2111.0	2022.35	665.99	171.75	187.8
PTHR12661	1245.0	1215.45	129.0	18.12	19.81
PTHR12663	3566.03	3477.38	70.0	12.66	13.83
PTHR12664	737.0	707.45	63.0	15.29	16.72
PTHR16166	17381.4	16672.23	1110.0	299.75	327.75
PTHR12446	2028.0	1909.81	28.0	11.77	12.86
PTHR12447	2178.0	2118.9	206.0	32.44	35.47
PTHR15481	749.0	719.45	60.0	14.31	15.65
PTHR26379	595.0	565.45	124.0	37.77	41.29
PTHR12599	1451.0	1391.9	220.0	53.34	58.32
PTHR12596	4251.0	4162.36	371.0	19.03	20.81
PTHR12590	637.0	607.45	11.0	3.12	3.41
PTHR12066	1662.0	1602.9	14.0	2.31	2.52
PTHR12064	6791.1	6613.81	525.0	69.28	75.74
PTHR13226	3405.0	3316.35	152.0	31.77	34.73
PTHR13889	1796.0	1766.45	461.0	44.45	48.6
PTHR13887	858.63	829.09	234.0	48.36	52.88
PTHR21181	451.0	421.45	45.0	18.49	20.21
PTHR13948	1350.0	1290.9	63.0	16.89	18.47
PTHR12146	565.0	535.45	7539.43	2427.08	2653.82
PTHR10458	638.0	608.45	28.0	7.92	8.66
PTHR21506	2112.0	2023.36	128.0	26.53	29.0
PTHR12280	2703.17	2584.98	58.0	18.41	20.14
PTHR12286	3371.0	3311.9	163.0	16.73	18.29
PTHR22983	3170.7	3052.51	27.0	6.72	7.36
PTHR22981	7126.86	6979.11	2382.43	306.63	335.3
PTHR30191	3495.0	3465.45	8270.46	405.43	443.3
PTHR13082	367.0	337.46	24.0	12.38	13.53
PTHR10629	9371.0	9105.05	624.0	76.93	84.11
PTHR10994	6285.0	6107.7	1260.0	191.68	209.58
PTHR10996	6632.08	6484.33	5738.6	598.45	654.37
PTHR10625	15429.73	14956.94	2128.0	282.62	309.03
PTHR10992	33196.87	32162.72	3851.0	576.99	630.86
PTHR17695	2875.56	2757.37	170.87	32.51	35.54
PTHR12848	5110.0	4991.81	624.0	86.83	94.94
PTHR12849	1501.0	1441.9	179.0	36.45	39.85
PTHR10943	4220.0	4131.35	818.0	106.74	116.7
PTHR12847	1671.0	1582.35	78.0	22.31	24.39
PTHR21349	1287.0	1227.9	1008.0	254.93	278.74
PTHR21347	2089.0	2059.45	552.0	45.62	49.88
PTHR19861	868.0	838.45	55.0	11.24	12.29
PTHR21343	747.0	687.92	3.0	1.54	1.68
PTHR10196	5557.9	5439.7	369.0	33.13	36.22
PTHR10192	1698.33	1639.24	240.0	49.64	54.28
PTHR10751	6154.75	6007.01	557.02	71.8	78.5
PTHR10755	3311.0	3251.9	727.35	69.12	75.58
PTHR10758	3022.83	2963.74	945.0	98.35	107.54
PTHR13152	1530.0	1470.9	159.0	38.41	42.0
PTHR12932	2687.26	2598.62	424.0	58.43	63.89
PTHR12934	1630.0	1570.9	1206.93	233.33	255.14
PTHR11451	8780.0	8632.25	2817.64	245.15	268.04
PTHR10288	6368.92	6162.09	4514.87	663.29	725.24
PTHR11800	2444.0	2384.9	361.0	49.61	54.25
PTHR11802	9371.79	9135.4	1725.0	215.59	235.73
PTHR11804	12762.58	12496.64	1074.02	99.78	109.08
PTHR11807	928.62	899.07	29.0	5.52	6.04
PTHR10281	1514.0	1454.9	207.0	37.88	41.42
PTHR10283	22016.12	21661.54	11381.75	851.79	931.38
PTHR10285	6158.46	6010.71	3276.48	422.99	462.51
PTHR10286	3232.0	3143.35	4033.36	652.37	713.31
PTHR11579	2657.59	2568.94	369.0	77.6	84.84
PTHR13718	3128.51	3069.41	11214.93	2005.36	2192.71
PTHR13711	4157.0	3979.71	168.0	51.47	56.27
PTHR13710	7852.7	7527.71	156.0	28.0	30.6
PTHR11977	538.0	508.45	220.0	74.65	81.62
PTHR22970	2277.0	2247.45	344.0	26.04	28.47
PTHR11972	847.0	817.45	0.0	0.0	0.0
PTHR31480	1102.0	1072.45	164.0	26.14	28.58
PTHR31485	3822.0	3733.35	230.0	28.63	31.31
PTHR11715	1050.02	1020.48	1437.0	240.77	263.27
PTHR11717	1399.24	1340.15	54.0	18.92	20.69
PTHR11711	5711.08	5533.79	4278.0	822.88	899.74
PTHR11712	7974.9	7768.05	2475.85	287.2	314.04
PTHR10374	2329.0	2269.9	726.0	96.52	105.55
PTHR10178	10846.88	10728.69	1065.0	39.56	43.25
PTHR20961	5748.43	5630.23	229.0	25.64	28.03
PTHR10173	4030.0	3882.25	1296.0	281.74	308.06
PTHR10177	10356.58	10061.08	1363.02	154.83	169.33
PTHR10174	11149.69	10854.21	4786.06	549.49	600.83
PTHR23249	805.45	775.9	86.0	19.01	20.78
PTHR23244	11756.81	11313.6	666.01	108.93	119.1
PTHR23245	1549.0	1489.9	138.0	30.28	33.12
PTHR23240	4361.0	4213.25	86.0	16.53	18.08
PTHR14614	5951.43	5774.15	241.97	36.89	40.32
PTHR31268	2923.0	2834.36	506.98	84.63	92.54
PTHR31262	1827.0	1738.36	30112.25	6415.54	7014.9
PTHR23063	4765.0	4676.35	712.0	78.21	85.52
PTHR11620	578.0	548.45	5380.99	1690.51	1848.44
PTHR11624	5703.94	5615.29	10459.22	814.73	890.84
PTHR11627	2836.0	2747.36	1030.16	128.38	140.37
PTHR11390	3886.7	3709.42	231.0	57.4	62.77
PTHR31620	2429.0	2340.36	1523.0	251.94	275.47
PTHR31319	2644.0	2584.9	730.0	80.06	87.55
PTHR14052	586.0	556.45	1.0	0.31	0.34
PTHR32118	1672.0	1642.45	1127.95	117.02	127.95
PTHR14152	378.0	348.46	3.0	1.5	1.64
PTHR23117	3538.0	3390.25	377.0	88.71	97.0
PTHR23115	36870.72	35984.26	96936.68	9535.25	10426.07
PTHR11028	1872.0	1842.45	1128.97	104.35	114.09
PTHR12111	2792.0	2732.9	215.0	27.43	29.99
PTHR11024	1761.0	1701.9	195.0	26.75	29.25
PTHR12841	836.0	806.45	123.0	26.14	28.58
PTHR11777	6230.0	6082.25	1776.39	154.62	169.06
PTHR12616	2855.5	2796.41	304.0	34.7	37.95
PTHR12613	1210.0	1180.45	171.0	24.74	27.05
PTHR12612	814.0	784.45	579.0	126.55	138.37
PTHR32060	5462.74	5315.0	357.07	43.61	47.68
PTHR12126	2759.0	2699.9	708.0	86.12	94.16
PTHR12124	3745.71	3597.98	183.0	29.8	32.58
PTHR22734	2678.26	2619.16	344.0	47.95	52.43
PTHR12121	7349.78	7024.76	881.0	100.64	110.05
PTHR12438	1154.5	1095.41	39.0	12.22	13.36
PTHR15492	1141.34	1111.8	102.0	15.67	17.14
PTHR21426	419.0	389.45	3.0	1.34	1.46
PTHR21427	517.0	487.45	8.0	2.83	3.1
PTHR19372	1954.0	1924.45	295.0	26.1	28.54
PTHR19370	7254.0	7076.7	2341.67	276.72	302.58
PTHR19376	13189.35	12923.41	1396.68	201.0	219.78
PTHR19375	4401.0	4282.8	1683.2	246.29	269.31
PTHR12725	2141.0	2081.9	109.0	17.8	19.47
PTHR22884	18104.13	17483.6	1301.0	223.14	243.99
PTHR22883	7106.39	6929.09	383.45	57.69	63.08
PTHR22880	7756.0	7490.07	507.0	72.94	79.78
PTHR12542	3553.52	3523.98	469.0	22.61	24.72
PTHR12547	3426.0	3337.35	379.0	69.28	75.74
PTHR12436	3147.0	3058.35	142.0	27.31	29.86
PTHR21512	1296.66	1267.11	39.0	5.25	5.74
PTHR19980	1933.0	1873.9	96.0	16.7	18.27
PTHR30508	3717.0	3657.9	2563.97	232.13	253.82
PTHR30502	816.0	786.45	35.0	7.63	8.34
PTHR10617	8403.13	8196.31	7331.86	758.07	828.89
PTHR10615	2364.41	2305.32	708.0	89.46	97.82
PTHR13527	674.91	645.36	114.0	30.36	33.2
PTHR22958	1770.0	1681.35	1042.0	319.02	348.83
PTHR22951	1562.27	1503.18	344.0	64.35	70.37
PTHR22950	24288.07	23697.09	5134.02	486.61	532.07
PTHR22953	12591.29	12384.44	2633.31	282.4	308.77
PTHR22952	3838.22	3690.5	1813.0	236.37	258.45
PTHR22957	9351.0	9114.6	918.0	118.75	129.84
PTHR21600	2156.0	2067.36	355.0	53.52	58.52
PTHR24056	14386.82	13884.5	1166.0	191.31	209.17
PTHR24054	2457.0	2397.91	1652.73	242.28	264.91
PTHR24055	12538.61	12213.56	1898.71	256.88	280.89
PTHR24058	5970.94	5793.65	722.0	119.53	130.69
PTHR10766	6416.0	6209.15	1384.99	214.08	234.08
PTHR10762	4245.0	4185.9	294.0	16.2	17.71
PTHR30031	2222.39	2133.77	4759.34	870.64	951.97
PTHR12945	1138.0	1078.9	23.0	8.0	8.75
PTHR12944	1815.0	1726.37	68.0	13.83	15.12
PTHR24128	2943.0	2854.35	299.0	58.5	63.98
PTHR13096	1951.0	1891.9	85.0	11.16	12.2
PTHR11364	2438.55	2349.9	338.0	74.74	81.72
PTHR11365	3652.0	3563.35	91.0	12.0	13.13
PTHR10548	2694.54	2546.83	620.0	226.55	247.71
PTHR11814	5997.0	5819.71	743.0	95.87	104.82
PTHR11363	2138.0	2108.45	15826.65	1277.42	1396.76
PTHR10543	3672.0	3583.35	225.0	29.2	31.92
PTHR11819	4581.0	4462.81	988.32	94.24	103.05
PTHR13931	5601.0	5541.9	374.0	23.31	25.49
PTHR10544	529.0	499.45	2090.0	722.17	789.63
PTHR11562	972.0	942.45	36.0	6.54	7.15
PTHR11566	10163.21	9985.91	2099.9	220.21	240.78
PTHR11567	3528.0	3468.9	208.0	20.12	22.0
PTHR11564	8011.0	7833.7	1223.2	141.69	154.92
PTHR11962	2779.99	2661.81	191.0	65.91	72.06
PTHR11963	3703.0	3643.9	229.0	20.32	22.22
PTHR10381	9739.0	9502.6	4906.33	712.01	778.52
PTHR10383	2864.0	2775.35	1247.0	276.11	301.9
PTHR11932	5679.72	5561.52	2074.84	143.85	157.28
PTHR11702	7764.0	7616.25	1509.03	170.15	186.05
PTHR11700	1942.0	1853.35	16904.79	4959.95	5423.33
PTHR10388	695.0	665.45	1139.0	294.07	321.54
PTHR11709	2647.0	2587.9	92.0	12.18	13.31
PTHR10145	4333.0	4244.35	418.0	54.7	59.82
PTHR23273	3224.0	3164.9	246.0	28.54	31.21
PTHR23270	5367.9	5190.63	1671.96	167.01	182.61
PTHR24305	9502.71	9266.32	1387.0	153.82	168.18
PTHR23163	359.0	329.46	19.0	10.04	10.98
PTHR23050	3826.24	3708.05	2868.67	370.03	404.6
PTHR23056	1191.0	1161.45	50.0	7.35	8.04
PTHR23054	1148.0	1118.45	196.0	29.94	32.74
PTHR11638	5364.79	5157.96	4565.28	651.3	712.15
PTHR31783	3536.0	3417.8	132.0	26.68	29.18
PTHR23291	4570.0	4451.8	1148.85	170.88	186.83
PTHR11630	15111.48	14727.34	480.0	63.85	69.79
PTHR11140	7296.0	7177.8	2142.85	241.9	264.5
PTHR11141	2469.0	2409.9	696.0	106.91	116.9
PTHR11142	7232.0	6995.6	360.0	75.57	82.64
PTHR11143	588.0	558.45	7147.0	2204.48	2410.43
PTHR11380	486.0	456.45	24.0	9.09	9.94
PTHR11384	8188.0	7862.98	1416.01	124.62	136.27
PTHR32477	3007.0	2947.9	79.0	7.19	7.86
PTHR14043	1915.1	1856.0	85.0	19.81	21.65
PTHR32472	1638.36	1549.72	111.0	30.15	32.98
PTHR31658	1245.72	1157.08	29.0	11.45	12.52
PTHR14269	1947.0	1858.36	78.0	13.7	14.99
PTHR23125	29023.67	28166.75	2935.99	354.13	387.24
PTHR12050	961.0	931.45	321.0	58.98	64.49
PTHR19211	14389.28	13946.06	1416.61	259.16	283.41
PTHR12608	2871.1	2782.45	576.0	88.7	96.99
PTHR12604	638.0	608.45	51.0	14.42	15.77
PTHR12603	891.0	861.45	230.0	45.73	50.0
PTHR32091	729.0	699.45	206.0	50.57	55.29
PTHR32098	3096.0	2948.26	136.0	30.58	33.44
PTHR18763	535.0	505.45	60.0	20.48	22.4
PTHR22726	2516.0	2427.35	243.0	46.94	51.33
PTHR22727	3608.0	3519.35	116.0	14.91	16.29
PTHR12428	2830.05	2711.88	1201.0	228.44	249.8
PTHR18968	8350.63	8173.34	5072.02	367.81	402.17
PTHR12735	3620.0	3501.8	406.0	62.99	68.87
PTHR15020	9584.76	9348.38	1163.97	164.12	179.45
PTHR12049	2869.5	2751.32	102.0	23.74	25.96
PTHR12558	4131.0	3953.72	45.0	7.54	8.26
PTHR12553	6703.02	6407.54	457.0	109.89	120.16
PTHR10497	523.31	493.76	6285.63	2197.4	2402.69
PTHR10496	965.0	905.91	16125.13	7050.63	7709.33
PTHR21569	618.0	588.45	25.0	7.31	8.0
PTHR10491	1471.0	1441.45	1529.0	180.89	197.79
PTHR21567	6439.45	6203.06	319.0	42.5	46.48
PTHR13950	1384.0	1324.9	44.0	11.84	12.95
PTHR12133	1106.0	1076.45	68.0	10.8	11.8
PTHR10972	3941.0	3852.35	199.99	25.89	28.29
PTHR21704	2841.0	2722.8	30.0	6.88	7.52
PTHR10606	3303.0	3243.9	280.0	29.39	32.14
PTHR10971	1203.0	1173.45	57.0	8.3	9.07
PTHR22942	6395.0	6217.71	855.0	105.25	115.08
PTHR13395	1006.0	946.9	2.0	0.62	0.67
PTHR13803	7250.0	7072.7	939.0	79.07	86.44
PTHR21368	783.0	753.45	782.0	178.03	194.67
PTHR24067	12007.53	11534.79	2575.73	708.76	774.96
PTHR24064	13216.16	12950.21	3235.86	166.63	182.2
PTHR21011	511.0	481.45	120.0	43.04	47.06
PTHR10772	2083.0	1994.35	2275.61	592.65	648.02
PTHR10774	7047.79	6870.5	1208.0	108.08	118.18
PTHR24068	1109.0	1049.9	1593.0	438.89	479.89
PTHR12959	923.0	863.91	8.0	2.39	2.62
PTHR24115	27145.89	26318.62	811.29	172.99	189.15
PTHR10961	1454.87	1425.32	57.0	6.82	7.46
PTHR11825	6712.27	6564.53	1880.0	212.59	232.43
PTHR10809	2215.0	2155.9	423.0	47.19	51.59
PTHR11822	2193.03	2163.48	8339.08	655.88	717.15
PTHR10803	3784.0	3665.8	909.0	150.77	164.85
PTHR10806	744.0	714.45	31.0	7.45	8.14
PTHR10552	987.0	957.45	219.0	39.13	42.79
PTHR11556	6635.0	6487.25	2305.03	306.3	334.93
PTHR11558	1136.0	1106.45	512.0	79.07	86.45
PTHR13773	2728.62	2639.99	458.0	74.03	80.93
PTHR11953	2514.0	2425.35	150.0	31.34	34.28
PTHR11952	9154.61	8947.76	1810.89	170.76	186.72
PTHR11956	2271.0	2241.45	549.95	41.74	45.64
PTHR11959	1518.0	1458.9	180.0	36.86	40.3
PTHR11739	4801.03	4682.84	1385.01	280.4	306.61
PTHR11732	20124.89	19592.99	2894.92	397.22	434.34
PTHR11731	7100.41	6952.67	910.0	104.17	113.91
PTHR11730	7390.31	7183.47	373.0	64.07	70.06
PTHR11735	2456.0	2367.35	110.0	23.12	25.28
PTHR10394	770.0	740.45	18008.07	4172.64	4562.47
PTHR20941	3312.61	3253.52	163.0	18.23	19.93
PTHR10150	1897.0	1837.9	13.0	2.44	2.67
PTHR31065	3042.92	2924.73	1053.09	222.77	243.58
PTHR10159	6917.0	6621.52	408.0	91.68	100.25
PTHR31066	1402.83	1373.29	187.0	23.23	25.4
PTHR13604	843.0	813.45	61.0	12.85	14.05
PTHR23264	2622.0	2503.82	335.0	65.2	71.3
PTHR23269	347.0	317.46	27.0	14.82	16.21
PTHR31204	749.0	719.45	32.0	7.63	8.35
PTHR31201	1415.47	1326.82	66.0	25.29	27.65
PTHR31209	1376.01	1346.47	114.0	14.44	15.79
PTHR11607	2428.48	2280.77	120.0	35.13	38.4
PTHR11606	3560.76	3472.11	1323.0	179.6	196.38
PTHR11601	5065.0	4917.25	1078.07	127.39	139.29
PTHR32467	9471.84	9087.71	1139.77	236.45	258.55
PTHR14255	4482.0	4304.71	346.0	73.82	80.71
PTHR23130	6741.88	6623.7	2329.0	208.86	228.38
PTHR23133	719.0	689.45	136.0	33.87	37.04
PTHR23135	1814.0	1784.45	429.0	40.95	44.77
PTHR23138	2515.4	2456.31	2167.21	304.43	332.88
PTHR23139	3245.56	3097.83	511.0	112.26	122.75
PTHR31682	2723.0	2604.81	148.0	35.96	39.33
PTHR11040	5167.0	4960.16	408.0	85.31	93.31
PTHR11043	1483.0	1423.9	241.0	62.69	68.54
PTHR11048	6365.0	6187.7	471.02	59.63	65.18
PTHR15818	1445.0	1385.9	49.0	10.91	11.94
PTHR12636	903.0	873.45	177.0	34.7	37.94
PTHR14493	33589.08	32525.33	14436.89	1969.0	2152.96
PTHR15651	1896.0	1836.9	67.0	12.78	13.98
PTHR12380	2078.0	1989.35	751.0	237.75	259.97
PTHR12385	3979.0	3890.35	1143.0	95.34	104.24
PTHR12706	8402.0	8195.16	770.0	72.08	78.81
PTHR30573	2261.0	2231.45	141.0	10.75	11.75
PTHR12709	1771.0	1711.9	209.0	43.14	47.17
PTHR19957	5232.43	4996.06	873.0	212.11	231.94
PTHR30239	2001.0	1971.45	1175.09	101.47	110.95
PTHR12560	5221.0	5102.8	379.0	61.06	66.76
PTHR11751	18778.13	18334.9	8136.0	730.28	798.5
PTHR12770	6350.0	6202.25	524.0	47.0	51.4
PTHR12097	3976.0	3916.9	923.99	51.86	56.7
PTHR19842	1329.0	1299.45	222.0	29.15	31.88
PTHR11752	19280.88	18808.1	2261.18	387.77	424.0
PTHR21576	4808.16	4630.86	410.0	94.09	102.88
PTHR24193	8026.87	7701.83	477.0	111.92	122.37
PTHR12419	4303.0	4184.8	246.0	49.72	54.38
PTHR23338	3468.0	3379.35	1169.99	163.83	179.13
PTHR30525	1647.0	1617.45	208.0	21.91	23.96
PTHR12413	2792.79	2704.15	74.0	15.73	17.2
PTHR12412	2966.0	2877.35	114.0	13.32	14.56
PTHR12411	9321.14	9084.75	4734.32	710.97	777.4
PTHR23339	3237.0	3118.8	863.0	130.22	142.39
PTHR12415	1028.0	968.91	7.0	2.38	2.61
PTHR10947	2171.0	2111.9	402.0	64.37	70.39
PTHR21717	1894.0	1805.36	94.0	20.39	22.29
PTHR21712	1614.0	1554.9	86.0	16.52	18.06
PTHR12897	832.0	772.91	21.0	8.16	8.92
PTHR12894	3449.67	3272.4	71.0	17.88	19.57
PTHR12891	987.0	957.45	5.0	0.89	0.98
PTHR22976	5185.78	5126.68	2671.16	110.58	120.91
PTHR22975	1308.14	1249.05	193.0	42.51	46.49
PTHR20922	2124.0	2035.36	460.99	81.79	89.43
PTHR21377	1384.0	1324.9	396.42	93.57	102.32
PTHR21371	1784.0	1754.45	5357.21	520.11	568.7
PTHR21373	2454.0	2335.81	90.0	24.52	26.81
PTHR22573	8067.73	7919.98	3622.03	316.86	346.48
PTHR22572	8322.84	8086.44	8087.24	800.72	875.52
PTHR21000	3048.0	3018.45	2065.75	116.31	127.17
PTHR10701	837.09	807.55	201.0	42.66	46.64
PTHR13161	642.0	612.45	27.0	7.58	8.29
PTHR13162	5267.59	5178.94	871.96	119.91	131.1
PTHR13165	767.37	737.82	76.0	17.67	19.32
PTHR21396	676.0	646.45	72.0	19.14	20.93
PTHR12965	2221.0	2161.9	72.0	10.8	11.82
PTHR13068	6429.41	6252.12	462.0	78.22	85.54
PTHR24106	8371.52	8164.67	863.2	95.3	104.2
PTHR24103	2986.0	2838.25	34.0	10.48	11.46
PTHR11540	5586.0	5467.8	5319.57	595.95	651.63
PTHR10836	3072.0	2953.8	12336.99	3579.17	3913.55
PTHR10835	1541.0	1511.45	72.0	8.12	8.88
PTHR11545	1576.0	1516.9	7769.36	1734.72	1896.78
PTHR10012	1079.0	1049.45	129.0	21.01	22.98
PTHR13768	2811.0	2751.9	216.0	26.83	29.34
PTHR24078	8272.0	8035.6	474.0	87.45	95.62
PTHR11946	24245.62	23743.31	3875.05	404.31	442.09
PTHR11947	5221.0	5102.8	1458.66	160.35	175.33
PTHR11941	5846.94	5699.19	1606.14	235.5	257.5
PTHR24072	2293.0	2233.9	391.0	54.05	59.11
PTHR24073	11392.68	10979.01	4372.77	933.25	1020.43
PTHR24076	12764.21	12261.92	2516.6	573.33	626.91
PTHR24077	7816.03	7550.08	775.0	143.66	157.1
PTHR11728	5891.0	5802.35	816.03	74.72	81.7
PTHR11726	1210.0	1150.91	7604.27	1638.37	1791.44
PTHR11727	2105.0	2016.35	144.98	37.08	40.53
PTHR11721	575.49	545.94	7870.39	2484.14	2716.22
PTHR11722	812.0	782.45	7653.45	1677.08	1833.76
PTHR10120	1541.0	1511.45	201.0	22.67	24.79
PTHR10122	753.0	723.45	1555.01	368.88	403.35
PTHR11831	1409.97	1350.88	11525.04	3085.79	3374.08
PTHR11835	4293.0	4174.8	1333.0	187.12	204.61
PTHR11614	4025.0	3936.35	1044.89	77.18	84.39
PTHR11615	7359.01	7181.72	9186.68	953.2	1042.25
PTHR11618	1207.0	1177.45	97.0	14.07	15.38
PTHR14140	2023.58	1994.04	140.0	11.95	13.07
PTHR32419	2402.0	2342.9	512.02	73.38	80.24
PTHR10231	881.0	851.45	126.0	25.35	27.72
PTHR10233	6024.0	5876.26	439.01	70.65	77.25
PTHR31503	6125.01	6006.82	1031.0	97.67	106.78
PTHR23147	1709.25	1650.16	231.0	42.97	46.98
PTHR23140	1254.0	1224.45	181.0	25.24	27.59
PTHR23142	2614.46	2555.36	183.0	27.1	29.63
PTHR23149	540.05	510.51	24.0	8.11	8.87
PTHR23148	908.0	878.45	121.0	23.59	25.79
PTHR31695	2548.0	2518.45	797.0	53.82	58.84
PTHR11056	2010.18	1980.63	289.0	24.84	27.16
PTHR11055	1404.1	1374.55	3081.99	382.48	418.21
PTHR32523	1999.83	1881.67	74.0	26.75	29.25
PTHR10540	951.0	921.45	224.0	41.61	45.49
PTHR19359	2017.0	1957.9	207.0	53.77	58.79
PTHR12629	805.09	775.54	132.0	29.18	31.91
PTHR18945	1828.0	1798.45	119.0	11.27	12.32
PTHR26402	9276.27	9039.87	8630.99	514.32	562.38
PTHR19384	8445.53	8179.59	9082.29	1070.71	1170.74
PTHR12714	2302.0	2242.9	564.0	79.68	87.13
PTHR32251	1284.0	1254.45	444.0	60.42	66.06
PTHR12570	1832.0	1772.9	111.0	18.72	20.47
PTHR21494	335.0	305.46	6.0	3.43	3.75
PTHR21496	3826.16	3707.97	1338.75	245.33	268.27
PTHR21493	18629.83	18157.04	2252.0	214.18	234.2
PTHR21499	5117.68	5029.03	2857.99	190.81	208.63
PTHR21148	3068.0	3008.9	140.0	16.3	17.82
PTHR12083	2585.0	2525.9	620.0	55.86	61.08
PTHR22904	13350.58	12848.27	6367.39	1793.85	1961.4
PTHR13976	3383.0	3235.25	189.0	40.89	44.72
PTHR13353	2898.0	2809.35	104.05	15.78	17.25
PTHR12406	13308.44	13012.94	1427.0	198.78	217.34
PTHR16128	3193.0	3015.71	117.0	35.77	39.09
PTHR12400	844.0	814.45	25.0	5.26	5.75
PTHR13572	3551.82	3463.17	314.0	46.57	50.93
PTHR30314	3096.0	2977.81	293.14	49.33	53.93
PTHR12882	532.0	502.45	75.0	25.76	28.16
PTHR12883	1361.0	1331.45	319.03	40.88	44.7
PTHR16255	6306.0	6158.25	936.0	125.92	137.69
PTHR16254	5987.74	5840.0	546.0	68.93	75.37
PTHR22960	2954.0	2894.9	465.01	52.71	57.64
PTHR13373	1719.0	1659.9	59.0	13.14	14.36
PTHR13375	1888.71	1800.08	211.0	36.87	40.32
PTHR22967	3191.0	3072.82	40.0	9.64	10.55
PTHR19858	2601.0	2512.35	254.01	49.53	54.16
PTHR30222	624.0	594.45	25.0	7.24	7.91
PTHR13115	1677.0	1647.45	166.0	17.17	18.77
PTHR13117	1505.0	1475.45	30.0	3.47	3.79
PTHR13285	1765.0	1735.45	55.0	5.4	5.9
PTHR13288	781.0	751.45	43.0	9.82	10.73
PTHR10953	13901.7	13547.12	5932.02	381.77	417.46
PTHR21726	1386.0	1326.9	63.0	16.74	18.3
PTHR10956	813.0	753.91	16462.24	7622.34	8334.45
PTHR10826	1826.0	1766.9	907.99	177.99	194.61
PTHR11533	8032.32	7943.68	1399.01	90.58	99.04
PTHR11532	1544.86	1515.31	157.0	17.66	19.31
PTHR10000	1901.0	1841.9	67.0	12.58	13.75
PTHR13021	932.0	902.45	73.0	13.85	15.14
PTHR24007	2042.0	1953.36	126.0	29.71	32.49
PTHR24003	16016.41	15602.73	7754.26	873.91	955.53
PTHR31446	1604.0	1544.9	347.0	64.89	70.95
PTHR31442	1442.35	1353.71	234.0	97.86	107.01
PTHR11441	860.32	830.78	50.0	10.31	11.28
PTHR11440	3127.93	3039.29	265.0	56.15	61.4
PTHR11999	7024.17	6876.42	1280.02	81.62	89.25
PTHR11449	1060.0	1000.9	9440.98	2825.49	3089.46
PTHR11994	1296.0	1266.45	165.0	22.24	24.32
PTHR11706	3603.0	3543.9	155.0	15.1	16.5
PTHR10133	7958.49	7722.1	546.0	72.83	79.61
PTHR21649	11678.65	11265.0	67522.15	13669.19	14946.24
PTHR13620	8185.14	7919.2	459.01	74.33	81.28
PTHR11705	4630.0	4541.36	121.0	9.44	10.33
PTHR11847	820.99	791.44	10189.19	2207.08	2413.27
PTHR11843	798.0	768.45	5801.02	1294.59	1415.54
PTHR13138	1573.0	1513.9	36.0	7.99	8.73
PTHR11661	1836.0	1747.35	7604.8	2142.93	2343.12
PTHR11662	33298.48	32293.86	5334.81	495.92	542.28
PTHR11669	4829.0	4710.8	324.0	47.67	52.13
PTHR11668	11887.03	11591.55	4314.05	604.68	661.17
PTHR20856	11287.06	11139.32	1743.98	126.64	138.47
PTHR20854	4820.0	4701.8	1197.0	158.55	173.34
PTHR20855	3546.0	3486.9	697.95	58.11	63.55
PTHR20852	5273.0	5095.72	3925.27	441.5	482.75
PTHR32404	1386.59	1327.51	39.0	6.75	7.38
PTHR20858	2638.0	2549.35	161.0	28.79	31.48
PTHR10634	341.74	312.2	126.0	70.38	76.95
PTHR30603	2030.0	1970.9	1084.96	134.69	147.27
PTHR11817	12997.73	12731.8	5277.11	436.29	477.03
PTHR14237	6276.6	6158.41	1518.0	173.4	189.6
PTHR10738	348.0	318.46	4.0	2.19	2.39
PTHR23155	13604.76	13338.82	815.0	68.57	74.98
PTHR23153	2864.0	2745.8	200.0	37.65	41.17
PTHR14894	1775.0	1715.9	66.0	13.13	14.35
PTHR11063	4104.0	4044.9	396.0	34.27	37.47
PTHR11062	6983.22	6717.3	213.0	29.48	32.23
PTHR11061	6388.08	6151.68	452.0	101.16	110.61
PTHR11065	3943.81	3825.62	392.0	78.38	85.7
PTHR11064	2175.0	2086.35	305.0	67.51	73.81
PTHR11260	9569.24	9303.3	3832.25	552.34	603.91
PTHR11264	1027.0	997.45	33.0	5.66	6.19
PTHR11266	10523.47	10227.97	876.0	168.62	184.4
PTHR12858	3933.0	3814.8	395.0	73.67	80.55
PTHR31998	2816.0	2786.45	13956.02	851.42	930.96
PTHR31221	1814.32	1725.67	126.0	36.45	39.85
PTHR15838	1069.0	980.38	55.0	29.71	32.49
PTHR12850	512.0	482.45	6717.46	2404.4	2629.03
PTHR22836	1265.0	1235.45	40.0	5.53	6.04
PTHR32338	1555.0	1525.45	455.94	50.95	55.71
PTHR31407	4492.0	4344.25	1819.67	303.75	332.13
PTHR12363	5737.31	5500.92	259.0	50.51	55.24
PTHR18952	988.0	958.45	20.0	3.57	3.9
PTHR25040	3449.28	3390.18	1512.34	170.94	186.91
PTHR12765	523.0	493.45	30.0	10.49	11.47
PTHR12505	1834.28	1775.19	162.0	31.36	34.29
PTHR22604	2994.0	2934.9	146.0	18.47	20.2
PTHR21481	1125.0	1095.45	108.0	16.85	18.42
PTHR22778	3601.94	3483.76	128.0	33.83	36.98
PTHR12169	2715.35	2597.17	179.32	26.47	28.95
PTHR19446	2182.0	2093.35	39.0	9.7	10.6
PTHR12219	1398.0	1338.9	813.0	149.2	163.13
PTHR13561	1947.0	1858.36	12.0	2.6	2.84
PTHR13563	1494.03	1434.93	58.0	11.58	12.66
PTHR12210	6469.91	6263.08	1328.99	260.17	284.46
PTHR12215	1756.23	1667.59	39.0	10.08	11.02
PTHR12214	1132.0	1072.91	56.0	16.98	18.57
PTHR22915	10742.79	10506.41	2443.03	154.64	169.09
PTHR22911	3328.0	3209.8	104.0	20.99	22.95
PTHR22912	15880.53	15585.03	6664.56	633.5	692.67
PTHR12183	610.0	580.45	14.0	4.15	4.54
PTHR19849	895.0	835.91	45.0	17.78	19.44
PTHR22594	7644.0	7407.61	1843.95	277.72	303.66
PTHR21152	4697.89	4609.24	6204.26	682.11	745.85
PTHR21021	1425.0	1365.9	40.0	10.45	11.43
PTHR13102	2074.0	2014.9	129.0	21.82	23.86
PTHR12984	2738.0	2678.9	55.0	7.45	8.15
PTHR23293	4769.0	4680.35	2849.04	297.18	324.93
PTHR13299	1039.0	1009.45	153.0	25.92	28.34
PTHR10925	1718.0	1658.9	283.3	59.49	65.04
PTHR21737	1782.0	1722.9	121.0	23.89	26.12
PTHR10920	3368.0	3220.25	278.0	67.27	73.55
PTHR10855	2935.79	2876.69	582.0	61.85	67.62
PTHR10585	2342.0	2282.9	898.0	139.67	152.72
PTHR10584	12765.42	12381.3	894.0	134.0	146.5
PTHR11528	7856.0	7619.61	12612.19	1901.39	2079.04
PTHR11527	3383.55	3265.35	1564.02	310.8	339.85
PTHR11525	1433.0	1403.45	107.86	13.11	14.33
PTHR10859	2342.0	2194.26	69.0	28.69	31.36
PTHR10589	2071.19	2012.09	176.0	33.11	36.21
PTHR10588	7001.0	6794.15	420.0	61.38	67.11
PTHR13038	1499.82	1470.27	194.0	22.5	24.6
PTHR13748	13973.09	13648.07	6429.02	596.59	652.32
PTHR10026	3010.55	2892.35	114.0	27.72	30.31
PTHR24015	14784.76	14400.63	2137.0	276.43	302.23
PTHR24012	25715.76	24770.23	20484.38	4216.42	4610.36
PTHR24011	25352.61	24377.56	9354.75	1494.25	1633.86
PTHR31187	3785.0	3637.26	171.0	41.84	45.76
PTHR21145	717.0	687.45	61.0	15.24	16.66
PTHR10459	7053.01	6875.72	440.26	40.13	43.86
PTHR11453	1494.0	1405.36	6.0	2.42	2.64
PTHR10108	34500.18	33495.55	13072.5	971.91	1062.68
PTHR11986	10413.38	10206.53	3519.65	377.04	412.27
PTHR11455	8965.38	8669.95	1999.31	196.11	214.43
PTHR10102	2174.0	2114.9	146.0	22.44	24.53
PTHR11458	1512.0	1482.45	238.07	27.38	29.94
PTHR10106	839.0	809.45	23.0	4.87	5.33
PTHR31057	1648.76	1560.13	57.0	19.34	21.15
PTHR30115	905.0	875.45	131.0	25.62	28.02
PTHR11851	21799.0	21148.91	4008.18	472.56	516.71
PTHR23092	6158.81	5981.52	287.0	53.5	58.5
PTHR23091	11542.3	11099.06	2512.04	480.02	524.87
PTHR11673	808.0	778.45	7489.26	1649.63	1803.75
PTHR11670	6973.65	6885.01	9188.93	661.45	723.23
PTHR11671	993.0	963.45	714.96	126.96	138.82
PTHR20863	2102.0	2042.9	871.0	167.58	183.23
PTHR20861	602.0	572.45	5.0	1.5	1.64
PTHR11679	7655.45	7419.07	756.0	87.3	95.44
PTHR14009	3523.0	3463.9	775.98	78.68	86.04
PTHR10217	14569.4	14244.37	1123.77	149.66	163.62
PTHR14005	2778.0	2748.45	1517.0	93.83	102.6
PTHR10210	3946.0	3827.81	676.71	97.25	106.33
PTHR31522	1274.0	1244.45	462.0	63.37	69.3
PTHR14221	1577.0	1517.9	78.0	16.92	18.5
PTHR11079	4628.0	4450.71	201.0	50.38	55.08
PTHR11076	7925.27	7570.7	229.0	38.75	42.38
PTHR11070	3564.86	3446.67	97.0	18.11	19.81
PTHR11071	21335.1	20537.34	8848.6	1978.52	2163.41
PTHR11278	1118.0	1058.91	8057.3	1987.62	2173.31
PTHR11276	2490.36	2401.72	84.0	15.53	16.99
PTHR11274	2483.0	2423.9	242.0	32.09	35.08
PTHR14136	3866.0	3747.8	1097.0	211.61	231.39
PTHR31984	3212.77	3124.13	601.98	111.38	121.77
PTHR15350	2237.0	2177.9	537.36	71.78	78.48
PTHR15606	3041.0	2922.81	112.0	22.83	24.96
PTHR12374	1688.0	1599.35	71.0	21.48	23.49
PTHR12375	1179.0	1149.45	134.0	19.91	21.77
PTHR12378	3318.0	3199.8	666.0	142.39	155.68
PTHR18929	7482.91	7216.96	7541.01	1250.58	1367.43
PTHR31724	1769.0	1709.9	49.0	9.29	10.17
PTHR30535	777.0	747.45	3.0	0.69	0.75
PTHR12777	907.0	877.45	677.98	132.31	144.67
PTHR12775	1565.9	1506.8	52.0	12.93	14.15
PTHR24352	4237.26	4148.61	888.0	95.88	104.83
PTHR16092	733.0	703.45	137.0	33.44	36.56
PTHR11035	890.0	860.45	191.0	38.02	41.57
PTHR22298	7183.0	7005.72	713.0	44.45	48.61
PTHR12174	2796.0	2707.35	221.0	42.78	46.78
PTHR12175	920.0	890.45	154.0	29.61	32.38
PTHR12176	5229.0	5051.71	494.0	104.13	113.87
PTHR22769	8270.34	8004.4	636.0	107.38	117.44
PTHR22767	3842.0	3694.26	249.0	44.48	48.63
PTHR22765	9928.92	9722.09	1171.0	151.17	165.28
PTHR22762	5756.0	5667.35	412.0	32.67	35.73
PTHR22763	2246.49	2157.85	576.42	119.15	130.27
PTHR22761	2630.47	2541.83	1531.0	253.33	277.0
PTHR21231	2425.0	2365.9	219.11	31.55	34.5
PTHR21230	1491.0	1431.91	505.0	81.23	88.81
PTHR21234	2525.15	2466.06	127.0	17.43	19.06
PTHR21237	3967.23	3878.58	1734.0	225.48	246.55
PTHR12202	838.0	778.91	34.0	15.5	16.95
PTHR12203	2157.0	2097.9	186.0	22.01	24.07
PTHR19857	1223.0	1193.45	131.0	18.74	20.49
PTHR13355	654.0	624.45	8.0	2.2	2.41
PTHR19855	1711.76	1682.22	156.0	15.8	17.28
PTHR19852	400.0	370.46	17.0	7.97	8.71
PTHR19853	3673.0	3525.26	143.0	37.41	40.9
PTHR12197	10969.85	10467.57	690.0	135.37	148.01
PTHR13822	1158.0	1128.45	648.0	98.1	107.27
PTHR32442	1726.0	1696.45	319.0	32.04	35.03
PTHR10344	740.0	710.45	7.0	1.69	1.85
PTHR21319	5959.49	5811.74	1755.0	198.2	216.72
PTHR10732	598.0	568.45	8092.87	2451.62	2680.66
PTHR10739	3277.62	3188.98	1058.0	186.39	203.8
PTHR12992	774.0	744.45	16.0	3.69	4.03
PTHR22838	1785.0	1755.45	104.0	10.09	11.03
PTHR22881	1455.0	1395.9	192.0	47.19	51.6
PTHR11588	3136.19	3047.55	1920.18	180.03	196.86
PTHR11934	1832.0	1772.9	415.0	77.59	84.85
PTHR10693	981.04	951.49	184.0	33.09	36.18
PTHR10938	1703.0	1673.45	2115.91	215.43	235.55
PTHR10934	918.0	888.45	8126.55	1566.1	1712.41
PTHR14490	892.0	832.9	17.0	7.26	7.94
PTHR11510	2448.0	2418.45	768.29	54.03	59.08
PTHR11516	5000.51	4882.32	1353.54	217.82	238.17
PTHR10025	3154.0	3006.26	503.43	142.41	155.72
PTHR10027	4721.18	4573.44	340.0	60.45	66.1
PTHR13009	1712.0	1682.45	312.31	31.63	34.58
PTHR13007	785.0	755.45	143.0	32.47	35.5
PTHR11863	2241.0	2181.9	60.0	10.79	11.8
PTHR17901	673.0	643.45	26.0	6.95	7.59
PTHR24351	1425.5	1366.41	39.08	9.68	10.59
PTHR20981	688.0	658.45	8173.79	2133.06	2332.34
PTHR20982	865.0	835.45	50.0	10.25	11.21
PTHR11864	4277.05	4158.85	408.2	58.19	63.64
PTHR11467	580.0	550.45	534.0	167.14	182.76
PTHR10119	8240.0	8121.8	974.97	70.05	76.59
PTHR10114	441.0	411.45	6592.29	2775.48	3034.77
PTHR10110	8097.94	7979.74	1377.0	117.68	128.65
PTHR11469	2800.0	2740.9	2143.31	173.23	189.41
PTHR10598	2540.83	2511.28	448.0	30.34	33.17
PTHR24286	7936.0	7729.16	959.37	106.28	116.21
PTHR23429	3656.6	3597.51	1744.51	165.21	180.65
PTHR23426	1959.31	1870.66	177.0	47.76	52.22
PTHR10593	2405.92	2346.83	300.0	43.7	47.78
