GeneFamily	length	effective_length	expected_count	TPM	FPKM
PTHR11649	10721.61	10280.03	815.0	116.47	179.66
PTHR31089	2072.0	2027.84	180.05	14.51	22.38
PTHR31085	10660.44	10307.18	967.99	127.52	196.73
PTHR11647	3452.41	3364.1	458.0	47.45	73.21
PTHR11645	1758.0	1713.84	240.0	22.9	35.32
PTHR11880	1740.0	1651.68	217.0	44.13	68.08
PTHR11885	933.0	888.84	331.02	61.14	94.31
PTHR10209	9032.25	8767.32	1002.72	77.19	119.08
PTHR32429	2908.15	2819.84	2342.37	289.17	446.06
PTHR31423	836.31	792.15	25.0	5.19	8.0
PTHR31551	605.0	560.84	4.0	1.18	1.81
PTHR32195	3591.85	3459.39	54.0	6.4	9.87
PTHR11081	2870.67	2694.08	97.0	13.29	20.48
PTHR11080	2416.19	2283.73	23.0	5.26	8.12
PTHR11082	4386.78	4166.2	78.0	16.0	24.67
PTHR11085	6400.15	6179.37	81.0	13.98	21.58
PTHR11089	9567.74	9126.27	356.44	52.5	80.96
PTHR32518	4117.88	4073.72	278.0	11.13	17.17
PTHR11247	3518.32	3385.84	150.0	18.77	28.95
PTHR11246	11172.44	10907.48	748.08	61.54	94.93
PTHR32512	5076.31	4987.99	30.0	1.89	2.92
PTHR23088	5181.69	5005.05	210.0	27.69	42.71
PTHR23089	2075.0	1986.68	342.0	56.28	86.81
PTHR23081	4029.02	3852.4	61.0	10.26	15.82
PTHR23083	38190.57	36910.29	3322.09	339.24	523.3
PTHR23084	3033.21	2945.27	156.69	10.66	16.44
PTHR23086	3107.42	2930.78	158.0	35.36	54.53
PTHR18806	2883.33	2795.02	846.31	93.73	144.58
PTHR31953	2387.56	2299.28	58.0	11.42	17.61
PTHR15184	6275.07	6098.43	3342.93	309.55	477.51
PTHR15341	1450.83	1406.67	121.0	14.08	21.72
PTHR32357	3376.75	3288.43	383.03	37.59	57.99
PTHR12696	1907.8	1863.65	393.87	34.54	53.28
PTHR12341	3527.55	3439.27	187.38	18.19	28.07
PTHR15160	5313.04	5180.57	5091.95	430.73	664.42
PTHR18937	13011.33	12658.07	542.0	49.84	76.86
PTHR18934	27165.88	26106.47	928.97	130.55	201.42
PTHR12742	2052.0	2007.84	189.0	15.38	23.73
PTHR12741	13894.71	13497.31	664.01	66.57	102.71
PTHR19288	2499.48	2411.16	93.37	13.01	20.07
PTHR13903	3133.0	3044.68	244.0	24.16	37.27
PTHR22753	4999.41	4822.77	89.95	11.0	16.96
PTHR30615	725.0	680.84	68.0	16.44	25.35
PTHR22939	17906.61	17420.9	1255.01	121.24	187.02
PTHR22938	1147.24	1059.0	10.0	3.62	5.57
PTHR30612	5368.11	5235.64	734.07	47.9	73.9
PTHR22932	1057.0	1012.84	522.05	84.53	130.39
PTHR22931	11954.06	11733.28	256657.23	37058.79	57165.56
PTHR12233	1133.09	1088.95	227.0	34.17	52.7
PTHR22936	12426.15	12072.89	453.02	38.95	60.08
PTHR31038	3681.45	3593.13	209.0	13.24	20.41
PTHR13832	35846.1	34565.63	4900.96	532.26	821.02
PTHR21139	1251.88	1207.72	148.0	20.07	30.96
PTHR21136	7834.07	7569.14	742.26	102.95	158.82
PTHR12526	41194.77	40223.71	5270.54	404.89	624.57
PTHR13124	1218.0	1173.84	49.0	6.84	10.55
PTHR13120	581.35	537.2	70.0	21.5	33.17
PTHR22809	2479.91	2391.6	42.0	5.76	8.89
PTHR22807	8094.02	7829.14	190.0	23.16	35.72
PTHR20661	1159.88	1115.74	44.08	6.47	9.99
PTHR10900	5012.89	4748.16	415.94	74.29	114.61
PTHR10906	4940.05	4807.58	633.0	54.52	84.1
PTHR10909	15596.26	15242.99	11309.01	761.38	1174.51
PTHR10055	3121.87	3033.56	73.0	7.82	12.07
PTHR10057	2724.54	2636.23	1458.88	187.22	288.8
PTHR10052	422.0	377.86	161.98	71.11	109.69
PTHR13017	1756.29	1712.13	180.15	17.2	26.54
PTHR10693	1898.0	1853.84	153.0	13.49	20.81
PTHR10694	15061.35	14752.25	721.99	31.96	49.29
PTHR12839	2846.39	2713.91	81.02	13.1	20.21
PTHR12835	1348.28	1304.13	43.0	5.4	8.33
PTHR24031	51187.33	49201.23	3515.77	448.75	692.22
PTHR24032	1577.0	1488.68	34.0	7.56	11.66
PTHR24349	151028.82	144406.43	13574.43	1646.86	2540.39
PTHR24619	6013.64	5748.69	539.48	83.6	128.99
PTHR24343	7736.84	7427.82	1018.99	107.43	165.72
PTHR11472	3554.41	3377.84	79.0	14.83	22.87
PTHR24347	22168.66	21373.91	1423.02	192.55	297.0
PTHR11476	6381.15	6248.68	258.94	19.49	30.07
PTHR11477	2858.79	2726.35	82.98	13.58	20.94
PTHR24305	3321.6	3144.99	26.0	3.59	5.54
PTHR10476	4516.61	4339.98	638.93	100.92	155.68
PTHR24290	4495.29	4362.82	182.0	17.51	27.02
PTHR23413	1093.0	1004.7	15321.1	6750.48	10413.05
PTHR23417	5441.81	5265.24	218.08	27.58	42.53
PTHR23416	5901.49	5680.95	302.0	43.29	66.79
PTHR23415	1252.8	1208.64	28.0	3.79	5.85
PTHR10871	2444.08	2267.55	10240.38	4234.82	6532.49
PTHR10877	7739.25	7650.95	1375.96	59.44	91.69
PTHR11879	5121.06	4944.42	3999.0	457.44	705.64
PTHR10430	2987.31	2854.89	1787.17	334.35	515.75
PTHR31096	5602.93	5426.29	724.0	92.01	141.92
PTHR31098	5729.82	5553.2	414.93	42.44	65.47
PTHR11655	2586.62	2454.16	13575.48	5563.45	8581.97
PTHR11652	738.0	693.84	378.0	89.64	138.27
PTHR20883	1716.95	1628.65	556.09	119.46	184.28
PTHR11895	1062.0	1017.85	22.0	3.54	5.47
PTHR10277	5265.19	5088.58	727.0	90.55	139.66
PTHR14027	3337.79	3161.22	94.0	17.84	27.53
PTHR12320	4358.98	4182.56	345.0	50.36	77.68
PTHR13691	1787.57	1699.26	390.0	57.3	88.39
PTHR23180	14164.95	13590.88	841.98	148.61	229.26
PTHR14593	1915.18	1782.74	39.92	10.1	15.58
PTHR11093	4026.57	3938.25	226.0	16.26	25.08
PTHR11096	1409.0	1320.69	11.0	3.07	4.74
PTHR23346	13952.69	13643.6	12444.11	2702.97	4169.49
PTHR10309	1512.32	1468.17	128.99	14.37	22.17
PTHR14107	1710.22	1666.06	53.0	5.2	8.02
PTHR11252	6515.0	6426.68	154.0	7.71	11.9
PTHR11254	12968.35	12571.0	1020.95	108.27	167.02
PTHR11255	5013.9	4881.42	224.09	20.48	31.6
PTHR14110	3022.0	2889.52	530.0	102.7	158.44
PTHR16201	5256.03	5079.4	205.03	26.09	40.24
PTHR14374	3082.79	2994.48	28.0	4.06	6.26
PTHR18838	3139.08	3006.61	82.0	13.12	20.24
PTHR12687	1524.0	1435.68	18.0	4.0	6.17
PTHR15157	3974.1	3841.62	109.0	14.04	21.67
PTHR18901	8938.12	8629.01	2026.24	247.62	381.99
PTHR12755	3047.17	2958.85	50.0	4.43	6.82
PTHR12750	4469.83	4337.37	269.0	30.87	47.62
PTHR12753	898.11	853.98	31.0	5.96	9.19
PTHR15081	1805.0	1760.84	78.0	7.24	11.17
PTHR15574	4257.65	4081.23	261.0	38.64	59.61
PTHR13931	1894.91	1806.66	110.0	16.71	25.78
PTHR24006	21579.51	20564.29	850.55	132.26	203.99
PTHR12358	8278.98	7925.74	313.72	41.74	64.39
PTHR22748	2529.44	2397.06	74.0	15.44	23.81
PTHR12356	930.53	886.37	19.0	3.52	5.43
PTHR12221	2027.0	1938.68	47.0	7.96	12.27
PTHR30603	6137.5	6005.05	1243.01	100.5	155.02
PTHR12226	2611.89	2523.59	69.0	8.73	13.47
PTHR19876	6794.0	6617.36	1087.62	106.26	163.92
PTHR19877	3183.57	3095.27	383.0	42.98	66.29
PTHR21689	1808.0	1719.69	13.0	2.54	3.92
PTHR31442	2820.35	2687.87	200.0	35.96	55.46
PTHR13803	9478.99	9214.12	237.0	18.15	27.98
PTHR19980	1151.61	1107.49	28.0	4.14	6.39
PTHR12537	2954.0	2865.68	75.0	8.52	13.14
PTHR12532	1442.0	1397.84	64.0	7.49	11.56
PTHR13486	757.21	713.1	34.0	7.84	12.1
PTHR13489	1805.25	1716.93	84.0	15.81	24.39
PTHR17583	3333.0	3200.62	27.0	3.17	4.89
PTHR24198	1436.0	1347.69	191.0	38.21	58.93
PTHR10048	11182.7	11050.22	568.0	27.16	41.9
PTHR24193	4548.56	4327.77	620.02	79.08	121.97
PTHR10044	3065.24	2932.8	426.0	70.15	108.23
PTHR11998	7366.07	7056.98	506.0	64.81	99.97
PTHR11014	5993.7	5817.15	1116.58	126.3	194.82
PTHR10687	3075.86	2987.54	763.76	82.61	127.43
PTHR13069	4777.19	4556.44	47.0	8.84	13.63
PTHR13068	10746.64	10437.56	461.25	46.93	72.42
PTHR10682	2507.38	2419.07	500.0	67.71	104.45
PTHR12829	1423.0	1378.84	46.0	5.46	8.42
PTHR12820	2129.81	2085.65	104.0	8.15	12.57
PTHR12826	847.37	803.35	71.0	14.52	22.39
PTHR12827	2376.0	2155.3	8.0	3.25	5.03
PTHR17920	2305.32	2261.16	106.0	7.66	11.81
PTHR10137	1628.0	1539.68	86.0	18.54	28.6
PTHR11405	8153.95	7977.33	1031.97	99.42	153.39
PTHR11404	2855.83	2767.52	579.0	75.07	115.8
PTHR11406	3741.32	3653.0	435.52	40.08	61.81
PTHR13468	4036.51	3992.35	249.0	10.17	15.69
PTHR14255	6113.92	5849.0	224.76	31.86	49.14
PTHR23406	7303.9	7038.96	629.0	91.72	141.47
PTHR23407	684.47	640.33	40.0	10.28	15.87
PTHR10869	15949.6	15463.86	8326.51	925.08	1426.97
PTHR31717	5206.08	5073.61	476.0	41.56	64.11
PTHR13393	2372.53	2240.09	71.0	15.39	23.74
PTHR15169	1165.0	1120.84	11.0	1.61	2.48
PTHR11315	1520.96	1476.8	66.0	7.31	11.28
PTHR10139	1559.46	1515.31	20.0	2.16	3.33
PTHR10264	3908.33	3775.87	1221.0	149.06	229.95
PTHR10263	1600.58	1512.26	1349.46	259.56	400.4
PTHR31407	7875.79	7566.77	515.0	79.95	123.33
PTHR32170	3997.07	3864.61	339.41	21.32	32.89
PTHR23350	1837.82	1749.5	30.0	4.95	7.63
PTHR23354	5115.12	4894.32	382.99	70.92	109.39
PTHR23355	11192.14	10794.72	371.02	34.55	53.28
PTHR23359	8900.76	8679.96	141.0	15.66	24.15
PTHR11227	3543.64	3411.19	401.63	55.23	85.21
PTHR11220	8730.98	8377.73	2355.4	343.25	529.48
PTHR11223	7111.27	7022.95	432.0	20.41	31.47
PTHR11229	2960.29	2871.98	403.0	48.84	75.34
PTHR10314	14311.91	13870.47	2474.94	281.1	433.62
PTHR14303	695.77	651.61	45.0	11.37	17.54
PTHR23309	880.0	791.71	0.0	0.0	0.0
PTHR23308	3021.65	2845.02	748.0	135.13	208.44
PTHR11139	24374.05	23623.4	786.0	93.93	144.87
PTHR11132	30839.94	29912.78	2496.77	272.0	419.57
PTHR11134	6575.76	6399.16	346.01	28.34	43.73
PTHR11136	2251.75	2119.27	25.0	6.37	9.82
PTHR32374	3450.97	3362.65	359.0	22.19	34.23
PTHR31579	2834.46	2746.21	3380.75	274.13	422.85
PTHR32379	1533.0	1400.56	10.0	3.79	5.85
PTHR31619	1681.56	1637.46	613.31	61.25	94.48
PTHR18919	5170.97	4994.37	7194.14	662.15	1021.42
PTHR32002	9646.13	9292.87	201.0	24.09	37.18
PTHR14413	2055.0	1966.68	91.0	15.09	23.28
PTHR14089	1222.5	1178.35	138.0	19.19	29.59
PTHR22893	2399.1	2354.94	208.0	14.42	22.25
PTHR11661	2839.0	2706.52	296.58	63.96	98.67
PTHR10778	3222.53	3134.21	86.0	9.0	13.89
PTHR10072	3682.93	3594.61	1196.9	151.38	233.52
PTHR12786	1258.96	1214.8	415.99	56.09	86.52
PTHR11706	7601.12	7336.26	222.0	26.52	40.9
PTHR12782	1637.0	1592.84	24.0	2.46	3.8
PTHR11214	4518.17	4385.7	109.0	12.08	18.65
PTHR24188	4993.55	4816.91	444.0	35.32	54.48
PTHR21213	1281.0	1236.84	33.0	4.37	6.74
PTHR10182	3408.56	3276.09	253.0	34.27	52.87
PTHR13923	3596.45	3419.94	56.0	10.27	15.86
PTHR12321	1095.46	1051.31	30.72	4.79	7.39
PTHR12323	715.03	670.9	51.0	12.51	19.3
PTHR14155	18427.14	17588.54	1165.21	208.31	321.36
PTHR21015	4811.54	4634.97	216.0	32.55	50.2
PTHR16196	1641.59	1553.27	41.0	8.53	13.16
PTHR16193	1197.86	1153.7	108.0	15.34	23.66
PTHR22792	5164.62	4943.85	1577.98	241.27	372.18
PTHR22790	4200.79	4024.17	171.0	26.42	40.75
PTHR21680	1227.2	1183.05	181.0	25.06	38.66
PTHR21113	1572.0	1483.7	23.0	10.16	15.67
PTHR19316	2171.13	2082.83	111.01	21.08	32.53
PTHR21663	4335.97	4203.5	60.09	5.59	8.62
PTHR13253	7921.21	7612.1	703.09	95.11	146.72
PTHR21206	1262.09	1217.93	72.0	9.68	14.94
PTHR13789	8842.21	8621.44	3432.88	267.92	413.27
PTHR10071	2804.58	2672.15	263.0	52.09	80.36
PTHR13780	6727.95	6507.18	1082.01	138.74	214.02
PTHR10670	7529.82	7264.91	206.0	24.03	37.05
PTHR10677	1831.48	1699.02	108.0	29.72	45.84
PTHR13078	2869.92	2781.6	255.0	29.53	45.55
PTHR12815	5906.96	5730.32	487.0	55.18	85.13
PTHR12814	1678.87	1590.55	6.0	1.14	1.77
PTHR24361	27238.14	26223.03	2224.59	241.36	372.35
PTHR24362	9980.16	9582.75	398.0	49.59	76.52
PTHR10416	2122.58	2034.27	29.0	5.18	7.98
PTHR10410	4428.82	4252.24	744.0	95.18	146.83
PTHR10783	3877.28	3788.96	461.02	39.76	61.33
PTHR10782	4384.52	4163.78	101.0	15.44	23.83
PTHR13476	1309.0	1264.84	15.0	1.94	3.0
PTHR10788	8892.69	8716.08	1092.75	63.01	97.19
PTHR10891	18482.95	17864.75	3808.08	521.83	804.97
PTHR10890	4330.0	4109.25	81.0	13.67	21.06
PTHR20426	708.42	664.37	44.0	10.9	16.81
PTHR23213	10606.63	10253.4	280.0	34.65	53.45
PTHR10520	6846.72	6670.12	618.0	64.4	99.34
PTHR10250	2714.62	2582.14	3485.23	704.91	1087.38
PTHR10527	14644.88	14335.77	1242.99	90.38	139.4
PTHR31384	6499.67	6234.77	152.0	33.28	51.34
PTHR31385	3746.13	3613.66	707.0	83.35	128.57
PTHR10091	1515.73	1427.42	102.0	22.88	35.29
PTHR31140	965.0	876.7	14.0	5.26	8.12
PTHR31412	7828.46	7607.66	512.0	80.99	124.92
PTHR11787	4500.42	4367.95	1219.0	106.05	163.59
PTHR11785	15907.2	15333.21	891.0	106.46	164.22
PTHR11782	5557.21	5380.57	194.0	19.45	29.99
PTHR31419	3582.12	3405.52	366.99	76.22	117.57
PTHR11780	2262.0	2217.84	419.0	30.86	47.6
PTHR13902	6137.22	6004.74	312.0	26.44	40.79
PTHR23324	3334.72	3246.4	519.0	55.96	86.32
PTHR23327	2665.55	2577.23	343.0	44.09	68.01
PTHR23326	2966.0	2833.52	71.0	14.14	21.79
PTHR23321	1750.0	1661.68	66.0	14.61	22.52
PTHR23323	6518.91	6298.11	407.23	49.13	75.77
PTHR23322	4807.02	4542.15	185.0	37.67	58.1
PTHR23329	2498.42	2321.9	71.0	22.49	34.69
PTHR11236	5786.47	5521.53	41.0	6.33	9.77
PTHR10322	7340.77	6987.64	73.0	6.03	9.3
PTHR11239	2650.3	2517.83	51.0	9.92	15.31
PTHR10803	2466.3	2378.04	299.99	36.86	56.85
PTHR11101	1019.78	975.71	58.0	9.75	15.04
PTHR31964	24821.9	24027.1	14025.2	2010.96	3102.04
PTHR23030	2218.66	2174.51	230.72	17.33	26.74
PTHR11129	3578.1	3445.86	203.01	29.08	44.85
PTHR11122	3939.25	3806.78	249.0	29.56	45.6
PTHR15316	2136.27	2047.96	169.0	28.87	44.52
PTHR11127	1116.0	1027.77	6868.86	4348.9	6708.46
PTHR11125	2678.29	2545.82	168.0	36.48	56.26
PTHR31566	2103.0	2058.84	44.0	3.49	5.39
PTHR31567	1352.0	1307.84	187.0	23.41	36.11
PTHR31561	3209.0	3120.68	3.0	0.39	0.6
PTHR15137	2121.96	1901.36	12.0	4.79	7.4
PTHR14950	3415.0	3194.23	28.0	6.75	10.41
PTHR15954	2205.58	2117.35	95.0	14.9	22.98
PTHR15952	4528.66	4440.35	167.0	13.13	20.27
PTHR16266	3205.08	3072.72	80.0	13.44	20.72
PTHR21597	2747.42	2526.8	34.0	8.09	12.5
PTHR19271	1622.0	1577.84	17.0	1.76	2.72
PTHR19861	1330.0	1285.84	61.0	7.77	11.98
PTHR13343	7035.63	6814.84	713.09	78.47	121.05
PTHR12029	9540.09	9186.9	140.0	18.59	28.67
PTHR21220	517.0	472.85	12.0	4.2	6.47
PTHR22780	9417.48	9285.0	992.39	49.77	76.77
PTHR11952	6020.24	5843.61	339.0	31.27	48.23
PTHR21477	2839.3	2662.67	66.0	17.27	26.62
PTHR19308	5365.0	5232.52	1030.34	67.3	103.83
PTHR16301	1234.16	1145.86	17.0	5.14	7.92
PTHR13265	1159.23	1115.08	84.0	12.35	19.04
PTHR22870	18774.57	17935.62	990.0	149.86	231.17
PTHR17630	2206.07	2117.88	985.04	123.13	189.93
PTHR10064	1170.96	1082.7	10279.02	5590.87	8624.26
PTHR10066	3009.13	2920.81	193.24	21.59	33.32
PTHR10060	2119.83	2031.51	56.15	9.23	14.24
PTHR10663	30945.6	30106.68	1106.02	85.13	131.31
PTHR10666	7953.11	7644.07	22569.1	5984.71	9231.79
PTHR10668	9115.25	8762.02	346.0	47.22	72.84
PTHR12801	3714.46	3582.0	145.0	19.03	29.35
PTHR12802	2136.93	2004.47	85.0	25.86	39.89
PTHR12805	1644.91	1600.75	97.0	9.91	15.29
PTHR12806	912.81	868.66	126.0	23.82	36.74
PTHR21091	11299.55	10990.46	1447.87	137.3	211.8
PTHR21090	6134.28	6001.87	136.0	13.04	20.11
PTHR21228	4322.8	4190.32	74.0	11.04	17.02
PTHR24314	4675.41	4542.94	317.0	28.76	44.37
PTHR11933	1248.16	1204.0	29.0	3.95	6.09
PTHR11932	7979.37	7714.53	829.97	78.4	120.93
PTHR11426	2915.78	2739.19	1442.0	242.65	374.31
PTHR11937	15252.54	14634.38	3960.19	433.5	668.7
PTHR11938	17697.05	17343.83	4276.06	278.1	428.97
PTHR13683	27202.72	26187.11	2486.79	268.22	413.76
PTHR24089	49117.94	47528.71	2291.5	239.98	370.19
PTHR10796	3529.0	3440.68	209.0	20.05	30.93
PTHR10794	7011.94	6835.3	346.06	31.92	49.25
PTHR10795	22790.5	21731.25	6128.48	927.49	1430.73
PTHR10792	2068.08	1935.66	9703.18	5245.08	8090.87
PTHR10799	45743.39	43580.5	1062.07	155.03	239.18
PTHR10882	996.99	952.85	43.0	7.4	11.42
PTHR10887	26638.03	25225.39	667.0	97.33	150.17
PTHR11686	4391.36	4258.88	355.0	43.76	67.51
PTHR11685	9647.37	9294.41	7605.52	606.06	934.9
PTHR11680	6519.41	6298.61	2986.07	363.73	561.08
PTHR24221	28880.94	27865.38	5592.72	507.0	782.08
PTHR24220	7895.94	7631.01	400.0	52.83	81.51
PTHR24223	32537.19	31212.98	10940.23	936.09	1443.95
PTHR11689	15754.0	15400.82	517.0	28.79	44.4
PTHR10252	3211.1	3078.62	371.0	54.11	83.46
PTHR31173	1660.05	1571.79	39.0	13.41	20.69
PTHR12538	1076.56	988.33	10926.05	6900.6	10644.61
PTHR10625	9856.18	9502.94	287.0	45.74	70.57
PTHR31606	740.0	695.84	79.0	18.68	28.81
PTHR31356	6268.95	5959.94	2465.86	488.84	754.06
PTHR31352	10089.17	9868.4	3536.08	253.58	391.17
PTHR31350	2869.88	2737.41	469.0	76.55	118.08
PTHR11758	827.0	782.84	94.0	19.73	30.44
PTHR23333	964.96	920.8	86.0	15.33	23.64
PTHR11751	17723.7	17017.35	2798.0	294.09	453.69
PTHR11753	3774.19	3597.56	344.1	63.04	97.25
PTHR11752	28258.41	27463.63	1466.43	142.37	219.56
PTHR11206	10320.02	10010.95	493.0	57.5	88.72
PTHR23338	3415.53	3283.07	363.75	56.57	87.25
PTHR24420	659283.42	631432.21	30337.46	3205.9	4945.35
PTHR10332	2090.76	2046.6	73.0	5.83	8.99
PTHR14140	2245.5	2113.35	7.0	1.55	2.39
PTHR14145	3585.08	3452.61	364.69	55.53	85.65
PTHR13600	1417.32	1373.16	116.0	13.83	21.33
PTHR12848	3404.66	3272.2	147.0	21.97	33.89
PTHR31066	683.0	638.84	10.0	2.58	3.98
PTHR15744	1782.96	1738.8	138.0	12.98	20.02
PTHR13604	1355.29	1267.01	65.0	18.97	29.26
PTHR23029	11441.51	10955.81	459.89	65.7	101.35
PTHR23023	1098.87	1010.6	575.04	135.4	208.86
PTHR31142	3014.35	2881.88	345.94	60.6	93.49
PTHR12847	4569.81	4393.18	80.93	12.53	19.32
PTHR11119	2577.77	2489.49	1062.0	162.19	250.2
PTHR12841	1298.0	1253.84	53.0	6.92	10.68
PTHR31595	4060.29	3927.82	33.0	7.11	10.98
PTHR31596	513.0	468.85	3.0	1.06	1.63
PTHR15948	1368.44	1324.28	84.58	10.46	16.13
PTHR32026	28640.66	27580.93	857.02	111.42	171.86
PTHR31829	1107.68	1063.52	475.0	73.22	112.94
PTHR19241	47531.42	45765.58	13457.55	4758.14	7339.76
PTHR14894	2317.0	2272.84	37.0	2.66	4.1
PTHR15239	2913.36	2736.74	87.0	22.09	34.07
PTHR19854	2347.33	2259.01	14.0	2.04	3.14
PTHR32497	2583.0	2538.84	86.0	5.53	8.53
PTHR12497	2030.63	1898.18	87.0	18.3	28.23
PTHR12304	1774.0	1729.84	188.0	17.77	27.41
PTHR30540	6939.72	6630.64	280.0	33.55	51.77
PTHR13302	2885.0	2796.68	105.99	12.74	19.65
PTHR12472	1481.53	1393.24	17.0	3.84	5.92
PTHR13308	2944.2	2811.73	92.0	15.98	24.64
PTHR12477	4246.83	4114.37	412.0	55.06	84.95
PTHR32148	1895.15	1806.84	348.96	60.85	93.86
PTHR13878	2391.98	2347.82	155.0	10.78	16.63
PTHR21461	34171.19	33155.65	1215.01	131.3	202.57
PTHR13872	6093.46	5872.71	11287.14	5316.94	8201.71
PTHR22849	15378.79	14937.23	703.0	58.09	89.59
PTHR21314	1611.0	1566.84	15.0	1.57	2.42
PTHR13271	36414.08	35089.44	1497.73	166.41	256.7
PTHR22841	2213.36	2125.05	217.0	32.41	50.0
PTHR13273	1094.81	1050.66	139.85	21.82	33.66
PTHR22847	26253.21	25281.76	1690.95	193.14	297.93
PTHR22846	1412.5	1324.19	66.0	15.94	24.59
PTHR22844	8738.16	8340.77	320.81	50.81	78.38
PTHR23284	1576.0	1531.84	251.89	26.9	41.5
PTHR21266	15209.92	14592.19	1476.8	144.72	223.24
PTHR12271	3825.02	3692.55	196.0	26.74	41.25
PTHR21262	10712.47	10403.45	1527.95	83.23	128.39
PTHR12276	3409.0	3320.68	195.0	23.28	35.92
PTHR10657	1392.65	1304.33	402.0	101.33	156.31
PTHR16557	3331.68	3199.21	109.0	17.23	26.58
PTHR10655	2275.53	2187.21	127.0	16.11	24.85
PTHR10652	3105.77	2973.3	3434.95	447.88	690.87
PTHR17972	3077.62	2989.34	90.0	8.71	13.43
PTHR21085	1493.0	1448.84	107.0	12.08	18.64
PTHR11922	5832.4	5655.76	276.37	30.3	46.74
PTHR12505	2290.19	2201.87	146.0	20.8	32.09
PTHR10438	15720.18	15057.86	1590.02	283.42	437.2
PTHR11926	7168.39	6903.48	444.99	43.02	66.38
PTHR11431	3123.78	3035.46	1557.93	172.08	265.44
PTHR10436	8803.51	8362.22	200.0	33.12	51.11
PTHR10434	3031.99	2943.68	30.0	3.3	5.08
PTHR24096	13398.94	13089.83	6008.39	481.62	742.93
PTHR13018	16147.17	15793.98	971.1	65.48	101.0
PTHR24095	20308.3	19778.42	4603.9	424.81	655.32
PTHR24092	20641.44	19802.91	1955.01	246.91	380.9
PTHR24093	53843.32	52165.57	8235.21	744.69	1148.7
PTHR10758	3660.52	3572.2	1183.0	113.36	174.87
PTHR13451	1399.48	1355.32	45.0	5.43	8.38
PTHR13452	739.91	695.75	58.99	13.95	21.52
PTHR10759	859.41	815.25	185.0	37.28	57.51
PTHR12901	909.0	864.84	29.0	5.51	8.49
PTHR12903	2402.56	2314.24	370.0	50.81	78.39
PTHR13992	730.0	685.84	7.0	1.68	2.59
PTHR23237	400.0	355.86	40.0	18.67	28.79
PTHR10501	2077.33	1989.01	82.0	14.28	22.03
PTHR31169	2892.69	2760.23	68.0	13.63	21.03
PTHR12277	5310.44	5177.97	602.0	55.21	85.16
PTHR14087	653.67	609.53	20.0	5.41	8.34
PTHR14085	2051.0	2006.84	57.0	4.64	7.16
PTHR31344	1736.59	1648.27	43.0	8.86	13.67
PTHR23306	3771.56	3683.24	183.02	13.8	21.29
PTHR23305	1319.66	1275.5	38.0	4.88	7.52
PTHR11748	3366.34	3278.03	171.0	17.56	27.11
PTHR11742	6751.99	6487.09	173.0	17.8	27.46
PTHR11216	3830.39	3697.92	535.52	67.69	104.41
PTHR11210	2651.14	2518.68	378.0	80.36	123.94
PTHR14154	12824.3	12250.32	1001.26	184.14	284.02
PTHR10344	1056.23	1012.07	12.0	1.94	3.0
PTHR10343	7344.04	7079.08	421.69	49.73	76.73
PTHR11699	10995.15	10730.29	2841.75	237.36	366.12
PTHR11692	992.17	948.04	221.94	38.41	59.24
PTHR11693	3046.0	2957.68	1283.0	142.47	219.78
PTHR11695	15884.1	15265.93	2534.72	359.82	555.05
PTHR31760	1434.45	1390.29	41.0	4.83	7.45
PTHR31840	696.37	652.22	13.0	3.28	5.06
PTHR31906	10317.27	9964.0	496.06	63.03	97.24
PTHR21419	1836.0	1791.84	70.0	6.39	9.85
PTHR23012	10613.07	10259.83	841.34	89.33	137.81
PTHR11102	9627.83	9274.61	2433.92	244.75	377.53
PTHR11106	3931.3	3798.82	376.0	53.11	81.95
PTHR31585	6058.17	5881.54	187.98	18.6	28.67
PTHR32125	1414.11	1369.95	168.72	20.16	31.1
PTHR31588	1963.7	1919.54	519.0	44.19	68.16
PTHR32120	2092.0	2047.84	109.0	8.7	13.42
PTHR15680	1080.88	1036.72	340.0	53.77	82.95
PTHR11804	5698.47	5477.69	967.0	79.56	122.71
PTHR11374	1812.58	1768.42	12.0	1.11	1.71
PTHR11808	7722.8	7458.03	366.0	33.77	52.09
PTHR12000	2999.6	2867.17	702.03	155.88	240.45
PTHR18895	4147.95	3971.31	33.0	5.94	9.16
PTHR12169	2125.0	2080.84	17.0	1.33	2.06
PTHR12486	1904.35	1816.04	44.0	8.26	12.76
PTHR12480	4018.36	3841.78	116.0	18.04	27.84
PTHR12482	5749.0	5572.4	404.03	41.15	63.48
PTHR12317	7324.23	7103.43	544.92	52.08	80.33
PTHR12649	971.93	927.77	233.0	41.21	63.57
PTHR10099	3395.6	3351.47	440.0	21.42	33.04
PTHR12461	4463.79	4287.18	43.0	5.7	8.79
PTHR12466	2099.7	2011.38	32.69	5.21	8.04
PTHR10098	850.0	761.78	1.0	0.33	0.51
PTHR13847	9498.69	9145.42	1936.25	239.79	369.91
PTHR26312	6704.4	6483.6	596.0	72.01	111.08
PTHR12001	5434.0	5257.36	456.0	65.55	101.12
PTHR21327	2085.55	2041.39	568.0	45.46	70.13
PTHR21631	6344.83	6124.05	7968.04	804.45	1240.9
PTHR22854	2553.96	2465.64	397.0	43.19	66.63
PTHR22855	6735.13	6602.7	1041.15	109.01	168.15
PTHR22850	16090.19	15648.61	726.82	78.9	121.69
PTHR22504	1902.58	1858.42	1252.13	110.13	169.88
PTHR22915	14025.7	13451.68	3259.5	314.11	484.54
PTHR21256	3011.7	2923.38	174.0	18.09	27.9
PTHR12265	648.0	603.84	13.0	3.55	5.47
PTHR12266	3682.0	3593.68	287.0	29.02	44.76
PTHR10648	2970.48	2882.19	997.67	83.9	129.41
PTHR30178	2504.72	2416.4	530.98	72.78	112.26
PTHR10641	14997.75	14070.75	2675.65	283.39	437.16
PTHR19842	1217.41	1173.25	274.0	38.26	59.02
PTHR10644	10661.34	10352.26	785.99	71.57	110.39
PTHR30535	7932.09	7623.0	481.0	73.49	113.36
PTHR12864	1834.0	1745.68	58.0	10.8	16.66
PTHR12860	2164.0	2075.68	134.0	20.54	31.68
PTHR13194	5001.54	4824.96	823.71	72.84	112.37
PTHR13193	696.04	651.88	47.0	11.87	18.31
PTHR11913	683.0	638.84	295.0	76.04	117.3
PTHR11911	7563.92	7254.83	3745.95	448.14	691.27
PTHR11910	1845.21	1756.89	442.0	78.81	121.56
PTHR12919	1213.0	1124.7	119.0	25.18	38.84
PTHR12910	1930.51	1842.2	276.0	41.37	63.83
PTHR12917	1953.0	1908.84	316.0	27.06	41.73
PTHR11351	3258.22	3081.62	243.0	22.57	34.82
PTHR11353	22179.72	21561.67	3090.45	278.44	429.51
PTHR11599	11409.28	10967.76	3190.99	481.97	743.48
PTHR10516	18337.73	17587.12	3340.0	429.36	662.35
PTHR11592	3823.08	3690.63	1024.9	173.81	268.12
PTHR11659	1592.96	1548.83	74.0	7.81	12.05
PTHR31724	2563.2	2474.88	276.0	24.89	38.4
PTHR13734	4105.21	3972.73	95.0	10.94	16.87
PTHR23315	61322.76	59071.19	2375.04	264.42	407.87
PTHR23316	3679.36	3591.06	1163.48	106.09	163.66
PTHR11778	3835.09	3746.77	255.0	20.29	31.31
PTHR11777	6789.46	6612.82	802.94	46.63	71.93
PTHR11774	4080.34	3903.71	200.0	31.63	48.8
PTHR11773	3615.7	3527.39	409.0	37.93	58.51
PTHR11772	6620.33	6399.55	8448.74	1086.28	1675.65
PTHR10357	31026.71	30320.39	5391.17	396.17	611.11
PTHR10353	14969.2	14307.0	398.0	42.8	66.04
PTHR10350	2410.87	2278.4	37.0	9.58	14.76
PTHR10351	1102.0	1057.84	516.96	80.12	123.59
PTHR32557	1547.57	1503.42	65.0	7.07	10.91
PTHR10359	7452.4	7143.32	274.0	51.79	79.89
PTHR32442	1171.81	1127.65	97.0	14.1	21.74
PTHR31750	3525.31	3392.86	102.02	16.38	25.26
PTHR23418	390.58	346.53	229.0	109.78	169.34
PTHR14189	1067.47	1023.44	56.22	9.0	13.89
PTHR21021	1401.23	1357.07	52.0	6.27	9.68
PTHR32228	1498.0	1453.84	58.0	6.53	10.07
PTHR31245	1354.78	1310.66	283.0	35.35	54.53
PTHR23001	2088.0	2043.84	566.0	45.25	69.8
PTHR23002	3763.38	3630.93	92.0	12.35	19.04
PTHR11177	5317.83	5185.35	345.0	34.11	52.61
PTHR11178	3599.38	3466.9	551.0	76.14	117.45
PTHR14456	1425.32	1337.0	31.0	8.14	12.56
PTHR31808	1406.18	1362.02	589.0	70.78	109.19
PTHR13693	5475.25	5298.63	331.0	34.2	52.75
PTHR11009	2974.59	2886.28	186.0	20.39	31.46
PTHR19229	15152.99	14490.82	1881.1	291.81	450.14
PTHR11482	7736.87	7516.11	3048.31	125.75	193.99
PTHR11005	7929.02	7575.79	546.22	63.07	97.29
PTHR18640	2387.85	2343.69	13.0	0.91	1.4
PTHR18866	11419.45	10977.89	1010.5	141.85	218.8
PTHR12022	756.0	711.84	312.0	72.1	111.21
PTHR15074	2983.0	2938.84	768.11	42.66	65.8
PTHR15588	2607.0	2518.68	172.0	22.89	35.32
PTHR12677	5379.78	5203.34	543.4	76.19	117.53
PTHR19134	3041.27	2952.95	104.0	10.46	16.13
PTHR19879	2463.49	2331.05	74.0	14.4	22.19
PTHR30566	2561.36	2473.04	256.0	34.97	53.94
PTHR12456	800.0	711.74	0.0	0.0	0.0
PTHR12452	634.42	590.39	20.0	5.58	8.61
PTHR19359	2213.98	2125.66	97.0	16.72	25.79
PTHR12072	4473.87	4297.28	118.66	18.96	29.24
PTHR13218	1376.0	1331.84	100.0	12.29	18.96
PTHR13215	1352.69	1308.53	368.0	46.05	71.03
PTHR13213	2141.0	2052.69	7.0	0.99	1.52
PTHR21530	3836.15	3703.68	551.04	74.81	115.4
PTHR12298	8369.12	8060.0	243.0	46.08	71.08
PTHR10638	4231.67	4099.3	372.0	40.85	63.0
PTHR10631	4373.24	4240.77	125.0	14.84	22.91
PTHR10984	6747.5	6526.72	313.85	38.51	59.4
PTHR12858	5702.67	5437.73	137.0	26.38	40.69
PTHR13505	896.28	852.12	124.0	23.9	36.86
PTHR12856	1721.96	1633.65	143.0	28.98	44.7
PTHR12855	714.43	670.38	31.0	7.61	11.74
PTHR12854	1030.0	941.7	9.0	3.4	5.23
PTHR13190	1757.62	1669.35	61.0	10.28	15.85
PTHR13182	1911.0	1866.84	186.0	16.28	25.12
PTHR10855	3513.54	3381.06	394.0	53.97	83.26
PTHR10585	2262.86	2130.4	92.0	20.19	31.14
PTHR10743	1008.13	963.97	46.0	7.83	12.08
PTHR10742	21039.09	20332.91	960.31	96.32	148.58
PTHR10745	2408.55	2364.39	263.05	18.17	28.03
PTHR10744	1923.15	1790.79	482.65	126.21	194.69
PTHR10746	2671.39	2583.1	406.0	51.51	79.46
PTHR11099	2212.0	2167.84	206.0	15.52	23.94
PTHR12924	1265.31	1221.15	147.0	19.72	30.41
PTHR11627	3799.14	3666.74	1882.74	230.51	355.58
PTHR11525	352.0	307.88	0.0	0.0	0.0
PTHR11349	969.0	924.84	1.0	0.18	0.27
PTHR10566	25222.42	24251.31	1110.86	135.66	209.27
PTHR11588	7405.11	7228.47	979.73	86.98	134.16
PTHR10291	1789.0	1744.84	26.0	2.44	3.76
PTHR11584	7352.37	7043.37	1571.07	116.78	180.13
PTHR11586	1169.83	1125.7	355.0	51.67	79.71
PTHR11909	7559.15	7338.35	1600.0	149.75	231.01
PTHR24320	1267.77	1223.73	22.15	2.96	4.57
PTHR24322	18928.0	18133.26	2091.92	328.22	506.28
PTHR11907	3415.56	3327.33	366.0	32.58	50.26
PTHR11760	1273.0	1184.69	0.0	0.0	0.0
PTHR11761	1891.18	1802.86	489.08	135.27	208.66
PTHR11766	2654.2	2565.88	30.0	4.0	6.18
PTHR11767	9953.68	9644.59	527.95	44.66	68.9
PTHR10361	3652.51	3520.03	19.0	2.21	3.41
PTHR10366	41365.31	40128.94	7718.03	851.51	1313.55
PTHR10169	10175.88	9910.93	181.0	17.1	26.37
PTHR10168	5638.55	5417.75	570.95	111.87	172.58
PTHR20973	1048.83	1004.71	34.0	5.55	8.56
PTHR10165	2214.43	2126.11	151.0	23.06	35.56
PTHR31032	3128.69	3040.38	504.07	50.83	78.41
PTHR23257	31541.47	30349.53	2212.04	262.83	405.45
PTHR23253	2039.7	1951.42	136.0	26.72	41.22
PTHR14190	2725.02	2680.86	50.02	3.05	4.7
PTHR14194	6945.78	6725.0	158.0	17.13	26.41
PTHR31251	3209.0	3076.54	119.0	12.89	19.9
PTHR23074	13562.39	12812.08	1113.7	182.16	280.96
PTHR23077	13198.48	12712.84	1983.99	147.16	227.01
PTHR23076	18683.95	18198.23	4816.42	426.46	657.86
PTHR12561	1072.0	1027.84	5.0	0.8	1.23
PTHR23073	8783.62	8474.62	2234.26	242.8	374.52
PTHR12560	1092.11	1047.95	61.0	9.54	14.72
PTHR23078	2932.0	2887.84	190.0	10.74	16.56
PTHR11165	2783.29	2650.89	946.0	153.02	236.04
PTHR10772	3100.82	2968.35	591.03	100.18	154.54
PTHR32100	4944.87	4812.39	85.0	8.7	13.42
PTHR14534	957.2	913.04	95.0	17.08	26.34
PTHR14445	3124.29	2991.83	274.0	37.39	57.66
PTHR23109	3457.71	3325.32	74.21	12.56	19.38
PTHR31811	1954.53	1910.37	100.0	8.55	13.2
PTHR23102	3381.74	3293.49	357.0	27.77	42.83
PTHR23105	6611.73	6302.68	5716.92	1919.15	2960.39
PTHR11010	3987.55	3899.24	182.0	15.36	23.68
PTHR12668	3683.97	3551.51	513.77	68.45	105.58
PTHR12661	1203.89	1159.74	58.08	8.2	12.66
PTHR12663	4567.0	4478.68	73.0	3.28	5.06
PTHR12664	587.42	543.26	29.0	8.81	13.59
PTHR16166	31121.72	30459.42	1295.09	87.95	135.64
PTHR12111	766.98	722.83	46.0	10.47	16.15
PTHR12446	2808.0	2631.52	35.0	4.73	7.29
PTHR12447	2222.0	2133.68	52.0	8.0	12.33
PTHR15481	850.0	805.84	19.0	3.87	5.98
PTHR26379	2254.27	2210.12	88.0	6.5	10.03
PTHR12599	1487.71	1443.55	263.04	29.82	46.0
PTHR12596	5472.68	5340.2	243.0	12.14	18.74
PTHR12590	1016.8	972.64	72.0	12.14	18.73
PTHR12066	1079.0	1034.84	2.0	0.32	0.49
PTHR12064	6445.05	6136.17	289.0	76.54	118.08
PTHR13226	504.14	460.01	7.0	2.52	3.88
PTHR13889	1601.06	1556.9	141.79	14.9	22.98
PTHR13887	1331.63	1287.47	765.02	97.3	150.08
PTHR21181	1654.71	1566.39	106.0	24.29	37.47
PTHR13948	3150.29	2973.73	87.0	20.13	31.06
PTHR10459	5999.23	5734.29	93.0	13.64	21.03
PTHR11453	3531.41	3398.93	33.0	5.57	8.58
PTHR19306	5691.52	5559.05	191.0	17.32	26.72
PTHR21506	2699.0	2610.68	122.0	15.3	23.61
PTHR12280	6424.48	6203.68	451.96	61.48	94.83
PTHR12281	3169.01	3036.54	244.74	38.65	59.6
PTHR12286	2442.09	2353.79	121.0	17.12	26.41
PTHR30573	2332.0	2287.84	75.0	5.35	8.26
PTHR22983	7858.0	7548.89	58.0	8.28	12.79
PTHR22981	8564.15	8255.06	778.0	95.88	147.91
PTHR30191	2822.81	2778.65	152.63	8.97	13.83
PTHR13082	932.0	887.84	54.0	9.98	15.4
PTHR10629	6976.51	6667.42	26.0	6.66	10.27
PTHR10994	36720.16	35572.11	3046.37	360.96	556.79
PTHR10996	9343.68	8990.79	550.0	62.13	95.83
PTHR10997	13305.05	12951.88	563.32	59.43	91.68
PTHR10992	48179.65	46590.24	3818.85	404.36	623.8
PTHR10993	1579.0	1490.68	13.0	2.89	4.46
PTHR17695	2535.12	2402.66	14.0	3.33	5.15
PTHR12849	1302.31	1258.16	98.0	12.75	19.67
PTHR21712	1100.28	1056.12	82.0	12.73	19.64
PTHR21294	1127.0	1082.84	373.79	56.58	87.29
PTHR21290	3330.77	3154.16	125.0	22.16	34.19
PTHR21349	2480.73	2392.41	27.0	2.53	3.91
PTHR21347	1238.81	1194.66	154.0	21.12	32.57
PTHR21343	2743.11	2610.65	23.0	2.99	4.62
PTHR10196	6713.57	6492.77	224.0	23.97	36.98
PTHR10192	1334.26	1290.11	96.0	12.18	18.8
PTHR10751	10603.0	10205.66	307.14	29.76	45.92
PTHR10755	2854.0	2765.68	182.44	20.31	31.35
PTHR13152	1097.22	1053.06	66.0	10.27	15.85
PTHR12932	970.0	925.84	8.0	1.42	2.19
PTHR12934	2575.96	2487.64	406.36	56.78	87.59
PTHR11451	7530.19	7353.58	848.08	78.75	121.49
PTHR10288	4024.0	3759.07	164.0	36.15	55.78
PTHR11800	2602.86	2514.56	119.0	15.65	24.13
PTHR11802	7544.27	7235.16	287.0	56.45	87.09
PTHR12891	2125.85	1993.4	97.0	21.81	33.65
PTHR11807	3392.57	3260.11	54.0	8.21	12.67
PTHR10281	4572.95	4440.58	376.0	48.23	74.42
PTHR10283	6809.56	6588.89	192.0	18.15	27.99
PTHR10285	11434.23	11080.97	397.0	41.69	64.31
PTHR10286	12591.92	11929.72	139.0	26.48	40.81
PTHR11579	3168.97	3080.65	528.28	56.05	86.46
PTHR13718	3751.37	3574.74	806.11	213.86	329.89
PTHR13711	6705.25	6440.39	506.0	53.39	82.36
PTHR13710	13323.39	12837.68	195.0	26.89	41.49
PTHR11977	3156.5	3112.34	63.74	3.34	5.15
PTHR11972	1549.46	1505.31	37.0	4.02	6.2
PTHR31480	944.5	900.34	0.0	0.0	0.0
PTHR31485	5980.6	5759.8	171.02	23.57	36.37
PTHR11715	732.09	687.94	118.55	28.35	43.74
PTHR11717	2239.66	2151.35	132.0	18.71	28.85
PTHR11711	15549.51	15107.93	5052.77	606.12	934.96
PTHR11712	4159.71	4071.39	302.28	23.03	35.51
PTHR10374	4524.5	4392.03	1570.69	159.22	245.6
PTHR10178	7518.23	7165.01	113.96	17.36	26.78
PTHR20961	17981.08	17274.68	410.95	58.47	90.2
PTHR10173	4529.04	4308.25	1067.0	225.47	347.8
PTHR10177	10618.41	10309.31	179.0	12.89	19.89
PTHR10174	12255.83	11902.56	669.0	78.6	121.25
PTHR23249	1477.18	1388.86	98.0	23.88	36.84
PTHR23244	11949.79	11508.38	540.29	60.01	92.54
PTHR23245	5303.15	5082.36	58.01	9.22	14.22
PTHR23240	4458.0	4193.2	20.0	3.68	5.68
PTHR14614	9218.56	8865.32	241.98	38.94	60.08
PTHR31268	9217.34	8864.16	346.0	20.63	31.81
PTHR31262	1590.97	1458.54	21120.1	8341.35	12867.07
PTHR23063	7350.87	7174.24	727.0	65.2	100.58
PTHR11620	1060.0	1015.84	364.61	58.86	90.8
PTHR11624	6730.0	6509.22	422.85	44.45	68.57
PTHR11390	4599.67	4467.19	72.0	7.69	11.87
PTHR31620	4839.01	4662.4	517.0	80.27	123.83
PTHR31319	2777.0	2688.68	606.0	58.83	90.75
PTHR14052	1252.35	1208.19	40.0	5.42	8.37
PTHR32118	2006.0	1961.84	401.0	33.4	51.52
PTHR14152	430.0	385.86	8.0	3.44	5.3
PTHR23117	2907.18	2818.88	132.0	27.37	42.22
PTHR23115	31909.82	30982.52	180592.12	19821.4	30575.76
PTHR11028	1331.0	1286.84	424.0	53.95	83.22
PTHR11024	2967.39	2879.07	178.0	20.95	32.31
PTHR12616	916.09	871.93	31.0	5.84	9.0
PTHR12613	1371.45	1327.3	161.03	19.86	30.64
PTHR12612	1093.0	1048.84	950.0	148.5	229.08
PTHR32060	3521.98	3433.67	541.59	37.66	58.09
PTHR12126	2804.15	2715.83	461.2	53.29	82.2
PTHR12124	4573.76	4397.21	38.0	4.85	7.48
PTHR22734	2899.56	2811.25	91.01	10.85	16.73
PTHR12121	8743.07	8434.05	308.0	33.75	52.06
PTHR12438	1205.0	1116.69	16.0	4.74	7.31
PTHR15492	2053.67	2009.51	30.0	2.44	3.76
PTHR21426	4381.02	4204.45	242.0	27.18	41.93
PTHR21427	1131.0	1086.84	75.0	11.31	17.45
PTHR19372	1596.0	1551.84	141.0	14.86	22.93
PTHR19370	7249.73	6984.88	631.0	70.32	108.48
PTHR19376	13474.14	13032.74	964.0	76.83	118.51
PTHR19375	20077.74	19459.69	2587.41	209.34	322.92
PTHR12725	2661.71	2573.39	342.0	38.64	59.6
PTHR22884	25378.62	24230.76	652.71	87.21	134.54
PTHR22883	19260.34	18730.45	752.0	89.82	138.53
PTHR22881	1005.55	961.4	90.0	15.36	23.69
PTHR12542	29656.3	28640.82	2118.19	265.29	409.22
PTHR12547	4621.85	4445.28	234.0	17.42	26.87
PTHR12436	4135.48	3958.85	74.0	14.99	23.12
PTHR21512	4274.61	4097.97	106.0	15.4	23.75
PTHR12965	3238.74	3106.27	79.0	14.15	21.82
PTHR14744	1687.09	1642.93	162.0	16.13	24.87
PTHR30502	2144.9	2100.75	73.0	5.68	8.76
PTHR10961	2003.4	1959.24	33.0	2.75	4.25
PTHR10617	8114.83	7850.02	1676.44	171.53	264.61
PTHR10615	3355.94	3223.47	191.0	18.75	28.92
PTHR13527	523.42	479.27	15.0	5.17	7.98
PTHR22958	1686.66	1642.5	94.0	9.36	14.44
PTHR22951	4318.52	4230.2	462.83	34.63	53.41
PTHR22950	22625.58	21919.16	535.0	57.56	88.81
PTHR22953	6569.14	6392.52	148.0	13.55	20.89
PTHR22952	23850.68	22967.72	9584.97	1111.98	1715.32
PTHR22957	19170.54	18464.08	939.56	111.8	172.46
PTHR21600	2435.81	2347.49	71.0	12.2	18.81
PTHR24056	14103.3	13661.79	1188.1	135.08	208.37
PTHR24054	2423.66	2335.35	643.0	60.19	92.85
PTHR24055	10208.68	9811.39	986.5	125.62	193.8
PTHR24058	7408.72	7099.64	770.9	99.54	153.54
PTHR10766	11443.24	11134.13	2836.01	265.09	408.91
PTHR10762	3908.69	3776.22	48.0	6.96	10.73
PTHR30031	6570.81	6350.05	7865.23	1117.91	1724.45
PTHR12945	1388.07	1343.92	21.0	2.56	3.95
PTHR12944	2224.52	2136.23	124.0	20.94	32.31
PTHR24128	1667.06	1578.74	72.0	16.46	25.39
PTHR13096	2667.5	2579.18	3.0	0.7	1.08
PTHR11364	1649.18	1605.02	262.0	26.7	41.18
PTHR11365	3348.57	3260.32	357.37	35.45	54.67
PTHR10548	5875.81	5699.23	797.04	91.51	141.16
PTHR11817	11274.96	10921.69	2009.81	232.62	358.81
PTHR11814	10082.82	9817.88	1192.0	88.68	136.79
PTHR11363	1898.12	1853.96	333.68	29.42	45.38
PTHR10543	3930.78	3798.3	28.0	3.34	5.14
PTHR11819	4942.38	4854.07	517.0	35.69	55.06
PTHR10544	798.81	754.66	100.0	21.78	33.6
PTHR11562	9278.78	9057.99	452.0	41.12	63.45
PTHR11566	15264.66	14911.55	899.42	66.85	103.14
PTHR11567	2337.93	2161.32	88.0	21.69	33.46
PTHR11564	8107.98	7931.37	776.4	62.62	96.6
PTHR11962	3527.86	3439.54	97.07	9.06	13.98
PTHR11963	2615.0	2526.68	113.4	14.31	22.07
PTHR24315	1115.0	1070.84	67.0	10.26	15.82
PTHR10381	7252.03	7031.29	2556.11	329.34	508.03
PTHR10383	3461.62	3373.3	422.0	38.05	58.69
PTHR24316	6393.46	6173.1	372.0	47.71	73.59
PTHR11702	9593.77	9196.42	577.86	82.9	127.93
PTHR11700	2786.96	2610.39	5666.61	3054.13	4711.18
PTHR10388	994.76	950.61	1974.99	340.88	525.83
PTHR11934	2683.0	2594.68	143.78	16.98	26.19
PTHR10145	2500.47	2412.22	181.0	18.48	28.5
PTHR23273	2482.13	2393.81	299.0	41.51	64.02
PTHR12050	979.2	935.04	150.0	26.32	40.61
PTHR23163	3439.0	3394.84	638.95	30.71	47.37
PTHR23050	1099.29	1055.13	1397.05	217.08	334.86
PTHR23056	2483.84	2395.52	206.64	26.62	41.06
PTHR23054	8183.72	7830.57	371.0	53.43	82.42
PTHR11638	14703.81	14438.89	5521.11	320.0	493.6
PTHR31783	3717.98	3585.51	298.18	39.2	60.47
PTHR23291	4843.86	4667.24	1775.32	249.2	384.4
PTHR23293	5249.91	5117.43	453.0	45.06	69.52
PTHR11140	5104.0	5015.68	1310.38	107.27	165.47
PTHR11141	5466.27	5289.64	165.41	19.21	29.64
PTHR11142	7362.28	7009.19	152.01	25.87	39.91
PTHR11143	839.0	794.84	346.95	71.73	110.64
PTHR11380	770.96	726.83	70.0	15.84	24.43
PTHR11384	12875.19	12389.49	459.01	50.49	77.87
PTHR32477	2226.07	2137.76	13.0	2.0	3.09
PTHR14043	5509.08	5288.29	278.0	42.97	66.29
PTHR32472	1349.0	1304.84	82.0	10.29	15.87
PTHR31658	3138.32	2961.68	140.72	33.11	51.06
PTHR13890	10655.57	10082.09	343.85	66.43	102.46
PTHR14269	1437.0	1392.84	6.0	0.71	1.09
PTHR23125	47459.69	46135.08	10750.49	871.89	1344.96
PTHR19211	14745.14	14259.52	61902.36	3875.62	5978.4
PTHR12608	5366.57	5145.78	172.0	26.85	41.41
PTHR12604	1274.76	1230.6	52.0	6.92	10.68
PTHR12603	3903.0	3770.53	543.0	49.43	76.24
PTHR32091	2165.36	2032.89	134.15	32.27	49.79
PTHR23339	5383.91	5295.59	198.99	9.23	14.24
PTHR32098	2460.0	2415.84	64.22	4.34	6.7
PTHR18763	1161.58	1117.43	94.0	13.78	21.26
PTHR22726	1530.44	1486.28	115.94	12.76	19.69
PTHR22727	9467.0	9334.52	567.0	25.46	39.28
PTHR12428	4044.57	3956.25	548.36	42.9	66.17
PTHR18968	5120.03	4855.51	670.38	91.6	141.32
PTHR12730	1925.0	1880.84	29.0	2.52	3.89
PTHR12736	1343.47	1211.31	11.0	5.81	8.96
PTHR12735	2625.0	2492.52	172.0	28.99	44.71
PTHR15020	3153.33	3020.85	466.01	63.98	98.7
PTHR12049	3681.12	3548.65	113.99	16.78	25.88
PTHR12558	8492.94	8227.99	153.0	23.13	35.68
PTHR12553	13970.85	13617.57	281.84	22.37	34.5
PTHR10497	1214.18	1125.87	20360.59	8126.17	12535.14
PTHR24073	19171.4	18509.12	4678.69	654.42	1009.51
PTHR21569	3207.54	3075.06	407.38	83.07	128.14
PTHR21567	4207.52	4030.88	48.0	7.69	11.87
PTHR13950	3084.28	2907.64	146.01	34.21	52.78
PTHR12133	1329.44	1285.28	48.0	6.11	9.43
PTHR10972	5195.31	5062.84	595.0	56.3	86.85
PTHR21704	5578.0	5533.84	236.0	6.95	10.72
PTHR10606	2511.13	2466.97	24.13	1.6	2.46
PTHR10971	3049.63	2961.32	227.0	24.42	37.67
PTHR22942	9909.92	9556.75	669.07	73.34	113.13
PTHR11728	1801.79	1757.63	184.0	17.11	26.4
PTHR13395	1048.0	959.7	4.0	1.39	2.14
PTHR31803	1738.55	1694.4	488.87	47.17	72.77
PTHR22891	9082.78	8817.88	676.74	67.71	104.46
PTHR21368	1616.0	1527.68	219.0	41.8	64.49
PTHR30508	4071.73	3983.44	1558.03	132.86	204.95
PTHR24067	21117.26	20278.3	3721.77	589.18	908.84
PTHR24064	7632.53	7411.74	543.88	45.88	70.78
PTHR24063	11383.85	10986.56	340.0	47.08	72.61
PTHR21011	3031.74	2899.27	352.95	56.82	87.66
PTHR25040	6056.69	5880.05	1154.98	152.74	235.62
PTHR10774	32790.12	31598.04	8198.06	1522.88	2349.14
PTHR24068	2451.91	2319.45	548.75	102.57	158.22
PTHR12959	2662.53	2618.38	53.91	3.36	5.19
PTHR24115	29092.29	28120.89	468.68	44.83	69.14
PTHR11825	8921.91	8701.13	659.16	61.05	94.16
PTHR10809	1373.35	1329.2	326.73	40.24	62.08
PTHR11822	2043.0	1998.84	662.17	54.13	83.5
PTHR10555	4153.97	4021.49	248.02	29.49	45.49
PTHR10806	1003.0	958.84	77.0	13.18	20.32
PTHR10804	14457.64	13971.95	1292.43	158.36	244.26
PTHR11556	5351.0	5130.2	343.0	46.28	71.4
PTHR11006	7203.0	6938.04	54.0	7.65	11.79
PTHR22838	959.11	915.04	268.35	48.12	74.23
PTHR11558	2543.0	2454.68	1166.91	129.53	199.82
PTHR13773	1794.97	1750.81	51.0	4.76	7.35
PTHR20275	1896.52	1852.37	64.0	5.65	8.71
PTHR10537	955.77	911.61	4.0	0.72	1.11
PTHR11953	1151.65	1107.49	42.95	6.36	9.8
PTHR11956	2714.0	2625.68	202.0	24.66	38.03
PTHR11959	3769.48	3637.0	493.97	74.98	115.66
PTHR11739	2894.8	2806.49	1135.0	108.53	167.42
PTHR11732	20063.12	19400.88	2348.75	290.52	448.16
PTHR11731	12086.22	11777.21	921.1	79.7	122.95
PTHR11730	8357.39	8048.45	1002.0	72.49	111.81
PTHR11735	3408.02	3275.6	55.0	9.79	15.12
PTHR10394	1165.64	1121.48	304.0	44.42	68.52
PTHR20941	1731.01	1642.73	40.0	7.44	11.49
PTHR10150	2827.19	2694.71	75.0	14.28	22.01
PTHR31065	1024.36	980.22	513.0	85.83	132.39
PTHR10159	12780.68	12295.04	1395.05	170.82	263.51
PTHR10122	1061.52	1017.36	324.0	52.23	80.56
PTHR23264	5010.64	4878.17	475.21	46.69	72.01
PTHR23269	1645.04	1512.61	33.0	9.68	14.92
PTHR31204	720.0	675.84	12.0	2.92	4.51
PTHR31201	3937.19	3848.88	598.0	54.35	83.84
PTHR31209	970.46	926.33	36.0	6.38	9.84
PTHR11607	12465.39	11935.63	1403.11	170.61	263.2
PTHR11606	2197.0	2152.84	1571.0	119.21	183.89
PTHR11601	5982.96	5806.35	626.29	69.02	106.46
PTHR32467	1521.25	1432.99	25.0	7.96	12.27
PTHR23130	19934.08	19227.66	2846.69	411.24	634.39
PTHR23133	1369.0	1324.84	207.16	25.6	39.49
PTHR23135	5602.94	5426.32	148.0	17.95	27.69
PTHR23138	2211.56	2123.24	369.0	59.52	91.82
PTHR23139	3300.96	3124.33	260.0	56.92	87.81
PTHR31682	2570.0	2437.57	24.0	4.11	6.35
PTHR11040	6321.19	6100.41	145.0	23.85	36.8
PTHR11043	2121.17	2032.85	217.0	34.49	53.21
PTHR11042	4592.56	4371.88	111.0	19.49	30.07
PTHR11048	6959.67	6738.89	319.36	43.26	66.72
PTHR15818	1373.23	1284.96	17.0	4.89	7.55
PTHR12636	1346.52	1302.36	34.99	4.4	6.79
PTHR14490	821.69	733.41	11.0	4.98	7.69
PTHR14493	6339.64	6118.85	468.0	64.31	99.2
PTHR15651	4211.26	4122.95	168.94	15.29	23.58
PTHR12380	2355.79	2267.47	298.15	43.51	67.11
PTHR12385	2748.95	2704.8	111.95	6.76	10.42
PTHR12706	5829.0	5475.79	49.0	9.77	15.07
PTHR12709	859.0	814.84	23.0	4.64	7.15
PTHR19957	13392.68	12951.14	930.0	93.85	144.75
PTHR30239	2164.05	2075.74	208.0	33.06	51.0
PTHR11203	10053.23	9788.27	393.0	43.23	66.69
PTHR12770	2210.0	2121.68	25.0	3.7	5.7
PTHR12097	3585.0	3540.84	570.0	26.26	40.51
PTHR11200	13039.65	12509.9	261.0	40.44	62.37
PTHR21576	18065.43	17359.06	553.0	73.56	113.47
PTHR24423	50113.04	48258.87	10055.95	643.68	992.87
PTHR10046	5827.84	5651.32	685.19	80.26	123.81
PTHR12419	7465.57	7156.53	300.01	54.43	83.95
PTHR11757	444.0	399.85	1.0	0.41	0.64
PTHR30525	1834.39	1790.23	151.0	13.79	21.27
PTHR12413	3374.31	3285.99	82.0	8.09	12.48
PTHR12412	3000.88	2868.41	225.0	36.58	56.43
PTHR12411	40143.97	38510.45	5030.61	630.79	973.1
PTHR12146	1060.0	1015.84	237.0	38.26	59.02
PTHR12415	1340.64	1252.39	18.0	4.77	7.36
PTHR10947	1899.04	1854.88	307.0	27.05	41.73
PTHR21717	4124.13	3991.67	148.92	19.06	29.41
PTHR10943	6540.84	6364.2	992.41	107.46	165.75
PTHR12897	632.36	588.21	23.0	6.45	9.94
PTHR12894	3290.78	3158.35	184.98	30.94	47.72
PTHR22976	5389.61	5212.98	1297.2	113.34	174.83
PTHR22975	918.0	873.84	43.0	8.08	12.46
PTHR22970	1020.0	975.84	84.0	14.12	21.78
PTHR20922	2925.68	2837.37	1453.95	153.24	236.38
PTHR21377	2488.0	2399.68	579.0	68.56	105.76
PTHR21371	2093.23	2049.07	572.89	45.68	70.46
PTHR21373	3371.0	3282.69	40.98	3.27	5.04
PTHR22573	8740.81	8475.86	1832.39	154.15	237.79
PTHR22572	19511.29	18849.01	3598.0	313.79	484.02
PTHR13060	890.0	845.84	10.0	1.94	3.0
PTHR21000	2369.0	2324.84	108.0	7.59	11.7
PTHR10701	750.0	705.84	52.99	12.35	19.05
PTHR13161	925.52	881.36	11.0	2.05	3.16
PTHR13162	5802.72	5538.02	692.0	95.2	146.86
PTHR13165	2625.0	2536.68	87.0	10.71	16.53
PTHR21396	1200.0	1155.84	80.0	11.34	17.49
PTHR12459	3618.37	3485.91	109.0	8.35	12.88
PTHR10681	4543.24	4366.6	1804.21	281.46	434.16
PTHR24106	4033.11	3944.8	227.0	19.38	29.9
PTHR24103	2260.6	2216.44	57.99	4.27	6.59
PTHR10683	3337.65	3249.33	4032.0	441.13	680.48
PTHR11540	1494.85	1406.57	155.97	36.32	56.04
PTHR10836	7478.75	7037.33	16067.44	7968.98	12292.63
PTHR10835	2544.15	2500.0	18.0	1.18	1.81
PTHR11545	3417.45	3240.86	10974.66	5433.08	8380.88
PTHR10012	783.58	739.48	32.0	7.11	10.97
PTHR13768	1172.15	1127.99	217.0	31.53	48.63
PTHR24078	18422.46	17892.56	595.0	61.92	95.5
PTHR11946	23876.09	23213.94	1618.57	157.31	242.67
PTHR11947	2520.15	2431.83	237.0	24.47	37.76
PTHR11941	9328.6	9019.63	1309.0	146.97	226.72
PTHR24072	3145.27	3056.95	655.43	77.21	119.1
PTHR10496	437.0	392.86	17556.53	7408.52	11428.11
PTHR10491	1541.54	1497.38	22.0	2.4	3.71
PTHR24076	18540.09	17833.63	1632.0	201.6	311.0
PTHR24077	12891.13	12361.3	2188.06	373.2	575.67
PTHR11726	1400.73	1312.46	1718.4	483.92	746.48
PTHR11727	2056.0	1967.7	48.0	7.48	11.54
PTHR11721	881.18	837.02	267.55	52.5	80.99
PTHR11722	1179.0	1134.84	475.84	68.71	105.99
PTHR10120	3778.83	3690.53	251.98	21.86	33.72
PTHR11831	3016.87	2796.28	9094.85	5392.64	8318.49
PTHR11835	4631.54	4499.06	64.0	6.76	10.43
PTHR11614	13855.55	13502.29	3134.71	280.84	433.21
PTHR11615	4826.14	4693.67	1088.12	82.9	127.88
PTHR11618	3447.55	3270.93	82.11	18.03	27.82
PTHR32419	6806.12	6629.5	1651.01	166.05	256.15
PTHR10231	5860.79	5684.15	618.0	66.38	102.4
PTHR10233	4464.57	4287.99	396.0	61.2	94.39
PTHR31503	3395.58	3307.29	199.0	21.74	33.53
PTHR23147	1594.0	1505.69	130.0	35.91	55.39
PTHR23140	2707.0	2618.77	64.0	6.86	10.58
PTHR23142	1746.13	1657.81	68.0	13.87	21.4
PTHR23149	383.73	339.68	8.0	3.91	6.04
PTHR23148	1290.57	1246.41	39.54	5.19	8.01
PTHR11361	20771.4	19888.44	819.29	120.24	185.44
PTHR11056	2986.7	2898.38	2095.0	159.09	245.41
PTHR11055	3157.0	3068.68	30.0	3.01	4.64
PTHR32523	2064.09	1975.78	257.0	39.18	60.43
PTHR10540	3308.41	3175.94	466.02	65.3	100.73
PTHR22767	7121.91	7033.59	415.0	22.09	34.07
PTHR12629	2174.09	2085.81	157.99	16.87	26.02
PTHR18945	10074.22	9677.11	372.62	63.86	98.5
PTHR26402	6174.1	5909.19	377.17	44.3	68.37
PTHR19384	9317.09	8831.4	1288.0	192.45	296.85
PTHR12714	3713.92	3581.51	928.0	130.37	201.1
PTHR32251	2798.45	2665.98	357.0	60.02	92.59
PTHR12570	2134.75	2046.44	73.0	11.64	17.96
PTHR21494	2236.0	2147.77	23.0	3.67	5.66
PTHR21496	3778.15	3645.69	251.0	36.2	55.85
PTHR21141	3977.89	3801.26	967.91	157.14	242.41
PTHR21499	8269.23	8004.28	324.88	20.68	31.9
PTHR21148	2031.36	1943.05	103.0	17.6	27.15
PTHR12083	1562.69	1518.54	10.0	1.08	1.66
PTHR13355	3460.42	3327.98	319.0	48.41	74.68
PTHR13976	4172.21	3995.6	659.74	116.44	179.62
PTHR19852	2679.0	2590.68	151.0	18.74	28.92
PTHR16128	3345.16	3256.85	117.0	12.06	18.61
PTHR12400	1206.22	1162.06	138.0	19.46	30.01
PTHR12403	1678.96	1590.64	146.74	32.23	49.72
PTHR13572	1733.61	1689.46	58.0	5.61	8.66
PTHR30314	3845.81	3757.49	217.0	19.39	29.91
PTHR12882	967.61	923.45	15.0	2.67	4.11
PTHR12883	1682.16	1638.01	77.0	7.69	11.86
PTHR16255	543.81	499.66	33.0	10.91	16.83
PTHR16254	8771.36	8506.4	516.69	51.16	78.91
PTHR22960	2104.65	2016.33	86.0	14.66	22.62
PTHR13373	635.0	590.84	11.0	3.07	4.73
PTHR13375	1373.0	1284.68	14.0	3.58	5.53
PTHR22967	4112.31	3979.83	59.27	7.21	11.13
PTHR19858	3358.13	3269.81	110.0	10.39	16.03
PTHR30222	880.59	836.43	11.0	2.16	3.33
PTHR13115	1872.0	1783.68	48.0	8.85	13.66
PTHR13117	2254.22	2210.06	100.02	7.39	11.4
PTHR12975	3466.0	3289.38	22.0	4.62	7.13
PTHR13285	716.0	671.84	4.0	0.98	1.51
PTHR13288	1688.81	1644.66	46.0	4.57	7.06
PTHR10953	18888.84	18182.56	1544.74	184.09	283.93
PTHR10954	2410.72	2322.42	69.0	11.69	18.02
PTHR21726	4058.0	3881.48	170.0	16.17	24.96
PTHR10956	1433.0	1300.61	19032.64	10019.56	15455.82
PTHR11538	3391.69	3259.23	351.0	63.61	98.13
PTHR10826	1085.61	997.32	27.0	6.82	10.53
PTHR21493	19634.2	19016.09	799.74	80.7	124.46
PTHR11533	5924.43	5791.96	3812.99	289.91	447.21
PTHR11532	1437.52	1393.38	71.99	8.45	13.04
PTHR10000	4314.92	4138.28	297.0	36.59	56.43
PTHR13021	744.25	700.09	38.0	8.93	13.77
PTHR12290	584.59	540.56	17.0	5.19	8.0
PTHR12295	7192.0	6927.05	198.0	28.71	44.27
PTHR24007	4073.71	3853.0	123.98	24.92	38.44
PTHR24003	14800.99	14227.22	576.94	80.54	124.24
PTHR31446	3050.94	2918.59	86.0	14.03	21.66
PTHR31190	6480.65	6259.87	1355.0	117.61	181.43
PTHR11441	1302.37	1258.21	13.0	1.69	2.61
PTHR11440	5810.27	5589.52	591.14	57.8	89.17
PTHR11999	9065.45	8712.22	1686.0	137.1	211.52
PTHR11449	1313.0	1224.71	352.0	74.72	115.25
PTHR11994	2112.75	1980.46	3948.59	2158.49	3329.6
PTHR10133	7328.68	7152.18	206.0	23.02	35.5
PTHR21649	11450.2	10876.38	18459.55	4325.65	6672.64
PTHR13620	4749.17	4572.57	124.0	10.71	16.53
PTHR11705	1656.38	1612.22	13.0	1.32	2.03
PTHR11847	1287.0	1242.84	192.55	25.37	39.14
PTHR11843	1337.46	1249.16	12881.06	5383.31	8304.11
PTHR13138	597.0	552.84	11.0	3.28	5.06
PTHR11662	13204.89	12807.47	399.05	39.98	61.68
PTHR11669	4981.6	4760.8	119.0	22.62	34.9
PTHR11668	19322.73	18792.86	2311.84	224.53	346.33
PTHR20856	13660.28	13395.34	630.53	36.93	56.97
PTHR20854	7564.13	7299.19	402.0	46.91	72.38
PTHR20855	4158.34	4025.87	437.0	41.21	63.56
PTHR20852	5734.14	5425.12	47378.83	9575.66	14771.08
PTHR32404	4842.86	4622.09	662.02	87.0	134.21
PTHR20858	322.0	277.91	13.0	7.81	12.04
PTHR11918	4810.85	4634.21	136.0	15.38	23.73
PTHR10634	3107.02	3018.7	4728.0	519.55	801.44
PTHR11709	18606.6	17900.22	348.0	28.95	44.64
PTHR14898	1815.0	1770.84	122.0	11.26	17.37
PTHR14237	4427.48	4250.84	199.0	30.08	46.4
PTHR23155	211248.26	202773.01	8109.97	901.0	1389.79
PTHR23153	3274.77	3142.3	195.0	29.72	45.85
PTHR23151	12560.21	12030.31	1843.98	294.49	454.27
PTHR11063	2793.36	2705.05	94.0	10.79	16.64
PTHR11062	70579.39	67754.24	1540.18	218.6	337.19
PTHR11061	4617.41	4264.8	63.0	18.89	29.13
PTHR11065	3889.14	3800.82	391.0	29.79	45.95
PTHR11064	1811.03	1722.71	419.0	75.45	116.38
PTHR11260	15698.12	15080.04	2973.5	479.36	739.47
PTHR11264	1683.96	1639.81	59.0	5.88	9.08
PTHR11266	5957.87	5693.03	388.46	78.12	120.5
PTHR13501	1125.04	1080.89	73.0	11.07	17.07
PTHR31998	5176.01	5043.54	5693.91	328.55	506.81
PTHR31221	22391.5	21420.32	970.0	134.73	207.8
PTHR15838	520.0	475.85	7.0	2.43	3.75
PTHR12850	1049.0	960.71	6014.55	2999.12	4626.35
PTHR32338	1635.0	1590.84	196.0	20.15	31.09
PTHR23270	5933.0	5623.88	112.0	21.22	32.71
PTHR31155	1519.86	1475.7	1159.83	128.59	198.36
PTHR12363	5299.0	5166.52	120.0	10.71	16.53
PTHR20932	743.0	698.84	71.0	16.71	25.78
PTHR18952	3662.0	3529.58	29.0	3.1	4.77
PTHR10552	1028.0	983.84	18.0	3.0	4.63
PTHR12765	775.39	731.23	70.0	15.74	24.28
PTHR22603	1459.79	1415.63	168.0	19.42	29.96
PTHR12506	2025.0	1892.56	109.97	22.97	35.43
PTHR22604	7045.39	6780.46	141.0	18.41	28.4
PTHR21481	3923.35	3835.03	214.01	16.84	25.98
PTHR22778	692.51	648.36	12.0	3.05	4.7
PTHR19446	472.0	427.85	0.0	0.0	0.0
PTHR12219	748.46	704.3	234.0	54.66	84.31
PTHR13561	668.14	623.99	21.0	5.54	8.55
PTHR13563	1790.26	1746.1	57.0	5.34	8.23
PTHR12210	9573.95	9309.02	995.82	96.73	149.21
PTHR12215	1459.34	1371.07	39.99	7.45	11.49
PTHR12214	1926.13	1837.81	44.0	7.82	12.07
PTHR12189	1954.27	1865.95	45.0	9.17	14.15
PTHR22911	6511.0	6334.36	1373.96	96.57	148.97
PTHR22912	13640.34	13331.24	2762.68	239.82	369.95
PTHR12183	9063.19	8665.86	400.04	58.86	90.78
PTHR19849	2486.0	2353.53	147.0	29.83	46.02
PTHR22594	10638.35	10329.25	552.0	56.17	86.63
PTHR11864	2789.37	2612.93	69.0	11.34	17.5
PTHR21152	5617.66	5485.18	1075.2	91.42	141.03
PTHR30075	2007.92	1919.67	137.0	18.5	28.54
PTHR11632	3806.07	3673.6	263.0	28.2	43.49
PTHR13102	2082.41	1994.09	62.0	10.07	15.54
PTHR12984	4033.35	3945.03	326.01	31.71	48.92
PTHR11630	13037.85	12464.05	460.15	67.63	104.31
PTHR12302	912.47	868.32	73.0	13.8	21.29
PTHR13299	881.94	837.79	74.0	14.51	22.38
PTHR12652	4585.0	4452.52	836.19	93.85	144.77
PTHR10925	3302.53	3125.97	184.96	33.26	51.31
PTHR21737	3753.9	3621.6	154.0	14.66	22.62
PTHR10920	7426.57	7117.57	72.0	11.42	17.63
PTHR10584	11779.33	11426.28	562.01	64.28	99.15
PTHR11528	8117.0	7940.36	2735.85	291.7	449.96
PTHR11527	8302.94	7861.4	2306.26	338.92	522.81
PTHR10859	7367.41	7058.37	387.99	62.96	97.11
PTHR10589	1979.28	1891.01	180.98	31.72	48.92
PTHR10588	1743.46	1655.29	124.69	41.8	64.47
PTHR13038	1110.0	1021.69	20.0	6.42	9.91
PTHR13748	7125.17	6904.4	714.01	74.19	114.43
PTHR13743	13349.89	12775.96	385.0	49.07	75.71
PTHR24015	93643.58	90332.3	3654.17	409.32	631.32
PTHR24012	21512.66	20541.29	1805.78	274.16	422.91
PTHR24011	31170.81	29934.47	2055.44	272.99	421.14
PTHR31187	2142.0	2097.84	81.04	6.31	9.74
PTHR19139	1554.0	1509.84	22.0	2.38	3.68
PTHR21145	1609.86	1565.71	74.0	7.73	11.93
PTHR10458	777.49	733.33	46.0	10.32	15.91
PTHR10108	32987.92	31839.87	1849.01	239.19	368.97
PTHR11986	11080.4	10815.49	1888.0	163.97	252.92
PTHR11455	7588.93	7279.87	690.0	86.35	133.21
PTHR10102	2404.0	2359.84	108.0	7.47	11.53
PTHR11458	681.0	636.84	71.0	18.36	28.32
PTHR10106	1074.0	985.7	187.08	62.62	96.59
PTHR30544	5055.09	4878.46	148.82	18.88	29.14
PTHR31057	2463.73	2287.12	57.0	17.0	26.23
PTHR20982	1152.87	1108.79	119.0	17.59	27.13
PTHR11851	23549.39	22931.2	3531.46	351.75	542.63
PTHR23092	7719.03	7409.97	274.0	50.15	77.37
PTHR23091	11089.16	10559.61	553.11	89.32	137.76
PTHR11673	1624.1	1535.79	19112.12	5088.96	7850.05
PTHR11670	8830.48	8609.69	4089.97	257.56	397.31
PTHR11671	1199.0	1154.84	232.0	32.92	50.78
PTHR20863	2598.82	2466.35	1226.85	252.97	390.21
PTHR20861	3573.9	3441.45	216.0	25.64	39.55
PTHR11679	13352.01	12998.77	638.68	42.24	65.15
PTHR14009	5643.81	5511.34	568.0	40.77	62.9
PTHR10217	22453.93	21968.18	1067.27	82.32	126.98
PTHR14005	2622.42	2534.18	278.77	30.55	47.13
PTHR10210	4261.99	4085.38	381.0	69.82	107.72
PTHR31522	1528.2	1484.04	70.0	7.72	11.9
PTHR14221	872.58	784.39	9.0	3.57	5.5
PTHR11079	6988.84	6768.04	309.1	48.0	74.04
PTHR11076	5909.41	5732.78	136.0	11.86	18.31
PTHR11070	4249.79	4073.16	105.0	18.14	27.96
PTHR11071	20557.4	19718.41	5216.36	840.37	1296.33
PTHR11278	964.0	919.84	160.0	28.55	44.04
PTHR11276	1226.39	1138.14	14.0	3.7	5.7
PTHR11274	2575.0	2486.75	159.0	11.74	18.1
PTHR14136	3422.31	3289.84	318.46	49.09	75.71
PTHR31984	6018.76	5842.13	977.99	91.29	140.84
PTHR15350	2857.72	2769.4	407.0	55.49	85.6
PTHR31695	2940.3	2896.15	111.0	6.26	9.65
PTHR15606	2372.94	2284.62	180.49	25.9	39.94
PTHR12374	1511.19	1422.88	35.0	8.82	13.6
PTHR12375	1245.0	1200.84	23.0	3.14	4.84
PTHR12378	2297.56	2209.29	202.01	29.44	45.42
PTHR18929	12873.43	12431.89	4773.25	708.96	1093.63
PTHR12777	619.0	574.84	243.0	69.7	107.51
PTHR12775	2054.91	1966.61	298.0	35.96	55.46
PTHR16092	2886.0	2841.84	387.05	22.23	34.29
PTHR12406	1463.67	1419.52	73.0	8.42	12.98
PTHR11035	1072.0	1027.84	144.0	22.97	35.44
PTHR22298	14444.82	13915.05	742.43	97.9	151.03
PTHR12174	4923.65	4747.02	275.0	47.3	72.95
PTHR12175	2295.46	2207.14	209.01	29.45	45.43
PTHR12176	9277.63	8968.54	249.05	30.71	47.38
PTHR22769	2901.65	2769.17	130.0	21.61	33.33
PTHR10293	5379.76	5203.12	1053.99	125.78	194.02
PTHR22765	3778.12	3689.8	1288.0	111.94	172.69
PTHR22762	5796.32	5708.01	232.0	13.04	20.12
PTHR22763	2938.95	2806.66	206.0	21.14	32.61
PTHR22761	2542.41	2454.1	813.94	110.71	170.78
PTHR21231	3009.25	2876.82	190.0	33.82	52.18
PTHR21230	3981.21	3804.58	210.0	40.82	62.98
PTHR21234	1024.0	979.84	19.0	3.18	4.91
PTHR21237	2746.26	2657.94	165.0	20.15	31.09
PTHR12202	1624.01	1491.56	17.0	5.88	9.05
PTHR12203	3359.81	3183.18	17.0	3.37	5.21
PTHR19857	501.0	456.85	15.0	5.43	8.38
PTHR22904	24535.83	23520.49	1705.86	253.24	390.62
PTHR19855	1778.67	1734.51	31.0	2.92	4.51
PTHR13353	576.11	531.98	14.0	4.34	6.7
PTHR19853	1607.48	1519.16	13.0	2.82	4.35
PTHR15362	2502.69	2414.38	218.0	32.59	50.26
PTHR12197	10696.51	10078.37	313.99	62.13	95.87
PTHR13822	789.4	745.26	488.0	107.65	166.06
PTHR21319	5111.45	4978.97	341.87	33.43	51.57
PTHR10732	889.0	844.84	143.0	27.8	42.88
PTHR10738	1218.66	1174.59	33.0	4.6	7.1
PTHR10739	1641.62	1553.3	98.0	22.8	35.17
PTHR12992	1131.0	1086.84	18.0	2.71	4.19
PTHR22836	2194.0	2105.68	25.0	3.85	5.94
PTHR22880	7287.18	7110.54	359.82	22.99	35.47
PTHR10938	2401.81	2313.49	214.0	30.93	47.72
PTHR10934	1264.63	1176.35	13755.25	6934.62	10697.09
PTHR11510	1419.6	1375.5	174.99	20.82	32.11
PTHR11516	6274.55	6053.76	1028.76	115.85	178.7
PTHR10025	3518.52	3341.93	210.0	39.15	60.4
PTHR10026	9907.62	9686.89	1031.07	59.25	91.41
PTHR10027	3434.78	3258.22	126.02	22.5	34.71
PTHR13009	2790.0	2657.52	254.0	48.35	74.58
PTHR13007	937.0	892.84	56.0	10.3	15.88
PTHR30115	1970.51	1882.2	149.0	18.79	28.99
PTHR10598	923.0	878.84	6.0	1.12	1.73
PTHR17901	766.0	721.84	1.0	0.23	0.35
PTHR24351	656.0	611.84	2.0	0.54	0.83
PTHR20981	1267.25	1178.94	15020.13	5241.8	8085.8
PTHR24352	550.0	505.85	8.0	2.61	4.03
PTHR11467	2324.96	2236.65	1017.89	155.63	240.08
PTHR10119	7201.19	6980.4	942.0	97.27	150.06
PTHR10114	771.21	727.05	150.0	33.93	52.34
PTHR10110	8191.86	7971.11	1053.61	100.87	155.6
PTHR11469	4141.82	4053.56	382.3	31.07	47.92
PTHR10445	779.0	734.84	62.0	13.87	21.4
PTHR11863	5670.13	5449.38	443.0	52.72	81.31
PTHR24286	4091.0	3958.52	144.0	11.33	17.47
PTHR23429	3805.67	3717.36	3857.93	331.1	510.76
PTHR23426	2256.27	2168.01	166.0	26.18	40.38
PTHR10593	4659.79	4483.19	339.0	37.96	58.54
