GeneFamily	length	effective_length	expected_count	TPM	FPKM
PTHR11649	11066.67	10658.73	14.0	20.24	20.05
PTHR31089	2013.0	1975.91	0.0	0.0	0.0
PTHR31085	3002.33	2965.25	0.0	0.0	0.0
PTHR11647	7088.0	6902.56	20.99	13.59	13.46
PTHR11645	3495.0	3420.82	0.0	0.0	0.0
PTHR11880	930.0	892.91	15.0	12.01	11.9
PTHR11885	734.0	696.92	41.0	42.16	41.76
PTHR10209	7072.33	6849.81	0.0	0.0	0.0
PTHR32429	7218.33	6995.81	21.0	7.79	7.72
PTHR31423	1109.0	1071.91	0.0	0.0	0.0
PTHR31551	1789.0	1751.91	0.0	0.0	0.0
PTHR32195	2110.0	2072.91	0.0	0.0	0.0
PTHR11081	4343.5	4195.15	0.0	0.0	0.0
PTHR11080	5376.5	5191.08	0.0	0.0	0.0
PTHR11082	4778.0	4629.66	0.0	0.0	0.0
PTHR11085	7110.72	6888.2	0.0	0.0	0.0
PTHR11089	7825.0	7602.48	0.0	0.0	0.0
PTHR12271	2260.0	2222.91	0.0	0.0	0.0
PTHR32518	6594.83	6483.56	2.03	0.52	0.51
PTHR11247	756.0	718.92	0.0	0.0	0.0
PTHR11246	9844.0	9695.64	1.0	0.31	0.3
PTHR32512	4375.0	4300.82	0.0	0.0	0.0
PTHR23088	4722.0	4573.65	19.0	23.94	23.72
PTHR23089	2512.0	2437.82	0.0	0.0	0.0
PTHR23081	2268.33	2231.25	0.0	0.0	0.0
PTHR23083	39213.0	38285.81	91.0	113.55	112.49
PTHR23084	4663.5	4440.99	1.0	1.79	1.78
PTHR23086	6649.0	6463.57	0.0	0.0	0.0
PTHR18806	1529.0	1491.91	0.0	0.0	0.0
PTHR15184	9942.0	9719.47	894.8	276.88	274.32
PTHR15341	1267.0	1229.91	0.0	0.0	0.0
PTHR12696	4290.0	4252.91	0.0	0.0	0.0
PTHR12341	6450.0	6190.41	1.0	0.37	0.37
PTHR15160	5331.5	5183.15	0.0	0.0	0.0
PTHR18937	19151.0	18854.3	0.0	0.0	0.0
PTHR18934	21016.17	20200.29	0.0	0.0	0.0
PTHR12742	2504.5	2430.33	0.0	0.0	0.0
PTHR12741	954.0	916.91	0.0	0.0	0.0
PTHR16557	1238.0	1200.91	0.0	0.0	0.0
PTHR19288	4075.5	3927.16	0.0	0.0	0.0
PTHR12975	3678.0	3603.82	0.0	0.0	0.0
PTHR13902	3023.0	2948.83	0.0	0.0	0.0
PTHR13903	3096.0	2984.74	0.0	0.0	0.0
PTHR22753	2477.0	2402.82	0.0	0.0	0.0
PTHR30615	2009.0	1934.82	0.0	0.0	0.0
PTHR22939	17134.21	16652.08	79.0	67.9	67.27
PTHR16266	3305.0	3156.67	0.0	0.0	0.0
PTHR30612	1350.0	1312.91	0.0	0.0	0.0
PTHR22932	1363.0	1325.91	0.0	0.0	0.0
PTHR22931	18471.0	18285.56	60.0	89.1	88.28
PTHR31038	1767.0	1729.91	0.0	0.0	0.0
PTHR32357	1612.0	1537.83	0.0	0.0	0.0
PTHR13832	42478.67	41514.38	1.0	1.17	1.16
PTHR21139	2031.0	1956.82	4.35	2.8	2.78
PTHR21136	4389.0	4277.73	1.0	0.49	0.49
PTHR12526	45672.25	44522.55	51.01	33.0	32.7
PTHR13120	2049.0	2011.91	0.0	0.0	0.0
PTHR22809	2281.0	2169.75	0.0	0.0	0.0
PTHR22807	6807.5	6547.92	0.0	0.0	0.0
PTHR20661	1358.67	1321.58	0.0	0.0	0.0
PTHR10900	18832.0	18312.78	1.0	0.18	0.17
PTHR10906	5680.6	5532.28	39.0	44.43	44.03
PTHR10909	16027.0	15656.12	7.0	12.94	12.83
PTHR10055	2378.0	2303.83	0.0	0.0	0.0
PTHR10057	3197.0	3122.83	0.0	0.0	0.0
PTHR10052	1859.5	1785.33	48.0	46.08	45.65
PTHR13018	6901.0	6826.82	0.0	0.0	0.0
PTHR10694	13065.5	12731.71	0.0	0.0	0.0
PTHR12839	3004.0	2929.82	0.0	0.0	0.0
PTHR12835	432.0	394.92	0.0	0.0	0.0
PTHR24031	71813.94	69922.55	559.1	224.95	222.9
PTHR24032	1166.75	1129.66	0.0	0.0	0.0
PTHR24349	18768.07	18285.93	2.0	0.72	0.71
PTHR24619	10996.5	10773.97	0.0	0.0	0.0
PTHR24343	56093.6	54498.91	18.0	14.48	14.34
PTHR11472	6984.5	6761.99	0.0	0.0	0.0
PTHR24347	9134.0	8874.39	0.0	0.0	0.0
PTHR11476	4179.0	4141.91	2.0	0.34	0.34
PTHR10438	22701.8	22071.32	5.88	3.91	3.87
PTHR10476	5109.0	4960.65	0.0	0.0	0.0
PTHR11538	4708.0	4596.73	9.0	3.57	3.53
PTHR24290	7660.0	7548.73	1.0	0.19	0.19
PTHR12730	2393.0	2318.83	0.0	0.0	0.0
PTHR23413	555.0	517.92	1.0	1.39	1.38
PTHR23417	1879.0	1804.83	0.0	0.0	0.0
PTHR23416	5621.0	5398.49	0.0	0.0	0.0
PTHR23415	1247.0	1209.92	0.0	0.0	0.0
PTHR12736	2567.0	2529.91	0.0	0.0	0.0
PTHR10871	3750.0	3638.75	15.88	15.89	15.74
PTHR23418	1042.0	1004.91	0.0	0.0	0.0
PTHR10877	4794.0	4497.34	0.0	0.0	0.0
PTHR11879	1848.0	1810.91	0.0	0.0	0.0
PTHR10430	5288.0	5139.65	34.0	20.56	20.38
PTHR11659	1852.0	1814.91	0.0	0.0	0.0
PTHR31096	5978.0	5866.73	1.0	0.51	0.5
PTHR11655	1809.0	1734.82	2.0	1.76	1.74
PTHR11652	1166.0	1091.84	442.22	506.05	501.36
PTHR10436	8594.0	8297.3	326.93	378.38	374.88
PTHR20883	666.0	628.92	0.0	0.0	0.0
PTHR11895	7351.5	7128.99	0.0	0.0	0.0
PTHR10277	2433.6	2322.35	0.0	0.0	0.0
PTHR14027	3526.0	3451.82	0.0	0.0	0.0
PTHR13691	2641.0	2529.74	8.0	5.24	5.19
PTHR23180	4729.0	4543.59	0.0	0.0	0.0
PTHR14593	4172.0	4097.82	0.0	0.0	0.0
PTHR11093	3773.0	3661.73	12.0	4.75	4.71
PTHR11096	2747.33	2673.16	0.0	0.0	0.0
PTHR23346	11836.0	11613.48	0.0	0.0	0.0
PTHR11099	3935.0	3823.74	0.0	0.0	0.0
PTHR10309	2089.0	2051.91	4.0	1.39	1.37
PTHR11252	2549.0	2511.91	0.0	0.0	0.0
PTHR11254	15017.17	14646.31	0.0	0.0	0.0
PTHR11255	2596.0	2558.91	0.0	0.0	0.0
PTHR14110	5916.0	5767.64	0.0	0.0	0.0
PTHR16201	1790.0	1752.91	0.0	0.0	0.0
PTHR14374	1402.0	1364.91	0.0	0.0	0.0
PTHR18838	1967.86	1930.77	0.0	0.0	0.0
PTHR12687	1895.0	1857.91	0.0	0.0	0.0
PTHR15157	4402.33	4253.99	0.0	0.0	0.0
PTHR18901	8971.33	8785.89	0.0	0.0	0.0
PTHR12755	3848.0	3736.74	0.0	0.0	0.0
PTHR12750	4241.0	4166.82	0.0	0.0	0.0
PTHR12753	1043.0	1005.91	0.0	0.0	0.0
PTHR15081	1137.0	1099.91	0.0	0.0	0.0
PTHR15574	6806.83	6547.23	0.0	0.0	0.0
PTHR12506	3583.0	3508.82	0.0	0.0	0.0
PTHR23109	662.0	624.92	0.0	0.0	0.0
PTHR31811	2269.0	2157.75	0.0	0.0	0.0
PTHR12358	6392.9	6244.55	0.0	0.0	0.0
PTHR22748	4337.67	4152.24	2.0	5.07	5.02
PTHR12356	2260.0	2185.82	0.0	0.0	0.0
PTHR12221	2845.0	2770.82	0.0	0.0	0.0
PTHR30603	1059.0	984.84	0.0	0.0	0.0
PTHR12226	2234.0	2159.82	0.0	0.0	0.0
PTHR19876	7855.0	7706.64	45.0	18.05	17.88
PTHR19877	3153.0	3078.82	3.0	1.36	1.35
PTHR31953	3116.0	3004.75	0.0	0.0	0.0
PTHR31442	2662.0	2587.82	0.0	0.0	0.0
PTHR13803	8360.0	8248.74	0.0	0.0	0.0
PTHR19980	3668.0	3593.82	0.0	0.0	0.0
PTHR12537	5141.0	5066.82	0.85	0.3	0.3
PTHR12532	541.0	503.92	0.0	0.0	0.0
PTHR13486	1375.0	1337.91	0.0	0.0	0.0
PTHR20275	7256.0	7107.64	0.0	0.0	0.0
PTHR13489	2469.0	2394.82	0.0	0.0	0.0
PTHR17583	4987.0	4949.91	0.0	0.0	0.0
PTHR19316	2420.5	2309.26	0.0	0.0	0.0
PTHR24198	21772.84	20994.04	0.0	0.0	0.0
PTHR10048	9406.67	9221.23	0.0	0.0	0.0
PTHR21704	3001.0	2963.92	0.0	0.0	0.0
PTHR24193	11069.23	10698.38	76.0	137.55	136.28
PTHR10044	4556.0	4481.82	0.0	0.0	0.0
PTHR11014	6778.33	6629.98	0.0	0.0	0.0
PTHR10687	1366.0	1328.91	0.0	0.0	0.0
PTHR10681	10145.0	9774.13	57.98	37.99	37.62
PTHR10682	1773.0	1735.91	0.0	0.0	0.0
PTHR10683	4509.0	4397.73	0.0	0.0	0.0
PTHR12829	2054.4	1980.23	0.0	0.0	0.0
PTHR12820	2597.0	2559.91	0.0	0.0	0.0
PTHR12826	1586.0	1548.91	0.0	0.0	0.0
PTHR12827	3743.0	3705.97	0.0	0.0	0.0
PTHR17920	303.0	265.92	0.0	0.0	0.0
PTHR13017	1125.0	1087.91	0.0	0.0	0.0
PTHR10137	1109.0	1071.91	0.0	0.0	0.0
PTHR11405	6114.0	6002.73	32.0	6.9	6.84
PTHR11404	2023.89	1912.63	1.0	0.75	0.74
PTHR11406	1993.06	1881.82	36.75	47.28	46.84
PTHR14744	1136.0	1098.91	0.0	0.0	0.0
PTHR13468	1190.0	1152.91	0.0	0.0	0.0
PTHR23406	9949.38	9801.03	0.0	0.0	0.0
PTHR23407	1371.0	1333.91	0.0	0.0	0.0
PTHR10869	15188.5	14743.46	0.0	0.0	0.0
PTHR31717	2862.0	2824.91	0.0	0.0	0.0
PTHR22942	10332.0	9998.22	0.0	0.0	0.0
PTHR15169	2550.5	2513.41	0.0	0.0	0.0
PTHR11315	5447.0	5372.82	0.0	0.0	0.0
PTHR10139	1054.67	1017.58	0.0	0.0	0.0
PTHR10264	4604.5	4493.23	0.0	0.0	0.0
PTHR10263	2086.0	2011.82	9.0	6.37	6.31
PTHR31155	4444.0	4369.82	9.0	1.84	1.82
PTHR32170	5569.0	5457.74	0.0	0.0	0.0
PTHR23350	2756.0	2644.75	0.0	0.0	0.0
PTHR23354	902.0	864.91	0.0	0.0	0.0
PTHR23355	12832.5	12609.97	0.0	0.0	0.0
PTHR23359	4322.5	4211.23	0.0	0.0	0.0
PTHR11227	2661.0	2549.73	0.0	0.0	0.0
PTHR11220	4338.5	4190.15	0.0	0.0	0.0
PTHR11223	5665.5	5591.33	0.0	0.0	0.0
PTHR11229	2489.0	2414.82	0.0	0.0	0.0
PTHR10314	19389.0	18906.85	79.16	31.25	30.96
PTHR14303	1379.0	1341.91	0.0	0.0	0.0
PTHR11139	34229.83	33673.52	2.0	0.26	0.26
PTHR15362	1496.0	1458.91	0.0	0.0	0.0
PTHR11132	30781.0	30002.17	5.0	1.41	1.41
PTHR11134	3150.0	3075.82	23.0	9.53	9.45
PTHR11136	3682.5	3534.16	1.0	0.64	0.64
PTHR32374	2071.0	2033.91	0.0	0.0	0.0
PTHR31579	13730.0	13470.37	0.0	0.0	0.0
PTHR32379	1203.5	1166.41	0.0	0.0	0.0
PTHR18919	2469.0	2394.82	9.0	8.43	8.36
PTHR32002	11950.67	11616.89	1.0	1.36	1.34
PTHR14413	973.0	935.91	0.0	0.0	0.0
PTHR22891	3616.0	3578.91	0.0	0.0	0.0
PTHR14089	2363.0	2288.82	0.0	0.0	0.0
PTHR21368	2033.0	1958.82	0.0	0.0	0.0
PTHR24067	16871.5	16241.04	1.0	0.74	0.73
PTHR12786	2851.0	2739.73	2.0	1.22	1.21
PTHR11706	4625.0	4513.74	0.0	0.0	0.0
PTHR12782	4076.17	4002.0	0.0	0.0	0.0
PTHR11742	10892.12	10632.51	0.0	0.0	0.0
PTHR21213	457.0	419.92	0.0	0.0	0.0
PTHR10182	1651.0	1613.91	0.0	0.0	0.0
PTHR13923	2652.0	2577.83	0.0	0.0	0.0
PTHR11210	1290.0	1215.84	0.0	0.0	0.0
PTHR13780	3760.0	3685.82	1.0	0.41	0.4
PTHR12321	2365.0	2290.83	0.0	0.0	0.0
PTHR12320	5542.67	5431.4	0.0	0.0	0.0
PTHR12323	1801.0	1689.75	0.0	0.0	0.0
PTHR14155	3265.0	3190.83	0.0	0.0	0.0
PTHR21015	1035.5	961.34	0.0	0.0	0.0
PTHR16196	1431.0	1356.86	0.0	0.0	0.0
PTHR16193	1962.0	1887.83	0.0	0.0	0.0
PTHR22792	2075.0	2000.82	0.0	0.0	0.0
PTHR22790	5360.5	5212.15	0.0	0.0	0.0
PTHR21680	995.0	957.91	0.0	0.0	0.0
PTHR21689	3249.0	3137.74	0.0	0.0	0.0
PTHR21113	3992.5	3881.24	0.0	0.0	0.0
PTHR10677	1545.5	1508.41	0.0	0.0	0.0
PTHR21663	4910.0	4835.82	0.0	0.0	0.0
PTHR13253	18104.5	17659.42	2.0	0.71	0.7
PTHR12446	3008.0	2859.66	0.0	0.0	0.0
PTHR22603	4011.06	3862.74	0.0	0.0	0.0
PTHR21206	1614.0	1539.83	0.0	0.0	0.0
PTHR13789	14633.91	14263.05	18.0	4.69	4.64
PTHR10071	17273.42	16976.71	0.0	0.0	0.0
PTHR24188	18905.5	18460.45	0.0	0.0	0.0
PTHR10670	7048.0	6973.82	5.0	0.87	0.86
PTHR13078	2957.52	2920.44	0.0	0.0	0.0
PTHR12815	9913.0	9727.56	5.0	8.27	8.19
PTHR12814	888.0	850.91	0.0	0.0	0.0
PTHR24361	8444.5	8259.05	0.0	0.0	0.0
PTHR24362	17748.33	17340.38	21.0	33.71	33.4
PTHR10416	1806.0	1768.91	0.0	0.0	0.0
PTHR10410	3521.0	3409.73	40.0	26.07	25.83
PTHR10783	13598.0	13264.2	0.0	0.0	0.0
PTHR10782	1745.0	1707.91	0.0	0.0	0.0
PTHR13476	1626.0	1551.83	0.0	0.0	0.0
PTHR10788	8394.5	8283.23	1.0	0.26	0.26
PTHR10891	8338.5	8115.98	0.0	0.0	0.0
PTHR10890	3773.5	3662.25	0.0	0.0	0.0
PTHR20426	2990.5	2953.41	0.0	0.0	0.0
PTHR23213	6173.0	5950.49	0.0	0.0	0.0
PTHR10072	4123.0	3974.66	88.0	210.16	208.21
PTHR10520	5106.5	4995.23	0.0	0.0	0.0
PTHR10250	2800.5	2726.32	0.0	0.0	0.0
PTHR10527	11583.0	11471.74	4.0	0.48	0.48
PTHR31384	1913.0	1875.91	0.0	0.0	0.0
PTHR31385	3032.0	2920.74	0.0	0.0	0.0
PTHR10091	1198.0	1160.91	0.0	0.0	0.0
PTHR31142	1822.0	1784.91	0.0	0.0	0.0
PTHR31140	2220.0	2182.91	0.0	0.0	0.0
PTHR31412	1689.0	1614.82	0.0	0.0	0.0
PTHR11787	4354.38	4206.04	0.0	0.0	0.0
PTHR11785	11741.5	11481.9	0.0	0.0	0.0
PTHR11782	5498.0	5386.73	1.0	0.31	0.31
PTHR11780	1081.0	1006.84	74.0	101.67	100.73
PTHR32497	3118.0	3043.82	1.0	0.33	0.33
PTHR32148	12315.0	11981.21	1307.86	1727.26	1711.27
PTHR23324	6548.5	6437.23	0.0	0.0	0.0
PTHR23327	4407.5	4259.15	0.0	0.0	0.0
PTHR23326	4236.5	4162.32	0.0	0.0	0.0
PTHR23321	3154.0	3042.74	14.0	7.3	7.24
PTHR23323	2438.0	2363.83	0.0	0.0	0.0
PTHR23322	6278.5	6018.9	0.0	0.0	0.0
PTHR23329	5344.17	5195.83	0.0	0.0	0.0
PTHR11236	6276.0	6053.48	0.0	0.0	0.0
PTHR11364	1355.0	1317.91	0.0	0.0	0.0
PTHR10322	17245.5	16948.8	0.0	0.0	0.0
PTHR11239	2504.0	2429.83	0.0	0.0	0.0
PTHR10555	2839.67	2765.49	0.0	0.0	0.0
PTHR31964	18530.16	18048.03	0.0	0.0	0.0
PTHR23030	3498.0	3423.83	1.0	0.29	0.29
PTHR11129	2054.0	1979.83	0.0	0.0	0.0
PTHR11122	9247.0	9024.46	1.0	0.37	0.36
PTHR15316	2516.0	2441.83	0.0	0.0	0.0
PTHR11127	520.0	482.92	2.0	2.98	2.95
PTHR11125	3900.0	3862.91	0.0	0.0	0.0
PTHR31566	609.0	571.92	11.0	13.81	13.69
PTHR31567	1768.0	1730.91	1.0	0.41	0.41
PTHR31561	2994.0	2845.66	0.0	0.0	0.0
PTHR15137	2847.0	2772.83	0.0	0.0	0.0
PTHR14950	2934.5	2823.25	0.0	0.0	0.0
PTHR15954	2884.0	2846.91	0.0	0.0	0.0
PTHR15952	2940.0	2902.91	0.0	0.0	0.0
PTHR21597	5310.0	5124.57	0.0	0.0	0.0
PTHR19271	1886.0	1774.75	13.0	27.09	26.84
PTHR21228	18608.64	18126.5	0.0	0.0	0.0
PTHR13343	2744.0	2669.82	0.0	0.0	0.0
PTHR12233	1511.0	1473.91	3.0	1.45	1.44
PTHR12029	8323.0	8026.32	0.0	0.0	0.0
PTHR21220	999.0	961.91	0.0	0.0	0.0
PTHR22936	2396.0	2321.82	0.0	0.0	0.0
PTHR22780	8494.5	8383.23	1.0	0.61	0.61
PTHR19308	3126.0	3088.91	0.0	0.0	0.0
PTHR19306	13601.0	13452.65	0.0	0.0	0.0
PTHR16301	989.0	914.84	0.0	0.0	0.0
PTHR13265	1438.0	1400.91	0.0	0.0	0.0
PTHR22870	26225.89	25632.48	1.0	0.37	0.37
PTHR17630	2612.0	2500.74	59.0	53.31	52.81
PTHR10064	519.0	481.92	21.6	32.27	31.97
PTHR10066	7066.0	6880.56	0.0	0.0	0.0
PTHR10060	985.0	947.91	0.0	0.0	0.0
PTHR10663	19534.5	19163.6	12.34	1.87	1.85
PTHR10666	4639.85	4491.5	739.51	1765.97	1749.62
PTHR10668	15695.0	15212.88	0.0	0.0	0.0
PTHR12801	4954.75	4843.49	0.0	0.0	0.0
PTHR12802	8099.0	7876.47	0.0	0.0	0.0
PTHR12805	1556.5	1482.33	0.0	0.0	0.0
PTHR12806	1224.0	1186.91	0.0	0.0	0.0
PTHR21091	15096.0	14762.2	40.95	11.6	11.49
PTHR21090	3958.0	3883.82	1.0	0.45	0.44
PTHR12281	3979.5	3905.32	0.0	0.0	0.0
PTHR24315	1682.0	1644.91	0.0	0.0	0.0
PTHR24314	5231.0	5082.64	0.0	0.0	0.0
PTHR11933	4141.0	3955.58	1.0	0.4	0.4
PTHR24316	8263.0	8077.61	31.73	7.58	7.51
PTHR11426	1269.0	1194.83	0.0	0.0	0.0
PTHR11937	11087.5	10790.8	126.0	49.07	48.61
PTHR11938	24041.0	23558.88	1264.55	1020.67	1011.23
PTHR21021	4379.79	4268.53	0.0	0.0	0.0
PTHR13683	9834.0	9648.56	0.0	0.0	0.0
PTHR24089	63833.8	62276.1	6.0	2.98	2.95
PTHR10796	591.0	553.92	1.0	1.3	1.29
PTHR10794	1606.0	1568.91	0.0	0.0	0.0
PTHR10795	29399.63	28880.4	0.0	0.0	0.0
PTHR10792	690.0	652.92	3.0	3.29	3.26
PTHR10799	83608.73	81568.95	3.0	1.23	1.22
PTHR10882	731.0	693.92	0.0	0.0	0.0
PTHR10887	32768.97	31953.09	3.0	0.65	0.65
PTHR11686	1421.0	1346.84	0.0	0.0	0.0
PTHR11685	10290.9	9957.13	1.0	0.28	0.28
PTHR24221	19658.03	19138.86	1.0	0.52	0.52
PTHR24220	12321.0	11913.05	20.0	19.63	19.44
PTHR24223	21184.5	20776.53	0.0	0.0	0.0
PTHR11689	9612.0	9426.56	0.0	0.0	0.0
PTHR10252	1216.5	1142.34	0.0	0.0	0.0
PTHR13124	1458.0	1420.91	1.0	0.5	0.5
PTHR31173	5231.0	5082.66	0.0	0.0	0.0
PTHR12538	560.0	522.92	12.0	16.5	16.35
PTHR10099	5276.0	5238.91	8.22	1.11	1.1
PTHR10625	10547.5	10213.73	0.0	0.0	0.0
PTHR10098	2794.0	2719.82	0.0	0.0	0.0
PTHR31356	5606.0	5457.64	3.0	1.46	1.44
PTHR31352	5047.0	4972.82	0.0	0.0	0.0
PTHR31350	7180.5	6957.99	2.0	4.58	4.53
PTHR11758	740.0	702.92	1.0	1.02	1.01
PTHR23333	1501.0	1463.91	0.0	0.0	0.0
PTHR11751	20396.0	19876.77	9.0	3.7	3.66
PTHR11753	1054.0	1016.91	0.0	0.0	0.0
PTHR11752	21643.0	20864.24	0.0	0.0	0.0
PTHR24423	10313.0	9979.23	98.0	127.44	126.26
PTHR11206	23019.05	22462.74	0.0	0.0	0.0
PTHR24420	186120.16	181558.67	8.62	2.97	2.94
PTHR10332	3014.67	2903.4	0.0	0.0	0.0
PTHR14140	1880.0	1842.91	0.0	0.0	0.0
PTHR20922	2856.0	2781.82	1.0	0.43	0.42
PTHR10159	15191.5	14820.64	0.0	0.0	0.0
PTHR12848	1911.0	1873.91	0.0	0.0	0.0
PTHR12363	8816.0	8630.57	0.0	0.0	0.0
PTHR23029	13281.17	12947.36	0.0	0.0	0.0
PTHR23023	5545.44	5397.11	20.0	19.49	19.31
PTHR21294	1605.0	1567.92	0.0	0.0	0.0
PTHR11119	13738.67	13516.14	0.0	0.0	0.0
PTHR31595	10527.42	10230.72	0.0	0.0	0.0
PTHR31596	4853.0	4741.75	0.0	0.0	0.0
PTHR15948	1628.5	1591.41	0.0	0.0	0.0
PTHR32026	5676.83	5528.49	0.0	0.0	0.0
PTHR31829	1335.0	1297.91	19.0	10.44	10.34
PTHR31419	356.0	318.92	0.0	0.0	0.0
PTHR22938	1850.5	1776.33	0.0	0.0	0.0
PTHR14898	5947.0	5872.82	0.0	0.0	0.0
PTHR19241	61511.31	59768.3	7.0	2.25	2.22
PTHR14894	1613.0	1538.83	0.0	0.0	0.0
PTHR15239	3691.5	3543.16	0.0	0.0	0.0
PTHR12497	1372.0	1334.91	0.0	0.0	0.0
PTHR12302	3793.0	3755.91	0.0	0.0	0.0
PTHR12304	2173.0	2098.83	0.0	0.0	0.0
PTHR30540	5298.0	5223.82	0.0	0.0	0.0
PTHR30544	2526.0	2451.86	0.0	0.0	0.0
PTHR13302	3057.0	2945.75	0.0	0.0	0.0
PTHR12472	859.5	822.42	0.0	0.0	0.0
PTHR13308	1669.67	1595.49	0.0	0.0	0.0
PTHR12477	4902.0	4790.74	0.0	0.0	0.0
PTHR13878	3314.0	3202.75	0.0	0.0	0.0
PTHR21461	8065.83	7880.39	0.0	0.0	0.0
PTHR13872	3456.0	3381.83	7.0	2.88	2.85
PTHR22849	25240.94	24721.73	0.0	0.0	0.0
PTHR21314	1915.5	1841.33	0.0	0.0	0.0
PTHR21649	11765.33	11209.08	18938.3	15286.02	15144.49
PTHR22841	4202.0	4127.82	0.0	0.0	0.0
PTHR21319	5439.8	5254.37	0.0	0.0	0.0
PTHR22847	36291.5	35401.41	0.0	0.0	0.0
PTHR22846	4480.75	4369.49	0.0	0.0	0.0
PTHR22844	15285.0	14877.03	0.0	0.0	0.0
PTHR11606	6302.0	6079.5	0.0	0.0	0.0
PTHR31606	598.0	560.92	0.0	0.0	0.0
PTHR23284	1110.0	1072.91	0.0	0.0	0.0
PTHR21266	14703.86	14407.16	0.0	0.0	0.0
PTHR21262	8787.0	8601.55	0.0	0.0	0.0
PTHR12276	2289.0	2214.83	0.0	0.0	0.0
PTHR10657	3308.33	3159.99	0.0	0.0	0.0
PTHR10655	4196.5	4048.16	0.0	0.0	0.0
PTHR10652	2117.0	2079.91	0.0	0.0	0.0
PTHR17972	4057.0	3945.73	0.0	0.0	0.0
PTHR21085	1605.0	1567.91	0.0	0.0	0.0
PTHR11922	4535.0	4386.65	1.0	0.43	0.42
PTHR24305	13687.13	13316.28	0.0	0.0	0.0
PTHR11431	3106.67	2995.41	7.01	4.16	4.12
PTHR10434	2422.0	2347.82	0.0	0.0	0.0
PTHR24096	16466.75	15984.66	122.0	81.3	80.55
PTHR13693	7503.5	7318.06	2.0	5.43	5.38
PTHR24095	22040.12	21483.83	320.0	333.99	330.89
PTHR24092	5193.0	5155.91	0.0	0.0	0.0
PTHR24093	40083.12	39044.73	62.14	126.09	124.92
PTHR22604	7802.5	7691.23	1.0	0.22	0.22
PTHR13451	3532.0	3457.82	0.0	0.0	0.0
PTHR13452	946.0	908.91	0.0	0.0	0.0
PTHR10759	513.0	475.92	0.0	0.0	0.0
PTHR12406	4159.5	4048.25	0.0	0.0	0.0
PTHR12901	1390.0	1352.91	0.0	0.0	0.0
PTHR12903	848.0	810.91	0.0	0.0	0.0
PTHR23237	551.0	513.92	1.0	1.4	1.39
PTHR10501	2458.0	2420.91	0.0	0.0	0.0
PTHR31169	4764.0	4652.74	0.0	0.0	0.0
PTHR12277	3421.0	3309.74	0.0	0.0	0.0
PTHR14087	722.0	684.92	0.0	0.0	0.0
PTHR23309	5912.0	5800.73	0.0	0.0	0.0
PTHR23308	4634.0	4448.58	0.0	0.0	0.0
PTHR31344	6470.67	6396.49	0.0	0.0	0.0
PTHR31619	2248.0	2210.91	23.03	7.41	7.34
PTHR23306	1324.0	1286.92	0.0	0.0	0.0
PTHR23305	3194.0	3119.82	2.0	0.95	0.95
PTHR11748	11242.33	11019.82	0.0	0.0	0.0
PTHR11214	8461.6	8201.99	1.0	0.29	0.29
PTHR11216	5781.0	5632.66	0.0	0.0	0.0
PTHR14154	7286.67	7064.14	0.0	0.0	0.0
PTHR10344	545.0	507.92	0.0	0.0	0.0
PTHR14152	2339.0	2227.75	0.0	0.0	0.0
PTHR11699	15407.0	15036.14	3.0	2.46	2.45
PTHR11692	1880.0	1842.91	1.0	0.39	0.38
PTHR11693	2738.0	2663.82	0.0	0.0	0.0
PTHR11695	27789.0	27010.19	59.0	89.57	88.74
PTHR31760	839.0	764.84	0.0	0.0	0.0
PTHR31906	7235.0	7049.55	0.0	0.0	0.0
PTHR13847	6784.0	6524.42	0.0	0.0	0.0
PTHR23012	11780.22	11446.43	0.0	0.0	0.0
PTHR11101	9235.0	8938.32	2.0	0.66	0.65
PTHR11102	5765.0	5616.65	0.0	0.0	0.0
PTHR11106	2818.0	2706.75	0.0	0.0	0.0
PTHR31585	1366.0	1328.92	0.0	0.0	0.0
PTHR32125	1947.0	1872.82	6.55	5.78	5.73
PTHR31588	8342.75	8194.39	0.0	0.0	0.0
PTHR32120	1991.0	1916.82	0.0	0.0	0.0
PTHR15680	919.0	881.91	0.0	0.0	0.0
PTHR11807	3091.5	3017.32	1.0	0.73	0.72
PTHR11374	324.0	286.92	1.0	2.53	2.51
PTHR10281	1584.8	1510.63	0.0	0.0	0.0
PTHR26312	1444.0	1406.91	0.0	0.0	0.0
PTHR10285	6532.0	6346.56	390.0	158.85	157.38
PTHR12000	1017.0	979.91	0.0	0.0	0.0
PTHR18895	1330.0	1255.83	0.0	0.0	0.0
PTHR12169	3948.0	3836.75	0.0	0.0	0.0
PTHR12486	2300.0	2188.74	0.0	0.0	0.0
PTHR12480	5135.0	4875.42	0.0	0.0	0.0
PTHR12482	3307.0	3232.82	0.0	0.0	0.0
PTHR12317	9779.25	9519.64	0.0	0.0	0.0
PTHR12649	3287.3	3138.97	0.0	0.0	0.0
PTHR13992	1587.0	1512.83	0.0	0.0	0.0
PTHR12461	3353.0	3130.52	0.0	0.0	0.0
PTHR12466	2239.0	2164.82	0.0	0.0	0.0
PTHR21419	2032.0	1994.91	0.0	0.0	0.0
PTHR12001	2851.0	2776.82	0.0	0.0	0.0
PTHR21327	3491.5	3417.32	0.0	0.0	0.0
PTHR21631	9540.83	9355.4	3.0	0.97	0.96
PTHR22854	2642.0	2567.82	8.0	3.77	3.74
PTHR22855	7464.5	7316.15	10.0	3.97	3.94
PTHR22850	6729.33	6543.9	0.0	0.0	0.0
PTHR22504	2054.0	2016.91	0.0	0.0	0.0
PTHR22915	22024.0	21541.84	0.0	0.0	0.0
PTHR21256	4262.5	4188.32	0.0	0.0	0.0
PTHR12265	1461.5	1387.33	0.0	0.0	0.0
PTHR12266	2321.5	2247.32	0.0	0.0	0.0
PTHR10648	2151.0	2113.91	0.0	0.0	0.0
PTHR30178	2823.0	2748.82	4.0	2.14	2.12
PTHR10641	12043.0	11709.22	3.0	0.68	0.68
PTHR22912	21038.21	20593.16	13.0	9.82	9.74
PTHR10644	4375.0	4263.73	0.0	0.0	0.0
PTHR12864	4848.0	4736.73	2.0	1.78	1.76
PTHR12860	2542.0	2504.91	0.0	0.0	0.0
PTHR13194	1617.0	1542.83	0.0	0.0	0.0
PTHR13193	524.0	486.92	0.0	0.0	0.0
PTHR11913	1483.5	1446.41	0.0	0.0	0.0
PTHR11911	8751.0	8491.39	10.0	26.17	25.93
PTHR11910	2270.0	2195.82	0.0	0.0	0.0
PTHR11918	6744.0	6595.64	2.0	0.68	0.68
PTHR12919	1403.0	1328.84	0.0	0.0	0.0
PTHR12910	1825.0	1750.83	0.0	0.0	0.0
PTHR12917	4430.0	4318.76	1.0	0.48	0.48
PTHR11351	5712.0	5600.73	26.0	8.64	8.56
PTHR11353	16835.0	16464.12	33.0	11.91	11.82
PTHR11599	16590.0	16182.01	9.0	4.55	4.51
PTHR10516	17696.0	16991.38	50.0	77.29	76.57
PTHR11592	4714.0	4565.64	0.0	0.0	0.0
PTHR13273	995.0	957.91	0.0	0.0	0.0
PTHR31724	2572.33	2461.08	0.0	0.0	0.0
PTHR31098	8663.0	8551.73	63.0	16.18	16.02
PTHR22594	9759.0	9536.47	8.05	4.06	4.02
PTHR23315	8541.78	8282.18	2.0	0.55	0.54
PTHR23316	2859.0	2821.91	0.0	0.0	0.0
PTHR11778	6227.0	6115.73	2.0	0.49	0.49
PTHR11774	3677.0	3565.73	0.0	0.0	0.0
PTHR11773	3696.0	3658.91	14.0	2.72	2.69
PTHR11772	7382.5	7197.07	1.0	0.3	0.29
PTHR10357	29198.0	28715.84	115.64	36.2	35.87
PTHR10353	1321.0	1283.91	0.0	0.0	0.0
PTHR10350	4428.0	4353.82	0.0	0.0	0.0
PTHR10351	3085.43	3011.25	1.0	0.75	0.74
PTHR32557	2106.0	2068.91	0.0	0.0	0.0
PTHR10359	5094.86	4946.5	0.0	0.0	0.0
PTHR32442	1319.0	1281.91	0.0	0.0	0.0
PTHR31750	1086.0	1048.91	0.0	0.0	0.0
PTHR14189	502.0	464.92	0.0	0.0	0.0
PTHR32228	1153.0	1115.91	0.0	0.0	0.0
PTHR31245	1577.0	1502.83	0.0	0.0	0.0
PTHR23001	2847.0	2772.82	0.0	0.0	0.0
PTHR23002	1841.5	1767.33	0.0	0.0	0.0
PTHR22904	31237.0	30346.93	0.0	0.0	0.0
PTHR11177	27751.81	27121.33	0.0	0.0	0.0
PTHR10445	2284.0	2246.91	0.0	0.0	0.0
PTHR11178	5386.0	5237.65	7.0	7.96	7.89
PTHR14456	1835.0	1723.76	0.0	0.0	0.0
PTHR31808	1901.0	1863.91	1.0	0.38	0.38
PTHR31803	5191.57	5080.31	0.0	0.0	0.0
PTHR11009	734.0	696.92	0.0	0.0	0.0
PTHR19229	19825.25	19454.38	3.0	0.53	0.53
PTHR20961	24171.33	23689.19	1.0	0.42	0.42
PTHR11005	2638.5	2564.32	0.0	0.0	0.0
PTHR11006	9814.0	9517.3	0.0	0.0	0.0
PTHR18640	1854.0	1742.75	0.0	0.0	0.0
PTHR18866	18441.0	17773.47	116.0	40.92	40.53
PTHR12022	685.0	647.92	0.0	0.0	0.0
PTHR15588	1971.0	1896.82	0.0	0.0	0.0
PTHR12677	10197.67	9975.13	0.0	0.0	0.0
PTHR19134	1178.5	1141.41	0.0	0.0	0.0
PTHR19139	7131.67	6909.14	0.0	0.0	0.0
PTHR30566	5815.0	5703.73	0.0	0.0	0.0
PTHR12459	3650.0	3612.91	0.0	0.0	0.0
PTHR12456	1358.0	1283.84	0.0	0.0	0.0
PTHR12452	866.0	828.91	1.0	0.86	0.86
PTHR19359	5227.5	5042.08	0.0	0.0	0.0
PTHR12072	4753.5	4605.14	0.0	0.0	0.0
PTHR13218	799.0	761.91	0.0	0.0	0.0
PTHR13215	1223.0	1148.84	0.0	0.0	0.0
PTHR13213	2941.0	2829.76	0.0	0.0	0.0
PTHR10809	816.0	778.92	0.0	0.0	0.0
PTHR12290	422.0	384.92	0.0	0.0	0.0
PTHR21530	7837.17	7651.74	0.0	0.0	0.0
PTHR12295	7123.0	7048.82	0.0	0.0	0.0
PTHR12298	2689.0	2577.74	0.0	0.0	0.0
PTHR10638	2390.0	2352.91	0.0	0.0	0.0
PTHR10631	1120.0	1082.91	0.0	0.0	0.0
PTHR10984	5023.0	4911.73	1.0	0.38	0.38
PTHR12858	3804.0	3729.82	0.0	0.0	0.0
PTHR13505	838.0	800.91	0.0	0.0	0.0
PTHR12850	783.0	745.92	1.0	0.96	0.95
PTHR12856	1049.0	974.84	0.0	0.0	0.0
PTHR12855	1808.0	1770.91	0.0	0.0	0.0
PTHR12854	1988.0	1950.91	0.0	0.0	0.0
PTHR21737	1153.0	1115.91	0.0	0.0	0.0
PTHR13190	1875.0	1800.82	0.0	0.0	0.0
PTHR13182	1079.83	1042.75	0.0	0.0	0.0
PTHR10855	3305.0	3230.82	1.0	0.36	0.35
PTHR10585	1288.0	1250.91	0.0	0.0	0.0
PTHR10743	992.0	954.91	0.0	0.0	0.0
PTHR10742	26849.5	26181.91	19.0	6.81	6.75
PTHR10745	2337.0	2299.91	7.98	2.47	2.44
PTHR10744	1904.0	1792.76	1.0	1.95	1.93
PTHR10746	3378.0	3303.82	1.0	0.68	0.68
PTHR11528	8306.0	8120.55	173.0	81.15	80.39
PTHR12924	1240.0	1202.91	0.0	0.0	0.0
PTHR11349	2181.0	2069.75	0.0	0.0	0.0
PTHR10566	33621.67	32954.07	0.0	0.0	0.0
PTHR11588	4860.5	4675.12	10.0	4.26	4.22
PTHR10291	4934.0	4859.82	0.0	0.0	0.0
PTHR11584	8870.0	8758.73	0.0	0.0	0.0
PTHR11586	836.0	798.91	8.0	7.17	7.1
PTHR11909	8043.0	7857.56	28.96	15.26	15.13
PTHR23429	2901.0	2863.91	6.0	1.49	1.48
PTHR24320	12460.98	12090.13	1.0	1.01	1.0
PTHR24322	21082.3	20451.8	14.0	27.54	27.27
PTHR11907	4474.0	4399.82	0.0	0.0	0.0
PTHR11760	873.0	835.91	9.0	7.7	7.63
PTHR11761	1791.0	1716.83	49.07	56.7	56.18
PTHR11766	1195.0	1157.92	0.0	0.0	0.0
PTHR11767	2755.25	2681.08	0.0	0.0	0.0
PTHR10361	6406.0	6257.64	0.0	0.0	0.0
PTHR10366	24059.33	23391.76	85.06	45.74	45.32
PTHR10169	7128.0	6979.64	1.0	0.28	0.28
PTHR10168	8279.5	8019.9	0.0	0.0	0.0
PTHR20973	838.5	801.41	0.0	0.0	0.0
PTHR10165	4798.0	4686.73	0.0	0.0	0.0
PTHR31032	2856.0	2781.82	1.0	0.41	0.41
PTHR23257	223607.58	217896.39	1.0	1.16	1.15
PTHR23253	6190.0	6004.56	0.0	0.0	0.0
PTHR14190	1107.0	1032.84	0.0	0.0	0.0
PTHR14194	12357.0	12023.21	4.0	1.59	1.58
PTHR19957	6286.0	6137.66	0.0	0.0	0.0
PTHR31251	34012.11	32973.73	0.0	0.0	0.0
PTHR23074	9502.5	9205.8	0.0	0.0	0.0
PTHR23077	16334.42	15518.59	7.0	9.24	9.17
PTHR23076	23584.17	22953.7	43.0	11.7	11.58
PTHR30239	1935.0	1897.91	0.0	0.0	0.0
PTHR23073	12761.8	12390.93	153.8	91.52	90.66
PTHR23078	2614.0	2576.91	2.0	0.55	0.55
PTHR11165	932.0	894.91	2.0	1.6	1.58
PTHR32100	5960.0	5848.73	1.0	0.32	0.32
PTHR14534	591.0	553.92	0.0	0.0	0.0
PTHR14445	4620.33	4471.99	0.0	0.0	0.0
PTHR23102	483.67	446.59	0.0	0.0	0.0
PTHR23105	4782.0	4596.56	391.46	259.7	257.29
PTHR11010	3769.0	3694.82	1.0	0.39	0.39
PTHR12668	1048.0	1010.91	0.0	0.0	0.0
PTHR12661	1331.0	1293.91	0.0	0.0	0.0
PTHR12663	4658.0	4509.64	0.0	0.0	0.0
PTHR12664	1613.0	1538.83	0.0	0.0	0.0
PTHR16166	23645.0	23199.94	0.0	0.0	0.0
PTHR12111	2090.0	2015.83	0.0	0.0	0.0
PTHR12447	1719.0	1681.91	0.0	0.0	0.0
PTHR15481	404.0	366.92	0.0	0.0	0.0
PTHR21477	4727.17	4615.91	0.0	0.0	0.0
PTHR26379	2735.0	2660.83	1.0	0.36	0.36
PTHR12599	1381.0	1306.84	0.0	0.0	0.0
PTHR12596	2242.0	2167.84	0.0	0.0	0.0
PTHR12590	1225.0	1150.84	0.0	0.0	0.0
PTHR12066	2262.5	2114.18	0.0	0.0	0.0
PTHR12064	7070.5	6885.08	0.0	0.0	0.0
PTHR13226	2881.0	2806.83	0.0	0.0	0.0
PTHR13889	6224.0	6112.73	0.0	0.0	0.0
PTHR13887	2169.0	2057.75	0.0	0.0	0.0
PTHR21181	1507.5	1433.33	0.0	0.0	0.0
PTHR12412	1251.5	1214.41	0.0	0.0	0.0
PTHR13948	1177.5	1103.35	0.0	0.0	0.0
PTHR12146	1080.0	1005.84	19.46	46.74	46.31
PTHR11453	2510.0	2472.91	0.0	0.0	0.0
PTHR21506	1549.5	1512.42	0.0	0.0	0.0
PTHR12280	2190.75	2116.57	0.0	0.0	0.0
PTHR11451	8032.0	7846.56	19.04	5.91	5.84
PTHR12286	4492.0	4380.74	0.0	0.0	0.0
PTHR12415	3249.0	3211.91	0.0	0.0	0.0
PTHR30573	2706.0	2668.91	0.0	0.0	0.0
PTHR22983	6664.5	6479.06	0.0	0.0	0.0
PTHR22981	7514.5	7403.23	0.0	0.0	0.0
PTHR30191	4098.0	4060.91	3.0	0.52	0.52
PTHR13082	1314.0	1276.91	0.0	0.0	0.0
PTHR10629	18899.9	18529.03	0.0	0.0	0.0
PTHR10994	10602.0	10342.37	0.0	0.0	0.0
PTHR10996	8524.0	8301.46	0.0	0.0	0.0
PTHR10997	17627.0	17256.14	0.0	0.0	0.0
PTHR10992	43448.28	42187.38	73.0	57.6	57.07
PTHR10993	1971.0	1896.82	0.0	0.0	0.0
PTHR17695	7139.0	6879.41	0.0	0.0	0.0
PTHR12849	901.0	863.91	0.0	0.0	0.0
PTHR10943	7835.0	7760.82	5.92	1.06	1.04
PTHR12847	4682.0	4570.73	0.0	0.0	0.0
PTHR21290	4961.5	4850.23	0.0	0.0	0.0
PTHR21349	2276.0	2201.82	0.0	0.0	0.0
PTHR21347	2391.5	2317.32	0.0	0.0	0.0
PTHR21343	3144.0	3069.83	0.0	0.0	0.0
PTHR10196	8417.0	8268.64	0.0	0.0	0.0
PTHR10192	3538.0	3463.82	0.0	0.0	0.0
PTHR10751	1910.0	1872.91	0.0	0.0	0.0
PTHR10755	2649.0	2574.82	13.0	5.45	5.4
PTHR10758	1460.0	1422.91	0.0	0.0	0.0
PTHR13152	703.0	665.92	0.0	0.0	0.0
PTHR12932	4918.0	4769.65	0.0	0.0	0.0
PTHR12934	1159.0	1121.91	0.0	0.0	0.0
PTHR10288	12143.4	11920.87	0.0	0.0	0.0
PTHR11800	2494.0	2419.82	2.0	1.63	1.62
PTHR11802	4240.0	4128.74	0.0	0.0	0.0
PTHR11804	8549.5	8252.83	10.0	14.96	14.83
PTHR11808	6991.0	6805.58	2.0	0.76	0.75
PTHR10283	12192.0	11895.31	1.0	0.33	0.32
PTHR10286	3202.0	3127.82	8.0	4.04	4.0
PTHR13734	4044.0	3969.82	0.0	0.0	0.0
PTHR11579	3004.0	2929.82	0.0	0.0	0.0
PTHR13718	2775.0	2700.82	394.95	245.72	243.45
PTHR13711	8858.0	8635.48	0.0	0.0	0.0
PTHR13710	8781.5	8484.81	0.0	0.0	0.0
PTHR11977	1693.6	1656.52	0.0	0.0	0.0
PTHR11972	10372.39	10186.96	0.0	0.0	0.0
PTHR31480	2646.0	2608.91	0.0	0.0	0.0
PTHR31485	12646.0	12423.46	0.0	0.0	0.0
PTHR11715	942.0	904.91	0.0	0.0	0.0
PTHR11717	2102.0	1953.68	8.0	11.73	11.62
PTHR11711	14709.0	14301.02	549.99	310.06	307.19
PTHR11712	23533.67	22754.92	33.27	15.93	15.79
PTHR10374	5175.0	5026.64	0.0	0.0	0.0
PTHR10178	18480.86	18072.92	0.0	0.0	0.0
PTHR11482	3365.0	3290.82	1.0	0.49	0.48
PTHR10173	4198.0	4049.64	1.0	0.8	0.8
PTHR10177	9296.67	9074.14	0.0	0.0	0.0
PTHR10174	14055.8	13647.85	1.0	0.56	0.55
PTHR23249	2131.0	2056.83	0.0	0.0	0.0
PTHR23244	19393.0	19022.11	0.0	0.0	0.0
PTHR23245	2014.0	1902.75	0.0	0.0	0.0
PTHR23240	4296.0	4147.66	0.0	0.0	0.0
PTHR14614	9790.0	9493.3	0.0	0.0	0.0
PTHR31268	6603.0	6454.66	0.0	0.0	0.0
PTHR31262	738.0	700.92	5597.52	5722.04	5669.05
PTHR23063	4607.0	4495.73	0.0	0.0	0.0
PTHR11620	679.0	641.92	16.0	17.88	17.71
PTHR11624	10859.0	10562.3	72.0	33.02	32.73
PTHR11627	2928.0	2816.74	176.84	120.35	119.24
PTHR11390	5506.5	5358.16	0.0	0.0	0.0
PTHR31620	4035.0	3960.82	1.0	0.27	0.27
PTHR31319	2698.5	2661.41	0.0	0.0	0.0
PTHR14052	1732.0	1694.92	0.0	0.0	0.0
PTHR32118	1854.0	1816.91	2.0	0.78	0.78
PTHR23117	2909.33	2835.16	0.0	0.0	0.0
PTHR23115	46945.94	45944.6	10168.0	13060.33	12939.39
PTHR11028	2347.0	2272.82	3.0	2.21	2.19
PTHR11024	1434.0	1396.91	0.0	0.0	0.0
PTHR12841	1033.0	995.91	0.0	0.0	0.0
PTHR11777	4022.0	3984.91	24.3	4.33	4.29
PTHR12616	2636.5	2525.25	0.0	0.0	0.0
PTHR12613	1192.0	1154.92	0.0	0.0	0.0
PTHR12612	1130.0	1092.91	0.0	0.0	0.0
PTHR32060	4787.5	4602.1	0.0	0.0	0.0
PTHR12436	1873.0	1761.75	0.0	0.0	0.0
PTHR22734	2627.0	2552.82	0.0	0.0	0.0
PTHR12121	12773.67	12254.49	0.0	0.0	0.0
PTHR12438	1627.0	1589.91	0.0	0.0	0.0
PTHR11757	4358.0	4246.74	0.0	0.0	0.0
PTHR15492	1149.5	1112.41	0.0	0.0	0.0
PTHR21426	2119.0	2044.82	0.0	0.0	0.0
PTHR21427	1996.0	1958.91	0.0	0.0	0.0
PTHR13161	2042.0	1930.76	1.0	1.04	1.03
PTHR19372	2797.0	2722.83	0.0	0.0	0.0
PTHR19370	2875.0	2800.82	1.0	0.56	0.55
PTHR19376	14658.0	14472.55	6.0	1.21	1.2
PTHR19375	13248.79	12877.94	155.0	110.57	109.55
PTHR12725	5053.0	4830.48	6.0	15.82	15.67
PTHR13890	6716.0	6419.35	0.0	0.0	0.0
PTHR22883	10200.0	9903.31	0.0	0.0	0.0
PTHR22880	9493.5	9159.71	0.0	0.0	0.0
PTHR12542	2413.0	2301.75	0.0	0.0	0.0
PTHR12124	2247.5	2173.32	0.0	0.0	0.0
PTHR21512	2713.0	2638.83	0.0	0.0	0.0
PTHR30508	3786.0	3711.82	12.0	3.97	3.93
PTHR30502	1508.0	1470.91	0.0	0.0	0.0
PTHR10617	10938.74	10642.06	301.0	74.76	74.07
PTHR10615	6120.0	5934.56	7.0	4.99	4.95
PTHR13527	1540.0	1502.91	0.0	0.0	0.0
PTHR22958	6941.75	6830.5	0.0	0.0	0.0
PTHR22951	1053.5	1016.42	0.0	0.0	0.0
PTHR22950	35562.2	34672.1	3.0	0.91	0.9
PTHR22953	19561.5	19227.69	1.0	0.84	0.83
PTHR22952	12845.5	12660.05	0.0	0.0	0.0
PTHR22957	13698.0	13327.13	0.0	0.0	0.0
PTHR21600	1591.0	1553.91	0.0	0.0	0.0
PTHR24056	15493.83	15160.04	0.0	0.0	0.0
PTHR24054	1353.0	1315.91	81.29	44.04	43.64
PTHR24055	12329.83	12033.13	3.0	1.22	1.2
PTHR24058	6190.5	5968.0	0.0	0.0	0.0
PTHR10766	10140.0	10028.73	74.98	19.35	19.17
PTHR10762	2843.5	2769.33	0.0	0.0	0.0
PTHR30031	6257.84	6035.35	659.6	512.63	507.88
PTHR12945	2685.5	2611.32	0.0	0.0	0.0
PTHR12944	1659.5	1585.33	0.0	0.0	0.0
PTHR24128	9205.5	9020.05	1.0	0.37	0.36
PTHR13096	2557.0	2482.82	0.0	0.0	0.0
PTHR11365	3388.0	3350.91	2.0	0.42	0.42
PTHR10548	4095.4	3947.06	0.0	0.0	0.0
PTHR11817	8911.7	8763.35	34.0	11.6	11.5
PTHR11814	9533.8	9162.96	0.0	0.0	0.0
PTHR11363	1439.0	1401.91	21.0	10.68	10.58
PTHR10543	7559.5	7299.9	0.0	0.0	0.0
PTHR10540	3596.0	3484.73	1.0	0.52	0.52
PTHR13931	2501.83	2390.63	0.0	0.0	0.0
PTHR12965	3036.0	2961.83	0.0	0.0	0.0
PTHR10544	532.0	494.92	1.0	1.45	1.44
PTHR11562	3318.83	3170.49	0.0	0.0	0.0
PTHR11566	18019.0	17796.46	1.0	0.2	0.2
PTHR11567	4527.5	4416.23	0.0	0.0	0.0
PTHR11564	5138.0	4952.58	1.0	0.71	0.7
PTHR11962	4310.0	4198.74	1.0	0.25	0.25
PTHR11963	4268.5	4157.24	35.0	74.34	73.65
PTHR10381	8322.0	8025.29	89.0	84.62	83.82
PTHR10383	4443.5	4369.32	0.0	0.0	0.0
PTHR11705	1231.0	1193.91	0.0	0.0	0.0
PTHR11702	9150.75	8891.15	1.0	0.4	0.4
PTHR11700	1379.0	1304.84	3.0	3.71	3.67
PTHR10388	855.0	817.91	1.0	0.87	0.87
PTHR11709	7969.0	7783.57	0.0	0.0	0.0
PTHR10145	4981.0	4906.82	0.0	0.0	0.0
PTHR23273	4201.0	4126.82	0.0	0.0	0.0
PTHR23270	5699.0	5439.41	0.0	0.0	0.0
PTHR23050	3435.0	3286.65	375.0	448.11	443.95
PTHR23056	1987.0	1912.82	1.0	0.84	0.83
PTHR23054	1172.0	1134.91	0.0	0.0	0.0
PTHR11638	13637.36	13303.59	963.03	289.24	286.56
PTHR31783	5563.0	5525.91	0.0	0.0	0.0
PTHR23291	4344.0	4269.82	0.0	0.0	0.0
PTHR11630	18363.5	18029.69	5.0	1.22	1.19
PTHR11140	4008.0	3970.91	118.0	21.1	20.91
PTHR11141	3167.0	3129.91	0.0	0.0	0.0
PTHR11142	6311.0	6051.42	0.0	0.0	0.0
PTHR11380	460.0	422.92	0.0	0.0	0.0
PTHR11384	9087.0	8716.18	1.0	1.66	1.65
PTHR32477	2054.0	2016.91	0.0	0.0	0.0
PTHR14043	1196.0	1121.83	0.0	0.0	0.0
PTHR32472	1555.33	1481.2	0.0	0.0	0.0
PTHR31658	1728.0	1653.82	0.0	0.0	0.0
PTHR14269	3330.5	3219.24	0.0	0.0	0.0
PTHR22884	17180.67	16661.46	0.0	0.0	0.0
PTHR23125	33729.5	32913.56	2.0	0.49	0.49
PTHR12050	3349.0	3311.91	0.0	0.0	0.0
PTHR19879	2112.0	2037.82	0.0	0.0	0.0
PTHR19211	13986.33	13504.2	9838.55	15046.53	14907.19
PTHR12547	5105.0	4919.57	0.0	0.0	0.0
PTHR12608	3268.0	3156.74	0.0	0.0	0.0
PTHR12604	1339.75	1302.67	0.0	0.0	0.0
PTHR12603	3307.0	3232.82	0.0	0.0	0.0
PTHR32091	1512.0	1474.91	0.0	0.0	0.0
PTHR32098	3876.0	3727.66	0.0	0.0	0.0
PTHR18763	1558.0	1520.91	0.0	0.0	0.0
PTHR22726	5695.0	5546.64	138.0	99.11	98.19
PTHR22727	3835.0	3797.91	0.0	0.0	0.0
PTHR12428	5016.0	4867.66	1.0	0.32	0.32
PTHR18968	11232.0	10935.31	40.55	16.89	16.73
PTHR12735	2910.0	2798.74	1.0	0.56	0.55
PTHR15020	7341.93	7119.41	0.0	0.0	0.0
PTHR12049	1553.0	1478.84	0.0	0.0	0.0
PTHR12558	4641.0	4529.74	0.0	0.0	0.0
PTHR12553	7027.5	6804.99	0.0	0.0	0.0
PTHR24072	2621.0	2583.91	0.0	0.0	0.0
PTHR11477	2985.0	2873.74	0.0	0.0	0.0
PTHR24073	11677.37	11269.42	21.0	13.26	13.14
PTHR21569	1191.0	1116.84	0.0	0.0	0.0
PTHR10491	1185.0	1147.91	0.0	0.0	0.0
PTHR21567	6031.0	5882.65	0.0	0.0	0.0
PTHR13950	3245.0	3207.91	0.0	0.0	0.0
PTHR12133	1039.5	1002.41	0.0	0.0	0.0
PTHR10972	7734.0	7585.64	0.0	0.0	0.0
PTHR10606	975.0	900.84	0.0	0.0	0.0
PTHR10971	7996.5	7885.23	0.0	0.0	0.0
PTHR13393	986.0	948.91	0.0	0.0	0.0
PTHR13395	1403.0	1328.83	0.0	0.0	0.0
PTHR11680	6351.0	6239.73	34.19	12.57	12.45
PTHR22893	6068.0	5882.57	3.0	4.87	4.83
PTHR10778	5100.0	4951.65	0.0	0.0	0.0
PTHR24064	10598.08	10412.65	0.0	0.0	0.0
PTHR24063	15676.01	15230.98	1.0	0.45	0.44
PTHR21011	1933.0	1858.82	0.0	0.0	0.0
PTHR10772	2995.0	2883.73	0.0	0.0	0.0
PTHR10774	13134.25	12726.31	0.0	0.0	0.0
PTHR24068	2443.0	2368.82	9.0	6.26	6.21
PTHR12959	2059.5	2022.41	0.0	0.0	0.0
PTHR24115	49147.5	48331.58	0.0	0.0	0.0
PTHR10961	1715.0	1640.83	0.0	0.0	0.0
PTHR11825	9235.67	9013.13	0.0	0.0	0.0
PTHR11822	2452.0	2414.91	7.0	2.06	2.04
PTHR10803	1589.33	1515.17	0.0	0.0	0.0
PTHR10806	751.0	713.92	0.0	0.0	0.0
PTHR10804	12076.0	11816.37	12.0	5.73	5.68
PTHR11556	4456.0	4344.73	56.45	26.32	26.08
PTHR11558	1273.0	1235.91	0.0	0.0	0.0
PTHR13773	4778.0	4703.82	1.0	0.58	0.57
PTHR10537	1824.0	1786.91	0.0	0.0	0.0
PTHR11953	2639.0	2490.67	0.0	0.0	0.0
PTHR11952	6620.0	6508.74	0.0	0.0	0.0
PTHR11956	2215.0	2177.91	0.0	0.0	0.0
PTHR11959	2730.0	2655.83	1.0	0.37	0.36
PTHR11739	3810.0	3735.82	1.0	0.45	0.45
PTHR11732	27473.83	26806.26	2.14	1.28	1.26
PTHR11731	7885.5	7625.89	0.0	0.0	0.0
PTHR11730	15112.33	14704.39	4.0	10.83	10.73
PTHR11735	2340.0	2265.83	0.0	0.0	0.0
PTHR10394	1371.0	1296.83	10.0	11.57	11.47
PTHR20941	1546.0	1434.76	0.0	0.0	0.0
PTHR31065	2858.5	2784.33	0.0	0.0	0.0
PTHR13600	7522.5	7374.15	0.0	0.0	0.0
PTHR31066	3024.0	2986.91	0.0	0.0	0.0
PTHR13604	1561.0	1523.91	0.0	0.0	0.0
PTHR23264	6040.0	5928.73	6.82	2.39	2.37
PTHR23269	1834.0	1796.91	0.0	0.0	0.0
PTHR31204	1388.0	1350.91	0.0	0.0	0.0
PTHR31201	3235.0	3160.83	0.0	0.0	0.0
PTHR31209	1040.0	1002.92	0.0	0.0	0.0
PTHR11607	2133.0	2095.91	0.0	0.0	0.0
PTHR15074	740.0	702.92	0.0	0.0	0.0
PTHR11601	8637.61	8415.08	105.0	100.87	99.93
PTHR32467	9438.67	9104.94	0.0	0.0	0.0
PTHR14255	10657.5	10360.84	0.0	0.0	0.0
PTHR31840	694.0	656.92	0.0	0.0	0.0
PTHR23130	1910.5	1873.41	0.0	0.0	0.0
PTHR23133	1304.0	1266.91	0.0	0.0	0.0
PTHR23135	5133.5	5059.33	29.0	37.07	36.73
PTHR23138	2392.0	2317.82	0.0	0.0	0.0
PTHR23139	11495.33	11198.63	0.0	0.0	0.0
PTHR31682	1615.0	1577.91	14.0	6.32	6.26
PTHR11040	1808.0	1696.75	0.0	0.0	0.0
PTHR11043	832.0	794.91	0.0	0.0	0.0
PTHR11042	6496.5	6348.14	0.0	0.0	0.0
PTHR11048	5009.5	4861.16	5.0	13.18	13.06
PTHR14005	3537.0	3499.91	4.0	0.81	0.8
PTHR15818	1419.0	1344.83	0.0	0.0	0.0
PTHR12636	1097.0	1059.91	5.0	3.37	3.34
PTHR14490	2609.7	2498.45	0.0	0.0	0.0
PTHR14493	22848.0	22440.04	0.0	0.0	0.0
PTHR15651	2613.5	2576.41	0.0	0.0	0.0
PTHR12380	3554.0	3405.66	0.0	0.0	0.0
PTHR12385	6491.25	6342.9	0.0	0.0	0.0
PTHR12706	7105.17	6919.74	0.0	0.0	0.0
PTHR12709	1652.0	1577.83	0.0	0.0	0.0
PTHR12561	794.0	756.91	0.0	0.0	0.0
PTHR12560	3251.0	3176.82	0.0	0.0	0.0
PTHR11203	5658.5	5547.23	1.0	0.24	0.24
PTHR12097	4051.0	4013.91	104.0	18.4	18.23
PTHR11200	9205.0	8982.47	1.0	0.32	0.31
PTHR21576	4753.0	4641.74	0.0	0.0	0.0
PTHR10046	6297.5	6112.07	216.0	61.19	60.62
PTHR12419	4044.0	3895.64	0.0	0.0	0.0
PTHR23338	5128.5	5091.41	0.0	0.0	0.0
PTHR30525	1707.0	1669.91	76.75	32.73	32.43
PTHR12413	3171.5	3097.32	0.0	0.0	0.0
PTHR12411	63646.46	62311.29	6.0	1.48	1.48
PTHR23339	3746.0	3634.75	0.0	0.0	0.0
PTHR10947	3901.0	3826.82	0.0	0.0	0.0
PTHR21717	694.0	656.92	0.0	0.0	0.0
PTHR21712	2704.0	2629.82	0.0	0.0	0.0
PTHR12897	3235.0	3160.82	0.0	0.0	0.0
PTHR12894	5421.0	5235.57	0.0	0.0	0.0
PTHR12891	1045.0	1007.91	0.0	0.0	0.0
PTHR22976	8688.67	8466.16	117.48	30.93	30.64
PTHR22975	12903.3	12643.71	0.0	0.0	0.0
PTHR22970	2189.0	2114.83	0.0	0.0	0.0
PTHR14145	3013.0	2938.82	0.0	0.0	0.0
PTHR21377	863.0	825.91	0.0	0.0	0.0
PTHR21371	2164.0	2126.91	11.09	3.71	3.67
PTHR21373	2045.0	1933.75	0.0	0.0	0.0
PTHR22573	7639.0	7490.64	1.0	0.32	0.32
PTHR22572	12190.0	11930.38	35.0	40.76	40.39
PTHR13060	1675.0	1637.91	0.0	0.0	0.0
PTHR21000	2298.0	2260.91	6.0	1.89	1.87
PTHR10701	1155.0	1117.91	0.0	0.0	0.0
PTHR13162	7454.0	7416.91	7.0	0.67	0.66
PTHR13165	1585.5	1548.41	0.0	0.0	0.0
PTHR21396	1678.0	1603.83	0.0	0.0	0.0
PTHR13069	2946.0	2871.83	0.0	0.0	0.0
PTHR13068	7709.52	7486.99	0.0	0.0	0.0
PTHR24106	5426.0	5314.73	0.0	0.0	0.0
PTHR24103	3674.0	3525.65	1.0	0.62	0.61
PTHR11540	4555.0	4369.57	1.0	1.54	1.52
PTHR10836	4144.0	3995.66	1096.52	500.17	495.54
PTHR10835	2444.0	2406.91	0.0	0.0	0.0
PTHR11545	2518.0	2406.74	1.04	0.81	0.81
PTHR10012	1038.0	1000.92	0.0	0.0	0.0
PTHR13768	2241.5	2167.35	0.0	0.0	0.0
PTHR24078	13336.0	12965.14	0.0	0.0	0.0
PTHR11946	21502.5	21094.52	49.94	20.78	20.59
PTHR11947	4326.0	4251.82	0.0	0.0	0.0
PTHR11941	11233.0	10936.3	1.0	2.72	2.69
PTHR10497	2064.0	2026.91	3.0	1.05	1.04
PTHR10496	307.0	269.92	61.0	164.47	162.95
PTHR24076	23670.5	22965.87	0.0	0.0	0.0
PTHR24077	16697.0	16140.69	1.0	0.58	0.58
PTHR11728	6057.0	5945.73	0.0	0.0	0.0
PTHR11726	963.0	925.91	219.0	169.04	167.48
PTHR11727	3348.0	3236.74	0.0	0.0	0.0
PTHR11721	781.0	743.92	10.37	9.98	9.89
PTHR11722	893.0	855.91	513.99	429.46	425.49
PTHR10120	1841.0	1803.91	0.0	0.0	0.0
PTHR10122	1212.0	1174.91	0.0	0.0	0.0
PTHR11831	938.0	900.91	202.01	160.29	158.8
PTHR11835	1842.0	1804.91	1.0	0.39	0.39
PTHR11614	1256.33	1219.25	0.0	0.0	0.0
PTHR11615	17946.17	17315.72	159.0	106.36	105.37
PTHR11618	5028.5	4880.15	0.0	0.0	0.0
PTHR32419	2061.0	2023.91	0.0	0.0	0.0
PTHR10231	3026.2	2914.93	0.0	0.0	0.0
PTHR10233	7663.5	7478.06	0.0	0.0	0.0
PTHR31503	5620.0	5471.64	0.0	0.0	0.0
PTHR23147	2153.2	2079.03	0.0	0.0	0.0
PTHR23140	1977.17	1903.0	0.0	0.0	0.0
PTHR23142	2509.33	2435.16	0.0	0.0	0.0
PTHR23149	1541.0	1466.83	0.0	0.0	0.0
PTHR23148	845.5	808.42	0.0	0.0	0.0
PTHR11361	13836.63	13465.79	0.0	0.0	0.0
PTHR11056	2972.67	2898.49	0.0	0.0	0.0
PTHR11055	5253.5	5142.23	0.0	0.0	0.0
PTHR32251	4227.0	4115.73	1.0	0.38	0.38
PTHR31695	2265.0	2190.83	0.0	0.0	0.0
PTHR11819	3905.0	3830.83	10.0	15.49	15.35
PTHR22767	5860.0	5711.65	0.0	0.0	0.0
PTHR22765	8995.0	8809.56	0.0	0.0	0.0
PTHR12629	1743.0	1705.91	0.0	0.0	0.0
PTHR18945	4508.71	4397.46	1.0	0.28	0.28
PTHR26402	18419.53	18048.68	293.96	167.23	165.67
PTHR19384	8056.5	7796.91	2.0	1.03	1.02
PTHR12714	6087.5	5939.14	0.0	0.0	0.0
PTHR32523	1434.0	1396.91	0.0	0.0	0.0
PTHR12570	3580.5	3469.25	0.0	0.0	0.0
PTHR21494	1756.5	1682.33	0.0	0.0	0.0
PTHR21145	3517.5	3443.32	0.0	0.0	0.0
PTHR21496	3471.0	3322.67	0.0	0.0	0.0
PTHR21493	37004.5	36003.15	0.0	0.0	0.0
PTHR21499	3410.5	3336.33	0.0	0.0	0.0
PTHR21148	4302.0	4153.65	0.0	0.0	0.0
PTHR12083	2128.0	2053.82	0.0	0.0	0.0
PTHR19854	5492.5	5381.24	0.0	0.0	0.0
PTHR30535	4857.59	4746.33	0.0	0.0	0.0
PTHR19855	3505.0	3430.82	0.0	0.0	0.0
PTHR19852	1270.0	1232.91	1.0	0.58	0.57
PTHR16128	3692.95	3581.69	40.0	25.3	25.06
PTHR12400	3743.5	3669.33	0.0	0.0	0.0
PTHR13572	1477.0	1439.91	0.0	0.0	0.0
PTHR30314	6467.0	6318.65	4.0	7.88	7.81
PTHR12882	700.5	663.42	0.0	0.0	0.0
PTHR12883	1449.0	1411.91	0.0	0.0	0.0
PTHR16255	6790.0	6641.64	0.0	0.0	0.0
PTHR16254	6340.83	6229.58	0.0	0.0	0.0
PTHR13373	1546.0	1508.91	0.0	0.0	0.0
PTHR13375	1448.0	1410.91	0.0	0.0	0.0
PTHR22967	1291.0	1253.91	0.0	0.0	0.0
PTHR10150	3730.0	3618.74	0.0	0.0	0.0
PTHR30222	1593.0	1555.91	0.0	0.0	0.0
PTHR13115	2358.0	2320.91	0.0	0.0	0.0
PTHR13117	1932.0	1894.91	0.0	0.0	0.0
PTHR13285	1501.5	1390.26	0.0	0.0	0.0
PTHR13288	1305.0	1267.91	0.0	0.0	0.0
PTHR10953	16530.0	16122.05	17.0	3.21	3.18
PTHR10954	1974.0	1899.82	1.0	0.76	0.75
PTHR21726	701.0	663.92	0.0	0.0	0.0
PTHR10956	1380.0	1342.91	4.0	2.12	2.1
PTHR10826	1172.0	1134.91	0.0	0.0	0.0
PTHR11533	7564.0	7452.73	10.99	2.43	2.41
PTHR11532	3802.0	3616.58	1.0	0.79	0.78
PTHR10000	5499.5	5388.23	0.0	0.0	0.0
PTHR13021	833.5	796.43	0.0	0.0	0.0
PTHR10108	50635.17	49337.1	11.0	13.04	12.93
PTHR24007	4088.0	4013.82	0.0	0.0	0.0
PTHR24006	26682.67	25978.0	0.0	0.0	0.0
PTHR24003	31439.7	30475.46	7.0	9.6	9.51
PTHR31446	1048.0	1010.91	0.0	0.0	0.0
PTHR31190	3540.0	3428.75	0.0	0.0	0.0
PTHR11441	1551.0	1513.91	0.0	0.0	0.0
PTHR11440	2341.0	2266.82	0.0	0.0	0.0
PTHR11999	7627.5	7442.07	5.0	4.27	4.23
PTHR11998	5138.0	5026.73	1.0	0.41	0.41
PTHR11449	884.35	810.18	93.22	202.63	200.76
PTHR11994	754.0	716.92	5.54	5.54	5.48
PTHR10133	10854.21	10631.7	0.0	0.0	0.0
PTHR13620	9510.0	9213.3	0.0	0.0	0.0
PTHR11847	800.0	762.91	17.04	15.99	15.84
PTHR11843	692.0	654.92	0.0	0.0	0.0
PTHR11661	3035.0	2923.73	1.0	0.81	0.81
PTHR11662	21377.5	20932.45	0.0	0.0	0.0
PTHR11669	5576.0	5427.64	1.0	0.61	0.6
PTHR11668	10846.0	10512.21	217.06	85.58	84.78
PTHR20856	9186.0	8963.48	7.0	1.53	1.52
PTHR20854	5888.0	5702.56	0.0	0.0	0.0
PTHR20855	2886.0	2811.82	0.0	0.0	0.0
PTHR20852	4791.0	4642.65	18571.51	23161.48	22947.03
PTHR32404	3231.5	3157.32	0.0	0.0	0.0
PTHR20858	3584.0	3472.73	0.0	0.0	0.0
PTHR10634	697.0	659.92	0.0	0.0	0.0
PTHR14237	9226.0	8966.41	0.0	0.0	0.0
PTHR11143	816.0	778.91	7.0	6.43	6.37
PTHR23155	154262.96	150480.06	1.0	1.22	1.21
PTHR23153	7055.5	6795.9	0.0	0.0	0.0
PTHR23151	7566.0	7232.24	3.0	7.02	6.96
PTHR11063	3315.0	3240.82	0.0	0.0	0.0
PTHR11062	19585.36	19066.15	0.0	0.0	0.0
PTHR11061	3821.0	3598.5	0.0	0.0	0.0
PTHR11065	3951.67	3840.41	0.0	0.0	0.0
PTHR11064	2047.0	1972.83	45.0	21.26	21.06
PTHR11260	13468.88	13135.09	2.0	5.27	5.22
PTHR11264	1236.0	1198.91	0.0	0.0	0.0
PTHR11266	11684.67	11313.8	0.0	0.0	0.0
PTHR13501	779.0	741.92	1.0	0.97	0.96
PTHR31998	5891.0	5779.74	38.19	8.31	8.23
PTHR31221	2729.33	2655.16	0.0	0.0	0.0
PTHR15838	982.0	907.84	0.0	0.0	0.0
PTHR32338	1527.0	1489.91	0.0	0.0	0.0
PTHR31407	3578.0	3466.73	0.0	0.0	0.0
PTHR15744	1137.5	1063.34	0.0	0.0	0.0
PTHR20932	1024.0	986.92	0.0	0.0	0.0
PTHR18952	1776.0	1738.91	0.0	0.0	0.0
PTHR10552	1229.0	1191.91	0.0	0.0	0.0
PTHR25040	6398.0	6249.65	0.0	0.0	0.0
PTHR12765	1200.0	1125.84	0.0	0.0	0.0
PTHR12505	2949.67	2875.49	0.0	0.0	0.0
PTHR21481	2826.0	2751.82	0.0	0.0	0.0
PTHR22778	5053.5	4868.08	0.0	0.0	0.0
PTHR19446	13220.95	12998.43	17.0	8.27	8.19
PTHR12219	2912.0	2874.91	0.0	0.0	0.0
PTHR13561	4983.34	4872.07	0.0	0.0	0.0
PTHR13563	995.0	957.91	0.0	0.0	0.0
PTHR12210	4326.0	4251.82	0.0	0.0	0.0
PTHR12215	1294.0	1219.83	0.0	0.0	0.0
PTHR12214	1993.0	1955.91	0.0	0.0	0.0
PTHR12189	1085.0	1010.84	0.0	0.0	0.0
PTHR22911	7341.5	7118.97	0.0	0.0	0.0
PTHR11926	2383.0	2308.82	0.0	0.0	0.0
PTHR19842	1791.0	1753.91	0.0	0.0	0.0
PTHR12183	2434.57	2360.41	0.0	0.0	0.0
PTHR19849	2217.0	2142.82	0.0	0.0	0.0
PTHR21152	5009.33	4823.92	0.0	0.0	0.0
PTHR19861	1045.0	1007.91	0.0	0.0	0.0
PTHR30075	4129.0	3980.66	1.0	1.08	1.07
PTHR11632	8625.68	8403.16	39.0	21.32	21.12
PTHR13102	2271.5	2160.25	0.0	0.0	0.0
PTHR12984	3821.5	3747.32	0.0	0.0	0.0
PTHR23293	6373.0	6224.65	26.0	44.77	44.36
PTHR13299	1724.0	1686.91	0.0	0.0	0.0
PTHR12652	3473.0	3398.82	0.0	0.0	0.0
PTHR10925	2662.0	2624.91	3.0	0.81	0.8
PTHR10920	5135.0	4949.55	0.0	0.0	0.0
PTHR10584	24421.0	23827.6	53.0	56.15	55.63
PTHR11527	2097.5	1986.26	49.0	60.67	60.11
PTHR11525	1644.0	1606.91	0.0	0.0	0.0
PTHR10859	4005.0	3856.65	0.0	0.0	0.0
PTHR10589	4435.0	4360.82	0.0	0.0	0.0
PTHR10588	5893.5	5670.99	0.0	0.0	0.0
PTHR13038	2309.0	2271.91	0.0	0.0	0.0
PTHR13748	6793.5	6570.99	1.0	2.38	2.36
PTHR12126	2854.0	2779.82	0.0	0.0	0.0
PTHR13743	12669.0	12483.58	0.0	0.0	0.0
PTHR24015	47923.67	46774.01	0.0	0.0	0.0
PTHR24012	37359.38	36358.08	1.0	1.7	1.68
PTHR24011	35949.7	35096.69	1.0	0.86	0.85
PTHR31187	8803.0	8654.65	43.0	11.85	11.74
PTHR10459	5271.67	5086.24	0.0	0.0	0.0
PTHR10458	2048.5	1974.33	0.0	0.0	0.0
PTHR11986	15196.0	14862.21	37.0	12.65	12.53
PTHR11455	6412.0	6226.58	2.0	2.43	2.41
PTHR10102	3400.0	3325.82	0.0	0.0	0.0
PTHR11458	1860.0	1785.83	0.0	0.0	0.0
PTHR10106	886.0	848.91	0.0	0.0	0.0
PTHR31057	2486.0	2374.74	0.0	0.0	0.0
PTHR21141	2842.0	2730.74	3.0	2.48	2.46
PTHR11851	16978.0	16570.03	4.0	1.19	1.17
PTHR23092	3863.0	3751.74	0.0	0.0	0.0
PTHR23091	11476.0	11031.0	0.0	0.0	0.0
PTHR11673	999.0	961.91	23.0	17.08	16.93
PTHR11670	8316.0	8093.48	240.0	210.41	208.47
PTHR11671	1576.0	1538.91	1.0	0.46	0.46
PTHR20863	3169.0	3057.74	11.0	8.66	8.58
PTHR20861	3582.0	3507.82	0.0	0.0	0.0
PTHR11679	7048.5	6937.23	0.0	0.0	0.0
PTHR14009	5155.0	5080.83	0.0	0.0	0.0
PTHR10217	8482.5	8259.99	0.0	0.0	0.0
PTHR10210	6537.0	6462.82	19.0	3.04	3.01
PTHR31522	1599.0	1561.91	1.0	0.46	0.45
PTHR14221	2100.0	2062.91	0.0	0.0	0.0
PTHR23163	3206.0	3131.83	0.0	0.0	0.0
PTHR11079	5151.0	4928.49	0.0	0.0	0.0
PTHR11076	7235.0	6827.08	0.0	0.0	0.0
PTHR11070	5346.0	5234.74	0.0	0.0	0.0
PTHR11071	24528.91	23638.84	12288.61	26320.17	26076.48
PTHR11278	1059.0	1021.91	7.0	4.89	4.85
PTHR14107	1406.0	1368.91	1.0	0.52	0.52
PTHR11276	5880.0	5731.66	0.0	0.0	0.0
PTHR11274	2841.0	2766.82	6.0	3.66	3.62
PTHR14136	4806.5	4658.14	0.0	0.0	0.0
PTHR31984	3316.0	3241.82	0.0	0.0	0.0
PTHR15350	2649.0	2574.82	0.0	0.0	0.0
PTHR15606	2271.0	2196.83	0.0	0.0	0.0
PTHR12374	2727.0	2652.83	0.0	0.0	0.0
PTHR12375	1863.0	1788.82	0.0	0.0	0.0
PTHR12378	909.0	871.92	0.0	0.0	0.0
PTHR18929	17460.45	16978.32	2.0	1.11	1.1
PTHR13976	2294.0	2219.82	0.0	0.0	0.0
PTHR12777	676.0	638.92	2.0	2.25	2.22
PTHR12775	2761.0	2686.82	0.0	0.0	0.0
PTHR12770	6702.67	6480.15	0.0	0.0	0.0
PTHR20981	722.0	684.92	3.0	3.14	3.11
PTHR14085	1723.0	1685.91	0.0	0.0	0.0
PTHR16092	1717.0	1642.83	0.0	0.0	0.0
PTHR11035	3295.0	3220.82	0.0	0.0	0.0
PTHR22298	3522.0	3484.91	0.0	0.0	0.0
PTHR12174	5504.5	5393.23	0.0	0.0	0.0
PTHR12175	1825.0	1787.91	0.0	0.0	0.0
PTHR12176	967.0	929.91	0.0	0.0	0.0
PTHR22769	8816.5	8482.72	0.0	0.0	0.0
PTHR10293	3176.0	2990.58	4.0	8.37	8.29
PTHR12403	2746.0	2671.82	0.0	0.0	0.0
PTHR22762	6935.0	6860.82	0.0	0.0	0.0
PTHR22763	1619.0	1544.82	0.0	0.0	0.0
PTHR22761	3462.5	3351.24	0.0	0.0	0.0
PTHR21231	1242.0	1204.91	0.0	0.0	0.0
PTHR21230	3227.0	3115.74	0.0	0.0	0.0
PTHR21234	2661.0	2586.82	0.0	0.0	0.0
PTHR21237	1404.0	1366.91	0.0	0.0	0.0
PTHR12202	2266.0	2154.74	0.0	0.0	0.0
PTHR12203	5969.5	5895.32	1.0	0.53	0.53
PTHR19857	1826.33	1789.25	0.0	0.0	0.0
PTHR13355	3998.0	3886.74	0.0	0.0	0.0
PTHR13353	2434.5	2360.33	0.0	0.0	0.0
PTHR19853	3158.0	3083.82	0.0	0.0	0.0
PTHR12197	12867.6	12385.5	0.0	0.0	0.0
PTHR19858	861.0	823.91	0.0	0.0	0.0
PTHR11932	14071.0	13848.46	16.0	4.95	4.9
PTHR13822	1460.0	1422.91	4.0	2.0	1.98
PTHR13271	21487.0	20930.7	0.0	0.0	0.0
PTHR13138	2901.5	2827.32	0.0	0.0	0.0
PTHR10732	1270.0	1195.83	16.0	24.3	24.08
PTHR10738	1954.0	1879.84	0.0	0.0	0.0
PTHR10739	3541.0	3466.82	0.0	0.0	0.0
PTHR12992	1823.0	1785.91	0.0	0.0	0.0
PTHR22838	4343.43	4269.25	0.0	0.0	0.0
PTHR22881	3058.0	2983.82	0.0	0.0	0.0
PTHR22836	1497.5	1460.41	0.0	0.0	0.0
PTHR22960	2735.0	2660.82	0.0	0.0	0.0
PTHR11934	2258.0	2183.82	1.0	0.81	0.81
PTHR10693	1638.0	1563.83	0.0	0.0	0.0
PTHR10938	1030.0	992.91	0.0	0.0	0.0
PTHR10934	911.0	873.91	4.0	3.27	3.24
PTHR11510	1633.0	1595.91	1.0	0.45	0.44
PTHR11516	5748.0	5636.73	20.16	6.62	6.57
PTHR10025	2340.5	2266.32	2.01	1.27	1.25
PTHR10026	7246.0	7060.55	0.0	0.0	0.0
PTHR10027	3449.0	3374.82	0.0	0.0	0.0
PTHR13009	493.0	455.92	0.0	0.0	0.0
PTHR13007	2030.62	1956.45	0.0	0.0	0.0
PTHR30115	7308.0	7196.73	5758.94	1435.76	1422.46
PTHR11863	2062.6	1988.44	23.0	22.18	21.97
PTHR17901	3170.78	3096.6	0.0	0.0	0.0
PTHR24351	5338.0	5263.82	0.0	0.0	0.0
PTHR20982	1025.0	987.91	0.0	0.0	0.0
PTHR24352	1156.0	1081.84	0.0	0.0	0.0
PTHR11467	1166.0	1128.91	0.0	0.0	0.0
PTHR10119	7762.0	7650.73	28.0	9.47	9.39
PTHR10343	3038.0	2926.74	0.0	0.0	0.0
PTHR10114	808.0	770.91	3.0	2.79	2.76
PTHR10110	15463.83	15092.95	0.0	0.0	0.0
PTHR11469	3689.13	3577.89	9.01	2.51	2.49
PTHR10598	1542.0	1504.91	0.0	0.0	0.0
PTHR24286	5055.0	4980.82	0.0	0.0	0.0
PTHR11864	6708.86	6523.42	0.0	0.0	0.0
PTHR23426	1124.5	1087.41	0.0	0.0	0.0
PTHR10593	4609.0	4497.73	0.0	0.0	0.0
