GeneFamily	length	effective_length	expected_count	TPM	FPKM
PTHR11649	11346.68	10807.24	953.0	77.72	56.55
PTHR31089	2013.0	1963.95	249.0	9.75	7.09
PTHR31085	2906.11	2857.06	1868.0	50.21	36.54
PTHR11647	7156.37	6911.22	713.0	25.82	18.8
PTHR11645	3495.0	3396.9	1219.0	52.86	38.47
PTHR11880	930.0	880.95	15008.66	1315.39	957.27
PTHR11885	734.0	684.95	19919.92	2250.19	1637.56
PTHR10209	7712.4	7418.1	1682.0	112.41	81.8
PTHR32429	7033.72	6739.44	6662.0	284.7	207.17
PTHR31423	1109.0	1059.95	204.0	14.84	10.8
PTHR31551	1789.0	1739.95	545.0	24.09	17.53
PTHR32195	2424.0	2374.95	304.0	9.83	7.16
PTHR11081	4382.73	4186.52	458.0	37.79	27.49
PTHR11080	5712.0	5466.75	4187.49	163.2	118.77
PTHR11082	4799.0	4602.8	572.0	31.21	22.73
PTHR11085	7449.2	7154.92	3118.17	92.11	67.05
PTHR11089	7882.63	7588.32	2643.0	121.3	88.27
PTHR12271	2260.0	2210.95	108.0	3.75	2.73
PTHR32518	6992.17	6845.02	4341.9	182.8	133.03
PTHR11247	756.0	706.95	77.0	8.42	6.13
PTHR11246	9844.0	9647.8	2869.0	91.09	66.3
PTHR32512	4240.07	4141.97	385.0	14.55	10.59
PTHR23088	4722.0	4525.8	2480.0	155.1	112.86
PTHR23089	2512.0	2413.9	738.0	43.54	31.68
PTHR23081	2606.58	2557.52	768.03	23.07	16.79
PTHR23083	38994.97	37768.81	14570.36	494.61	359.92
PTHR23084	4708.89	4414.6	310.0	22.11	16.08
PTHR23086	7171.09	6925.84	682.0	35.32	25.71
PTHR18806	1529.0	1479.95	117.0	6.08	4.43
PTHR15184	9942.0	9647.81	18544.51	609.76	443.75
PTHR15341	1267.0	1217.95	190.0	12.02	8.75
PTHR12696	4253.69	4204.63	1635.0	29.84	21.71
PTHR12341	6450.0	6106.66	991.0	76.95	56.0
PTHR15160	5315.63	5119.43	1397.0	108.95	79.29
PTHR18937	21151.99	20759.59	2978.41	80.38	58.49
PTHR18934	22518.95	21439.96	2324.25	177.42	129.12
PTHR12742	2431.34	2333.23	1090.0	58.61	42.66
PTHR12741	954.0	904.95	188.0	16.04	11.67
PTHR16557	1238.0	1188.95	38.0	2.46	1.79
PTHR19288	4064.26	3868.05	514.08	28.83	20.98
PTHR12975	3678.0	3579.9	242.0	9.77	7.11
PTHR13902	3023.0	2924.93	1622.0	114.56	83.37
PTHR13903	3147.0	2999.98	269.0	15.06	10.96
PTHR22753	2477.0	2378.9	169.0	11.14	8.1
PTHR30615	2009.0	1910.9	617.0	50.35	36.64
PTHR22939	18272.86	17635.3	5020.98	208.47	151.7
PTHR16266	3305.0	3108.8	135.0	13.53	9.85
PTHR30612	1350.0	1300.95	105.0	6.22	4.52
PTHR22932	1363.0	1313.95	527.0	30.89	22.48
PTHR22931	18494.28	18249.03	426557.0	9317.2	6780.56
PTHR31038	1767.0	1717.95	2244.99	100.52	73.15
PTHR32357	1612.0	1513.9	289.0	28.68	20.87
PTHR13832	43349.22	42073.92	56163.82	2344.57	1706.23
PTHR21139	2031.0	1932.9	13048.18	962.04	700.12
PTHR21136	4389.0	4241.85	5981.0	306.43	223.0
PTHR12526	48945.86	47425.37	49219.97	2012.74	1464.74
PTHR13120	2049.0	1999.95	352.0	13.53	9.85
PTHR22809	2281.0	2133.85	185.89	23.19	16.88
PTHR22807	7248.59	6905.24	1030.0	72.36	52.65
PTHR20661	1448.83	1399.77	88.0	4.84	3.52
PTHR10900	19008.75	18322.24	94376.11	7340.65	5342.1
PTHR10906	5826.22	5630.26	3313.1	122.06	88.84
PTHR10909	15993.37	15502.88	10063.52	405.48	295.08
PTHR10055	2378.0	2279.9	408.0	20.9	15.21
PTHR10057	3197.0	3098.9	1165.0	40.29	29.33
PTHR10052	1937.06	1838.95	19467.28	2041.73	1485.86
PTHR13018	6901.0	6802.9	4374.0	105.38	76.68
PTHR10694	12886.48	12445.04	5457.32	221.97	161.52
PTHR12839	3134.32	3036.22	509.95	22.87	16.64
PTHR12835	432.0	382.96	6.0	1.22	0.89
PTHR24031	73190.77	70689.66	99995.43	3828.11	2785.93
PTHR24032	1040.6	991.55	238.0	18.52	13.48
PTHR24349	19575.14	18937.48	22717.52	878.65	639.45
PTHR24619	11423.71	11129.42	3781.78	175.52	127.73
PTHR24343	57606.84	55497.89	68271.01	3147.42	2290.53
PTHR11472	6878.95	6584.68	497.0	17.98	13.09
PTHR24347	9541.0	9197.67	2744.02	117.01	85.15
PTHR11476	4724.54	4675.49	589.75	9.68	7.04
PTHR10438	23319.15	22485.47	23989.1	1218.4	886.67
PTHR10476	5109.0	4912.8	4069.07	272.96	198.65
PTHR11538	4356.28	4209.12	2019.0	100.38	73.05
PTHR24290	7666.34	7519.19	5887.33	145.91	106.18
PTHR12730	2393.0	2294.9	697.0	46.16	33.59
PTHR23413	555.0	505.95	20680.92	3173.01	2309.15
PTHR23417	2008.22	1910.11	270.0	20.01	14.56
PTHR23416	5823.0	5528.7	1753.85	108.65	79.07
PTHR23415	1601.05	1552.0	408.56	20.26	14.74
PTHR12736	2405.49	2356.44	4323.97	140.99	102.6
PTHR10871	3750.0	3602.85	20044.85	2175.36	1583.11
PTHR23418	1042.0	992.95	806.0	62.62	45.57
PTHR10877	4794.0	4401.73	81.0	7.39	5.37
PTHR11879	1848.0	1798.95	944.0	40.36	29.37
PTHR10430	5287.2	5091.01	2592.0	159.26	115.91
PTHR11659	1852.0	1802.95	258.0	11.0	8.01
PTHR31096	5978.0	5830.85	14280.96	705.28	513.26
PTHR11655	1809.0	1710.9	26311.92	2519.01	1833.2
PTHR11652	1166.0	1067.9	17982.24	2261.37	1645.7
PTHR10436	8580.15	8187.74	332.0	25.89	18.83
PTHR20883	666.0	616.95	7.0	0.88	0.64
PTHR11895	7386.17	7091.87	415.0	18.98	13.81
PTHR10277	2273.36	2126.29	5482.86	294.3	214.18
PTHR14027	3526.0	3427.9	1165.0	52.25	38.02
PTHR13691	2846.07	2699.01	20599.88	1470.03	1069.81
PTHR23180	4819.35	4574.11	1084.0	82.21	59.82
PTHR14593	4172.0	4073.9	460.0	17.71	12.89
PTHR11093	3773.0	3625.85	407.0	23.21	16.89
PTHR11096	3002.07	2903.96	764.0	40.22	29.27
PTHR23346	13505.86	13211.56	1373.0	46.28	33.68
PTHR11099	3935.0	3787.85	519.0	32.41	23.59
PTHR10309	2089.0	2039.95	7409.21	279.19	203.18
PTHR11252	2549.0	2499.95	865.93	26.61	19.36
PTHR11254	15437.71	14947.21	9247.34	265.4	193.14
PTHR11255	2393.5	2344.44	1179.0	38.64	28.12
PTHR14110	5916.0	5719.8	3209.0	168.29	122.47
PTHR16201	1790.0	1740.95	101.0	4.46	3.25
PTHR14374	1402.0	1352.95	241.0	13.72	9.98
PTHR18838	2194.81	2145.76	461.0	16.51	12.02
PTHR12687	1895.0	1845.95	91.0	3.79	2.76
PTHR15157	4896.0	4699.8	286.0	17.81	12.95
PTHR18901	8935.98	8690.73	2518.0	108.11	78.68
PTHR12755	3848.0	3700.85	334.0	20.42	14.85
PTHR12750	4241.0	4142.9	2242.56	92.96	67.65
PTHR12753	1043.0	993.95	164.0	12.73	9.26
PTHR15081	1137.0	1087.95	152.0	10.77	7.84
PTHR15574	7144.02	6800.66	1201.0	109.65	79.8
PTHR12506	3583.0	3484.9	1331.99	39.8	28.96
PTHR23109	662.0	612.95	48.0	6.07	4.41
PTHR31811	2271.29	2124.14	195.97	21.54	15.67
PTHR12358	7224.07	7027.87	695.0	27.36	19.91
PTHR22748	4397.12	4151.95	260.0	20.99	15.28
PTHR12356	2260.0	2161.9	178.01	13.39	9.73
PTHR12221	2845.0	2746.9	754.0	43.81	31.88
PTHR30603	1059.0	960.91	106.0	15.02	10.94
PTHR12226	2234.0	2135.9	507.0	48.43	35.24
PTHR19876	7855.0	7658.8	5629.74	206.03	149.94
PTHR19877	3153.0	3054.9	4688.42	238.27	173.39
PTHR31953	3116.0	2968.87	404.61	24.2	17.61
PTHR31442	2662.0	2563.9	3786.2	184.45	134.23
PTHR13803	8597.06	8449.9	1868.03	54.57	39.72
PTHR19980	3668.0	3569.9	797.0	31.06	22.61
PTHR12537	5162.31	5064.21	5121.65	176.93	128.76
PTHR12532	541.0	491.95	13.0	2.05	1.49
PTHR13486	1375.0	1325.95	340.0	19.75	14.37
PTHR20275	7256.0	7059.8	2272.0	92.69	67.45
PTHR13489	2577.61	2479.5	112.0	6.91	5.03
PTHR17583	5048.0	4998.95	487.0	7.47	5.44
PTHR19316	2665.0	2517.85	222.0	18.81	13.7
PTHR24198	24106.75	23076.89	5453.87	324.74	236.32
PTHR10048	9007.16	8761.89	1712.0	84.17	61.25
PTHR21704	4359.6	4310.54	384.99	6.85	4.99
PTHR24193	11258.08	10767.65	3412.68	182.05	132.5
PTHR10044	4553.02	4454.92	2295.0	65.91	47.96
PTHR11014	6856.33	6660.13	3183.04	123.92	90.19
PTHR10687	1366.0	1316.95	759.0	44.39	32.3
PTHR10681	10363.97	9873.48	9333.97	547.66	398.57
PTHR10682	1773.0	1723.95	1403.48	62.62	45.57
PTHR10683	4509.0	4361.85	5594.58	261.15	190.05
PTHR12829	2591.24	2493.14	592.0	37.04	26.96
PTHR12820	2597.0	2547.95	1088.96	32.83	23.89
PTHR12826	1586.0	1536.95	2108.0	105.55	76.81
PTHR12827	4449.98	4401.3	878.0	15.3	11.14
PTHR17920	303.0	254.07	4.0	1.24	0.9
PTHR13017	1129.17	1080.12	122.0	8.71	6.34
PTHR10137	1109.0	1059.95	685.0	49.83	36.27
PTHR11405	6114.0	5966.85	6558.31	247.3	179.97
PTHR11404	2016.1	1868.96	3979.99	357.52	260.19
PTHR11406	2379.41	2232.3	7073.88	483.69	351.99
PTHR14744	1136.0	1086.95	60.0	4.26	3.1
PTHR13468	1190.0	1140.95	275.02	18.58	13.52
PTHR23406	11232.69	11036.48	9149.51	231.61	168.56
PTHR23407	1371.0	1321.95	98.0	5.71	4.15
PTHR10869	15113.97	14525.36	5916.23	326.43	237.56
PTHR31717	2862.0	2812.95	3482.18	95.07	69.18
PTHR22942	10930.0	10488.64	2586.04	111.46	81.13
PTHR15169	2541.87	2492.81	139.16	4.29	3.12
PTHR11315	5777.06	5678.95	9486.89	195.94	142.59
PTHR10139	660.52	611.48	571.0	72.3	52.62
PTHR10264	4597.13	4449.97	14923.29	904.34	658.12
PTHR10263	2086.0	1987.9	4325.0	327.61	238.42
PTHR31155	4238.71	4140.6	4411.01	106.12	77.23
PTHR32170	5727.73	5580.58	1599.0	72.12	52.48
PTHR23350	2773.57	2626.42	1593.15	117.85	85.77
PTHR23354	902.0	852.95	45.0	4.07	2.97
PTHR23355	13698.52	13404.21	1575.22	44.38	32.3
PTHR23359	4198.98	4051.83	1912.0	104.95	76.37
PTHR11227	2777.0	2629.85	349.0	31.72	23.08
PTHR11220	4471.72	4275.52	1784.0	117.93	85.82
PTHR11223	6471.67	6373.56	2665.0	63.0	45.85
PTHR11229	2489.0	2390.9	2789.0	195.34	142.16
PTHR10314	19774.64	19136.97	26346.06	1132.06	823.86
PTHR14303	1379.0	1329.95	339.43	19.65	14.3
PTHR11139	34639.44	33903.69	5534.39	185.94	135.34
PTHR15362	1496.0	1446.95	23.0	1.22	0.89
PTHR11132	33321.09	32291.03	61874.79	2222.82	1617.63
PTHR11134	3150.0	3051.9	2039.0	105.54	76.81
PTHR11136	3997.0	3800.8	276.0	23.72	17.27
PTHR32374	2071.0	2021.95	535.0	20.34	14.8
PTHR31579	13730.0	13386.65	14282.58	542.26	394.64
PTHR32379	1273.0	1223.95	51.0	3.21	2.34
PTHR18919	2469.0	2370.9	3665.86	174.21	126.78
PTHR32002	13501.36	13059.9	7314.19	395.32	287.7
PTHR14413	973.0	923.95	1340.32	111.96	81.48
PTHR22891	3616.0	3566.95	1503.0	32.34	23.54
PTHR14089	2363.0	2264.9	910.0	62.79	45.7
PTHR21368	2033.0	1934.9	1999.0	157.52	114.64
PTHR24067	16706.65	15873.36	9827.79	737.87	536.98
PTHR12786	2851.0	2703.85	784.67	67.74	49.3
PTHR11706	4625.0	4477.93	2932.37	94.22	68.58
PTHR12782	4319.22	4221.12	3412.48	94.38	68.69
PTHR11742	10817.92	10474.55	4788.19	180.07	131.03
PTHR21213	457.0	407.96	124.0	23.66	17.22
PTHR10182	1651.0	1601.95	4210.99	202.25	147.19
PTHR13923	2652.0	2553.91	836.05	49.63	36.12
PTHR11210	1290.0	1191.9	1371.0	175.89	128.0
PTHR13780	3753.8	3655.69	8327.86	343.7	250.13
PTHR12321	2365.0	2266.9	2168.0	133.14	96.89
PTHR12320	5770.64	5623.49	2901.73	129.43	94.19
PTHR12323	1801.0	1653.86	166.0	21.3	15.5
PTHR14155	3418.56	3320.46	2303.99	101.92	74.17
PTHR21015	1428.0	1329.96	113.0	9.57	6.96
PTHR16196	2164.83	2066.76	427.0	20.85	15.16
PTHR16193	1962.0	1863.91	246.0	18.78	13.66
PTHR22792	2075.0	1976.9	635.0	51.36	37.37
PTHR22790	5570.51	5374.31	602.13	28.9	21.03
PTHR21680	995.0	945.95	86.0	7.02	5.11
PTHR21689	3249.0	3101.85	481.06	32.87	23.93
PTHR21113	3995.31	3848.16	2593.0	85.81	62.45
PTHR10677	2205.61	2156.56	988.0	35.21	25.62
PTHR21663	4910.0	4811.9	519.0	16.59	12.08
PTHR13253	18105.08	17516.48	9276.92	476.32	346.64
PTHR12446	3161.69	2965.49	361.93	37.34	27.17
PTHR22603	3795.15	3598.96	1335.0	105.62	76.87
PTHR21206	1614.0	1515.92	1128.0	74.58	54.27
PTHR13789	14401.07	13910.56	10151.62	370.49	269.63
PTHR10071	17247.56	16855.15	15757.93	373.07	271.5
PTHR24188	19111.47	18522.96	17716.89	359.22	261.4
PTHR10670	7048.0	6949.9	359.0	8.08	5.88
PTHR13078	2321.16	2272.1	14238.77	481.55	350.44
PTHR12815	9913.0	9667.75	2141.0	85.41	62.16
PTHR12814	888.0	838.95	295.0	27.16	19.76
PTHR24361	8443.21	8197.96	5866.03	189.32	137.77
PTHR24362	18590.11	18050.68	8881.93	350.72	255.22
PTHR10416	1806.0	1756.95	46.0	2.01	1.47
PTHR10410	3521.0	3373.85	2588.99	175.58	127.78
PTHR10783	13547.34	13105.89	7588.07	387.63	282.08
PTHR10782	2004.3	1955.25	454.0	17.85	12.99
PTHR13476	1626.0	1527.9	730.98	69.36	50.48
PTHR10788	8556.86	8409.71	4063.02	104.38	75.97
PTHR10891	8516.0	8221.7	3643.45	315.94	229.91
PTHR10890	4276.34	4129.19	1331.71	36.2	26.34
PTHR20426	2867.26	2818.2	2540.69	69.23	50.38
PTHR23213	6173.0	5878.74	319.0	16.4	11.93
PTHR10072	4123.0	3926.86	1150.0	70.28	51.13
PTHR10520	4962.24	4815.09	14305.5	724.57	527.29
PTHR10250	2868.8	2770.7	646.0	27.3	19.86
PTHR10527	11370.28	11223.13	3820.0	94.07	68.46
PTHR31384	1913.0	1863.95	386.51	15.94	11.6
PTHR31385	3152.9	3005.75	362.0	26.05	18.95
PTHR10091	1566.87	1517.82	178.75	9.06	6.6
PTHR31142	1822.0	1772.95	3543.01	153.69	111.85
PTHR31140	2220.0	2170.95	253.0	8.96	6.52
PTHR31412	1689.0	1590.9	76.0	7.38	5.37
PTHR11787	4905.85	4709.65	12193.81	470.88	342.69
PTHR11785	12880.03	12536.68	6037.89	189.4	137.83
PTHR11782	5125.52	4978.36	3972.01	164.33	119.59
PTHR11780	1081.0	982.94	0.0	0.0	0.0
PTHR32497	3118.0	3019.9	438.0	25.87	18.83
PTHR32148	12315.0	11873.56	10437.01	774.94	563.95
PTHR23324	7594.87	7447.72	2132.98	64.87	47.21
PTHR23327	4886.4	4690.2	660.0	39.64	28.85
PTHR23326	5290.87	5192.77	3145.89	110.33	80.29
PTHR23321	3154.0	3006.85	2642.0	295.66	215.16
PTHR23323	2438.0	2339.9	484.0	25.44	18.51
PTHR23322	6404.37	6061.06	1759.0	124.88	90.86
PTHR23329	5815.88	5619.68	741.0	39.92	29.06
PTHR11236	6276.0	5981.77	1020.0	42.99	31.3
PTHR11364	1379.0	1329.95	119.0	6.89	5.01
PTHR10322	18015.47	17623.05	4432.73	97.91	71.27
PTHR11239	2504.0	2405.91	440.0	37.98	27.64
PTHR10555	3030.89	2932.78	3121.0	172.47	125.52
PTHR31964	19207.12	18569.46	19969.34	1008.54	733.97
PTHR23030	3466.49	3368.39	1896.0	65.84	47.91
PTHR11129	2054.0	1955.9	383.82	24.73	18.0
PTHR11122	9247.0	8952.7	10190.8	435.14	316.67
PTHR15316	2516.0	2417.91	254.0	14.9	10.84
PTHR11127	520.0	470.95	13324.2	2198.21	1599.74
PTHR11125	3900.0	3850.95	1062.14	21.17	15.4
PTHR31566	609.0	559.95	0.0	0.0	0.0
PTHR31567	1768.0	1718.95	924.0	41.35	30.09
PTHR31561	2994.0	2797.8	604.0	65.5	47.67
PTHR15137	2847.0	2748.91	222.0	11.36	8.26
PTHR14950	2965.13	2817.97	459.0	37.58	27.35
PTHR15954	2884.0	2834.95	138.0	3.74	2.72
PTHR15952	4110.68	4061.62	1677.0	31.68	23.06
PTHR21597	5310.0	5064.77	462.0	35.15	25.58
PTHR19271	1886.0	1738.89	13.0	1.5	1.09
PTHR21228	18577.47	17939.83	10877.9	447.83	325.9
PTHR13343	2748.36	2650.26	469.0	26.83	19.53
PTHR12233	1665.21	1616.16	354.0	16.85	12.26
PTHR12029	9095.13	8702.73	964.0	57.73	42.01
PTHR21220	1162.0	1112.95	41.0	2.84	2.07
PTHR22936	2396.0	2297.9	392.99	24.6	17.9
PTHR22780	9262.91	9115.76	2637.86	64.9	47.24
PTHR19308	3126.0	3076.95	600.0	14.97	10.9
PTHR19306	13601.0	13404.8	4391.56	59.1	43.01
PTHR16301	989.0	890.9	28.0	4.89	3.56
PTHR13265	1438.0	1388.95	126.0	6.98	5.08
PTHR22870	26991.96	26207.16	6569.93	329.52	239.82
PTHR17630	2612.0	2464.85	51.0	3.36	2.44
PTHR10064	519.0	469.95	16772.23	2773.03	2018.06
PTHR10066	7066.0	6820.75	244.0	13.55	9.85
PTHR10060	985.0	935.95	40.0	3.3	2.4
PTHR10663	19840.17	19349.67	2852.0	91.14	66.35
PTHR10666	4956.3	4760.13	48950.65	6522.61	4746.8
PTHR10668	15520.99	14883.46	3040.16	140.58	102.3
PTHR12801	5140.61	4993.46	391.1	20.17	14.67
PTHR12802	8099.0	7804.7	1143.99	64.02	46.59
PTHR12805	1583.0	1484.9	289.0	30.1	21.9
PTHR12806	1224.0	1174.95	822.0	53.91	39.23
PTHR21091	13990.56	13549.13	8138.01	355.72	258.86
PTHR21090	3958.0	3859.9	2574.0	108.52	78.98
PTHR12281	3973.43	3875.32	1376.0	55.06	40.07
PTHR24315	2419.87	2370.82	661.0	21.42	15.59
PTHR24314	5231.0	5034.8	629.0	39.02	28.4
PTHR11933	4141.0	3895.84	304.01	33.98	24.72
PTHR24316	8196.86	7951.63	1724.07	63.57	46.26
PTHR11426	1269.0	1171.03	294.0	25.62	18.65
PTHR11937	11044.79	10652.38	14862.06	690.35	502.41
PTHR11938	23712.97	23075.62	23877.59	366.99	267.05
PTHR21021	4825.82	4678.67	17972.29	462.74	336.75
PTHR13683	9653.13	9407.86	6703.0	220.52	160.48
PTHR24089	65375.65	63315.55	54394.63	2433.81	1771.22
PTHR10796	2814.22	2765.16	1455.0	40.41	29.41
PTHR10794	1606.0	1556.95	205.0	10.13	7.37
PTHR10795	31309.2	30622.48	25986.41	523.17	380.73
PTHR10792	690.0	640.95	21471.93	2593.68	1887.54
PTHR10799	87494.61	84797.12	13216.53	501.01	364.62
PTHR10882	731.0	681.95	10.0	1.13	0.83
PTHR10887	34570.5	33491.45	5025.96	213.33	155.23
PTHR11686	1479.3	1381.32	193.0	13.29	9.67
PTHR11685	10969.02	10527.65	3144.0	151.85	110.51
PTHR24221	22980.59	22294.0	5287.0	195.56	142.34
PTHR24220	12049.25	11509.77	2648.0	151.9	110.55
PTHR24223	21012.06	20472.51	2631.0	77.94	56.72
PTHR11689	10696.15	10450.9	1643.0	55.57	40.44
PTHR10252	1171.35	1073.25	250.0	35.44	25.79
PTHR13124	1458.0	1408.95	414.0	22.62	16.46
PTHR31173	5888.77	5692.58	2376.0	80.96	58.93
PTHR12538	731.46	682.41	26315.73	2983.25	2171.05
PTHR10099	5276.0	5226.95	2802.99	41.13	29.94
PTHR10625	11237.82	10796.37	5457.86	169.22	123.15
PTHR10098	2794.0	2695.9	684.98	42.56	30.98
PTHR31356	5606.0	5409.8	9217.03	472.15	343.6
PTHR31352	5047.0	4948.9	3081.04	91.92	66.89
PTHR31350	7381.78	7087.51	2990.0	175.52	127.74
PTHR11758	740.0	690.95	10270.93	1150.05	836.94
PTHR23333	1501.0	1451.95	1072.92	56.88	41.4
PTHR11751	20912.8	20226.17	14954.9	697.53	507.63
PTHR11753	1054.0	1004.95	688.0	52.81	38.43
PTHR11752	22402.41	21372.59	2520.11	186.38	135.64
PTHR24423	10314.63	9873.26	1919.0	101.97	74.22
PTHR11206	23271.96	22536.27	14208.44	378.03	275.09
PTHR24420	188360.67	182328.61	181273.18	7626.94	5550.49
PTHR10332	2910.52	2763.36	311.0	26.55	19.32
PTHR14140	1880.0	1830.95	190.66	8.01	5.83
PTHR20922	2856.0	2757.9	1484.0	79.25	57.67
PTHR10159	15318.84	14828.34	9585.13	372.62	271.16
PTHR12848	1834.18	1785.12	323.0	13.92	10.13
PTHR12363	8816.0	8570.82	1024.01	40.95	29.79
PTHR23029	13148.06	12706.59	1914.02	84.75	61.69
PTHR23023	5214.89	5018.69	2610.36	97.98	71.31
PTHR21294	2244.09	2195.04	2271.11	79.51	57.87
PTHR11119	13823.76	13529.45	8963.33	254.93	185.53
PTHR31595	10381.54	9989.12	2774.0	148.6	108.14
PTHR31596	4853.0	4705.86	1576.0	33.5	24.38
PTHR15948	1816.0	1766.95	432.0	18.8	13.68
PTHR32026	6080.72	5884.51	1908.53	99.31	72.27
PTHR31829	1335.0	1285.95	3963.04	237.37	172.74
PTHR31419	356.0	306.99	6.0	1.53	1.11
PTHR22938	1978.97	1880.87	401.0	33.4	24.31
PTHR14898	5947.0	5848.9	961.94	25.26	18.38
PTHR19241	65181.3	62876.19	116947.93	4412.17	3210.96
PTHR14894	1613.0	1514.9	72.0	7.24	5.27
PTHR15239	3958.24	3762.03	295.0	23.64	17.21
PTHR12497	1372.0	1322.95	287.0	16.71	12.16
PTHR12302	3793.0	3743.95	3749.0	76.85	55.93
PTHR12304	2359.77	2261.66	238.0	16.61	12.08
PTHR30540	4921.95	4823.84	3052.32	97.5	70.96
PTHR30544	3130.64	3032.62	655.0	32.93	23.97
PTHR13302	3057.0	2909.85	158.0	13.42	9.76
PTHR12472	1323.0	1273.95	61.0	3.69	2.68
PTHR13308	1712.84	1614.74	125.0	11.97	8.7
PTHR12477	5744.37	5597.22	1691.0	67.93	49.44
PTHR13878	3314.0	3166.85	352.0	14.35	10.45
PTHR21461	8351.37	8106.1	1223.83	61.87	45.03
PTHR13872	3456.0	3357.9	20574.33	3004.95	2186.84
PTHR22849	25966.3	25279.59	13974.28	609.86	443.83
PTHR21314	2472.36	2374.25	487.0	24.42	17.77
PTHR21649	11767.32	11031.8	206765.37	16852.89	12264.62
PTHR22841	4202.0	4103.9	1009.0	45.66	33.23
PTHR21319	5877.3	5632.07	1154.01	79.42	57.8
PTHR22847	37233.72	36056.52	13473.17	571.68	416.05
PTHR22846	4354.41	4207.26	1197.0	71.54	52.05
PTHR22844	15154.63	14615.07	8722.23	363.15	264.27
PTHR11606	7057.58	6763.3	6421.23	230.99	168.1
PTHR31606	598.0	548.95	806.0	113.87	82.87
PTHR23284	1110.0	1060.95	91.0	6.61	4.81
PTHR21266	14810.76	14418.35	6422.68	220.61	160.55
PTHR21262	8702.21	8456.96	8541.29	314.17	228.64
PTHR12276	2289.0	2190.93	157.0	6.68	4.85
PTHR10657	3325.26	3129.07	260.0	23.09	16.8
PTHR10655	4654.92	4458.72	842.04	47.83	34.81
PTHR10652	2117.0	2067.95	360.0	13.38	9.74
PTHR17972	4057.0	3909.85	788.0	47.7	34.71
PTHR21085	1605.0	1555.95	416.0	20.57	14.97
PTHR11922	4535.0	4338.8	871.28	47.98	34.93
PTHR24305	13992.73	13502.24	2532.36	123.44	89.83
PTHR11431	3321.0	3173.85	1414.03	90.42	65.8
PTHR10434	2422.0	2323.9	500.0	34.36	25.0
PTHR24096	16420.47	15782.98	8468.39	323.11	235.13
PTHR13693	7521.44	7276.31	2015.98	87.52	63.7
PTHR24095	21937.66	21202.24	46295.42	1501.89	1092.99
PTHR24092	5193.0	5143.95	1271.05	18.95	13.79
PTHR24093	41941.78	40568.77	37619.19	1121.08	815.86
PTHR22604	7617.81	7470.65	7864.0	191.91	139.66
PTHR13451	3589.9	3491.79	312.0	14.02	10.21
PTHR13452	946.0	896.95	445.0	38.3	27.87
PTHR10759	513.0	463.95	9365.51	1568.73	1141.63
PTHR12406	5074.35	4927.2	2378.99	103.44	75.28
PTHR12901	1390.0	1340.95	323.0	18.55	13.5
PTHR12903	848.0	798.95	2533.0	244.97	178.28
PTHR23237	551.0	501.95	364.0	56.3	40.97
PTHR10501	2458.0	2408.95	463.0	14.77	10.75
PTHR31169	6840.0	6692.85	287.0	11.05	8.05
PTHR12277	3698.5	3551.36	1287.0	68.0	49.48
PTHR14087	722.0	672.95	28.0	3.22	2.34
PTHR23309	5912.0	5764.85	2545.0	80.63	58.67
PTHR23308	4914.0	4668.75	670.0	54.26	39.5
PTHR31344	6539.96	6441.86	823.0	18.86	13.73
PTHR31619	2248.0	2198.95	4752.98	166.11	120.89
PTHR23306	2206.88	2157.83	613.0	21.83	15.89
PTHR23305	3306.92	3208.82	649.0	33.87	24.65
PTHR11748	12446.19	12151.99	9977.25	325.12	236.6
PTHR11214	8435.28	8091.98	4673.94	173.16	126.02
PTHR11216	6337.81	6141.61	1408.0	64.98	47.29
PTHR14154	7017.42	6723.12	3932.0	366.11	266.44
PTHR10344	553.35	504.3	88.0	13.55	9.86
PTHR14152	2339.0	2191.85	1265.21	128.51	93.51
PTHR11699	15436.59	14946.22	10180.82	277.52	201.97
PTHR11692	1880.0	1830.95	743.0	31.21	22.71
PTHR11693	2738.0	2639.9	11138.49	657.93	478.81
PTHR11695	29354.92	28325.02	17657.26	817.08	594.61
PTHR31760	839.0	740.94	28.0	5.65	4.11
PTHR31906	7235.0	6989.75	1534.5	67.61	49.19
PTHR13847	7007.89	6664.53	523.06	30.57	22.24
PTHR23012	11766.29	11324.84	13493.38	561.36	408.54
PTHR11101	9803.26	9410.94	60606.47	1959.32	1425.89
PTHR11102	5702.2	5505.99	859.0	51.23	37.29
PTHR11106	2818.0	2670.86	768.0	41.15	29.94
PTHR31585	1959.16	1910.11	482.01	19.4	14.12
PTHR32125	1947.0	1848.9	823.0	73.28	53.33
PTHR31588	9093.63	8897.42	2441.43	85.85	62.47
PTHR32120	1991.0	1892.9	68.0	5.66	4.12
PTHR15680	919.0	869.95	874.0	77.58	56.46
PTHR11807	3156.84	3058.72	263.0	14.34	10.44
PTHR11374	324.0	275.03	0.0	0.0	0.0
PTHR10281	1852.77	1754.67	642.0	58.28	42.41
PTHR26312	1444.0	1394.95	453.0	25.0	18.2
PTHR10285	6614.41	6369.16	6032.46	282.34	205.47
PTHR12000	1017.0	967.95	20.0	1.59	1.16
PTHR18895	1330.0	1231.95	27.0	2.6	1.88
PTHR12169	3948.0	3800.85	391.0	13.68	9.96
PTHR12486	2294.72	2147.58	145.0	13.96	10.15
PTHR12480	5135.0	4791.94	926.41	134.9	98.18
PTHR12482	3307.0	3208.9	197.0	9.24	6.72
PTHR12317	11268.77	10925.43	9890.24	507.75	369.5
PTHR12649	3235.43	3039.22	866.99	95.23	69.31
PTHR13992	1587.0	1488.9	137.0	13.55	9.85
PTHR12461	3353.0	3058.82	239.0	31.92	23.23
PTHR12466	2239.0	2140.9	548.0	38.13	27.75
PTHR21419	2032.0	1982.95	446.0	17.29	12.58
PTHR12001	3073.82	2975.71	2524.74	127.97	93.13
PTHR21327	3998.98	3900.88	4538.02	180.52	131.37
PTHR21631	9939.79	9694.54	24981.8	941.25	684.98
PTHR22854	2642.0	2543.9	1659.04	93.28	67.89
PTHR22855	7568.0	7371.92	3119.98	118.81	86.47
PTHR22850	7030.74	6785.49	1956.99	81.68	59.43
PTHR22504	2054.0	2004.95	955.63	36.64	26.67
PTHR22915	23200.34	22562.7	16843.85	639.69	465.54
PTHR21256	4487.95	4389.85	5815.34	198.15	144.2
PTHR12265	1478.0	1379.9	14.0	1.5	1.1
PTHR12266	2324.74	2226.64	299.0	20.76	15.11
PTHR10648	2151.0	2101.95	990.0	36.2	26.35
PTHR30178	2823.0	2724.9	45421.39	2631.6	1915.14
PTHR10641	12043.0	11601.57	3757.91	149.47	108.79
PTHR22912	20891.06	20302.57	12168.75	451.15	328.34
PTHR10644	4375.0	4227.85	388.11	19.07	13.87
PTHR12864	5708.52	5561.37	3188.0	116.49	84.77
PTHR12860	2542.0	2492.95	247.0	7.61	5.54
PTHR13194	1617.0	1518.9	72.0	7.87	5.73
PTHR13193	524.0	474.95	233.0	38.11	27.74
PTHR11913	1494.0	1444.95	167.0	8.9	6.47
PTHR11911	8772.36	8429.16	23518.78	1389.52	1011.23
PTHR11910	2270.0	2171.9	9374.54	675.16	491.34
PTHR11918	6762.02	6565.81	1880.0	86.78	63.15
PTHR12919	1403.0	1304.9	1226.0	152.12	110.71
PTHR12910	1825.0	1726.9	2099.0	151.96	110.59
PTHR12917	4529.56	4382.61	839.0	38.59	28.07
PTHR11351	5712.0	5564.85	6135.57	263.98	192.1
PTHR11353	16835.0	16344.52	9364.75	398.15	289.76
PTHR11599	16590.0	16050.45	15745.2	793.0	577.07
PTHR10516	17994.5	17062.54	3712.99	307.22	223.57
PTHR11592	4714.0	4517.8	2930.99	199.74	145.36
PTHR13273	995.0	945.95	694.0	56.61	41.2
PTHR31724	2775.36	2628.21	490.0	31.61	23.01
PTHR31098	8663.0	8515.85	6554.89	190.29	138.48
PTHR22594	9759.0	9464.7	3549.7	177.97	129.53
PTHR23315	9271.45	8928.34	4294.84	140.84	102.5
PTHR23316	2718.76	2669.71	2834.19	81.54	59.34
PTHR11778	6227.0	6079.85	2381.0	86.28	62.79
PTHR11774	3687.65	3540.5	199.0	12.96	9.44
PTHR11773	3696.0	3646.95	2208.03	46.47	33.82
PTHR11772	8030.61	7785.36	20335.1	637.96	464.27
PTHR10357	29010.98	28373.33	17820.28	634.04	461.43
PTHR10353	1321.0	1271.95	182.0	11.02	8.02
PTHR10350	4550.97	4452.87	699.0	23.58	17.16
PTHR10351	3171.21	3073.11	8909.06	686.57	499.65
PTHR32557	2106.0	2056.95	1325.0	49.51	36.03
PTHR10359	5602.71	5406.5	1751.9	85.54	62.25
PTHR32442	1319.0	1269.95	97.0	5.88	4.28
PTHR31750	1086.0	1036.95	168.0	12.49	9.09
PTHR14189	471.69	422.65	16.0	2.95	2.14
PTHR32228	1153.0	1103.95	35.0	2.44	1.78
PTHR31245	1577.0	1478.9	1568.01	164.25	119.53
PTHR23001	2847.0	2748.9	2561.88	122.75	89.33
PTHR23002	1780.65	1682.55	91.0	7.97	5.79
PTHR22904	31218.48	30041.26	9227.95	511.49	372.22
PTHR11177	28625.97	27792.22	13479.27	625.27	455.04
PTHR10445	2284.0	2234.95	2943.99	101.23	73.67
PTHR11178	5223.31	5027.11	3802.37	195.14	142.01
PTHR14456	1835.0	1687.85	930.0	123.66	89.98
PTHR31808	1980.53	1931.48	1724.0	68.63	49.94
PTHR31803	6120.24	5973.09	3356.44	123.12	89.6
PTHR11009	734.0	684.95	568.0	64.16	46.69
PTHR19229	20455.66	19965.21	16987.99	395.6	287.89
PTHR20961	24762.16	24124.51	11226.57	414.58	301.7
PTHR11005	3028.0	2929.9	184.0	9.91	7.21
PTHR11006	10052.88	9660.48	2008.99	87.94	64.01
PTHR18640	1854.0	1706.95	28.0	2.1	1.53
PTHR18866	18441.0	17558.34	6769.69	308.81	224.73
PTHR12022	685.0	635.95	2407.02	293.06	213.28
PTHR15588	1971.0	1872.9	451.99	37.28	27.14
PTHR12677	10288.4	9994.1	4877.0	188.66	137.3
PTHR19134	1222.07	1173.02	1618.0	106.29	77.36
PTHR19139	7349.45	7055.14	393.0	20.7	15.08
PTHR30566	5435.77	5288.61	2126.11	112.04	81.54
PTHR12459	3650.0	3600.95	312.0	6.65	4.84
PTHR12456	1358.0	1259.9	47.0	5.77	4.2
PTHR12452	878.75	829.7	165.0	15.36	11.18
PTHR19359	5045.25	4799.99	2519.0	200.32	145.79
PTHR12072	4650.3	4454.1	786.0	53.52	38.95
PTHR13218	799.0	749.95	29.0	2.99	2.18
PTHR13215	1314.7	1216.61	54.0	6.5	4.74
PTHR13213	3313.0	3165.85	627.0	43.94	31.98
PTHR10809	1084.04	1034.99	224.0	16.69	12.15
PTHR12290	422.0	372.96	9.0	1.88	1.37
PTHR21530	7818.17	7572.94	2306.0	87.37	63.59
PTHR12295	7123.0	7024.9	1674.0	36.7	26.71
PTHR12298	2689.0	2541.85	202.0	16.34	11.9
PTHR10638	2390.0	2340.95	840.0	27.57	20.06
PTHR10631	1120.0	1070.95	20.0	1.44	1.05
PTHR10984	5121.8	4974.65	2132.14	100.75	73.32
PTHR12858	3912.46	3814.35	561.99	22.09	16.07
PTHR13505	838.0	788.95	50.0	4.9	3.56
PTHR12850	783.0	733.95	13890.22	1463.38	1064.97
PTHR12856	1049.0	950.91	11.0	1.93	1.4
PTHR12855	1808.0	1758.95	71.95	3.15	2.29
PTHR12854	1988.0	1938.95	983.0	38.98	28.37
PTHR21737	1153.0	1103.95	59.0	4.12	3.0
PTHR13190	1875.0	1776.9	156.0	13.09	9.53
PTHR13182	1519.83	1470.78	381.0	19.94	14.51
PTHR10855	3305.0	3206.9	2130.04	88.69	64.55
PTHR10585	1288.0	1238.95	562.0	34.95	25.43
PTHR10743	992.0	942.95	339.0	27.74	20.19
PTHR10742	27067.54	26184.64	8669.48	345.45	251.41
PTHR10745	2337.0	2287.95	2283.0	76.67	55.8
PTHR10744	1904.0	1756.87	23591.0	2808.55	2043.91
PTHR10746	3378.0	3279.9	2741.12	184.33	134.14
PTHR11528	8481.58	8236.33	11348.08	486.55	354.09
PTHR12924	1240.0	1190.95	2865.86	185.42	134.94
PTHR11349	2181.0	2033.85	3154.0	376.39	273.91
PTHR10566	34356.75	33473.86	17086.1	499.05	363.19
PTHR11588	4865.24	4620.44	43234.66	1997.32	1453.53
PTHR10291	4934.0	4835.9	184.0	6.19	4.5
PTHR11584	8870.0	8722.85	3498.98	79.67	57.98
PTHR11586	859.75	810.7	175.0	16.68	12.14
PTHR11909	8043.0	7797.75	6577.26	275.69	200.63
PTHR23429	2901.0	2851.95	5717.04	153.94	112.03
PTHR24320	13165.86	12675.34	2934.49	160.73	116.98
PTHR24322	21491.63	20657.96	11385.22	539.89	392.91
PTHR11907	4504.38	4406.28	1538.0	63.71	46.36
PTHR11760	873.0	823.95	25185.19	2361.21	1718.36
PTHR11761	1791.0	1692.9	15734.65	1972.16	1435.23
PTHR11766	1901.0	1851.95	110.0	4.57	3.32
PTHR11767	3063.26	2965.16	1990.0	100.63	73.24
PTHR10361	6383.6	6187.38	2141.68	99.75	72.6
PTHR10366	24336.64	23453.77	15694.13	849.13	617.94
PTHR10169	7128.0	6931.8	2156.56	79.74	58.04
PTHR10168	8279.5	7936.29	4146.0	230.6	167.81
PTHR20973	912.0	862.95	17.0	1.52	1.11
PTHR10165	5456.9	5309.75	2629.93	111.5	81.14
PTHR31032	2856.0	2757.9	3323.63	162.16	118.01
PTHR23257	231767.98	224215.13	135472.6	4666.97	3396.37
PTHR23253	6190.0	5944.76	5968.3	376.13	273.73
PTHR14190	1107.0	1008.91	290.0	42.66	31.05
PTHR14194	12357.0	11915.55	3657.12	177.92	129.46
PTHR19957	7481.94	7285.74	1790.0	87.8	63.89
PTHR31251	33748.81	32375.52	16594.69	767.12	558.24
PTHR23074	9485.0	9092.6	4565.99	229.75	167.21
PTHR23077	17092.97	16014.24	2686.12	202.3	147.22
PTHR23076	23520.17	22686.77	10175.32	466.33	339.38
PTHR30239	1935.0	1885.95	3358.73	136.94	99.66
PTHR23073	13665.14	13174.63	8025.63	483.37	351.76
PTHR23078	2614.0	2564.95	973.0	29.14	21.21
PTHR11165	932.0	882.95	2533.0	221.49	161.19
PTHR32100	5960.0	5812.85	11933.82	447.26	325.48
PTHR14534	591.0	541.95	7.0	1.0	0.73
PTHR14445	4991.32	4795.12	2166.01	189.65	138.02
PTHR23102	605.33	556.28	95.0	13.24	9.64
PTHR23105	4782.0	4536.75	60360.08	4865.65	3540.95
PTHR11010	3057.71	2959.61	19753.91	1381.9	1005.67
PTHR12668	1048.0	998.95	183.0	14.13	10.28
PTHR12661	1331.0	1281.95	132.0	7.93	5.77
PTHR12663	4658.0	4461.8	125.0	9.75	7.11
PTHR12664	1613.0	1514.98	125.0	11.11	8.08
PTHR16166	25412.82	24824.22	5674.13	171.91	125.1
PTHR12111	2090.0	1991.9	772.0	64.59	47.0
PTHR12447	1719.0	1669.95	383.0	17.64	12.84
PTHR15481	404.0	354.97	41.0	9.01	6.56
PTHR21477	5243.72	5096.56	3927.84	131.68	95.83
PTHR26379	2735.0	2636.9	6302.02	325.92	237.19
PTHR12599	1381.0	1282.9	205.95	25.13	18.28
PTHR12596	2839.55	2741.45	231.0	13.48	9.81
PTHR12590	1225.0	1126.9	30.0	4.14	3.01
PTHR12066	2332.0	2135.8	83.0	11.43	8.32
PTHR12064	8504.32	8259.07	2996.89	116.59	84.86
PTHR13226	3173.0	3074.9	424.0	18.22	13.26
PTHR13889	6224.0	6076.85	3718.0	136.6	99.41
PTHR13887	2281.0	2133.85	155.0	20.96	15.24
PTHR21181	1666.0	1567.9	271.0	46.14	33.58
PTHR12412	1242.68	1193.62	143.0	9.23	6.72
PTHR13948	1337.4	1239.41	117.0	14.65	10.66
PTHR12146	1080.0	982.0	9973.04	1080.54	786.35
PTHR11453	2510.0	2460.95	103.0	3.22	2.34
PTHR21506	1555.53	1506.48	459.0	23.45	17.06
PTHR12280	2285.39	2187.28	655.0	45.03	32.77
PTHR11451	8032.0	7786.86	3280.9	114.31	83.18
PTHR12286	5171.81	5024.66	590.0	25.96	18.88
PTHR12415	3228.4	3179.34	797.98	19.27	14.02
PTHR30573	2706.0	2656.95	1365.0	39.46	28.72
PTHR22983	6717.0	6471.75	951.0	54.64	39.75
PTHR22981	7668.97	7521.82	14889.07	473.22	344.39
PTHR30191	4098.0	4048.95	42352.99	802.69	584.16
PTHR13082	1314.0	1264.95	713.0	43.42	31.6
PTHR10629	20046.66	19556.16	4676.0	208.78	151.94
PTHR10994	10538.9	10195.55	5926.0	311.75	226.87
PTHR10996	8623.37	8329.07	2806.0	146.69	106.74
PTHR10997	17627.0	17136.58	5178.0	114.03	82.98
PTHR10992	45432.99	43765.38	9097.37	475.58	346.12
PTHR10993	1971.0	1872.9	100.0	8.04	5.85
PTHR17695	7139.0	6795.66	566.0	42.88	31.2
PTHR12849	901.0	851.95	214.0	19.4	14.12
PTHR10943	7835.0	7736.9	5605.0	112.36	81.77
PTHR12847	4682.0	4534.85	1121.0	49.25	35.84
PTHR21290	5027.3	4880.14	536.0	23.91	17.4
PTHR21349	2276.0	2177.9	3536.93	304.58	221.66
PTHR21347	2425.93	2327.83	689.0	43.19	31.44
PTHR21343	3144.0	3045.9	1192.0	38.02	27.67
PTHR10196	9683.0	9486.8	992.0	30.7	22.34
PTHR10192	3538.0	3439.9	2327.0	99.64	72.51
PTHR10751	1910.0	1860.95	98.0	4.05	2.95
PTHR10755	2363.15	2265.05	4114.97	226.93	165.14
PTHR10758	1460.0	1410.95	324.0	17.68	12.87
PTHR13152	703.0	653.95	8.0	0.95	0.69
PTHR12932	4934.76	4738.56	501.0	32.96	23.98
PTHR12934	1159.0	1109.95	258.0	17.92	13.04
PTHR10288	12410.03	12115.72	18653.82	568.77	413.9
PTHR11800	2758.25	2660.15	666.99	41.33	30.08
PTHR11802	4240.0	4092.85	1664.89	67.71	49.28
PTHR11804	9220.0	8827.68	3424.53	142.45	103.68
PTHR11808	7629.47	7384.27	3739.92	134.36	97.78
PTHR10283	12899.11	12506.77	25840.33	630.55	458.88
PTHR10286	3202.0	3103.9	5445.64	245.93	178.98
PTHR13734	4044.0	3945.9	752.0	26.36	19.18
PTHR11579	3004.0	2905.9	461.0	23.1	16.81
PTHR13718	2775.0	2676.9	18714.46	1261.22	917.84
PTHR13711	9147.04	8852.74	7048.15	209.96	152.79
PTHR13710	8646.75	8254.47	263.0	14.48	10.53
PTHR11977	1852.99	1803.98	1601.0	68.24	49.66
PTHR11972	10517.37	10272.14	52337.41	1624.09	1181.93
PTHR31480	2646.0	2596.95	536.0	15.85	11.54
PTHR31485	12646.0	12351.7	1999.0	75.53	54.96
PTHR11715	942.0	892.95	1906.99	164.87	119.98
PTHR11717	2102.0	1905.86	154.0	19.75	14.38
PTHR11711	14579.44	14039.88	17093.18	1011.41	736.05
PTHR11712	24339.68	23310.07	3647.2	108.18	78.75
PTHR10374	5175.0	4978.8	8163.76	484.39	352.51
PTHR10178	18516.17	17976.66	9084.82	339.18	246.83
PTHR11482	3237.24	3139.16	6235.7	296.13	215.5
PTHR10173	4198.0	4001.8	3891.99	317.66	231.18
PTHR10177	9877.62	9583.32	5001.57	270.68	196.99
PTHR10174	15212.8	14673.27	12892.84	587.37	427.45
PTHR23249	2131.0	2032.9	532.0	52.46	38.17
PTHR23244	19243.78	18753.28	4706.38	139.38	101.42
PTHR23245	2242.64	2095.48	102.0	10.87	7.91
PTHR23240	4301.44	4105.29	274.0	16.75	12.19
PTHR14614	10355.0	9962.59	1289.0	65.6	47.73
PTHR31268	6812.07	6615.92	589.0	21.7	15.79
PTHR31262	738.0	688.95	56.83	6.38	4.64
PTHR23063	4607.0	4459.85	600.0	31.23	22.73
PTHR11620	679.0	629.95	11981.72	1472.85	1071.86
PTHR11624	11184.33	10792.06	27042.12	1405.4	1022.78
PTHR11627	2928.0	2780.86	33865.68	2027.12	1475.23
PTHR11390	5482.45	5286.35	678.36	22.65	16.49
PTHR31620	4035.0	3936.9	21075.2	657.96	478.82
PTHR31319	2688.17	2639.11	13167.45	383.23	278.89
PTHR14052	1782.76	1733.7	400.0	17.75	12.91
PTHR32118	1854.0	1804.95	3502.0	149.21	108.59
PTHR23117	3003.23	2905.13	1009.0	50.4	36.68
PTHR23115	46852.62	45528.32	262895.56	11306.85	8228.52
PTHR11028	2347.0	2248.9	3094.99	209.86	152.73
PTHR11024	1434.0	1384.95	188.0	10.45	7.61
PTHR12841	1033.0	983.95	105.0	8.23	5.99
PTHR11777	4022.0	3972.95	2034.0	39.29	28.59
PTHR12616	2693.69	2546.54	741.0	67.43	49.08
PTHR12613	1854.0	1804.95	51.0	2.17	1.58
PTHR12612	1130.0	1080.95	1587.0	113.19	82.38
PTHR32060	5074.82	4829.6	2126.98	82.08	59.73
PTHR12436	1873.0	1725.9	84.0	11.28	8.22
PTHR22734	2627.0	2528.9	318.0	20.16	14.67
PTHR12121	13180.91	12494.25	6546.55	457.88	333.21
PTHR12438	1627.0	1577.95	90.0	4.39	3.19
PTHR11757	4643.56	4496.42	1311.0	46.62	33.93
PTHR15492	1106.28	1057.22	212.58	15.5	11.28
PTHR21426	2119.0	2020.9	107.0	8.19	5.96
PTHR21427	1996.0	1946.95	330.0	13.03	9.48
PTHR13161	2042.0	1894.85	517.0	62.58	45.55
PTHR19372	2797.0	2698.9	298.0	14.75	10.74
PTHR19370	2875.0	2776.9	1512.0	88.02	64.05
PTHR19376	13303.97	13058.72	7745.15	199.61	145.27
PTHR19375	13715.0	13224.73	19752.31	954.79	694.84
PTHR12725	5046.5	4752.32	809.0	59.34	43.18
PTHR13890	7170.83	6778.49	1667.0	131.73	95.85
PTHR22883	10231.17	9838.77	1148.0	46.19	33.62
PTHR22880	9725.75	9284.31	2157.99	137.26	99.89
PTHR12542	2413.0	2265.94	51.0	4.11	2.99
PTHR12124	2679.0	2580.9	285.0	14.06	10.23
PTHR21512	2713.0	2614.9	199.0	10.75	7.82
PTHR30508	3786.0	3687.9	2222.49	84.77	61.69
PTHR30502	1508.0	1458.95	214.0	11.29	8.22
PTHR10617	10256.1	9863.8	28347.35	1132.77	824.37
PTHR10615	6284.4	6039.14	2038.0	110.28	80.27
PTHR13527	1540.0	1490.95	571.0	29.48	21.45
PTHR22958	6851.78	6704.63	19767.94	658.27	479.05
PTHR22951	1448.99	1399.94	573.0	31.51	22.93
PTHR22950	36823.59	35646.45	23055.69	649.99	473.05
PTHR22953	19696.34	19254.87	12370.92	434.52	316.24
PTHR22952	12749.57	12504.31	44403.36	1273.38	926.71
PTHR22957	13728.97	13238.48	2674.05	136.09	99.06
PTHR21600	1591.0	1541.95	370.0	18.47	13.44
PTHR24056	15721.37	15279.91	4002.0	138.04	100.45
PTHR24054	1353.0	1303.95	926.9	54.75	39.84
PTHR24055	12364.18	11971.79	5146.99	213.99	155.73
PTHR24058	6481.86	6187.69	1638.32	112.12	81.59
PTHR10766	10141.48	9994.33	8200.59	186.77	135.93
PTHR10762	3158.0	3059.9	481.0	25.86	18.82
PTHR30031	6102.63	5808.35	39344.01	1170.67	851.95
PTHR12945	2902.67	2804.57	145.0	9.15	6.65
PTHR12944	1713.39	1615.3	59.0	5.25	3.82
PTHR24128	9152.36	8907.11	1536.0	50.74	36.94
PTHR13096	2303.32	2205.21	357.0	25.4	18.49
PTHR11365	3212.74	3163.68	912.0	22.13	16.11
PTHR10548	4240.53	4044.35	5244.63	385.38	280.46
PTHR11817	9297.89	9101.69	7525.99	254.38	185.13
PTHR11814	9740.33	9250.1	2096.7	103.46	75.28
PTHR11363	1439.0	1389.95	42190.91	2337.04	1700.77
PTHR10543	7764.0	7420.76	486.0	25.83	18.8
PTHR10540	3630.88	3483.72	1661.82	102.75	74.78
PTHR13931	3258.93	3111.93	1300.99	94.8	68.99
PTHR12965	3036.0	2937.92	216.0	11.34	8.25
PTHR10544	650.98	601.92	9762.33	1256.49	914.4
PTHR11562	3959.54	3763.42	460.0	40.54	29.49
PTHR11566	18019.0	17724.7	7366.89	187.61	136.54
PTHR11567	4895.94	4748.79	1088.0	59.54	43.33
PTHR11564	5195.0	4949.75	1439.0	74.51	54.22
PTHR11962	4310.0	4162.91	1211.0	37.05	26.96
PTHR11963	4251.49	4104.37	279.0	11.46	8.34
PTHR10381	8450.03	8057.62	12453.85	786.64	572.46
PTHR10383	4850.15	4752.05	2432.09	70.89	51.59
PTHR11705	1231.0	1181.95	59.03	3.85	2.8
PTHR11702	9435.9	9092.53	1701.0	94.55	68.82
PTHR11700	1379.0	1280.9	12517.93	1675.46	1219.31
PTHR10388	855.0	805.95	10360.94	993.25	722.83
PTHR11709	8238.29	7993.14	1703.98	40.41	29.41
PTHR10145	4981.0	4882.9	729.0	21.78	15.85
PTHR23273	4113.61	4015.51	1226.56	43.0	31.29
PTHR23270	5963.0	5619.74	853.0	80.25	58.4
PTHR23050	3435.0	3238.8	8358.8	737.98	537.07
PTHR23056	1987.0	1888.9	448.0	37.45	27.25
PTHR23054	1172.0	1122.95	128.0	8.79	6.39
PTHR11638	14027.96	13586.59	26049.56	631.37	459.48
PTHR31783	5563.0	5513.95	6513.8	90.61	65.94
PTHR23291	4331.2	4233.1	6500.91	194.68	141.67
PTHR11630	17522.08	17080.61	3951.14	145.61	105.98
PTHR11140	4008.0	3958.95	2783.0	53.95	39.26
PTHR11141	3167.0	3117.95	2456.0	60.48	44.01
PTHR11142	6244.23	5900.9	613.97	53.48	38.9
PTHR11380	460.0	410.96	175.0	33.15	24.12
PTHR11384	9955.93	9465.52	1306.0	81.84	59.56
PTHR32477	2054.0	2004.95	66.0	2.53	1.84
PTHR14043	1196.0	1097.98	39.0	4.24	3.08
PTHR32472	1794.69	1696.59	158.0	14.29	10.4
PTHR31658	1728.0	1629.9	128.0	12.13	8.82
PTHR14269	2946.67	2799.74	810.0	82.6	60.12
PTHR22884	19014.78	18328.1	3630.01	182.92	133.1
PTHR23125	34637.82	33558.73	13179.03	478.41	348.14
PTHR12050	3349.0	3299.95	220.0	5.12	3.72
PTHR19879	2112.0	2013.9	24.0	1.81	1.32
PTHR19211	14265.06	13627.45	16687.65	1958.3	1425.15
PTHR12547	5105.0	4859.75	1839.0	89.96	65.46
PTHR12608	3278.9	3131.8	1551.1	85.56	62.27
PTHR12604	1370.75	1321.71	1558.01	90.77	66.06
PTHR12603	3307.0	3208.9	1175.0	55.96	40.73
PTHR32091	1512.0	1462.95	954.0	50.19	36.53
PTHR32098	3876.0	3679.91	111.02	8.28	6.02
PTHR18763	1558.0	1508.95	137.0	6.99	5.09
PTHR22726	5715.5	5519.3	7075.37	282.84	205.84
PTHR22727	3835.0	3785.95	2098.0	42.53	30.95
PTHR12428	5054.76	4858.56	1983.9	79.75	58.04
PTHR18968	11232.0	10839.6	67187.61	2105.68	1532.41
PTHR12735	2910.0	2762.85	1094.0	87.27	63.51
PTHR15020	7708.43	7414.13	1546.0	84.27	61.32
PTHR12049	2220.0	2121.92	206.0	9.29	6.76
PTHR12558	4641.0	4493.85	1496.86	52.81	38.43
PTHR12553	7266.88	6972.58	661.37	40.49	29.46
PTHR24072	2621.0	2571.95	306.0	9.14	6.65
PTHR11477	2985.0	2837.87	285.29	19.2	13.97
PTHR24073	12612.28	12072.78	16603.12	968.78	705.02
PTHR21569	1462.0	1363.9	15582.99	2033.36	1479.78
PTHR10491	1185.0	1135.95	95.0	6.45	4.69
PTHR21567	6031.0	5834.8	1135.98	40.19	29.25
PTHR13950	3965.75	3916.7	290.02	5.68	4.14
PTHR12133	1085.03	1035.98	57.0	4.24	3.09
PTHR10972	7734.0	7537.8	3962.81	163.38	118.91
PTHR10606	975.0	876.91	28.0	4.86	3.54
PTHR10971	8166.09	8018.94	4149.89	109.4	79.62
PTHR13393	986.0	936.95	28.0	2.31	1.68
PTHR13395	1403.0	1304.9	116.0	13.16	9.58
PTHR11680	5994.81	5847.66	40198.69	1409.1	1025.47
PTHR22893	6005.95	5760.88	2767.23	122.87	89.42
PTHR10778	5100.0	4903.8	912.07	58.5	42.57
PTHR24064	10583.08	10337.8	17168.04	771.29	561.29
PTHR24063	16672.23	16083.67	12570.88	498.98	363.15
PTHR21011	1933.0	1834.9	4678.01	358.18	260.66
PTHR10772	2995.0	2847.85	1896.0	152.16	110.74
PTHR10774	13879.29	13339.83	14788.63	1054.25	767.22
PTHR24068	2443.0	2344.9	2559.0	186.41	135.66
PTHR12959	2094.97	2045.92	360.0	13.53	9.84
PTHR24115	49029.96	47951.0	9984.53	270.6	196.92
PTHR10961	1864.0	1765.9	66.0	6.12	4.45
PTHR11825	9331.87	9037.57	4732.01	214.3	155.95
PTHR11822	2452.0	2402.95	3097.0	99.02	72.06
PTHR10803	1624.75	1526.68	289.0	39.43	28.7
PTHR10806	751.0	701.95	132.0	14.55	10.59
PTHR10804	12783.0	12439.65	6933.25	357.62	260.24
PTHR11556	4464.53	4317.38	3648.69	186.11	135.44
PTHR11558	1273.0	1223.95	3749.95	236.05	171.78
PTHR13773	4778.0	4679.9	2114.0	111.21	80.93
PTHR10537	1824.0	1774.95	24.0	1.04	0.76
PTHR11953	2849.59	2653.4	198.0	21.67	15.77
PTHR11952	6596.12	6448.97	1521.0	71.7	52.17
PTHR11956	2215.0	2165.95	2396.0	85.02	61.87
PTHR11959	3013.84	2915.74	1430.93	65.73	47.83
PTHR11739	3810.0	3711.9	1471.0	55.46	40.37
PTHR11732	27755.37	26872.56	6748.13	257.06	187.08
PTHR11731	8077.75	7734.49	1026.93	52.88	38.48
PTHR11730	15303.92	14764.58	22472.67	790.88	575.55
PTHR11735	2340.0	2241.9	267.0	16.99	12.36
PTHR10394	1371.0	1272.9	22117.97	2021.48	1471.12
PTHR20941	1546.0	1398.91	40.0	6.1	4.44
PTHR31065	4080.5	3982.4	20661.88	630.23	458.65
PTHR13600	7995.59	7799.39	1533.55	70.07	50.99
PTHR31066	3024.0	2974.95	1808.0	46.67	33.96
PTHR13604	1561.0	1511.95	88.0	4.48	3.26
PTHR23264	6335.94	6188.78	16649.62	450.17	327.61
PTHR23269	1834.0	1784.95	166.0	7.15	5.21
PTHR31204	1388.0	1338.95	79.0	4.54	3.31
PTHR31201	4081.76	3983.66	877.09	34.03	24.77
PTHR31209	1218.91	1169.86	177.0	11.66	8.49
PTHR11607	2133.0	2083.95	401.0	14.79	10.76
PTHR15074	740.0	690.95	12.0	1.34	0.98
PTHR11601	8587.0	8292.7	2292.37	94.96	69.11
PTHR32467	9884.38	9443.05	2661.87	123.25	89.71
PTHR14255	11328.37	10935.96	1116.08	59.3	43.16
PTHR31840	694.0	644.95	34.0	4.08	2.97
PTHR23130	1792.0	1742.94	1943.0	85.74	62.4
PTHR23133	1304.0	1254.95	824.0	50.58	36.81
PTHR23135	5036.14	4938.04	17550.69	306.88	223.33
PTHR23138	2392.0	2293.9	1978.0	130.84	95.22
PTHR23139	11788.67	11396.26	10233.02	664.26	483.41
PTHR31682	1615.0	1565.95	718.0	35.28	25.68
PTHR11040	1808.0	1660.95	337.0	25.52	18.57
PTHR11043	832.0	782.95	161.0	15.89	11.56
PTHR11042	6448.82	6252.61	376.0	16.5	12.0
PTHR11048	4546.37	4350.26	2039.0	99.23	72.22
PTHR14005	3538.15	3489.09	1678.0	36.92	26.87
PTHR15818	1419.0	1320.9	251.0	29.1	21.18
PTHR12636	1097.0	1047.95	290.0	21.34	15.53
PTHR14490	2211.37	2064.22	2535.94	181.4	132.01
PTHR14493	23116.4	22576.83	39637.53	1101.74	801.79
PTHR15651	2608.46	2559.41	124.0	3.72	2.71
PTHR12380	3739.0	3542.8	2894.03	203.77	148.29
PTHR12385	6665.38	6469.17	10491.46	454.52	330.78
PTHR12706	8027.82	7782.58	694.0	32.38	23.56
PTHR12709	1652.0	1553.9	439.0	45.0	32.75
PTHR12561	794.0	744.95	77.0	7.99	5.82
PTHR12560	3251.0	3152.9	1502.0	67.34	49.01
PTHR11203	5948.8	5801.64	2665.01	69.32	50.45
PTHR12097	4049.58	4000.53	2034.68	39.03	28.4
PTHR11200	9315.57	9021.27	2335.0	93.63	68.15
PTHR21576	4753.0	4605.85	1308.14	66.29	48.24
PTHR10046	5201.0	4955.92	561.0	44.66	32.49
PTHR12419	4190.0	3993.8	777.03	58.23	42.38
PTHR23338	5067.23	5018.18	1670.0	25.53	18.58
PTHR30525	1707.0	1657.95	919.0	42.64	31.03
PTHR12413	3295.35	3197.25	189.0	9.32	6.79
PTHR12411	63964.57	62198.89	109281.53	3372.13	2454.03
PTHR23339	3746.0	3598.86	203.0	7.03	5.12
PTHR10947	4424.14	4326.04	2999.0	107.01	77.88
PTHR21717	694.0	644.95	18.0	2.16	1.57
PTHR21712	2704.0	2605.9	726.01	35.79	26.04
PTHR12897	3235.0	3136.9	535.0	25.96	18.89
PTHR12894	5524.5	5279.24	492.0	40.01	29.1
PTHR12891	1045.0	995.95	14.0	1.08	0.79
PTHR22976	9109.54	8815.24	44769.1	1315.58	957.39
PTHR22975	11903.43	11560.2	42675.27	957.35	696.71
PTHR22970	2189.0	2090.9	558.0	29.47	21.45
PTHR14145	3013.0	2914.9	1530.0	79.78	58.06
PTHR21377	863.0	813.95	21.0	1.99	1.45
PTHR21371	2164.0	2114.95	19977.43	726.01	528.35
PTHR21373	2045.0	1897.9	132.0	15.99	11.63
PTHR22573	7740.31	7544.1	5673.0	260.56	189.61
PTHR22572	12767.99	12424.63	11604.29	447.9	325.95
PTHR13060	1675.0	1625.95	65.0	3.08	2.24
PTHR21000	2329.9	2280.84	5484.0	184.76	134.46
PTHR10701	1166.91	1117.85	1040.0	71.72	52.19
PTHR13162	7454.0	7404.95	6472.61	67.02	48.77
PTHR13165	1538.46	1489.41	548.0	28.32	20.61
PTHR21396	1678.0	1579.9	476.0	45.85	33.36
PTHR13069	3065.0	2966.9	151.0	6.94	5.05
PTHR13068	8099.06	7804.77	3785.91	210.83	153.44
PTHR24106	5426.0	5278.85	1306.0	59.82	43.53
PTHR24103	3674.0	3477.8	505.0	36.9	26.85
PTHR11540	4555.0	4309.75	12756.05	779.57	567.34
PTHR10836	4144.0	3947.84	60178.96	3387.33	2465.11
PTHR10835	2444.0	2394.95	1200.99	38.53	28.04
PTHR11545	2518.0	2370.85	25959.93	2249.62	1637.15
PTHR10012	1428.06	1379.0	340.0	18.98	13.81
PTHR13768	2914.0	2815.9	1274.98	71.66	52.15
PTHR24078	14106.38	13615.97	2897.13	150.88	109.81
PTHR11946	21649.5	21109.94	11669.0	384.16	279.56
PTHR11947	4326.0	4227.9	3094.95	102.32	74.46
PTHR11941	10907.66	10515.37	6782.29	271.71	197.73
PTHR10497	2064.0	2014.95	25976.75	991.05	721.23
PTHR10496	307.0	258.06	2.0	0.61	0.44
PTHR24076	24257.77	23325.86	8342.08	345.34	251.33
PTHR24077	17538.0	16802.25	3680.0	231.43	168.41
PTHR11728	6290.95	6143.8	1892.0	72.91	53.07
PTHR11726	963.0	913.95	28588.16	2414.41	1757.07
PTHR11727	3331.0	3183.85	631.0	50.23	36.55
PTHR11721	781.0	731.95	16994.87	1795.4	1306.6
PTHR11722	893.0	843.95	15510.91	1419.48	1033.02
PTHR10120	1841.0	1791.95	842.0	36.14	26.3
PTHR10122	1212.0	1162.95	9072.64	601.22	437.54
PTHR11831	938.0	888.95	25276.62	2195.22	1597.56
PTHR11835	1842.0	1792.95	575.0	24.66	17.95
PTHR11614	1694.17	1645.12	594.0	27.78	20.22
PTHR11615	17887.5	17053.96	63966.23	3574.02	2600.96
PTHR11618	5012.15	4815.95	2388.0	129.56	94.28
PTHR32419	2061.0	2011.95	55.0	2.1	1.53
PTHR10231	3370.74	3223.58	437.0	24.43	17.77
PTHR10233	8061.85	7816.6	3271.42	143.03	104.1
PTHR31503	5532.89	5336.69	1919.0	85.68	62.35
PTHR23147	2102.77	2004.69	2844.21	262.14	190.78
PTHR23140	2259.48	2161.38	264.0	18.93	13.77
PTHR23142	2631.13	2533.03	644.0	34.4	25.03
PTHR23149	1541.0	1442.9	775.0	95.63	69.6
PTHR23148	994.7	945.65	165.0	13.46	9.8
PTHR11361	14147.28	13656.98	1959.96	62.01	45.13
PTHR11056	3169.79	3071.69	2346.11	134.15	97.63
PTHR11055	5030.72	4883.56	3395.97	152.38	110.9
PTHR32251	4308.6	4161.45	1372.79	62.31	45.35
PTHR31695	2265.0	2166.9	330.0	24.74	18.0
PTHR11819	3820.0	3721.94	4720.18	108.04	78.62
PTHR22767	6244.0	6047.8	490.0	26.48	19.28
PTHR22765	8995.0	8749.83	5136.99	168.47	122.61
PTHR12629	1743.0	1693.95	2544.72	115.56	84.1
PTHR18945	4462.19	4315.04	1270.04	51.88	37.75
PTHR26402	18619.51	18129.29	8522.25	203.57	148.14
PTHR19384	8284.0	7940.67	3897.46	223.21	162.44
PTHR12714	6168.71	5972.5	2714.38	137.41	99.99
PTHR32523	1434.0	1384.95	153.0	8.51	6.19
PTHR12570	4097.11	3949.96	701.0	38.13	27.74
PTHR21494	2138.0	2039.9	127.0	9.58	6.98
PTHR21145	3524.75	3426.64	1700.0	69.9	50.87
PTHR21496	3471.0	3274.8	1471.0	156.11	113.61
PTHR21493	38027.87	36703.6	13732.96	597.01	434.47
PTHR21499	3816.28	3718.21	11892.06	268.55	195.44
PTHR21148	4302.0	4105.8	1012.02	66.26	48.22
PTHR12083	2128.0	2029.9	108.0	8.62	6.28
PTHR19854	5477.88	5330.72	562.0	12.48	9.08
PTHR30535	4821.0	4673.9	3848.75	237.7	172.98
PTHR19855	3505.0	3406.9	2590.92	112.43	81.82
PTHR19852	1270.0	1220.95	299.0	18.87	13.73
PTHR16128	3860.21	3713.19	285.0	15.0	10.92
PTHR12400	3789.84	3691.78	810.0	36.8	26.78
PTHR13572	1656.7	1607.65	259.0	12.4	9.02
PTHR30314	6467.0	6270.82	5633.36	200.68	146.03
PTHR12882	688.0	638.95	188.0	22.78	16.58
PTHR12883	1449.0	1399.95	502.0	27.61	20.09
PTHR16255	6790.0	6593.8	3557.0	131.11	95.41
PTHR16254	7868.87	7721.71	2828.0	81.38	59.22
PTHR13373	1546.0	1496.95	71.0	3.65	2.66
PTHR13375	1448.0	1398.95	226.0	12.44	9.05
PTHR22967	1291.0	1241.95	48.0	2.98	2.17
PTHR10150	3864.66	3717.57	213.0	10.9	7.93
PTHR30222	1593.0	1543.95	43.0	2.14	1.56
PTHR13115	2358.0	2308.95	492.0	16.37	11.92
PTHR13117	1932.0	1882.95	1967.0	80.32	58.46
PTHR13285	1761.0	1613.88	28.0	3.74	2.71
PTHR13288	1305.0	1255.95	54.0	3.31	2.41
PTHR10953	16490.18	15950.71	5426.78	192.17	139.85
PTHR10954	1974.0	1875.9	151.0	12.41	9.03
PTHR21726	708.97	659.92	29.0	3.4	2.48
PTHR10956	1380.0	1330.95	32242.55	1865.56	1357.65
PTHR10826	1172.0	1122.95	1043.96	71.66	52.15
PTHR11533	7564.0	7416.85	4694.78	119.14	86.7
PTHR11532	3802.0	3556.75	5216.01	517.95	376.94
PTHR10000	5357.98	5210.83	800.0	34.52	25.12
PTHR13021	1317.36	1268.33	231.0	14.03	10.21
PTHR10108	51712.0	49995.32	40726.91	897.37	653.06
PTHR24007	4264.46	4166.36	1346.0	46.05	33.52
PTHR24006	27204.96	26273.0	5454.55	319.5	232.52
PTHR24003	31531.31	30256.03	16377.68	709.22	516.12
PTHR31446	1048.0	998.95	905.0	69.88	50.86
PTHR31190	3959.39	3812.27	2632.0	121.22	88.22
PTHR11441	1551.0	1501.95	1126.0	57.7	41.99
PTHR11440	2341.0	2242.9	281.0	15.84	11.52
PTHR11999	7847.35	7602.19	8609.98	258.29	187.96
PTHR11998	5138.0	4990.85	3009.0	158.08	115.04
PTHR11449	883.0	784.93	13954.0	2334.44	1698.89
PTHR11994	754.0	704.95	17987.17	1973.68	1436.34
PTHR10133	13129.15	12834.96	9774.0	200.56	145.96
PTHR13620	10036.08	9643.75	1898.86	122.52	89.19
PTHR11847	800.0	750.95	19062.71	1962.46	1428.17
PTHR11843	692.0	642.95	18945.11	2281.27	1660.18
PTHR11661	3035.0	2887.85	17450.94	1537.27	1118.74
PTHR11662	21513.3	20924.7	20189.92	420.58	306.08
PTHR11669	5576.0	5379.8	1149.0	58.52	42.59
PTHR11668	10846.0	10404.55	11073.76	613.62	446.55
PTHR20856	9778.16	9483.86	5451.27	185.31	134.85
PTHR20854	5888.0	5642.75	1079.0	66.63	48.49
PTHR20855	2886.0	2787.9	469.0	29.16	21.21
PTHR20852	4778.45	4582.24	29514.38	2706.82	1969.87
PTHR32404	3098.36	3000.25	1844.48	95.38	69.42
PTHR20858	3584.0	3436.85	3153.0	193.93	141.14
PTHR10634	697.0	647.95	846.47	101.13	73.6
PTHR14237	9249.1	8905.98	2814.0	75.57	54.99
PTHR11143	816.0	766.95	20371.3	2053.05	1494.1
PTHR23155	159106.74	154104.0	52232.59	1493.94	1087.15
PTHR23153	7280.87	6937.53	2212.0	181.89	132.37
PTHR23151	7608.97	7167.64	4234.34	340.18	247.57
PTHR11063	3315.0	3216.9	1488.0	72.33	52.63
PTHR11062	20322.56	19635.89	9231.71	232.85	169.46
PTHR11061	3876.0	3581.78	168.0	16.3	11.86
PTHR11065	4021.45	3874.3	5174.16	288.61	210.03
PTHR11064	2031.98	1933.89	2362.99	122.96	89.48
PTHR11260	14875.19	14433.83	5566.16	213.1	155.1
PTHR11264	1522.0	1472.95	507.0	26.49	19.28
PTHR11266	11848.86	11358.36	8739.02	449.09	326.8
PTHR13501	779.0	729.95	1153.53	122.2	88.93
PTHR31998	5891.0	5743.85	84736.16	2038.39	1483.43
PTHR31221	3055.56	2957.45	680.0	33.97	24.72
PTHR15838	1052.65	954.59	19.0	3.07	2.24
PTHR32338	1527.0	1477.95	823.92	42.91	31.23
PTHR31407	3578.0	3430.85	1502.01	103.1	75.03
PTHR15744	1123.96	1025.86	164.0	22.54	16.4
PTHR20932	1468.45	1419.39	598.99	32.49	23.64
PTHR18952	1776.0	1726.95	118.0	5.26	3.82
PTHR10552	1229.0	1179.95	206.0	13.45	9.79
PTHR25040	6398.0	6201.8	5303.06	178.81	130.12
PTHR12765	1200.0	1101.9	93.0	12.67	9.23
PTHR12505	3142.0	3043.9	225.0	12.86	9.36
PTHR21481	2826.0	2727.9	44.0	2.49	1.81
PTHR22778	5034.0	4788.76	949.0	50.39	36.68
PTHR19446	11966.72	11672.42	63756.57	1596.95	1162.18
PTHR12219	2912.0	2862.95	5575.61	149.56	108.84
PTHR13561	5209.09	5061.92	373.0	17.83	12.97
PTHR13563	972.91	923.85	85.0	7.1	5.17
PTHR12210	4326.0	4227.9	4928.53	178.13	129.64
PTHR12215	1294.0	1195.93	19.0	2.46	1.79
PTHR12214	1993.0	1943.95	215.0	8.5	6.19
PTHR12189	1085.0	986.92	52.0	7.92	5.77
PTHR22911	7193.22	6898.94	1056.0	61.15	44.5
PTHR11926	2383.0	2284.9	332.0	22.5	16.38
PTHR19842	1791.0	1741.95	230.0	10.16	7.39
PTHR12183	2119.43	2021.33	1954.0	123.67	90.01
PTHR19849	2217.0	2118.9	348.0	25.3	18.41
PTHR21152	4969.44	4724.18	1407.0	155.33	113.04
PTHR19861	1045.0	995.95	236.0	18.28	13.3
PTHR30075	4129.0	3932.8	630.0	54.03	39.31
PTHR11632	8544.97	8250.79	24939.84	710.48	517.05
PTHR13102	2275.55	2128.4	390.0	39.28	28.59
PTHR12984	4268.15	4170.05	839.0	31.03	22.58
PTHR23293	6373.0	6176.81	8142.0	357.37	260.08
PTHR13299	1724.0	1674.95	250.0	11.48	8.36
PTHR12652	3473.0	3374.9	1262.0	58.92	42.88
PTHR10925	2662.0	2612.95	4175.0	122.73	89.32
PTHR10920	5135.0	4889.75	1360.0	106.76	77.69
PTHR10584	24341.98	23557.33	35264.53	787.07	572.77
PTHR11527	2346.43	2199.36	231.0	20.69	15.06
PTHR11525	1644.0	1594.95	887.0	42.79	31.14
PTHR10859	4005.0	3808.8	1120.0	90.1	65.58
PTHR10589	4315.47	4217.37	1088.41	32.57	23.71
PTHR10588	6282.0	5987.73	552.0	30.09	21.91
PTHR13038	2309.0	2259.95	157.0	5.34	3.88
PTHR13748	7724.75	7430.5	3797.64	171.52	124.83
PTHR12126	2853.31	2755.21	3372.14	181.62	132.17
PTHR13743	13990.19	13744.94	1687.0	40.51	29.46
PTHR24015	49302.97	47782.72	29145.39	981.87	714.56
PTHR24012	37523.52	36199.43	29784.4	2122.95	1544.99
PTHR24011	35494.25	34366.26	65316.22	2604.64	1895.5
PTHR31187	8803.0	8606.8	14095.9	401.84	292.44
PTHR10459	6133.91	5888.63	960.01	59.49	43.29
PTHR10458	2043.0	1944.9	179.0	18.77	13.66
PTHR11986	15353.37	14911.94	7957.55	286.05	208.18
PTHR11455	6412.0	6166.85	1920.0	59.47	43.29
PTHR10102	3400.0	3301.9	469.0	22.15	16.12
PTHR11458	1860.0	1761.97	1775.0	92.19	67.09
PTHR10106	886.0	836.95	67.0	6.18	4.5
PTHR31057	2500.41	2353.26	173.0	16.29	11.84
PTHR21141	2842.0	2694.85	36379.88	3749.23	2728.49
PTHR11851	17656.84	17117.4	13535.25	562.88	409.64
PTHR23092	3863.0	3715.85	647.0	40.98	29.82
PTHR23091	11537.07	10948.52	3337.01	184.89	134.54
PTHR11673	999.0	949.95	25345.83	2058.89	1498.34
PTHR11670	8268.5	7974.21	16480.99	565.29	411.39
PTHR11671	1576.0	1526.95	2621.97	132.15	96.17
PTHR20863	2895.75	2748.6	8552.32	864.46	629.09
PTHR20861	3582.0	3483.9	1715.0	70.54	51.33
PTHR11679	7357.18	7210.02	1766.01	59.92	43.6
PTHR14009	5802.69	5704.58	2064.0	55.07	40.07
PTHR10217	9547.67	9253.51	1841.51	59.69	43.42
PTHR10210	6537.0	6438.9	3665.0	102.46	74.56
PTHR31522	1599.0	1549.95	1727.0	85.74	62.4
PTHR14221	2100.0	2050.95	455.0	17.05	12.41
PTHR23163	3206.0	3107.9	240.0	11.87	8.64
PTHR11079	5342.02	5047.77	1340.0	82.44	59.99
PTHR11076	7231.29	6691.87	183.0	23.0	16.75
PTHR11070	5346.0	5198.85	380.0	10.58	7.69
PTHR11071	24266.04	23088.94	46206.45	2934.2	2135.36
PTHR11278	1059.0	1009.95	23245.03	1775.31	1291.98
PTHR14107	1488.8	1439.75	523.41	27.98	20.37
PTHR11276	6385.0	6188.83	539.0	17.06	12.4
PTHR11274	2920.0	2821.9	270.0	14.02	10.21
PTHR14136	4887.28	4691.06	3830.07	277.66	202.07
PTHR31984	3316.0	3217.9	915.0	42.25	30.75
PTHR15350	2649.0	2550.9	1485.87	70.79	51.51
PTHR15606	2714.0	2615.9	218.03	12.38	9.01
PTHR12374	2710.89	2612.78	1061.02	50.19	36.53
PTHR12375	1863.0	1764.9	372.0	31.64	23.02
PTHR12378	1050.94	1001.88	272.0	20.94	15.24
PTHR18929	17491.14	16853.52	26657.39	1751.47	1274.62
PTHR13976	2294.0	2195.9	468.0	32.39	23.58
PTHR12777	676.0	626.95	1689.92	208.74	151.91
PTHR12775	2761.0	2662.9	1724.0	99.73	72.57
PTHR12770	6805.82	6511.52	331.0	19.79	14.41
PTHR20981	722.0	672.95	19664.64	2261.34	1645.68
PTHR14085	1723.0	1673.95	269.0	12.36	9.0
PTHR16092	1717.0	1618.91	209.0	24.14	17.57
PTHR11035	3295.0	3196.9	303.0	15.31	11.14
PTHR22298	3528.0	3478.95	125.0	2.76	2.01
PTHR12174	5477.35	5330.2	1025.0	40.06	29.15
PTHR12175	1825.0	1775.95	265.0	11.48	8.35
PTHR12176	967.0	917.95	59.0	4.96	3.61
PTHR22769	8749.67	8308.24	1850.02	129.95	94.58
PTHR10293	3109.75	2864.65	2939.04	240.81	175.25
PTHR12403	2746.0	2647.9	874.04	59.71	43.46
PTHR22762	6812.2	6714.1	2065.44	47.35	34.46
PTHR22763	1619.0	1520.9	182.0	18.43	13.41
PTHR22761	3460.34	3313.18	6868.81	403.54	293.67
PTHR21231	1242.0	1192.95	221.0	14.27	10.39
PTHR21230	3227.0	3079.85	3148.0	198.89	144.75
PTHR21234	2642.09	2543.98	649.0	39.89	29.03
PTHR21237	1404.0	1354.95	583.0	33.13	24.11
PTHR12202	2266.0	2118.85	305.0	35.79	26.05
PTHR12203	6105.11	6006.99	4414.25	182.89	133.09
PTHR19857	1669.64	1620.59	1031.0	48.95	35.62
PTHR13355	3986.31	3839.17	2591.94	136.32	99.21
PTHR13353	2775.05	2676.95	256.0	14.8	10.77
PTHR19853	3158.0	3059.9	247.0	12.76	9.29
PTHR12197	13252.73	12615.14	1045.0	63.69	46.34
PTHR19858	861.0	811.95	147.0	13.99	10.18
PTHR11932	13978.21	13683.9	4301.91	144.18	104.94
PTHR13822	1460.0	1410.95	3335.0	181.97	132.43
PTHR13271	21878.8	21143.04	2927.02	136.94	99.66
PTHR13138	3092.81	2994.71	278.0	13.85	10.07
PTHR10732	1270.0	1171.92	17705.33	1652.0	1202.24
PTHR10738	2467.73	2369.62	170.0	9.77	7.11
PTHR10739	3541.0	3442.9	1161.0	52.67	38.33
PTHR12992	1823.0	1773.95	221.0	9.58	6.97
PTHR22838	4084.58	3986.48	818.0	33.46	24.35
PTHR22881	3058.0	2959.9	1315.0	69.06	50.25
PTHR22836	1799.16	1750.1	322.0	14.15	10.3
PTHR22960	2735.0	2636.9	1721.59	107.66	78.35
PTHR11934	2258.0	2159.9	397.0	30.39	22.12
PTHR10693	1638.0	1539.9	299.0	29.49	21.46
PTHR10938	1030.0	980.95	163.0	12.82	9.33
PTHR10934	911.0	861.95	28649.67	2566.7	1867.9
PTHR11510	1633.0	1583.95	2752.0	133.69	97.29
PTHR11516	5748.0	5600.85	5626.0	213.51	155.38
PTHR10025	2286.49	2188.39	951.0	65.63	47.76
PTHR10026	7062.51	6817.25	2030.12	117.04	85.17
PTHR10027	3449.0	3350.9	263.0	11.39	8.29
PTHR13009	493.0	443.95	81.0	14.19	10.32
PTHR13007	2342.04	2243.93	1081.0	65.09	47.37
PTHR30115	7308.0	7160.85	2285.0	127.12	92.51
PTHR11863	1915.62	1817.64	233.0	14.55	10.59
PTHR17901	3330.12	3232.02	1008.14	44.7	32.52
PTHR24351	5096.21	4998.1	6309.0	194.48	141.53
PTHR20982	1025.0	975.95	482.0	38.1	27.73
PTHR24352	1156.0	1057.9	80.0	11.68	8.5
PTHR11467	1184.0	1134.95	2179.1	147.99	107.7
PTHR10119	7762.0	7614.85	6671.64	165.99	120.8
PTHR10343	3038.0	2890.85	1073.92	78.65	57.23
PTHR10114	808.0	758.95	26626.14	2711.96	1973.61
PTHR10110	16118.43	15627.95	4769.97	297.19	216.27
PTHR11469	4103.49	3956.41	6337.1	229.19	166.8
PTHR10598	1542.0	1492.95	64.0	3.3	2.4
PTHR24286	5055.0	4956.9	2279.0	70.44	51.26
PTHR11864	6285.77	6040.6	5998.74	344.76	250.91
PTHR23426	1153.96	1104.91	806.0	56.23	40.92
PTHR10593	4609.0	4461.85	2691.0	123.02	89.53
