GeneFamily	length	effective_length	expected_count	TPM	FPKM
PTHR11649	10912.94	10533.35	5425.21	287.25	259.14
PTHR31089	2072.0	2034.04	421.0	12.01	10.83
PTHR31085	10452.07	10148.43	6916.04	303.73	274.04
PTHR11647	3308.47	3232.56	3441.14	131.6	118.74
PTHR11645	1758.0	1720.04	3632.76	122.62	110.63
PTHR11880	1740.0	1664.08	14966.97	1072.28	967.43
PTHR11885	933.0	895.04	16247.06	1057.87	954.43
PTHR10209	9183.18	8955.43	4230.77	137.48	124.03
PTHR32429	2860.7	2784.79	14011.88	579.99	523.28
PTHR31423	842.1	804.14	777.0	56.36	50.85
PTHR31551	605.0	567.04	101.96	10.53	9.5
PTHR32195	3600.0	3486.13	372.0	15.77	14.22
PTHR11081	2803.67	2651.85	397.99	19.8	17.85
PTHR11080	2425.86	2312.0	270.59	22.39	20.21
PTHR11082	5008.59	4818.82	897.44	54.97	49.6
PTHR11085	6728.22	6538.44	441.69	18.21	16.43
PTHR11089	9242.2	8862.67	1971.95	120.74	108.94
PTHR32518	4102.72	4064.76	2745.92	39.12	35.3
PTHR11247	3476.98	3363.1	1541.15	82.26	74.22
PTHR11246	11196.37	10968.61	3030.45	89.96	81.16
PTHR32512	4652.19	4576.27	2175.13	71.6	64.61
PTHR23088	4919.49	4767.67	2202.11	118.41	106.83
PTHR23089	2075.0	1999.08	3384.56	195.65	176.52
PTHR23081	4060.05	3908.23	517.0	26.79	24.17
PTHR23083	39048.0	37947.25	23432.73	815.79	736.02
PTHR23084	4682.01	4606.11	2784.4	71.16	64.2
PTHR23086	3108.76	2956.92	644.0	50.48	45.54
PTHR18806	2936.05	2860.13	1760.46	74.98	67.64
PTHR31953	2860.02	2784.11	381.32	17.92	16.17
PTHR15184	6435.92	6284.08	36012.41	1077.87	972.47
PTHR15341	1450.32	1412.36	850.0	34.97	31.55
PTHR32357	3411.71	3335.8	4041.97	138.72	125.15
PTHR12696	1569.82	1531.86	1937.48	73.46	66.28
PTHR12341	3223.66	3147.76	881.43	36.19	32.65
PTHR15160	4999.07	4885.2	7270.36	229.97	207.48
PTHR18937	12711.84	12408.19	1524.42	47.56	42.92
PTHR18934	26721.76	25810.87	5038.07	240.99	217.37
PTHR12742	2052.0	2014.04	1439.94	41.48	37.43
PTHR12741	15027.98	14686.36	3544.39	106.6	96.18
PTHR19288	2540.2	2464.29	2110.76	94.75	85.48
PTHR13903	3089.86	3013.94	1561.02	56.83	51.27
PTHR22753	5425.46	5273.63	705.95	28.54	25.75
PTHR30615	725.0	687.04	788.0	67.0	60.45
PTHR22939	18104.92	17687.38	11372.11	379.76	342.64
PTHR22938	1181.62	1105.72	82.0	9.09	8.21
PTHR30612	5418.92	5305.05	5515.59	126.78	114.39
PTHR22932	1057.0	1019.04	6065.12	346.53	312.64
PTHR22931	12252.05	12062.28	9831.85	172.99	156.07
PTHR12233	1116.74	1078.79	1010.09	54.49	49.16
PTHR22936	12487.81	12184.14	3480.94	105.11	94.84
PTHR31038	3678.8	3602.88	2340.71	55.08	49.7
PTHR13832	36690.89	35590.19	41669.37	1626.58	1467.54
PTHR21139	1254.21	1216.25	4782.03	228.66	206.3
PTHR21136	7914.07	7686.32	4705.53	228.56	206.21
PTHR12526	40539.19	39704.18	17969.22	558.53	503.93
PTHR13124	1218.0	1180.04	453.99	22.38	20.19
PTHR13120	577.18	539.23	515.01	55.94	50.47
PTHR22809	2403.26	2327.35	318.0	16.04	14.47
PTHR22807	8034.18	7806.45	1758.9	63.26	57.06
PTHR20661	1034.87	996.92	153.12	8.94	8.07
PTHR10900	5179.05	4951.32	4576.93	286.84	258.8
PTHR10906	4937.51	4823.63	6055.32	188.19	169.78
PTHR10909	15844.82	15541.17	37537.3	925.86	835.34
PTHR10055	3237.63	3161.71	2098.33	77.12	69.58
PTHR10057	2310.49	2234.57	3454.21	176.78	159.5
PTHR10052	422.0	384.05	6717.91	1029.59	928.92
PTHR13017	1700.63	1662.67	859.28	30.01	27.07
PTHR10693	1898.0	1860.04	1187.47	37.05	33.43
PTHR10694	14463.89	14198.2	4535.69	79.24	71.49
PTHR12839	2846.73	2732.85	301.0	16.71	15.08
PTHR12835	1367.7	1329.74	335.0	14.64	13.21
PTHR24031	51058.48	49350.47	32567.45	1394.75	1258.37
PTHR24032	1577.0	1501.08	386.97	29.66	26.75
PTHR24349	151859.01	146165.78	77797.36	3191.86	2879.77
PTHR24619	5936.4	5708.65	2627.32	162.34	146.47
PTHR24343	7359.43	7093.77	11279.3	428.69	386.77
PTHR11472	3533.17	3381.35	279.0	19.67	17.75
PTHR24347	22383.57	21700.41	6323.13	255.93	230.9
PTHR11476	6234.14	6120.27	2620.97	66.41	59.9
PTHR11477	2642.17	2528.3	721.08	41.68	37.6
PTHR24305	3274.76	3122.94	867.03	48.82	44.05
PTHR10476	4672.94	4521.1	2708.43	141.99	128.11
PTHR24290	4170.07	4056.21	5049.95	186.19	167.98
PTHR23413	1107.38	1031.47	21208.27	1943.31	1753.29
PTHR23417	5411.16	5259.34	1388.92	82.54	74.46
PTHR23416	6914.75	6724.97	3023.64	125.98	113.67
PTHR23415	1251.92	1213.96	582.97	27.93	25.2
PTHR10871	2444.0	2292.2	23847.89	1778.82	1604.88
PTHR10877	6665.52	6589.61	7334.9	146.44	132.11
PTHR11879	5054.91	4903.08	31556.23	1236.04	1115.18
PTHR10430	2927.95	2814.08	14089.93	924.82	834.39
PTHR31096	5608.59	5456.75	3287.85	114.49	103.31
PTHR31098	5717.11	5565.27	11442.27	309.56	279.28
PTHR11655	2581.69	2467.82	31465.69	1812.58	1635.35
PTHR11652	738.0	700.04	19489.17	1625.95	1466.96
PTHR20883	1858.63	1782.73	2152.0	141.75	127.89
PTHR11895	993.84	955.88	891.0	54.29	48.98
PTHR10277	5123.94	4972.12	6788.39	333.67	301.05
PTHR14027	3347.67	3195.87	655.49	42.31	38.16
PTHR12320	5063.22	4911.42	1811.92	81.77	73.77
PTHR13691	1682.8	1606.88	23811.56	1237.1	1116.13
PTHR23180	14193.9	13700.43	9749.78	583.4	526.34
PTHR14593	2131.11	2017.25	716.0	58.19	52.51
PTHR11093	4025.85	3949.93	2235.14	61.66	55.63
PTHR11096	1409.0	1333.09	269.95	26.69	24.07
PTHR23346	13662.19	13396.49	16248.05	999.12	901.43
PTHR10309	1641.75	1603.79	3543.35	128.3	115.75
PTHR14107	1832.9	1794.94	262.0	8.47	7.64
PTHR11252	6515.0	6439.08	2260.59	39.09	35.26
PTHR11254	12988.09	12646.48	3285.26	115.29	104.01
PTHR11255	4656.89	4543.02	885.57	30.13	27.17
PTHR14110	3022.0	2908.12	7797.03	545.98	492.59
PTHR16201	5557.21	5405.41	2683.69	111.81	100.88
PTHR14374	3056.59	2980.68	204.48	12.11	10.93
PTHR18838	3104.44	2990.56	1543.88	80.55	72.67
PTHR12687	1524.0	1448.08	71.0	5.58	5.03
PTHR15157	4006.07	3892.2	688.07	33.84	30.54
PTHR18901	8550.1	8284.38	7918.87	383.38	345.89
PTHR12755	2833.27	2757.35	325.98	12.47	11.25
PTHR12750	4360.09	4246.21	1108.1	49.39	44.56
PTHR12753	845.5	807.55	408.48	29.5	26.62
PTHR15081	1805.0	1767.04	254.0	8.34	7.53
PTHR15574	3274.87	3123.06	700.22	50.65	45.7
PTHR13931	1758.17	1682.28	663.0	39.14	35.31
PTHR24006	20819.29	19946.37	4965.56	259.85	234.5
PTHR12358	8320.74	8017.1	1430.57	66.88	60.36
PTHR22748	2415.4	2301.56	407.04	29.98	27.06
PTHR12356	866.18	828.23	235.84	16.6	14.98
PTHR12221	2027.0	1951.08	465.0	27.71	25.0
PTHR30603	6319.35	6205.48	12090.42	321.39	289.96
PTHR12226	2523.41	2447.49	275.0	13.35	12.05
PTHR19876	6794.0	6642.16	6529.74	241.2	217.63
PTHR19877	3165.83	3089.93	5555.63	222.1	200.38
PTHR21689	1993.0	1917.08	68.0	3.97	3.57
PTHR31442	2819.81	2705.93	1472.01	90.78	81.91
PTHR13803	9479.76	9252.03	2291.08	75.73	68.31
PTHR19980	1233.26	1195.32	247.76	12.05	10.87
PTHR12537	2954.0	2878.08	1653.8	66.39	59.9
PTHR12532	1437.34	1399.38	1040.05	43.19	38.97
PTHR13486	775.87	737.92	215.04	17.01	15.35
PTHR13489	1660.76	1584.86	648.0	48.81	44.03
PTHR17583	3333.0	3219.15	144.0	8.21	7.4
PTHR24198	1436.0	1360.08	671.21	48.08	43.38
PTHR10048	11199.53	11085.65	1705.34	31.83	28.71
PTHR24193	4552.74	4362.96	4780.15	209.07	188.62
PTHR10044	2993.85	2879.99	1245.01	74.06	66.83
PTHR11998	7319.47	7053.78	4038.61	161.53	145.74
PTHR11014	6016.41	5864.6	9578.36	382.8	345.37
PTHR10687	3028.21	2952.29	2456.69	95.19	85.88
PTHR13069	4823.34	4633.56	265.0	13.97	12.6
PTHR13068	10530.51	10264.8	2891.58	111.22	100.35
PTHR10682	2521.13	2445.21	2410.46	114.5	103.3
PTHR12829	1423.0	1385.04	287.97	12.08	10.9
PTHR12820	2175.77	2137.82	542.0	14.71	13.27
PTHR12826	837.35	799.42	430.0	31.37	28.3
PTHR12827	2376.0	2186.25	36.0	5.29	4.77
PTHR17920	2365.34	2327.38	332.0	8.27	7.46
PTHR10137	1628.0	1552.08	1123.92	87.11	78.6
PTHR11405	6834.92	6683.09	6725.1	249.1	224.74
PTHR11404	2866.26	2790.35	3704.22	165.65	149.45
PTHR11406	2895.99	2820.07	15139.3	701.56	632.97
PTHR13468	4240.99	4203.03	1505.67	20.75	18.72
PTHR14255	5579.56	5351.81	1649.66	91.43	82.48
PTHR23406	7354.55	7126.8	6641.49	319.29	288.07
PTHR23407	731.12	693.17	444.08	37.42	33.76
PTHR10869	15625.36	15207.84	56474.1	2130.95	1922.58
PTHR31717	5048.34	4934.46	1969.32	82.06	74.05
PTHR13393	2333.9	2220.04	478.0	35.35	31.89
PTHR15169	1165.0	1127.04	11.0	0.57	0.51
PTHR11315	1483.39	1445.43	392.0	15.76	14.22
PTHR10139	1659.74	1621.78	95.0	3.4	3.07
PTHR10264	3936.01	3822.15	2646.38	114.64	103.43
PTHR10263	1600.57	1524.65	10738.99	722.92	652.23
PTHR31407	7655.02	7389.35	9326.19	530.29	478.44
PTHR32170	3968.5	3854.64	422.81	9.76	8.81
PTHR23350	1824.84	1748.93	236.29	13.81	12.46
PTHR23354	5076.9	4887.13	2119.7	136.65	123.28
PTHR23355	11077.51	10735.91	1778.8	56.71	51.18
PTHR23359	8536.15	8346.36	5878.91	266.89	240.78
PTHR11227	3384.07	3270.2	1666.27	83.71	75.52
PTHR11220	8700.22	8396.56	5102.29	274.3	247.49
PTHR11223	6874.09	6798.17	3172.12	56.83	51.28
PTHR11229	2958.07	2882.15	9697.35	422.76	381.42
PTHR10314	15120.82	14741.26	19064.1	764.08	689.38
PTHR14303	704.22	666.26	213.0	18.68	16.85
PTHR23309	880.0	804.1	0.0	0.0	0.0
PTHR23308	3139.49	2987.66	14566.41	877.84	791.99
PTHR11139	23934.75	23289.48	3415.44	138.33	124.83
PTHR11132	30959.67	30162.56	27964.86	1103.44	995.57
PTHR11134	6367.58	6215.76	1974.88	60.36	54.46
PTHR11136	2095.98	1982.12	324.0	32.4	29.25
PTHR32374	3449.02	3373.1	7250.15	159.36	143.78
PTHR31579	3118.66	3042.75	2566.6	74.43	67.16
PTHR32379	1484.98	1371.12	88.32	11.56	10.44
PTHR31619	1679.66	1641.72	5056.03	178.82	161.34
PTHR18919	5282.88	5131.06	27944.97	906.67	818.01
PTHR32002	9003.73	8700.06	992.0	39.34	35.48
PTHR14413	2055.0	1979.08	2771.55	161.63	145.82
PTHR14089	1202.57	1164.61	342.0	17.08	15.41
PTHR22893	2070.27	2032.31	5179.27	147.86	133.4
PTHR11661	2839.0	2725.12	15833.11	1168.8	1054.51
PTHR10778	3321.76	3245.84	1633.97	58.32	52.61
PTHR10072	3681.6	3605.68	2166.28	65.6	59.18
PTHR12786	1221.48	1183.52	1156.4	56.83	51.27
PTHR11706	8139.56	7911.82	982.53	45.81	41.32
PTHR12782	1637.0	1599.04	283.0	10.28	9.27
PTHR11214	4464.73	4350.85	563.19	22.4	20.22
PTHR24188	4559.77	4407.97	2294.86	74.98	67.66
PTHR21213	1281.0	1243.04	892.08	41.73	37.65
PTHR10182	3411.27	3297.39	1950.0	94.27	85.05
PTHR13923	3615.32	3463.51	880.29	56.09	50.6
PTHR12321	1394.84	1356.88	123.97	5.31	4.79
PTHR12323	613.75	575.8	118.01	11.99	10.82
PTHR14155	21044.22	20323.08	8487.76	468.56	422.76
PTHR21015	4747.26	4595.43	3282.27	184.37	166.34
PTHR16196	1486.44	1410.55	235.0	18.9	17.06
PTHR16193	1356.16	1318.2	462.9	20.41	18.42
PTHR22792	5127.55	4937.77	16374.06	867.26	782.44
PTHR22790	4351.46	4199.63	951.88	50.16	45.26
PTHR21680	999.34	961.39	1273.69	77.16	69.61
PTHR21113	1572.0	1496.09	19.0	1.95	1.76
PTHR19316	2015.02	1939.12	725.21	55.42	50.0
PTHR21663	4334.73	4220.86	471.49	17.43	15.72
PTHR13253	7627.98	7362.27	18389.7	924.52	834.11
PTHR21206	1232.88	1194.93	697.98	33.97	30.65
PTHR13789	8896.64	8706.85	8104.05	240.99	217.43
PTHR10071	2795.28	2681.43	826.44	68.4	61.72
PTHR13780	6964.66	6774.88	8737.12	303.54	273.85
PTHR10670	7533.01	7305.28	952.0	43.71	39.43
PTHR10677	1878.69	1764.82	294.97	29.29	26.42
PTHR13078	2976.82	2900.9	944.05	39.51	35.64
PTHR12815	5849.67	5697.86	7074.37	339.99	306.75
PTHR12814	1778.81	1702.89	203.0	12.74	11.49
PTHR24361	27782.7	26909.68	14162.71	511.81	461.8
PTHR24362	9858.26	9516.64	1539.81	73.63	66.43
PTHR10416	2137.0	2061.08	189.0	12.63	11.39
PTHR10410	4372.21	4220.4	6269.81	292.64	264.02
PTHR10783	3833.45	3757.53	948.99	29.45	26.56
PTHR10782	4521.53	4331.75	712.0	33.66	30.36
PTHR13476	1309.0	1271.04	226.0	10.34	9.33
PTHR10788	8654.18	8502.35	3678.37	82.79	74.69
PTHR10891	18388.72	17857.32	11773.2	475.77	429.28
PTHR10890	4330.0	4140.23	449.0	26.76	24.15
PTHR20426	758.16	720.22	221.37	17.94	16.19
PTHR23213	11047.8	10744.13	1539.62	58.25	52.57
PTHR10520	6102.86	5951.05	4954.29	198.65	179.23
PTHR10250	2713.93	2600.05	11537.11	804.15	725.52
PTHR10527	14395.68	14129.98	10392.04	249.09	224.73
PTHR31384	6736.27	6508.53	1123.89	76.62	69.12
PTHR31385	3916.42	3802.56	851.0	36.54	32.97
PTHR10091	1511.11	1435.2	685.98	59.97	54.1
PTHR31140	965.0	889.1	134.0	17.9	16.15
PTHR31412	6938.41	6748.65	3531.21	184.88	166.8
PTHR11787	4526.09	4412.22	12637.91	379.51	342.41
PTHR11785	15198.54	14705.13	11675.95	550.94	497.07
PTHR11782	5450.31	5298.47	4592.95	137.74	124.27
PTHR31419	3656.07	3504.25	573.0	33.57	30.28
PTHR11780	2262.0	2224.04	6759.33	176.28	159.04
PTHR13902	6124.09	6010.21	1803.34	65.31	58.92
PTHR23324	3329.2	3253.28	1860.0	69.1	62.34
PTHR23327	2669.35	2593.43	1109.89	50.21	45.3
PTHR23326	2966.0	2852.12	394.1	27.99	25.25
PTHR23321	1750.0	1674.08	865.87	67.57	60.96
PTHR23323	6328.49	6138.71	1685.87	79.97	72.15
PTHR23322	4724.55	4496.84	1041.01	72.37	65.28
PTHR23329	2672.5	2520.71	337.0	34.9	31.49
PTHR11236	5760.32	5532.59	1265.0	52.55	47.41
PTHR10322	7309.57	7005.96	417.07	23.34	21.05
PTHR11239	2638.83	2524.95	706.13	48.46	43.73
PTHR10803	2725.3	2649.4	1886.35	80.22	72.39
PTHR11101	1184.51	1146.56	541.34	27.47	24.78
PTHR31964	24408.14	23724.9	98363.66	4659.69	4204.06
PTHR23030	1583.73	1545.77	562.89	21.15	19.08
PTHR11129	3528.15	3414.35	1168.18	62.64	56.52
PTHR11122	3786.89	3673.01	3881.53	160.51	144.81
PTHR15316	2112.1	2036.19	788.93	50.04	45.15
PTHR11127	1116.0	1040.11	14474.63	1089.84	983.28
PTHR11125	2665.16	2551.29	623.76	49.91	45.03
PTHR31566	2103.0	2065.04	486.14	13.66	12.32
PTHR31567	1352.0	1314.04	737.01	32.6	29.42
PTHR31561	3209.0	3133.08	211.05	6.64	5.99
PTHR15137	2071.41	1881.69	56.0	7.7	6.96
PTHR14950	3415.0	3225.22	58.0	5.02	4.52
PTHR15954	2543.8	2467.89	810.01	43.06	38.85
PTHR15952	4116.24	4040.32	1921.51	57.31	51.7
PTHR16266	3334.51	3220.66	322.0	17.64	15.91
PTHR21597	3100.33	2910.57	170.37	12.23	11.05
PTHR19271	1622.0	1584.04	98.97	3.63	3.27
PTHR19861	1308.61	1270.65	479.0	21.92	19.77
PTHR13343	7010.4	6820.6	7372.23	270.36	243.92
PTHR12029	9265.29	8961.65	1456.05	69.86	63.03
PTHR21220	517.0	479.05	32.0	3.92	3.54
PTHR22780	9415.89	9302.02	4337.74	81.04	73.12
PTHR11952	5935.62	5783.79	1424.44	56.71	51.16
PTHR21477	2864.18	2712.36	1069.97	86.75	78.26
PTHR19308	5365.0	5251.12	2182.01	64.06	57.79
PTHR16301	1223.36	1147.45	269.13	27.73	25.02
PTHR13265	1237.36	1199.4	1158.97	56.2	50.71
PTHR22870	19009.94	18288.8	5913.04	311.1	280.68
PTHR17630	2273.63	2197.73	4099.33	184.78	166.71
PTHR10064	1206.04	1130.13	11603.64	874.74	789.2
PTHR10066	2969.58	2893.66	985.85	39.15	35.33
PTHR10060	2109.46	2033.55	349.19	25.49	23.0
PTHR10663	29739.58	29018.41	4835.56	183.23	165.33
PTHR10666	7757.89	7492.2	57347.1	3562.84	3214.45
PTHR10668	9280.52	8976.87	3537.16	176.01	158.81
PTHR12801	3595.5	3481.63	910.34	42.77	38.6
PTHR12802	2138.63	2024.77	516.87	48.87	44.1
PTHR12805	1642.87	1604.91	328.08	11.87	10.71
PTHR12806	938.48	900.52	1295.73	83.85	75.65
PTHR21091	11659.69	11394.0	20393.66	613.25	553.3
PTHR21090	5324.28	5210.4	3201.03	99.73	89.98
PTHR21228	3616.35	3502.51	335.2	17.35	15.66
PTHR24314	4136.99	4023.14	2106.99	87.68	79.1
PTHR11933	1377.0	1339.04	74.0	3.21	2.9
PTHR11932	7974.41	7746.69	4208.2	143.18	129.19
PTHR11426	2980.75	2828.93	12209.89	759.3	685.06
PTHR11937	14629.39	14098.03	43069.6	1642.4	1481.8
PTHR11938	17591.4	17287.75	26269.35	810.74	731.48
PTHR13683	26793.82	25920.81	8136.2	374.11	337.5
PTHR24089	48833.58	47467.18	48130.4	1986.03	1791.86
PTHR10796	3529.0	3453.08	104.0	3.64	3.29
PTHR10794	6848.41	6696.57	1692.69	57.17	51.58
PTHR10795	24246.07	23335.19	6685.81	440.87	397.76
PTHR10792	2070.86	1957.0	11645.65	844.09	761.56
PTHR10799	45335.48	43475.82	5637.37	308.22	278.13
PTHR10882	912.78	874.82	598.27	39.86	35.96
PTHR10887	26543.42	25328.9	3499.28	178.2	160.76
PTHR11686	4293.52	4179.65	1185.0	49.42	44.58
PTHR11685	9600.45	9296.84	4976.25	206.67	186.48
PTHR11680	6483.33	6293.53	7449.41	344.42	310.74
PTHR24221	28468.41	27595.4	13658.21	517.52	466.9
PTHR24220	7809.26	7581.53	4177.37	201.15	181.48
PTHR24223	32428.8	31290.24	10088.25	346.36	312.49
PTHR11689	15658.2	15354.56	1922.95	50.05	45.17
PTHR10252	3076.2	2962.33	2621.98	130.82	118.02
PTHR31173	1711.78	1635.87	532.27	57.04	51.46
PTHR12538	1072.7	996.81	13451.37	1074.64	969.56
PTHR10625	9458.11	9154.46	1830.35	99.29	89.58
PTHR31606	740.0	702.04	413.0	34.36	31.0
PTHR31356	6391.43	6125.75	26770.35	1578.41	1424.06
PTHR31352	10097.2	9907.41	6423.88	178.39	160.94
PTHR31350	2910.24	2796.36	2264.48	134.3	121.16
PTHR11758	827.0	789.04	14483.19	1070.83	966.12
PTHR23333	961.94	923.98	738.04	46.54	41.99
PTHR11751	17605.19	16997.93	22757.46	1158.36	1045.12
PTHR11753	3726.2	3574.36	3102.89	204.61	184.61
PTHR11752	28795.32	28112.09	7447.98	255.08	230.13
PTHR11206	10333.78	10068.09	4583.9	181.08	163.38
PTHR23338	3449.15	3335.27	3749.43	201.89	182.14
PTHR24420	648609.96	624662.07	306419.73	11296.23	10191.59
PTHR10332	1717.83	1679.88	428.0	14.79	13.35
PTHR14140	2403.0	2289.14	144.0	6.79	6.13
PTHR14145	3625.72	3511.84	3542.03	192.2	173.41
PTHR13600	1403.75	1365.79	598.0	25.45	22.96
PTHR12848	3225.8	3111.93	643.19	36.36	32.81
PTHR31066	683.0	645.04	37.0	3.35	3.02
PTHR15744	1657.92	1619.96	653.0	23.41	21.12
PTHR13604	1423.05	1347.14	205.0	20.84	18.8
PTHR23029	11186.96	10769.45	4303.31	224.39	202.45
PTHR23023	1170.05	1094.16	1390.86	112.02	101.07
PTHR31142	3027.27	2913.39	2093.05	107.05	96.6
PTHR12847	4534.9	4383.07	622.59	36.05	32.51
PTHR11119	2172.11	2096.2	3498.19	208.69	188.28
PTHR12841	1298.0	1260.04	445.01	20.54	18.53
PTHR31595	4138.63	4024.76	120.27	7.4	6.68
PTHR31596	448.73	410.79	18.0	2.58	2.32
PTHR15948	1485.34	1447.38	544.52	21.86	19.72
PTHR32026	27561.81	26650.85	12159.95	498.78	450.02
PTHR31829	1189.11	1151.15	4291.66	216.88	195.67
PTHR19241	46920.0	45401.83	23598.71	889.87	802.87
PTHR14894	2317.0	2279.04	322.46	8.21	7.4
PTHR15239	2928.29	2776.46	373.82	31.9	28.77
PTHR19854	2331.02	2255.1	124.0	6.45	5.82
PTHR32497	2583.0	2545.04	1278.78	29.13	26.28
PTHR12497	2130.74	2016.88	106.0	7.32	6.61
PTHR12304	1774.0	1736.04	566.92	18.96	17.1
PTHR30540	7232.94	6967.23	1401.41	54.8	49.45
PTHR13302	2885.0	2809.08	571.87	25.78	23.26
PTHR12472	1368.79	1292.89	203.0	16.64	15.02
PTHR13308	2883.02	2769.15	1090.0	63.48	57.27
PTHR12477	4276.25	4162.37	2199.98	92.15	83.14
PTHR32148	1897.27	1821.36	47048.28	4199.25	3788.65
PTHR13878	1916.19	1878.23	1014.62	31.35	28.28
PTHR21461	34376.09	33503.09	10501.04	396.07	357.32
PTHR13872	6091.56	5901.77	27304.45	2589.37	2336.17
PTHR22849	13835.49	13455.95	4883.31	143.04	129.06
PTHR21314	1611.0	1573.04	200.0	7.38	6.66
PTHR13271	35857.5	34718.79	17377.64	651.89	588.14
PTHR22841	2301.62	2225.71	1381.14	70.64	63.73
PTHR13273	1106.11	1068.15	617.0	33.62	30.33
PTHR22847	26920.7	26085.64	8149.79	345.16	311.38
PTHR22846	1450.09	1374.18	297.85	21.94	19.8
PTHR22844	8571.41	8229.8	1652.9	96.07	86.69
PTHR23284	1576.0	1538.04	1583.08	59.79	53.94
PTHR21266	15026.26	14494.91	12450.5	486.25	438.72
PTHR12271	3965.51	3851.63	1110.35	51.47	46.43
PTHR21262	10802.99	10537.32	3768.88	83.01	74.89
PTHR12276	3409.0	3333.08	2722.9	72.04	64.99
PTHR10657	1392.06	1316.14	9871.53	891.45	804.28
PTHR16557	3674.16	3560.28	447.3	24.23	21.87
PTHR10655	2275.7	2199.78	1556.78	68.96	62.22
PTHR10652	3058.34	2944.46	5201.08	280.24	252.85
PTHR17972	2834.38	2758.49	456.89	17.01	15.35
PTHR21085	1493.0	1455.04	1272.47	50.81	45.84
PTHR11922	5832.87	5681.04	3231.47	125.59	113.32
PTHR12505	2222.31	2146.39	834.11	46.0	41.51
PTHR10438	15482.31	14912.93	22076.89	1473.8	1329.7
PTHR11926	7755.6	7527.85	1074.12	35.89	32.37
PTHR11431	3002.66	2926.75	17878.15	700.78	632.25
PTHR10436	8646.32	8266.79	1385.98	86.54	78.07
PTHR10434	3041.58	2965.66	1105.25	42.76	38.58
PTHR24096	13120.7	12855.0	19792.17	506.29	456.79
PTHR13018	17034.45	16730.82	3512.23	84.82	76.52
PTHR24095	19553.87	19098.37	21778.42	538.37	485.72
PTHR24092	21489.61	20768.49	6696.38	260.34	234.88
PTHR24093	53317.67	51875.35	28997.42	911.0	821.88
PTHR10758	3657.14	3581.22	5463.32	181.73	163.97
PTHR13451	1204.68	1166.72	276.01	13.76	12.41
PTHR13452	751.42	713.47	575.44	47.1	42.49
PTHR10759	832.84	794.89	14615.61	1072.6	967.72
PTHR12901	909.0	871.04	140.0	9.37	8.45
PTHR12903	2391.72	2315.8	8843.45	421.15	379.98
PTHR13992	730.0	692.04	13.0	1.1	0.99
PTHR23237	400.0	362.05	1086.48	176.81	159.52
PTHR10501	2070.32	1994.4	1390.37	81.24	73.3
PTHR31169	2943.96	2830.08	339.09	20.67	18.65
PTHR12277	5268.05	5154.19	5484.93	179.61	162.05
PTHR14087	683.47	645.52	129.0	11.68	10.54
PTHR14085	2051.0	2013.04	260.0	7.49	6.76
PTHR31344	1733.96	1658.04	380.65	25.87	23.34
PTHR23306	3801.89	3725.98	456.0	14.04	12.68
PTHR23305	1164.98	1127.02	1475.53	76.17	68.72
PTHR11748	3313.81	3237.9	1181.05	43.28	39.05
PTHR11742	6438.79	6211.06	671.32	24.94	22.51
PTHR11216	3350.65	3236.78	3217.5	166.13	149.89
PTHR11210	2645.13	2531.25	3224.77	239.33	215.93
PTHR14154	11869.75	11376.34	8057.44	672.24	606.52
PTHR10344	1094.33	1056.37	137.0	7.55	6.81
PTHR10343	7409.99	7182.23	2300.03	120.19	108.43
PTHR11699	10872.84	10645.13	8118.34	249.2	224.84
PTHR11692	908.76	870.81	1715.1	114.79	103.57
PTHR11693	3046.0	2970.08	29039.11	1135.36	1024.34
PTHR11695	16265.18	15733.78	26248.31	1293.36	1166.9
PTHR31760	1146.66	1108.71	275.97	14.48	13.07
PTHR31840	837.0	799.04	49.0	3.58	3.23
PTHR31906	10273.47	9969.79	5864.52	273.7	246.95
PTHR21419	1836.0	1798.04	1073.0	34.64	31.25
PTHR23012	10736.87	10433.2	3865.77	148.31	133.82
PTHR11102	10146.59	9842.92	8319.27	340.43	307.14
PTHR11106	3928.55	3814.67	1688.91	87.66	79.08
PTHR31585	6201.16	6049.33	1046.01	36.48	32.91
PTHR32125	1409.14	1371.18	1527.79	64.76	58.42
PTHR31588	1983.8	1945.84	1476.93	44.04	39.74
PTHR32120	2092.0	2054.04	306.0	8.64	7.8
PTHR15680	1082.54	1044.58	7174.14	399.8	360.71
PTHR11804	5348.07	5158.29	6371.31	254.62	229.73
PTHR11374	1831.01	1793.05	17702.75	573.09	517.06
PTHR11808	9061.21	8833.5	2482.54	91.39	82.45
PTHR12000	3020.85	2907.0	932.92	73.87	66.64
PTHR18895	4542.96	4391.13	277.0	15.1	13.64
PTHR12169	2135.01	2097.05	220.98	6.11	5.52
PTHR12486	2122.55	2046.64	182.0	10.01	9.02
PTHR12480	4175.17	4023.36	1032.86	52.27	47.15
PTHR12482	5629.61	5477.82	2382.31	83.56	75.38
PTHR12317	7433.07	7243.28	2204.04	83.62	75.46
PTHR12649	955.13	917.17	3044.13	193.39	174.48
PTHR10099	3963.87	3925.92	2020.87	29.81	26.9
PTHR12461	4436.93	4285.14	279.0	11.94	10.77
PTHR12466	2064.13	1988.22	244.0	13.48	12.16
PTHR10098	850.0	774.11	5.0	0.8	0.71
PTHR13847	9225.95	8922.28	8254.12	364.86	329.19
PTHR26312	6615.62	6425.82	11025.12	471.42	425.34
PTHR12001	5320.14	5168.31	4748.46	204.52	184.52
PTHR21327	2085.83	2047.88	7207.98	204.21	184.24
PTHR21631	6497.4	6307.6	27351.04	1018.06	918.52
PTHR22854	2581.19	2505.27	2842.84	116.33	104.95
PTHR22855	6599.45	6485.59	5233.05	186.07	167.88
PTHR22850	15444.06	15064.48	5167.95	191.11	172.42
PTHR22504	1876.17	1838.22	2572.71	81.23	73.29
PTHR22915	13309.85	12816.41	7322.01	370.44	334.2
PTHR21256	3004.14	2928.22	2384.89	92.56	83.51
PTHR12265	648.0	610.04	101.0	9.68	8.74
PTHR12266	3682.0	3606.08	811.33	37.32	33.67
PTHR10648	2946.19	2870.28	13613.5	392.41	354.04
PTHR30178	2941.01	2865.09	11008.68	522.08	471.03
PTHR10641	15508.15	14711.14	6402.97	264.97	239.06
PTHR19842	782.01	744.06	2157.59	169.22	152.67
PTHR10644	10128.75	9863.07	3077.98	100.61	90.78
PTHR30535	8069.25	7803.55	4218.81	197.16	177.87
PTHR12864	1834.0	1758.08	89.0	5.64	5.09
PTHR12860	2164.0	2088.08	1671.01	92.25	83.22
PTHR13194	4980.03	4828.22	5154.84	164.93	148.8
PTHR13193	685.44	647.48	471.79	42.59	38.42
PTHR11913	683.0	645.04	7530.78	682.42	615.69
PTHR11911	7539.03	7273.33	17968.79	828.84	747.78
PTHR11910	1844.17	1768.25	14728.75	990.64	893.77
PTHR12919	1213.0	1137.09	1109.17	83.47	75.31
PTHR12910	1912.48	1836.56	4460.44	231.06	208.47
PTHR12917	1953.0	1915.04	1187.74	35.99	32.47
PTHR11351	3395.05	3243.24	9341.63	280.11	252.73
PTHR11353	22203.9	21672.5	59004.64	1730.38	1561.19
PTHR11599	11428.8	11049.23	27872.53	1487.08	1341.66
PTHR10516	18051.01	17405.75	33264.27	1679.28	1515.07
PTHR11592	3855.75	3741.89	5092.07	262.42	236.76
PTHR11659	1624.08	1586.13	487.0	17.83	16.09
PTHR31724	2554.64	2478.72	1678.38	59.81	53.96
PTHR13734	4295.07	4181.19	471.01	18.39	16.6
PTHR23315	60710.36	58774.69	16826.01	601.61	542.78
PTHR23316	3645.14	3569.23	7529.77	262.96	237.25
PTHR11778	3845.82	3769.9	3244.19	101.86	91.9
PTHR11777	6792.17	6640.33	7754.64	148.83	134.28
PTHR11774	4175.94	4024.1	1461.98	76.54	69.06
PTHR11773	3616.56	3540.64	2141.3	69.69	62.88
PTHR11772	6583.51	6393.71	25336.17	997.66	900.11
PTHR10357	31427.31	30820.01	35673.43	928.8	837.97
PTHR10353	15350.97	14781.62	2428.72	103.38	93.27
PTHR10350	2421.44	2307.57	471.05	42.87	38.68
PTHR10351	1102.0	1064.04	16528.85	904.16	815.75
PTHR32557	1570.95	1533.0	1133.88	42.96	38.76
PTHR10359	7054.96	6789.25	618.02	39.87	35.99
PTHR32442	1121.53	1083.57	643.98	34.59	31.21
PTHR31750	3470.76	3356.89	726.05	37.05	33.43
PTHR23418	411.14	373.19	1987.69	313.62	282.96
PTHR14189	1430.69	1392.74	732.99	30.58	27.59
PTHR21021	1393.12	1355.16	413.01	17.71	15.98
PTHR32228	1498.0	1460.04	565.98	22.52	20.32
PTHR31245	1399.97	1362.02	2030.62	86.65	78.17
PTHR23001	2088.0	2050.04	1719.85	48.67	43.91
PTHR23002	3915.66	3801.79	1301.97	61.98	55.92
PTHR11177	5451.03	5337.15	1484.0	49.36	44.53
PTHR11178	3663.09	3549.21	2167.22	99.54	89.8
PTHR14456	1321.4	1245.49	131.58	13.32	12.01
PTHR31808	1563.36	1525.4	2193.89	83.54	75.37
PTHR13693	5331.51	5179.7	2718.54	101.08	91.21
PTHR11009	2933.45	2857.53	888.04	35.4	31.94
PTHR19229	14543.36	13974.06	3077.46	176.53	159.27
PTHR11482	7668.05	7478.27	15434.44	229.79	207.33
PTHR11005	7578.1	7274.45	1246.61	57.32	51.7
PTHR18640	2389.37	2351.42	111.0	2.74	2.47
PTHR18866	11477.84	11098.26	11132.4	489.76	441.88
PTHR12022	756.0	718.04	7857.11	638.91	576.44
PTHR15074	2983.0	2945.04	441.0	8.68	7.83
PTHR15588	2590.68	2514.76	2877.98	136.21	122.88
PTHR12677	5334.91	5183.09	1421.62	75.91	68.49
PTHR19134	3057.66	2981.74	749.0	31.21	28.14
PTHR19879	2309.43	2195.58	366.0	28.48	25.7
PTHR30566	2623.23	2547.31	929.0	42.79	38.6
PTHR12456	794.93	719.04	18.0	2.96	2.66
PTHR12452	667.06	629.12	120.0	11.15	10.06
PTHR19359	1911.75	1835.83	990.93	65.08	58.72
PTHR12072	4484.89	4333.06	782.0	39.29	35.45
PTHR13218	1376.0	1338.04	649.0	28.19	25.44
PTHR13215	1333.78	1295.82	4000.64	179.49	161.93
PTHR13213	1626.85	1550.95	107.0	8.33	7.51
PTHR21530	4108.3	3994.44	743.0	31.25	28.19
PTHR12298	8947.54	8681.84	1868.47	97.18	87.7
PTHR10638	4360.48	4246.61	2351.6	99.74	89.99
PTHR10631	4522.14	4408.27	1166.94	42.74	38.56
PTHR10984	6680.49	6490.73	4058.94	165.02	148.89
PTHR12858	5558.22	5330.49	814.98	57.57	51.95
PTHR13505	896.64	858.69	842.19	57.18	51.59
PTHR12856	1762.21	1686.3	708.0	50.39	45.46
PTHR12855	820.15	782.2	110.0	8.2	7.4
PTHR12854	1030.0	954.09	159.0	21.17	19.09
PTHR13190	2158.06	2082.15	151.0	6.69	6.03
PTHR13182	1911.0	1873.04	1190.1	36.88	33.27
PTHR10855	3514.82	3400.94	2783.2	135.11	121.89
PTHR10585	2313.93	2200.05	1689.38	130.94	118.15
PTHR10743	1003.2	965.24	422.0	25.46	22.97
PTHR10742	21036.39	20429.1	15242.32	528.0	476.38
PTHR10745	2402.15	2364.19	3143.13	77.1	69.56
PTHR10744	1959.53	1845.67	17230.11	1508.26	1360.78
PTHR10746	2633.87	2557.96	8524.11	383.76	346.23
PTHR11099	2212.0	2174.04	1291.97	34.47	31.1
PTHR12924	1266.1	1228.14	2471.73	117.04	105.59
PTHR11627	3801.97	3688.11	56903.33	2205.13	1989.51
PTHR11525	352.0	314.06	13.0	2.45	2.21
PTHR11349	984.16	946.2	2596.68	159.87	144.23
PTHR10566	25373.2	24538.28	10791.33	385.42	347.75
PTHR11588	7414.12	7262.28	3670.84	115.92	104.59
PTHR10291	1789.0	1751.04	258.0	8.55	7.72
PTHR11584	7359.66	7093.99	12517.29	315.56	284.72
PTHR11586	968.31	930.35	3528.32	220.94	199.34
PTHR11909	7420.8	7231.0	9926.84	318.58	287.43
PTHR24320	1750.04	1712.09	678.14	23.0	20.75
PTHR24322	18748.89	18065.66	15089.04	813.47	733.92
PTHR11907	3331.05	3255.15	2133.76	63.35	57.15
PTHR11760	1273.0	1197.08	20.0	1.92	1.73
PTHR11761	1867.89	1791.97	33137.75	3400.34	3067.85
PTHR11766	2663.68	2587.76	1045.96	45.4	40.96
PTHR11767	9738.87	9473.17	2033.2	70.91	63.96
PTHR10361	3329.39	3215.52	491.0	24.91	22.48
PTHR10366	40807.79	39745.01	94610.99	3700.88	3338.99
PTHR10169	9690.18	9462.42	1541.21	61.73	55.7
PTHR10168	5553.03	5363.24	6065.01	418.88	377.93
PTHR20973	1299.76	1261.81	124.0	5.71	5.15
PTHR10165	2375.05	2299.13	1631.88	74.34	67.07
PTHR31032	2970.42	2894.51	2371.93	94.33	85.11
PTHR23257	32526.93	31502.11	11576.51	502.56	453.45
PTHR23253	2191.12	2115.21	2461.75	173.03	156.1
PTHR14190	2782.94	2744.98	313.72	6.62	5.98
PTHR14194	6823.02	6633.24	17028.18	604.17	545.09
PTHR31251	3209.0	3095.13	284.28	17.88	16.13
PTHR23074	13801.51	13156.32	5337.82	303.74	274.02
PTHR23077	13333.46	12915.96	10620.86	268.8	242.53
PTHR23076	18041.84	17624.32	20063.43	712.07	642.44
PTHR12561	1009.86	971.9	34.0	2.04	1.84
PTHR23073	8615.2	8349.53	11004.39	426.14	384.47
PTHR12560	1122.0	1084.04	96.0	5.15	4.65
PTHR23078	2932.0	2894.04	562.01	11.26	10.15
PTHR11165	2671.42	2557.56	6966.73	397.99	359.07
PTHR10772	3101.87	2987.99	19169.15	1095.1	988.01
PTHR32100	4718.4	4604.53	9680.28	352.87	318.37
PTHR14534	957.73	919.78	307.46	19.48	17.57
PTHR14445	2983.23	2869.36	909.27	56.63	51.09
PTHR23109	3514.23	3400.36	661.01	36.3	32.75
PTHR31811	1869.87	1831.91	448.94	14.22	12.83
PTHR23102	2962.53	2886.62	1018.54	36.79	33.2
PTHR23105	6796.97	6531.28	27618.46	1785.09	1610.54
PTHR11010	3990.22	3914.32	826.72	25.31	22.84
PTHR12668	3703.1	3589.23	4577.1	255.39	230.42
PTHR12661	1105.3	1067.35	405.72	22.12	19.96
PTHR12663	4567.0	4491.08	479.3	9.41	8.49
PTHR12664	543.18	505.22	293.25	34.03	30.7
PTHR16166	32473.45	31904.09	4662.15	111.92	100.98
PTHR12111	776.4	738.44	209.0	16.52	14.91
PTHR12446	2859.0	2707.2	761.61	64.54	58.24
PTHR12447	2142.61	2066.69	240.69	13.68	12.34
PTHR15481	850.0	812.04	250.0	17.96	16.2
PTHR26379	2174.96	2137.01	371.57	10.09	9.1
PTHR12599	1318.29	1280.34	568.96	25.84	23.31
PTHR12596	5474.55	5360.67	2029.17	35.41	31.94
PTHR12590	1007.98	970.02	197.0	11.83	10.67
PTHR12066	1140.88	1102.92	62.0	3.27	2.95
PTHR12064	6905.31	6639.63	1736.67	109.99	99.23
PTHR13226	516.04	478.09	111.0	13.62	12.29
PTHR13889	1600.3	1562.34	1599.38	59.46	53.64
PTHR13887	1351.49	1313.53	1704.01	75.41	68.04
PTHR21181	1848.93	1773.02	1445.17	114.6	103.4
PTHR13948	3156.89	3005.09	603.95	45.61	41.15
PTHR10459	5793.06	5565.33	465.01	24.08	21.73
PTHR11453	3224.35	3110.48	699.0	42.72	38.54
PTHR19306	5269.82	5155.96	502.0	17.27	15.57
PTHR21506	2641.07	2565.15	506.81	22.94	20.7
PTHR12280	6113.44	5923.64	7251.06	460.46	415.43
PTHR12281	3184.27	3070.4	2618.41	140.84	127.06
PTHR12286	2551.1	2475.18	791.65	38.05	34.32
PTHR30573	2332.0	2294.04	520.01	13.15	11.86
PTHR22983	7858.0	7592.28	115.0	5.83	5.26
PTHR22981	8448.5	8182.8	2847.93	133.36	120.32
PTHR30191	2181.09	2143.13	13720.05	371.35	335.04
PTHR13082	932.0	894.04	407.0	26.53	23.94
PTHR10629	6302.29	6036.63	1001.08	59.43	53.63
PTHR10994	35715.97	34729.08	16157.1	653.65	589.75
PTHR10996	9981.49	9677.85	5510.73	222.17	200.44
PTHR10997	13296.92	12993.28	3642.87	116.65	105.23
PTHR10992	47718.67	46352.22	25575.94	1087.47	981.1
PTHR10993	1579.0	1503.08	85.0	6.66	6.01
PTHR17695	2468.21	2354.35	74.0	6.53	5.9
PTHR12849	1493.17	1455.22	1039.68	41.51	37.45
PTHR21712	1100.44	1062.48	388.67	21.29	19.21
PTHR21294	1127.0	1089.04	801.54	42.83	38.64
PTHR21290	3270.92	3119.1	695.71	45.67	41.22
PTHR21349	2481.94	2406.02	435.02	14.82	13.37
PTHR21347	1374.54	1336.58	895.07	38.92	35.12
PTHR21343	2443.91	2330.07	124.0	7.98	7.2
PTHR10196	6425.61	6235.82	1434.69	58.58	52.86
PTHR10192	1335.84	1297.88	892.0	39.95	36.05
PTHR10751	10603.0	10261.4	891.32	28.14	25.39
PTHR10755	2854.0	2778.08	27531.71	972.32	877.24
PTHR13152	1402.32	1364.36	522.95	22.28	20.1
PTHR12932	970.0	932.04	26.0	1.63	1.47
PTHR12934	2605.26	2529.34	8911.31	443.84	400.44
PTHR11451	7454.6	7302.79	8657.39	285.73	257.78
PTHR10288	3983.92	3756.19	1349.87	102.35	92.33
PTHR11800	2611.3	2535.39	565.61	26.11	23.56
PTHR11802	7654.4	7388.7	883.0	53.08	47.9
PTHR12891	2121.03	2007.16	306.0	23.6	21.29
PTHR11807	3156.84	3042.99	440.0	26.82	24.19
PTHR10281	4575.96	4462.1	3091.68	99.5	89.76
PTHR10283	6871.17	6681.4	4441.78	195.8	176.66
PTHR10285	11314.13	11010.46	6221.69	238.0	214.72
PTHR10286	12420.68	11851.35	1997.39	127.32	114.88
PTHR11579	3170.27	3094.35	3207.89	99.11	89.42
PTHR13718	3798.66	3646.82	19432.63	1938.6	1749.05
PTHR13711	6776.25	6548.53	3376.21	165.7	149.51
PTHR13710	11535.01	11117.49	3779.11	118.3	106.73
PTHR11977	3030.01	2992.05	624.0	12.09	10.9
PTHR11972	1664.41	1626.45	216.0	7.71	6.96
PTHR31480	970.67	932.71	2733.0	170.7	154.01
PTHR31485	6014.14	5824.36	1664.87	81.38	73.42
PTHR11715	691.67	653.72	2773.76	247.95	223.71
PTHR11717	2200.33	2124.42	1316.06	74.41	67.13
PTHR11711	15182.65	14803.07	44214.49	2130.77	1922.4
PTHR11712	4158.29	4082.37	2780.01	70.31	63.44
PTHR10374	4597.32	4483.44	7273.13	311.23	280.8
PTHR10178	7527.88	7224.24	999.97	49.76	44.9
PTHR20961	18205.85	17598.59	5817.65	257.5	232.31
PTHR10173	4766.73	4576.95	7101.87	455.44	410.92
PTHR10177	10448.81	10183.11	2859.92	81.99	73.97
PTHR10174	11652.0	11348.33	7246.81	303.99	274.25
PTHR23249	1469.94	1394.02	1284.89	108.79	98.16
PTHR23244	11411.36	11031.86	6380.45	310.67	280.3
PTHR23245	5123.64	4933.86	562.01	41.01	37.01
PTHR23240	4280.66	4052.97	147.0	6.05	5.47
PTHR14614	8878.15	8574.54	2059.01	138.01	124.51
PTHR31268	9223.36	8919.72	2220.64	81.46	73.5
PTHR31262	1332.22	1218.48	156751.04	12357.47	11149.13
PTHR23063	8013.18	7861.35	4184.05	129.17	116.54
PTHR11620	1060.0	1022.04	15463.42	880.88	794.74
PTHR11624	6730.0	6540.22	25521.12	1155.99	1042.95
PTHR11390	4251.26	4137.39	360.01	16.43	14.83
PTHR31620	5857.29	5705.47	2089.08	77.91	70.29
PTHR31319	2764.96	2689.04	2841.92	98.66	89.01
PTHR14052	1272.06	1234.1	410.0	19.32	17.43
PTHR32118	2006.0	1968.04	9361.46	276.01	249.02
PTHR14152	430.0	392.05	37.0	5.55	5.01
PTHR23117	3005.4	2929.48	2293.76	88.47	79.82
PTHR23115	31229.69	30432.6	123552.45	4288.18	3868.9
PTHR11028	1331.0	1293.04	2804.36	126.09	113.76
PTHR11024	2902.45	2826.55	2379.46	104.15	93.97
PTHR12616	902.93	864.98	333.93	22.5	20.3
PTHR12613	1240.92	1202.96	955.1	46.17	41.66
PTHR12612	1093.0	1055.04	17951.85	990.43	893.59
PTHR32060	3542.61	3466.71	230.0	10.88	9.81
PTHR12126	2797.99	2722.07	5033.84	205.31	185.24
PTHR12124	3995.19	3843.39	195.0	13.03	11.75
PTHR22734	2892.36	2816.44	704.0	28.63	25.82
PTHR12121	8715.3	8449.62	3751.83	146.39	132.07
PTHR12438	1176.4	1100.5	91.0	9.12	8.23
PTHR15492	2059.19	2021.23	154.0	4.42	3.99
PTHR21426	4683.39	4531.57	1637.14	65.66	59.24
PTHR21427	1131.0	1093.04	470.0	25.02	22.58
PTHR19372	1596.0	1558.04	2087.72	77.83	70.22
PTHR19370	7862.25	7634.54	6588.15	214.74	193.74
PTHR19376	14132.72	13753.2	4737.16	133.72	120.65
PTHR19375	20696.45	20165.1	28309.86	720.25	649.82
PTHR12725	2699.61	2623.69	2554.02	103.02	92.95
PTHR22884	25628.44	24641.66	3978.29	182.88	164.99
PTHR22883	18436.49	17981.01	3772.78	147.38	132.97
PTHR22881	976.64	938.68	196.01	12.16	10.98
PTHR12542	30185.61	29312.57	11963.15	529.48	477.72
PTHR12547	4640.91	4489.11	1391.06	40.09	36.17
PTHR12436	4095.34	3943.53	477.0	31.63	28.55
PTHR21512	4124.19	3972.36	357.03	18.31	16.52
PTHR12965	3199.31	3085.44	380.0	24.17	21.8
PTHR14744	1748.29	1710.33	534.0	18.13	16.35
PTHR30502	2142.55	2104.6	462.0	12.73	11.49
PTHR10961	1649.05	1611.1	103.0	3.71	3.35
PTHR10617	7751.17	7523.47	24089.26	779.61	703.37
PTHR10615	3352.6	3238.73	1106.0	38.67	34.88
PTHR13527	612.05	574.1	139.0	14.17	12.78
PTHR22958	1658.34	1620.38	363.0	13.01	11.74
PTHR22951	4425.9	4349.98	1317.77	34.14	30.8
PTHR22950	21969.8	21362.49	4833.57	168.47	151.99
PTHR22953	7328.29	7176.45	1299.58	50.47	45.54
PTHR22952	23659.2	22900.11	49742.28	2285.1	2061.66
PTHR22957	18705.25	18097.97	4790.95	273.03	246.37
PTHR21600	2421.22	2345.3	423.37	23.74	21.41
PTHR24056	13910.84	13531.29	4820.62	193.38	174.49
PTHR24054	2326.42	2250.51	3069.41	111.31	100.42
PTHR24055	10117.06	9775.47	10566.19	401.48	362.21
PTHR24058	7562.38	7296.69	5384.61	210.64	190.03
PTHR10766	11443.62	11177.9	21753.97	816.62	736.78
PTHR10762	3791.9	3678.02	88.15	4.63	4.17
PTHR30031	6517.25	6327.47	60078.38	3002.63	2709.03
PTHR12945	1373.4	1335.44	176.01	7.66	6.91
PTHR12944	2342.38	2266.48	740.31	38.51	34.74
PTHR24128	1875.58	1799.67	1308.17	108.38	97.77
PTHR13096	3005.0	2929.08	22.0	0.91	0.82
PTHR11364	1650.86	1612.9	2635.93	94.91	85.63
PTHR11365	3295.84	3219.94	1263.55	46.77	42.2
PTHR10548	4917.53	4765.71	12373.1	583.31	526.26
PTHR11817	10956.06	10652.39	15782.79	625.98	564.75
PTHR11814	9400.22	9172.48	5655.51	171.0	154.27
PTHR11363	1947.21	1909.25	23453.43	712.88	643.17
PTHR10543	4054.14	3940.26	200.02	7.54	6.82
PTHR11819	4774.88	4698.96	12657.65	294.06	265.3
PTHR10544	798.62	760.66	8648.82	663.53	598.65
PTHR11562	9019.26	8829.46	3873.11	125.18	112.95
PTHR11566	15045.3	14741.66	2962.94	96.32	86.92
PTHR11567	2334.36	2182.53	569.0	50.73	45.77
PTHR11564	8012.52	7860.7	6528.86	206.31	186.13
PTHR11962	3426.08	3350.16	1042.22	36.24	32.7
PTHR11963	2615.0	2539.08	3419.23	146.76	132.42
PTHR24315	1115.0	1077.04	437.92	23.66	21.35
PTHR10381	7206.96	7017.19	21792.97	1024.41	924.24
PTHR10383	3272.76	3196.84	776.33	27.21	24.55
PTHR24316	6167.54	5977.85	1783.89	83.88	75.67
PTHR11702	9554.67	9213.07	3450.79	190.56	171.92
PTHR11700	2791.34	2639.52	19637.53	1373.74	1239.4
PTHR10388	994.83	956.87	21739.6	1323.36	1193.96
PTHR11934	2683.0	2607.08	7152.61	333.35	300.76
PTHR10145	2560.59	2484.69	1326.87	44.64	40.28
PTHR23273	2478.3	2402.39	189.85	8.82	7.95
PTHR12050	997.75	959.79	828.0	50.25	45.34
PTHR23163	3439.0	3401.04	3207.66	54.64	49.3
PTHR23050	1102.07	1064.12	14244.19	779.13	702.94
PTHR23056	2461.59	2385.67	1520.18	78.06	70.42
PTHR23054	8386.24	8082.59	2663.95	134.45	121.29
PTHR11638	15126.32	14898.59	34831.94	734.66	662.81
PTHR31783	3769.15	3655.28	582.65	22.34	20.16
PTHR23291	4930.31	4778.48	5551.97	263.47	237.71
PTHR23293	5183.76	5069.89	3614.18	139.78	126.11
PTHR11140	5104.0	5028.08	3139.34	86.8	78.31
PTHR11141	5463.32	5311.49	1695.65	73.54	66.35
PTHR11142	8424.79	8121.18	1541.96	75.0	67.66
PTHR11143	839.0	801.04	15202.3	1107.01	998.77
PTHR11380	725.28	687.33	563.0	47.84	43.16
PTHR11384	13169.31	12751.77	3631.05	164.2	148.15
PTHR32477	2009.82	1933.92	492.45	30.26	27.3
PTHR14043	5362.92	5173.15	1399.21	78.35	70.68
PTHR32472	1349.0	1311.04	376.05	16.67	15.04
PTHR31658	3069.15	2917.33	795.42	68.37	61.69
PTHR13890	10885.91	10392.54	2034.28	129.49	116.82
PTHR14269	1437.0	1399.04	361.0	15.0	13.53
PTHR23125	47529.19	46390.49	26692.95	732.49	660.89
PTHR19211	14529.37	14111.88	83109.82	1942.0	1752.09
PTHR12608	5418.37	5228.59	4458.53	283.8	256.05
PTHR12604	1175.18	1137.22	242.0	12.38	11.17
PTHR12603	3903.0	3789.13	2733.07	81.5	73.52
PTHR32091	2163.65	2049.78	679.32	55.11	49.73
PTHR23339	5376.44	5300.52	1716.24	25.93	23.39
PTHR32098	2191.09	2153.13	606.13	16.33	14.73
PTHR18763	1541.02	1503.07	591.0	22.84	20.61
PTHR22726	1500.09	1462.13	456.96	18.16	16.38
PTHR22727	9467.0	9353.12	2551.15	41.38	37.34
PTHR12428	4019.63	3943.72	7416.18	205.12	185.06
PTHR18968	5096.33	4868.64	6096.55	200.4	180.8
PTHR12730	1925.0	1887.04	64.01	1.97	1.78
PTHR12736	1483.1	1369.27	152.0	18.94	17.09
PTHR12735	2625.0	2511.12	1848.25	106.21	95.82
PTHR15020	3144.92	3031.05	6803.79	372.24	335.84
PTHR12049	3839.57	3725.69	846.49	41.3	37.26
PTHR12558	8271.6	8043.85	1828.57	86.67	78.19
PTHR12553	13582.6	13278.94	1669.65	50.98	45.99
PTHR10497	1222.67	1146.76	25508.31	2046.54	1846.42
PTHR24073	19172.53	18603.17	36448.09	1735.91	1566.17
PTHR21569	2921.56	2807.68	19627.85	1432.03	1292.0
PTHR21567	4098.0	3946.17	249.0	12.54	11.32
PTHR13950	3001.31	2849.49	649.94	57.05	51.47
PTHR12133	1477.96	1440.0	469.09	18.93	17.08
PTHR10972	4693.35	4579.47	1175.12	46.89	42.31
PTHR21704	5489.92	5451.96	1976.15	20.98	18.93
PTHR10606	2494.03	2456.07	678.03	16.01	14.44
PTHR10971	3061.92	2986.0	1736.3	69.29	62.52
PTHR22942	9853.95	9550.29	3131.22	119.8	108.1
PTHR11728	1563.25	1525.29	1127.78	42.95	38.75
PTHR13395	1020.88	944.99	82.0	10.47	9.45
PTHR31803	1846.19	1808.24	29064.48	932.95	841.72
PTHR22891	9193.62	8965.89	3682.77	123.52	111.44
PTHR21368	1616.0	1540.08	7125.24	457.61	412.86
PTHR30508	3960.38	3884.47	6627.8	208.71	188.3
PTHR24067	21163.59	20442.4	22270.73	1323.84	1194.4
PTHR24064	8309.2	8119.41	2336.4	116.44	105.06
PTHR24063	11167.25	10825.66	2028.77	92.92	83.84
PTHR21011	3104.21	2990.34	5707.34	319.35	288.13
PTHR25040	6035.73	5883.89	8108.64	453.38	409.05
PTHR10774	32192.74	31168.0	80917.16	5390.43	4863.35
PTHR24068	2481.93	2368.06	5263.04	337.11	304.15
PTHR12959	2367.71	2329.76	383.6	9.55	8.61
PTHR24115	29277.02	28442.01	3598.73	124.72	112.54
PTHR11825	8696.1	8506.31	5302.48	165.92	149.7
PTHR10809	1376.21	1338.25	3130.39	135.97	122.67
PTHR11822	2043.0	2005.04	5913.29	171.12	154.39
PTHR10555	4078.4	3964.53	1093.84	43.43	39.18
PTHR10806	1003.0	965.04	755.55	45.6	41.14
PTHR10804	14102.83	13685.3	16830.82	669.26	603.82
PTHR11556	5311.95	5122.16	20929.57	1015.23	915.95
PTHR11006	7206.9	6979.15	1090.05	53.04	47.85
PTHR22838	993.61	955.67	867.47	52.86	47.7
PTHR11558	2543.0	2467.08	1826.57	77.94	70.32
PTHR13773	1791.9	1753.95	624.05	20.65	18.64
PTHR20275	1901.5	1863.54	448.95	13.98	12.61
PTHR10537	958.44	920.49	206.98	13.1	11.82
PTHR11953	1164.51	1126.55	565.06	29.18	26.33
PTHR11956	2714.0	2638.08	2399.79	103.81	93.66
PTHR11959	3789.17	3675.3	1722.9	94.03	84.84
PTHR11739	3067.49	2991.57	9551.91	308.43	278.27
PTHR11732	18952.17	18382.83	20498.51	913.25	823.95
PTHR11731	11908.07	11642.38	10249.89	303.76	274.06
PTHR11730	8501.63	8235.97	7657.34	218.06	196.73
PTHR11735	3766.32	3652.46	387.78	17.02	15.35
PTHR10394	1163.83	1125.87	18924.54	978.0	882.37
PTHR20941	1717.54	1641.63	328.26	21.83	19.69
PTHR10150	2824.1	2710.23	251.49	17.18	15.51
PTHR31065	1173.24	1135.29	886.04	45.4	40.96
PTHR10159	12966.42	12548.93	6726.2	303.55	273.85
PTHR10122	1059.82	1021.87	6470.04	368.63	332.59
PTHR23264	4712.54	4598.67	3380.22	120.8	108.98
PTHR23269	1569.6	1455.75	164.0	20.67	18.66
PTHR31204	720.0	682.04	213.82	18.31	16.52
PTHR31201	3956.41	3880.49	3363.42	108.9	98.25
PTHR31209	945.44	907.49	377.5	24.24	21.87
PTHR11607	12141.7	11686.27	4584.38	199.33	179.8
PTHR11606	2197.0	2159.04	3104.52	83.41	75.25
PTHR11601	5620.96	5469.17	2857.89	128.99	116.37
PTHR32467	1690.63	1614.72	187.0	14.05	12.68
PTHR23130	20140.69	19533.37	15464.2	779.77	703.55
PTHR23133	1369.0	1331.04	1390.51	60.72	54.79
PTHR23135	5494.23	5342.39	1902.37	84.6	76.32
PTHR23138	2227.84	2151.92	3959.32	225.64	203.58
PTHR23139	3320.15	3168.33	1852.96	144.06	129.97
PTHR31682	2570.0	2456.14	2342.0	94.35	85.13
PTHR11040	6180.57	5990.78	4758.77	143.62	129.57
PTHR11043	2124.17	2048.25	2744.79	144.54	130.41
PTHR11042	4913.87	4724.08	416.29	27.54	24.86
PTHR11048	6872.93	6683.13	7989.73	396.27	357.52
PTHR15818	1736.05	1660.14	153.17	10.63	9.58
PTHR12636	1342.38	1304.42	402.14	17.92	16.17
PTHR14490	819.94	744.05	53.0	8.18	7.38
PTHR14493	6477.71	6287.92	874.09	42.93	38.73
PTHR15651	4209.71	4133.8	843.91	26.89	24.26
PTHR12380	2311.1	2235.18	1162.99	60.62	54.69
PTHR12385	2618.8	2580.84	354.01	7.95	7.17
PTHR12706	5829.0	5525.35	216.83	14.72	13.29
PTHR12709	859.0	821.04	241.0	17.12	15.44
PTHR19957	13349.39	12969.83	3719.13	133.69	120.62
PTHR30239	2351.32	2275.4	2559.65	124.83	112.62
PTHR11203	9861.3	9633.54	2340.62	91.9	82.91
PTHR12770	2210.0	2134.08	212.53	9.75	8.8
PTHR12097	3585.0	3547.04	2118.07	34.59	31.21
PTHR11200	13467.88	13012.42	3825.74	137.32	123.87
PTHR21576	18804.93	18197.65	2350.25	113.68	102.55
PTHR24423	49206.75	47612.7	143930.41	3206.4	2892.84
PTHR10046	5738.8	5587.0	1658.97	50.24	45.32
PTHR12419	7397.22	7131.53	1110.86	73.08	65.94
PTHR11757	444.0	406.05	9.0	1.3	1.18
PTHR30525	1833.02	1795.06	3540.78	114.5	103.3
PTHR12413	3062.98	2987.06	421.0	16.23	14.64
PTHR12412	3003.45	2889.57	2222.0	122.6	110.62
PTHR12411	40796.1	39391.78	42101.91	1586.68	1431.53
PTHR12146	1060.0	1022.04	11746.46	669.14	603.71
PTHR12415	1275.42	1199.53	86.0	8.24	7.44
PTHR10947	1918.97	1881.01	3362.61	103.75	93.6
PTHR21717	4316.73	4202.86	616.82	28.41	25.64
PTHR10943	6534.28	6382.44	3999.41	159.04	143.5
PTHR12897	629.05	591.09	126.0	12.47	11.25
PTHR12894	3456.5	3342.64	899.02	54.48	49.15
PTHR22976	5434.89	5283.05	17880.11	587.36	529.92
PTHR22975	918.0	880.04	222.0	14.7	13.27
PTHR22970	1020.0	982.04	230.0	13.64	12.31
PTHR20922	2874.55	2798.63	3229.57	128.93	116.33
PTHR21377	2488.0	2412.08	2001.0	93.12	84.02
PTHR21371	1894.71	1856.75	9091.92	284.18	256.39
PTHR21373	3371.0	3295.09	291.0	8.06	7.27
PTHR22573	8698.44	8470.68	8333.71	243.7	219.88
PTHR22572	19546.66	18977.3	42572.45	1415.79	1277.37
PTHR13060	890.0	852.04	33.0	2.26	2.04
PTHR21000	2380.57	2342.61	3838.33	95.02	85.73
PTHR10701	750.0	712.04	481.09	39.45	35.6
PTHR13161	843.41	805.46	87.0	6.3	5.68
PTHR13162	5891.57	5663.86	4107.73	179.82	162.24
PTHR13165	2645.36	2569.45	406.99	18.33	16.53
PTHR21396	1200.0	1162.04	630.94	31.59	28.5
PTHR12459	3652.96	3539.09	897.9	26.4	23.82
PTHR10681	4505.29	4353.45	21090.87	1125.89	1015.78
PTHR24106	4153.54	4077.62	3316.91	99.5	89.77
PTHR24103	1951.87	1913.92	286.0	8.67	7.82
PTHR10683	2914.75	2838.83	12455.16	490.33	442.39
PTHR11540	1401.63	1325.73	1356.22	111.48	100.57
PTHR10836	7530.03	7150.52	100561.84	4289.12	3869.72
PTHR10835	1999.17	1961.23	200.0	5.92	5.34
PTHR11545	3430.91	3279.11	23501.04	1357.18	1224.47
PTHR10012	818.73	780.77	123.01	9.19	8.29
PTHR13768	1171.42	1133.47	1834.75	94.18	84.97
PTHR24078	17078.9	16623.43	3931.05	152.53	137.62
PTHR11946	22635.39	22066.04	21373.7	768.93	693.78
PTHR11947	2382.72	2306.82	488.84	19.73	17.81
PTHR11941	9579.59	9313.89	6529.81	287.94	259.79
PTHR24072	3001.86	2925.95	7537.75	319.83	288.55
PTHR10496	437.0	399.05	0.0	0.0	0.0
PTHR10491	1534.79	1496.83	530.94	20.61	18.59
PTHR24076	17972.31	17365.0	11572.07	533.68	481.5
PTHR24077	13434.45	12978.95	5830.36	312.12	281.59
PTHR11726	1404.82	1328.92	23960.85	1368.01	1234.24
PTHR11727	2259.25	2183.34	1200.0	58.51	52.79
PTHR11721	901.76	863.8	24197.27	1632.96	1473.29
PTHR11722	1179.0	1141.04	22704.59	1157.65	1044.46
PTHR10120	3833.72	3757.81	1094.14	35.25	31.81
PTHR11831	3151.84	2962.11	27856.28	1720.15	1551.95
PTHR11835	5145.9	5032.03	5004.62	172.73	155.84
PTHR11614	14006.22	13702.56	9327.33	325.16	293.37
PTHR11615	4804.96	4691.09	6274.83	154.47	139.36
PTHR11618	3454.13	3302.3	608.22	46.3	41.78
PTHR32419	6788.33	6636.49	27493.27	994.64	897.38
PTHR10231	5916.15	5764.32	7277.65	284.41	256.59
PTHR10233	4593.32	4441.48	3269.65	176.15	158.94
PTHR31503	2965.25	2889.34	2025.44	82.69	74.61
PTHR23147	1594.0	1518.08	2262.58	171.01	154.28
PTHR23140	2855.27	2779.39	794.98	32.76	29.56
PTHR23142	1776.12	1700.2	472.0	35.38	31.92
PTHR23149	636.28	598.33	613.56	59.98	54.12
PTHR23148	1412.74	1374.78	129.08	5.46	4.92
PTHR11361	22146.47	21387.34	3247.92	159.54	143.95
PTHR11056	3047.73	2971.81	1695.02	44.22	39.9
PTHR11055	3201.99	3126.07	3294.66	120.2	108.45
PTHR32523	2225.83	2149.91	1982.67	91.36	82.43
PTHR10540	3318.12	3204.24	3862.44	188.72	170.27
PTHR22767	6602.9	6526.98	4701.83	105.83	95.48
PTHR12629	2393.37	2317.46	855.14	28.25	25.48
PTHR18945	9904.78	9563.17	1582.13	72.79	65.67
PTHR26402	6184.32	5956.61	1846.37	94.52	85.29
PTHR19384	9344.5	8926.98	25824.94	1179.23	1063.9
PTHR12714	3734.94	3621.08	3403.22	169.21	152.66
PTHR32251	2890.94	2777.06	1210.99	70.76	63.84
PTHR12570	2161.19	2085.27	372.09	20.85	18.82
PTHR21494	2226.36	2150.47	226.52	12.37	11.16
PTHR21496	3942.76	3828.89	1185.78	53.55	48.3
PTHR21141	3956.19	3804.35	53615.33	3678.68	3318.96
PTHR21499	8288.77	8061.04	5869.79	124.06	111.93
PTHR21148	2057.56	1981.66	551.93	32.41	29.24
PTHR12083	1606.33	1568.37	107.92	4.0	3.61
PTHR13355	3412.66	3298.79	2466.68	124.38	112.21
PTHR13976	4212.25	4060.42	5105.21	296.63	267.62
PTHR19852	2679.0	2603.08	778.98	32.4	29.23
PTHR16128	3323.14	3247.23	379.94	14.58	13.15
PTHR12400	1140.52	1102.56	2246.88	118.58	106.99
PTHR12403	1680.28	1604.36	1392.25	110.22	99.44
PTHR13572	1702.3	1664.34	771.19	26.9	24.27
PTHR30314	3766.42	3690.5	3102.01	98.08	88.49
PTHR12882	905.36	867.41	127.46	8.57	7.73
PTHR12883	1585.42	1547.46	938.91	35.24	31.79
PTHR16255	741.85	703.9	416.0	34.51	31.14
PTHR16254	9304.66	9076.9	4375.56	131.07	118.26
PTHR22960	2226.95	2151.03	355.89	17.89	16.14
PTHR13373	635.0	597.04	49.0	4.8	4.33
PTHR13375	1373.0	1297.08	120.0	11.03	9.95
PTHR22967	4087.76	3973.88	753.36	27.87	25.13
PTHR19858	3350.03	3274.11	795.41	26.49	23.9
PTHR30222	888.53	850.58	191.0	13.09	11.81
PTHR13115	1873.08	1797.16	391.03	25.5	23.0
PTHR13117	2245.81	2207.86	491.0	12.9	11.64
PTHR12975	3466.0	3314.17	82.0	6.26	5.65
PTHR13285	716.0	678.04	21.0	1.81	1.63
PTHR13288	1173.62	1135.67	266.0	13.62	12.29
PTHR10953	19250.06	18642.77	10032.04	425.09	383.54
PTHR10954	2455.98	2380.07	558.27	28.6	25.81
PTHR21726	4211.73	4059.93	971.99	65.8	59.38
PTHR10956	1433.0	1319.16	12219.74	1031.77	930.89
PTHR11538	3375.57	3261.7	3482.92	232.27	209.56
PTHR10826	1050.28	974.37	520.7	48.92	44.14
PTHR21493	19342.19	18810.83	4026.85	135.54	122.27
PTHR11533	5689.18	5575.31	13048.73	384.29	346.71
PTHR11532	1603.07	1565.11	539.95	20.04	18.08
PTHR10000	4769.77	4617.94	1506.88	78.4	70.72
PTHR13021	729.87	691.91	147.0	12.41	11.2
PTHR12290	576.36	538.43	172.0	18.71	16.88
PTHR12295	7192.0	6964.25	1487.12	75.8	68.39
PTHR24007	4069.7	3879.93	398.0	32.74	29.53
PTHR24003	14533.34	14039.95	5152.85	220.12	198.59
PTHR31446	3335.2	3221.33	1299.47	79.61	71.82
PTHR31190	6721.96	6532.18	4113.5	130.44	117.69
PTHR11441	1368.5	1330.55	442.05	19.31	17.42
PTHR11440	5716.8	5527.03	1577.01	60.74	54.8
PTHR11999	9162.27	8858.61	12850.5	370.43	334.23
PTHR11449	1313.0	1237.09	14643.67	957.79	864.13
PTHR11994	2154.08	2040.24	26510.54	1568.22	1414.87
PTHR10133	7139.66	6987.85	1005.0	46.35	41.82
PTHR21649	11385.46	10892.06	581618.08	37962.34	34250.29
PTHR13620	4104.73	3952.91	573.71	23.36	21.09
PTHR11705	1155.53	1117.57	76.0	3.96	3.57
PTHR11847	1287.0	1249.04	12362.18	575.51	519.23
PTHR11843	1322.13	1246.22	37029.69	2518.45	2272.19
PTHR13138	597.0	559.04	50.0	5.24	4.72
PTHR11662	12365.29	12023.69	2244.97	77.87	70.27
PTHR11669	4988.2	4798.41	1070.0	67.22	60.65
PTHR11668	19167.08	18711.6	29102.56	992.17	895.16
PTHR20856	12412.71	12184.97	3613.84	87.26	78.73
PTHR20854	7764.8	7537.05	7140.8	291.82	263.28
PTHR20855	3932.75	3818.88	1014.41	39.3	35.45
PTHR20852	5710.08	5444.41	65394.98	4613.56	4162.42
PTHR32404	4812.36	4622.58	1489.28	78.83	71.12
PTHR20858	322.0	284.06	37.0	7.71	6.96
PTHR11918	4814.73	4662.89	823.02	34.15	30.8
PTHR10634	3103.64	3027.72	14028.85	544.98	491.7
PTHR11709	19081.71	18474.41	16237.41	496.87	448.3
PTHR14898	1815.0	1777.04	668.0	21.82	19.69
PTHR14237	4333.87	4182.03	726.84	38.78	35.0
PTHR23155	208563.44	201276.3	18874.19	938.54	846.81
PTHR23153	2974.6	2860.74	501.0	28.96	26.12
PTHR23151	12368.68	11913.2	16673.91	1133.18	1022.39
PTHR11063	2783.66	2707.74	2299.8	91.48	82.54
PTHR11062	72407.45	69978.3	11628.15	568.47	512.85
PTHR11061	4654.97	4351.39	623.01	61.92	55.88
PTHR11065	3782.68	3706.76	2103.24	60.69	54.75
PTHR11064	1805.63	1729.71	1782.0	113.92	102.79
PTHR11260	15737.07	15205.66	40433.46	2233.33	2014.96
PTHR11264	1573.22	1535.26	287.0	10.86	9.8
PTHR11266	5983.68	5755.94	5750.71	368.8	332.72
PTHR13501	1319.46	1281.5	717.2	32.54	29.35
PTHR31998	5296.3	5182.43	27663.83	593.12	535.12
PTHR31221	22796.14	21961.12	10427.16	489.74	441.88
PTHR15838	520.0	482.05	41.0	4.99	4.5
PTHR12850	1047.0	971.1	22172.88	2015.55	1818.47
PTHR32338	1635.0	1597.04	986.92	35.89	32.38
PTHR23270	5941.63	5675.91	749.07	45.7	41.24
PTHR31155	1632.38	1594.42	20394.24	742.84	670.2
PTHR12363	5299.0	5185.12	1527.44	47.77	43.1
PTHR20932	743.0	705.04	143.0	11.84	10.69
PTHR18952	3662.0	3548.14	385.27	40.64	36.67
PTHR10552	1029.18	991.23	534.0	31.37	28.3
PTHR12765	688.53	650.58	503.04	45.19	40.77
PTHR22603	1472.47	1434.51	790.0	32.0	28.87
PTHR12506	2025.0	1911.14	569.0	45.87	41.38
PTHR22604	7137.47	6909.72	1723.27	86.7	78.22
PTHR21481	3942.03	3866.11	703.87	23.06	20.81
PTHR22778	690.08	652.12	39.0	3.5	3.15
PTHR19446	472.0	434.05	0.0	0.0	0.0
PTHR12219	752.66	714.7	2888.38	235.98	212.91
PTHR13561	613.85	575.9	29.0	2.95	2.66
PTHR13563	1955.13	1917.17	516.88	15.65	14.12
PTHR12210	10070.52	9842.77	5217.12	172.0	155.19
PTHR12215	1829.79	1753.87	289.99	17.2	15.52
PTHR12214	1910.98	1835.07	209.14	12.36	11.15
PTHR12189	2060.28	1984.36	477.97	24.91	22.47
PTHR22911	6511.0	6359.16	2386.61	61.98	55.92
PTHR22912	13559.75	13294.04	22381.27	729.65	658.3
PTHR12183	8938.93	8597.34	2261.94	120.85	109.02
PTHR19849	2486.0	2372.13	701.02	49.4	44.57
PTHR22594	11001.57	10735.86	10514.82	376.28	339.48
PTHR11864	2683.41	2531.65	388.83	23.95	21.61
PTHR21152	5607.84	5493.96	3243.87	100.3	90.48
PTHR30075	2062.85	1986.96	1214.38	53.36	48.14
PTHR11632	3807.31	3693.43	3231.1	137.87	124.4
PTHR13102	2179.5	2103.58	326.44	16.65	15.02
PTHR12984	3923.62	3847.71	1367.94	50.02	45.12
PTHR11630	13001.52	12508.12	3476.72	175.13	157.99
PTHR12302	836.4	798.45	569.57	41.61	37.54
PTHR13299	805.95	767.99	267.0	20.29	18.3
PTHR12652	4585.0	4471.12	6294.01	249.11	224.76
PTHR10925	3145.49	2993.68	638.01	44.07	39.77
PTHR21737	3852.92	3739.08	709.7	25.44	22.94
PTHR10920	7717.36	7451.67	980.62	54.28	48.98
PTHR10584	12270.15	11966.52	7334.09	275.6	248.66
PTHR11528	8117.0	7965.16	26193.45	672.57	606.79
PTHR11527	8271.24	7891.68	11094.11	612.56	552.66
PTHR10859	7066.72	6801.05	2084.63	125.85	113.55
PTHR10589	2086.18	2010.27	1266.95	72.96	65.82
PTHR10588	1761.35	1685.46	556.34	50.45	45.52
PTHR13038	1110.0	1034.09	34.0	3.92	3.53
PTHR13748	6800.89	6611.12	5663.13	207.67	187.38
PTHR13743	14097.86	13604.41	3572.06	157.3	141.91
PTHR24015	92094.64	89247.93	22583.5	967.73	873.1
PTHR24012	21229.87	20394.83	42768.78	2157.06	1946.08
PTHR24011	29604.55	28541.77	19330.69	843.61	761.09
PTHR31187	2142.0	2104.04	7465.13	205.83	185.7
PTHR19139	1554.0	1516.04	231.92	8.89	8.02
PTHR21145	1602.6	1564.64	627.85	23.31	21.03
PTHR10458	817.39	779.43	395.83	29.63	26.73
PTHR10108	33413.99	32427.06	21630.06	940.22	848.28
PTHR11986	11295.25	11067.51	23988.29	717.11	646.99
PTHR11455	7049.79	6784.09	2939.96	144.9	130.75
PTHR10102	2404.0	2366.04	857.97	21.03	18.97
PTHR11458	681.0	643.04	1773.53	161.22	145.45
PTHR10106	1074.0	998.09	1090.63	128.1	115.58
PTHR30544	5034.51	4882.68	1048.94	54.28	48.97
PTHR31057	2465.54	2313.72	310.0	33.67	30.38
PTHR20982	1246.08	1208.13	4163.18	200.4	180.81
PTHR11851	24011.79	23480.39	28186.6	1131.84	1021.15
PTHR23092	7406.94	7141.26	1786.7	105.57	95.24
PTHR23091	11724.62	11269.15	6380.92	374.82	338.17
PTHR11673	1612.84	1536.93	16047.23	1019.73	920.02
PTHR11670	8825.29	8635.5	21301.58	626.22	564.99
PTHR11671	1199.0	1161.04	1443.03	72.3	65.23
PTHR20863	2556.47	2442.6	32189.05	2340.9	2112.01
PTHR20861	3753.18	3639.31	2656.59	106.23	95.84
PTHR11679	13534.52	13230.87	4017.54	87.58	79.01
PTHR14009	5587.24	5473.37	2314.88	64.49	58.18
PTHR10217	22122.65	21705.11	4982.93	141.62	127.79
PTHR14005	2458.85	2382.95	3067.43	114.91	103.68
PTHR10210	4397.89	4246.08	4581.93	255.47	230.49
PTHR31522	1537.84	1499.89	381.01	14.76	13.31
PTHR14221	1099.19	1023.29	45.97	4.59	4.13
PTHR11079	7150.75	6960.95	5041.13	203.58	183.67
PTHR11076	5068.64	4916.85	545.95	20.47	18.48
PTHR11070	4530.58	4378.77	436.0	24.33	21.95
PTHR11071	20641.26	19920.08	62001.03	3527.78	3182.85
PTHR11278	964.0	926.04	16563.15	1042.08	940.18
PTHR11276	1334.22	1258.31	74.0	7.12	6.43
PTHR11274	2575.0	2499.1	1082.13	29.03	26.18
PTHR14136	3269.39	3155.51	4053.04	225.38	203.35
PTHR31984	6120.8	5968.97	2555.36	90.64	81.78
PTHR15350	2859.01	2783.09	4189.14	181.68	163.92
PTHR31695	2850.08	2812.13	560.25	11.55	10.42
PTHR15606	2488.52	2412.6	1292.05	63.49	57.28
PTHR12374	1527.76	1451.84	176.0	15.49	13.98
PTHR12375	1271.97	1234.01	145.94	6.88	6.2
PTHR12378	2362.53	2286.63	1798.93	90.31	81.47
PTHR18929	12714.7	12335.12	44287.76	2249.9	2029.91
PTHR12777	619.0	581.04	5056.2	509.23	459.44
PTHR12775	2055.01	1979.1	1196.0	53.41	48.19
PTHR16092	2886.0	2848.04	2639.01	53.71	48.45
PTHR12406	1702.66	1664.7	344.0	12.0	10.83
PTHR11035	1072.0	1034.04	163.0	9.18	8.28
PTHR22298	14784.49	14329.04	4474.51	188.82	170.36
PTHR12174	4923.71	4771.87	926.7	47.68	43.02
PTHR12175	2293.06	2217.14	2738.45	151.85	137.0
PTHR12176	9349.84	9084.13	2704.13	135.54	122.3
PTHR22769	2769.12	2655.24	1591.9	103.44	93.32
PTHR10293	5363.04	5211.2	12114.14	539.76	486.98
PTHR22765	3810.38	3734.46	4109.31	128.0	115.49
PTHR22762	5829.69	5753.78	2929.2	55.99	50.52
PTHR22763	3140.87	3027.03	353.61	15.69	14.16
PTHR22761	2516.79	2440.88	3584.69	177.58	160.22
PTHR21231	3156.83	3042.96	1162.06	70.73	63.82
PTHR21230	4170.97	4019.14	1113.0	72.08	65.03
PTHR21234	1024.0	986.04	786.43	46.45	41.91
PTHR21237	2826.34	2750.42	2400.0	105.02	94.76
PTHR12202	1627.51	1513.64	140.83	16.02	14.45
PTHR12203	4187.94	4036.1	459.02	22.7	20.48
PTHR19857	501.0	463.05	76.0	9.63	8.69
PTHR22904	24988.76	24115.81	10957.54	590.77	532.99
PTHR19855	1772.88	1734.92	343.0	11.48	10.36
PTHR13353	584.85	546.9	116.0	12.42	11.21
PTHR19853	1602.77	1526.85	231.7	17.08	15.41
PTHR15362	2517.62	2441.71	1075.01	55.61	50.16
PTHR12197	10734.89	10203.51	2074.72	137.68	124.22
PTHR13822	759.65	721.7	6091.0	492.71	444.54
PTHR21319	5091.72	4977.84	330.0	11.65	10.5
PTHR10732	889.0	851.04	11293.87	773.69	698.04
PTHR10738	1215.17	1177.23	441.6	21.82	19.68
PTHR10739	1644.36	1568.44	401.0	30.21	27.26
PTHR12992	1122.77	1084.81	181.0	9.71	8.76
PTHR22836	2194.0	2118.08	210.0	11.54	10.41
PTHR22880	7297.16	7145.32	3414.57	74.87	67.56
PTHR10938	2383.83	2307.91	1288.75	66.02	59.55
PTHR10934	1262.0	1186.1	28654.19	1949.13	1758.54
PTHR11510	1583.45	1545.5	1014.0	38.1	34.38
PTHR11516	6452.18	6262.38	9603.87	353.53	318.96
PTHR10025	3413.09	3261.27	2981.01	212.05	191.33
PTHR10026	9902.26	9712.49	3424.86	75.93	68.5
PTHR10027	3611.73	3459.9	783.33	43.06	38.85
PTHR13009	2790.0	2676.12	2441.96	156.89	141.55
PTHR13007	937.0	899.04	248.0	16.08	14.5
PTHR30115	1970.1	1894.18	1414.07	63.03	56.87
PTHR10598	923.0	885.04	29.0	1.91	1.72
PTHR17901	766.0	728.04	27.0	2.17	1.95
PTHR24351	656.0	618.04	70.0	6.62	5.98
PTHR20981	1261.12	1185.22	13318.45	1099.87	992.32
PTHR24352	550.0	512.04	78.0	8.93	8.06
PTHR11467	2222.04	2146.13	10634.94	576.27	519.92
PTHR10119	7027.45	6837.67	8914.42	304.6	274.81
PTHR10114	772.3	734.34	12040.6	957.16	863.57
PTHR10110	8779.15	8589.37	2559.73	83.39	75.22
PTHR11469	4134.81	4058.9	10198.28	279.37	252.05
PTHR10445	779.0	741.04	348.0	27.41	24.73
PTHR11863	5920.66	5730.88	2657.99	114.78	103.56
PTHR24286	4091.0	3977.12	959.91	30.6	27.61
PTHR23429	3800.6	3724.69	5256.4	160.19	144.53
PTHR23426	2161.58	2085.68	846.0	52.97	47.78
PTHR10593	4696.21	4544.39	1015.37	49.8	44.93
