GeneFamily	length	effective_length	expected_count	TPM	FPKM
PTHR11649	11314.47	10823.05	1224.0	91.35	67.91
PTHR31089	2013.0	1968.32	224.0	8.1	6.02
PTHR31085	2897.54	2852.86	1942.0	48.39	35.98
PTHR11647	7085.89	6862.56	846.0	29.31	21.8
PTHR11645	3495.0	3405.64	1276.0	50.27	37.39
PTHR11880	930.0	885.32	22568.15	1821.27	1354.23
PTHR11885	734.0	689.32	28277.65	2936.86	2183.74
PTHR10209	7430.79	7162.71	2444.0	151.88	112.94
PTHR32429	7065.62	6797.55	6721.31	272.86	202.89
PTHR31423	1109.0	1064.32	226.0	15.15	11.27
PTHR31551	1789.0	1744.32	517.0	21.1	15.69
PTHR32195	2424.0	2379.32	405.0	12.1	9.0
PTHR11081	4372.63	4193.9	356.0	28.19	20.95
PTHR11080	5607.87	5384.47	3578.22	133.02	98.91
PTHR11082	4799.0	4620.28	758.0	37.88	28.17
PTHR11085	7502.63	7234.56	3088.82	85.58	63.63
PTHR11089	7880.94	7612.86	3182.0	133.69	99.41
PTHR12271	2260.0	2215.32	93.0	2.99	2.22
PTHR32518	6958.99	6824.95	4920.02	188.92	140.48
PTHR11247	756.0	711.32	62.0	6.24	4.64
PTHR11246	9844.0	9665.28	3482.01	102.42	76.16
PTHR32512	4223.0	4133.64	471.0	16.26	12.08
PTHR23088	4722.0	4543.28	1693.0	97.2	72.26
PTHR23089	2512.0	2422.64	1070.0	57.45	42.72
PTHR23081	2559.87	2515.19	575.87	16.28	12.1
PTHR23083	38930.2	37813.26	17720.23	555.96	413.39
PTHR23084	4811.0	4542.94	359.0	22.84	16.98
PTHR23086	7083.89	6860.49	769.99	36.85	27.41
PTHR18806	1529.0	1484.32	134.0	6.43	4.78
PTHR15184	9942.0	9673.99	21653.15	673.21	500.56
PTHR15341	1267.0	1222.32	292.0	17.03	12.67
PTHR12696	4253.2	4208.51	1823.0	30.77	22.88
PTHR12341	6450.0	6137.25	1162.0	79.84	59.36
PTHR15160	5287.13	5108.41	1231.46	87.08	64.74
PTHR18937	21047.48	20690.04	1692.0	49.85	37.04
PTHR18934	22481.26	21498.36	2594.99	178.01	132.37
PTHR12742	2439.33	2349.97	1184.97	63.1	46.92
PTHR12741	954.0	909.32	109.0	8.56	6.37
PTHR16557	1238.0	1193.32	52.0	3.11	2.31
PTHR19288	4061.9	3883.18	602.04	31.19	23.19
PTHR12975	3678.0	3588.64	294.0	11.07	8.23
PTHR13902	3023.0	2933.66	1735.28	119.8	89.08
PTHR13903	3147.0	3013.04	315.0	16.23	12.07
PTHR22753	2477.0	2387.64	114.0	6.96	5.18
PTHR30615	2009.0	1919.64	687.0	51.63	38.39
PTHR22939	18209.45	17628.67	5702.1	224.81	167.17
PTHR16266	3305.0	3126.28	199.0	18.47	13.74
PTHR30612	1350.0	1305.32	82.0	4.48	3.33
PTHR22932	1363.0	1318.32	637.0	34.44	25.61
PTHR22931	18494.52	18271.12	403230.21	8127.96	6043.65
PTHR31038	1767.0	1722.32	2450.15	101.28	75.3
PTHR32357	1612.0	1522.64	365.0	33.2	24.68
PTHR13832	43408.32	42246.62	51953.44	1996.05	1484.18
PTHR21139	2031.0	1941.64	17611.98	1190.66	885.33
PTHR21136	4389.0	4254.96	5202.01	247.5	184.04
PTHR12526	48642.37	47257.35	47276.27	1753.01	1303.47
PTHR13120	2049.0	2004.32	275.0	9.76	7.26
PTHR22809	2281.0	2146.96	211.0	23.71	17.64
PTHR22807	7252.99	6940.22	1220.0	82.14	61.07
PTHR20661	1490.5	1445.82	83.96	4.14	3.08
PTHR10900	19176.66	18551.2	56545.95	4058.49	3017.75
PTHR10906	6687.07	6508.36	3373.0	112.8	83.87
PTHR10909	16036.13	15589.35	14710.01	531.63	395.31
PTHR10055	2378.0	2288.64	395.0	18.77	13.96
PTHR10057	3197.0	3107.64	1301.0	40.52	30.13
PTHR10052	1948.0	1858.64	28166.95	2716.47	2019.86
PTHR13018	6901.0	6811.64	4969.18	109.95	81.74
PTHR10694	12889.98	12487.88	5972.2	220.28	163.79
PTHR12839	3122.7	3033.33	620.0	26.24	19.51
PTHR12835	432.0	387.33	4.0	0.74	0.55
PTHR24031	73501.26	71222.79	131589.27	4717.93	3508.07
PTHR24032	1147.25	1102.57	340.0	22.0	16.36
PTHR24349	19543.45	18962.6	23827.63	841.42	625.65
PTHR24619	11468.36	11200.28	3939.45	168.58	125.35
PTHR24343	57460.65	55539.52	66834.37	2901.29	2157.31
PTHR11472	6853.05	6584.99	451.58	13.1	9.74
PTHR24347	9541.0	9228.25	3360.99	135.45	100.72
PTHR11476	4707.06	4662.37	575.0	8.76	6.51
PTHR10438	23345.87	22586.4	24832.48	1188.75	883.89
PTHR10476	5109.0	4930.28	3740.01	228.91	170.21
PTHR11538	4367.96	4233.92	1938.01	88.84	66.06
PTHR24290	7668.8	7534.75	4677.06	107.13	79.65
PTHR12730	2393.0	2303.64	789.13	47.09	35.01
PTHR23413	555.0	510.32	28103.1	3954.82	2940.65
PTHR23417	2005.66	1916.3	331.0	22.51	16.75
PTHR23416	5823.0	5554.92	1862.59	111.72	83.08
PTHR23415	1409.05	1364.37	483.94	25.27	18.79
PTHR12736	2454.43	2409.75	3893.0	114.88	85.42
PTHR10871	3750.0	3615.96	28134.87	2818.28	2095.57
PTHR23418	1042.0	997.32	866.0	61.99	46.09
PTHR10877	4794.0	4436.65	117.11	8.89	6.63
PTHR11879	1848.0	1803.32	1107.84	43.73	32.51
PTHR10430	5287.1	5108.39	2405.79	129.92	96.6
PTHR11659	1852.0	1807.32	258.0	10.16	7.56
PTHR31096	5978.0	5843.96	12894.44	592.03	440.21
PTHR11655	1809.0	1719.64	52388.71	4630.75	3443.25
PTHR11652	1166.0	1076.64	26696.63	3085.46	2294.23
PTHR10436	8592.61	8235.17	428.0	29.43	21.88
PTHR20883	666.0	621.32	16.0	1.85	1.37
PTHR11895	7388.47	7120.39	508.95	23.22	17.27
PTHR10277	2317.26	2183.26	6969.42	333.68	248.11
PTHR14027	3526.0	3436.64	1101.0	45.58	33.89
PTHR13691	2797.8	2663.82	32875.86	2163.34	1608.57
PTHR23180	4800.04	4576.64	1015.0	71.11	52.87
PTHR14593	4172.0	4082.64	967.02	34.28	25.49
PTHR11093	3714.14	3580.1	447.98	24.35	18.11
PTHR11096	2931.82	2842.45	801.0	40.36	30.01
PTHR23346	13506.15	13238.07	1965.0	59.45	44.21
PTHR11099	3935.0	3800.96	714.19	42.15	31.35
PTHR10309	2089.0	2044.32	5843.11	203.35	151.21
PTHR11252	2549.0	2504.32	999.0	28.36	21.09
PTHR11254	15776.48	15329.67	8489.16	230.6	171.47
PTHR11255	2388.89	2344.21	919.0	27.88	20.73
PTHR14110	5916.0	5737.28	3706.03	179.67	133.59
PTHR16201	1790.0	1745.32	212.0	8.65	6.43
PTHR14374	1402.0	1357.32	270.0	14.18	10.54
PTHR18838	2123.06	2078.38	475.0	16.26	12.09
PTHR12687	1895.0	1850.32	93.0	3.58	2.66
PTHR15157	4896.0	4717.28	414.0	24.64	18.32
PTHR18901	8907.44	8684.03	2678.76	104.29	77.55
PTHR12755	3848.0	3713.96	472.0	29.55	21.98
PTHR12750	4241.0	4151.64	3999.24	153.48	114.12
PTHR12753	1043.0	998.32	152.0	10.87	8.08
PTHR15081	1137.0	1092.32	100.0	6.53	4.86
PTHR15574	7106.74	6793.98	1352.0	113.76	84.6
PTHR12506	3583.0	3493.64	1959.0	52.95	39.37
PTHR23109	662.0	617.32	29.0	3.37	2.5
PTHR31811	2279.05	2145.01	224.0	23.99	17.83
PTHR12358	7264.57	7085.84	871.5	33.34	24.79
PTHR22748	4381.16	4157.8	229.0	16.6	12.34
PTHR12356	2260.0	2170.64	219.84	15.0	11.15
PTHR12221	2845.0	2755.64	962.0	52.87	39.32
PTHR30603	1059.0	969.65	79.0	10.49	7.8
PTHR12226	2234.0	2144.64	522.07	44.74	33.27
PTHR19876	7855.0	7676.28	5360.37	184.31	137.04
PTHR19877	3153.0	3063.64	5934.0	278.83	207.34
PTHR31953	3116.0	2981.97	397.0	21.66	16.11
PTHR31442	2662.0	2572.64	4041.12	194.66	144.74
PTHR13803	8596.12	8462.08	2337.94	61.16	45.49
PTHR19980	3668.0	3578.64	860.0	32.52	24.19
PTHR12537	5160.37	5071.0	6103.46	193.78	144.09
PTHR12532	541.0	496.32	12.0	1.74	1.29
PTHR13486	1375.0	1330.32	275.2	14.74	10.96
PTHR20275	7256.0	7077.28	2839.0	106.56	79.23
PTHR13489	2696.37	2607.01	31.0	1.7	1.26
PTHR17583	5048.0	5003.32	724.0	10.28	7.64
PTHR19316	2665.0	2530.96	307.0	22.6	16.8
PTHR24198	23945.05	23006.9	5630.33	323.86	240.81
PTHR10048	9213.35	8989.95	2232.91	96.24	71.56
PTHR21704	4114.21	4069.52	736.9	12.86	9.56
PTHR24193	11283.91	10837.15	3252.0	165.93	123.38
PTHR10044	4550.19	4460.82	1983.0	53.36	39.67
PTHR11014	6872.55	6693.82	3376.0	121.8	90.57
PTHR10687	1366.0	1321.32	793.0	42.78	31.81
PTHR10681	10371.86	9925.07	11577.16	632.99	470.69
PTHR10682	1773.0	1728.32	1604.8	66.1	49.15
PTHR10683	4509.0	4374.96	6399.84	274.44	204.06
PTHR12829	2593.13	2503.77	508.0	26.83	19.95
PTHR12820	2597.0	2552.32	1038.0	28.92	21.5
PTHR12826	1586.0	1541.32	2353.0	108.73	80.85
PTHR12827	5180.87	5136.36	1456.0	20.13	14.97
PTHR17920	303.0	258.4	2.0	0.56	0.42
PTHR13017	1131.0	1086.32	112.0	7.36	5.47
PTHR10137	1109.0	1064.32	833.0	55.85	41.53
PTHR11405	6114.0	5979.96	7490.31	261.96	194.79
PTHR11404	2081.19	1947.16	4250.93	345.06	256.58
PTHR11406	2361.67	2227.64	9530.8	620.64	461.49
PTHR14744	1136.0	1091.32	111.63	7.3	5.43
PTHR13468	1190.0	1145.32	196.0	12.21	9.08
PTHR23406	11387.76	11209.04	8085.98	196.79	146.32
PTHR23407	1371.0	1326.32	128.0	6.88	5.11
PTHR10869	15118.71	14582.55	6781.0	324.97	241.62
PTHR31717	2862.0	2817.32	2450.06	61.82	45.96
PTHR22942	10930.0	10527.94	2621.0	104.73	77.88
PTHR15169	2515.57	2470.89	148.0	4.26	3.17
PTHR11315	5884.08	5794.71	11450.0	221.71	164.85
PTHR10139	676.43	631.77	626.0	70.97	52.77
PTHR10264	4576.12	4442.08	16543.57	919.49	683.7
PTHR10263	2086.0	1996.64	5031.02	350.96	260.96
PTHR31155	4308.02	4218.66	5090.02	112.76	83.85
PTHR32170	5739.69	5605.65	1770.0	72.53	53.92
PTHR23350	2765.1	2631.06	1308.0	92.96	69.11
PTHR23354	902.0	857.32	65.0	5.42	4.03
PTHR23355	13695.97	13427.89	2041.0	52.95	39.38
PTHR23359	4237.65	4103.6	2057.6	103.69	77.1
PTHR11227	2777.0	2642.96	321.0	27.0	20.07
PTHR11220	4471.05	4292.33	1981.19	118.12	87.84
PTHR11223	6626.64	6537.28	2539.0	53.5	39.78
PTHR11229	2489.0	2399.64	3691.27	237.73	176.76
PTHR10314	19774.01	19193.17	32880.46	1299.78	966.45
PTHR14303	1379.0	1334.32	223.0	11.91	8.86
PTHR11139	34386.03	33715.83	5204.56	150.25	111.72
PTHR15362	1496.0	1451.32	30.0	1.47	1.09
PTHR11132	33183.17	32244.9	42541.08	1754.44	1304.55
PTHR11134	3150.0	3060.64	1843.01	88.1	65.5
PTHR11136	3997.0	3818.28	231.0	18.39	13.68
PTHR32374	2071.0	2026.32	585.23	20.55	15.28
PTHR31579	13730.0	13417.24	13432.3	477.58	355.11
PTHR32379	1273.0	1228.32	69.0	4.01	2.98
PTHR18919	2469.0	2379.64	5527.09	242.45	180.28
PTHR32002	13354.17	12952.04	6886.39	349.27	259.71
PTHR14413	973.0	928.32	1569.04	120.72	89.76
PTHR22891	3616.0	3571.32	1611.88	32.07	23.84
PTHR14089	2363.0	2273.64	949.0	60.26	44.8
PTHR21368	2033.0	1943.64	2348.98	170.46	126.75
PTHR24067	16865.35	16106.06	9586.98	662.27	492.42
PTHR12786	2851.0	2716.96	840.0	65.55	48.74
PTHR11706	4625.0	4491.01	2055.89	62.28	46.3
PTHR12782	4153.78	4064.41	3014.0	88.02	65.44
PTHR11742	11039.53	10726.77	4298.56	153.7	114.28
PTHR21213	457.0	412.32	210.0	36.68	27.27
PTHR10182	1651.0	1606.32	4102.41	181.87	135.23
PTHR13923	2652.0	2562.64	883.13	45.92	34.14
PTHR11210	1290.0	1200.64	1201.01	141.87	105.48
PTHR13780	3752.98	3663.62	7789.0	297.17	220.96
PTHR12321	2365.0	2275.64	2141.97	124.57	92.62
PTHR12320	5759.1	5625.06	3114.97	129.0	95.93
PTHR12323	1801.0	1666.97	274.0	32.54	24.19
PTHR14155	3547.5	3458.14	2134.0	86.72	64.48
PTHR21015	1428.0	1338.67	184.0	16.63	12.36
PTHR16196	2092.77	2003.45	444.59	20.81	15.47
PTHR16193	1962.0	1872.64	365.0	25.7	19.11
PTHR22792	2075.0	1985.64	894.75	68.08	50.62
PTHR22790	5604.9	5426.17	704.0	33.22	24.7
PTHR21680	995.0	950.32	85.0	6.39	4.75
PTHR21689	3249.0	3114.96	503.0	31.38	23.34
PTHR21113	3988.53	3854.5	2308.88	67.34	50.07
PTHR10677	2187.23	2142.54	993.0	32.97	24.51
PTHR21663	4910.0	4820.64	462.0	13.64	10.14
PTHR13253	18103.15	17566.99	13093.08	588.38	437.49
PTHR12446	3189.6	3010.88	393.0	35.89	26.69
PTHR22603	4161.67	3982.95	1508.93	108.53	80.69
PTHR21206	1614.0	1524.65	954.0	57.79	42.98
PTHR13789	14321.13	13874.32	10806.27	359.07	266.99
PTHR10071	17203.02	16845.58	15370.16	327.83	243.75
PTHR24188	19098.9	18562.81	15384.22	324.78	241.5
PTHR10670	7048.0	6958.64	129.0	2.7	2.01
PTHR13078	2403.76	2359.08	16805.79	506.62	376.7
PTHR12815	9913.0	9689.6	2196.99	87.56	65.11
PTHR12814	888.0	843.32	286.01	24.24	18.02
PTHR24361	8442.65	8219.25	5238.03	161.5	120.09
PTHR24362	18611.82	18120.42	10600.41	372.78	277.18
PTHR10416	1806.0	1761.32	54.0	2.18	1.62
PTHR10410	3521.0	3386.96	2491.0	155.11	115.33
PTHR10783	13524.84	13122.71	12950.12	627.74	466.76
PTHR10782	2037.4	1992.72	600.0	21.42	15.93
PTHR13476	1626.0	1536.64	699.0	61.53	45.75
PTHR10788	8561.43	8427.39	4659.76	111.23	82.71
PTHR10891	8511.44	8243.36	4016.51	309.1	229.84
PTHR10890	4278.89	4144.84	1369.0	37.8	28.11
PTHR20426	2878.82	2834.13	2289.0	57.41	42.69
PTHR23213	6173.0	5904.95	288.0	12.3	9.15
PTHR10072	4123.0	3944.32	1481.0	86.59	64.39
PTHR10520	4979.85	4845.81	14676.3	691.95	514.51
PTHR10250	2830.88	2741.51	584.02	23.89	17.76
PTHR10527	11283.4	11149.36	4572.23	103.97	77.3
PTHR31384	1913.0	1868.32	376.0	14.32	10.65
PTHR31385	3149.34	3015.29	395.99	26.63	19.81
PTHR10091	1585.25	1540.57	217.0	10.03	7.46
PTHR31142	1822.0	1777.32	3557.69	142.49	105.95
PTHR31140	2220.0	2175.32	223.0	7.29	5.42
PTHR31412	1689.0	1599.64	62.0	5.55	4.12
PTHR11787	4918.54	4739.82	12778.97	445.26	331.09
PTHR11785	12876.56	12563.8	6767.78	199.63	148.45
PTHR11782	5012.59	4878.55	3870.0	156.82	116.61
PTHR11780	1081.0	991.67	0.0	0.0	0.0
PTHR32497	3118.0	3028.64	463.0	23.96	17.81
PTHR32148	12315.0	11912.89	11151.61	819.17	609.09
PTHR23324	7635.0	7500.96	2320.0	66.04	49.09
PTHR23327	4928.53	4749.8	599.0	35.12	26.11
PTHR23326	5157.33	5067.96	3262.07	105.11	78.15
PTHR23321	3154.0	3019.96	3003.35	307.56	228.69
PTHR23323	2438.0	2348.64	438.0	21.76	16.18
PTHR23322	6403.97	6091.24	2115.0	137.0	101.86
PTHR23329	5834.4	5655.69	867.83	42.76	31.79
PTHR11236	6276.0	6007.96	1336.0	52.56	39.09
PTHR11364	1375.03	1330.35	201.01	10.77	8.01
PTHR10322	17987.29	17629.84	3999.01	78.72	58.54
PTHR11239	2504.0	2414.64	612.21	61.21	45.51
PTHR10555	2983.16	2893.79	2930.6	153.91	114.44
PTHR31964	19519.56	18938.71	16555.72	807.13	600.15
PTHR23030	3472.08	3382.72	1901.0	62.52	46.49
PTHR11129	2054.0	1964.64	508.0	30.82	22.91
PTHR11122	9247.0	8978.92	8293.13	339.23	252.25
PTHR15316	2516.0	2426.64	533.0	30.25	22.5
PTHR11127	520.0	475.32	18889.92	2856.5	2123.98
PTHR11125	3900.0	3855.32	1178.0	21.71	16.14
PTHR31566	609.0	564.32	0.0	0.0	0.0
PTHR31567	1768.0	1723.32	1184.0	48.91	36.37
PTHR31561	2994.0	2815.28	725.0	73.82	54.89
PTHR15137	2847.0	2757.65	261.0	13.04	9.69
PTHR14950	2991.0	2856.96	444.0	35.32	26.26
PTHR15954	2884.0	2839.32	132.0	3.3	2.46
PTHR15952	4173.0	4128.32	2436.01	41.91	31.16
PTHR21597	5310.0	5086.61	545.0	37.05	27.54
PTHR19271	1886.0	1751.99	53.0	5.14	3.83
PTHR21228	18534.74	17953.91	12259.86	476.04	353.98
PTHR13343	2749.11	2659.75	633.0	32.67	24.28
PTHR12233	1638.75	1594.07	518.0	23.14	17.21
PTHR12029	9421.17	9063.73	869.0	53.28	39.63
PTHR21220	1162.0	1117.32	41.0	2.62	1.95
PTHR22936	2396.0	2306.64	472.0	27.15	20.19
PTHR22780	9304.0	9169.96	2666.52	57.97	43.1
PTHR19308	3126.0	3081.32	1068.0	24.63	18.32
PTHR19306	13601.0	13422.28	2162.99	25.74	19.14
PTHR16301	989.0	899.64	25.0	4.0	2.97
PTHR13265	1438.0	1393.32	173.0	8.85	6.58
PTHR22870	26820.4	26105.53	6992.01	314.6	233.92
PTHR17630	2612.0	2477.96	62.0	3.76	2.8
PTHR10064	519.0	474.32	21612.82	3275.22	2435.33
PTHR10066	7066.0	6842.6	347.0	17.27	12.85
PTHR10060	985.0	940.32	38.0	2.89	2.15
PTHR10663	19845.79	19398.99	3584.27	100.31	74.59
PTHR10666	5008.16	4829.46	77032.93	8873.29	6597.83
PTHR10668	15985.91	15405.15	4426.91	165.93	123.4
PTHR12801	5260.15	5126.11	449.0	21.01	15.62
PTHR12802	8099.0	7830.92	1067.0	54.59	40.59
PTHR12805	1583.0	1493.64	233.99	22.51	16.74
PTHR12806	1224.0	1179.32	858.0	51.89	38.58
PTHR21091	13875.04	13472.93	8869.0	362.15	269.3
PTHR21090	3958.0	3868.64	3568.0	138.09	102.68
PTHR12281	3985.52	3896.16	1609.01	59.43	44.19
PTHR24315	2426.84	2382.16	1013.0	30.24	22.49
PTHR24314	5231.0	5052.28	666.0	37.79	28.09
PTHR11933	4141.0	3917.65	398.0	36.55	27.19
PTHR24316	8107.61	7884.23	1747.2	59.76	44.43
PTHR11426	1269.0	1179.72	323.0	25.22	18.75
PTHR11937	11182.64	10825.2	13959.9	605.45	450.19
PTHR11938	23582.81	23002.16	30191.53	399.32	296.94
PTHR21021	4790.93	4656.89	12667.57	306.68	228.04
PTHR13683	9696.71	9473.3	7811.0	235.14	174.83
PTHR24089	65535.69	63659.14	60629.73	2492.66	1853.44
PTHR10796	2858.65	2813.97	1620.0	40.92	30.43
PTHR10794	1606.0	1561.32	238.0	10.86	8.07
PTHR10795	31434.74	30809.22	23035.98	440.18	327.27
PTHR10792	690.0	645.32	28766.43	3193.29	2374.41
PTHR10799	86219.13	83761.9	10849.22	408.43	303.68
PTHR10882	731.0	686.32	23.0	2.4	1.78
PTHR10887	34629.42	33646.48	6389.04	247.18	183.79
PTHR11686	1952.75	1863.45	230.0	10.26	7.63
PTHR11685	10712.36	10310.28	3072.0	136.99	101.86
PTHR24221	22745.45	22119.99	6725.89	234.94	174.7
PTHR24220	12049.25	11557.82	3096.0	160.81	119.57
PTHR24223	21010.91	20519.43	2729.05	84.69	62.98
PTHR11689	10734.88	10511.47	1663.99	52.13	38.75
PTHR10252	1171.3	1081.94	242.0	31.56	23.48
PTHR13124	1458.0	1413.32	522.99	26.37	19.6
PTHR31173	5913.0	5734.29	2459.0	79.08	58.78
PTHR12538	652.28	607.6	31063.35	3664.01	2724.42
PTHR10099	5276.0	5231.32	3167.0	42.99	31.96
PTHR10625	11878.73	11476.61	8156.67	195.12	145.07
PTHR10098	2794.0	2704.64	739.0	42.06	31.27
PTHR31356	5606.0	5427.28	11415.98	542.06	403.06
PTHR31352	5047.0	4957.64	3268.61	90.46	67.27
PTHR31350	7378.8	7110.74	3212.0	167.01	124.19
PTHR11758	740.0	695.32	18417.55	1896.15	1409.91
PTHR23333	1501.0	1456.32	857.0	41.92	31.17
PTHR11751	20989.3	20363.8	17823.24	724.27	538.53
PTHR11753	1054.0	1009.32	672.0	47.53	35.34
PTHR11752	22726.98	21788.84	2607.0	175.13	130.23
PTHR24423	10314.92	9912.84	2482.0	114.48	85.12
PTHR11206	23385.65	22715.48	12037.49	302.68	225.07
PTHR24420	188011.61	182516.64	148404.27	5830.04	4334.98
PTHR10332	3090.59	2956.55	359.0	25.23	18.76
PTHR14140	1880.0	1835.32	83.0	3.22	2.39
PTHR20922	2856.0	2766.64	1690.0	83.16	61.83
PTHR10159	15325.1	14878.3	8301.74	316.15	235.08
PTHR12848	1871.98	1827.3	404.0	15.74	11.7
PTHR12363	8816.0	8592.64	1360.09	50.83	37.79
PTHR23029	13185.41	12783.29	2196.88	90.45	67.25
PTHR23023	5207.04	5028.32	3469.94	116.55	86.65
PTHR21294	2381.42	2336.73	541.0	16.47	12.24
PTHR11119	13776.21	13508.12	9830.74	254.45	189.19
PTHR31595	10394.49	10037.05	4480.79	204.24	151.88
PTHR31596	4853.0	4718.97	1582.0	30.89	22.97
PTHR15948	1807.74	1763.06	480.0	19.38	14.41
PTHR32026	6052.18	5873.45	1685.05	78.81	58.6
PTHR31829	1335.0	1290.32	4916.99	271.63	201.98
PTHR31419	356.0	311.35	3.0	0.7	0.52
PTHR22938	1996.98	1907.61	373.0	28.28	21.02
PTHR14898	5947.0	5857.64	966.0	23.43	17.42
PTHR19241	65248.69	63148.85	69704.09	2507.43	1864.41
PTHR14894	1613.0	1523.64	72.0	6.86	5.11
PTHR15239	3919.71	3740.98	552.79	40.88	30.4
PTHR12497	1372.0	1327.32	211.0	11.33	8.42
PTHR12302	3793.0	3748.32	3458.2	65.54	48.73
PTHR12304	2358.11	2268.73	169.0	10.85	8.07
PTHR30540	4912.46	4823.09	2262.17	68.84	51.19
PTHR30544	2975.5	2886.23	668.0	33.96	25.25
PTHR13302	3057.0	2922.96	245.0	18.44	13.71
PTHR12472	1147.12	1102.44	87.0	5.63	4.19
PTHR13308	1657.4	1568.04	145.0	13.21	9.82
PTHR12477	5694.32	5560.28	2308.0	85.91	63.87
PTHR13878	3314.0	3179.96	353.0	12.71	9.45
PTHR21461	8391.32	8167.92	1338.0	63.3	47.08
PTHR13872	3456.0	3366.64	27572.76	3731.71	2774.77
PTHR22849	26333.59	25708.07	12034.09	471.85	350.86
PTHR21314	2505.33	2415.97	526.0	23.96	17.81
PTHR21649	11760.41	11090.37	241368.31	18125.55	13477.48
PTHR22841	4202.0	4112.64	1311.1	48.49	36.05
PTHR21319	5782.68	5559.31	1181.0	76.66	57.0
PTHR22847	37106.37	36034.05	13786.52	546.91	406.7
PTHR22846	4362.79	4228.74	1132.0	63.94	47.54
PTHR22844	15163.55	14672.05	8580.67	327.79	243.74
PTHR11606	7110.0	6841.93	7113.4	227.49	169.15
PTHR31606	598.0	553.32	781.0	101.27	75.3
PTHR23284	1110.0	1065.32	112.0	7.5	5.58
PTHR21266	14857.89	14500.44	5312.9	180.16	133.96
PTHR21262	8898.11	8674.71	9342.41	296.62	220.55
PTHR12276	2289.0	2199.66	143.0	5.81	4.31
PTHR10657	3315.33	3136.62	221.0	18.5	13.76
PTHR10655	4583.71	4404.99	1098.0	60.65	45.08
PTHR10652	2117.0	2072.32	322.0	11.05	8.22
PTHR17972	4057.0	3922.96	1136.01	62.91	46.78
PTHR21085	1605.0	1560.32	523.0	23.87	17.75
PTHR11922	4535.0	4356.28	1034.0	50.27	37.38
PTHR24305	13851.5	13404.69	2511.32	121.35	90.23
PTHR11431	3321.0	3186.96	2327.03	137.6	102.31
PTHR10434	2422.0	2332.64	606.0	37.99	28.24
PTHR24096	16453.83	15873.09	10295.5	362.89	269.83
PTHR13693	7514.28	7290.95	2052.0	80.43	59.81
PTHR24095	21848.1	21178.1	55799.31	1867.75	1388.81
PTHR24092	5193.0	5148.32	821.94	11.34	8.43
PTHR24093	41752.06	40501.25	44125.94	1284.47	955.09
PTHR22604	7629.5	7495.46	7539.22	170.14	126.52
PTHR13451	3566.57	3477.2	405.0	16.76	12.47
PTHR13452	946.0	901.32	499.0	39.55	29.41
PTHR10759	513.0	468.32	13182.91	2023.67	1504.72
PTHR12406	5009.35	4875.3	2142.96	84.7	62.98
PTHR12901	1390.0	1345.32	413.0	21.88	16.27
PTHR12903	848.0	803.32	3133.08	278.86	207.35
PTHR23237	551.0	506.32	444.0	62.98	46.83
PTHR10501	2458.0	2413.32	561.0	16.53	12.29
PTHR31169	6840.0	6705.96	234.0	4.68	3.48
PTHR12277	3713.19	3579.16	1388.0	66.4	49.37
PTHR14087	722.0	677.32	39.0	4.12	3.07
PTHR23309	5912.0	5777.96	3808.46	110.42	82.09
PTHR23308	4894.01	4670.61	857.0	62.41	46.41
PTHR31344	6450.24	6360.88	949.16	20.73	15.42
PTHR31619	2248.0	2203.32	5916.83	191.02	142.03
PTHR23306	2243.1	2198.41	688.0	22.26	16.55
PTHR23305	3329.25	3239.89	802.0	39.87	29.64
PTHR11748	12561.49	12293.44	7779.78	224.03	166.58
PTHR11214	8413.78	8101.05	3443.82	125.68	93.45
PTHR11216	6337.46	6158.74	1406.0	62.48	46.46
PTHR14154	7031.88	6763.8	3793.47	318.25	236.64
PTHR10344	552.8	508.12	64.0	9.05	6.73
PTHR14152	2339.0	2204.96	1054.01	99.32	73.85
PTHR11699	15446.56	14999.84	10741.8	275.68	205.0
PTHR11692	1880.0	1835.32	972.0	37.69	28.03
PTHR11693	2738.0	2648.64	13209.86	716.18	532.53
PTHR11695	29519.73	28581.53	18196.04	767.94	571.01
PTHR31760	839.0	749.66	31.0	5.92	4.41
PTHR31906	7235.0	7011.6	1483.0	60.39	44.91
PTHR13847	6846.52	6533.76	483.0	31.43	23.36
PTHR23012	11791.38	11389.25	13248.64	505.82	376.1
PTHR11101	9889.21	9531.83	110005.65	3217.13	2392.14
PTHR11102	5686.08	5507.36	915.0	52.09	38.73
PTHR11106	2818.0	2683.97	856.0	39.98	29.72
PTHR31585	1953.73	1909.05	498.0	18.56	13.8
PTHR32125	1947.0	1857.64	708.09	59.3	44.09
PTHR31588	9269.11	9090.38	3219.0	103.3	76.82
PTHR32120	1991.0	1901.64	87.0	6.58	4.89
PTHR15680	919.0	874.32	1152.0	94.15	70.0
PTHR11807	3164.3	3074.94	262.0	12.7	9.44
PTHR11374	324.0	279.37	0.0	0.0	0.0
PTHR10281	1771.16	1681.8	993.0	86.26	64.14
PTHR26312	1444.0	1399.32	587.0	29.89	22.23
PTHR10285	6663.36	6439.96	7071.02	303.38	225.58
PTHR12000	1017.0	972.32	34.0	2.5	1.86
PTHR18895	1330.0	1240.67	30.0	3.1	2.3
PTHR12169	3948.0	3813.96	648.0	22.15	16.47
PTHR12486	2350.0	2215.97	83.0	8.12	6.04
PTHR12480	5135.0	4822.41	954.0	137.34	102.12
PTHR12482	3307.0	3217.64	339.0	15.75	11.72
PTHR12317	10956.76	10644.02	11947.54	568.51	422.73
PTHR12649	3258.19	3079.46	871.4	85.56	63.61
PTHR13992	1587.0	1497.64	182.0	17.17	12.77
PTHR12461	3353.0	3084.99	311.86	38.82	28.87
PTHR12466	2239.0	2149.64	561.0	36.33	27.01
PTHR21419	2032.0	1987.32	477.01	17.08	12.7
PTHR12001	3084.39	2995.03	2841.72	135.35	100.64
PTHR21327	4040.34	3950.98	4203.91	153.02	113.78
PTHR21631	10001.8	9778.38	28780.06	999.21	742.98
PTHR22854	2642.0	2552.64	1794.0	92.12	68.5
PTHR22855	7568.0	7389.35	3719.91	137.95	102.57
PTHR22850	7003.78	6780.38	2442.0	94.34	70.14
PTHR22504	2054.0	2009.32	1244.0	44.05	32.75
PTHR22915	23302.44	22721.6	13205.99	503.83	374.63
PTHR21256	4474.74	4385.38	7955.46	251.07	186.69
PTHR12265	1445.0	1355.64	21.0	2.08	1.55
PTHR12266	2464.05	2374.68	409.0	24.55	18.25
PTHR10648	2151.0	2106.32	933.06	31.51	23.43
PTHR30178	2823.0	2733.64	50338.85	2690.86	2000.83
PTHR10641	12043.0	11640.89	3621.84	126.02	93.7
PTHR22912	20696.16	20160.07	14380.52	493.95	367.27
PTHR10644	4375.0	4240.96	557.0	24.9	18.52
PTHR12864	5717.16	5583.12	2391.0	83.83	62.32
PTHR12860	2542.0	2497.32	236.0	6.72	5.0
PTHR13194	1617.0	1527.64	103.0	10.46	7.78
PTHR13193	524.0	479.32	242.0	36.29	26.98
PTHR11913	1491.73	1447.05	251.88	12.4	9.22
PTHR11911	8826.89	8514.21	26638.81	1445.07	1074.51
PTHR11910	2270.0	2180.64	10287.82	678.89	504.8
PTHR11918	6770.42	6591.7	1920.0	84.65	62.94
PTHR12919	1403.0	1313.64	1986.95	228.42	169.84
PTHR12910	1825.0	1735.64	3461.0	230.04	171.05
PTHR12917	4669.65	4535.65	836.0	34.9	25.95
PTHR11351	5712.0	5577.96	8457.86	332.25	247.05
PTHR11353	16835.0	16388.21	8820.0	351.22	261.16
PTHR11599	16590.0	16098.52	16010.94	743.9	553.15
PTHR10516	17997.3	17148.38	4307.37	329.26	244.82
PTHR11592	4714.0	4535.28	3319.9	206.64	153.65
PTHR13273	995.0	950.32	776.0	58.31	43.36
PTHR31724	2832.16	2698.11	437.0	25.67	19.09
PTHR31098	8663.0	8528.96	7993.98	214.89	159.78
PTHR22594	9759.0	9490.92	3322.0	147.46	109.65
PTHR23315	9208.43	8895.82	5085.01	156.74	116.55
PTHR23316	2698.2	2653.52	1876.0	50.26	37.37
PTHR11778	6227.0	6092.96	3749.0	123.34	91.71
PTHR11774	3688.36	3554.31	213.0	12.76	9.49
PTHR11773	3696.0	3651.32	2955.0	57.5	42.75
PTHR11772	8030.81	7807.41	20712.19	600.98	446.87
PTHR10357	29011.0	28430.15	18546.24	592.3	440.42
PTHR10353	1321.0	1276.32	160.0	8.94	6.64
PTHR10350	4551.45	4462.09	797.29	25.02	18.6
PTHR10351	3160.5	3071.14	10864.65	781.21	580.88
PTHR32557	2106.0	2061.32	1671.0	57.67	42.88
PTHR10359	5780.44	5601.72	2221.99	94.69	70.4
PTHR32442	1319.0	1274.32	114.0	6.38	4.74
PTHR31750	1086.0	1041.32	278.0	19.05	14.17
PTHR14189	520.85	476.17	27.0	4.08	3.03
PTHR32228	1153.0	1108.32	19.0	1.22	0.91
PTHR31245	1577.0	1487.64	2213.01	212.55	158.05
PTHR23001	2847.0	2757.64	2442.0	112.98	84.01
PTHR23002	1803.95	1714.59	134.0	10.12	7.52
PTHR22904	31249.14	30176.82	9478.47	448.86	333.8
PTHR11177	28376.8	27617.3	9751.87	401.67	298.65
PTHR10445	2284.0	2239.32	2804.06	89.06	66.23
PTHR11178	5151.97	4973.24	3790.21	187.32	139.29
PTHR14456	1835.0	1700.96	952.01	115.38	85.79
PTHR31808	1972.12	1927.44	1929.56	71.24	52.97
PTHR31803	6098.47	5964.43	5255.82	177.89	132.27
PTHR11009	734.0	689.32	651.0	67.61	50.27
PTHR19229	20444.57	19997.8	32933.97	695.93	517.46
PTHR20961	25403.41	24822.57	11165.78	376.13	279.69
PTHR11005	3028.0	2938.64	220.0	10.84	8.07
PTHR11006	10077.26	9719.82	2342.0	93.98	69.89
PTHR18640	1854.0	1720.01	60.0	4.84	3.6
PTHR18866	18441.0	17636.91	7766.84	315.7	234.74
PTHR12022	685.0	640.32	2860.63	320.06	237.98
PTHR15588	1971.0	1881.64	555.0	42.17	31.36
PTHR12677	10245.12	9977.04	6117.42	219.9	163.5
PTHR19134	1218.23	1173.55	1543.0	93.77	69.72
PTHR19139	7307.6	7039.52	464.93	23.47	17.44
PTHR30566	5404.66	5270.61	2791.0	138.93	103.31
PTHR12459	3650.0	3605.32	388.0	7.65	5.69
PTHR12456	1358.0	1268.64	48.0	5.42	4.03
PTHR12452	895.83	851.15	315.0	26.45	19.67
PTHR19359	5009.57	4786.17	1491.97	161.15	119.83
PTHR12072	4648.81	4470.09	814.01	50.42	37.5
PTHR13218	799.0	754.32	41.0	3.89	2.89
PTHR13215	1304.35	1215.0	53.0	5.93	4.4
PTHR13213	3313.0	3178.96	637.0	41.32	30.72
PTHR10809	1095.72	1051.04	203.0	13.78	10.25
PTHR12290	422.0	377.33	21.0	4.01	2.98
PTHR21530	7749.36	7525.95	1857.0	61.92	46.05
PTHR12295	7123.0	7033.64	1933.0	39.18	29.14
PTHR12298	2689.0	2554.96	214.0	15.67	11.66
PTHR10638	2390.0	2345.32	706.0	21.41	15.92
PTHR10631	1120.0	1075.32	33.0	2.19	1.63
PTHR10984	5125.0	4990.96	2427.91	104.98	78.05
PTHR12858	3879.96	3790.6	1015.0	37.16	27.62
PTHR13505	838.0	793.32	47.0	4.24	3.15
PTHR12850	783.0	738.32	17017.24	1649.08	1226.2
PTHR12856	1049.0	959.64	31.0	4.5	3.34
PTHR12855	1808.0	1763.32	142.0	5.73	4.26
PTHR12854	1988.0	1943.32	1011.0	37.02	27.53
PTHR21737	1153.0	1108.32	102.0	6.57	4.88
PTHR13190	1875.0	1785.64	189.98	14.88	11.06
PTHR13182	1477.63	1432.95	487.0	24.21	18.0
PTHR10855	3305.0	3215.64	2091.98	80.42	59.8
PTHR10585	1288.0	1243.32	594.0	34.06	25.33
PTHR10743	992.0	947.32	399.0	30.08	22.36
PTHR10742	26971.04	26166.8	8748.04	331.23	246.29
PTHR10745	2337.0	2292.32	2763.0	85.73	63.74
PTHR10744	1904.0	1769.97	33471.66	3634.31	2702.34
PTHR10746	3378.0	3288.64	5222.68	321.02	238.7
PTHR11528	8489.77	8266.36	13682.3	556.2	413.56
PTHR12924	1240.0	1195.32	2985.59	178.12	132.44
PTHR11349	2181.0	2046.96	4384.0	485.32	360.86
PTHR10566	35294.67	34490.42	17067.15	457.63	340.27
PTHR11588	4847.25	4624.2	24575.56	1058.26	786.89
PTHR10291	4934.0	4844.64	289.0	8.66	6.44
PTHR11584	8870.0	8735.96	3099.0	70.03	52.07
PTHR11586	860.82	816.14	210.0	18.39	13.68
PTHR11909	8043.0	7819.6	6759.57	268.87	199.92
PTHR23429	2901.0	2856.32	4599.81	114.47	85.11
PTHR24320	13475.69	13028.89	2917.84	146.15	108.67
PTHR24322	21188.27	20428.82	14359.6	607.59	451.77
PTHR11907	4510.38	4421.02	1985.62	75.31	56.0
PTHR11760	873.0	828.32	35753.32	3085.41	2294.19
PTHR11761	1791.0	1701.64	25612.76	2955.4	2197.52
PTHR11766	1901.0	1856.32	101.0	3.87	2.88
PTHR11767	2967.59	2878.23	2203.0	103.48	76.95
PTHR10361	6350.78	6172.06	2259.0	97.19	72.27
PTHR10366	24360.1	23555.86	19935.84	989.96	736.11
PTHR10169	7128.0	6949.28	2348.0	81.37	60.51
PTHR10168	8430.0	8117.25	4061.58	218.96	162.82
PTHR20973	912.0	867.32	26.0	2.14	1.59
PTHR10165	5405.11	5271.07	3034.0	120.2	89.37
PTHR31032	2856.0	2766.64	5383.25	236.82	176.1
PTHR23257	231624.5	224744.24	143272.08	4827.35	3589.51
PTHR23253	6190.0	5966.6	7181.14	418.32	311.04
PTHR14190	1107.0	1017.65	180.0	25.25	18.78
PTHR14194	12357.0	11954.88	4439.99	194.89	144.9
PTHR19957	7515.21	7336.49	2007.0	90.5	67.29
PTHR31251	33462.86	32211.88	19117.02	768.05	571.09
PTHR23074	9485.0	9127.56	4286.44	200.28	148.92
PTHR23077	17035.41	16052.67	2575.0	188.9	140.45
PTHR23076	23843.21	23083.76	11101.53	471.21	350.37
PTHR30239	1935.0	1890.32	3695.0	139.11	103.44
PTHR23073	13759.16	13312.36	7690.91	410.45	305.18
PTHR23078	2614.0	2569.32	804.0	22.25	16.54
PTHR11165	932.0	887.32	2205.0	177.54	132.01
PTHR32100	5960.0	5825.96	15825.8	545.25	405.43
PTHR14534	591.0	546.32	6.0	0.79	0.59
PTHR14445	4905.3	4726.58	2446.55	183.86	136.71
PTHR23102	607.15	562.47	101.0	12.88	9.58
PTHR23105	4782.0	4558.6	90927.7	6668.5	4958.45
PTHR11010	3150.67	3061.31	19842.39	1180.15	877.51
PTHR12668	1048.0	1003.32	239.0	17.0	12.64
PTHR12661	1331.0	1286.32	192.0	10.64	7.91
PTHR12663	4658.0	4479.28	42.0	3.15	2.34
PTHR12664	1613.0	1523.69	167.0	15.43	11.47
PTHR16166	25318.03	24781.85	4801.0	136.22	101.28
PTHR12111	2090.0	2000.64	797.56	59.03	43.89
PTHR12447	1719.0	1674.32	350.0	14.88	11.07
PTHR15481	404.0	359.33	50.0	10.04	7.47
PTHR21477	5004.09	4870.04	4147.24	137.53	102.27
PTHR26379	2735.0	2645.64	5731.9	274.74	204.29
PTHR12599	1381.0	1291.64	388.01	43.79	32.56
PTHR12596	2893.74	2804.38	219.0	11.05	8.21
PTHR12590	1225.0	1135.64	35.0	4.38	3.25
PTHR12066	2332.0	2153.28	63.0	8.05	5.98
PTHR12064	8515.73	8292.32	3119.0	113.68	84.52
PTHR13226	3129.67	3040.31	477.0	20.3	15.1
PTHR13889	6224.0	6089.96	4292.36	144.27	107.28
PTHR13887	2281.0	2146.96	114.0	13.99	10.41
PTHR21181	1666.0	1576.64	288.0	44.84	33.34
PTHR12412	1258.22	1213.54	178.21	10.47	7.79
PTHR13948	1295.21	1205.93	120.0	13.82	10.28
PTHR12146	1080.0	990.7	14702.88	1464.12	1088.66
PTHR11453	2510.0	2465.32	181.0	5.22	3.88
PTHR21506	1347.72	1303.04	354.0	19.36	14.4
PTHR12280	2368.8	2279.44	966.0	59.68	44.37
PTHR11451	8032.0	7808.67	3426.01	112.27	83.47
PTHR12286	5207.0	5072.96	652.0	26.14	19.44
PTHR12415	3238.2	3193.52	1004.9	22.36	16.63
PTHR30573	2706.0	2661.32	1610.0	43.01	31.98
PTHR22983	6688.78	6465.37	1113.0	58.72	43.67
PTHR22981	7670.17	7536.12	13755.7	405.42	301.45
PTHR30191	4098.0	4053.32	28429.55	498.2	370.45
PTHR13082	1314.0	1269.32	721.0	40.49	30.11
PTHR10629	19730.45	19283.65	3574.0	164.52	122.33
PTHR10994	10530.22	10217.45	5555.91	274.72	204.28
PTHR10996	8620.63	8352.54	3059.04	150.64	112.0
PTHR10997	17627.0	17180.25	4909.9	107.29	79.76
PTHR10992	45597.27	44078.19	10740.21	504.83	375.35
PTHR10993	1971.0	1881.64	112.0	8.13	6.05
PTHR17695	7139.0	6826.25	717.82	50.9	37.84
PTHR12849	901.0	856.32	235.0	19.61	14.58
PTHR10943	7835.0	7745.64	4253.0	79.94	59.45
PTHR12847	4682.0	4547.96	1068.0	40.24	29.92
PTHR21290	4947.96	4813.91	714.0	29.68	22.08
PTHR21349	2276.0	2186.64	3648.05	285.9	212.58
PTHR21347	2427.04	2337.68	1317.0	75.38	56.05
PTHR21343	3144.0	3054.64	1112.0	31.95	23.75
PTHR10196	9256.76	9078.04	1251.0	39.02	29.02
PTHR10192	3538.0	3448.64	1877.0	74.38	55.31
PTHR10751	1910.0	1865.32	129.0	4.92	3.66
PTHR10755	2352.85	2263.49	4451.0	227.99	169.52
PTHR10758	1460.0	1415.32	374.99	18.88	14.04
PTHR13152	703.0	658.32	4.0	0.44	0.32
PTHR12932	4932.84	4754.12	430.0	28.45	21.16
PTHR12934	1159.0	1114.32	334.03	21.38	15.9
PTHR10288	12420.05	12151.97	18793.15	531.98	395.57
PTHR11800	2660.83	2571.47	1203.93	75.15	55.88
PTHR11802	4240.0	4105.96	2000.99	75.7	56.3
PTHR11804	9220.0	8862.62	3309.12	129.58	96.35
PTHR11808	7710.69	7487.31	6430.31	220.27	163.79
PTHR10283	12954.25	12596.85	25175.73	591.96	440.17
PTHR10286	3202.0	3112.64	5924.02	249.16	185.26
PTHR13734	4044.0	3954.64	762.01	25.27	18.78
PTHR11579	3004.0	2914.64	703.0	32.48	24.15
PTHR13718	2775.0	2685.64	28161.09	1750.85	1301.87
PTHR13711	9037.81	8769.72	5489.86	157.47	117.08
PTHR13710	8515.88	8158.52	172.0	9.73	7.25
PTHR11977	1766.2	1721.55	1699.0	70.25	52.24
PTHR11972	10697.73	10474.35	6082.02	177.01	131.61
PTHR31480	2646.0	2601.32	659.0	18.01	13.39
PTHR31485	12646.0	12377.92	1933.0	69.42	51.62
PTHR11715	942.0	897.32	2113.0	168.22	125.09
PTHR11717	2102.0	1923.32	179.0	20.38	15.16
PTHR11711	14571.1	14079.62	16882.46	955.12	710.2
PTHR11712	24281.47	23343.47	3089.0	89.01	66.18
PTHR10374	5175.0	4996.28	8161.34	443.93	330.1
PTHR10178	17050.12	16558.69	8647.92	325.03	241.69
PTHR11482	3283.27	3193.91	7268.0	312.91	232.67
PTHR10173	4198.0	4019.28	5581.9	427.93	318.2
PTHR10177	9888.85	9620.77	4089.28	205.18	152.57
PTHR10174	14812.37	14320.9	13981.96	639.91	475.81
PTHR23249	2131.0	2041.64	528.0	45.9	34.13
PTHR23244	19235.18	18788.38	6885.07	159.02	118.25
PTHR23245	2243.97	2109.92	119.0	11.37	8.46
PTHR23240	4301.18	4122.48	269.0	15.55	11.56
PTHR14614	10423.82	10066.37	1641.0	71.07	52.84
PTHR31268	6768.25	6589.57	468.0	15.66	11.65
PTHR31262	738.0	693.32	28.03	2.89	2.15
PTHR23063	4607.0	4472.96	791.01	38.07	28.3
PTHR11620	679.0	634.32	19002.53	2146.36	1595.95
PTHR11624	11188.24	10830.88	35816.77	1749.82	1301.11
PTHR11627	2928.0	2793.97	41419.3	2345.07	1743.7
PTHR11390	5483.77	5305.12	829.0	25.04	18.61
PTHR31620	4035.0	3945.64	29991.05	856.58	636.92
PTHR31319	2689.71	2645.03	13304.36	357.6	265.9
PTHR14052	1784.6	1739.92	414.0	16.94	12.59
PTHR32118	1854.0	1809.32	3538.01	139.18	103.49
PTHR23117	2968.16	2878.8	1213.02	56.55	42.05
PTHR23115	46819.77	45613.44	355902.46	13980.94	10395.67
PTHR11028	2347.0	2257.64	2909.02	187.58	139.47
PTHR11024	1434.0	1389.32	255.0	13.08	9.72
PTHR12841	1033.0	988.32	116.0	8.38	6.23
PTHR11777	4022.0	3977.32	1822.81	32.55	24.21
PTHR12616	2692.54	2558.5	784.0	67.2	49.98
PTHR12613	1837.67	1792.98	118.0	4.68	3.48
PTHR12612	1130.0	1085.32	1552.0	102.03	75.87
PTHR32060	5053.21	4829.83	1837.0	64.82	48.2
PTHR12436	1873.0	1738.99	111.0	15.05	11.18
PTHR22734	2627.0	2537.64	415.0	24.52	18.23
PTHR12121	13087.96	12462.48	6963.45	455.32	338.56
PTHR12438	1627.0	1582.32	84.0	3.78	2.81
PTHR11757	4674.7	4540.66	3081.0	97.91	72.8
PTHR15492	1108.49	1063.8	269.0	18.04	13.42
PTHR21426	2119.0	2029.64	98.0	6.82	5.07
PTHR21427	1996.0	1951.32	358.0	13.06	9.71
PTHR13161	2042.0	1907.96	521.0	58.58	43.56
PTHR19372	2797.0	2707.64	277.0	11.55	8.6
PTHR19370	2875.0	2785.64	2464.0	135.17	100.5
PTHR19376	13245.7	13022.29	8817.57	212.35	157.9
PTHR19375	13715.21	13268.55	27535.95	1276.73	949.31
PTHR12725	5046.5	4778.49	1039.0	73.14	54.38
PTHR13890	7132.86	6775.46	1770.0	127.85	95.05
PTHR22883	10231.27	9873.82	1284.01	50.54	37.58
PTHR22880	9730.76	9328.64	2101.66	121.76	90.54
PTHR12542	2413.0	2279.02	49.0	3.52	2.62
PTHR12124	2679.0	2589.64	340.01	15.6	11.6
PTHR21512	2713.0	2623.64	292.0	15.58	11.58
PTHR30508	3786.0	3696.64	2134.0	74.74	55.57
PTHR30502	1508.0	1463.32	206.0	10.03	7.46
PTHR10617	10300.22	9942.84	23384.29	752.0	559.16
PTHR10615	6293.0	6069.6	2287.0	113.97	84.75
PTHR13527	1540.0	1495.32	700.0	33.35	24.79
PTHR22958	6559.13	6425.09	19067.71	572.93	426.01
PTHR22951	1314.42	1269.74	485.0	27.23	20.25
PTHR22950	36783.6	35711.33	25289.93	681.53	506.72
PTHR22953	19814.71	19412.58	15596.74	502.8	373.86
PTHR22952	12763.37	12539.97	36709.08	921.71	685.35
PTHR22957	13637.54	13190.75	2985.0	143.47	106.69
PTHR21600	1591.0	1546.32	433.0	19.94	14.83
PTHR24056	15767.22	15365.1	4582.59	163.45	121.52
PTHR24054	1353.0	1308.32	1068.97	58.24	43.3
PTHR24055	12514.93	12157.48	5917.72	246.6	183.36
PTHR24058	6508.95	6240.95	2090.36	129.96	96.64
PTHR10766	10141.67	10007.63	8051.0	169.72	126.2
PTHR10762	3038.3	2948.94	490.94	26.09	19.41
PTHR30031	6066.32	5798.25	40572.52	1126.45	837.59
PTHR12945	2778.83	2689.46	108.0	6.62	4.92
PTHR12944	1721.24	1631.88	46.0	3.28	2.44
PTHR24128	9223.07	8999.67	2746.18	77.17	57.38
PTHR13096	2326.02	2236.66	616.0	39.26	29.2
PTHR11365	3397.98	3353.3	921.25	19.52	14.52
PTHR10548	4299.74	4121.03	5867.96	384.64	286.0
PTHR11817	9319.32	9140.6	8894.17	275.36	204.75
PTHR11814	9519.92	9073.3	2602.07	139.91	104.04
PTHR11363	1439.0	1394.32	67979.75	3474.04	2583.16
PTHR10543	7764.0	7451.31	767.0	34.67	25.76
PTHR10540	3628.85	3494.81	1710.0	99.05	73.65
PTHR13931	3249.22	3115.28	1216.71	83.62	62.18
PTHR12965	3036.0	2946.65	328.0	15.65	11.64
PTHR10544	658.08	613.4	19150.41	2237.58	1663.78
PTHR11562	3943.07	3764.4	635.0	51.71	38.45
PTHR11566	18019.0	17750.92	6473.0	150.7	112.07
PTHR11567	4886.77	4752.73	1085.99	59.27	44.07
PTHR11564	5195.0	4971.6	1427.88	62.2	46.25
PTHR11962	4310.0	4175.99	1316.0	37.34	27.76
PTHR11963	4285.45	4151.43	244.0	9.11	6.77
PTHR10381	8457.54	8100.1	14388.37	840.22	624.76
PTHR10383	4921.0	4831.64	2661.95	67.2	49.97
PTHR11705	1231.0	1186.32	41.0	2.46	1.83
PTHR11702	9445.67	9132.9	1985.0	99.85	74.22
PTHR11700	1379.0	1289.64	19613.61	2416.73	1796.98
PTHR10388	855.0	810.32	9747.94	860.05	639.5
PTHR11709	8325.0	8101.66	1858.0	43.25	32.16
PTHR10145	4981.0	4891.64	890.01	24.03	17.86
PTHR23273	4140.07	4050.71	1206.0	40.53	30.14
PTHR23270	5963.0	5650.29	961.0	79.76	59.31
PTHR23050	3435.0	3256.28	6703.95	544.62	404.97
PTHR23056	1987.0	1897.64	267.0	18.73	13.93
PTHR23054	1172.0	1127.32	139.01	8.8	6.54
PTHR11638	14044.02	13641.96	27228.37	615.3	457.52
PTHR31783	5563.0	5518.32	6359.98	81.83	60.84
PTHR23291	4330.88	4241.52	8283.94	230.17	171.15
PTHR11630	17687.62	17285.49	1245.01	44.81	33.32
PTHR11140	4008.0	3963.32	3343.0	59.92	44.55
PTHR11141	3167.0	3122.32	2383.26	54.24	40.33
PTHR11142	6248.31	5935.57	742.01	61.74	45.91
PTHR11380	460.0	415.32	159.0	27.57	20.5
PTHR11384	10015.4	9568.65	1605.0	90.64	67.38
PTHR32477	2054.0	2009.32	95.0	3.36	2.5
PTHR14043	1196.0	1106.69	41.0	4.58	3.41
PTHR32472	1741.09	1651.76	175.0	15.14	11.26
PTHR31658	1728.0	1638.64	139.0	12.14	9.03
PTHR14269	3151.86	3017.92	1126.98	89.22	66.33
PTHR22884	18736.79	18111.29	3701.04	170.17	126.53
PTHR23125	34742.29	33759.35	12798.01	421.48	313.42
PTHR12050	3349.0	3304.32	140.0	3.01	2.24
PTHR19879	2112.0	2022.64	60.0	4.14	3.08
PTHR19211	14293.0	13712.19	8859.04	475.32	353.45
PTHR12547	5105.0	4881.6	2019.01	91.45	68.0
PTHR12608	3278.79	3144.78	1511.14	76.39	56.8
PTHR12604	1382.49	1337.82	1342.9	71.53	53.19
PTHR12603	3307.0	3217.64	1220.0	54.8	40.74
PTHR32091	1512.0	1467.32	1150.91	55.88	41.55
PTHR32098	3876.0	3697.35	121.0	9.82	7.3
PTHR18763	1558.0	1513.32	160.0	7.53	5.6
PTHR22726	5715.5	5536.78	5059.21	186.81	138.9
PTHR22727	3835.0	3790.32	2213.08	41.48	30.84
PTHR12428	5059.61	4880.89	2226.0	88.34	65.69
PTHR18968	11232.0	10874.56	68938.68	2020.29	1502.21
PTHR12735	2910.0	2775.96	1146.0	84.3	62.67
PTHR15020	7536.88	7268.8	1855.0	104.64	77.8
PTHR12049	2220.0	2130.65	280.0	11.86	8.82
PTHR12558	4641.0	4506.96	1800.31	55.78	41.47
PTHR12553	7231.63	6963.55	844.0	48.78	36.27
PTHR24072	2621.0	2576.32	449.0	12.39	9.21
PTHR11477	2985.0	2850.97	301.0	18.39	13.67
PTHR24073	12729.68	12238.22	16727.86	867.36	644.94
PTHR21569	1462.0	1372.64	22291.93	2672.01	1986.8
PTHR10491	1185.0	1140.32	101.0	6.32	4.7
PTHR21567	6031.0	5852.28	1050.0	32.44	24.13
PTHR13950	4016.94	3972.25	369.0	6.6	4.91
PTHR12133	1097.61	1052.93	103.0	6.98	5.19
PTHR10972	7734.0	7555.28	4524.33	171.38	127.43
PTHR10606	975.0	885.65	27.0	4.55	3.39
PTHR10971	8115.92	7981.88	4312.97	97.42	72.42
PTHR13393	986.0	941.32	40.0	3.03	2.26
PTHR13395	1403.0	1313.64	103.0	10.84	8.05
PTHR11680	5735.97	5601.93	38920.18	1387.31	1031.56
PTHR22893	5988.86	5765.57	2211.99	86.24	64.12
PTHR10778	5100.0	4921.28	1166.0	60.26	44.81
PTHR24064	10717.35	10493.95	8200.11	264.1	196.37
PTHR24063	16800.67	16264.51	15570.46	562.23	418.06
PTHR21011	1933.0	1843.64	6181.8	438.98	326.4
PTHR10772	2995.0	2860.96	2232.0	163.33	121.46
PTHR10774	13832.76	13341.33	15814.12	1018.38	757.23
PTHR24068	2443.0	2353.64	2362.0	160.28	119.18
PTHR12959	2248.15	2203.47	365.0	11.78	8.76
PTHR24115	48917.86	47934.99	7788.98	194.92	144.93
PTHR10961	1843.7	1754.33	82.0	6.7	4.99
PTHR11825	9371.16	9103.07	4570.88	189.95	141.24
PTHR11822	2452.0	2407.32	3974.09	117.39	87.29
PTHR10803	1624.07	1534.72	263.0	27.85	20.71
PTHR10806	751.0	706.32	116.0	11.75	8.74
PTHR10804	12703.93	12391.17	10252.38	501.29	372.74
PTHR11556	4465.22	4331.18	4117.78	193.87	144.15
PTHR11558	1273.0	1228.32	2737.0	158.88	118.13
PTHR13773	4778.0	4688.64	3332.98	167.45	124.51
PTHR10537	1824.0	1779.32	7.0	0.28	0.21
PTHR11953	3036.0	2857.28	213.0	20.97	15.59
PTHR11952	6590.49	6456.45	2111.15	80.93	60.18
PTHR11956	2215.0	2170.32	4725.0	154.87	115.15
PTHR11959	3036.0	2946.64	1120.0	44.37	33.0
PTHR11739	3810.0	3720.64	3290.26	111.43	82.85
PTHR11732	27662.21	26858.04	7731.68	267.93	199.23
PTHR11731	8110.01	7797.3	1219.07	51.62	38.37
PTHR11730	15075.82	14584.47	34201.37	1064.91	791.82
PTHR11735	2340.0	2250.64	247.0	14.72	10.95
PTHR10394	1371.0	1281.64	32805.11	2757.69	2050.51
PTHR20941	1546.0	1411.99	53.0	7.75	5.77
PTHR31065	4060.3	3970.93	16533.38	465.61	346.22
PTHR13600	8057.18	7878.45	1567.51	66.11	49.15
PTHR31066	3024.0	2979.32	2360.01	56.3	41.86
PTHR13604	1561.0	1516.32	159.0	7.47	5.55
PTHR23264	6337.96	6203.91	12068.96	302.76	225.11
PTHR23269	1834.0	1789.32	240.0	9.55	7.1
PTHR31204	1388.0	1343.32	28.0	1.49	1.1
PTHR31201	4193.31	4103.95	1103.0	38.03	28.28
PTHR31209	1193.35	1148.67	221.0	13.72	10.2
PTHR11607	2133.0	2088.32	825.0	28.11	20.9
PTHR15074	740.0	695.32	5.0	0.51	0.38
PTHR11601	8587.0	8318.92	2791.0	104.98	78.07
PTHR32467	10088.87	9686.98	1895.99	69.48	51.66
PTHR14255	11175.41	10818.07	1120.78	61.04	45.39
PTHR31840	694.0	649.32	46.0	5.07	3.77
PTHR23130	1787.84	1743.16	180.0	7.35	5.47
PTHR23133	1304.0	1259.32	948.0	53.67	39.9
PTHR23135	5032.49	4943.13	22116.08	357.89	266.12
PTHR23138	2392.0	2302.64	2100.02	128.12	95.26
PTHR23139	11829.81	11472.37	10046.12	570.66	424.32
PTHR31682	1615.0	1570.32	575.0	26.08	19.39
PTHR11040	1808.0	1674.02	401.92	27.84	20.7
PTHR11043	832.0	787.32	149.0	13.53	10.06
PTHR11042	6460.44	6281.72	466.0	18.12	13.46
PTHR11048	4591.0	4412.32	2121.0	93.41	69.46
PTHR14005	3538.87	3494.19	2134.66	43.41	32.27
PTHR15818	1419.0	1329.64	321.0	33.08	24.6
PTHR12636	1097.0	1052.32	393.0	26.65	19.82
PTHR14490	2174.84	2040.81	2519.26	170.5	126.77
PTHR14493	23023.9	22532.41	42252.18	1128.32	838.98
PTHR15651	2605.86	2561.17	134.0	3.72	2.77
PTHR12380	3739.0	3560.28	2819.05	185.62	138.03
PTHR12385	6648.81	6470.08	12604.79	458.78	341.13
PTHR12706	7653.13	7429.73	561.0	25.74	19.14
PTHR12709	1652.0	1562.64	531.0	49.05	36.47
PTHR12561	794.0	749.32	77.0	7.35	5.47
PTHR12560	3251.0	3161.64	2294.0	92.57	68.83
PTHR11203	5976.14	5842.1	2860.02	70.4	52.36
PTHR12097	4047.91	4003.22	2412.95	42.81	31.84
PTHR11200	9316.34	9048.26	2692.0	95.49	71.0
PTHR21576	4753.0	4618.96	1488.0	66.29	49.3
PTHR10046	5192.44	4969.14	688.0	51.54	38.32
PTHR12419	4190.0	4011.28	1018.0	70.36	52.3
PTHR23338	5066.87	5022.19	1395.0	19.72	14.67
PTHR30525	1707.0	1662.32	964.0	41.29	30.7
PTHR12413	3293.97	3204.61	185.0	8.54	6.34
PTHR12411	64211.2	62602.8	80987.01	2501.63	1860.11
PTHR23339	3746.0	3611.97	115.0	6.68	4.96
PTHR10947	4550.42	4461.06	3427.0	108.64	80.77
PTHR21717	694.0	649.32	15.0	1.65	1.23
PTHR21712	2704.0	2614.64	665.96	30.53	22.7
PTHR12897	3235.0	3145.64	702.0	31.7	23.58
PTHR12894	5547.54	5324.14	528.27	39.67	29.5
PTHR12891	1045.0	1000.32	18.0	1.28	0.96
PTHR22976	9183.69	8915.61	55341.69	1472.32	1094.75
PTHR22975	11848.16	11535.46	35314.94	739.58	549.92
PTHR22970	2189.0	2099.64	468.44	24.09	17.91
PTHR14145	3013.0	2923.64	1314.23	63.15	46.95
PTHR21377	863.0	818.32	35.0	3.06	2.27
PTHR21371	2164.0	2119.32	29358.06	985.46	732.75
PTHR21373	2045.0	1910.99	146.0	15.89	11.82
PTHR22573	7773.56	7594.84	6306.64	278.95	207.42
PTHR22572	12774.0	12461.24	12362.24	427.09	317.56
PTHR13060	1675.0	1630.32	111.0	4.85	3.6
PTHR21000	2315.77	2271.09	7649.01	239.55	178.12
PTHR10701	1167.3	1122.62	1184.96	75.3	55.99
PTHR13162	7454.0	7409.32	7039.88	67.44	50.14
PTHR13165	1512.43	1467.75	562.0	27.28	20.28
PTHR21396	1678.0	1588.64	633.0	56.42	41.95
PTHR13069	3065.0	2975.64	197.0	7.94	5.91
PTHR13068	8134.59	7866.54	3852.52	202.08	150.26
PTHR24106	5426.0	5291.96	1364.99	57.25	42.57
PTHR24103	3674.0	3495.28	508.0	33.69	25.05
PTHR11540	4555.0	4331.6	16579.53	943.89	701.83
PTHR10836	4144.0	3965.3	78107.83	4024.74	2992.65
PTHR10835	2444.0	2399.32	1564.0	46.36	34.47
PTHR11545	2518.0	2383.96	37748.07	3010.16	2238.24
PTHR10012	1453.94	1409.25	414.0	20.93	15.56
PTHR13768	2874.74	2785.38	1148.0	60.76	45.18
PTHR24078	13875.78	13429.04	3232.98	157.8	117.35
PTHR11946	21631.96	21140.48	13745.18	403.2	299.81
PTHR11947	4326.0	4236.64	5639.26	168.79	125.51
PTHR11941	10890.67	10533.3	6967.13	262.36	195.07
PTHR10497	2064.0	2019.32	48493.58	1708.66	1270.5
PTHR10496	307.0	262.39	0.0	0.0	0.0
PTHR24076	24358.03	23509.14	14867.57	537.12	399.38
PTHR24077	17517.81	16847.61	4254.37	249.96	185.86
PTHR11728	6266.39	6132.35	2185.02	77.79	57.85
PTHR11726	963.0	918.32	40644.42	3161.35	2350.66
PTHR11727	3331.0	3196.96	639.0	47.8	35.54
PTHR11721	781.0	736.32	23773.07	2310.08	1717.69
PTHR11722	892.54	847.86	24984.25	2106.0	1565.94
PTHR10120	1841.0	1796.32	1032.11	40.9	30.41
PTHR10122	1212.0	1167.32	10195.98	622.95	463.2
PTHR11831	938.0	893.32	37637.93	3010.02	2238.14
PTHR11835	1842.0	1797.32	626.0	24.79	18.43
PTHR11614	1631.6	1586.92	689.58	30.94	23.01
PTHR11615	17944.88	17185.52	58255.55	2879.98	2141.45
PTHR11618	5005.41	4826.69	2148.0	106.32	79.05
PTHR32419	2061.0	2016.32	68.0	2.4	1.78
PTHR10231	3318.47	3184.42	405.0	19.98	14.86
PTHR10233	8030.8	7807.4	3569.0	160.2	119.12
PTHR31503	5555.36	5376.63	3008.95	136.93	101.81
PTHR23147	2167.27	2077.91	2896.0	234.05	174.03
PTHR23140	2283.72	2194.36	345.75	22.26	16.55
PTHR23142	2501.09	2411.72	709.0	36.86	27.4
PTHR23149	1541.0	1451.64	913.0	103.36	76.85
PTHR23148	866.28	821.6	217.0	18.88	14.04
PTHR11361	14146.07	13699.41	1526.59	44.48	33.05
PTHR11056	3154.58	3065.23	3954.17	219.04	162.87
PTHR11055	4966.62	4832.58	3198.0	139.54	103.74
PTHR32251	4302.37	4168.33	1470.0	61.62	45.81
PTHR31695	2265.0	2175.64	293.0	20.21	15.03
PTHR11819	3820.0	3730.66	2911.11	61.59	45.8
PTHR22767	6244.0	6065.28	595.0	30.66	22.79
PTHR22765	8995.0	8771.65	5992.18	182.35	135.6
PTHR12629	1743.0	1698.32	2307.98	96.75	71.94
PTHR18945	4451.38	4317.34	1764.0	61.41	45.66
PTHR26402	18743.88	18297.26	10750.21	239.5	178.08
PTHR19384	8158.07	7845.32	4818.95	255.39	189.91
PTHR12714	6172.68	5993.96	3179.05	145.96	108.52
PTHR32523	1434.0	1389.32	228.0	11.69	8.7
PTHR12570	4009.59	3875.54	766.0	41.95	31.2
PTHR21494	2138.0	2048.64	113.0	7.87	5.85
PTHR21145	3567.86	3478.5	899.0	32.38	24.07
PTHR21496	3471.0	3292.28	1581.98	153.35	114.03
PTHR21493	38160.18	36953.87	14680.42	632.08	469.95
PTHR21499	3863.64	3774.3	12329.73	253.86	188.76
PTHR21148	4302.0	4123.28	1284.0	77.42	57.56
PTHR12083	2128.0	2038.64	115.0	8.31	6.17
PTHR19854	5473.57	5339.53	457.0	10.2	7.59
PTHR30535	5060.88	4926.86	4237.02	209.76	155.96
PTHR19855	3505.0	3415.64	1798.0	73.23	54.45
PTHR19852	1270.0	1225.32	467.0	27.17	20.21
PTHR16128	3851.99	3718.02	264.0	12.79	9.51
PTHR12400	3713.15	3623.81	733.0	39.69	29.51
PTHR13572	2020.98	1976.3	242.0	8.71	6.48
PTHR30314	6467.0	6288.29	4547.95	148.93	110.74
PTHR12882	688.0	643.32	323.0	35.97	26.74
PTHR12883	1449.0	1404.32	595.0	30.19	22.45
PTHR16255	6790.0	6611.28	2438.98	92.95	69.1
PTHR16254	7925.87	7791.83	3661.48	96.64	71.86
PTHR13373	1546.0	1501.32	99.0	4.7	3.49
PTHR13375	1448.0	1403.32	347.0	17.62	13.1
PTHR22967	1291.0	1246.32	51.0	2.92	2.17
PTHR10150	3962.0	3828.0	245.0	10.57	7.86
PTHR30222	1593.0	1548.32	41.0	1.89	1.4
PTHR13115	2358.0	2313.32	470.0	14.45	10.74
PTHR13117	1932.0	1887.32	2262.01	85.3	63.42
PTHR13285	1761.0	1626.98	15.0	1.84	1.37
PTHR13288	1305.0	1260.32	117.01	6.62	4.92
PTHR10953	16503.27	16011.83	5494.29	176.54	131.26
PTHR10954	1974.0	1884.64	89.0	6.74	5.01
PTHR21726	714.63	669.95	34.0	3.63	2.7
PTHR10956	1380.0	1335.32	48967.39	2613.54	1943.33
PTHR10826	1172.0	1127.32	1036.0	65.56	48.74
PTHR11533	7564.0	7429.96	4799.18	113.17	84.14
PTHR11532	3802.0	3578.6	999.33	94.91	70.56
PTHR10000	5300.32	5166.28	796.0	33.25	24.72
PTHR13021	1257.57	1212.92	264.94	15.57	11.58
PTHR10108	51720.99	50157.19	18115.65	624.94	464.69
PTHR24007	4363.0	4273.64	1394.96	43.52	32.36
PTHR24006	27173.94	26324.99	6016.19	321.74	239.24
PTHR24003	31471.32	30309.66	18213.6	759.71	564.9
PTHR31446	1048.0	1003.32	746.0	53.08	39.47
PTHR31190	4053.0	3918.96	2839.0	124.36	92.48
PTHR11441	1551.0	1506.32	1454.0	68.76	51.12
PTHR11440	2341.0	2251.64	283.0	15.32	11.39
PTHR11999	7814.72	7591.38	9536.02	260.9	194.0
PTHR11998	5138.0	5003.96	2868.0	137.45	102.2
PTHR11449	884.66	795.32	18340.77	2811.07	2090.21
PTHR11994	754.0	709.32	26167.44	2640.39	1963.3
PTHR10133	13311.33	13043.32	9119.08	174.83	129.99
PTHR13620	9935.87	9578.48	3258.99	181.73	135.13
PTHR11847	800.0	755.32	29271.7	2772.25	2061.34
PTHR11843	692.0	647.32	46548.94	5151.17	3830.21
PTHR11661	3035.0	2900.96	22548.52	1829.66	1360.47
PTHR11662	21643.1	21106.95	16003.72	372.77	277.19
PTHR11669	5576.0	5397.28	816.0	37.62	27.97
PTHR11668	10846.0	10443.88	11807.9	607.17	451.47
PTHR20856	9781.54	9513.46	6097.98	191.05	142.07
PTHR20854	5888.0	5664.6	1217.0	67.28	50.03
PTHR20855	2886.0	2796.64	625.0	35.24	26.2
PTHR20852	4791.73	4613.01	17651.82	739.42	549.8
PTHR32404	3087.2	2997.84	2448.0	118.28	87.94
PTHR20858	3584.0	3449.96	2629.14	145.94	108.52
PTHR10634	697.0	652.32	707.0	77.63	57.72
PTHR14237	9250.92	8938.3	3151.0	77.02	57.26
PTHR11143	816.0	771.32	29126.86	2700.84	2008.24
PTHR23155	159824.24	155267.1	50895.76	1404.71	1044.47
PTHR23153	7098.73	6785.97	2257.12	178.54	132.74
PTHR23151	7604.27	7202.21	5174.41	362.29	269.39
PTHR11063	3315.0	3225.64	2099.0	94.26	70.08
PTHR11062	20301.38	19675.88	2693.0	75.69	56.26
PTHR11061	3876.0	3607.97	193.0	17.92	13.32
PTHR11065	3985.69	3851.65	8753.02	469.98	349.46
PTHR11064	2061.68	1972.32	2005.0	95.93	71.32
PTHR11260	14707.68	14305.59	5020.04	187.35	139.3
PTHR11264	1511.8	1467.11	308.0	14.96	11.12
PTHR11266	11879.41	11432.61	9006.15	404.34	300.66
PTHR13501	779.0	734.32	1388.0	135.25	100.56
PTHR31998	5891.0	5756.96	142555.25	3157.15	2347.54
PTHR31221	3109.47	3020.11	713.0	32.36	24.07
PTHR15838	1045.41	956.08	29.0	4.38	3.25
PTHR32338	1527.0	1482.32	1030.0	49.5	36.81
PTHR31407	3578.0	3443.96	1777.0	111.5	82.91
PTHR15744	1127.17	1037.82	284.0	37.45	27.85
PTHR20932	1452.36	1407.68	611.0	30.93	23.0
PTHR18952	1776.0	1731.32	119.0	4.89	3.64
PTHR10552	1229.0	1184.32	291.0	17.52	13.03
PTHR25040	6398.0	6219.28	6857.57	209.21	155.56
PTHR12765	1200.0	1110.64	159.0	20.51	15.26
PTHR12505	3142.0	3052.64	276.0	14.65	10.89
PTHR21481	2826.0	2736.64	54.0	2.8	2.08
PTHR22778	5034.0	4810.61	1522.33	74.08	55.07
PTHR19446	12009.75	11741.67	65421.55	1590.19	1182.41
PTHR12219	2912.0	2867.32	7767.04	192.54	143.17
PTHR13561	5230.05	5096.01	270.0	12.61	9.39
PTHR13563	973.9	929.22	142.0	10.91	8.12
PTHR12210	4326.0	4236.64	5690.98	189.69	141.05
PTHR12215	1294.0	1204.66	31.0	3.65	2.71
PTHR12214	1993.0	1948.32	247.0	9.02	6.71
PTHR12189	1085.0	995.65	62.0	8.82	6.56
PTHR22911	7317.74	7049.65	1330.42	71.28	52.99
PTHR11926	2383.0	2293.64	344.0	21.42	15.94
PTHR19842	1791.0	1746.32	391.0	15.94	11.85
PTHR12183	2218.64	2129.28	1344.0	74.43	55.35
PTHR19849	2217.0	2127.64	308.0	20.68	15.37
PTHR21152	4942.35	4718.94	1890.0	194.97	144.98
PTHR19861	1045.0	1000.32	296.0	21.12	15.71
PTHR30075	4129.0	3950.28	577.0	42.95	31.93
PTHR11632	8533.05	8265.04	23760.63	639.57	475.55
PTHR13102	2260.35	2126.3	401.01	37.43	27.84
PTHR12984	4266.62	4177.26	773.99	26.59	19.77
PTHR23293	6373.0	6194.28	10514.75	429.11	319.07
PTHR13299	1724.0	1679.32	304.0	12.89	9.58
PTHR12652	3473.0	3383.64	1611.0	68.95	51.27
PTHR10925	2662.0	2617.32	3387.5	92.02	68.42
PTHR10920	5135.0	4911.6	1531.17	111.3	82.75
PTHR10584	24888.66	24173.83	24481.31	531.31	395.04
PTHR11527	2227.03	2093.04	1922.33	157.78	117.33
PTHR11525	1644.0	1599.32	1072.0	47.73	35.49
PTHR10859	4005.0	3826.28	900.0	65.46	48.69
PTHR10589	4319.8	4230.44	1311.63	37.86	28.15
PTHR10588	5981.84	5713.79	546.0	30.42	22.61
PTHR13038	2309.0	2264.32	363.0	11.4	8.48
PTHR13748	7683.62	7415.57	4298.74	186.58	138.74
PTHR12126	2853.97	2764.6	4012.04	199.09	148.04
PTHR13743	14001.83	13778.43	1705.0	37.63	27.99
PTHR24015	48899.67	47514.7	31436.92	976.02	725.7
PTHR24012	38180.17	36973.94	30070.09	1967.08	1462.64
PTHR24011	35464.11	34436.61	89248.95	3637.72	2704.89
PTHR31187	8803.0	8624.28	12728.23	337.11	250.66
PTHR10459	6302.73	6079.32	920.0	50.2	37.31
PTHR10458	2043.0	1953.64	165.0	15.45	11.49
PTHR11986	15358.88	14956.78	8364.0	281.74	209.48
PTHR11455	6412.0	6188.66	2235.04	61.18	45.48
PTHR10102	3400.0	3310.64	586.0	25.61	19.04
PTHR11458	1860.0	1770.68	2443.0	117.08	87.06
PTHR10106	886.0	841.32	94.0	7.99	5.94
PTHR31057	2489.3	2355.25	166.0	15.98	11.88
PTHR21141	2842.0	2707.96	63416.05	5183.13	3853.98
PTHR11851	17311.85	16820.43	19895.98	757.82	563.49
PTHR23092	3863.0	3728.96	759.0	44.56	33.14
PTHR23091	11509.73	10973.6	2278.78	134.95	100.34
PTHR11673	999.0	954.32	37568.63	2811.14	2090.26
PTHR11670	8268.5	8000.42	20788.47	631.91	469.86
PTHR11671	1576.0	1531.32	2805.98	130.51	97.04
PTHR20863	2828.78	2694.74	9046.88	833.76	619.95
PTHR20861	3582.0	3492.64	1872.0	71.11	52.87
PTHR11679	7350.62	7216.57	1844.0	57.14	42.49
PTHR14009	5857.95	5768.58	2500.0	60.82	45.23
PTHR10217	9481.77	9213.72	1593.0	52.88	39.32
PTHR10210	6537.0	6447.64	5215.96	136.13	101.23
PTHR31522	1599.0	1554.32	1230.06	56.36	41.91
PTHR14221	2100.0	2055.32	513.0	17.76	13.2
PTHR23163	3206.0	3116.64	325.0	13.71	10.19
PTHR11079	5328.79	5060.75	1100.0	65.41	48.63
PTHR11076	7220.66	6729.26	181.0	22.18	16.48
PTHR11070	5346.0	5211.96	500.0	12.8	9.52
PTHR11071	24067.8	22995.53	19359.36	1461.9	1087.02
PTHR11278	1059.0	1014.32	31996.7	2251.69	1674.27
PTHR14107	1484.56	1439.88	396.16	19.6	14.58
PTHR11276	6329.9	6151.2	549.0	15.89	11.83
PTHR11274	2920.0	2830.64	346.0	16.74	12.45
PTHR14136	4860.53	4681.81	4523.94	303.34	225.53
PTHR31984	3316.0	3226.64	1078.0	45.45	33.8
PTHR15350	2649.0	2559.64	1617.0	71.28	53.01
PTHR15606	2714.0	2624.64	283.0	14.87	11.06
PTHR12374	2713.18	2623.82	1037.0	46.14	34.31
PTHR12375	1863.0	1773.64	422.0	32.6	24.25
PTHR12378	1083.46	1038.78	743.0	51.05	37.96
PTHR18929	17400.55	16819.72	32386.98	1972.51	1466.67
PTHR13976	2294.0	2204.64	508.0	31.71	23.58
PTHR12777	676.0	631.32	1670.02	189.54	140.93
PTHR12775	2761.0	2671.64	1581.71	83.98	62.45
PTHR12770	6743.15	6475.07	376.07	20.94	15.56
PTHR20981	722.0	677.32	31241.07	3302.65	2455.72
PTHR14085	1723.0	1678.32	320.0	13.58	10.09
PTHR16092	1717.0	1627.65	215.0	21.49	15.98
PTHR11035	3295.0	3205.64	226.0	11.06	8.22
PTHR22298	3528.0	3483.32	114.0	2.33	1.73
PTHR12174	5488.35	5354.3	999.97	36.51	27.16
PTHR12175	1825.0	1780.32	336.0	13.43	9.99
PTHR12176	967.0	922.32	66.0	5.11	3.8
PTHR22769	8771.94	8369.83	1891.98	126.68	94.19
PTHR10293	3109.75	2886.44	3386.01	260.16	193.44
PTHR12403	2746.0	2656.64	919.0	55.6	41.35
PTHR22762	6816.69	6727.33	2320.99	48.99	36.44
PTHR22763	1619.0	1529.64	238.0	22.16	16.48
PTHR22761	3460.42	3326.37	5524.98	300.5	223.44
PTHR21231	1242.0	1197.32	255.0	15.19	11.29
PTHR21230	3227.0	3092.96	3302.43	191.66	142.51
PTHR21234	2642.29	2552.92	710.0	40.56	30.16
PTHR21237	1404.0	1359.32	644.0	33.76	25.1
PTHR12202	2266.0	2131.96	353.0	37.19	27.65
PTHR12203	6193.04	6103.68	2918.03	97.86	72.76
PTHR19857	1687.74	1643.06	1307.0	56.64	42.12
PTHR13355	3961.59	3827.56	2192.0	107.76	80.13
PTHR13353	2848.0	2758.64	251.0	12.94	9.62
PTHR19853	3158.0	3068.64	331.0	15.33	11.41
PTHR12197	13376.18	12795.38	1211.91	67.94	50.49
PTHR19858	861.0	816.32	180.0	15.76	11.72
PTHR11932	13986.03	13717.94	4628.99	142.01	105.6
PTHR13822	1460.0	1415.32	4518.79	227.49	169.15
PTHR13271	21866.61	21196.4	3548.0	154.95	115.22
PTHR13138	3099.25	3009.89	245.22	12.19	9.06
PTHR10732	1270.0	1180.65	27019.29	2318.81	1724.18
PTHR10738	2346.27	2256.91	229.0	13.2	9.81
PTHR10739	3541.0	3451.64	1499.0	61.38	45.65
PTHR12992	1823.0	1778.32	311.0	12.45	9.26
PTHR22838	3991.16	3901.8	1015.9	39.46	29.34
PTHR22881	3058.0	2968.64	1406.0	67.89	50.48
PTHR22836	1793.83	1749.15	263.0	10.7	7.96
PTHR22960	2735.0	2645.64	1194.0	68.74	51.12
PTHR11934	2258.0	2168.64	481.0	34.52	25.67
PTHR10693	1638.0	1548.64	305.0	27.62	20.54
PTHR10938	1030.0	985.32	462.0	33.48	24.89
PTHR10934	911.0	866.32	38208.42	3151.58	2343.4
PTHR11510	1633.0	1588.32	2786.0	124.91	92.88
PTHR11516	5748.0	5613.96	5939.92	208.28	154.86
PTHR10025	2310.61	2221.25	1127.85	71.73	53.33
PTHR10026	7065.44	6842.04	2278.97	116.22	86.41
PTHR10027	3449.0	3359.64	247.0	9.8	7.29
PTHR13009	493.0	448.32	80.0	12.84	9.54
PTHR13007	2428.47	2339.11	1718.0	89.82	66.79
PTHR30115	7308.0	7173.96	2797.0	143.56	106.74
PTHR11863	1915.62	1826.33	384.0	22.11	16.44
PTHR17901	3306.01	3216.65	1004.49	40.48	30.09
PTHR24351	5232.92	5143.56	8979.42	251.2	186.79
PTHR20982	1025.0	980.32	427.0	31.1	23.12
PTHR24352	1156.0	1066.64	122.0	16.42	12.21
PTHR11467	1184.0	1139.32	1663.0	104.12	77.42
PTHR10119	7762.0	7627.96	13344.29	289.55	215.3
PTHR10343	3038.0	2903.96	1386.0	95.33	70.88
PTHR10114	808.0	763.32	45044.71	4220.99	3138.57
PTHR10110	16110.73	15663.94	4151.36	232.26	172.7
PTHR11469	4119.87	3985.87	6924.7	239.92	178.39
PTHR10598	1542.0	1497.32	56.0	2.66	1.98
PTHR24286	5055.0	4965.64	3292.0	93.91	69.83
PTHR11864	6341.89	6118.54	6472.0	310.41	230.81
PTHR23426	1135.82	1091.14	851.0	55.65	41.38
PTHR10593	4609.0	4474.96	3494.0	147.84	109.93
