GeneFamily	length	effective_length	expected_count	TPM	FPKM
PTHR11649	13995.33	13582.84	10469.61	347.68	279.58
PTHR31089	2081.03	2039.78	4227.95	103.56	83.27
PTHR31085	11548.82	11342.55	6702.47	161.47	129.83
PTHR11647	3985.24	3861.49	2003.89	76.87	61.81
PTHR11645	3550.0	3426.25	6808.33	272.17	218.86
PTHR11880	2314.13	2190.38	9842.74	578.96	465.54
PTHR11885	2268.0	2144.25	3918.82	235.89	189.68
PTHR10209	10520.13	10272.58	6741.56	188.51	151.58
PTHR32429	5274.85	5151.1	12265.5	422.19	339.48
PTHR31423	1448.0	1406.75	509.0	18.11	14.56
PTHR31551	1670.02	1587.52	965.0	43.01	34.58
PTHR32195	3262.0	3179.48	769.0	22.83	18.36
PTHR11081	6598.83	6351.33	1324.17	43.82	35.23
PTHR11080	2213.47	2130.97	489.0	29.5	23.71
PTHR11082	7802.02	7554.56	2648.06	85.66	68.88
PTHR11085	4163.79	3957.61	1200.21	74.36	59.79
PTHR11089	11366.27	10912.54	3414.6	164.1	131.95
PTHR32518	2675.26	2592.75	1262.0	29.93	24.08
PTHR11247	4558.43	4393.42	1194.05	45.29	36.43
PTHR11246	13748.37	13459.62	6443.32	171.73	138.09
PTHR32512	4210.0	4127.5	604.44	14.5	11.66
PTHR23088	5763.48	5598.5	3133.78	105.59	84.9
PTHR23089	4874.16	4709.15	3959.49	188.88	151.89
PTHR23081	7713.64	7589.88	2491.03	47.87	38.49
PTHR23083	43714.45	42270.93	23280.04	722.87	581.24
PTHR23084	5556.27	5350.02	2603.55	95.48	76.79
PTHR23086	4670.0	4546.25	1072.0	35.0	28.13
PTHR18806	2299.43	2216.93	584.0	25.86	20.79
PTHR31953	3515.46	3350.55	2092.95	114.76	92.28
PTHR15184	12862.45	12532.45	38845.34	1000.9	804.83
PTHR15341	1140.44	1099.2	602.91	27.48	22.1
PTHR32357	5430.44	5306.68	8151.23	203.89	163.95
PTHR12696	5220.0	5055.02	3029.79	64.44	51.82
PTHR12341	2098.07	2056.81	886.26	21.53	17.31
PTHR15160	3885.64	3761.89	34524.46	1565.8	1259.07
PTHR18937	16940.68	16610.66	3661.6	75.12	60.39
PTHR18934	40743.32	39423.38	7510.58	253.21	203.62
PTHR12742	1274.0	1232.75	345.0	14.02	11.27
PTHR12741	18392.74	17856.48	5961.99	135.17	108.7
PTHR19288	4629.31	4505.54	3918.32	128.91	103.64
PTHR12975	4351.0	4268.5	1430.42	33.81	27.19
PTHR13902	11771.71	11565.45	7902.24	158.82	127.7
PTHR13903	7456.21	7249.96	2615.0	81.39	65.44
PTHR22753	8567.0	8278.25	908.24	34.81	27.98
PTHR30615	1026.0	984.75	1271.0	64.73	52.05
PTHR21220	1872.43	1831.18	241.0	6.58	5.29
PTHR22938	2111.0	1904.89	203.0	22.45	18.04
PTHR21597	4510.0	4427.5	674.0	14.86	11.94
PTHR22931	8994.44	8829.45	10253.86	172.94	139.06
PTHR22936	9749.89	9461.14	3307.32	147.15	118.34
PTHR31038	2460.92	2378.42	2396.98	93.9	75.51
PTHR13832	38499.6	37385.81	62307.5	1858.97	1494.85
PTHR31319	3706.33	3582.56	5296.95	187.74	150.97
PTHR21136	10332.1	10002.08	8271.74	321.41	258.45
PTHR12526	46095.88	44899.67	41282.54	1141.96	918.23
PTHR13120	1408.22	1325.72	260.0	18.56	14.93
PTHR22809	2421.0	2338.5	120.99	5.32	4.28
PTHR22807	8153.0	7905.5	931.96	29.42	23.63
PTHR20661	1448.68	1366.18	147.0	9.62	7.74
PTHR10900	7812.5	7523.76	1290.13	53.28	42.83
PTHR10906	6709.39	6503.2	5138.12	157.34	126.51
PTHR10909	17405.8	17034.55	80566.99	1916.97	1541.44
PTHR10055	4016.0	3892.25	1858.0	54.3	43.66
PTHR10057	3321.71	3197.95	2041.92	89.52	71.98
PTHR10052	2225.0	2101.25	4198.0	240.5	193.38
PTHR13017	1553.0	1511.75	141.0	4.67	3.75
PTHR13018	25973.79	25313.8	9400.62	307.24	247.05
PTHR10694	7215.29	6926.53	1449.0	64.08	51.53
PTHR12839	6092.55	5968.83	4723.33	143.52	115.41
PTHR12835	1622.82	1581.56	652.0	20.62	16.58
PTHR24031	79059.84	76420.15	35922.02	1195.91	961.68
PTHR24032	1443.0	1401.75	186.0	6.64	5.34
PTHR23291	4125.42	3960.41	11910.64	482.38	387.88
PTHR24349	235052.97	228453.13	195001.28	5788.74	4654.75
PTHR24619	5330.0	5206.25	4240.02	112.02	90.08
PTHR24343	10643.64	10313.74	16597.87	493.71	397.0
PTHR11472	12512.17	12058.45	561.0	16.71	13.44
PTHR24347	21757.6	21097.62	13448.49	381.29	306.59
PTHR11476	3664.0	3499.05	889.0	45.75	36.79
PTHR11477	4326.0	4161.05	725.0	30.26	24.32
PTHR24305	2189.0	2106.5	296.66	17.02	13.68
PTHR10476	4259.0	4094.0	2959.03	128.96	103.71
PTHR24290	7936.89	7730.67	2569.67	77.95	62.67
PTHR12730	2389.0	2306.5	226.01	9.83	7.9
PTHR23413	948.0	906.75	4675.98	258.8	208.1
PTHR23417	4765.0	4641.25	430.0	17.31	13.92
PTHR23416	5754.67	5589.66	1064.0	42.49	34.17
PTHR23415	847.0	805.75	401.0	25.0	20.1
PTHR12736	1834.0	1792.75	91.0	2.54	2.04
PTHR23418	1061.0	1019.75	5036.04	247.62	199.12
PTHR10877	5998.25	5833.24	13800.31	325.34	261.62
PTHR11879	6941.22	6776.22	25524.1	716.99	576.53
PTHR31096	6453.26	6247.01	16836.04	509.44	409.64
PTHR11655	4098.0	3891.75	13851.73	673.23	541.35
PTHR11652	1183.0	1100.53	9068.0	568.72	457.32
PTHR10436	10741.59	10329.06	1009.0	47.12	37.89
PTHR20883	2603.0	2520.5	7030.03	297.9	239.55
PTHR11895	6497.0	6332.0	2152.66	50.36	40.49
PTHR10277	8191.28	8026.28	7457.26	180.53	145.16
PTHR14027	2329.06	2246.58	681.0	30.25	24.33
PTHR12320	10702.73	10496.48	11831.82	298.71	240.2
PTHR24095	19156.58	18620.38	33145.28	604.83	486.33
PTHR24093	78960.36	76403.19	76533.76	1989.99	1600.15
PTHR23180	20300.34	19722.87	15963.57	557.86	448.57
PTHR14593	4882.07	4717.13	762.0	32.56	26.19
PTHR11093	4110.06	3986.29	623.17	18.46	14.85
PTHR11096	1691.0	1526.09	38.0	4.41	3.55
PTHR23346	14321.04	13991.1	4092.25	97.53	78.41
PTHR11099	2684.0	2601.5	1518.4	59.44	47.8
PTHR10309	1913.0	1871.75	1302.84	34.79	27.97
PTHR14107	2737.64	2696.39	758.0	14.03	11.28
PTHR11252	5447.0	5282.0	1085.0	38.51	30.97
PTHR11254	16635.02	16140.09	11456.91	284.68	228.9
PTHR11255	7302.04	7178.28	14969.04	253.09	203.51
PTHR14110	3793.0	3628.0	2949.88	158.37	127.35
PTHR14374	2439.0	2315.25	160.0	10.12	8.13
PTHR18838	5986.14	5697.49	1611.93	102.39	82.35
PTHR12687	1300.0	1258.75	99.0	3.94	3.17
PTHR15157	3482.95	3359.19	845.0	36.92	29.68
PTHR18901	10793.8	10463.8	17466.7	548.02	440.67
PTHR12755	3559.21	3394.21	487.0	23.02	18.52
PTHR12750	3599.99	3434.99	1936.0	100.69	80.98
PTHR12753	1934.0	1851.52	1139.0	37.51	30.16
PTHR15574	4127.39	3921.15	2046.0	124.38	100.01
PTHR22790	3568.35	3444.6	624.0	31.91	25.66
PTHR16266	4766.16	4559.93	674.0	34.61	27.83
PTHR31811	2547.36	2423.62	205.0	13.18	10.6
PTHR12358	8765.41	8559.15	2660.28	74.21	59.67
PTHR22748	3052.81	2970.31	473.08	15.94	12.81
PTHR12356	2382.16	2299.65	634.14	29.23	23.51
PTHR12221	2847.99	2724.24	454.99	26.48	21.28
PTHR19879	2270.75	2188.24	255.09	10.73	8.63
PTHR12226	4470.28	4346.53	2421.07	86.3	69.39
PTHR19876	8152.0	7945.75	6792.0	138.68	111.51
PTHR19877	3909.22	3744.25	3504.43	124.12	99.81
PTHR31442	3348.95	3183.96	1397.0	81.39	65.45
PTHR12538	1718.0	1594.28	3746.99	272.41	219.05
PTHR12537	6642.7	6477.7	3466.92	97.48	78.38
PTHR12532	1374.0	1332.75	570.0	21.41	17.22
PTHR13486	900.93	859.67	514.01	30.02	24.14
PTHR20275	3535.0	3493.75	3516.98	50.22	40.38
PTHR13489	1746.0	1663.5	270.0	15.56	12.51
PTHR17583	3735.58	3570.57	592.99	36.13	29.05
PTHR13572	1675.0	1633.75	224.0	6.86	5.51
PTHR24198	6590.0	6301.27	1081.02	63.65	51.18
PTHR10048	15516.67	15145.44	5202.85	115.17	92.6
PTHR24193	9238.86	8908.86	10553.24	425.24	341.93
PTHR10044	3360.0	3236.25	2228.96	99.85	80.28
PTHR10687	3856.85	3691.85	3412.54	130.36	104.82
PTHR13069	7065.51	6859.25	2090.88	84.21	67.71
PTHR13068	11249.89	10961.13	3863.15	117.75	94.68
PTHR10682	3155.02	3031.28	2410.21	81.16	65.26
PTHR10683	4132.0	4008.25	47074.85	1378.91	1108.79
PTHR12829	1226.0	1143.51	173.0	14.93	12.01
PTHR12820	2671.41	2506.45	939.05	35.33	28.4
PTHR12826	1036.0	994.75	308.0	15.53	12.49
PTHR12827	2597.0	2390.82	317.0	29.4	23.65
PTHR17920	2109.0	2067.75	566.0	13.68	11.0
PTHR10137	1701.0	1659.75	1210.0	36.46	29.31
PTHR11405	9031.0	8866.0	11465.07	272.12	218.82
PTHR11404	2338.83	2256.36	3724.01	179.31	144.18
PTHR11406	1508.75	1467.49	7178.66	244.75	196.81
PTHR13468	2941.0	2858.5	5893.94	119.73	96.27
PTHR23406	8295.61	8089.34	12558.86	291.23	234.17
PTHR23407	1058.59	1017.33	1110.3	54.72	44.0
PTHR10869	30182.49	29068.82	100059.29	4035.81	3245.2
PTHR31717	3220.0	3137.5	1409.23	37.4	30.07
PTHR13393	1947.0	1905.75	275.0	7.21	5.8
PTHR15169	1197.0	1114.51	118.0	9.95	8.0
PTHR11315	5107.74	4983.98	5978.85	164.29	132.1
PTHR10139	1809.0	1726.5	95.0	5.45	4.38
PTHR10264	7626.02	7378.51	10636.23	439.34	353.28
PTHR10263	7532.45	7202.46	10756.74	499.64	401.76
PTHR12506	2335.0	2293.75	4018.5	87.5	70.36
PTHR31155	1639.54	1598.28	13020.25	407.43	327.62
PTHR32170	3534.0	3410.25	899.03	43.49	34.98
PTHR23350	1059.0	1017.75	369.3	18.19	14.63
PTHR23354	7493.05	7369.29	3397.31	68.61	55.18
PTHR23355	11739.23	11326.74	1731.0	84.04	67.59
PTHR23359	11664.85	11293.66	9193.05	263.29	211.71
PTHR11227	6891.22	6726.21	3564.84	87.89	70.67
PTHR11220	8682.95	8352.94	5743.18	259.64	208.77
PTHR11223	5293.54	5087.37	5621.26	239.28	192.41
PTHR11229	3401.08	3277.32	5580.0	229.17	184.28
PTHR10314	15846.67	15351.66	21294.68	922.32	741.68
PTHR14303	1116.24	1074.99	903.0	42.1	33.86
PTHR23309	4448.37	4283.37	17223.3	888.54	714.48
PTHR23308	5960.0	5753.75	4810.53	190.5	153.18
PTHR11139	31546.77	30721.86	5197.55	169.94	136.62
PTHR15362	1511.0	1428.51	380.04	20.09	16.16
PTHR11132	43720.16	42523.89	58556.59	1726.23	1388.09
PTHR11134	8432.04	8225.78	3875.71	94.23	75.77
PTHR11136	2980.91	2898.4	459.84	16.93	13.61
PTHR32374	1600.0	1558.75	1522.91	48.87	39.3
PTHR31579	3488.0	3405.5	11079.95	297.76	239.43
PTHR32379	1398.0	1356.75	138.0	5.09	4.09
PTHR18919	8213.0	7965.5	37509.34	2070.48	1664.88
PTHR32002	15481.24	14945.0	8287.12	230.86	185.62
PTHR14413	1751.72	1669.21	3937.0	217.27	174.7
PTHR22893	3241.0	3117.25	631.78	21.91	17.63
PTHR10778	3148.0	3065.5	857.0	28.05	22.56
PTHR13789	31508.79	30807.56	36619.26	762.4	613.05
PTHR12786	5018.0	4770.52	5530.85	188.74	151.75
PTHR12782	1572.0	1530.75	346.0	11.31	9.09
PTHR11742	13418.63	13129.87	4347.59	116.13	93.38
PTHR13923	4726.0	4478.55	1371.72	72.33	58.15
PTHR11210	2743.9	2661.39	2155.0	106.28	85.46
PTHR12321	1186.27	1145.01	1533.09	67.08	53.94
PTHR25040	12578.24	12206.99	18630.65	716.08	575.79
PTHR12323	2018.04	1935.54	334.0	13.99	11.25
PTHR16201	9795.42	9506.71	1802.0	62.06	49.92
PTHR21015	4280.54	4198.04	4060.73	97.26	78.21
PTHR16196	788.0	746.75	176.0	11.85	9.53
PTHR16193	953.0	911.75	24.0	1.32	1.06
PTHR22792	6383.64	6177.38	2688.0	149.83	120.48
PTHR21680	3180.28	3097.77	2180.33	72.53	58.33
PTHR21689	6524.83	6442.33	626.96	10.06	8.1
PTHR21113	4869.74	4704.74	542.0	21.26	17.09
PTHR19316	2980.1	2897.6	536.0	20.99	16.88
PTHR21663	2528.67	2446.2	2270.89	85.78	68.98
PTHR13253	13595.83	13142.07	12429.28	525.41	422.48
PTHR21206	1186.8	1145.55	504.0	22.04	17.73
PTHR10072	6478.48	6272.22	22734.57	953.01	766.32
PTHR10071	5996.99	5831.99	8342.12	213.76	171.88
PTHR24188	9072.03	8865.77	2240.97	58.89	47.36
PTHR13780	17193.62	16657.61	17769.95	562.71	452.48
PTHR10670	7342.75	7136.5	1215.99	39.78	31.98
PTHR10677	2441.0	2276.0	440.01	39.23	31.55
PTHR13078	2126.61	2002.91	1186.12	58.95	47.4
PTHR12815	5052.14	4928.54	2591.93	86.37	69.45
PTHR12814	1932.0	1849.5	278.01	14.7	11.81
PTHR24361	46137.35	44817.36	17874.04	593.86	477.54
PTHR24362	17486.23	16908.8	4023.28	133.21	107.11
PTHR10416	1417.6	1335.09	440.0	33.18	26.68
PTHR10410	7334.74	7087.23	6479.77	235.39	189.28
PTHR10783	3834.41	3669.42	931.0	48.42	38.94
PTHR10782	7962.73	7715.24	833.0	30.57	24.57
PTHR13476	1339.99	1298.74	585.95	22.59	18.16
PTHR10788	9809.13	9602.87	8589.91	282.79	227.39
PTHR10891	31908.13	30876.94	22518.65	750.27	603.28
PTHR10890	5653.0	5529.25	1970.0	64.4	51.78
PTHR20426	974.0	932.75	206.0	11.08	8.91
PTHR23213	13570.0	13116.3	4519.0	135.93	109.3
PTHR10520	5159.8	5036.05	6283.5	194.68	156.55
PTHR10250	2812.16	2688.4	2507.01	146.51	117.81
PTHR10527	20851.12	20232.45	5663.36	131.1	105.41
PTHR31384	14733.32	14362.12	4703.68	108.25	87.04
PTHR10098	2158.0	2075.5	1629.0	54.08	43.49
PTHR10091	1374.02	1332.76	665.0	24.98	20.08
PTHR31140	1833.37	1792.12	656.0	18.3	14.71
PTHR31412	5442.0	5318.25	1366.43	41.15	33.09
PTHR11787	3763.61	3639.89	8606.82	233.82	188.01
PTHR11785	33011.75	32104.22	21814.89	725.96	583.73
PTHR11782	6277.65	6071.39	2420.26	79.41	63.85
PTHR31419	2284.04	2242.78	1768.0	39.37	31.66
PTHR11780	3422.0	3298.25	3581.0	86.87	69.86
PTHR32497	1925.0	1842.5	719.0	38.79	31.19
PTHR13600	1688.77	1647.51	649.0	19.7	15.84
PTHR21141	5073.38	4784.69	22387.99	1420.57	1142.29
PTHR32148	4172.0	3965.76	11713.5	623.57	501.42
PTHR23324	6457.94	6334.18	8790.93	212.3	170.71
PTHR23327	4370.0	4205.0	2902.18	142.67	114.72
PTHR23326	5997.77	5832.77	1578.0	50.23	40.4
PTHR23321	2759.13	2635.41	705.0	41.51	33.38
PTHR23323	7173.0	6843.01	2267.23	123.59	99.37
PTHR23322	7851.97	7563.23	2117.24	86.68	69.71
PTHR23329	4796.24	4672.48	666.0	21.4	17.21
PTHR11236	6154.97	5948.71	824.0	32.61	26.22
PTHR10322	11205.0	10792.53	334.0	10.67	8.56
PTHR11239	3219.8	3096.05	1434.88	73.65	59.22
PTHR10803	6042.34	5918.59	2852.79	60.96	49.01
PTHR13803	11353.0	11064.28	3452.83	70.28	56.52
PTHR31964	24083.92	23258.87	182376.02	7379.35	5933.78
PTHR10552	1699.24	1616.73	576.0	28.89	23.23
PTHR23030	3046.0	3004.75	2826.0	46.94	37.74
PTHR11129	3585.48	3420.48	818.33	46.3	37.23
PTHR15316	3819.0	3654.07	2095.55	68.17	54.8
PTHR11127	1681.65	1557.99	5559.19	381.13	306.46
PTHR11125	3779.0	3614.0	2409.0	120.6	96.99
PTHR10855	3624.0	3541.5	3173.0	87.59	70.43
PTHR31566	2366.58	2325.32	2050.92	44.05	35.42
PTHR31567	1545.0	1503.75	1383.0	46.01	37.0
PTHR31561	3013.0	2889.31	140.0	4.44	3.57
PTHR15137	2650.0	2567.5	67.0	2.68	2.16
PTHR14950	3062.0	2979.5	122.0	4.06	3.27
PTHR22939	18072.82	17619.05	10747.85	316.84	254.77
PTHR11264	1519.0	1477.75	348.0	11.78	9.47
PTHR15954	2712.0	2670.75	1304.38	24.38	19.61
PTHR15952	3693.6	3652.35	543.0	7.42	5.96
PTHR21319	4990.54	4908.04	2236.0	48.09	38.67
PTHR30612	7183.0	7100.5	4305.82	62.1	49.93
PTHR19271	3333.62	3209.86	128.0	5.84	4.71
PTHR22932	1137.66	1096.41	3239.96	148.1	119.09
PTHR19861	1251.0	1209.75	910.0	37.68	30.3
PTHR12029	8653.97	8365.21	3019.98	106.84	85.9
PTHR12233	1315.38	1274.12	469.0	18.43	14.82
PTHR22780	11270.0	11063.75	6485.09	112.29	90.29
PTHR30535	5091.46	4926.45	2721.82	103.79	83.47
PTHR11952	2614.06	2490.33	1586.99	62.53	50.27
PTHR21477	5369.24	5204.23	1840.0	75.44	60.68
PTHR19308	8360.02	8195.02	18777.31	494.21	397.39
PTHR16301	1199.07	1116.57	259.25	23.26	18.71
PTHR13265	2117.66	2035.15	1010.61	45.62	36.69
PTHR22870	25745.28	24879.12	11607.02	555.37	446.56
PTHR17630	1908.0	1825.5	2312.31	128.96	103.7
PTHR10064	1389.0	1306.5	3633.99	250.1	201.11
PTHR10066	2847.0	2640.79	220.85	21.04	16.92
PTHR10060	2216.0	2133.5	264.95	11.03	8.87
PTHR10663	36345.65	35644.41	14326.18	280.29	225.4
PTHR10666	7252.68	6963.92	94302.91	4513.76	3629.55
PTHR10668	13304.55	12933.34	9017.54	285.07	229.22
PTHR12801	1911.0	1828.5	342.08	18.6	14.96
PTHR12802	2369.25	2245.5	714.0	40.42	32.5
PTHR12805	1551.42	1510.16	318.99	10.57	8.5
PTHR12806	1143.65	1102.39	247.53	11.25	9.05
PTHR21091	18479.45	17984.44	28277.53	751.95	604.65
PTHR21090	6343.78	6178.83	5287.07	136.96	110.12
PTHR21228	6198.63	6074.87	1949.88	49.95	40.16
PTHR24314	5886.0	5721.0	3301.73	99.14	79.72
PTHR11933	1040.0	998.75	103.0	5.17	4.16
PTHR24316	9969.34	9556.91	10719.12	366.36	294.58
PTHR11426	4707.97	4460.5	11155.79	608.34	489.17
PTHR11937	15789.62	15335.92	28990.19	862.43	693.46
PTHR11938	10037.36	9707.35	25412.92	756.64	608.42
PTHR21139	2302.0	2178.27	536.0	21.9	17.62
PTHR13683	33521.53	32572.82	16255.08	423.2	340.28
PTHR24089	70712.66	68526.39	47654.41	1807.12	1453.11
PTHR10796	2186.0	2144.75	2532.42	58.98	47.43
PTHR10794	7472.19	7307.19	3272.98	99.96	80.38
PTHR10795	8966.79	8678.09	3222.02	134.32	108.01
PTHR10792	3924.0	3717.76	5329.32	325.77	261.95
PTHR10799	79044.8	76858.64	19284.17	543.8	437.23
PTHR10882	1189.69	1148.44	276.59	12.07	9.7
PTHR10887	49644.36	48159.48	7906.31	277.01	222.77
PTHR11686	4509.0	4344.05	2703.42	147.05	118.25
PTHR11685	2473.86	2391.35	4085.93	171.34	137.79
PTHR11680	8621.0	8414.82	21995.08	571.17	459.28
PTHR24221	33637.59	32771.47	20709.05	520.78	418.75
PTHR24220	8988.5	8658.49	4968.3	197.07	158.46
PTHR24223	53235.09	51296.58	149462.38	6881.9	5533.78
PTHR11689	20645.7	20274.45	7183.4	112.35	90.34
PTHR10252	3006.4	2882.64	3442.01	163.55	131.52
PTHR10537	2037.0	1995.75	77.0	1.93	1.55
PTHR13124	1575.0	1533.75	567.0	18.49	14.87
PTHR31173	3014.0	2972.75	1354.0	22.73	18.28
PTHR10099	4717.0	4634.5	3198.99	77.34	62.19
PTHR10997	19027.51	18573.77	7481.7	187.54	150.83
PTHR31356	9540.46	9251.7	17205.18	597.66	480.57
PTHR31352	14890.06	14601.28	27079.6	675.78	543.39
PTHR31350	3133.79	3051.28	5618.91	181.96	146.31
PTHR11758	1205.0	1122.5	719.0	64.85	52.14
PTHR23333	1864.0	1781.5	497.0	21.8	17.53
PTHR11203	11479.2	11149.21	3157.28	109.47	88.04
PTHR11753	4315.0	4108.75	2688.01	149.78	120.43
PTHR11200	17740.91	17452.14	10247.91	222.87	179.21
PTHR24423	81074.01	79135.25	263727.29	3655.35	2939.31
PTHR11206	16006.27	15717.52	7157.64	150.49	121.01
PTHR23338	2729.0	2564.02	1731.0	91.46	73.54
PTHR23339	3824.0	3741.5	2798.98	60.57	48.71
PTHR10332	1973.91	1932.65	326.0	8.43	6.78
PTHR14145	3884.0	3801.5	2983.0	81.99	65.94
PTHR12561	1091.89	1050.63	297.95	14.22	11.43
PTHR15744	2006.31	1882.55	185.0	13.54	10.89
PTHR23023	2583.0	2500.56	317.0	7.43	5.97
PTHR31385	3025.38	2942.87	3891.73	125.94	101.26
PTHR31142	3056.56	2932.79	3578.0	144.65	116.31
PTHR21294	1489.0	1447.75	6555.88	226.58	182.2
PTHR11119	6226.63	6061.62	440.0	13.51	10.86
PTHR31595	2467.0	2384.5	140.32	5.8	4.67
PTHR31596	1113.0	1071.75	119.0	5.57	4.48
PTHR15948	1756.39	1715.13	303.0	8.83	7.1
PTHR32026	45019.29	43781.81	28947.6	988.62	794.93
PTHR31829	1450.0	1408.75	1607.0	57.09	45.9
PTHR22846	1290.0	1248.75	241.0	9.66	7.77
PTHR19241	63200.09	61467.78	55692.95	1602.39	1288.46
PTHR15239	2128.0	2004.27	263.85	16.95	13.63
PTHR12497	2232.0	2190.75	644.0	14.68	11.81
PTHR12652	2987.0	2904.5	7914.03	254.02	204.26
PTHR12304	3138.0	3055.5	2692.79	79.73	64.11
PTHR30540	2841.0	2799.75	1272.0	22.68	18.24
PTHR13302	2936.0	2812.25	1288.0	70.82	56.94
PTHR12472	1863.0	1821.75	483.87	13.28	10.68
PTHR13308	1371.24	1288.78	883.0	61.68	49.6
PTHR12477	5821.25	5656.24	5650.88	148.47	119.38
PTHR13878	2695.0	2653.75	605.86	11.4	9.16
PTHR21461	41481.4	40450.14	18416.94	555.56	446.74
PTHR13872	9042.0	8712.01	8554.0	367.43	295.45
PTHR22849	14943.98	14490.21	7010.34	205.79	165.49
PTHR21314	1464.45	1423.2	210.0	7.38	5.94
PTHR13271	46940.57	45414.39	24074.99	933.92	750.99
PTHR22841	2067.0	1943.29	73.0	5.04	4.05
PTHR22847	37210.45	36014.28	9818.64	434.87	349.67
PTHR22844	11431.87	11060.63	6565.8	203.84	163.91
PTHR31606	1280.0	1238.75	1519.0	61.41	49.38
PTHR23284	1791.0	1749.75	906.0	25.89	20.82
PTHR21266	9377.23	9170.96	12343.17	315.88	254.01
PTHR12271	9003.05	8838.04	2871.47	56.38	45.34
PTHR21262	10385.63	10096.87	5739.1	212.88	171.18
PTHR12276	4920.0	4837.5	2890.35	59.41	47.78
PTHR10657	1752.0	1669.5	2002.0	131.94	106.1
PTHR16557	1986.0	1944.75	837.91	21.53	17.31
PTHR10655	1456.0	1414.75	1421.54	50.28	40.43
PTHR10652	4040.36	3875.37	10133.35	484.6	389.67
PTHR17972	3401.0	3236.0	162.0	9.27	7.46
PTHR21085	1966.0	1924.75	2310.0	59.98	48.23
PTHR11922	7585.69	7379.43	3364.83	109.19	87.79
PTHR10438	22538.41	21672.17	44583.01	2116.07	1701.54
PTHR11926	5157.51	4992.5	1998.24	53.11	42.7
PTHR11431	2824.0	2700.31	28889.48	1021.83	821.66
PTHR10434	3461.0	3378.5	2086.0	65.26	52.47
PTHR24096	22003.68	21384.95	23691.09	721.9	580.47
PTHR13693	9725.45	9395.44	11490.28	310.65	249.79
PTHR13691	1849.0	1766.5	4077.0	182.19	146.5
PTHR24092	21657.32	21162.34	16966.92	385.46	309.97
PTHR13451	4503.17	4379.41	2305.51	64.82	52.11
PTHR13452	468.87	427.62	97.0	11.48	9.23
PTHR13152	1696.0	1613.5	105.0	6.22	5.0
PTHR12901	1318.96	1277.73	248.0	9.72	7.81
PTHR12903	2882.0	2758.26	5018.0	200.37	161.12
PTHR23237	964.0	922.75	568.0	30.89	24.84
PTHR10501	5193.3	4987.04	2928.99	137.41	110.48
PTHR31169	1316.0	1274.75	576.0	22.62	18.19
PTHR12277	7022.87	6857.86	7755.0	195.91	157.54
PTHR10168	3865.0	3700.0	6108.03	324.51	260.95
PTHR14087	1452.0	1410.75	250.0	8.87	7.13
PTHR14085	896.11	854.86	243.0	14.27	11.47
PTHR31344	3900.0	3776.25	1362.0	52.88	42.51
PTHR31619	1795.0	1753.75	3900.04	111.18	89.4
PTHR23306	3339.0	3215.25	607.0	24.15	19.42
PTHR23305	4784.86	4661.11	2753.0	88.91	71.48
PTHR14089	3023.0	2940.5	1605.0	40.56	32.61
PTHR11748	5186.69	5062.93	1541.09	37.4	30.07
PTHR11214	5962.32	5714.81	2525.06	141.53	113.81
PTHR11216	8639.0	8432.75	2766.74	63.77	51.28
PTHR14154	11210.01	10673.81	10945.29	637.31	512.44
PTHR14155	37692.61	36537.57	20649.62	669.43	538.27
PTHR10343	12709.07	12296.58	7878.57	286.96	230.75
PTHR11699	19083.53	18588.54	31917.73	773.81	622.22
PTHR11692	2443.0	2401.75	4524.31	94.07	75.64
PTHR11693	3825.0	3618.78	11666.67	641.62	515.94
PTHR11695	21197.44	20537.43	19949.92	761.69	612.47
PTHR31760	1629.63	1588.37	351.52	11.07	8.9
PTHR31906	11287.0	10957.0	10250.39	402.57	323.7
PTHR21419	1778.0	1736.75	3242.0	93.33	75.04
PTHR23012	12458.45	12128.42	8884.92	272.86	219.41
PTHR11101	2044.0	2002.75	874.0	21.81	17.53
PTHR11102	14000.59	13629.3	13121.05	412.96	332.06
PTHR11106	4922.47	4757.48	1994.09	65.03	52.29
PTHR31585	6176.12	5969.87	1543.0	48.7	39.17
PTHR32125	2700.0	2617.5	3272.0	127.05	102.16
PTHR31588	5435.86	5312.11	5455.99	126.48	101.7
PTHR32120	1863.0	1821.75	236.0	6.48	5.21
PTHR15680	2434.0	2351.5	5776.0	244.89	196.91
PTHR10281	5388.0	5181.75	1645.0	71.04	57.12
PTHR26312	7964.26	7758.0	7987.92	216.99	174.48
PTHR18895	2434.0	2351.5	224.0	8.2	6.59
PTHR12486	1130.83	1089.58	200.0	9.2	7.4
PTHR12480	5462.15	5214.65	1571.0	87.91	70.7
PTHR12482	4990.59	4866.84	1248.1	35.62	28.64
PTHR11042	5121.88	4833.18	378.0	27.88	22.43
PTHR11122	4743.74	4619.98	3866.4	124.83	100.38
PTHR12317	9471.31	9141.32	3206.77	91.55	73.62
PTHR12649	1592.0	1509.56	2238.0	90.71	72.94
PTHR13992	653.0	611.75	138.0	11.36	9.14
PTHR12461	6072.03	5824.55	419.0	18.96	15.22
PTHR12466	2135.94	2094.68	649.0	15.48	12.45
PTHR13847	10500.29	10129.04	14970.62	540.77	434.84
PTHR22854	2899.0	2816.49	3245.17	107.28	86.26
PTHR12001	5940.29	5734.09	5030.6	216.31	173.93
PTHR21327	5847.0	5723.25	1091.0	28.85	23.2
PTHR21631	5910.8	5787.05	86397.53	1994.17	1603.52
PTHR22855	7275.0	6986.32	28517.48	1310.49	1053.79
PTHR22850	19954.67	19459.65	7652.06	227.14	182.63
PTHR22504	1128.0	1086.75	2649.0	122.17	98.24
PTHR12189	3782.76	3700.25	850.0	22.5	18.08
PTHR21256	2301.0	2218.53	3110.0	81.78	65.76
PTHR12265	370.0	328.77	15.0	2.32	1.87
PTHR12266	5519.94	5354.94	2693.0	106.44	85.59
PTHR10648	7086.3	6838.8	9164.02	221.78	178.33
PTHR30178	2903.15	2779.42	15193.34	605.6	486.96
PTHR10641	22088.32	21428.38	6276.54	159.39	128.14
PTHR19842	1103.28	1062.03	186.95	8.82	7.09
PTHR10644	14295.0	13841.26	6864.21	187.66	150.9
PTHR12864	3691.48	3526.48	1519.0	76.36	61.4
PTHR12860	2644.0	2520.25	1289.01	61.64	49.56
PTHR13194	3022.99	2857.98	349.0	26.34	21.19
PTHR13190	1645.59	1563.09	306.0	20.94	16.84
PTHR13193	771.0	729.75	182.0	12.54	10.08
PTHR11913	1976.0	1893.5	9387.31	522.26	419.95
PTHR11911	8514.88	8226.18	50731.77	2111.39	1697.78
PTHR11910	2113.68	2031.18	10355.5	515.96	414.89
PTHR10871	4406.0	4199.75	13254.31	707.68	569.05
PTHR12919	886.01	844.76	605.0	35.96	28.92
PTHR12910	792.0	750.75	1564.01	104.72	84.2
PTHR12917	3933.18	3809.42	2936.06	116.01	93.29
PTHR11351	2998.0	2915.5	911.99	25.9	20.83
PTHR11353	36991.0	36166.0	24677.63	662.77	532.91
PTHR11599	24421.0	23431.0	34730.36	1447.39	1163.85
PTHR10516	24281.14	23414.91	30914.26	1323.86	1064.52
PTHR11592	5604.85	5398.6	8601.15	349.09	280.7
PTHR31724	3225.15	3101.39	1373.0	67.54	54.32
PTHR13734	3809.56	3685.82	1460.06	41.59	33.45
PTHR31098	5079.0	4955.25	4633.94	107.26	86.25
PTHR31620	7199.0	6992.75	5422.65	171.33	137.76
PTHR23315	76016.83	74201.89	59110.91	1604.45	1290.17
PTHR23316	6666.89	6501.88	8090.77	159.56	128.3
PTHR11778	3085.0	3002.5	1745.54	58.95	47.41
PTHR11777	10023.18	9858.18	6132.94	124.77	100.32
PTHR11774	4935.0	4728.76	557.0	32.23	25.92
PTHR11773	5315.9	5109.65	3939.0	177.99	143.13
PTHR11772	10524.74	10277.23	51185.68	1629.06	1309.94
PTHR10357	41220.5	40354.22	60404.24	1190.38	957.18
PTHR10353	15092.16	14514.92	6129.57	208.81	167.88
PTHR10350	3802.0	3595.77	1690.0	105.11	84.52
PTHR10351	1606.13	1523.62	9973.32	567.9	456.65
PTHR32557	2087.0	2045.75	2145.95	52.41	42.14
PTHR10359	7416.37	7168.91	934.0	35.57	28.61
PTHR31750	1570.0	1528.75	289.0	9.46	7.6
PTHR14189	1419.0	1336.56	1833.97	110.6	88.94
PTHR32228	1481.0	1439.75	180.0	6.26	5.03
PTHR31245	1415.31	1332.81	1095.02	82.43	66.28
PTHR23001	4514.17	4349.17	7901.93	238.96	192.16
PTHR23002	3631.25	3466.25	1738.0	65.77	52.89
PTHR11177	4230.62	4106.86	918.98	37.06	29.8
PTHR10445	1318.0	1276.75	626.0	24.55	19.74
PTHR11178	3832.01	3667.02	3775.17	177.3	142.57
PTHR14456	1590.0	1507.52	224.0	16.33	13.13
PTHR31808	1958.0	1875.5	2565.9	139.81	112.42
PTHR31803	4515.17	4391.41	2548.03	75.39	60.62
PTHR11009	3380.0	3297.5	874.0	27.08	21.78
PTHR30075	3842.0	3759.5	591.05	15.23	12.25
PTHR19229	18575.37	17915.44	6806.04	205.07	164.89
PTHR14255	5650.73	5526.98	799.0	26.38	21.21
PTHR11482	8380.66	8256.91	106978.79	1463.58	1176.87
PTHR11005	9891.09	9561.08	3758.97	94.54	76.02
PTHR11006	9290.94	9043.44	3541.89	133.83	107.62
PTHR18640	2413.8	2290.08	131.0	6.21	4.99
PTHR18866	13973.7	13602.48	15935.26	513.75	413.11
PTHR12022	831.0	789.75	2004.91	127.55	102.56
PTHR15074	4509.0	4426.5	4963.01	101.18	81.35
PTHR15588	2465.35	2341.58	1595.02	91.03	73.2
PTHR12677	7275.51	7027.99	4316.07	152.34	122.5
PTHR19134	4140.83	4058.33	1882.82	44.98	36.16
PTHR19139	1957.0	1874.5	158.0	6.04	4.86
PTHR30566	2840.0	2757.5	467.0	20.93	16.83
PTHR12456	1201.03	1159.78	162.0	7.0	5.63
PTHR12452	832.0	790.75	461.0	29.29	23.55
PTHR13343	5773.0	5566.75	2476.11	102.52	82.44
PTHR19359	2577.83	2412.83	1283.0	69.35	55.76
PTHR12072	3049.04	2925.3	809.99	46.14	37.1
PTHR13218	575.0	533.75	281.09	26.57	21.37
PTHR13215	1463.49	1422.23	2702.98	95.11	76.47
PTHR13213	3133.75	2968.74	108.0	6.68	5.37
PTHR21530	4121.0	4038.5	1569.0	35.92	28.89
PTHR12295	7937.0	7772.0	2604.0	74.93	60.26
PTHR12298	3188.3	2982.04	435.54	36.06	29.0
PTHR10638	5205.0	5122.5	3563.12	68.9	55.4
PTHR10634	3453.0	3329.25	15271.97	568.43	457.08
PTHR10631	4749.93	4584.91	1146.0	45.49	36.58
PTHR10984	8550.24	8179.03	1655.64	84.09	67.61
PTHR12858	4115.0	3991.25	458.04	16.5	13.28
PTHR13505	1415.99	1333.54	1017.0	48.43	38.95
PTHR12850	1703.0	1579.27	6345.96	434.3	349.23
PTHR12856	2466.0	2383.5	162.0	6.88	5.54
PTHR12855	630.0	588.75	66.0	5.65	4.54
PTHR12854	586.0	544.75	80.0	7.41	5.96
PTHR13182	2543.05	2419.32	1069.0	35.57	28.6
PTHR10182	2779.7	2697.2	8944.88	365.25	293.69
PTHR10743	3017.0	2893.25	740.0	33.5	26.93
PTHR10742	21518.96	20941.49	8835.69	252.58	203.09
PTHR10745	2931.0	2848.5	2759.01	58.04	46.67
PTHR10744	4206.52	4000.26	8992.04	476.5	383.16
PTHR10746	3079.0	2996.5	7295.83	288.39	231.89
PTHR12924	1393.0	1351.75	1393.0	51.58	41.48
PTHR11659	2056.0	2014.75	1468.0	36.41	29.27
PTHR11525	1587.98	1546.72	464.94	15.04	12.09
PTHR11349	5014.06	4725.31	2152.0	117.94	94.85
PTHR10566	37353.51	36322.31	14222.55	445.21	357.99
PTHR10293	5586.0	5297.28	7652.99	457.68	368.01
PTHR10291	1907.0	1865.75	270.0	7.23	5.82
PTHR11584	8679.41	8514.41	6186.17	123.97	99.68
PTHR11586	1144.0	1102.75	1190.48	54.1	43.5
PTHR11918	6338.35	6214.59	1508.64	34.28	27.56
PTHR11909	9989.12	9659.11	15368.44	474.96	381.93
PTHR24320	7120.02	6831.26	895.97	43.28	34.81
PTHR24322	25965.05	25098.79	13977.5	467.43	375.86
PTHR11907	2195.0	2153.75	2733.0	63.39	50.97
PTHR11760	1844.0	1761.5	6779.65	265.8	213.73
PTHR11761	1004.0	921.5	3586.49	443.13	356.32
PTHR11766	1859.0	1817.75	3332.04	91.63	73.68
PTHR11767	9969.37	9721.86	3437.54	78.33	62.98
PTHR10361	9850.97	9603.46	3885.93	121.11	97.39
PTHR10366	40491.83	39295.59	107810.52	3439.7	2765.88
PTHR10169	9749.99	9543.73	2613.35	66.24	53.26
PTHR32442	2058.0	2016.75	3230.16	80.03	64.35
PTHR20973	1509.35	1468.1	214.0	7.29	5.86
PTHR10165	4088.41	3964.64	1201.51	50.59	40.68
PTHR31032	3420.0	3337.5	2393.51	71.77	57.71
PTHR23257	43648.79	42370.26	24497.45	709.55	570.56
PTHR23253	6696.0	6324.76	4885.23	283.41	227.89
PTHR14190	3107.0	3065.75	1089.0	17.73	14.25
PTHR14194	9528.03	9239.26	7862.58	269.98	217.08
PTHR31251	7521.0	7397.25	1790.66	36.43	29.3
PTHR23074	18688.51	18317.26	9275.68	214.66	172.6
PTHR23077	17609.88	17114.86	20581.7	646.72	520.03
PTHR23076	35208.38	34259.63	34426.2	987.94	794.4
PTHR23073	14104.05	13609.06	19880.77	648.0	521.06
PTHR12560	4378.55	4254.8	779.94	22.08	17.75
PTHR23078	3312.33	3188.58	2087.75	58.94	47.4
PTHR11165	2087.0	2004.5	4018.39	199.96	160.79
PTHR32100	7919.55	7630.8	4824.74	154.31	124.09
PTHR14534	1495.69	1454.43	364.15	12.53	10.07
PTHR14445	2498.0	2415.51	314.01	12.11	9.74
PTHR23109	4283.25	4159.5	625.26	24.12	19.4
PTHR23102	4557.16	4433.4	1714.78	54.44	43.78
PTHR23105	12028.43	11492.18	30909.62	1662.39	1336.74
PTHR11010	6125.0	5877.56	1508.0	37.37	30.04
PTHR11014	10346.57	10140.31	7665.42	189.04	152.01
PTHR14152	2119.0	2036.5	273.0	9.7	7.8
PTHR12668	3326.0	3202.25	2018.1	102.64	82.54
PTHR12661	1448.53	1407.28	172.0	6.12	4.92
PTHR12663	6323.34	6117.09	1784.48	84.75	68.15
PTHR12664	1370.0	1328.75	342.07	12.89	10.36
PTHR16166	29901.46	29488.95	15583.52	250.39	201.34
PTHR12111	3240.14	3157.63	1749.0	56.9	45.76
PTHR12446	2833.99	2710.24	710.0	38.03	30.59
PTHR12447	2104.0	2021.5	747.05	38.38	30.87
PTHR15481	676.0	634.75	8.0	0.63	0.51
PTHR26379	2125.0	2083.75	1333.0	31.96	25.7
PTHR12599	2588.57	2506.07	3653.61	145.75	117.2
PTHR12596	7241.61	7076.6	2523.28	58.77	47.26
PTHR12590	1512.67	1430.17	302.0	21.29	17.12
PTHR12066	1635.89	1470.98	296.0	37.71	30.32
PTHR12064	3300.0	3176.25	261.03	12.33	9.92
PTHR13226	1103.88	1062.63	640.0	30.19	24.28
PTHR13889	5954.31	5748.06	1810.96	93.18	74.92
PTHR13887	2540.68	2416.99	953.6	47.74	38.4
PTHR21181	2169.0	2086.5	1254.0	68.85	55.36
PTHR13948	2386.8	2263.07	460.0	34.24	27.54
PTHR10459	6998.0	6709.25	1071.0	41.09	33.06
PTHR12146	2030.0	1906.25	4128.54	361.65	290.8
PTHR10458	2644.87	2562.37	1391.89	56.38	45.33
PTHR19306	5606.7	5524.19	2081.0	39.37	31.66
PTHR21506	2890.0	2848.75	446.0	7.81	6.28
PTHR12280	4615.0	4408.79	3677.02	141.69	113.93
PTHR12281	3091.0	2926.0	2848.64	102.35	82.3
PTHR12286	4051.0	3927.28	3220.0	85.74	68.94
PTHR30573	3005.0	2922.5	632.78	20.08	16.15
PTHR22983	4650.48	4526.74	617.0	10.33	8.3
PTHR22981	10445.44	10239.18	41802.31	746.1	599.94
PTHR10947	3170.0	3087.5	1917.0	44.17	35.52
PTHR30191	5001.36	4795.15	1779.0	64.56	51.92
PTHR13082	731.0	689.75	753.52	54.96	44.19
PTHR10629	11019.0	10730.25	1197.39	41.22	33.14
PTHR10994	46804.74	45484.76	31727.0	918.53	738.6
PTHR10996	11433.0	11102.99	7473.58	203.16	163.34
PTHR10625	13186.16	12814.92	3985.03	145.11	116.67
PTHR10992	53553.26	51985.74	48548.94	1846.85	1485.02
PTHR10993	1784.56	1702.05	601.49	27.48	22.1
PTHR17695	4723.0	4434.31	449.0	31.45	25.29
PTHR12848	5870.01	5787.51	873.0	17.07	13.72
PTHR12849	2556.9	2474.39	562.02	14.11	11.35
PTHR21712	1361.0	1319.75	211.0	8.0	6.44
PTHR12847	6121.11	5914.85	3089.9	122.27	98.32
PTHR12841	993.0	951.75	489.0	25.78	20.73
PTHR21290	1427.1	1385.84	114.98	4.15	3.34
PTHR21349	1424.0	1382.75	507.0	18.35	14.76
PTHR21347	2675.13	2592.62	933.0	23.46	18.87
PTHR21343	2324.0	2282.75	598.79	13.1	10.53
PTHR10196	7806.0	7641.0	4799.34	102.78	82.63
PTHR10192	1819.91	1696.16	229.0	20.56	16.54
PTHR10751	12396.5	12107.74	3389.76	85.49	68.74
PTHR10755	2605.0	2522.5	2168.0	70.25	56.49
PTHR10758	4002.0	3878.25	4101.28	161.37	129.77
PTHR10759	1840.0	1716.25	7002.92	450.27	362.06
PTHR12932	1409.84	1368.59	8512.0	311.29	250.31
PTHR12934	2113.73	2031.23	8879.68	375.58	302.01
PTHR11451	9907.13	9700.89	7546.99	186.91	150.3
PTHR10288	6359.74	5988.62	5212.0	304.89	245.18
PTHR11800	2784.49	2701.99	2191.14	79.52	63.94
PTHR11802	12645.37	12150.39	7259.84	224.18	180.25
PTHR11804	10050.0	9843.75	6264.4	181.4	145.87
PTHR11807	5850.53	5726.76	1032.86	27.24	21.9
PTHR11374	3417.53	3335.03	10143.94	269.54	216.73
PTHR11808	6401.25	6153.81	3089.0	81.32	65.38
PTHR10283	13924.34	13594.33	4625.33	118.05	94.93
PTHR10285	16830.05	16335.04	19180.31	717.43	576.87
PTHR10286	30318.23	29699.46	8559.51	257.35	206.93
PTHR11579	1844.0	1802.75	3902.89	108.22	87.02
PTHR13355	3925.73	3801.98	1453.0	56.73	45.62
PTHR13718	5854.6	5565.88	11907.53	519.3	417.58
PTHR13711	7488.37	7240.87	762.0	32.51	26.15
PTHR13710	17805.13	17310.12	1356.01	44.24	35.59
PTHR11977	6989.68	6907.17	5551.94	72.04	57.92
PTHR22970	885.0	802.51	58.0	8.08	6.5
PTHR11972	5313.77	5066.33	1512.0	40.39	32.48
PTHR31480	1828.0	1786.75	109.0	3.05	2.45
PTHR31485	13751.86	13421.86	5724.85	147.41	118.54
PTHR11715	936.0	894.75	3421.05	191.9	154.31
PTHR11717	3569.9	3446.14	3666.34	157.87	126.94
PTHR11711	14476.35	13940.06	24340.2	1101.31	885.58
PTHR11712	7642.76	7436.5	4670.92	128.89	103.63
PTHR10374	5478.82	5313.91	15125.75	444.93	357.77
PTHR10178	2337.87	2255.39	371.0	10.4	8.36
PTHR20961	42403.01	41206.83	13657.02	467.15	375.61
PTHR10173	6507.57	6218.81	8586.12	470.11	378.02
PTHR10177	8615.56	8409.3	3928.33	100.88	81.13
PTHR10174	14265.4	13811.7	7454.11	305.38	245.55
PTHR23249	1542.0	1459.5	772.21	59.47	47.82
PTHR23244	17341.57	16805.34	3524.89	104.76	84.25
PTHR23245	3719.0	3512.77	263.95	18.73	15.07
PTHR23240	3192.0	3068.25	104.23	4.92	3.95
PTHR14614	4996.65	4790.42	556.0	28.89	23.23
PTHR31268	3191.0	3149.75	4990.05	79.06	63.57
PTHR31262	1618.68	1536.16	171765.39	10816.65	8697.72
PTHR23063	1995.0	1953.75	3212.0	82.15	66.06
PTHR11620	809.55	768.29	3846.92	251.63	202.34
PTHR11624	12114.88	11702.41	28244.43	837.27	673.25
PTHR11627	6994.46	6746.99	25675.64	820.95	660.12
PTHR11390	7143.47	6895.96	1444.0	62.62	50.35
PTHR14052	1380.08	1338.83	243.0	9.09	7.31
PTHR32118	1994.0	1952.75	20949.28	536.11	431.08
PTHR23117	4651.0	4486.0	1517.0	42.89	34.5
PTHR23115	54090.81	52729.6	139313.78	3467.83	2788.51
PTHR11028	1442.92	1401.67	3856.0	137.68	110.71
PTHR11024	2967.67	2885.16	2970.98	106.96	86.01
PTHR15081	1920.96	1838.46	445.0	24.52	19.72
PTHR12616	1685.53	1644.27	553.99	16.85	13.55
PTHR12613	2047.0	2005.75	670.0	16.69	13.42
PTHR12612	1255.0	1172.5	1953.7	149.54	120.25
PTHR32060	4918.26	4835.76	7925.38	161.93	130.21
PTHR12126	3741.0	3617.25	7613.0	245.43	197.35
PTHR12124	8001.31	7753.8	1209.85	44.4	35.71
PTHR22734	3878.37	3713.37	589.14	21.2	17.06
PTHR12121	11292.16	11003.43	4545.3	96.92	77.94
PTHR12438	1875.0	1792.5	492.0	28.09	22.59
PTHR15492	304.0	262.81	16.0	3.11	2.5
PTHR21426	3195.0	3153.75	1045.99	16.55	13.31
PTHR21427	1918.0	1876.75	844.71	22.5	18.09
PTHR19372	3236.0	3153.5	657.04	12.64	10.17
PTHR19370	10498.35	10168.42	3968.02	119.76	96.29
PTHR19376	15026.0	14489.75	6025.0	186.53	149.98
PTHR19375	23809.83	22984.87	12217.4	312.73	251.47
PTHR12725	4139.52	4015.77	2973.08	120.34	96.76
PTHR13890	11134.47	10721.99	4314.67	198.18	159.34
PTHR22883	13476.61	13064.1	7233.61	243.86	196.1
PTHR22880	3954.31	3789.33	5054.7	215.66	173.4
PTHR12542	26377.7	25758.92	17288.89	464.76	373.7
PTHR12547	2358.93	2235.17	608.0	30.2	24.29
PTHR12436	2938.55	2773.57	601.62	36.67	29.49
PTHR10114	1704.0	1580.27	6341.21	431.99	347.37
PTHR21512	2294.98	2253.73	1559.88	34.57	27.8
PTHR30508	4139.75	4057.25	9774.57	240.81	193.63
PTHR14744	1522.67	1481.41	585.0	19.76	15.89
PTHR30502	2005.05	1963.79	115.0	2.93	2.35
PTHR10617	9338.21	9008.22	22695.55	637.98	513.01
PTHR10615	4316.56	4192.81	1063.98	28.63	23.01
PTHR13527	1192.0	1150.75	127.0	5.53	4.45
PTHR22958	1937.38	1854.88	1779.06	61.55	49.49
PTHR22951	4429.0	4346.5	2071.25	45.41	36.51
PTHR22950	21902.7	21407.71	11393.23	275.4	221.46
PTHR22953	9805.8	9434.55	3023.88	86.13	69.27
PTHR22952	30904.79	30079.75	57054.27	1791.46	1440.49
PTHR22957	24379.92	23554.91	11783.31	411.31	330.73
PTHR21600	3270.0	3187.5	1322.98	42.99	34.57
PTHR24056	19801.48	19265.24	13205.99	320.45	257.66
PTHR24054	1897.0	1814.5	1493.0	66.92	53.8
PTHR24055	15486.32	14950.12	13793.16	539.4	433.76
PTHR24058	6809.27	6726.76	6035.15	83.94	67.5
PTHR10766	21783.47	21082.22	33774.55	998.24	802.69
PTHR10762	3492.0	3368.25	1102.0	30.42	24.47
PTHR30031	4787.66	4663.91	217001.95	6748.97	5426.88
PTHR12945	1957.0	1874.5	448.11	23.19	18.64
PTHR12944	1711.78	1629.28	500.01	28.63	23.03
PTHR24128	3655.45	3531.7	3563.68	125.37	100.81
PTHR13096	3108.0	3025.5	475.0	14.87	11.95
PTHR11364	1678.0	1636.75	2481.04	75.8	60.95
PTHR11365	4245.0	4162.5	770.0	19.13	15.39
PTHR10548	5859.11	5570.36	2570.66	157.55	126.69
PTHR11817	13968.01	13679.25	36676.44	821.09	660.23
PTHR11814	12491.56	12120.36	6700.0	303.57	244.11
PTHR11363	1885.99	1844.73	9462.5	256.39	206.16
PTHR10543	4439.93	4357.47	1725.08	38.54	30.99
PTHR11819	5954.07	5830.32	5609.14	181.75	146.14
PTHR13931	2626.15	2543.71	1062.0	29.63	23.83
PTHR10544	1515.0	1432.5	3867.03	232.2	186.71
PTHR11562	9652.34	9404.8	4049.08	124.5	100.11
PTHR11566	17197.56	16908.81	8888.12	187.88	151.07
PTHR11567	2924.0	2800.25	1688.32	83.2	66.9
PTHR11564	8498.0	8250.51	8799.01	288.77	232.19
PTHR11962	3389.04	3306.54	1713.03	53.55	43.06
PTHR11963	1818.86	1777.6	2947.98	82.9	66.66
PTHR24315	1431.73	1390.48	2435.0	87.64	70.47
PTHR10381	11551.33	11180.08	28201.82	1086.29	873.47
PTHR10383	3212.65	3130.15	1601.55	43.99	35.37
PTHR11932	11241.56	11035.3	8338.3	192.65	154.92
PTHR11702	12093.15	11639.46	3894.21	150.96	121.36
PTHR11700	2332.0	2208.25	7069.74	430.62	346.27
PTHR10388	1560.95	1478.44	10726.8	626.87	504.07
PTHR11709	28785.29	28125.28	20776.93	391.52	314.81
PTHR11070	10784.95	10578.67	3666.16	82.38	66.25
PTHR10145	3639.0	3556.5	1257.0	37.62	30.25
PTHR23273	2217.0	2134.5	411.0	19.08	15.34
PTHR23163	3178.0	3136.75	4123.6	65.6	52.75
PTHR23050	2272.0	2107.02	19572.03	1033.58	831.11
PTHR23056	2537.41	2454.91	4682.94	196.12	157.69
PTHR23054	10025.0	9695.0	6265.45	260.35	209.36
PTHR11638	17288.43	16834.67	44967.77	1066.56	857.62
PTHR31783	5216.0	5174.75	2509.0	24.17	19.44
PTHR11632	5946.87	5823.12	9800.98	239.4	192.5
PTHR11630	18192.51	17615.03	4159.0	139.32	112.02
PTHR11140	9268.53	8938.63	9129.05	103.09	82.89
PTHR11141	8884.61	8719.6	2052.67	37.52	30.18
PTHR11142	9526.78	9155.58	1361.92	56.13	45.15
PTHR11143	2362.0	2238.25	4686.95	262.11	210.77
PTHR11380	520.0	478.75	312.9	33.02	26.55
PTHR11384	13647.95	13153.04	6147.17	205.41	165.16
PTHR32477	4214.0	4172.75	1292.99	15.45	12.43
PTHR14043	5835.0	5546.31	1984.0	114.3	91.91
PTHR32472	1097.0	1055.75	30.0	1.42	1.15
PTHR31658	3976.0	3852.25	785.0	30.05	24.17
PTHR22884	35824.08	34669.1	4928.52	190.11	152.87
PTHR23125	53753.71	52598.74	88217.71	2083.7	1675.52
PTHR12050	894.51	853.25	1744.53	102.66	82.55
PTHR19211	30809.77	29696.22	625771.5	8682.7	6981.83
PTHR12608	6137.96	5931.74	2707.17	87.53	70.38
PTHR12604	2847.0	2723.25	296.99	23.04	18.53
PTHR12603	6931.76	6849.26	3669.01	52.68	42.36
PTHR32091	2628.0	2504.25	959.75	58.54	47.07
PTHR32098	1728.0	1686.75	964.0	28.58	22.98
PTHR18763	1029.0	987.75	133.0	6.75	5.43
PTHR22726	955.0	913.75	226.0	12.41	9.98
PTHR22727	8115.0	8032.5	4067.77	49.46	39.77
PTHR12428	4879.3	4755.55	1503.44	51.82	41.67
PTHR18968	9758.73	9428.72	14678.91	505.77	406.7
PTHR12735	2533.34	2409.58	5343.02	312.22	251.06
PTHR15020	4281.0	4157.25	3737.01	137.99	110.96
PTHR12049	2799.32	2675.56	750.25	44.01	35.39
PTHR12558	7701.91	7454.4	1894.91	75.35	60.57
PTHR12553	12698.08	12326.82	3419.98	106.16	85.35
PTHR24072	4835.57	4629.32	10106.15	409.71	329.45
PTHR10496	1927.0	1803.25	6071.0	368.85	296.59
PTHR21569	5641.0	5393.5	12258.94	608.61	489.38
PTHR21567	6104.0	6021.5	1253.0	41.51	33.37
PTHR13950	1367.0	1284.5	251.19	19.47	15.66
PTHR12133	1311.0	1269.75	136.0	5.36	4.31
PTHR10972	5788.09	5664.35	3244.3	79.83	64.2
PTHR21704	5652.72	5611.46	1788.0	15.88	12.77
PTHR10606	5589.74	5465.99	1022.99	28.68	23.05
PTHR10971	3516.21	3392.46	1431.81	63.63	51.17
PTHR22942	10011.56	9681.62	8728.4	293.84	236.27
PTHR13395	1715.0	1673.75	84.0	2.51	2.02
PTHR22891	13702.79	13331.57	6214.6	237.49	190.99
PTHR21368	2025.0	1942.5	5623.8	279.34	224.62
PTHR24067	27702.34	26629.85	27716.3	1154.39	928.29
PTHR24064	11316.61	10945.36	2835.99	100.85	81.1
PTHR24063	22449.72	21583.62	5638.71	204.1	164.11
PTHR21011	2936.0	2812.25	5257.59	293.91	236.34
PTHR10772	3181.0	3016.0	3973.0	232.84	187.23
PTHR10774	40512.75	39233.93	53223.31	2139.22	1720.15
PTHR24068	3582.0	3375.77	3522.64	178.77	143.75
PTHR19980	1359.0	1317.75	148.79	5.65	4.55
PTHR12959	1121.99	1080.74	846.33	39.25	31.56
PTHR24115	30344.18	29519.25	7640.8	229.5	184.54
PTHR10961	1548.71	1507.45	210.0	6.97	5.6
PTHR11825	13484.72	13072.21	11243.13	493.85	397.12
PTHR10809	1509.0	1467.75	2194.8	74.82	60.16
PTHR11822	3970.93	3847.17	2381.0	68.28	54.9
PTHR10555	4137.0	4013.25	937.89	35.98	28.93
PTHR10806	467.0	425.75	637.0	75.72	60.89
PTHR10804	18854.66	18153.46	17874.01	658.18	529.25
PTHR11556	6061.37	5896.36	22866.75	747.74	601.25
PTHR22838	2587.0	2504.5	1433.0	57.73	46.42
PTHR11558	3441.0	3358.5	1786.93	56.24	45.23
PTHR13773	1677.0	1594.5	1930.0	119.63	96.19
PTHR11953	3312.0	3188.25	2612.19	122.39	98.41
PTHR11956	3977.0	3770.81	1374.82	53.03	42.64
PTHR11959	3580.36	3497.85	9930.12	265.39	213.4
PTHR11739	3709.0	3626.5	12095.34	283.65	228.09
PTHR11732	21507.43	20806.18	26850.55	1029.45	827.77
PTHR11731	11441.03	11234.78	10233.71	229.67	184.68
PTHR11730	7446.0	7322.25	9847.63	187.77	150.98
PTHR11735	3275.78	3193.28	653.0	22.03	17.72
PTHR10394	2886.06	2721.12	8625.99	520.2	418.3
PTHR20941	3390.0	3266.25	938.14	42.78	34.39
PTHR10150	2512.54	2430.04	122.0	5.05	4.06
PTHR31065	5561.22	5437.46	4551.92	134.82	108.41
PTHR10159	21734.14	20867.95	22174.04	760.26	611.35
PTHR31066	2791.3	2750.04	455.0	8.26	6.64
PTHR13604	1056.07	1014.87	632.97	31.27	25.14
PTHR23264	6444.8	6197.32	2720.94	101.67	81.74
PTHR23269	1661.0	1578.5	488.0	31.86	25.62
PTHR31204	845.0	803.75	44.0	2.75	2.21
PTHR31201	4613.83	4531.33	7514.97	170.79	137.34
PTHR31209	1785.38	1744.13	1385.0	39.7	31.92
PTHR11607	12911.08	12581.14	6006.06	131.19	105.49
PTHR11606	1705.0	1663.75	5254.03	157.91	126.98
PTHR11601	4883.0	4759.25	4967.0	138.25	111.16
PTHR32467	673.0	631.75	44.0	3.51	2.82
PTHR31840	839.31	798.05	225.0	14.16	11.39
PTHR23130	19526.29	18948.78	9784.09	261.09	209.97
PTHR23133	1283.0	1241.75	754.0	30.41	24.45
PTHR23135	7811.34	7481.38	1450.21	90.96	73.14
PTHR23138	3943.0	3819.25	4798.0	191.08	153.65
PTHR23139	6483.45	6194.7	3491.58	167.87	134.99
PTHR31682	3043.0	2960.5	734.0	26.46	21.27
PTHR11040	7876.0	7587.26	5296.47	173.37	139.4
PTHR11043	2696.4	2572.65	2079.05	108.58	87.32
PTHR11048	5122.04	4874.6	4793.39	138.91	111.71
PTHR14005	6558.06	6434.3	8922.13	259.51	208.66
PTHR15818	2358.0	2275.5	185.0	5.32	4.28
PTHR12636	1194.0	1152.75	166.0	7.21	5.8
PTHR14490	583.0	541.75	92.0	8.57	6.89
PTHR14493	24899.38	24156.95	11590.93	347.33	279.27
PTHR15651	2649.0	2566.5	668.0	25.86	20.79
PTHR12380	3432.32	3267.34	2767.06	152.77	122.85
PTHR12385	1725.0	1683.75	224.0	6.65	5.35
PTHR12706	1677.0	1553.27	10.0	1.05	0.85
PTHR12709	2190.0	2107.5	627.0	29.11	23.41
PTHR19957	15674.03	15261.52	15475.96	465.63	374.41
PTHR30239	2088.0	2046.75	2047.0	49.97	40.18
PTHR11751	24897.71	24320.19	40195.12	1133.4	911.37
PTHR12097	4389.0	4347.75	2569.21	29.47	23.7
PTHR11752	37167.19	36053.43	7707.2	262.18	210.84
PTHR21576	18832.71	18296.45	6609.04	226.92	182.47
PTHR10046	4551.0	4344.76	1894.0	105.08	84.5
PTHR12419	7152.62	6905.17	1330.01	57.02	45.86
PTHR11757	1182.0	1099.51	41.0	4.86	3.91
PTHR30525	1812.54	1771.28	3467.17	97.85	78.68
PTHR12413	2523.15	2440.64	396.0	16.89	13.58
PTHR12412	2376.78	2294.28	1369.97	61.73	49.64
PTHR12411	111271.0	108424.89	167885.61	4449.55	3577.94
PTHR24420	806685.17	784042.08	516096.94	13968.9	11232.44
PTHR12415	2001.32	1836.4	151.98	15.47	12.44
PTHR21717	1117.37	1034.86	141.0	15.33	12.33
PTHR10943	8187.0	7898.42	5366.12	144.86	116.48
PTHR12897	2336.15	2212.44	524.0	34.59	27.82
PTHR12894	5097.22	4890.97	1956.0	94.65	76.1
PTHR12891	3140.0	3057.5	629.0	22.98	18.48
PTHR22976	8930.74	8683.23	7080.14	235.26	189.15
PTHR22975	2632.49	2549.99	1733.0	69.54	55.91
PTHR21377	2689.0	2565.25	3894.98	183.88	147.86
PTHR21371	2810.0	2686.25	9795.04	473.29	380.58
PTHR21373	2815.0	2773.75	222.92	4.01	3.23
PTHR22573	9462.93	9256.67	7184.96	181.73	146.15
PTHR22572	16932.79	16355.33	34624.22	1264.74	1017.0
PTHR13060	1279.0	1237.75	224.0	9.06	7.29
PTHR21000	2341.0	2258.5	3390.95	148.99	119.8
PTHR10701	2709.0	2626.5	724.0	27.77	22.33
PTHR13161	1316.94	1234.44	588.0	46.97	37.76
PTHR13162	8000.08	7752.6	5457.12	175.39	141.03
PTHR13165	1364.0	1322.75	810.0	30.66	24.65
PTHR21396	1771.0	1688.5	851.0	61.31	49.29
PTHR12965	4243.82	4202.56	3127.96	37.12	29.85
PTHR12459	3932.0	3808.25	784.84	27.05	21.74
PTHR10681	4250.69	4085.68	13359.83	504.35	405.54
PTHR24106	3870.0	3746.25	1096.0	33.26	26.76
PTHR24103	1468.16	1385.66	165.0	12.42	9.99
PTHR11540	4576.31	4370.07	6905.96	306.8	246.71
PTHR10836	7731.04	7401.17	45059.01	1462.87	1176.28
PTHR10835	2526.0	2484.75	1480.0	29.74	23.91
PTHR11545	4425.0	4218.75	11626.99	557.96	448.67
PTHR10012	2019.0	1936.5	261.0	12.03	9.67
PTHR13768	2102.0	2019.5	1589.0	49.46	39.76
PTHR24078	26301.33	25517.59	11615.88	282.41	227.06
PTHR11946	29279.76	28413.55	10353.08	319.38	256.83
PTHR11947	4329.0	4205.25	1587.0	54.56	43.87
PTHR11941	8425.27	8177.76	6895.59	222.67	179.05
PTHR10497	1884.09	1760.35	6350.82	343.17	275.94
PTHR24073	31062.62	29990.13	37490.05	1442.74	1160.12
PTHR10491	1645.0	1603.75	414.0	12.91	10.38
PTHR24076	25461.47	24677.72	26758.63	926.52	745.02
PTHR24077	12840.45	12345.44	2965.0	149.32	120.05
PTHR11728	4606.0	4523.5	2292.0	50.21	40.38
PTHR11726	2573.0	2408.02	8692.25	398.01	320.04
PTHR11727	2575.92	2452.19	1022.1	46.7	37.55
PTHR11721	1935.0	1811.25	4424.06	279.24	224.54
PTHR11722	2642.0	2518.25	5803.01	281.01	225.95
PTHR10120	3887.0	3804.5	4143.65	109.33	87.91
PTHR10122	1352.62	1270.13	3697.61	200.2	160.98
PTHR11831	3376.0	3211.0	9020.74	458.27	368.49
PTHR11835	5063.41	4939.66	3701.01	117.56	94.53
PTHR11614	8532.98	8326.73	11007.9	312.28	251.11
PTHR11615	6120.0	5913.8	8414.39	180.29	144.97
PTHR11618	2231.86	2108.11	259.0	16.35	13.15
PTHR14140	2240.0	2198.75	529.0	12.02	9.66
PTHR32419	3181.0	3098.5	2072.08	67.01	53.88
PTHR10231	5757.47	5509.98	3719.34	175.85	141.39
PTHR10233	4912.0	4788.25	2940.22	90.95	73.13
PTHR20922	3578.58	3454.83	7701.28	244.37	196.5
PTHR31503	3395.0	3312.5	3341.8	96.29	77.43
PTHR23147	2894.67	2812.16	2251.58	75.34	60.58
PTHR23140	3871.3	3830.04	1405.0	18.3	14.71
PTHR23142	4036.68	3954.17	1418.62	44.72	35.96
PTHR23149	1314.0	1272.75	106.0	4.17	3.35
PTHR23148	1541.18	1458.7	2028.89	104.74	84.22
PTHR11361	25896.46	25030.19	6529.48	252.67	203.17
PTHR11056	3311.0	3228.5	9974.3	217.88	175.2
PTHR11055	4102.0	4019.5	5029.42	136.35	109.64
PTHR32523	2845.0	2762.5	923.02	33.21	26.7
PTHR31695	3055.0	3013.75	1696.01	28.08	22.58
PTHR10540	4892.53	4727.53	4560.04	174.82	140.58
PTHR12629	1354.0	1312.75	1920.16	73.23	58.88
PTHR18945	24554.58	23770.86	8148.41	264.57	212.74
PTHR26402	6671.44	6506.44	6232.94	116.33	93.54
PTHR19384	13735.85	13282.08	16945.79	589.25	473.79
PTHR12714	5372.0	5207.0	990.91	39.22	31.55
PTHR32251	2494.81	2412.31	1642.6	82.11	66.03
PTHR12570	3936.14	3853.64	1741.0	45.97	36.97
PTHR21494	1368.19	1326.93	151.0	5.7	4.58
PTHR21496	3116.0	3033.5	645.03	20.27	16.29
PTHR21493	24875.41	24132.98	5946.43	212.26	170.67
PTHR21499	8881.0	8757.25	5660.18	91.81	73.82
PTHR21148	2484.73	2402.22	1345.0	56.63	45.54
PTHR12083	1241.88	1200.63	182.0	7.59	6.1
PTHR22904	39260.54	37981.82	20090.28	732.88	589.26
PTHR13976	1902.81	1820.31	1356.0	73.61	59.19
PTHR19855	1425.07	1342.57	166.96	11.95	9.61
PTHR13353	1393.0	1351.75	539.97	20.0	16.08
PTHR16128	4133.0	4050.5	1000.0	23.35	18.77
PTHR12400	1611.0	1528.5	68.0	4.37	3.52
PTHR12403	2068.0	1985.5	1278.9	78.05	62.75
PTHR30314	3814.24	3731.74	2840.0	89.32	71.83
PTHR12882	1160.1	1118.84	395.65	17.72	14.25
PTHR12883	1900.07	1817.58	1079.0	36.97	29.72
PTHR16255	1561.0	1519.75	399.99	13.17	10.59
PTHR16254	11388.45	11140.94	7785.82	177.96	143.11
PTHR22960	2729.0	2646.5	566.0	20.09	16.15
PTHR13373	2748.0	2706.75	425.0	7.84	6.3
PTHR13375	2115.0	2073.75	284.0	6.84	5.5
PTHR22967	3388.0	3264.25	1720.0	62.51	50.27
PTHR19858	3384.67	3260.92	580.96	25.62	20.6
PTHR30222	2496.86	2455.6	421.0	8.56	6.88
PTHR13115	3587.0	3422.02	436.0	18.11	14.55
PTHR13117	1934.0	1851.5	275.0	13.72	11.03
PTHR13285	342.0	300.78	4.0	0.68	0.54
PTHR13288	1892.0	1768.27	88.19	9.48	7.61
PTHR10953	16258.66	15804.93	8584.1	284.78	228.98
PTHR10954	2006.36	1923.85	648.01	36.2	29.12
PTHR21726	4221.0	4097.25	1646.0	77.3	62.15
PTHR10956	1449.0	1325.28	5516.24	453.06	364.31
PTHR11538	4423.0	4299.29	2628.0	65.93	53.02
PTHR10826	1871.0	1788.5	1282.11	73.46	59.07
PTHR11533	7699.11	7575.38	22573.05	381.54	306.8
PTHR11532	2839.0	2715.25	549.37	31.96	25.7
PTHR10000	5255.84	5090.84	6531.14	302.14	242.96
PTHR13021	1265.0	1223.75	677.0	27.71	22.28
PTHR12290	2055.95	1973.43	645.0	33.14	26.65
PTHR11706	8840.32	8634.08	3325.09	86.25	69.35
PTHR24007	3183.0	2976.78	585.67	46.01	37.0
PTHR24006	36922.92	36015.52	15374.96	430.95	346.52
PTHR24003	21014.82	20437.31	14046.81	448.96	361.02
PTHR31446	2688.0	2564.25	1928.02	112.37	90.36
PTHR31190	17520.42	17025.45	10605.32	299.5	240.8
PTHR11441	1696.0	1654.75	114.0	3.45	2.77
PTHR11440	7606.17	7276.16	5547.14	213.71	171.86
PTHR11999	6787.41	6663.66	98204.0	2434.38	1957.5
PTHR11998	7041.21	6835.01	3366.0	92.87	74.67
PTHR11449	1936.0	1812.25	5178.06	329.56	265.01
PTHR11994	2577.0	2453.25	11108.87	615.25	494.72
PTHR10133	8946.98	8658.21	2298.15	88.75	71.37
PTHR13620	6239.87	5909.92	1440.07	89.49	71.97
PTHR11705	1541.72	1500.46	112.0	3.73	3.0
PTHR11847	2010.8	1928.3	6346.36	240.86	193.68
PTHR11843	1656.75	1574.24	7376.96	381.13	306.47
PTHR13138	812.0	770.75	211.96	13.82	11.11
PTHR11661	3277.22	3112.22	8300.07	506.91	407.61
PTHR11662	16874.65	16297.17	5109.04	195.73	157.38
PTHR11669	4517.0	4352.0	924.86	39.19	31.51
PTHR11668	23348.31	22729.59	32250.33	867.63	697.67
PTHR20856	11881.78	11675.54	4122.67	72.65	58.4
PTHR20854	11117.85	10829.08	8502.25	282.21	226.94
PTHR20855	2667.0	2625.75	7088.89	134.78	108.38
PTHR20852	10553.14	10099.44	238077.04	7534.11	6058.23
PTHR32404	4743.13	4619.39	3157.0	104.66	84.16
PTHR20858	3874.9	3792.39	572.44	19.81	15.93
PTHR30603	4645.49	4562.98	10786.9	239.84	192.85
PTHR14898	2866.14	2824.89	1730.0	30.57	24.58
PTHR14237	4454.89	4166.14	1056.0	78.72	63.3
PTHR14894	2447.0	2405.75	227.0	4.71	3.79
PTHR23155	239151.92	231521.62	48604.79	1468.78	1181.03
PTHR23153	3671.37	3588.86	954.0	27.52	22.13
PTHR23151	15976.89	15316.95	19957.03	894.0	718.86
PTHR11063	2616.0	2574.75	10413.95	201.94	162.38
PTHR11062	69216.36	67484.08	18275.29	510.49	410.48
PTHR11061	8133.0	7803.01	1908.82	77.74	62.5
PTHR11065	2365.13	2323.88	4949.24	106.36	85.53
PTHR11064	2793.93	2670.18	4070.95	196.76	158.21
PTHR11260	18370.13	17751.37	26832.56	1059.77	852.17
PTHR11266	5517.0	5310.75	1794.69	92.78	74.61
PTHR13501	2149.0	2066.51	541.0	16.6	13.34
PTHR31998	5674.0	5509.0	53509.52	967.93	778.33
PTHR31221	49838.84	48477.66	20718.75	698.62	561.77
PTHR22881	1519.95	1478.7	526.97	17.83	14.34
PTHR15838	725.0	642.54	61.98	9.84	7.91
PTHR22836	1682.87	1641.62	227.0	6.91	5.56
PTHR32338	1758.0	1716.75	3050.0	88.83	71.43
PTHR23270	5012.79	4765.35	486.37	30.09	24.2
PTHR31407	4788.0	4623.0	3122.97	129.37	104.02
PTHR12363	9374.4	9168.14	2786.02	92.85	74.66
PTHR20932	4105.78	4023.28	1578.0	38.74	31.15
PTHR18952	6322.47	6116.21	9222.78	251.66	202.36
PTHR21213	1168.85	1127.6	1079.0	47.95	38.56
PTHR12765	2480.0	2315.0	551.02	44.64	35.89
PTHR12505	3050.0	2967.5	1636.0	55.25	44.42
PTHR22603	1324.0	1282.75	53.0	2.07	1.66
PTHR22604	10774.75	10362.21	4449.4	217.32	174.75
PTHR21481	3729.93	3688.68	1067.0	14.43	11.6
PTHR23029	13371.01	12999.76	8696.65	300.07	241.28
PTHR22778	766.0	724.75	169.0	11.73	9.43
PTHR19446	7694.0	7529.0	312.0	6.22	5.0
PTHR12219	902.6	861.34	2329.0	135.75	109.16
PTHR13561	6845.0	6680.0	580.02	18.05	14.5
PTHR13563	1451.0	1409.75	299.0	10.61	8.53
PTHR12210	18901.02	18405.99	9852.89	303.66	244.19
PTHR12215	2628.45	2545.95	163.0	7.69	6.17
PTHR12214	2255.94	2214.69	303.0	6.83	5.5
PTHR22915	10002.85	9714.09	12086.31	394.17	316.97
PTHR22911	9930.92	9683.43	8328.21	237.52	191.01
PTHR22912	14750.29	14379.03	28480.93	791.12	636.14
PTHR12183	7112.85	6865.34	6275.21	230.56	185.4
PTHR19849	2373.43	2290.93	885.0	37.69	30.3
PTHR22594	16985.0	16531.25	4720.86	137.5	110.56
PTHR21152	5818.16	5653.16	11322.86	336.21	270.35
PTHR12000	2817.0	2734.5	8732.98	248.72	199.99
PTHR21021	1366.0	1324.75	578.0	21.84	17.56
PTHR13102	1448.0	1406.75	707.03	25.15	20.23
PTHR12984	6049.0	5966.5	6023.86	99.56	80.06
PTHR23293	4928.25	4804.48	1208.0	34.65	27.86
PTHR12302	3549.0	3507.75	5451.84	77.54	62.35
PTHR13299	2114.0	2031.5	347.0	14.72	11.84
PTHR10925	3453.78	3330.11	411.0	14.26	11.46
PTHR21737	4369.16	4162.97	611.0	28.49	22.91
PTHR10920	9108.7	8902.43	3989.74	85.45	68.71
PTHR10585	6270.89	6064.62	1509.0	57.88	46.54
PTHR10584	16883.32	16388.31	10702.3	319.82	257.16
PTHR11528	14402.18	13989.75	7192.28	201.51	162.02
PTHR11527	7416.28	7127.54	9473.48	387.44	311.53
PTHR12169	1311.68	1270.43	80.0	3.15	2.54
PTHR10859	7339.0	7174.0	2659.99	83.99	67.54
PTHR10589	2046.0	1963.5	1718.98	85.47	68.73
PTHR10588	6113.71	5948.73	6138.98	111.39	89.58
PTHR13038	3583.0	3500.5	434.0	12.25	9.85
PTHR13748	6530.54	6324.28	4853.03	145.85	117.27
PTHR13743	19834.75	19298.5	8513.96	272.8	219.36
PTHR24015	125182.83	122130.38	45688.76	1213.31	975.62
PTHR24012	23680.81	22484.75	37709.59	1748.9	1406.28
PTHR24011	36390.8	35029.68	24277.55	749.35	602.58
PTHR31187	3411.0	3287.25	4939.01	212.46	170.85
PTHR21145	953.0	911.75	287.0	15.8	12.7
PTHR11453	4324.97	4201.24	828.0	45.92	36.93
PTHR10108	38825.54	37629.24	15817.45	565.37	454.63
PTHR11986	12418.32	12005.95	20701.16	600.78	483.09
PTHR11455	11070.11	10698.86	9990.93	326.77	262.75
PTHR10102	4309.0	4102.76	848.35	36.41	29.27
PTHR11458	1824.0	1782.75	5800.96	162.66	130.8
PTHR10106	1431.0	1389.75	1512.0	54.45	43.78
PTHR30544	6793.89	6587.61	3136.86	102.73	82.6
PTHR31057	2107.34	1983.59	462.0	34.9	28.06
PTHR30115	1043.0	1001.75	3184.95	159.44	128.21
PTHR11851	27657.28	26997.28	32159.26	795.33	639.49
PTHR23092	11707.0	11335.75	1368.01	51.85	41.68
PTHR23091	15880.45	15303.01	5009.65	221.16	177.83
PTHR11673	3183.0	3059.25	7229.62	335.38	269.67
PTHR11670	7697.2	7490.94	32634.42	623.56	501.4
PTHR11671	1438.0	1396.75	1376.0	49.3	39.64
PTHR20863	3833.58	3627.34	9472.53	571.38	459.44
PTHR20861	3241.16	3158.65	4263.0	133.95	107.71
PTHR11679	10032.38	9784.87	5753.76	188.21	151.33
PTHR14009	7440.0	7316.25	7481.14	126.23	101.5
PTHR10217	24072.59	23618.83	13322.05	247.45	198.97
PTHR10210	6271.0	6064.75	5213.84	192.11	154.49
PTHR31522	1704.1	1662.85	132.0	3.97	3.19
PTHR14221	1153.0	1111.75	184.0	8.29	6.67
PTHR14269	1388.99	1347.74	1412.0	52.44	42.17
PTHR11079	7148.43	6942.17	2251.48	80.6	64.82
PTHR11076	7632.02	7302.0	632.0	43.5	34.98
PTHR11071	27248.95	26258.98	63771.0	2754.46	2214.88
PTHR11278	2389.0	2265.25	6568.3	361.64	290.8
PTHR11276	2404.2	2362.94	859.0	18.15	14.6
PTHR11274	5309.96	5144.95	2178.0	84.68	68.09
PTHR14136	3576.06	3452.3	5974.9	272.03	218.74
PTHR31984	7044.67	6838.41	4962.45	163.7	131.64
PTHR15350	2471.0	2388.5	2262.0	100.75	81.01
PTHR15606	2090.0	2007.5	802.92	32.96	26.51
PTHR12374	2686.64	2562.89	277.0	18.52	14.9
PTHR12375	2446.0	2322.25	141.0	7.18	5.78
PTHR12378	2790.0	2707.5	1383.0	50.81	40.86
PTHR18929	17928.42	17350.97	47643.56	1404.88	1129.67
PTHR12777	1330.0	1247.5	3197.0	235.38	189.27
PTHR12775	3403.78	3280.02	1118.0	36.33	29.22
PTHR12770	7520.84	7314.57	1564.52	49.23	39.6
PTHR20982	1330.0	1288.75	3283.0	127.55	102.56
PTHR24352	1288.3	1247.04	577.0	23.17	18.63
PTHR16092	3093.0	3051.75	4268.31	69.8	56.12
PTHR12406	3594.42	3511.92	2144.01	50.68	40.76
PTHR11035	2865.91	2742.2	1280.14	54.33	43.68
PTHR22298	16399.0	15945.25	7655.78	198.36	159.5
PTHR12174	5125.0	5001.25	3262.56	103.57	83.27
PTHR12175	1375.0	1333.75	1186.0	44.51	35.79
PTHR12176	10958.88	10587.67	3659.99	148.13	119.1
PTHR22769	4231.44	4107.69	1255.0	44.96	36.16
PTHR22767	5696.01	5572.26	2456.09	45.01	36.2
PTHR22765	3956.91	3874.4	8100.25	197.45	158.77
PTHR22762	5327.69	5162.73	3022.0	73.77	59.32
PTHR22763	1070.0	987.5	146.0	17.08	13.73
PTHR22761	2821.87	2739.37	2171.31	79.28	63.74
PTHR21231	3838.24	3714.49	1671.31	62.87	50.56
PTHR21230	5762.06	5555.82	2205.7	81.32	65.39
PTHR21234	1100.0	1058.75	611.0	28.93	23.26
PTHR21237	2437.0	2354.5	1703.0	78.32	62.97
PTHR12202	1573.0	1408.08	112.0	15.31	12.3
PTHR12203	3890.53	3808.02	1581.4	42.33	34.04
PTHR19857	1723.0	1681.75	468.96	13.94	11.21
PTHR19854	2811.0	2728.5	266.0	9.28	7.46
PTHR19852	3551.0	3386.0	697.0	29.22	23.49
PTHR19853	3866.0	3701.0	294.0	15.04	12.1
PTHR12197	9967.77	9555.3	1528.0	88.34	71.04
PTHR13822	1859.0	1776.5	3541.86	168.69	135.64
PTHR21649	15671.01	14969.78	227227.65	10542.11	8476.96
PTHR10344	1307.0	1265.75	175.0	6.92	5.57
PTHR13273	1476.0	1434.75	1082.12	37.74	30.35
PTHR10732	2646.0	2481.0	7273.46	427.25	343.56
PTHR10738	3238.0	3114.25	802.0	33.38	26.83
PTHR10739	1905.0	1863.75	1417.0	38.0	30.56
PTHR12992	1147.0	1105.75	359.0	16.27	13.08
PTHR11588	7025.86	6778.42	6642.62	253.51	203.85
PTHR11934	3710.0	3586.25	4967.11	241.96	194.56
PTHR10693	2358.0	2275.5	1023.0	43.76	35.18
PTHR10938	2516.66	2434.15	389.0	16.3	13.11
PTHR10934	1468.0	1385.5	7724.98	441.95	355.38
PTHR11510	3407.25	3283.51	1317.04	72.1	57.97
PTHR11516	6406.0	6241.0	19115.51	636.6	511.9
PTHR10025	4626.39	4502.63	3127.0	86.64	69.67
PTHR10026	8022.47	7774.95	2688.99	103.22	83.01
PTHR10027	6939.77	6609.77	11765.34	497.0	399.65
PTHR13009	2989.0	2906.5	1033.88	33.99	27.33
PTHR13007	1443.0	1360.5	498.0	37.4	30.07
PTHR10598	2154.0	2112.75	232.0	5.49	4.41
PTHR10430	5465.17	5217.68	8263.07	403.74	324.65
PTHR17901	761.65	720.41	926.37	64.65	51.98
PTHR24351	7231.29	7025.03	62708.93	2158.82	1735.93
PTHR20981	2148.0	2024.25	5253.16	330.6	265.84
PTHR23429	4706.0	4623.5	5774.64	125.08	100.58
PTHR11467	2838.0	2755.5	14216.61	542.96	436.59
PTHR10119	9415.0	9167.51	6706.94	186.86	150.26
PTHR10110	16602.53	16148.77	4536.99	128.54	103.35
PTHR11469	4726.31	4643.81	6985.93	144.72	116.36
PTHR11863	9636.39	9306.4	2182.94	86.87	69.83
PTHR24286	3389.0	3265.25	218.15	11.84	9.52
PTHR11864	3552.46	3263.77	483.0	46.36	37.29
PTHR23426	2441.75	2359.24	305.0	11.85	9.53
PTHR10593	9653.53	9364.76	5556.41	124.6	100.21
