GeneFamily	length	effective_length	expected_count	TPM	FPKM
PTHR11649	14058.29	13678.51	7471.15	325.92	261.61
PTHR31089	1897.08	1859.1	2686.2	96.06	77.1
PTHR31085	11560.23	11370.33	5683.11	189.2	151.85
PTHR11647	3826.96	3713.03	1450.0	75.16	60.31
PTHR11645	3550.0	3436.06	5104.94	262.0	210.28
PTHR11880	2312.93	2198.99	7473.83	607.34	487.47
PTHR11885	2268.0	2154.06	3680.61	306.2	245.76
PTHR10209	10584.29	10356.41	5351.41	200.12	160.61
PTHR32429	5230.8	5116.87	9444.98	438.46	351.92
PTHR31423	1448.0	1410.02	368.0	17.38	13.95
PTHR31551	1697.59	1621.64	752.92	43.83	35.18
PTHR32195	3299.49	3223.54	704.0	25.0	20.07
PTHR11081	6994.92	6767.09	714.1	29.94	24.04
PTHR11080	2279.7	2203.75	357.0	25.58	20.52
PTHR11082	7919.84	7692.0	1890.68	78.65	63.13
PTHR11085	4162.86	3973.03	842.15	70.22	56.36
PTHR11089	11365.23	10947.49	2422.0	145.44	116.74
PTHR32518	2703.01	2627.07	852.0	26.93	21.61
PTHR11247	4582.86	4430.94	931.0	47.8	38.35
PTHR11246	13752.93	13487.08	3925.21	140.03	112.39
PTHR32512	4210.0	4134.04	446.0	14.25	11.44
PTHR23088	5833.21	5681.29	2242.48	99.84	80.12
PTHR23089	4849.08	4697.16	2835.06	179.14	143.78
PTHR23081	7527.88	7413.94	1873.2	48.81	39.17
PTHR23083	43729.98	42400.94	15976.49	678.79	544.77
PTHR23084	5547.11	5357.23	1824.39	91.63	73.54
PTHR23086	4670.0	4556.06	624.0	27.24	21.87
PTHR18806	2321.84	2245.89	416.0	24.06	19.31
PTHR31953	3639.49	3487.65	1564.04	111.67	89.64
PTHR15184	12839.0	12535.19	29273.86	1003.56	805.47
PTHR15341	1270.21	1232.24	367.88	19.89	15.97
PTHR32357	5450.3	5336.36	5805.9	192.74	154.71
PTHR12696	5220.0	5068.12	2066.0	58.74	47.14
PTHR12341	2133.41	2095.43	551.0	17.47	14.02
PTHR15160	3881.59	3767.65	27572.26	1678.26	1347.0
PTHR18937	16956.19	16652.36	2325.9	63.63	51.08
PTHR18934	40533.19	39317.97	4935.66	225.64	181.13
PTHR12742	1274.0	1236.02	266.0	14.34	11.51
PTHR12741	17908.4	17414.68	3928.76	128.11	102.83
PTHR19288	4682.13	4568.2	2944.04	127.54	102.36
PTHR12975	4351.0	4275.04	1000.0	31.69	25.44
PTHR13902	11843.54	11653.65	4651.33	118.8	95.36
PTHR13903	7428.35	7238.45	1930.88	79.5	63.81
PTHR22753	8567.0	8301.14	737.34	36.26	29.08
PTHR30615	1026.0	988.02	1022.0	69.04	55.41
PTHR21220	1841.07	1803.09	182.91	6.75	5.41
PTHR22938	2111.0	1921.26	125.0	18.34	14.72
PTHR21597	4510.0	4434.04	287.0	8.46	6.78
PTHR22931	8992.06	8840.17	7467.44	167.91	134.78
PTHR22936	9854.87	9589.01	2633.99	151.88	121.91
PTHR31038	2461.06	2385.1	1653.0	85.63	68.73
PTHR13832	38376.62	37351.2	46887.12	1823.72	1463.78
PTHR31319	3697.53	3583.6	3909.01	188.27	151.11
PTHR21136	10334.34	10030.5	5613.79	291.23	233.73
PTHR12526	45871.79	44770.46	29842.14	1102.89	885.2
PTHR13120	1407.14	1331.18	189.0	18.27	14.66
PTHR22809	2421.0	2345.04	99.0	5.56	4.47
PTHR22807	8153.0	7925.12	583.0	24.94	20.03
PTHR20661	1389.58	1313.64	107.0	10.05	8.07
PTHR10900	7720.49	7454.67	1027.05	56.39	45.26
PTHR10906	6714.17	6524.35	4133.22	168.87	135.54
PTHR10909	17439.32	17097.5	60200.38	1903.4	1527.69
PTHR10055	4016.0	3902.07	1322.0	52.64	42.25
PTHR10057	3304.42	3190.48	1532.0	90.33	72.5
PTHR10052	2225.0	2111.06	3799.02	301.19	241.74
PTHR13017	1553.0	1515.02	93.0	4.09	3.28
PTHR13018	25673.18	25065.55	7465.71	322.16	258.57
PTHR10694	7125.05	6859.22	809.93	46.95	37.68
PTHR12839	6147.59	6033.68	3359.85	131.1	105.22
PTHR12835	1661.98	1624.0	466.98	19.13	15.35
PTHR24031	79125.11	76694.82	26616.68	1169.31	938.54
PTHR24032	1443.0	1405.02	125.12	5.93	4.76
PTHR23291	4131.09	3979.19	9647.98	518.18	415.89
PTHR24349	234492.0	228415.87	143827.71	5642.09	4528.54
PTHR24619	5330.0	5216.06	2621.78	93.62	75.15
PTHR24343	10377.77	10074.03	12827.08	511.19	410.29
PTHR11472	12429.49	12011.77	376.0	16.17	12.97
PTHR24347	21794.5	21186.88	9718.17	363.76	291.98
PTHR11476	3664.0	3512.13	695.21	44.9	36.03
PTHR11477	4326.0	4174.14	504.0	31.61	25.38
PTHR24305	2189.0	2113.04	242.0	18.63	14.96
PTHR10476	4259.0	4107.08	2176.51	123.91	99.46
PTHR24290	7899.66	7709.79	1694.09	69.31	55.62
PTHR12730	2389.0	2313.04	148.0	9.26	7.44
PTHR23413	948.0	910.02	3113.02	228.47	183.37
PTHR23417	4765.0	4651.06	332.0	18.69	15.0
PTHR23416	5795.61	5643.7	760.0	40.25	32.3
PTHR23415	847.0	809.02	309.0	25.54	20.5
PTHR12736	1834.0	1796.02	49.0	1.81	1.46
PTHR23418	1061.0	1023.02	3563.69	232.43	186.55
PTHR10877	5898.59	5746.71	10944.89	353.57	283.79
PTHR11879	6926.89	6774.97	20474.65	763.84	613.08
PTHR31096	6451.42	6261.53	12746.47	511.22	410.31
PTHR11655	4098.0	3908.11	10449.09	684.41	549.32
PTHR11652	1183.0	1107.08	6318.98	525.55	421.82
PTHR10436	10675.66	10295.87	719.14	44.06	35.38
PTHR20883	2603.0	2527.04	5641.08	317.88	255.14
PTHR11895	6497.0	6345.08	1465.01	45.94	36.88
PTHR10277	8204.57	8052.65	5496.0	172.59	138.51
PTHR14027	2326.59	2250.66	432.0	26.64	21.38
PTHR12320	10700.57	10510.67	8400.02	283.64	227.66
PTHR24095	19136.53	18642.85	23039.43	556.58	446.71
PTHR24093	78936.42	76582.15	56995.67	1920.29	1541.22
PTHR23180	20311.77	19780.1	13237.24	622.39	499.53
PTHR14593	4887.65	4735.8	534.99	29.66	23.8
PTHR11093	4089.27	3975.33	399.0	16.35	13.14
PTHR11096	1691.0	1539.18	24.0	4.25	3.42
PTHR23346	14318.74	14014.96	2378.0	69.68	55.93
PTHR11099	2684.0	2608.04	1091.0	57.83	46.41
PTHR10309	1913.0	1875.02	976.92	34.64	27.8
PTHR14107	2743.85	2705.87	510.0	12.51	10.04
PTHR11252	5447.0	5295.08	669.0	31.4	25.21
PTHR11254	16597.49	16141.83	8670.11	281.43	225.9
PTHR11255	7297.98	7184.04	14435.13	314.72	252.59
PTHR14110	3793.0	3641.08	2278.09	161.75	129.81
PTHR14374	2439.0	2325.06	115.0	9.31	7.48
PTHR18838	6026.93	5761.18	1055.31	90.68	72.79
PTHR12687	1300.0	1262.02	60.0	3.17	2.54
PTHR15157	3479.83	3365.89	609.0	35.32	28.35
PTHR18901	10758.97	10455.14	12946.91	539.71	433.18
PTHR12755	3521.43	3369.54	369.0	24.41	19.59
PTHR12750	3647.31	3495.4	1200.0	77.89	62.51
PTHR12753	1934.0	1858.07	868.0	37.89	30.41
PTHR15574	4147.47	3957.59	1424.0	113.47	91.07
PTHR22790	3570.59	3456.65	455.0	31.08	24.95
PTHR16266	4769.81	4579.96	389.62	27.41	22.0
PTHR31811	2548.11	2434.18	153.0	12.19	9.77
PTHR12358	8776.9	8587.01	1736.29	64.92	52.1
PTHR22748	3239.67	3163.71	297.0	12.59	10.11
PTHR12356	2341.76	2265.81	466.78	29.35	23.56
PTHR12221	2795.88	2681.94	344.0	26.43	21.21
PTHR19879	2268.31	2192.35	179.0	9.67	7.76
PTHR12226	4469.65	4355.71	1997.15	92.67	74.37
PTHR19876	8152.0	7962.11	4771.46	127.58	102.39
PTHR19877	3908.63	3756.74	2473.03	118.04	94.74
PTHR31442	3318.41	3166.51	861.0	66.67	53.51
PTHR12538	1718.0	1604.09	3126.08	306.29	245.84
PTHR12537	6668.3	6516.38	2701.17	100.94	81.02
PTHR12532	1374.0	1336.02	392.0	19.54	15.68
PTHR13486	902.0	864.03	379.0	29.31	23.52
PTHR20275	3535.0	3497.02	2253.99	42.76	34.32
PTHR13489	1746.0	1670.05	213.99	15.04	12.07
PTHR17583	3908.57	3756.66	342.0	28.84	23.16
PTHR13572	1675.0	1637.02	146.0	5.93	4.76
PTHR24198	6590.0	6324.18	791.0	63.24	50.76
PTHR10048	15506.31	15164.57	3465.91	98.71	79.21
PTHR24193	9108.17	8804.34	7664.96	415.85	333.75
PTHR10044	3360.0	3246.06	1940.0	115.34	92.57
PTHR10687	3652.95	3501.16	2522.01	127.95	102.7
PTHR13069	7026.98	6837.09	1502.78	79.43	63.75
PTHR13068	11233.41	10967.55	2991.82	122.72	98.49
PTHR10682	3160.56	3046.65	1788.72	74.36	59.68
PTHR10683	4132.0	4018.06	31578.95	1228.66	986.14
PTHR12829	1226.0	1150.06	119.0	13.89	11.15
PTHR12820	2780.15	2628.29	691.0	33.57	26.94
PTHR12826	1036.0	998.02	217.38	14.54	11.67
PTHR12827	2597.0	2407.17	175.0	20.92	16.8
PTHR17920	2109.0	2071.02	502.0	16.11	12.93
PTHR10137	1701.0	1663.02	834.0	33.36	26.78
PTHR11405	9031.0	8879.08	8622.0	276.79	222.15
PTHR11404	2332.35	2256.42	2794.0	178.84	143.54
PTHR11406	1464.28	1426.3	5244.01	244.77	196.46
PTHR13468	2941.0	2865.05	3481.84	94.7	76.01
PTHR23406	8217.44	8027.55	8663.96	266.85	214.17
PTHR23407	1054.01	1016.03	781.41	51.32	41.19
PTHR10869	30344.44	29319.08	67887.93	3577.63	2871.5
PTHR31717	3220.0	3144.04	876.0	30.65	24.59
PTHR13393	1947.0	1909.02	187.0	6.51	5.23
PTHR15169	1197.0	1121.06	68.0	7.37	5.93
PTHR11315	5086.4	4972.46	5766.3	208.38	167.25
PTHR10139	1809.0	1733.04	80.0	6.13	4.92
PTHR10264	7555.73	7327.85	7371.69	410.54	329.51
PTHR10263	7526.94	7223.14	7545.05	467.38	375.11
PTHR12506	2335.0	2297.02	3357.52	97.1	77.93
PTHR31155	1635.55	1597.57	9569.23	398.53	319.87
PTHR32170	3534.0	3420.06	578.0	38.97	31.27
PTHR23350	1059.0	1021.02	223.96	14.64	11.75
PTHR23354	7485.74	7371.8	2530.05	67.82	54.44
PTHR23355	11791.77	11412.0	1122.0	69.44	55.74
PTHR23359	11753.34	11411.61	6711.7	253.68	203.62
PTHR11227	6890.74	6738.82	2861.99	94.09	75.51
PTHR11220	8648.54	8344.7	4453.98	268.02	215.11
PTHR11223	5272.79	5082.99	4303.77	252.74	202.85
PTHR11229	3400.42	3286.48	4410.14	241.15	193.56
PTHR10314	15844.18	15388.43	16015.39	906.92	727.9
PTHR14303	1131.39	1093.41	706.0	43.06	34.56
PTHR23309	4436.64	4284.72	11964.86	802.99	644.51
PTHR23308	5960.0	5770.11	3724.0	195.82	157.17
PTHR11139	29006.48	28247.03	2726.79	110.84	88.96
PTHR15362	1511.0	1435.06	269.0	17.7	14.2
PTHR11132	43635.87	42534.48	50584.3	1973.73	1584.13
PTHR11134	8456.51	8266.63	2734.14	88.55	71.08
PTHR11136	2892.47	2816.51	338.0	17.0	13.65
PTHR32374	1600.0	1562.02	985.0	41.96	33.68
PTHR31579	3488.0	3412.04	8740.01	311.83	250.27
PTHR32379	1398.0	1360.02	102.0	4.99	4.01
PTHR18919	8213.0	7985.12	24943.37	1825.67	1465.32
PTHR32002	15584.55	15090.85	6270.28	230.07	184.65
PTHR14413	1745.42	1669.46	2992.19	220.48	176.96
PTHR22893	3241.0	3127.06	393.0	17.76	14.25
PTHR10778	3148.0	3072.04	604.0	25.83	20.74
PTHR13789	31501.92	30856.31	23898.86	659.18	529.07
PTHR12786	5018.0	4790.15	3671.31	167.57	134.49
PTHR12782	1572.0	1534.02	246.0	10.67	8.57
PTHR11742	13419.54	13153.68	2840.72	102.7	82.42
PTHR13923	4726.44	4498.62	996.0	69.59	55.85
PTHR11210	2742.7	2666.74	1429.0	94.0	75.45
PTHR12321	1185.79	1147.81	1081.12	62.79	50.4
PTHR25040	12523.51	12181.7	13462.83	712.03	571.49
PTHR12323	1992.67	1916.71	301.0	17.7	14.21
PTHR16201	9877.23	9611.37	1376.0	64.24	51.56
PTHR21015	4219.48	4143.53	3060.98	100.24	80.45
PTHR16196	788.0	750.02	98.0	8.74	7.02
PTHR16193	953.0	915.02	19.0	1.39	1.11
PTHR22792	6166.83	5976.93	2047.29	147.8	118.64
PTHR21680	3155.91	3079.95	1539.0	68.29	54.82
PTHR21689	6523.14	6447.18	420.0	9.19	7.38
PTHR21113	4936.0	4784.09	464.0	23.31	18.71
PTHR19316	2980.73	2904.77	411.98	21.26	17.07
PTHR21663	2235.25	2159.32	1060.38	63.98	51.36
PTHR13253	13607.51	13189.73	9285.87	522.51	419.39
PTHR21206	1183.5	1145.52	384.0	22.35	17.94
PTHR10072	6403.65	6213.75	16951.03	954.05	765.75
PTHR10071	5997.03	5845.11	6271.37	209.49	168.13
PTHR24188	8935.93	8746.03	1683.0	58.55	47.0
PTHR13780	16818.51	16325.04	12905.52	558.12	447.96
PTHR10670	7341.04	7151.14	658.0	26.88	21.57
PTHR10677	2441.0	2289.08	287.0	33.87	27.18
PTHR13078	2206.01	2092.12	852.9	53.56	42.99
PTHR12815	4935.15	4821.34	1796.67	83.54	67.05
PTHR12814	1932.0	1856.04	195.0	13.79	11.06
PTHR24361	46130.41	44915.12	12989.61	573.65	460.44
PTHR24362	17528.56	16996.93	2835.38	125.62	100.85
PTHR10416	1418.44	1342.49	320.0	31.95	25.64
PTHR10410	7313.39	7085.51	4855.29	234.19	187.96
PTHR10783	3878.85	3726.97	649.0	41.58	33.37
PTHR10782	7967.72	7739.85	584.01	25.76	20.68
PTHR13476	1298.68	1260.7	460.0	24.31	19.51
PTHR10788	9330.18	9140.28	5901.14	251.85	202.15
PTHR10891	31666.71	30717.28	16222.78	713.56	572.71
PTHR10890	5653.0	5539.06	1332.0	57.68	46.29
PTHR20426	974.0	936.02	120.57	8.6	6.9
PTHR23213	13570.0	13152.28	3226.5	127.57	102.4
PTHR10520	5157.2	5043.26	4481.94	185.17	148.63
PTHR10250	2796.58	2682.64	1757.0	136.16	109.29
PTHR10527	20842.17	20272.58	4226.21	132.62	106.43
PTHR31384	14701.96	14360.22	4032.99	117.97	94.68
PTHR10098	2158.0	2082.04	1288.0	57.74	46.34
PTHR10091	1370.6	1332.62	445.98	22.29	17.89
PTHR31140	1911.4	1873.42	482.52	17.12	13.74
PTHR31412	5442.0	5328.06	1060.0	42.16	33.83
PTHR11787	3537.93	3424.04	6381.12	231.43	185.74
PTHR11785	32891.96	32056.46	17178.24	765.08	614.05
PTHR11782	6279.04	6089.15	1773.67	76.82	61.65
PTHR31419	2284.91	2246.93	1294.06	38.26	30.71
PTHR11780	3422.0	3308.07	2748.05	89.39	71.74
PTHR32497	1925.0	1849.04	412.0	29.39	23.59
PTHR13600	1690.82	1652.84	425.0	17.11	13.73
PTHR21141	5033.82	4768.04	14938.7	1254.37	1006.78
PTHR32148	4172.0	3982.12	9156.0	643.62	516.57
PTHR23324	6458.88	6344.94	6417.01	206.41	165.67
PTHR23327	4370.0	4218.08	2184.0	135.05	108.41
PTHR23326	6061.05	5909.13	1066.0	48.23	38.71
PTHR23321	2761.88	2647.94	419.06	33.6	26.96
PTHR23323	7173.0	6869.2	1384.02	98.16	78.79
PTHR23322	7855.1	7589.27	1537.0	86.83	69.69
PTHR23329	5023.1	4909.16	430.0	17.3	13.88
PTHR11236	6176.0	5986.1	456.0	21.45	17.21
PTHR10322	11205.0	10825.24	185.0	6.95	5.58
PTHR11239	3108.12	2994.2	1054.39	72.08	57.86
PTHR10803	6030.64	5916.7	2175.03	61.69	49.51
PTHR13803	11353.0	11087.19	2547.46	70.35	56.45
PTHR31964	24070.97	23311.37	134208.37	7188.23	5769.41
PTHR10552	1690.2	1614.25	369.0	25.07	20.12
PTHR23030	3046.0	3008.02	1846.41	40.74	32.7
PTHR11129	3585.54	3433.62	580.64	43.39	34.82
PTHR15316	3819.0	3667.15	1577.09	67.88	54.47
PTHR11127	1585.69	1472.06	4335.07	401.34	322.13
PTHR11125	3779.0	3627.08	1590.0	103.32	82.93
PTHR10855	3624.0	3548.04	2276.51	83.2	66.77
PTHR31566	2386.95	2348.97	1567.12	44.32	35.57
PTHR31567	1545.0	1507.02	1006.07	44.43	35.66
PTHR31561	3013.0	2899.13	111.0	4.53	3.63
PTHR15137	2650.0	2574.04	51.0	2.94	2.35
PTHR14950	2903.35	2827.39	36.0	1.74	1.4
PTHR22939	18095.19	17677.42	8087.97	317.5	254.85
PTHR11264	1519.0	1481.02	281.0	12.63	10.14
PTHR15954	2712.0	2674.02	899.0	22.32	17.92
PTHR15952	3885.91	3847.93	362.0	6.24	5.01
PTHR21319	5369.8	5293.85	1462.0	40.68	32.64
PTHR30612	7183.0	7107.04	2727.0	52.58	42.21
PTHR19271	3087.04	2973.16	48.0	3.42	2.75
PTHR22932	1137.56	1099.58	2336.91	141.73	113.75
PTHR19861	1251.0	1213.02	669.0	36.75	29.5
PTHR12029	8600.64	8334.79	2121.01	99.98	80.25
PTHR12233	1322.19	1284.21	292.0	15.15	12.16
PTHR22780	11270.0	11080.1	4789.73	112.26	90.1
PTHR30535	5102.51	4950.59	2070.61	104.98	84.26
PTHR11952	2591.23	2477.31	1208.0	60.94	48.91
PTHR21477	5311.78	5159.87	1417.0	77.75	62.41
PTHR19308	8302.68	8150.77	13266.48	503.35	404.0
PTHR16301	1165.48	1089.54	160.0	19.7	15.81
PTHR13265	2123.13	2047.18	692.04	41.24	33.1
PTHR22870	25649.92	24852.48	7860.01	501.38	402.42
PTHR17630	1908.0	1832.04	1627.0	119.53	95.93
PTHR10064	1389.0	1313.05	2882.04	289.83	232.63
PTHR10066	2847.0	2657.15	147.0	18.61	14.93
PTHR10060	2216.0	2140.04	183.0	10.44	8.38
PTHR10663	35965.06	35319.42	9267.81	231.12	185.5
PTHR10666	7286.51	7020.65	69837.1	4342.21	3485.13
PTHR10668	13201.17	12859.42	7053.75	290.2	232.91
PTHR12801	1911.0	1835.04	215.0	15.48	12.43
PTHR12802	2364.7	2250.77	315.0	25.1	20.15
PTHR12805	1556.17	1518.19	225.0	9.86	7.92
PTHR12806	1146.8	1108.82	209.0	12.57	10.09
PTHR21091	18222.97	17767.25	20272.43	750.82	602.61
PTHR21090	6484.88	6333.02	3522.12	118.59	95.18
PTHR21228	6244.95	6131.02	1298.43	42.01	33.72
PTHR24314	5886.0	5734.08	2383.01	94.59	75.92
PTHR11933	1040.0	1002.02	49.0	3.26	2.62
PTHR24316	9969.86	9590.14	8559.27	392.77	315.24
PTHR11426	4723.28	4495.46	9017.33	648.79	520.73
PTHR11937	15619.47	15201.76	23511.75	933.22	749.02
PTHR11938	9984.54	9680.72	17214.81	668.08	536.22
PTHR21139	2302.0	2188.09	341.52	20.55	16.5
PTHR13683	32797.24	31923.79	11035.71	392.38	314.89
PTHR24089	70549.42	68536.62	34892.19	1783.73	1431.65
PTHR10796	2186.0	2148.02	1634.93	50.57	40.59
PTHR10794	7506.09	7354.17	2458.0	99.62	79.96
PTHR10795	9162.35	8896.55	2151.0	118.15	94.81
PTHR10792	3924.0	3734.12	4556.52	381.47	306.19
PTHR10799	79051.61	77038.94	12072.0	436.93	350.69
PTHR10882	1178.11	1140.13	151.16	8.84	7.09
PTHR10887	49517.25	48150.19	5170.21	234.96	188.58
PTHR11686	4509.0	4357.13	1934.0	131.23	105.33
PTHR11685	2578.31	2502.35	2689.0	143.31	115.03
PTHR11680	8621.0	8431.17	16852.01	582.96	467.89
PTHR24221	33404.06	32606.68	13405.15	433.05	347.59
PTHR24220	9032.71	8728.88	3569.24	187.91	150.81
PTHR24223	53272.56	51487.86	126591.95	7681.63	6165.42
PTHR11689	21269.46	20927.65	5137.73	105.62	84.76
PTHR10252	2993.24	2879.3	2645.4	167.86	134.73
PTHR10537	1560.58	1522.61	46.0	2.01	1.61
PTHR13124	1575.0	1537.02	424.01	18.36	14.73
PTHR31173	3014.0	2976.02	918.88	20.49	16.45
PTHR10099	4717.0	4641.04	1683.53	61.04	48.99
PTHR10997	18925.22	18507.69	5265.24	171.22	137.41
PTHR31356	9541.95	9276.1	12446.11	574.27	460.93
PTHR31352	14739.48	14473.62	19706.07	661.95	531.3
PTHR31350	3130.71	3054.75	4284.01	182.27	146.29
PTHR11758	1205.0	1129.04	932.0	111.34	89.36
PTHR23333	1864.0	1788.04	389.0	23.15	18.58
PTHR11203	11440.0	11136.19	2049.99	93.61	75.14
PTHR11753	4315.0	4125.11	1846.97	137.01	109.97
PTHR11200	17651.58	17385.72	8062.39	238.56	191.48
PTHR24423	80324.13	78539.2	202121.42	3679.02	2952.87
PTHR11206	16028.63	15762.77	5368.98	147.3	118.22
PTHR23338	2729.0	2577.1	1177.0	86.55	69.47
PTHR23339	3824.0	3748.04	2126.0	59.1	47.43
PTHR10332	1975.44	1937.46	248.0	8.51	6.83
PTHR14145	3884.0	3808.04	2125.0	77.62	62.3
PTHR12561	1090.98	1053.0	251.0	15.9	12.76
PTHR15744	2003.37	1889.44	114.0	11.37	9.12
PTHR23023	2583.0	2507.1	216.0	7.08	5.68
PTHR31385	3025.89	2949.93	3482.0	149.46	119.96
PTHR31142	3063.03	2949.09	2716.0	148.22	118.96
PTHR21294	1489.0	1451.02	5124.95	235.12	188.71
PTHR11119	6181.81	6029.89	487.0	20.17	16.19
PTHR31595	2467.0	2391.04	112.0	6.21	4.99
PTHR31596	1113.0	1075.02	76.0	4.72	3.78
PTHR15948	1616.7	1578.72	220.0	9.27	7.44
PTHR32026	44724.39	43585.08	24167.3	1096.16	879.79
PTHR31829	1450.0	1412.02	1137.0	53.61	43.03
PTHR22846	1290.0	1252.02	198.0	10.54	8.46
PTHR19241	63104.9	61510.04	40375.03	1619.66	1299.95
PTHR15239	2128.0	2014.08	163.0	14.35	11.52
PTHR12497	2232.0	2194.02	538.0	16.29	13.08
PTHR12652	2987.0	2911.04	5898.03	251.24	201.66
PTHR12304	3138.0	3062.04	1835.46	72.41	58.12
PTHR30540	2841.0	2803.02	1094.0	25.91	20.8
PTHR13302	2936.0	2822.07	856.0	60.39	48.48
PTHR12472	1863.0	1825.02	288.2	10.5	8.43
PTHR13308	1359.47	1283.56	615.0	56.39	45.26
PTHR12477	5804.25	5652.34	4652.94	159.22	127.79
PTHR13878	2695.0	2657.02	451.0	11.27	9.05
PTHR21461	41468.19	40518.78	14085.93	569.79	457.35
PTHR13872	9042.0	8738.19	6158.37	377.16	302.73
PTHR22849	14954.92	14537.16	5033.85	184.36	147.97
PTHR21314	1467.1	1429.12	161.0	7.5	6.02
PTHR13271	46942.2	45537.09	17844.72	905.27	726.59
PTHR22841	2067.0	1953.1	52.0	4.98	4.0
PTHR22847	37186.33	36085.07	7195.29	416.8	334.56
PTHR22844	11449.89	11108.11	4514.35	185.65	149.02
PTHR31606	1280.0	1242.02	1302.51	69.88	56.08
PTHR23284	1791.0	1753.02	676.0	25.65	20.58
PTHR21266	9315.53	9125.64	8929.27	307.39	246.71
PTHR12271	9053.43	8901.51	2233.01	57.36	46.04
PTHR21262	10344.15	10078.3	3563.0	169.59	136.12
PTHR12276	4920.0	4844.04	2216.0	60.36	48.44
PTHR10657	1752.0	1676.04	1507.01	131.62	105.64
PTHR16557	1986.0	1948.02	684.03	23.34	18.73
PTHR10655	1456.0	1418.02	1079.73	50.69	40.69
PTHR10652	4041.8	3889.89	7291.61	464.01	372.43
PTHR17972	3401.0	3249.08	107.0	7.69	6.17
PTHR21085	1966.0	1928.02	1721.15	59.34	47.63
PTHR11922	7587.05	7397.15	2601.16	113.34	90.97
PTHR10438	22564.86	21767.32	33786.66	2126.01	1706.39
PTHR11926	5090.12	4938.21	1367.99	49.16	39.45
PTHR11431	2824.0	2710.12	19623.14	921.92	739.95
PTHR10434	3461.0	3385.04	1658.94	68.78	55.21
PTHR24096	21992.47	21422.81	16407.77	690.03	553.83
PTHR13693	9729.93	9426.12	8373.8	301.38	241.88
PTHR13691	1849.0	1773.04	2924.28	171.96	138.02
PTHR24092	21262.29	20806.61	11510.09	365.45	293.3
PTHR13451	4464.39	4350.45	1600.99	59.39	47.67
PTHR13452	490.51	452.53	75.34	11.21	9.0
PTHR13152	1696.0	1620.04	77.0	6.17	4.96
PTHR12901	1195.22	1157.29	198.0	11.4	9.15
PTHR12903	2882.0	2768.07	3500.64	184.86	148.38
PTHR23237	964.0	926.02	357.0	25.74	20.66
PTHR10501	5223.48	5033.59	2198.16	137.5	110.36
PTHR31169	1316.0	1278.02	329.0	17.15	13.76
PTHR12277	7020.67	6868.76	6568.48	219.79	176.41
PTHR10168	3865.0	3713.08	4477.58	315.75	253.43
PTHR14087	1452.0	1414.02	175.0	8.24	6.61
PTHR14085	897.1	859.13	173.0	13.45	10.8
PTHR31344	3900.0	3786.07	743.0	40.28	32.32
PTHR31619	1795.0	1757.02	2559.0	96.86	77.74
PTHR23306	3339.0	3225.07	522.0	24.84	19.94
PTHR23305	4789.35	4675.41	1921.0	82.89	66.53
PTHR14089	3023.0	2947.04	1388.0	46.74	37.52
PTHR11748	5210.46	5096.52	1007.26	32.49	26.08
PTHR11214	5950.45	5722.58	1690.29	124.94	100.28
PTHR11216	8639.0	8449.1	1785.59	55.57	44.6
PTHR14154	11251.99	10758.34	8243.71	640.38	513.96
PTHR14155	37617.84	36554.47	16908.83	737.03	591.57
PTHR10343	12429.65	12049.88	6211.8	306.25	245.81
PTHR11699	19046.31	18590.56	23234.99	751.48	603.15
PTHR11692	2443.0	2405.02	3208.04	88.6	71.11
PTHR11693	3825.0	3635.15	8782.44	616.04	494.46
PTHR11695	21236.93	20629.25	14130.99	716.96	575.44
PTHR31760	1634.48	1596.5	260.99	10.88	8.73
PTHR31906	11266.23	10962.39	7963.99	415.3	333.35
PTHR21419	1778.0	1740.02	2444.39	93.43	74.99
PTHR23012	12561.01	12257.17	6933.53	280.28	224.96
PTHR11101	2044.0	2006.02	610.34	20.22	16.23
PTHR11102	14021.09	13679.27	9579.51	403.76	324.06
PTHR11106	4948.86	4796.95	1572.05	67.35	54.04
PTHR31585	6160.15	5970.26	1078.99	47.02	37.74
PTHR32125	2700.0	2624.04	2420.0	124.91	100.26
PTHR31588	5436.28	5322.34	4412.01	135.95	109.11
PTHR32120	1863.0	1825.02	153.0	5.57	4.47
PTHR15680	2434.0	2358.04	4625.29	260.16	208.8
PTHR10281	5388.0	5198.11	1284.96	73.91	59.32
PTHR26312	7953.07	7763.17	5474.92	198.9	159.63
PTHR18895	2434.0	2358.04	198.0	9.44	7.58
PTHR12486	1115.75	1077.77	119.0	7.36	5.91
PTHR12480	5455.53	5227.68	1103.02	81.75	65.61
PTHR12482	4848.97	4735.03	948.0	36.09	28.96
PTHR11042	5169.0	4903.16	208.0	19.9	15.98
PTHR11122	4746.46	4632.52	2845.91	122.1	98.0
PTHR12317	9576.75	9272.94	2520.17	97.34	78.13
PTHR12649	1592.0	1516.1	1471.0	79.51	63.82
PTHR13992	653.0	615.02	72.0	7.85	6.3
PTHR12461	6080.48	5852.64	303.0	18.06	14.49
PTHR12466	2125.02	2087.04	509.0	16.21	13.01
PTHR13847	10452.69	10110.88	11012.2	525.35	421.67
PTHR22854	2898.9	2822.94	2375.06	104.28	83.69
PTHR12001	5931.53	5741.7	3432.11	208.7	167.5
PTHR21327	5847.0	5733.06	841.72	29.75	23.88
PTHR21631	5910.67	5796.73	74257.28	2280.21	1830.14
PTHR22855	7275.0	7009.21	20729.08	1231.66	988.55
PTHR22850	19982.67	19526.92	5623.45	232.61	186.7
PTHR22504	1128.0	1090.02	2231.04	136.5	109.56
PTHR12189	3574.84	3498.88	613.0	22.69	18.21
PTHR21256	2301.0	2225.07	2310.3	81.04	65.04
PTHR12265	370.0	332.04	11.0	2.24	1.8
PTHR12266	5517.5	5365.59	2172.0	115.81	92.95
PTHR10648	7027.76	6799.89	6996.81	226.65	181.91
PTHR30178	2897.94	2784.03	10916.38	579.13	464.81
PTHR10641	22119.12	21511.51	4379.41	138.1	110.86
PTHR19842	975.68	937.72	124.46	8.86	7.11
PTHR10644	14295.0	13877.25	4440.0	161.06	129.29
PTHR12864	3691.51	3539.59	1070.99	69.97	56.16
PTHR12860	2644.0	2530.07	898.0	57.41	46.07
PTHR13194	2996.78	2844.87	268.09	26.01	20.88
PTHR13190	1663.0	1587.04	174.0	17.44	14.0
PTHR13193	771.0	733.02	120.0	10.96	8.79
PTHR11913	1976.0	1900.04	7544.0	557.85	447.74
PTHR11911	8514.2	8248.4	35276.61	1949.88	1565.02
PTHR11910	2118.9	2042.94	7507.06	494.73	397.08
PTHR10871	4406.0	4216.1	9482.83	691.56	555.07
PTHR12919	885.53	847.55	497.0	39.19	31.45
PTHR12910	792.0	754.02	1006.0	89.27	71.65
PTHR12917	3933.34	3819.41	2143.29	110.65	88.81
PTHR11351	2998.0	2922.04	709.0	26.77	21.49
PTHR11353	36991.0	36231.4	16600.3	593.34	476.22
PTHR11599	24421.0	23509.51	25571.02	1416.63	1137.0
PTHR10516	24248.5	23450.97	21967.8	1249.1	1002.53
PTHR11592	5613.0	5423.11	6557.97	351.27	281.95
PTHR31724	3192.45	3078.51	991.98	65.63	52.67
PTHR13734	3801.49	3687.59	957.01	37.72	30.28
PTHR31098	5079.0	4965.07	2520.99	77.22	61.97
PTHR31620	7199.0	7009.1	3546.0	144.93	116.33
PTHR23315	75849.22	74178.21	47472.06	1727.22	1386.33
PTHR23316	6559.76	6407.85	6139.09	157.55	126.46
PTHR11778	3085.0	3009.04	1215.06	54.4	43.66
PTHR11777	10023.14	9871.22	4254.95	117.35	94.19
PTHR11774	4942.63	4752.74	377.96	30.6	24.57
PTHR11773	5316.1	5126.21	2833.0	176.45	141.62
PTHR11772	10575.48	10347.61	39831.46	1702.36	1366.34
PTHR10357	41075.27	40277.7	40882.93	1103.81	885.95
PTHR10353	15309.64	14778.04	5129.72	219.41	176.09
PTHR10350	3802.0	3612.14	1039.0	77.37	62.09
PTHR10351	1609.24	1533.28	7379.0	561.84	450.95
PTHR32557	2087.0	2049.02	1566.01	50.79	40.77
PTHR10359	7084.0	6856.2	601.0	27.25	21.87
PTHR31750	1570.0	1532.02	167.0	7.25	5.82
PTHR14189	1419.0	1343.1	1415.0	109.29	87.73
PTHR32228	1481.0	1443.02	139.0	6.41	5.15
PTHR31245	1426.21	1350.26	770.0	76.66	61.52
PTHR23001	4517.7	4365.78	5469.87	220.57	177.04
PTHR23002	3627.11	3475.21	1346.0	66.86	53.67
PTHR11177	4318.09	4204.15	735.0	38.18	30.65
PTHR10445	1318.0	1280.02	436.97	22.74	18.25
PTHR11178	3832.68	3680.77	2813.65	175.82	141.13
PTHR14456	1590.0	1514.06	142.0	14.04	11.27
PTHR31808	1958.0	1882.04	1800.0	131.2	105.31
PTHR31803	4512.64	4398.7	2058.82	76.75	61.61
PTHR11009	3380.0	3304.04	644.98	27.23	21.86
PTHR30075	3842.0	3766.04	423.0	14.25	11.44
PTHR19229	18431.58	17824.02	5117.83	203.32	163.18
PTHR14255	5788.81	5674.9	566.61	26.04	20.9
PTHR11482	8499.51	8385.57	79679.1	1447.79	1162.04
PTHR11005	9887.03	9583.22	2630.25	87.91	70.56
PTHR11006	9247.47	9019.59	2517.0	130.37	104.64
PTHR18640	2429.79	2315.89	102.0	6.5	5.22
PTHR18866	13943.19	13601.41	11593.89	499.17	400.64
PTHR12022	831.0	793.02	1437.0	121.18	97.26
PTHR15074	4509.0	4433.04	3523.0	95.75	76.85
PTHR15588	2451.25	2337.31	1087.99	83.61	67.11
PTHR12677	7274.46	7046.58	3242.0	152.74	122.59
PTHR19134	4142.85	4066.89	1601.0	52.22	41.91
PTHR19139	1957.0	1881.05	111.0	6.43	5.16
PTHR30566	2840.0	2764.04	306.0	20.24	16.25
PTHR12456	1238.13	1200.15	115.0	6.39	5.13
PTHR12452	832.0	794.02	337.21	28.4	22.79
PTHR13343	5773.0	5583.1	1807.0	98.56	79.1
PTHR19359	2572.31	2420.42	1006.0	75.04	60.24
PTHR12072	3086.2	2972.28	547.0	40.99	32.91
PTHR13218	575.0	537.02	208.0	26.02	20.89
PTHR13215	1464.48	1426.5	2187.93	102.11	81.96
PTHR13213	3134.0	2982.09	59.0	5.32	4.27
PTHR21530	4121.0	4045.04	976.0	30.05	24.12
PTHR12295	7937.0	7785.08	1709.01	71.13	57.1
PTHR12298	3188.36	2998.48	305.0	33.31	26.75
PTHR10638	5205.0	5129.04	2436.0	62.55	50.2
PTHR10634	3453.0	3339.06	13312.45	660.13	529.82
PTHR10631	4542.7	4390.78	684.98	34.6	27.78
PTHR10984	8508.37	8166.61	1254.78	86.09	69.11
PTHR12858	4115.0	4001.06	321.0	15.34	12.3
PTHR13505	1412.46	1336.55	694.0	44.35	35.59
PTHR12850	1703.0	1589.08	4682.03	461.03	370.03
PTHR12856	2466.0	2390.04	99.0	5.56	4.46
PTHR12855	630.0	592.02	40.98	4.64	3.73
PTHR12854	586.0	548.02	46.05	5.64	4.53
PTHR13182	2584.9	2470.99	692.0	29.84	23.96
PTHR10182	2813.23	2737.27	7197.55	385.53	309.43
PTHR10743	3017.0	2903.06	609.14	37.47	30.07
PTHR10742	21390.15	20858.52	6767.97	257.67	206.8
PTHR10745	2931.0	2855.05	2010.0	56.83	45.62
PTHR10744	4204.95	4015.06	6718.01	488.62	392.18
PTHR10746	3079.0	3003.04	5251.4	274.04	219.95
PTHR12924	1393.0	1355.02	1115.0	54.8	43.98
PTHR11659	2056.0	2018.02	1093.0	36.0	28.89
PTHR11525	1467.49	1429.51	259.0	12.06	9.68
PTHR11349	5039.02	4773.19	1445.0	107.07	85.93
PTHR10566	37240.74	36291.4	10787.66	447.68	359.32
PTHR10293	5586.0	5320.17	5680.19	444.15	356.48
PTHR10291	1907.0	1869.02	154.0	5.48	4.4
PTHR11584	8678.59	8526.67	4348.69	116.19	93.25
PTHR11586	1144.0	1106.02	847.23	51.08	41.0
PTHR11918	6321.14	6207.2	977.0	29.85	23.96
PTHR11909	10014.59	9710.75	11337.29	463.9	372.35
PTHR24320	7183.81	6917.96	705.0	45.08	36.17
PTHR24322	25623.54	24826.02	10224.97	458.94	368.34
PTHR11907	2195.0	2157.02	1874.93	57.76	46.36
PTHR11760	1844.0	1768.05	4800.0	246.88	198.14
PTHR11761	1004.0	928.05	2331.67	381.68	306.35
PTHR11766	1859.0	1821.02	2302.98	84.09	67.49
PTHR11767	10167.48	9939.62	2355.3	70.4	56.49
PTHR10361	9884.28	9656.43	3026.1	123.08	98.79
PTHR10366	40524.84	39423.48	91869.42	3854.18	3093.45
PTHR10169	9742.52	9552.63	1745.99	59.0	47.35
PTHR32442	2058.0	2020.02	2318.98	76.3	61.24
PTHR20973	1518.55	1480.58	144.0	6.47	5.2
PTHR10165	4099.61	3985.67	941.01	52.78	42.36
PTHR31032	3420.0	3344.04	1851.0	73.69	59.14
PTHR23257	43646.79	42469.75	17492.09	691.88	555.32
PTHR23253	6696.0	6354.21	3404.87	256.84	206.15
PTHR14190	3107.0	3069.02	718.97	15.55	12.48
PTHR14194	9397.46	9131.6	5456.94	249.17	199.99
PTHR31251	7513.84	7399.9	1290.67	34.89	28.01
PTHR23074	18535.19	18193.39	6475.84	201.8	161.97
PTHR23077	17639.17	17183.41	16868.86	694.11	557.11
PTHR23076	34783.23	33909.72	25172.95	962.77	772.75
PTHR23073	14090.3	13634.56	14455.72	622.84	499.9
PTHR12560	4446.5	4332.56	507.02	19.42	15.59
PTHR23078	3234.42	3120.48	1521.03	60.52	48.58
PTHR11165	2087.0	2011.04	2995.16	197.7	158.69
PTHR32100	7881.09	7615.24	3831.0	164.91	132.37
PTHR14534	1496.79	1458.81	239.13	10.91	8.76
PTHR14445	2498.0	2422.06	187.0	11.48	9.21
PTHR23109	4094.89	3980.95	461.57	24.23	19.44
PTHR23102	4625.02	4511.08	1196.13	49.83	40.0
PTHR23105	11950.46	11456.77	24189.37	1709.64	1372.2
PTHR11010	6125.0	5897.19	1157.0	39.92	32.03
PTHR11014	10351.5	10161.6	5491.11	181.87	145.99
PTHR14152	2119.0	2043.04	202.0	9.98	8.01
PTHR12668	3326.0	3212.06	1513.0	101.7	81.64
PTHR12661	1758.0	1720.02	135.05	5.22	4.19
PTHR12663	6321.74	6131.85	809.06	56.48	45.33
PTHR12664	1370.0	1332.02	256.0	12.8	10.27
PTHR16166	29504.38	29124.61	8041.99	162.03	130.05
PTHR12111	3240.11	3164.15	1266.0	54.69	43.89
PTHR12446	2801.51	2687.57	477.0	34.36	27.58
PTHR12447	2104.0	2028.04	598.18	41.02	32.93
PTHR15481	676.0	638.02	10.0	1.05	0.84
PTHR26379	2125.0	2087.02	1159.0	36.9	29.62
PTHR12599	2595.49	2519.53	2969.5	156.66	125.74
PTHR12596	7153.82	7001.9	1741.53	52.59	42.21
PTHR12590	1526.27	1450.32	246.0	21.7	17.41
PTHR12066	1653.63	1501.84	244.0	38.83	31.17
PTHR12064	3300.0	3186.06	189.0	12.28	9.85
PTHR13226	1111.3	1073.32	483.0	30.01	24.09
PTHR13889	5959.11	5769.22	1286.0	87.25	70.04
PTHR13887	2615.07	2501.2	581.02	37.41	30.03
PTHR21181	2169.0	2093.04	956.0	69.37	55.68
PTHR13948	2410.18	2296.27	290.0	30.44	24.43
PTHR10459	6998.0	6732.16	793.98	38.25	30.71
PTHR12146	2030.0	1916.06	3345.29	371.04	297.81
PTHR10458	2640.25	2564.29	1134.0	60.49	48.55
PTHR19306	5023.93	4947.97	1196.0	32.83	26.35
PTHR21506	2890.0	2852.02	297.0	6.91	5.55
PTHR12280	4615.0	4425.16	2722.0	133.37	107.06
PTHR12281	3091.0	2939.09	2391.0	113.86	91.38
PTHR12286	4051.0	3937.1	2303.0	81.71	65.58
PTHR30573	3005.0	2929.04	422.01	19.05	15.29
PTHR22983	4800.82	4686.89	400.0	7.45	5.99
PTHR22981	10420.59	10230.69	31927.7	754.79	605.82
PTHR10947	3170.0	3094.04	1334.0	41.72	33.49
PTHR30191	4928.9	4739.05	1278.0	61.56	49.4
PTHR13082	731.0	693.02	507.44	49.04	39.36
PTHR10629	11019.0	10753.14	785.0	34.87	27.99
PTHR10994	46556.66	45341.37	26117.91	962.36	772.38
PTHR10996	11477.04	11173.21	5727.94	204.17	163.87
PTHR10625	13094.12	12752.31	2686.05	132.85	106.63
PTHR10992	53430.74	51987.56	36246.55	1848.33	1483.54
PTHR10993	1763.92	1687.97	491.0	29.04	23.31
PTHR17695	4723.0	4457.23	201.0	16.3	13.07
PTHR12848	5918.11	5842.15	518.0	14.16	11.36
PTHR12849	2590.16	2514.21	423.0	13.82	11.09
PTHR21712	1361.0	1323.02	166.0	8.36	6.71
PTHR12847	6103.85	5913.95	2502.0	132.24	106.15
PTHR12841	993.0	955.02	425.0	29.71	23.85
PTHR21290	1418.83	1380.85	79.0	3.81	3.06
PTHR21349	1424.0	1386.02	389.0	18.69	15.0
PTHR21347	2652.26	2576.3	725.94	24.5	19.67
PTHR21343	2324.0	2286.02	285.0	8.28	6.65
PTHR10196	7806.0	7654.08	3661.0	104.0	83.46
PTHR10192	1816.79	1702.87	157.0	18.9	15.17
PTHR10751	12355.98	12090.13	2396.0	80.59	64.67
PTHR10755	2605.0	2529.04	1507.0	64.5	51.77
PTHR10758	4002.0	3888.06	3306.01	169.61	136.13
PTHR10759	1840.0	1726.08	5445.02	484.91	389.2
PTHR12932	1404.58	1366.6	6767.66	329.76	264.67
PTHR12934	2108.23	2032.28	6744.84	377.57	303.04
PTHR11451	9866.46	9676.58	5176.13	172.1	138.13
PTHR10288	6369.61	6027.92	3921.0	292.8	235.03
PTHR11800	2792.92	2716.96	1666.01	79.96	64.18
PTHR11802	12732.0	12276.26	5345.67	227.07	182.25
PTHR11804	10050.0	9860.1	4311.89	166.83	133.92
PTHR11807	5837.7	5723.76	709.0	24.85	19.94
PTHR11374	3416.49	3340.54	8758.4	309.58	248.47
PTHR11808	6413.64	6185.86	2176.93	77.0	61.8
PTHR10283	14009.55	13705.71	3342.32	112.55	90.33
PTHR10285	16815.64	16359.88	14973.24	751.75	603.35
PTHR10286	30679.13	30109.47	6198.91	253.31	203.33
PTHR11579	1844.0	1806.02	2819.19	103.8	83.31
PTHR13355	3929.64	3815.7	1143.0	58.71	47.13
PTHR13718	5854.44	5588.63	9022.74	548.26	440.05
PTHR13711	7503.28	7275.42	544.0	30.57	24.52
PTHR13710	17492.07	17036.32	818.0	34.5	27.69
PTHR11977	6466.42	6390.46	4284.61	74.2	59.56
PTHR22970	885.0	809.07	51.0	8.81	7.07
PTHR11972	5120.13	4892.34	726.97	31.36	25.17
PTHR31480	1828.0	1790.02	76.0	2.82	2.27
PTHR31485	13714.61	13410.77	4230.4	146.35	117.45
PTHR11715	936.0	898.02	2123.19	157.93	126.75
PTHR11717	3568.07	3454.13	2653.0	153.56	123.24
PTHR11711	14551.16	14057.42	19472.61	1180.9	947.81
PTHR11712	7591.79	7401.89	3149.0	120.28	96.53
PTHR10374	5520.0	5368.12	11680.84	451.04	362.02
PTHR10178	2348.25	2272.31	174.0	7.31	5.87
PTHR20961	43119.87	42018.53	10917.17	477.86	383.54
PTHR10173	6502.63	6236.77	6061.55	446.01	357.97
PTHR10177	8699.02	8509.12	3160.62	106.74	85.68
PTHR10174	14294.26	13876.53	5249.0	281.23	225.7
PTHR23249	1542.0	1466.04	604.6	60.03	48.18
PTHR23244	17430.49	16936.78	2393.94	93.64	75.15
PTHR23245	3719.0	3529.13	201.0	19.48	15.64
PTHR23240	3192.0	3078.06	62.0	3.88	3.12
PTHR14614	5000.71	4810.82	387.0	26.38	21.17
PTHR31268	3191.0	3153.02	3772.0	79.39	63.72
PTHR31262	1643.43	1567.47	140572.82	11734.57	9418.39
PTHR23063	1995.0	1957.02	2122.0	72.07	57.85
PTHR11620	810.19	772.21	2849.45	246.83	198.11
PTHR11624	12147.76	11768.01	21763.48	842.09	675.88
PTHR11627	6977.65	6749.82	19382.27	818.84	657.21
PTHR11390	7231.11	7003.23	895.25	51.63	41.43
PTHR14052	1367.32	1329.34	213.0	10.67	8.57
PTHR32118	1994.0	1956.02	14690.84	499.24	400.7
PTHR23117	4651.0	4499.1	1216.0	46.77	37.55
PTHR23115	53938.17	52684.92	107676.81	3601.52	2890.63
PTHR11028	1442.72	1404.74	2803.0	132.85	106.63
PTHR11024	2976.32	2900.36	2249.99	107.5	86.29
PTHR15081	1961.19	1885.23	296.0	21.13	16.97
PTHR12616	1538.48	1500.5	428.0	18.98	15.24
PTHR12613	2047.0	2009.02	467.0	15.45	12.4
PTHR12612	1255.0	1179.04	1847.04	186.93	150.03
PTHR32060	4906.59	4830.63	6512.89	177.44	142.42
PTHR12126	3741.0	3627.06	6134.37	262.66	210.81
PTHR12124	8115.45	7887.57	790.42	38.27	30.72
PTHR22734	3882.45	3730.55	412.0	20.55	16.5
PTHR12121	11376.48	11110.67	3432.03	96.98	77.84
PTHR12438	1875.0	1799.04	226.0	16.96	13.61
PTHR15492	304.0	266.08	8.0	2.05	1.64
PTHR21426	3195.0	3157.02	738.0	15.51	12.45
PTHR21427	1918.0	1880.02	692.0	24.47	19.64
PTHR19372	3236.0	3160.05	501.96	13.41	10.76
PTHR19370	10496.39	10192.65	3005.94	118.9	95.44
PTHR19376	15026.0	14532.28	3429.45	135.87	109.07
PTHR19375	23829.55	23070.1	8442.0	285.01	228.78
PTHR12725	4158.95	4045.02	2105.28	111.99	89.89
PTHR13890	11142.97	10763.21	3282.19	196.69	157.89
PTHR22883	13364.15	12984.39	5776.98	261.79	210.11
PTHR22880	3907.04	3755.14	3175.02	187.24	150.29
PTHR12542	26345.73	25776.04	12689.23	459.74	368.98
PTHR12547	2399.61	2285.68	372.0	23.14	18.57
PTHR12436	2938.86	2786.97	422.15	34.6	27.77
PTHR10114	1704.0	1590.09	4570.0	426.24	342.11
PTHR21512	2183.05	2145.07	1072.83	33.23	26.67
PTHR30508	4169.19	4093.23	7195.63	234.81	188.47
PTHR14744	1511.36	1473.38	428.0	19.34	15.52
PTHR30502	2013.13	1975.15	101.0	3.4	2.73
PTHR10617	9069.77	8765.99	14227.97	529.18	424.74
PTHR10615	4340.88	4226.95	809.0	28.41	22.8
PTHR13527	1192.0	1154.02	87.0	5.03	4.03
PTHR22958	1942.38	1866.43	1374.03	63.6	51.04
PTHR22951	4429.0	4353.04	1595.25	46.43	37.28
PTHR22950	21756.84	21301.11	9034.04	291.4	233.89
PTHR22953	9795.49	9453.69	2354.18	89.77	72.06
PTHR22952	30971.52	30211.95	43956.48	1801.44	1445.86
PTHR22957	24420.19	23660.63	8702.28	394.96	317.03
PTHR21600	3270.0	3194.04	950.0	40.86	32.8
PTHR24056	19701.83	19208.13	9776.24	324.57	260.49
PTHR24054	1897.0	1821.04	997.61	59.59	47.83
PTHR24055	15478.11	14984.45	10892.93	559.15	448.77
PTHR24058	6795.75	6719.79	3864.99	73.19	58.74
PTHR10766	21783.87	21138.22	26905.74	1038.8	833.74
PTHR10762	3492.0	3378.06	722.0	26.09	20.94
PTHR30031	4723.46	4609.52	162588.1	6899.8	5537.92
PTHR12945	1957.0	1881.04	283.0	19.79	15.89
PTHR12944	1692.7	1616.75	395.94	32.01	25.69
PTHR24128	3665.32	3551.38	2358.48	109.89	88.21
PTHR13096	3108.0	3032.04	306.0	12.72	10.21
PTHR11364	1678.0	1640.02	1749.39	70.96	56.95
PTHR11365	4245.0	4169.04	456.0	15.1	12.12
PTHR10548	5908.17	5642.35	1722.0	140.77	112.98
PTHR11817	13961.0	13695.15	26080.8	782.24	627.85
PTHR11814	12436.46	12094.74	5053.72	314.46	252.4
PTHR11363	1882.15	1844.17	6183.29	222.93	178.93
PTHR10543	4486.68	4410.75	1371.84	40.36	32.4
PTHR11819	5959.06	5845.12	3900.13	166.32	133.5
PTHR13931	2555.48	2479.58	854.02	31.05	24.93
PTHR10544	1515.0	1439.04	3191.88	272.76	218.92
PTHR11562	9683.37	9455.5	3312.53	133.08	106.82
PTHR11566	17073.38	16807.58	6351.31	181.9	146.0
PTHR11567	2924.0	2810.06	1251.0	81.5	65.42
PTHR11564	8498.0	8270.13	6284.98	270.39	217.02
PTHR11962	3288.29	3212.33	1321.22	58.36	46.83
PTHR11963	1799.29	1761.31	2112.0	79.74	64.0
PTHR24315	1404.0	1366.02	1797.0	87.6	70.31
PTHR10381	11547.63	11205.82	21009.91	1071.34	859.88
PTHR10383	3439.38	3363.42	1289.12	46.34	37.19
PTHR11932	11272.98	11083.08	5861.0	178.98	143.66
PTHR11702	11957.32	11539.61	2995.99	153.28	123.01
PTHR11700	2332.0	2218.06	5266.32	422.86	339.41
PTHR10388	1563.36	1487.4	8958.39	693.07	556.27
PTHR11709	28811.45	28203.84	15577.9	392.31	314.87
PTHR11070	10604.38	10414.48	2445.8	77.8	62.44
PTHR10145	3639.0	3563.04	855.0	37.48	30.08
PTHR23273	2217.0	2141.04	207.0	11.89	9.53
PTHR23163	3178.0	3140.02	2364.0	49.96	40.1
PTHR23050	2272.0	2120.11	13824.36	969.8	778.39
PTHR23056	2563.05	2487.09	3583.47	196.99	158.11
PTHR23054	10025.0	9721.16	5658.27	316.61	254.11
PTHR11638	17288.65	16870.88	31926.44	1016.2	815.59
PTHR31783	5216.0	5178.02	2001.0	25.62	20.56
PTHR11632	6057.76	5943.82	7002.94	225.39	180.92
PTHR11630	18317.51	17785.85	2885.5	127.4	102.23
PTHR11140	8526.08	8222.36	5720.06	103.65	83.2
PTHR11141	8879.98	8728.06	1465.0	36.26	29.11
PTHR11142	9514.15	9172.39	901.04	48.02	38.53
PTHR11143	2362.0	2248.06	3673.05	295.33	237.04
PTHR11380	520.0	482.03	260.0	36.3	29.13
PTHR11384	13553.51	13097.88	4223.52	197.67	158.67
PTHR32477	4214.0	4176.02	898.0	14.26	11.45
PTHR14043	5835.0	5569.21	1295.84	106.65	85.61
PTHR32472	1097.0	1059.02	24.0	1.51	1.21
PTHR31658	3976.0	3862.06	511.0	24.25	19.46
PTHR22884	35872.72	34809.35	3228.0	159.95	128.36
PTHR23125	53662.63	52599.25	66750.08	2130.99	1710.33
PTHR12050	893.67	855.69	1288.9	100.66	80.79
PTHR19211	31217.15	30191.9	487205.67	8963.64	7194.4
PTHR12608	6171.31	5981.45	2120.04	90.45	72.6
PTHR12604	2847.0	2733.08	174.0	18.17	14.58
PTHR12603	6942.38	6866.43	2638.93	51.84	41.61
PTHR32091	2628.0	2514.06	657.91	52.84	42.41
PTHR32098	1728.0	1690.02	688.0	27.08	21.73
PTHR18763	1021.78	983.8	92.0	6.24	5.01
PTHR22726	955.0	917.02	191.0	13.91	11.16
PTHR22727	8115.0	8039.04	2631.53	42.56	34.16
PTHR12428	4737.52	4623.58	1086.0	50.38	40.43
PTHR18968	9631.91	9328.09	11079.64	517.56	415.41
PTHR12735	2537.63	2423.7	4169.99	323.23	259.44
PTHR15020	4281.0	4167.06	2635.27	129.06	103.6
PTHR12049	2812.04	2698.1	473.0	37.24	29.89
PTHR12558	7634.98	7407.1	1393.98	74.94	60.15
PTHR12553	12709.27	12367.45	2442.08	100.09	80.35
PTHR24072	4819.0	4629.11	8472.35	463.48	372.01
PTHR10496	1927.0	1813.08	4532.61	384.44	308.57
PTHR21569	5641.0	5413.12	9933.18	673.15	540.29
PTHR21567	6104.0	6028.04	871.0	41.4	33.23
PTHR13950	1367.0	1291.04	189.0	19.55	15.7
PTHR12133	1311.0	1273.02	106.0	5.55	4.45
PTHR10972	5549.84	5435.91	2337.27	81.53	65.43
PTHR21704	5641.26	5603.28	1363.0	16.12	12.94
PTHR10606	5604.0	5490.07	691.0	26.49	21.26
PTHR10971	3475.26	3361.32	1028.22	60.82	48.82
PTHR22942	9936.48	9632.7	6752.39	311.28	249.82
PTHR13395	1715.0	1677.02	58.0	2.3	1.85
PTHR22891	13675.13	13333.38	4383.87	222.16	178.32
PTHR21368	2025.0	1949.04	4306.97	284.23	228.14
PTHR24067	27701.34	26713.9	22171.26	1221.36	980.26
PTHR24064	11265.28	10923.5	2146.98	99.56	79.92
PTHR24063	22058.4	21261.0	4026.18	190.13	152.59
PTHR21011	2936.0	2822.06	3757.37	278.26	223.34
PTHR10772	3181.0	3029.09	2766.7	209.96	168.52
PTHR10774	40461.12	39283.77	39590.01	2060.83	1654.07
PTHR24068	3582.0	3392.13	2948.0	199.7	160.29
PTHR19980	1359.0	1321.02	75.0	3.78	3.04
PTHR12959	1058.08	1020.1	627.99	41.07	32.97
PTHR24115	30270.54	29511.07	5689.03	229.96	184.56
PTHR10961	1546.96	1508.98	160.0	7.06	5.66
PTHR11825	13478.52	13098.74	8680.28	516.58	414.61
PTHR10809	1509.0	1471.02	1592.99	72.08	57.85
PTHR11822	3983.22	3869.28	1730.13	67.51	54.19
PTHR10555	4137.0	4023.06	536.0	27.91	22.41
PTHR10806	467.0	429.03	505.0	79.36	63.7
PTHR10804	18553.56	17908.22	12790.56	627.36	503.53
PTHR11556	6067.42	5915.5	17558.18	764.97	613.98
PTHR22838	2587.0	2511.04	1092.0	57.92	46.49
PTHR11558	3441.0	3365.04	1316.0	55.07	44.2
PTHR13773	1677.0	1601.04	1456.16	120.67	96.85
PTHR11953	3333.98	3220.05	2035.94	125.18	100.48
PTHR11956	3977.0	3787.17	895.0	46.91	37.66
PTHR11959	3523.58	3447.62	7479.65	266.06	213.54
PTHR11739	3709.0	3633.04	8592.51	267.1	214.38
PTHR11732	21521.07	20875.45	21573.41	1121.92	900.46
PTHR11731	11518.91	11329.01	7131.79	213.33	171.22
PTHR11730	7446.0	7332.06	7178.06	182.33	146.34
PTHR11735	3270.62	3194.66	489.0	22.01	17.66
PTHR10394	2861.94	2710.08	7128.56	574.45	461.06
PTHR20941	3390.0	3276.06	677.79	40.65	32.62
PTHR10150	2570.81	2494.85	79.0	4.23	3.4
PTHR31065	5582.36	5468.42	3671.0	143.23	114.96
PTHR10159	21744.78	20947.36	16959.98	776.67	623.39
PTHR31066	2323.04	2285.06	248.0	7.21	5.79
PTHR13604	1132.72	1094.78	392.0	23.87	19.16
PTHR23264	6519.62	6291.77	1946.69	96.87	77.74
PTHR23269	1661.0	1585.04	255.01	21.8	17.5
PTHR31204	845.0	807.02	35.0	2.9	2.33
PTHR31201	4618.08	4542.12	5984.99	180.43	144.81
PTHR31209	1798.23	1760.25	965.0	36.46	29.26
PTHR11607	12981.4	12677.63	3753.98	107.07	85.94
PTHR11606	1705.0	1667.02	3872.0	154.51	124.01
PTHR11601	4883.0	4769.06	3548.0	131.2	105.3
PTHR32467	673.0	635.02	35.0	3.69	2.97
PTHR31840	843.64	805.66	181.0	15.02	12.06
PTHR23130	19929.58	19397.88	7652.27	252.74	202.86
PTHR23133	1283.0	1245.02	615.0	32.91	26.42
PTHR23135	7814.62	7510.82	1040.99	83.24	66.82
PTHR23138	3943.0	3829.06	3256.0	172.78	138.68
PTHR23139	6500.42	6234.59	2561.35	164.21	131.81
PTHR31682	3043.0	2967.04	577.0	27.63	22.18
PTHR11040	7876.0	7610.15	3983.0	172.77	138.66
PTHR11043	2699.17	2585.23	1410.0	97.72	78.43
PTHR11048	5134.39	4906.61	3624.76	138.35	111.04
PTHR14005	6575.51	6461.58	5277.21	196.33	157.58
PTHR15818	2358.0	2282.05	142.0	5.96	4.78
PTHR12636	1194.0	1156.02	112.0	6.46	5.18
PTHR14490	583.0	545.02	65.0	8.01	6.43
PTHR14493	24870.74	24187.19	8443.41	334.66	268.59
PTHR15651	2649.0	2573.04	477.0	23.76	19.07
PTHR12380	3419.24	3267.35	2007.51	147.5	118.39
PTHR12385	1725.0	1687.02	180.0	7.1	5.7
PTHR12706	1677.0	1563.08	8.0	0.76	0.61
PTHR12709	2190.0	2114.04	435.0	26.27	21.09
PTHR19957	15715.18	15335.39	12147.31	478.12	383.75
PTHR30239	2088.0	2050.02	1450.0	47.01	37.73
PTHR11751	24989.96	24458.24	29977.86	1129.38	906.47
PTHR12097	4389.0	4351.02	1750.11	26.67	21.41
PTHR11752	36972.91	35947.51	4793.87	227.72	182.77
PTHR21576	18848.67	18354.95	4895.69	220.15	176.68
PTHR10046	4551.0	4361.11	1360.0	99.82	80.11
PTHR12419	7117.35	6889.54	971.0	55.77	44.75
PTHR11757	1182.0	1106.05	31.0	4.26	3.42
PTHR30525	1832.75	1794.77	2450.93	90.81	72.88
PTHR12413	2597.51	2521.55	298.0	16.83	13.51
PTHR12412	2385.3	2309.35	939.35	56.03	44.97
PTHR12411	110677.34	108057.03	139501.58	4750.98	3813.26
PTHR24420	801483.92	780637.7	403562.42	14448.31	11596.32
PTHR12415	1966.63	1814.8	102.0	14.13	11.34
PTHR21717	1248.61	1172.66	101.0	14.46	11.61
PTHR10943	8187.0	7921.33	3901.97	143.27	114.98
PTHR12897	2318.72	2204.83	371.0	34.92	28.04
PTHR12894	5026.94	4837.05	1459.08	89.87	72.13
PTHR12891	3140.0	3064.04	468.0	25.8	20.7
PTHR22976	8930.16	8702.29	4902.99	206.54	165.77
PTHR22975	2632.74	2556.79	1019.0	49.73	39.91
PTHR21377	2689.0	2575.07	2908.0	177.13	142.16
PTHR21371	2810.0	2696.06	6989.85	442.58	355.23
PTHR21373	2815.0	2777.02	149.0	3.56	2.86
PTHR22573	9498.59	9308.7	4877.09	162.57	130.47
PTHR22572	16932.02	16400.36	29167.65	1458.43	1170.59
PTHR13060	1279.0	1241.02	132.0	7.09	5.69
PTHR21000	2341.0	2265.04	2019.0	116.28	93.33
PTHR10701	2709.0	2633.04	648.0	32.96	26.45
PTHR13161	1281.05	1205.1	387.0	43.22	34.69
PTHR13162	7651.93	7424.1	3370.96	148.07	118.83
PTHR13165	1364.0	1326.02	412.0	20.69	16.61
PTHR21396	1771.0	1695.04	781.96	74.9	60.11
PTHR12965	4289.26	4251.28	2145.01	33.46	26.86
PTHR12459	3932.0	3818.06	560.0	25.51	20.47
PTHR10681	4148.12	3996.21	10870.88	544.78	437.25
PTHR24106	3870.0	3756.07	794.0	32.77	26.29
PTHR24103	1456.12	1380.16	120.0	12.12	9.73
PTHR11540	4581.81	4391.94	5018.01	289.76	232.58
PTHR10836	7610.8	7307.2	30370.51	1304.2	1046.78
PTHR10835	2526.0	2488.02	1178.29	31.45	25.24
PTHR11545	4425.0	4235.1	8304.17	526.87	422.88
PTHR10012	2019.0	1943.04	205.0	13.13	10.53
PTHR13768	2102.0	2026.05	1117.95	46.26	37.12
PTHR24078	26333.35	25611.74	7708.0	248.81	199.72
PTHR11946	29125.7	28328.18	6673.0	277.4	222.64
PTHR11947	4329.0	4215.06	1073.0	49.72	39.91
PTHR11941	8425.54	8197.66	4692.84	202.99	162.92
PTHR10497	1884.19	1770.28	4578.68	326.01	261.66
PTHR24073	31077.59	30090.13	27602.69	1413.55	1134.54
PTHR10491	1645.0	1607.02	336.0	13.91	11.16
PTHR24076	25436.74	24715.18	19480.96	900.57	722.8
PTHR24077	13013.18	12557.43	2029.77	133.77	107.36
PTHR11728	4606.0	4530.04	1698.0	49.39	39.64
PTHR11726	2573.0	2421.12	7046.86	437.08	350.81
PTHR11727	2575.01	2461.1	648.0	39.3	31.53
PTHR11721	1935.0	1821.07	3853.65	342.15	274.61
PTHR11722	2642.0	2528.06	4826.95	315.75	253.42
PTHR10120	3887.0	3811.04	3320.46	116.33	93.38
PTHR10122	1352.8	1276.86	2970.85	212.2	170.32
PTHR11831	3376.0	3224.08	6995.61	484.58	388.92
PTHR11835	5063.34	4949.4	2818.0	119.04	95.55
PTHR11614	8482.62	8292.72	8764.57	332.72	267.05
PTHR11615	6120.0	5930.15	6468.44	182.48	146.46
PTHR11618	2268.98	2155.05	169.0	14.11	11.32
PTHR14140	2240.0	2202.02	338.0	10.2	8.19
PTHR32419	3181.0	3105.04	1652.26	70.56	56.63
PTHR10231	5733.11	5505.25	2930.12	183.7	147.46
PTHR10233	4912.0	4798.06	2055.0	84.34	67.7
PTHR20922	3578.85	3464.91	6370.47	267.47	214.68
PTHR31503	3395.0	3319.04	2890.03	111.51	89.5
PTHR23147	2919.07	2843.12	1459.28	64.52	51.79
PTHR23140	3859.07	3821.09	805.39	13.98	11.22
PTHR23142	4100.08	4024.13	889.43	37.63	30.2
PTHR23149	1314.0	1276.02	51.0	2.66	2.14
PTHR23148	1557.54	1481.61	1353.71	91.81	73.69
PTHR11361	26000.21	25202.71	4416.13	223.53	179.4
PTHR11056	3311.0	3235.04	7494.89	217.17	174.3
PTHR11055	4102.0	4026.04	3714.53	133.84	107.42
PTHR32523	2845.0	2769.04	610.0	29.24	23.47
PTHR31695	3055.0	3017.02	1054.0	23.19	18.61
PTHR10540	4883.5	4731.58	3350.0	171.31	137.48
PTHR12629	1354.0	1316.02	1430.85	72.42	58.12
PTHR18945	24594.06	23872.55	6646.04	292.43	234.71
PTHR26402	6655.84	6503.95	3132.0	82.99	66.61
PTHR19384	13707.26	13289.49	11775.04	547.71	439.61
PTHR12714	5372.0	5220.08	736.0	38.79	31.13
PTHR32251	2553.11	2477.15	1173.04	75.04	60.23
PTHR12570	3953.7	3877.74	1276.99	44.75	35.91
PTHR21494	1334.45	1296.47	96.0	4.93	3.96
PTHR21496	3116.0	3040.04	515.0	21.47	17.23
PTHR21493	24510.51	23827.0	4582.7	213.96	171.74
PTHR21499	8881.0	8767.06	4106.0	87.31	70.07
PTHR21148	2482.81	2406.85	1132.0	63.36	50.86
PTHR12083	1458.52	1420.54	151.0	7.08	5.68
PTHR22904	39099.69	37922.4	13859.63	679.19	545.13
PTHR13976	1902.76	1826.8	970.0	68.79	55.21
PTHR19855	1437.52	1361.56	128.0	12.17	9.77
PTHR13353	1393.0	1355.02	475.0	23.34	18.74
PTHR16128	4133.0	4057.04	792.0	25.39	20.38
PTHR12400	1611.0	1535.04	68.0	5.83	4.68
PTHR12403	2068.0	1992.04	1015.15	83.19	66.77
PTHR30314	3822.97	3747.01	2053.2	85.55	68.67
PTHR12882	1165.44	1127.46	257.01	15.2	12.2
PTHR12883	1818.44	1742.5	742.02	35.58	28.56
PTHR16255	1561.0	1523.02	248.78	10.87	8.72
PTHR16254	11393.5	11165.63	5487.73	163.57	131.29
PTHR22960	2729.0	2653.04	376.21	20.16	16.18
PTHR13373	2748.0	2710.02	312.0	7.64	6.13
PTHR13375	2115.0	2077.02	202.0	6.46	5.19
PTHR22967	3388.0	3274.06	1338.65	62.27	49.97
PTHR19858	3377.55	3263.61	447.0	26.33	21.13
PTHR30222	2501.07	2463.1	265.0	7.15	5.73
PTHR13115	3587.0	3435.11	335.98	18.68	14.99
PTHR13117	1934.0	1858.04	212.0	12.94	10.38
PTHR13285	342.0	304.05	1.0	0.22	0.18
PTHR13288	1892.0	1778.09	73.0	8.7	6.98
PTHR10953	16264.59	15846.84	6211.95	280.94	225.48
PTHR10954	2028.87	1952.91	377.55	27.37	21.97
PTHR21726	4221.0	4107.06	1223.02	79.1	63.49
PTHR10956	1449.0	1335.1	3495.0	379.51	304.6
PTHR11538	4423.0	4309.1	1856.18	62.6	50.24
PTHR10826	1871.0	1795.04	887.0	68.32	54.83
PTHR11533	7883.9	7769.98	16271.33	364.94	292.9
PTHR11532	2839.0	2725.06	419.0	31.86	25.56
PTHR10000	5236.54	5084.63	4647.99	288.69	231.72
PTHR13021	1265.0	1227.02	463.0	25.14	20.18
PTHR12290	2091.17	2015.21	538.11	36.01	28.9
PTHR11706	8723.39	8533.52	2336.0	82.42	66.15
PTHR24007	3183.0	2993.16	329.0	35.27	28.32
PTHR24006	36958.26	36122.84	9947.67	362.18	290.67
PTHR24003	20589.71	20058.05	11368.91	474.66	380.97
PTHR31446	2688.0	2574.06	1422.0	109.93	88.23
PTHR31190	17337.28	16881.61	7050.41	265.58	213.17
PTHR11441	1696.0	1658.02	91.0	3.65	2.93
PTHR11440	7658.78	7354.96	3851.08	205.61	165.0
PTHR11999	6751.13	6637.19	82670.8	2724.11	2186.42
PTHR11998	7061.07	6871.23	2468.91	90.65	72.76
PTHR11449	1936.0	1822.07	4216.0	366.86	294.44
PTHR11994	2577.0	2463.06	7654.92	561.97	451.05
PTHR10133	8956.94	8691.08	1726.0	86.36	69.3
PTHR13620	6194.8	5891.04	1031.0	84.88	68.11
PTHR11705	1557.1	1519.12	76.0	3.33	2.67
PTHR11847	2011.03	1935.07	4622.84	230.02	184.61
PTHR11843	1656.5	1580.54	4940.05	335.99	269.67
PTHR13138	812.0	774.02	132.0	11.41	9.16
PTHR11661	3285.68	3133.77	6290.0	515.65	413.88
PTHR11662	16781.93	16250.3	3607.41	190.41	152.81
PTHR11669	4517.0	4365.08	629.0	35.15	28.21
PTHR11668	23550.97	22981.31	25217.66	917.37	736.27
PTHR20856	11446.87	11257.0	2710.02	67.02	53.79
PTHR20854	11072.29	10806.43	5860.61	259.34	208.17
PTHR20855	2667.0	2629.02	5678.59	143.42	115.11
PTHR20852	10602.98	10185.27	173494.77	7270.39	5835.36
PTHR32404	4821.35	4707.46	2355.09	103.63	83.18
PTHR20858	3872.33	3796.38	327.0	14.63	11.73
PTHR30603	4655.83	4579.87	7452.04	220.76	177.19
PTHR14898	2861.64	2823.66	1430.99	33.64	27.0
PTHR14237	4453.8	4187.97	768.0	81.25	65.2
PTHR14894	2447.0	2409.02	186.0	5.13	4.12
PTHR23155	239308.87	232283.74	40013.57	1616.98	1297.88
PTHR23153	3635.18	3559.23	589.0	23.1	18.54
PTHR23151	16030.5	15422.89	15002.67	899.62	722.06
PTHR11063	2616.0	2578.02	9210.75	237.25	190.42
PTHR11062	69116.4	67521.56	13531.48	504.97	405.29
PTHR11061	8133.0	7829.18	1285.0	69.7	55.94
PTHR11065	2365.37	2327.39	4023.57	114.84	92.17
PTHR11064	2798.09	2684.15	2756.44	177.41	142.39
PTHR11260	18280.59	17710.89	20256.68	1059.52	850.39
PTHR11266	5517.0	5327.1	1358.4	92.94	74.59
PTHR13501	2149.0	2073.05	407.0	16.74	13.44
PTHR31998	5674.0	5522.08	36876.62	889.23	713.72
PTHR31221	49943.3	48690.1	14916.06	654.83	525.58
PTHR22881	1719.64	1681.66	312.0	12.34	9.9
PTHR15838	725.0	649.09	26.99	5.64	4.53
PTHR22836	1697.93	1659.95	187.0	7.49	6.01
PTHR32338	1758.0	1720.02	2126.97	82.25	66.01
PTHR23270	5012.0	4784.2	244.0	20.9	16.77
PTHR31407	4788.0	4636.08	2352.04	129.44	103.9
PTHR12363	9297.0	9107.11	2075.0	93.97	75.42
PTHR20932	4197.41	4121.45	1080.88	34.5	27.69
PTHR18952	6311.35	6121.46	7380.44	267.96	215.07
PTHR21213	1168.23	1130.25	964.0	56.87	45.64
PTHR12765	2480.0	2328.1	350.0	37.05	29.73
PTHR12505	3050.0	2974.04	1095.99	48.84	39.2
PTHR22603	1324.0	1286.02	36.0	1.86	1.5
PTHR22604	10793.7	10413.92	3145.89	202.97	162.91
PTHR21481	3733.91	3695.93	774.5	13.9	11.16
PTHR23029	13227.85	12886.06	6370.38	300.77	241.4
PTHR22778	766.0	728.02	107.78	9.91	7.95
PTHR19446	7694.0	7542.1	234.0	9.3	7.47
PTHR12219	901.61	863.63	1736.0	134.31	107.8
PTHR13561	6845.0	6693.08	424.6	18.58	14.92
PTHR13563	1451.0	1413.02	192.0	9.05	7.26
PTHR12210	18887.25	18431.5	7414.84	304.16	244.14
PTHR12215	2659.06	2583.1	100.0	6.58	5.29
PTHR12214	1946.03	1908.05	172.0	5.99	4.81
PTHR22915	9990.18	9724.32	9994.55	425.51	341.54
PTHR22911	9952.66	9724.78	6555.45	244.91	196.57
PTHR22912	14771.62	14429.81	19299.06	706.41	566.98
PTHR12183	7102.2	6874.32	4679.31	227.29	182.42
PTHR19849	2189.98	2114.02	641.0	39.26	31.51
PTHR22594	16985.0	16567.22	3565.0	138.84	111.43
PTHR21152	5832.19	5680.27	9172.27	360.99	289.73
PTHR12000	2817.0	2741.04	6308.35	239.1	191.91
PTHR21021	1366.0	1328.02	428.0	21.46	17.23
PTHR13102	1448.0	1410.02	436.63	20.62	16.55
PTHR12984	6049.0	5973.04	4273.99	93.53	75.07
PTHR23293	4925.39	4811.46	880.0	32.84	26.37
PTHR12302	3549.0	3511.02	3660.79	69.18	55.52
PTHR13299	2114.0	2038.04	255.02	12.97	10.4
PTHR10925	3254.61	3140.76	258.0	12.36	9.93
PTHR21737	4317.19	4127.37	409.99	28.09	22.53
PTHR10920	8654.58	8464.7	2936.19	89.95	72.19
PTHR10585	6282.38	6092.48	1155.0	58.44	46.91
PTHR10584	16885.37	16429.62	7916.36	310.71	249.38
PTHR11528	14360.69	13980.98	5052.71	199.58	160.2
PTHR11527	7396.26	7130.42	8722.36	485.88	389.97
PTHR12169	1559.39	1521.42	62.0	2.71	2.18
PTHR10859	7339.0	7187.08	1983.0	84.02	67.43
PTHR10589	2046.0	1970.04	1227.0	81.21	65.18
PTHR10588	6031.91	5880.03	4344.0	108.34	86.95
PTHR13038	3583.0	3507.04	232.0	8.93	7.17
PTHR13748	6529.36	6339.46	3660.87	145.55	116.83
PTHR13743	19804.21	19310.47	5284.18	222.76	178.79
PTHR24015	125335.45	122525.02	33301.78	1151.81	924.43
PTHR24012	23704.84	22603.73	26850.88	1640.88	1317.01
PTHR24011	36259.1	35005.94	17830.47	727.07	583.57
PTHR31187	3411.0	3297.06	4204.17	238.46	191.38
PTHR21145	953.0	915.02	218.0	15.91	12.77
PTHR11453	4549.45	4435.53	655.0	38.41	30.82
PTHR10108	38761.32	37659.93	11656.58	558.1	447.96
PTHR11986	12446.0	12066.35	13603.27	525.73	421.94
PTHR11455	11098.12	10756.32	6925.79	281.46	225.92
PTHR10102	4309.0	4119.12	606.99	33.74	27.08
PTHR11458	1824.0	1786.02	4294.89	159.91	128.35
PTHR10106	1431.0	1393.02	1162.0	55.54	44.58
PTHR30544	6761.86	6571.97	2286.0	98.83	79.32
PTHR31057	2078.9	1964.97	305.0	31.08	24.94
PTHR30115	1043.0	1005.02	2509.41	166.62	133.73
PTHR11851	27520.83	26913.16	23572.7	777.93	624.38
PTHR23092	11707.0	11365.19	852.06	42.44	34.06
PTHR23091	15866.5	15334.85	3795.02	220.66	177.09
PTHR11673	3183.0	3069.06	5179.1	317.37	254.73
PTHR11670	7696.67	7506.8	23035.76	591.06	474.39
PTHR11671	1438.0	1400.02	1071.26	50.95	40.89
PTHR20863	3832.01	3642.13	7425.35	593.13	476.06
PTHR20861	3249.31	3173.35	2967.01	123.44	99.08
PTHR11679	10032.32	9804.45	4023.98	181.18	145.42
PTHR14009	7440.0	7326.06	4997.66	112.32	90.15
PTHR10217	24036.52	23618.75	9474.01	233.94	187.77
PTHR10210	6271.0	6081.1	3370.02	163.26	131.03
PTHR31522	1660.45	1622.47	99.0	4.06	3.26
PTHR14221	1153.0	1115.02	125.0	7.48	6.0
PTHR14269	1381.84	1343.86	1162.0	57.59	46.22
PTHR11079	7131.18	6941.29	1763.05	82.0	65.81
PTHR11076	7888.49	7584.68	333.53	31.69	25.43
PTHR11071	27378.3	26466.81	43970.43	2550.12	2046.8
PTHR11278	2389.0	2275.06	5305.03	394.85	316.92
PTHR11276	2421.72	2383.74	543.0	15.13	12.14
PTHR11274	5297.98	5146.07	1600.0	81.55	65.46
PTHR14136	3576.82	3462.89	4721.58	285.15	228.86
PTHR31984	7017.42	6827.52	3472.0	152.78	122.62
PTHR15350	2471.0	2395.04	1774.88	98.98	79.45
PTHR15606	2090.0	2014.04	453.98	25.08	20.13
PTHR12374	2624.05	2510.13	207.0	18.46	14.81
PTHR12375	2328.77	2214.83	113.0	9.22	7.4
PTHR12378	2790.0	2714.04	1052.63	51.45	41.3
PTHR18929	17927.26	17395.62	34268.8	1345.04	1079.55
PTHR12777	1330.0	1254.04	2062.0	201.34	161.6
PTHR12775	3417.8	3303.87	881.81	37.76	30.3
PTHR12770	7495.65	7305.76	1120.91	45.93	36.85
PTHR20982	1330.0	1292.02	2212.99	114.1	91.58
PTHR24352	1227.84	1189.86	452.0	25.32	20.32
PTHR16092	3093.0	3055.02	2865.97	62.26	49.97
PTHR12406	3595.31	3519.36	1613.0	49.57	39.78
PTHR11035	2940.89	2826.99	970.06	54.2	43.5
PTHR22298	16399.0	15981.22	5567.55	190.84	153.17
PTHR12174	5125.0	5011.06	2526.99	107.13	85.98
PTHR12175	1375.0	1337.02	868.99	43.29	34.74
PTHR12176	11069.87	10728.09	2801.24	149.88	120.3
PTHR22769	4342.39	4228.45	934.96	43.47	34.89
PTHR22767	5690.59	5576.65	1585.0	39.58	31.76
PTHR22765	3961.58	3885.63	5775.29	188.68	151.44
PTHR22762	5115.31	4963.45	2096.27	72.43	58.13
PTHR22763	1070.0	994.05	107.0	16.42	13.19
PTHR22761	2816.25	2740.29	1526.0	74.04	59.43
PTHR21231	3826.12	3712.18	1223.99	60.71	48.73
PTHR21230	5785.9	5596.03	1649.0	79.62	63.92
PTHR21234	1100.0	1062.02	452.0	28.39	22.79
PTHR21237	2437.0	2361.04	1113.0	68.14	54.69
PTHR12202	1573.0	1421.19	73.0	13.96	11.2
PTHR12203	3762.05	3686.09	1131.0	42.02	33.73
PTHR19857	1723.0	1685.02	335.0	13.22	10.61
PTHR19854	2811.0	2735.04	185.0	8.18	6.57
PTHR19852	3551.0	3399.09	490.0	27.31	21.92
PTHR19853	3866.0	3714.09	203.0	14.36	11.53
PTHR12197	9847.68	9467.96	1116.22	88.9	71.35
PTHR13822	1859.0	1783.04	2970.18	187.77	150.71
PTHR21649	15662.35	15016.75	177437.67	10934.73	8776.42
PTHR10344	1307.0	1269.02	119.0	6.25	5.01
PTHR13273	1476.0	1438.02	826.0	38.24	30.69
PTHR10732	2646.0	2494.09	5490.69	439.76	352.96
PTHR10738	3238.0	3124.06	648.99	35.99	28.89
PTHR10739	1905.0	1867.02	896.0	31.91	25.61
PTHR12992	1147.0	1109.02	289.0	17.38	13.95
PTHR11588	6983.32	6755.54	6908.04	335.23	269.06
PTHR11934	3710.0	3596.06	3730.0	242.28	194.46
PTHR10693	2358.0	2282.04	624.0	34.33	27.56
PTHR10938	2537.34	2461.39	238.0	13.17	10.57
PTHR10934	1468.0	1392.04	5402.42	408.66	327.99
PTHR11510	3337.73	3223.8	1032.2	73.6	59.07
PTHR11516	6406.0	6254.08	14345.9	624.14	500.95
PTHR10025	4589.5	4475.56	2038.0	78.31	62.85
PTHR10026	8053.46	7825.59	1835.0	90.36	72.52
PTHR10027	6896.82	6592.99	9918.42	550.56	441.9
PTHR13009	2989.0	2913.04	730.0	32.41	26.01
PTHR13007	1443.0	1367.04	405.0	39.6	31.79
PTHR10598	2154.0	2116.02	163.0	5.12	4.11
PTHR10430	5581.03	5353.17	5801.92	375.98	301.76
PTHR17901	804.01	766.05	766.0	66.88	53.68
PTHR24351	7219.86	7029.96	44650.74	2108.19	1692.08
PTHR20981	2148.0	2034.06	3950.0	335.84	269.55
PTHR23429	4671.1	4595.14	3954.83	113.78	91.32
PTHR11467	2838.0	2762.04	11666.92	594.19	476.92
PTHR10119	9415.0	9187.13	4252.2	157.56	126.47
PTHR10110	16551.84	16134.06	3216.58	120.27	96.53
PTHR11469	4739.12	4663.16	4982.04	136.36	109.44
PTHR11863	9629.59	9325.77	1657.0	89.41	71.77
PTHR24286	3389.0	3275.06	183.0	12.64	10.14
PTHR11864	3579.53	3313.77	249.0	29.91	24.01
PTHR23426	2467.23	2391.27	291.0	14.68	11.79
PTHR10593	9650.13	9384.29	3326.4	104.48	83.85
