GeneFamily	length	effective_length	expected_count	TPM	FPKM
PTHR11649	14052.2	13644.14	4084.4	335.83	291.56
PTHR31089	1941.58	1900.77	1052.0	66.32	57.58
PTHR31085	11463.49	11259.45	2091.91	124.08	107.73
PTHR11647	3936.1	3813.69	705.0	65.01	56.43
PTHR11645	3550.0	3427.58	2318.41	225.71	195.95
PTHR11880	2299.84	2177.43	7526.31	1419.74	1232.6
PTHR11885	2268.0	2145.59	4871.0	881.46	765.27
PTHR10209	10582.12	10337.29	5834.11	408.12	354.34
PTHR32429	5516.73	5394.31	3973.41	344.97	299.5
PTHR31423	1448.0	1407.19	192.0	16.37	14.21
PTHR31551	1566.81	1485.21	417.04	56.71	49.24
PTHR32195	3300.82	3219.21	306.0	20.55	17.84
PTHR11081	6969.66	6724.85	760.0	59.41	51.58
PTHR11080	2251.79	2170.17	145.0	19.13	16.61
PTHR11082	7875.36	7630.58	734.0	55.59	48.27
PTHR11085	4167.81	3963.85	327.06	49.11	42.62
PTHR11089	11362.66	10913.8	1268.91	149.65	129.92
PTHR32518	2754.14	2672.54	469.01	31.49	27.33
PTHR11247	4623.57	4460.35	527.73	49.25	42.75
PTHR11246	13398.29	13112.64	1742.84	127.65	110.82
PTHR32512	4210.0	4128.38	151.0	8.71	7.55
PTHR23088	5872.73	5709.5	1076.74	85.63	74.34
PTHR23089	4867.31	4704.08	1596.07	179.27	155.62
PTHR23081	7504.86	7382.44	682.0	33.44	29.03
PTHR23083	43785.85	42357.8	7512.74	593.1	514.95
PTHR23084	5527.53	5323.53	1022.96	101.44	88.06
PTHR23086	4670.0	4547.58	493.76	38.65	33.55
PTHR18806	2316.2	2234.58	194.0	20.13	17.48
PTHR31953	3928.69	3765.57	760.66	88.37	76.73
PTHR15184	12844.61	12518.17	16085.99	992.15	861.36
PTHR15341	1167.85	1127.07	201.0	21.43	18.6
PTHR32357	5450.23	5327.81	3738.29	222.93	193.54
PTHR12696	5220.0	5056.8	1107.0	67.71	58.78
PTHR12341	2277.88	2237.08	279.0	14.94	12.97
PTHR15160	3896.28	3773.86	10735.72	1193.76	1036.39
PTHR18937	16896.14	16569.7	1718.09	84.77	73.59
PTHR18934	40491.15	39185.48	2585.2	231.07	200.62
PTHR12742	1274.0	1233.19	130.0	12.66	10.99
PTHR12741	18043.44	17512.99	2107.0	104.58	90.81
PTHR19288	4651.23	4528.8	812.86	64.89	56.34
PTHR12975	4351.0	4269.38	398.0	22.58	19.61
PTHR13902	11829.95	11625.91	3283.12	153.66	133.4
PTHR13903	7463.08	7259.03	1510.0	109.37	94.95
PTHR22753	8567.0	8281.34	227.0	22.37	19.42
PTHR30615	1026.0	985.19	379.0	46.27	40.17
PTHR21220	1818.72	1777.92	216.0	14.56	12.64
PTHR22938	2111.0	1907.14	59.0	18.04	15.65
PTHR21597	4510.0	4428.38	184.3	9.73	8.45
PTHR22931	9003.52	8840.32	7244.91	291.12	252.75
PTHR22936	9731.9	9446.24	1109.0	107.3	93.16
PTHR31038	2290.58	2208.97	974.0	103.28	89.66
PTHR13832	38648.95	37547.19	20978.6	1501.8	1303.82
PTHR31319	3674.03	3551.62	2444.04	187.71	162.97
PTHR21136	10337.66	10011.19	3215.17	309.25	268.48
PTHR12526	45976.11	44792.75	13152.42	875.88	760.45
PTHR13120	1394.41	1312.81	293.23	55.65	48.31
PTHR22809	2421.0	2339.38	22.0	2.48	2.15
PTHR22807	8153.0	7908.15	281.0	21.68	18.8
PTHR20661	1502.87	1421.27	57.0	8.38	7.28
PTHR10900	7720.69	7435.09	653.0	69.94	60.7
PTHR10906	6709.39	6505.43	1617.94	138.03	119.83
PTHR10909	17387.56	17020.27	23048.05	1315.98	1142.5
PTHR10055	4016.0	3893.58	540.0	43.13	37.44
PTHR10057	3319.64	3197.21	1550.0	178.83	155.26
PTHR10052	2225.0	2102.59	4250.71	705.58	612.58
PTHR13017	1553.0	1512.19	26.0	2.06	1.79
PTHR13018	26004.36	25351.48	2508.6	199.42	173.15
PTHR10694	7276.91	6991.25	522.1	57.01	49.51
PTHR12839	5981.69	5859.33	1553.26	121.72	105.68
PTHR12835	1668.65	1627.84	212.88	15.68	13.61
PTHR24031	79018.51	76407.21	17359.06	1459.95	1267.51
PTHR24032	1443.0	1402.19	50.01	4.28	3.72
PTHR23291	4072.57	3909.35	4443.05	447.01	388.08
PTHR24349	233669.02	227140.42	71366.86	5189.78	4505.75
PTHR24619	5330.0	5207.57	1411.0	99.78	86.63
PTHR24343	10640.38	10314.03	5544.1	416.55	361.63
PTHR11472	12427.27	11978.46	523.0	44.11	38.31
PTHR24347	21836.52	21183.64	7004.02	507.72	440.78
PTHR11476	3664.0	3500.83	240.0	24.62	21.38
PTHR11477	4326.0	4162.83	222.0	25.67	22.28
PTHR24305	2189.0	2107.38	137.0	18.04	15.66
PTHR10476	4259.0	4095.76	1410.05	144.5	125.46
PTHR24290	7840.67	7636.67	1180.22	69.51	60.35
PTHR12730	2389.0	2307.38	92.0	9.54	8.29
PTHR23413	948.0	907.19	1912.92	253.77	220.32
PTHR23417	4765.0	4642.57	116.0	10.21	8.87
PTHR23416	5874.37	5711.13	1038.89	99.01	85.97
PTHR23415	847.0	806.19	141.84	21.19	18.4
PTHR12736	1834.0	1793.19	37.0	2.47	2.15
PTHR23418	1061.0	1020.19	1491.02	175.73	152.57
PTHR10877	5924.81	5761.61	4513.94	266.98	231.79
PTHR11879	6928.6	6765.36	7208.81	493.66	428.59
PTHR31096	6426.8	6222.75	5681.18	409.62	355.63
PTHR11655	4098.0	3893.98	9563.13	1308.53	1136.05
PTHR11652	1183.0	1101.42	3426.99	515.7	447.72
PTHR10436	10822.0	10413.91	285.21	32.01	27.79
PTHR20883	2603.0	2521.38	2231.0	226.54	196.68
PTHR11895	6497.0	6333.76	692.0	37.17	32.27
PTHR10277	8201.79	8038.56	3091.85	179.01	155.42
PTHR14027	2331.0	2249.41	151.0	16.39	14.24
PTHR12320	10719.3	10515.26	3801.94	230.87	200.43
PTHR24095	19234.0	18703.55	12440.59	545.81	473.87
PTHR24093	79317.69	76788.17	25042.4	1545.69	1341.88
PTHR23180	20182.96	19611.69	5230.6	455.03	395.05
PTHR14593	4864.48	4701.32	302.0	33.43	29.03
PTHR11093	4048.21	3925.8	237.0	25.43	22.07
PTHR11096	1691.0	1527.89	36.0	12.51	10.87
PTHR23346	14318.95	13992.56	1363.0	75.57	65.61
PTHR11099	2684.0	2602.38	490.92	46.7	40.55
PTHR10309	1913.0	1872.19	351.0	22.47	19.51
PTHR14107	2742.84	2702.04	263.0	11.65	10.11
PTHR11252	5447.0	5283.76	588.0	47.27	41.03
PTHR11254	16592.58	16103.02	3737.88	221.84	192.6
PTHR11255	7268.76	7146.33	7339.13	277.2	240.66
PTHR14110	3793.0	3629.76	1742.03	233.75	202.93
PTHR14374	2439.0	2316.58	69.0	10.9	9.46
PTHR18838	5951.48	5665.95	718.37	101.38	88.02
PTHR12687	1300.0	1259.19	19.0	1.81	1.57
PTHR15157	3573.85	3451.43	329.05	33.7	29.25
PTHR18901	10835.0	10508.54	6179.59	462.89	401.88
PTHR12755	3579.0	3415.8	142.02	16.17	14.03
PTHR12750	3610.62	3447.41	505.0	61.61	53.49
PTHR12753	1934.0	1852.41	415.0	39.78	34.54
PTHR15574	4145.61	3941.6	759.0	108.59	94.28
PTHR22790	3565.62	3443.2	410.0	39.11	33.95
PTHR16266	4798.07	4594.08	231.04	28.12	24.41
PTHR31811	2492.26	2369.85	89.0	13.49	11.71
PTHR12358	8752.65	8548.61	1097.49	67.93	58.98
PTHR22748	3237.0	3155.38	132.99	10.3	8.95
PTHR12356	2376.97	2295.36	232.0	25.33	21.99
PTHR12221	2666.89	2544.48	307.0	43.53	37.8
PTHR19879	2249.0	2167.38	92.0	9.24	8.02
PTHR12226	4459.84	4337.42	947.0	79.97	69.43
PTHR19876	8152.0	7947.97	2286.0	126.43	109.76
PTHR19877	3900.7	3737.51	1473.01	145.39	126.22
PTHR31442	3447.88	3284.65	581.0	80.22	69.64
PTHR12538	1718.0	1595.62	3735.91	743.85	645.8
PTHR12537	6748.78	6585.54	1590.09	118.97	103.28
PTHR12532	1374.0	1333.19	138.0	12.43	10.79
PTHR13486	901.57	860.77	176.0	24.62	21.37
PTHR20275	3535.0	3494.19	841.0	28.79	25.0
PTHR13489	1746.0	1664.39	64.0	7.7	6.68
PTHR17583	3987.87	3824.65	187.0	25.61	22.23
PTHR13572	1675.0	1634.19	65.15	4.78	4.15
PTHR24198	6590.0	6304.38	383.0	51.67	44.85
PTHR10048	15502.23	15135.01	1957.0	123.88	107.56
PTHR24193	9301.69	8975.22	3420.97	340.14	295.27
PTHR10044	3360.0	3237.57	712.0	76.98	66.83
PTHR10687	3856.92	3693.73	960.18	93.84	81.47
PTHR13069	7016.93	6812.91	758.0	79.46	69.0
PTHR13068	11250.18	10964.52	1527.0	115.44	100.23
PTHR10682	3162.31	3039.92	926.99	72.26	62.73
PTHR10683	4132.0	4009.58	5964.02	427.21	370.89
PTHR12829	1226.0	1144.4	67.0	13.6	11.81
PTHR12820	2798.76	2635.59	418.0	44.7	38.81
PTHR12826	1036.0	995.19	126.0	15.23	13.22
PTHR12827	2597.0	2393.06	143.0	33.25	28.86
PTHR17920	2109.0	2068.19	443.01	25.66	22.28
PTHR10137	1701.0	1660.19	449.0	32.43	28.15
PTHR11405	9031.0	8867.76	2459.94	163.13	141.62
PTHR11404	2354.84	2273.25	1303.03	151.89	131.88
PTHR11406	1608.96	1568.16	4061.75	310.65	269.7
PTHR13468	2941.0	2859.39	1952.25	104.43	90.67
PTHR23406	8324.74	8120.71	10314.59	583.47	506.56
PTHR23407	1017.2	976.4	317.0	39.05	33.9
PTHR10869	30106.89	29005.15	39272.95	4224.78	3667.86
PTHR31717	3220.0	3138.38	312.58	20.41	17.72
PTHR13393	1947.0	1906.19	74.0	4.65	4.04
PTHR15169	1197.0	1115.4	36.0	7.72	6.71
PTHR11315	5132.35	5009.94	2712.76	179.41	155.77
PTHR10139	1771.99	1690.38	65.0	9.8	8.51
PTHR10264	7693.65	7448.8	5291.07	522.93	453.99
PTHR10263	7530.51	7204.09	5790.99	696.98	605.1
PTHR12506	2335.0	2294.19	2436.03	127.16	110.4
PTHR31155	1700.15	1659.35	4572.78	330.43	286.87
PTHR32170	3534.0	3411.57	569.0	66.36	57.62
PTHR23350	1059.0	1018.19	113.0	13.34	11.59
PTHR23354	7479.42	7357.0	1180.41	57.07	49.55
PTHR23355	11874.0	11465.97	596.0	65.71	57.06
PTHR23359	11886.32	11519.1	3989.63	304.98	264.79
PTHR11227	6887.9	6724.68	1369.0	88.96	77.25
PTHR11220	8757.21	8430.74	3462.78	400.63	347.81
PTHR11223	5671.27	5467.35	2208.56	205.75	178.63
PTHR11229	3393.48	3271.07	1858.73	188.13	163.33
PTHR10314	15882.28	15392.6	7167.38	765.23	664.36
PTHR14303	1118.24	1077.44	349.0	38.93	33.8
PTHR23309	4430.5	4267.28	3716.77	443.0	384.6
PTHR23308	5960.0	5755.96	1827.94	171.02	148.47
PTHR11139	31812.6	30996.57	1516.0	120.5	104.6
PTHR15362	1511.0	1429.4	182.0	22.83	19.82
PTHR11132	43404.86	42221.45	20497.06	1452.92	1261.42
PTHR11134	8439.68	8235.65	1463.0	99.62	86.48
PTHR11136	2771.66	2690.05	141.0	13.34	11.58
PTHR32374	1600.0	1559.19	162.0	12.46	10.82
PTHR31579	3488.0	3406.38	3028.04	195.4	169.65
PTHR32379	1398.0	1357.19	50.0	4.42	3.84
PTHR18919	8213.0	7968.14	9363.75	1221.39	1060.4
PTHR32002	15581.46	15051.02	2212.11	166.29	144.37
PTHR14413	1742.43	1660.82	1336.05	179.1	155.49
PTHR22893	3241.0	3118.58	1098.12	87.38	75.85
PTHR10778	3148.0	3066.38	159.04	12.42	10.77
PTHR13789	30883.62	30189.94	10110.7	542.24	470.76
PTHR12786	5018.0	4773.19	2845.0	237.82	206.49
PTHR12782	1572.0	1531.19	181.0	14.18	12.31
PTHR11742	13425.98	13140.33	1188.0	78.54	68.2
PTHR13923	4726.0	4481.22	441.0	61.98	53.8
PTHR11210	2750.7	2669.09	598.99	72.3	62.77
PTHR12321	1185.91	1145.11	501.5	52.62	45.68
PTHR25040	12600.95	12233.67	5907.29	537.0	466.19
PTHR12323	1993.02	1911.41	201.0	26.82	23.28
PTHR16201	9876.23	9590.58	836.38	75.63	65.67
PTHR21015	4261.07	4179.46	736.0	42.62	37.0
PTHR16196	788.0	747.19	45.0	7.26	6.3
PTHR16193	953.0	912.19	33.0	4.35	3.78
PTHR22792	5885.37	5681.37	1425.0	174.19	151.23
PTHR21680	3211.77	3130.16	1007.13	78.93	68.52
PTHR21689	6516.2	6434.58	195.0	7.76	6.74
PTHR21113	5039.9	4876.67	438.0	36.36	31.56
PTHR19316	2985.5	2903.89	685.93	57.44	49.87
PTHR21663	2597.98	2516.38	661.0	57.45	49.88
PTHR13253	13631.04	13182.13	3301.32	372.89	323.73
PTHR21206	1192.66	1151.86	210.99	22.01	19.11
PTHR10072	6278.78	6074.75	6853.14	696.26	604.48
PTHR10071	5999.21	5835.99	2594.26	174.36	151.37
PTHR24188	9128.93	8924.89	1031.0	61.38	53.29
PTHR13780	17368.59	16838.32	14695.17	1278.75	1110.19
PTHR10670	7342.31	7138.28	359.0	27.73	24.08
PTHR10677	2441.0	2277.8	210.0	44.23	38.4
PTHR13078	2144.96	2022.61	285.0	39.46	34.26
PTHR12815	5150.06	5027.76	974.99	70.77	61.44
PTHR12814	1932.0	1850.38	104.0	12.99	11.28
PTHR24361	46211.45	44905.64	5705.66	439.67	381.71
PTHR24362	17505.78	16934.58	1890.07	150.96	131.04
PTHR10416	1429.0	1347.4	212.96	38.12	33.1
PTHR10410	7348.6	7103.75	2885.28	268.85	233.4
PTHR10783	3797.44	3634.25	310.0	37.21	32.31
PTHR10782	7963.33	7718.5	342.0	27.61	23.98
PTHR13476	1389.48	1348.68	153.0	13.62	11.82
PTHR10788	9762.84	9558.79	2554.42	195.26	169.52
PTHR10891	32043.7	31023.59	9398.72	815.28	707.84
PTHR10890	5653.0	5530.57	589.0	46.14	40.05
PTHR20426	974.0	933.19	68.0	8.77	7.61
PTHR23213	13570.0	13121.17	1347.01	106.57	92.53
PTHR10520	5154.48	5032.06	1422.02	107.16	93.02
PTHR10250	2807.1	2684.68	1448.38	209.34	181.75
PTHR10527	20794.23	20182.21	3106.12	207.79	180.39
PTHR31384	14573.96	14206.79	2172.0	111.06	96.42
PTHR10098	2158.0	2076.39	338.0	30.57	26.55
PTHR10091	1376.76	1335.95	210.0	18.87	16.38
PTHR31140	2114.68	2073.88	161.0	9.3	8.07
PTHR31412	5442.0	5319.57	371.0	27.41	23.8
PTHR11787	3774.07	3651.69	2860.0	202.85	176.11
PTHR11785	32592.56	31694.82	6556.86	549.88	477.4
PTHR11782	6298.05	6094.01	969.98	75.61	65.64
PTHR31419	2279.27	2238.46	477.0	25.52	22.16
PTHR11780	3422.0	3299.58	2726.08	171.39	148.8
PTHR32497	1925.0	1843.38	276.0	35.32	30.67
PTHR13600	1700.43	1659.62	181.21	13.09	11.37
PTHR21141	5002.75	4717.16	7902.96	1204.91	1046.08
PTHR32148	4172.0	3967.98	3762.01	479.92	416.65
PTHR23324	6458.63	6336.21	3206.0	186.05	161.52
PTHR23327	4370.0	4206.77	847.0	103.37	89.74
PTHR23326	6102.0	5938.76	387.94	31.44	27.3
PTHR23321	3066.15	2943.74	323.04	49.19	42.7
PTHR23323	7173.0	6846.57	664.7	89.19	77.42
PTHR23322	7697.96	7412.35	877.73	89.61	77.79
PTHR23329	5035.22	4912.79	221.0	17.18	14.92
PTHR11236	6176.0	5971.95	292.0	26.37	22.89
PTHR10322	11205.0	10796.97	500.99	56.76	49.28
PTHR11239	3025.1	2902.71	440.0	54.39	47.22
PTHR10803	6303.14	6180.71	956.0	46.19	40.1
PTHR13803	11353.0	11067.38	1030.01	63.56	55.18
PTHR31964	23952.65	23136.5	84418.84	8390.22	7284.25
PTHR10552	1694.85	1613.24	216.0	31.14	27.03
PTHR23030	3046.0	3005.19	863.37	34.38	29.85
PTHR11129	3574.6	3411.39	230.99	30.77	26.71
PTHR15316	3819.0	3655.85	609.99	55.1	47.85
PTHR11127	1643.05	1520.84	3857.84	740.02	642.48
PTHR11125	3779.0	3615.77	900.96	108.93	94.56
PTHR10855	3624.0	3542.38	1124.78	74.43	64.62
PTHR31566	2376.15	2335.35	629.01	32.25	28.0
PTHR31567	1545.0	1504.19	603.0	48.09	41.75
PTHR31561	3013.0	2890.65	108.0	11.59	10.06
PTHR15137	2650.0	2568.39	24.0	1.88	1.63
PTHR14950	3062.0	2980.38	27.0	2.25	1.95
PTHR22939	18143.75	17694.85	3496.55	248.25	215.55
PTHR11264	1519.0	1478.19	226.0	18.34	15.92
PTHR15954	2712.0	2671.19	427.99	19.18	16.65
PTHR15952	4081.66	4040.85	234.96	6.95	6.04
PTHR21319	4904.86	4823.24	803.98	42.61	37.0
PTHR30612	7183.0	7101.38	1193.66	40.78	35.41
PTHR19271	3277.67	3155.26	51.0	5.68	4.92
PTHR22932	1136.83	1096.02	1387.0	152.09	132.04
PTHR19861	1251.0	1210.19	228.0	22.63	19.64
PTHR12029	8584.87	8299.23	994.91	83.39	72.39
PTHR12233	1302.68	1261.88	123.0	11.7	10.16
PTHR22780	11270.0	11065.96	2049.01	93.95	81.56
PTHR30535	5132.04	4968.81	775.0	70.91	61.57
PTHR11952	2526.15	2403.76	629.99	58.81	51.06
PTHR21477	5251.91	5088.69	623.0	61.45	53.35
PTHR19308	8262.03	8098.8	6534.72	424.6	368.61
PTHR16301	1158.53	1076.93	69.0	15.49	13.45
PTHR13265	2098.61	2017.0	343.12	38.39	33.32
PTHR22870	25679.5	24822.69	3668.42	404.81	351.45
PTHR17630	1908.0	1826.38	1159.02	157.93	137.11
PTHR10064	1389.0	1307.39	5206.5	1208.1	1048.85
PTHR10066	2847.0	2643.03	78.0	18.7	16.22
PTHR10060	2216.0	2134.38	90.0	9.24	8.02
PTHR10663	36057.99	35364.29	4305.01	192.64	167.24
PTHR10666	7198.36	6912.73	33780.25	4451.68	3864.86
PTHR10668	13365.53	12998.29	2994.77	221.37	192.17
PTHR12801	1911.0	1829.38	99.0	12.72	11.04
PTHR12802	2384.13	2261.73	217.0	29.5	25.62
PTHR12805	1554.93	1514.13	128.0	10.14	8.8
PTHR12806	1150.28	1109.47	74.0	8.02	6.96
PTHR21091	18213.84	17724.16	10136.9	716.49	622.03
PTHR21090	6457.03	6293.88	1541.09	93.05	80.78
PTHR21228	6280.08	6157.66	596.0	36.79	31.94
PTHR24314	5886.0	5722.76	1102.0	75.39	65.45
PTHR11933	1040.0	999.19	30.0	3.61	3.13
PTHR24316	9971.08	9563.09	3504.77	296.28	257.23
PTHR11426	4659.17	4414.38	4936.35	730.73	634.41
PTHR11937	15874.3	15425.47	14749.65	1054.13	915.17
PTHR11938	9755.5	9429.07	6712.38	527.18	457.69
PTHR21139	2302.0	2179.61	591.0	78.13	67.83
PTHR13683	33777.81	32839.31	6119.04	397.25	344.89
PTHR24089	71220.56	69057.84	22170.69	2055.24	1784.34
PTHR10796	2186.0	2145.19	412.0	23.01	19.97
PTHR10794	7412.6	7249.37	2398.0	203.28	176.49
PTHR10795	9131.37	8845.77	875.86	87.84	76.25
PTHR10792	3924.0	3719.98	5660.51	1031.72	895.73
PTHR10799	79856.45	77693.89	6833.65	457.5	397.2
PTHR10882	1171.98	1131.17	81.0	8.6	7.47
PTHR10887	51307.85	49839.02	2874.3	232.05	201.47
PTHR11686	4509.0	4345.82	1041.03	140.35	121.86
PTHR11685	2535.54	2453.93	1064.0	102.25	88.77
PTHR11680	8621.0	8417.03	4229.99	267.25	232.01
PTHR24221	33211.22	32354.42	24351.18	1563.47	1357.35
PTHR24220	8947.01	8620.55	1441.61	142.73	123.93
PTHR24223	53014.9	51097.3	19193.63	1556.03	1350.93
PTHR11689	21846.42	21479.15	2321.0	85.7	74.4
PTHR10252	2965.58	2843.16	1264.0	146.38	127.08
PTHR10537	2037.0	1996.19	244.0	14.65	12.71
PTHR13124	1575.0	1534.19	168.0	13.13	11.4
PTHR31173	3014.0	2973.19	507.0	20.41	17.72
PTHR10099	4717.0	4635.38	793.1	53.42	46.38
PTHR10997	19412.04	18963.36	3208.99	180.3	156.53
PTHR31356	9539.72	9254.07	6238.99	513.96	446.21
PTHR31352	14980.73	14695.07	7212.41	450.36	390.99
PTHR31350	3139.86	3058.24	2296.01	188.52	163.66
PTHR11758	1205.0	1123.4	3541.0	765.81	664.86
PTHR23333	1864.0	1782.39	199.0	22.78	19.78
PTHR11203	11500.47	11174.05	1145.19	91.15	79.13
PTHR11753	4315.0	4110.96	955.95	132.58	115.11
PTHR11200	17865.64	17579.98	3105.0	158.33	137.47
PTHR24423	81208.83	79291.03	77355.49	2570.34	2231.49
PTHR11206	15874.2	15588.53	4859.56	224.96	195.33
PTHR23338	2729.0	2565.81	990.0	187.7	162.96
PTHR23339	3824.0	3742.38	947.0	48.73	42.31
PTHR10332	1974.96	1934.15	116.0	7.19	6.24
PTHR14145	3884.0	3802.38	1027.99	68.54	59.5
PTHR12561	1092.55	1051.75	88.87	10.16	8.82
PTHR15744	2000.45	1878.04	83.0	16.26	14.11
PTHR23023	2583.0	2501.45	111.98	10.49	9.11
PTHR31385	3027.26	2945.65	1783.49	139.35	120.98
PTHR31142	3089.09	2966.68	1472.08	141.58	122.92
PTHR21294	1489.0	1448.19	2124.91	176.05	152.84
PTHR11119	6267.06	6103.83	947.16	63.79	55.38
PTHR31595	2467.0	2385.38	44.0	4.44	3.85
PTHR31596	1113.0	1072.19	31.0	3.48	3.02
PTHR15948	1626.82	1586.02	92.0	6.96	6.04
PTHR32026	45014.66	43790.53	8311.51	695.57	603.91
PTHR31829	1450.0	1409.19	900.35	76.67	66.56
PTHR22846	1290.0	1249.19	71.99	6.92	6.01
PTHR19241	62399.53	60685.98	32178.72	1964.06	1705.15
PTHR15239	2128.0	2005.61	88.0	15.13	13.14
PTHR12497	2232.0	2191.19	205.0	11.21	9.73
PTHR12652	2987.0	2905.38	2447.99	188.92	164.03
PTHR12304	3138.0	3056.38	469.15	34.08	29.58
PTHR30540	2841.0	2800.19	98.0	4.19	3.64
PTHR13302	2936.0	2813.59	424.0	57.99	50.36
PTHR12472	1863.0	1822.19	148.15	9.74	8.46
PTHR13308	1370.04	1288.47	407.06	62.18	53.97
PTHR12477	5936.31	5773.08	1751.04	107.35	93.21
PTHR13878	2695.0	2654.19	317.0	14.3	12.41
PTHR21461	41594.31	40574.19	5568.63	418.29	363.19
PTHR13872	9042.0	8715.56	4875.0	828.92	719.65
PTHR22849	14944.54	14495.67	2226.0	148.29	128.73
PTHR21314	1463.64	1422.84	66.0	5.57	4.83
PTHR13271	47241.13	45731.35	6855.72	624.93	542.55
PTHR22841	2067.0	1944.63	26.0	3.16	2.73
PTHR22847	36684.03	35500.74	3531.89	392.9	341.08
PTHR22844	11449.45	11082.21	1942.06	146.27	127.0
PTHR31606	1280.0	1239.19	691.0	66.96	58.14
PTHR23284	1791.0	1750.19	374.0	25.62	22.24
PTHR21266	9262.28	9058.27	4300.94	260.76	226.38
PTHR12271	9036.29	8873.06	990.0	45.23	39.26
PTHR21262	10320.18	10034.53	1669.0	131.46	114.11
PTHR12276	4920.0	4838.38	1086.0	53.55	46.48
PTHR10657	1752.0	1670.38	881.0	138.87	120.57
PTHR16557	1986.0	1945.19	293.0	18.05	15.67
PTHR10655	1456.0	1415.19	388.0	32.9	28.56
PTHR10652	4046.84	3883.63	6078.26	693.45	602.04
PTHR17972	3401.0	3237.77	22.99	2.89	2.51
PTHR21085	1966.0	1925.19	568.0	35.35	30.69
PTHR11922	7584.96	7380.91	1493.01	125.54	109.0
PTHR10438	22573.46	21716.5	15553.42	1796.75	1559.88
PTHR11926	5236.0	5072.77	822.0	50.46	43.82
PTHR11431	2824.0	2701.64	11263.91	956.18	830.14
PTHR10434	3461.0	3379.38	617.0	46.56	40.42
PTHR24096	21656.81	21044.76	7631.83	576.16	500.23
PTHR13693	9736.37	9409.94	4144.99	287.37	249.49
PTHR13691	1849.0	1767.39	1333.95	141.57	122.91
PTHR24092	21752.92	21263.28	8198.04	502.13	435.92
PTHR13451	4549.22	4426.79	655.8	44.92	39.0
PTHR13452	498.0	457.2	28.0	7.43	6.45
PTHR13152	1696.0	1614.39	33.0	4.36	3.78
PTHR12901	1419.0	1378.19	91.62	7.98	6.93
PTHR12903	2882.0	2759.59	1821.9	173.49	150.63
PTHR23237	964.0	923.19	160.0	20.85	18.11
PTHR10501	5066.47	4862.44	1244.52	144.2	125.19
PTHR31169	1316.0	1275.19	132.0	12.43	10.79
PTHR12277	7006.25	6843.01	2830.05	170.71	148.22
PTHR10168	3865.0	3701.76	3258.48	412.9	358.48
PTHR14087	1452.0	1411.19	94.0	7.99	6.94
PTHR14085	799.48	758.68	66.0	10.48	9.1
PTHR31344	3900.0	3777.58	339.0	31.87	27.66
PTHR31619	1795.0	1754.19	1041.0	71.14	61.76
PTHR23306	3339.0	3216.58	399.0	34.84	30.25
PTHR23305	4798.49	4676.06	1189.0	98.02	85.11
PTHR14089	3023.0	2941.38	785.0	55.83	48.47
PTHR11748	5224.4	5101.98	475.1	30.73	26.68
PTHR11214	5965.94	5721.11	805.0	103.34	89.74
PTHR11216	8639.0	8434.95	1017.0	67.27	58.41
PTHR14154	11017.65	10487.28	4209.06	605.25	525.47
PTHR14155	37666.18	36523.66	6946.55	558.37	484.76
PTHR10343	12866.89	12458.83	3680.46	386.77	335.77
PTHR11699	18477.07	17987.42	10453.28	677.28	588.01
PTHR11692	2443.0	2402.19	834.04	41.57	36.09
PTHR11693	3825.0	3621.01	3887.37	476.15	413.39
PTHR11695	21004.09	20351.16	8687.52	819.58	711.54
PTHR31760	1631.52	1590.72	121.48	9.16	7.95
PTHR31906	11287.0	10960.52	3829.71	358.6	311.32
PTHR21419	1778.0	1737.19	1083.01	74.74	64.89
PTHR23012	12427.37	12100.9	2559.27	190.61	165.48
PTHR11101	2044.0	2003.19	225.0	13.46	11.68
PTHR11102	13989.67	13622.4	3658.84	267.4	232.14
PTHR11106	4855.33	4692.12	824.35	67.99	59.03
PTHR31585	6160.47	5956.43	482.98	41.38	35.93
PTHR32125	2700.0	2618.38	1241.0	116.11	100.8
PTHR31588	5438.02	5315.6	2183.02	123.28	107.04
PTHR32120	1863.0	1822.19	110.0	7.24	6.28
PTHR15680	2434.0	2352.38	1799.89	182.94	158.82
PTHR10281	5388.0	5183.96	664.0	71.73	62.28
PTHR26312	7967.19	7763.14	3840.81	246.65	214.15
PTHR18895	2434.0	2352.38	123.0	12.31	10.68
PTHR12486	1119.96	1079.16	66.0	7.35	6.38
PTHR12480	5436.57	5191.74	466.0	60.3	52.36
PTHR12482	4984.35	4861.93	339.0	23.41	20.32
PTHR11042	5169.0	4883.39	87.0	15.09	13.1
PTHR11122	4747.5	4625.08	1112.0	86.44	75.04
PTHR12317	9676.39	9349.98	1327.0	96.77	84.01
PTHR12649	1592.0	1510.45	476.0	50.34	43.7
PTHR13992	653.0	612.2	48.0	9.47	8.22
PTHR12461	6087.07	5842.29	140.44	15.6	13.54
PTHR12466	2114.51	2073.71	193.0	11.15	9.68
PTHR13847	10407.52	10040.26	4438.78	402.16	349.14
PTHR22854	2898.32	2816.71	1027.0	80.86	70.2
PTHR12001	5934.57	5730.61	1260.97	155.33	134.85
PTHR21327	5847.0	5724.57	749.06	49.03	42.56
PTHR21631	5911.01	5788.58	17589.02	976.3	847.61
PTHR22855	7275.0	6989.45	11688.52	1063.78	923.56
PTHR22850	20003.71	19514.01	2749.03	195.76	169.95
PTHR22504	1128.0	1087.19	777.0	85.9	74.57
PTHR12189	3717.2	3635.58	285.0	17.99	15.62
PTHR21256	2301.0	2219.42	1254.64	81.58	70.83
PTHR12265	370.0	329.22	8.0	2.96	2.57
PTHR12266	5527.07	5363.83	952.0	89.14	77.39
PTHR10648	7103.64	6858.81	3458.89	226.9	196.98
PTHR30178	2925.29	2802.91	6555.0	611.62	531.0
PTHR10641	22096.29	21443.45	1911.0	118.79	103.13
PTHR19842	992.14	951.35	51.0	6.45	5.6
PTHR10644	14295.0	13846.15	2173.0	143.57	124.67
PTHR12864	3690.97	3527.75	489.46	60.09	52.19
PTHR12860	2644.0	2521.58	508.0	61.36	53.27
PTHR13194	3056.62	2893.41	132.0	22.71	19.71
PTHR13190	1663.0	1581.39	83.0	13.47	11.69
PTHR13193	771.0	730.19	108.0	17.83	15.48
PTHR11913	1976.0	1894.38	3728.95	496.25	430.85
PTHR11911	8515.95	8230.35	13865.54	1363.39	1183.67
PTHR11910	2113.49	2031.87	3985.76	476.63	413.8
PTHR10871	4406.0	4201.97	7376.77	1219.72	1058.95
PTHR12919	886.31	845.5	198.0	28.2	24.48
PTHR12910	792.0	751.19	455.0	73.02	63.39
PTHR12917	3932.41	3809.98	1082.68	101.09	87.77
PTHR11351	2716.38	2634.78	599.93	41.06	35.65
PTHR11353	36991.0	36174.82	10772.42	744.4	646.29
PTHR11599	24421.0	23441.61	14382.74	1537.73	1335.04
PTHR10516	24245.83	23388.95	11496.15	1241.29	1077.69
PTHR11592	5607.31	5403.28	4256.0	429.45	372.84
PTHR31724	3191.79	3069.37	423.0	50.23	43.61
PTHR13734	3927.93	3805.55	524.0	37.78	32.8
PTHR31098	5079.0	4956.58	671.0	37.83	32.84
PTHR31620	7199.0	6994.95	1634.84	124.93	108.47
PTHR23315	76476.93	74681.47	21191.45	1386.94	1204.11
PTHR23316	6668.87	6505.64	3639.03	176.8	153.49
PTHR11778	3085.0	3003.38	330.61	26.59	23.09
PTHR11777	10022.53	9859.3	2170.0	109.19	94.8
PTHR11774	4935.0	4730.99	249.0	28.11	24.41
PTHR11773	5283.44	5079.41	896.12	101.91	88.48
PTHR11772	10503.53	10258.67	18623.58	1456.02	1264.1
PTHR10357	42012.03	41155.07	22014.69	993.52	862.56
PTHR10353	14970.72	14399.81	1872.94	158.27	137.38
PTHR10350	3802.0	3598.0	431.02	62.08	53.9
PTHR10351	1613.43	1531.82	4817.23	717.08	622.55
PTHR32557	2087.0	2046.19	751.0	43.97	38.17
PTHR10359	7187.89	6943.13	329.0	27.43	23.81
PTHR31750	1570.0	1529.19	60.0	4.71	4.09
PTHR14189	1419.0	1337.45	508.99	68.25	59.25
PTHR32228	1481.0	1440.19	74.0	6.17	5.35
PTHR31245	1408.17	1326.56	342.36	62.39	54.17
PTHR23001	4510.69	4347.46	6145.6	448.62	389.47
PTHR23002	3626.79	3463.57	793.91	75.56	65.59
PTHR11177	4320.28	4197.85	445.0	40.24	34.93
PTHR10445	1318.0	1277.19	152.0	14.29	12.41
PTHR11178	3831.73	3668.53	1207.44	120.72	104.81
PTHR14456	1590.0	1508.41	53.0	10.49	9.1
PTHR31808	1958.0	1876.38	1295.99	172.2	149.5
PTHR31803	4488.2	4365.78	2477.99	184.73	160.39
PTHR11009	3380.0	3298.38	258.0	18.84	16.36
PTHR30075	3842.0	3760.38	152.0	9.5	8.25
PTHR19229	18465.69	17812.9	3419.96	249.93	217.01
PTHR14255	5532.94	5410.54	309.0	22.57	19.6
PTHR11482	8232.87	8110.45	18650.34	615.15	534.05
PTHR11005	9970.52	9644.09	1709.93	118.52	102.88
PTHR11006	9133.53	8888.71	1771.01	173.7	150.79
PTHR18640	2422.76	2300.39	36.92	4.57	3.96
PTHR18866	13923.45	13556.26	3626.08	307.06	266.59
PTHR12022	831.0	790.19	795.33	121.27	105.29
PTHR15074	4509.0	4427.38	1644.92	83.74	72.71
PTHR15588	2446.87	2324.45	646.34	96.35	83.66
PTHR12677	7270.85	7026.0	1444.0	130.51	113.3
PTHR19134	4141.37	4059.76	539.0	30.99	26.9
PTHR19139	1957.0	1875.39	85.0	12.37	10.74
PTHR30566	2840.0	2758.38	138.0	15.92	13.81
PTHR12456	1221.29	1180.48	65.19	6.63	5.76
PTHR12452	832.0	791.19	148.0	22.54	19.57
PTHR13343	5773.0	5568.95	643.0	67.33	58.46
PTHR19359	2569.63	2406.43	1018.1	174.96	151.9
PTHR12072	3137.76	3015.34	232.0	29.71	25.79
PTHR13218	575.0	534.2	70.0	15.86	13.77
PTHR13215	1452.53	1411.72	899.0	76.42	66.34
PTHR13213	3134.0	2970.77	62.0	11.86	10.3
PTHR21530	4121.0	4039.38	490.01	26.7	23.18
PTHR12295	7937.0	7773.76	689.24	50.93	44.21
PTHR12298	3188.31	2984.29	167.0	33.05	28.69
PTHR10638	5205.0	5123.38	970.31	45.23	39.27
PTHR10634	3453.0	3330.58	5475.33	491.07	426.33
PTHR10631	4514.22	4351.02	343.0	31.81	27.61
PTHR10984	8574.86	8207.63	690.5	87.03	75.57
PTHR12858	4115.0	3992.57	162.0	13.82	11.99
PTHR13505	1419.38	1337.82	294.0	37.55	32.6
PTHR12850	1703.0	1580.61	6317.63	1612.15	1399.65
PTHR12856	2466.0	2384.38	120.0	12.22	10.61
PTHR12855	630.0	589.2	24.0	4.92	4.27
PTHR12854	586.0	545.2	29.0	6.43	5.59
PTHR13182	2799.91	2677.51	2303.09	148.98	129.34
PTHR10182	2956.21	2874.6	2989.91	271.4	235.63
PTHR10743	3017.0	2894.57	354.0	42.03	36.5
PTHR10742	21649.43	21078.14	2897.98	215.71	187.28
PTHR10745	2931.0	2849.39	1076.33	63.52	55.15
PTHR10744	4203.72	3999.69	6671.4	1090.54	946.78
PTHR10746	3079.0	2997.38	2262.0	213.57	185.42
PTHR12924	1393.0	1352.19	416.19	36.94	32.07
PTHR11659	2056.0	2015.19	490.94	29.19	25.34
PTHR11525	1872.5	1831.69	129.0	8.44	7.33
PTHR11349	5053.69	4768.05	1046.63	154.6	134.23
PTHR10566	37492.13	36472.14	4332.43	341.78	296.74
PTHR10293	5586.0	5300.38	2377.0	341.21	296.24
PTHR10291	1907.0	1866.19	115.0	7.39	6.41
PTHR11584	8680.21	8516.98	2064.43	99.4	86.3
PTHR11586	1144.0	1103.19	407.19	44.36	38.51
PTHR11918	6293.89	6171.47	530.96	29.09	25.26
PTHR11909	9977.21	9650.76	5852.64	451.51	391.98
PTHR24320	7158.74	6873.1	268.0	29.07	25.23
PTHR24322	26098.16	25241.25	5566.68	475.28	412.62
PTHR11907	2195.0	2154.19	847.72	47.14	40.92
PTHR11760	1844.0	1762.39	2444.01	226.54	196.68
PTHR11761	1004.0	922.4	1361.0	403.85	350.61
PTHR11766	1859.0	1818.19	1181.0	77.85	67.59
PTHR11767	9865.27	9620.43	1165.97	73.12	63.49
PTHR10361	9868.86	9624.02	1826.04	154.79	134.41
PTHR10366	40585.01	39401.63	37181.89	2893.85	2512.42
PTHR10169	9741.12	9537.08	1186.0	71.81	62.34
PTHR32442	2058.0	2017.19	668.0	39.68	34.45
PTHR20973	1512.96	1472.15	75.0	6.11	5.31
PTHR10165	4127.94	4005.52	440.0	43.26	37.55
PTHR31032	3420.0	3338.38	805.02	57.88	50.26
PTHR23257	44279.04	43014.32	8866.53	644.58	559.61
PTHR23253	6696.0	6328.78	1854.03	278.45	241.74
PTHR14190	3107.0	3066.19	362.0	14.13	12.26
PTHR14194	9432.34	9146.71	1995.87	169.09	146.8
PTHR31251	7521.0	7398.57	765.71	36.54	31.73
PTHR23074	18500.52	18133.26	3578.87	208.67	181.15
PTHR23077	17873.43	17383.74	9107.78	669.46	581.18
PTHR23076	34609.4	33670.85	12304.84	841.14	730.28
PTHR23073	14100.86	13611.19	7357.8	615.0	533.93
PTHR12560	4394.07	4271.64	214.88	16.77	14.56
PTHR23078	3347.03	3224.61	681.16	51.84	45.01
PTHR11165	2087.0	2005.38	1647.99	196.78	170.84
PTHR32100	7796.53	7510.88	3349.02	271.56	235.78
PTHR14534	1501.99	1461.19	101.0	8.29	7.2
PTHR14445	2498.0	2416.4	130.01	10.96	9.51
PTHR23109	4351.08	4228.66	194.0	17.37	15.08
PTHR23102	4571.34	4448.92	636.8	49.51	42.99
PTHR23105	11874.63	11344.19	22760.74	3242.82	2815.34
PTHR11010	6125.0	5880.24	624.0	50.15	43.54
PTHR11014	10367.77	10163.73	2624.93	181.91	157.93
PTHR14152	2119.0	2037.39	142.0	19.86	17.25
PTHR12668	3326.0	3203.57	1037.05	120.33	104.47
PTHR12661	1417.72	1376.92	91.0	7.93	6.89
PTHR12663	6347.49	6143.46	407.99	46.87	40.71
PTHR12664	1370.0	1329.19	130.0	11.74	10.19
PTHR16166	29844.27	29436.24	4704.99	188.37	163.56
PTHR12111	3240.56	3158.94	601.0	46.78	40.62
PTHR12446	2838.12	2715.69	233.0	29.98	26.03
PTHR12447	2104.0	2022.39	221.0	25.65	22.27
PTHR15481	676.0	635.2	54.99	10.45	9.08
PTHR26379	2125.0	2084.19	464.98	26.73	23.2
PTHR12599	2564.07	2482.46	1231.9	119.04	103.35
PTHR12596	7133.59	6970.36	983.75	53.88	46.79
PTHR12590	1537.0	1455.39	81.0	12.73	11.05
PTHR12066	1675.32	1512.18	73.0	19.85	17.22
PTHR12064	3300.0	3177.58	81.0	9.38	8.14
PTHR13226	1071.8	1030.99	239.0	27.87	24.2
PTHR13889	5985.57	5781.53	1262.56	120.0	104.18
PTHR13887	2569.27	2446.92	412.98	49.0	42.54
PTHR21181	2169.0	2087.38	520.0	67.63	58.72
PTHR13948	2397.01	2274.62	97.0	17.68	15.36
PTHR10459	6998.0	6712.36	716.0	54.06	46.94
PTHR12146	2030.0	1907.59	4598.13	756.27	656.58
PTHR10458	2640.73	2559.12	593.0	56.11	48.71
PTHR19306	6177.01	6095.39	1619.32	65.72	57.05
PTHR21506	2890.0	2849.19	200.0	8.4	7.29
PTHR12280	4615.0	4411.01	1052.98	94.87	82.36
PTHR12281	3091.0	2927.79	1056.0	99.0	85.94
PTHR12286	4051.0	3928.61	1133.0	84.36	73.23
PTHR30573	3005.0	2923.38	219.0	18.21	15.81
PTHR22983	5085.4	4963.0	129.0	5.2	4.51
PTHR22981	10362.99	10158.95	11062.21	457.66	397.32
PTHR10947	3170.0	3088.38	714.0	46.16	40.07
PTHR30191	5245.21	5041.23	3966.61	243.17	211.11
PTHR13082	731.0	690.2	276.15	48.27	41.91
PTHR10629	11019.0	10733.35	617.79	47.57	41.31
PTHR10994	46332.97	45027.18	10112.89	763.63	662.92
PTHR10996	11483.48	11157.03	1662.0	108.91	94.54
PTHR10625	13156.05	12788.78	1359.79	107.62	93.43
PTHR10992	53262.78	51712.16	19666.6	1701.5	1477.22
PTHR10993	1750.25	1668.65	231.0	25.78	22.39
PTHR17695	4723.0	4437.44	118.0	18.9	16.43
PTHR12848	5864.13	5782.51	282.99	14.11	12.25
PTHR12849	2532.21	2450.61	184.0	15.51	13.47
PTHR21712	1361.0	1320.19	94.0	8.55	7.42
PTHR12847	6138.71	5934.67	1521.0	150.18	130.38
PTHR12841	993.0	952.19	189.0	23.88	20.73
PTHR21290	1324.68	1283.87	37.0	3.46	3.0
PTHR21349	1424.0	1383.19	181.0	15.7	13.63
PTHR21347	2795.77	2714.17	627.37	37.72	32.75
PTHR21343	2324.0	2283.19	137.0	7.19	6.24
PTHR10196	7806.0	7642.76	1209.99	62.38	54.16
PTHR10192	1804.95	1682.56	73.04	15.68	13.6
PTHR10751	12333.42	12047.77	1368.0	82.35	71.5
PTHR10755	2605.0	2523.38	689.0	54.02	46.9
PTHR10758	4002.0	3879.58	1645.02	155.96	135.39
PTHR10759	1840.0	1717.59	6630.96	1399.63	1215.13
PTHR12932	1521.87	1481.06	2652.37	214.84	186.52
PTHR12934	2072.98	1991.38	3120.95	313.74	272.37
PTHR11451	10041.55	9837.52	2760.04	164.22	142.59
PTHR10288	6338.42	5971.32	1438.72	208.98	181.43
PTHR11800	2798.0	2716.4	615.0	54.89	47.65
PTHR11802	12668.74	12179.08	2911.0	232.6	201.95
PTHR11804	10050.0	9845.95	1589.0	112.33	97.52
PTHR11807	5917.11	5794.69	362.0	22.64	19.65
PTHR11374	3420.43	3338.82	3985.39	261.83	227.32
PTHR11808	6097.3	5852.55	898.0	72.21	62.7
PTHR10283	13178.88	12852.4	1473.69	91.57	79.51
PTHR10285	16847.82	16358.15	6900.38	619.29	537.66
PTHR10286	29151.02	28538.96	3178.39	229.32	199.08
PTHR11579	1844.0	1803.19	1729.0	114.93	99.78
PTHR13355	3883.14	3760.73	490.0	50.13	43.52
PTHR13718	5856.8	5571.21	6532.39	1003.13	870.89
PTHR13711	7480.72	7235.92	1212.9	106.79	92.71
PTHR13710	17592.56	17102.89	1496.97	82.19	71.35
PTHR11977	6538.95	6457.34	1525.92	47.64	41.36
PTHR22970	885.0	803.41	25.0	7.59	6.59
PTHR11972	5161.99	4917.25	280.0	33.97	29.48
PTHR31480	1828.0	1787.19	30.0	2.01	1.75
PTHR31485	13748.68	13422.21	1555.03	91.82	79.72
PTHR11715	936.0	895.19	894.01	120.2	104.36
PTHR11717	3545.4	3422.98	1076.14	113.55	98.58
PTHR11711	14544.95	14014.47	11709.13	1281.18	1112.28
PTHR11712	7605.68	7401.64	951.0	64.21	55.76
PTHR10374	5599.49	5436.3	4991.84	344.45	299.04
PTHR10178	2379.7	2298.12	1223.0	79.17	68.74
PTHR20961	42449.37	41266.2	4235.79	340.57	295.66
PTHR10173	6499.35	6213.7	4497.03	564.95	490.48
PTHR10177	9226.07	9022.04	1640.0	125.15	108.67
PTHR10174	14282.16	13833.3	3806.99	363.7	315.76
PTHR23249	1542.0	1460.39	233.0	41.29	35.85
PTHR23244	17453.02	16922.56	1987.01	148.13	128.6
PTHR23245	3719.0	3515.0	84.0	15.69	13.61
PTHR23240	3192.0	3069.58	136.0	14.88	12.92
PTHR14614	5043.0	4838.95	218.0	26.88	23.34
PTHR31268	3191.0	3150.19	1094.0	41.55	36.07
PTHR31262	1873.47	1791.86	66364.06	10001.11	8682.76
PTHR23063	1995.0	1954.19	790.0	48.44	42.05
PTHR11620	805.02	764.22	1546.0	243.82	211.68
PTHR11624	12025.44	11617.44	9917.16	703.99	611.18
PTHR11627	6999.05	6754.25	14745.2	1184.28	1028.18
PTHR11390	7211.52	6966.68	540.0	56.55	49.09
PTHR14052	1401.0	1360.19	96.0	8.47	7.35
PTHR32118	1994.0	1953.19	5216.02	319.99	277.81
PTHR23117	4651.0	4487.78	694.16	59.02	51.24
PTHR23115	53988.23	52641.61	75357.07	4679.54	4062.64
PTHR11028	1443.14	1402.33	1337.59	114.46	99.38
PTHR11024	2987.17	2905.55	1115.98	96.27	83.59
PTHR15081	1842.11	1760.49	128.0	18.18	15.79
PTHR12616	1619.34	1578.54	163.0	12.38	10.75
PTHR12613	2047.0	2006.19	316.0	18.87	16.38
PTHR12612	1255.0	1173.4	1140.85	225.3	195.6
PTHR32060	4865.16	4783.55	1594.0	79.62	69.13
PTHR12126	3741.0	3618.58	2677.02	213.31	185.19
PTHR12124	7987.61	7742.78	337.0	27.08	23.52
PTHR22734	3889.0	3725.78	224.0	24.38	21.17
PTHR12121	11418.95	11133.33	1550.55	93.3	81.0
PTHR12438	1875.0	1793.38	137.0	18.8	16.32
PTHR15492	304.0	263.26	2.0	0.93	0.81
PTHR21426	3195.0	3154.19	344.47	13.07	11.34
PTHR21427	1918.0	1877.19	370.0	23.62	20.51
PTHR19372	3236.0	3154.39	256.0	15.53	13.48
PTHR19370	10493.49	10167.12	1992.9	133.21	115.65
PTHR19376	15026.0	14495.52	1817.09	118.3	102.71
PTHR19375	23846.65	23030.66	16456.8	1101.72	956.51
PTHR12725	4151.36	4028.94	1078.36	104.69	90.9
PTHR13890	11123.35	10715.3	1766.01	183.28	159.13
PTHR22883	13475.62	13067.57	2318.99	191.75	166.48
PTHR22880	4370.18	4206.98	2482.83	190.0	164.95
PTHR12542	26447.42	25835.31	5877.23	384.45	333.74
PTHR12547	2439.0	2316.59	127.0	14.12	12.25
PTHR12436	2937.71	2774.51	189.0	27.88	24.2
PTHR10114	1704.0	1581.61	4879.0	997.21	865.77
PTHR21512	2271.21	2230.41	464.04	24.92	21.63
PTHR30508	4165.11	4083.5	2505.74	147.77	128.29
PTHR14744	1504.12	1463.32	211.0	17.3	15.02
PTHR30502	2008.23	1967.43	72.0	4.38	3.81
PTHR10617	9363.33	9036.93	8848.13	614.6	533.58
PTHR10615	4413.57	4291.14	672.0	47.74	41.45
PTHR13527	1192.0	1151.19	44.0	4.59	3.99
PTHR22958	1924.81	1843.2	428.18	40.45	35.12
PTHR22951	4429.0	4347.38	759.92	40.42	35.09
PTHR22950	22075.02	21585.35	3454.97	200.62	174.2
PTHR22953	9905.4	9538.16	1608.06	128.74	111.76
PTHR22952	31227.07	30410.92	24824.74	1794.18	1557.68
PTHR22957	24389.24	23573.12	5333.25	422.71	366.99
PTHR21600	3270.0	3188.38	426.0	33.47	29.06
PTHR24056	19784.62	19254.15	5349.82	289.75	251.56
PTHR24054	1897.0	1815.39	476.54	55.02	47.77
PTHR24055	15618.98	15088.59	5206.92	488.44	424.07
PTHR24058	6758.92	6677.31	1748.32	65.08	56.5
PTHR10766	21784.72	21090.99	12717.08	942.46	818.26
PTHR10762	3492.0	3369.58	769.0	47.31	41.07
PTHR30031	4722.97	4600.54	105740.81	8573.17	7443.05
PTHR12945	1957.0	1875.39	179.0	23.72	20.6
PTHR12944	1868.6	1787.0	276.0	36.93	32.06
PTHR24128	3702.97	3580.56	1153.0	96.01	83.36
PTHR13096	3108.0	3026.38	132.0	8.36	7.27
PTHR11364	1678.0	1637.19	697.0	51.05	44.32
PTHR11365	4245.0	4163.38	355.83	21.3	18.49
PTHR10548	5852.94	5567.31	1025.69	166.1	144.19
PTHR11817	13966.63	13680.96	12133.84	638.59	554.41
PTHR11814	12572.83	12205.67	2822.54	296.71	257.61
PTHR11363	1897.8	1856.99	3344.32	215.84	187.39
PTHR10543	4107.11	4025.57	419.0	23.55	20.45
PTHR11819	5901.95	5779.52	2827.49	195.22	169.49
PTHR13931	2716.57	2635.03	326.0	18.95	16.45
PTHR10544	1515.0	1433.39	3895.17	796.38	691.4
PTHR11562	9594.68	9349.83	2288.91	158.66	137.76
PTHR11566	17511.26	17225.63	3567.06	199.0	172.76
PTHR11567	2924.0	2801.58	570.0	68.86	59.79
PTHR11564	8498.0	8253.16	3031.28	241.54	209.69
PTHR11962	3367.44	3285.83	527.46	40.5	35.16
PTHR11963	1828.19	1787.39	1029.62	69.05	59.95
PTHR24315	1361.2	1320.4	977.0	88.82	77.11
PTHR10381	11552.56	11185.29	9844.32	898.85	780.37
PTHR10383	3087.22	3005.6	450.01	31.6	27.43
PTHR11932	11293.66	11089.61	3223.0	177.83	154.38
PTHR11702	12324.87	11876.08	1606.0	150.17	130.35
PTHR11700	2332.0	2209.58	2624.87	381.17	330.92
PTHR10388	1559.28	1477.68	6312.43	916.73	795.88
PTHR11709	29285.72	28632.82	12753.97	603.55	523.95
PTHR11070	10795.71	10591.68	1194.81	77.97	67.7
PTHR10145	3639.0	3557.39	356.0	25.44	22.08
PTHR23273	2217.0	2135.39	451.0	46.14	40.06
PTHR23163	3178.0	3137.19	1401.31	53.44	46.4
PTHR23050	2272.0	2108.81	8503.92	1097.18	952.55
PTHR23056	2572.35	2490.74	2509.23	245.51	213.15
PTHR23054	10025.0	9698.54	2332.04	227.43	197.46
PTHR11638	17270.72	16821.85	15646.06	902.84	783.85
PTHR31783	5216.0	5175.19	469.0	10.83	9.4
PTHR11632	5877.9	5755.47	3415.95	200.17	173.78
PTHR11630	18320.95	17749.72	1466.0	119.27	103.54
PTHR11140	9315.14	8988.81	3544.0	166.29	144.36
PTHR11141	8921.52	8758.29	695.0	39.13	33.97
PTHR11142	9513.18	9145.97	382.0	37.81	32.83
PTHR11143	2362.0	2239.58	4773.88	963.11	836.16
PTHR11380	520.0	479.2	116.0	29.34	25.47
PTHR11384	14297.81	13808.24	2571.85	196.84	170.89
PTHR32477	4214.0	4173.19	409.0	11.72	10.17
PTHR14043	5835.0	5549.42	663.0	94.64	82.18
PTHR32472	1097.0	1056.19	49.0	5.58	4.84
PTHR31658	3976.0	3853.57	283.0	26.36	22.89
PTHR22884	35799.01	34656.46	1836.52	166.11	144.21
PTHR23125	53820.02	52677.46	30875.69	1762.11	1529.82
PTHR12050	892.2	851.4	528.0	74.67	64.83
PTHR19211	31266.13	30164.57	222178.72	7409.2	6432.54
PTHR12608	6125.37	5921.36	778.98	69.55	60.38
PTHR12604	2847.0	2724.59	111.0	21.09	18.31
PTHR12603	6916.32	6834.71	2334.0	78.29	67.97
PTHR32091	2628.0	2505.58	354.0	50.3	43.67
PTHR32098	1728.0	1687.19	287.99	20.47	17.77
PTHR18763	1029.0	988.19	34.0	4.14	3.59
PTHR22726	955.0	914.19	98.0	12.9	11.2
PTHR22727	8115.0	8033.38	1442.0	41.85	36.34
PTHR12428	4838.95	4716.53	610.0	51.31	44.55
PTHR18968	9462.51	9136.11	4851.0	369.17	320.51
PTHR12735	2528.21	2405.8	1496.0	211.02	183.2
PTHR15020	4281.0	4158.57	1235.0	111.3	96.64
PTHR12049	2806.94	2684.51	208.0	29.62	25.71
PTHR12558	7732.67	7487.81	679.0	66.04	57.34
PTHR12553	12717.65	12350.38	1372.26	101.71	88.29
PTHR24072	4816.38	4612.37	4083.5	415.4	360.64
PTHR10496	1927.0	1804.59	5022.17	1010.68	877.44
PTHR21569	5641.0	5396.17	6402.78	951.21	825.83
PTHR21567	6104.0	6022.38	388.0	37.1	32.21
PTHR13950	1367.0	1285.4	78.0	14.57	12.65
PTHR12133	1311.0	1270.19	55.0	5.2	4.51
PTHR10972	6016.49	5894.07	1419.77	81.91	71.11
PTHR21704	5627.53	5586.72	762.0	16.3	14.15
PTHR10606	5604.0	5481.58	347.0	24.31	21.1
PTHR10971	3489.11	3366.68	619.0	67.05	58.22
PTHR22942	10175.5	9849.08	4190.5	336.34	292.02
PTHR13395	1715.0	1674.19	40.0	2.86	2.49
PTHR22891	13797.58	13430.36	1950.0	176.49	153.22
PTHR21368	2025.0	1943.38	2092.99	250.11	217.13
PTHR24067	27705.91	26644.94	11037.21	1157.62	1005.04
PTHR24064	11598.19	11230.93	1770.0	172.1	149.41
PTHR24063	22423.97	21567.2	1996.36	173.15	150.34
PTHR21011	2936.0	2813.58	1847.84	244.36	212.15
PTHR10772	3181.0	3017.78	2077.56	305.72	265.42
PTHR10774	40819.93	39554.89	24898.33	2520.21	2187.98
PTHR24068	3582.0	3378.0	1782.97	229.42	199.18
PTHR19980	1359.0	1318.19	35.0	3.19	2.77
PTHR12959	1063.62	1022.82	231.01	27.16	23.58
PTHR24115	30665.39	29849.4	1966.1	162.34	140.93
PTHR10961	1547.89	1507.08	61.0	4.86	4.22
PTHR11825	13736.29	13328.21	3977.71	407.62	353.87
PTHR10809	1509.0	1468.19	879.79	71.89	62.42
PTHR11822	3978.47	3856.04	2309.02	181.71	157.76
PTHR10555	4137.0	4014.57	293.0	27.34	23.74
PTHR10806	467.0	426.2	231.0	65.8	57.12
PTHR10804	18852.85	18159.21	6456.63	573.53	497.94
PTHR11556	6025.34	5862.11	7809.18	615.63	534.48
PTHR22838	2587.0	2505.38	511.0	49.09	42.61
PTHR11558	3441.0	3359.38	293.0	22.0	19.11
PTHR13773	1677.0	1595.39	247.0	37.51	32.56
PTHR11953	3376.13	3253.71	823.05	93.01	80.76
PTHR11956	3977.0	3773.04	420.0	47.94	41.62
PTHR11959	3504.39	3422.78	3675.95	235.54	204.49
PTHR11739	3709.0	3627.38	3465.84	199.25	172.99
PTHR11732	21577.53	20883.8	10493.02	962.59	835.7
PTHR11731	11518.79	11314.75	3874.91	197.59	171.55
PTHR11730	7446.0	7323.57	3199.69	150.38	130.56
PTHR11735	3473.98	3392.36	201.0	14.44	12.53
PTHR10394	2838.36	2675.21	8732.83	1344.39	1167.16
PTHR20941	3390.0	3267.57	341.02	36.84	31.98
PTHR10150	2534.78	2453.18	294.41	28.98	25.17
PTHR31065	5589.04	5466.62	2874.99	202.05	175.42
PTHR10159	21797.56	20940.76	8411.93	684.35	594.15
PTHR31066	2722.62	2681.81	144.0	6.43	5.58
PTHR13604	1066.0	1025.22	227.0	26.62	23.11
PTHR23264	6519.44	6274.63	859.36	79.37	68.9
PTHR23269	1661.0	1579.39	169.0	26.69	23.17
PTHR31204	845.0	804.19	11.0	1.65	1.43
PTHR31201	4605.16	4523.55	2695.8	146.64	127.31
PTHR31209	1787.82	1747.02	480.0	32.94	28.6
PTHR11607	12906.27	12579.91	1276.99	74.71	64.89
PTHR11606	1705.0	1664.19	1678.99	120.97	105.02
PTHR11601	4883.0	4760.57	1786.0	119.3	103.58
PTHR32467	673.0	632.2	0.0	0.0	0.0
PTHR31840	968.23	927.42	66.0	8.56	7.43
PTHR23130	19544.86	18973.6	3533.69	224.95	195.3
PTHR23133	1283.0	1242.19	345.0	33.35	28.96
PTHR23135	7619.95	7293.56	502.45	78.59	68.22
PTHR23138	3943.0	3820.57	2382.0	244.08	211.9
PTHR23139	6631.73	6346.09	1611.98	206.54	179.29
PTHR31682	2890.71	2809.1	396.0	34.09	29.61
PTHR11040	7876.0	7590.35	1348.0	108.16	93.9
PTHR11043	2707.11	2584.7	681.86	89.69	77.86
PTHR11048	5139.12	4894.36	1284.23	88.32	76.68
PTHR14005	6496.78	6374.38	2993.17	188.0	163.22
PTHR15818	2358.0	2276.39	61.0	4.87	4.23
PTHR12636	1194.0	1153.19	52.83	5.5	4.78
PTHR14490	583.0	542.2	26.0	5.8	5.04
PTHR14493	24562.63	23828.22	4100.35	301.84	262.08
PTHR15651	2649.0	2567.38	241.0	21.89	19.01
PTHR12380	3399.24	3236.05	849.98	116.36	101.01
PTHR12385	1725.0	1684.19	102.0	7.26	6.3
PTHR12706	1677.0	1554.61	47.28	10.73	9.31
PTHR12709	2190.0	2108.38	339.67	41.14	35.72
PTHR19957	15631.98	15223.92	4616.92	342.96	297.73
PTHR30239	2088.0	2047.19	698.0	40.85	35.46
PTHR11751	24884.02	24312.7	19666.64	1374.27	1193.13
PTHR12097	4389.0	4348.19	829.01	22.8	19.79
PTHR11752	37502.16	36400.4	3282.98	286.9	249.05
PTHR21576	18946.44	18415.93	1913.7	149.73	129.99
PTHR10046	4551.0	4346.98	688.0	82.72	71.83
PTHR12419	7556.07	7311.29	952.66	89.04	77.3
PTHR11757	1182.0	1100.4	35.0	7.08	6.16
PTHR30525	1803.54	1762.74	882.0	59.98	52.07
PTHR12413	2581.3	2499.68	107.0	10.93	9.48
PTHR12412	2376.24	2294.62	490.0	53.84	46.74
PTHR12411	109364.52	106549.03	62578.92	4713.81	4092.41
PTHR24420	806466.31	784068.07	164304.49	10785.1	9363.54
PTHR12415	2084.0	1920.87	40.0	11.16	9.68
PTHR21717	1034.78	953.18	33.0	8.75	7.59
PTHR10943	8187.0	7901.54	2301.04	173.01	150.2
PTHR12897	2308.77	2186.41	162.24	27.02	23.45
PTHR12894	5127.0	4922.97	412.3	47.75	41.46
PTHR12891	3140.0	3058.38	201.0	19.48	16.92
PTHR22976	8933.74	8688.88	4949.66	379.59	329.55
PTHR22975	2648.03	2566.43	531.0	49.48	42.96
PTHR21377	2689.0	2566.58	1426.95	160.07	138.97
PTHR21371	2810.0	2687.58	3817.0	433.47	376.33
PTHR21373	2815.0	2774.19	85.07	3.67	3.19
PTHR22573	9499.48	9295.44	2545.66	163.02	141.54
PTHR22572	16940.25	16369.01	8632.88	775.11	672.91
PTHR13060	1279.0	1238.19	83.0	8.05	6.99
PTHR21000	2341.0	2259.38	943.0	95.98	83.33
PTHR10701	2709.0	2627.38	869.0	79.17	68.72
PTHR13161	1265.18	1183.58	168.0	34.75	30.18
PTHR13162	7997.58	7752.79	1879.98	144.46	125.42
PTHR13165	1364.0	1323.19	288.0	26.13	22.68
PTHR21396	1771.0	1689.39	504.0	81.13	70.44
PTHR12965	4243.22	4202.41	1078.0	30.67	26.63
PTHR12459	3932.0	3809.57	220.0	17.83	15.47
PTHR10681	4267.68	4104.45	3947.75	372.68	323.56
PTHR24106	3870.0	3747.58	335.0	25.79	22.38
PTHR24103	1494.86	1413.24	56.0	9.64	8.36
PTHR11540	4574.64	4370.65	2653.42	269.43	233.92
PTHR10836	7844.0	7517.61	15958.42	1345.02	1167.71
PTHR10835	2526.0	2485.19	447.95	21.58	18.74
PTHR11545	4425.0	4220.97	4471.86	516.33	448.27
PTHR10012	2019.0	1937.39	127.0	14.1	12.24
PTHR13768	2102.0	2020.39	641.64	51.73	44.91
PTHR24078	26319.58	25544.25	3168.52	232.58	201.9
PTHR11946	29737.49	28880.58	4004.26	308.73	268.01
PTHR11947	4329.0	4206.57	371.17	31.23	27.12
PTHR11941	8420.54	8175.7	1905.25	153.33	133.13
PTHR10497	1884.59	1762.19	2615.0	336.03	291.74
PTHR24073	31040.49	29979.5	16916.4	1649.08	1431.73
PTHR10491	1645.0	1604.19	160.0	11.96	10.38
PTHR24076	25435.75	24660.46	11405.94	941.49	817.38
PTHR24077	13066.65	12576.97	1597.02	212.72	184.68
PTHR11728	4606.0	4524.38	842.72	45.28	39.31
PTHR11726	2573.0	2409.81	5210.19	684.9	594.61
PTHR11727	2560.9	2438.52	386.0	43.99	38.2
PTHR11721	1935.0	1812.59	4891.0	999.47	867.72
PTHR11722	2642.0	2519.58	4913.72	647.62	562.25
PTHR10120	3887.0	3805.38	1471.0	93.04	80.77
PTHR10122	1354.76	1273.16	1489.0	191.83	166.54
PTHR11831	3376.0	3212.77	8602.6	1208.31	1049.02
PTHR11835	5090.41	4967.99	1503.66	110.56	96.0
PTHR11614	8398.53	8194.49	3372.0	233.43	202.66
PTHR11615	6120.0	5916.02	2873.14	162.49	141.07
PTHR11618	2309.76	2187.37	130.0	19.07	16.56
PTHR14140	2240.0	2199.19	121.0	6.59	5.72
PTHR32419	3181.0	3099.38	1988.07	165.62	143.78
PTHR10231	5784.73	5539.9	852.2	102.11	88.66
PTHR10233	4912.0	4789.57	1029.68	76.23	66.18
PTHR20922	3575.63	3453.2	2164.02	169.49	147.14
PTHR31503	3395.0	3313.38	1143.7	79.24	68.81
PTHR23147	2902.37	2820.75	697.0	55.09	47.82
PTHR23140	3735.34	3694.54	421.23	13.64	11.84
PTHR23142	4154.68	4073.06	479.98	36.12	31.36
PTHR23149	1314.0	1273.19	49.0	4.62	4.01
PTHR23148	1574.58	1492.99	809.01	102.52	89.0
PTHR11361	26342.48	25485.58	2242.31	201.03	174.55
PTHR11056	3311.0	3229.38	3167.61	165.89	144.02
PTHR11055	4102.0	4020.38	1296.99	86.32	74.94
PTHR32523	2845.0	2763.38	251.0	22.17	19.24
PTHR31695	3055.0	3014.19	375.0	14.89	12.92
PTHR10540	4953.0	4789.77	1607.93	153.35	133.16
PTHR12629	1354.0	1313.19	614.0	56.13	48.73
PTHR18945	24547.39	23772.16	2916.01	235.52	204.47
PTHR26402	6673.97	6510.76	1919.69	104.86	91.03
PTHR19384	13768.71	13319.84	8192.8	739.89	642.35
PTHR12714	5372.0	5208.76	1237.96	120.03	104.2
PTHR32251	2477.33	2395.71	874.0	88.53	76.86
PTHR12570	3913.52	3831.91	499.92	31.88	27.69
PTHR21494	1465.8	1424.99	125.0	10.53	9.14
PTHR21496	3116.0	3034.38	256.0	19.12	16.6
PTHR21493	24872.84	24138.42	1852.77	161.78	140.48
PTHR21499	8881.0	8758.57	1658.6	70.84	61.5
PTHR21148	2492.55	2410.93	503.0	50.44	43.79
PTHR12083	1403.26	1362.46	90.0	7.93	6.88
PTHR22904	39369.5	38104.49	8341.44	719.35	624.54
PTHR13976	1899.59	1817.99	483.0	60.6	52.61
PTHR19855	1463.0	1381.39	68.0	11.78	10.24
PTHR13353	1393.0	1352.19	229.0	20.33	17.65
PTHR16128	4133.0	4051.38	370.11	20.46	17.77
PTHR12400	1611.0	1529.38	115.0	18.17	15.77
PTHR12403	2068.0	1986.38	471.02	69.48	60.32
PTHR30314	3839.04	3757.42	798.0	59.25	51.43
PTHR12882	1159.56	1118.76	150.0	16.11	13.99
PTHR12883	1826.85	1745.26	588.89	54.37	47.2
PTHR16255	1561.0	1520.19	124.0	9.78	8.49
PTHR16254	11360.52	11115.67	2668.06	131.43	114.11
PTHR22960	2729.0	2647.39	136.0	14.39	12.49
PTHR13373	2748.0	2707.19	193.0	8.53	7.41
PTHR13375	2115.0	2074.19	101.0	5.83	5.06
PTHR22967	3388.0	3265.58	593.01	50.16	43.53
PTHR19858	3403.27	3280.84	285.0	30.25	26.25
PTHR30222	2496.0	2455.19	189.0	9.22	8.0
PTHR13115	3587.0	3423.8	198.0	26.34	22.87
PTHR13117	1934.0	1852.39	79.0	8.54	7.42
PTHR13285	342.0	301.23	1.0	0.41	0.35
PTHR13288	1892.0	1769.61	65.0	12.18	10.58
PTHR10953	16187.98	15739.1	2727.37	227.87	197.83
PTHR10954	2005.16	1923.55	300.62	42.2	36.63
PTHR21726	4221.0	4098.58	692.0	86.63	75.21
PTHR10956	1449.0	1326.63	1910.19	374.88	325.46
PTHR11538	4423.0	4300.62	921.0	61.53	53.42
PTHR10826	1871.0	1789.39	515.0	68.2	59.21
PTHR11533	8226.28	8103.86	7092.63	286.95	249.13
PTHR11532	2839.0	2716.57	223.99	30.82	26.76
PTHR10000	5282.11	5118.88	2230.58	240.85	209.1
PTHR13021	1265.0	1224.19	251.0	24.62	21.38
PTHR12290	2091.51	2009.89	262.0	31.75	27.56
PTHR11706	8826.86	8622.85	1044.0	67.58	58.66
PTHR24007	3183.0	2979.01	156.0	28.91	25.09
PTHR24006	37208.58	36310.93	4648.21	339.43	294.68
PTHR24003	20841.79	20270.57	6264.33	477.98	414.98
PTHR31446	2688.0	2565.57	453.0	63.31	54.97
PTHR31190	17495.15	17005.51	4892.43	310.27	269.38
PTHR11441	1696.0	1655.19	205.0	14.85	12.89
PTHR11440	7723.81	7397.4	1622.0	154.26	133.93
PTHR11999	6741.54	6619.11	36083.81	2143.48	1860.93
PTHR11998	7066.81	6862.84	1148.0	82.39	71.53
PTHR11449	1936.0	1813.59	5724.49	1102.57	957.23
PTHR11994	2577.0	2454.58	4084.08	539.96	468.77
PTHR10133	9011.19	8725.56	931.0	81.1	70.41
PTHR13620	6257.23	5930.88	445.0	63.29	54.94
PTHR11705	1550.59	1509.79	45.0	3.58	3.1
PTHR11847	2012.13	1930.52	2591.3	232.35	201.73
PTHR11843	1657.29	1575.68	2905.02	356.6	309.6
PTHR13138	812.0	771.19	53.0	8.28	7.19
PTHR11661	3273.67	3110.45	6109.73	962.43	835.57
PTHR11662	16754.72	16183.5	2061.92	185.56	161.08
PTHR11669	4517.0	4353.77	370.22	42.5	36.9
PTHR11668	23421.49	22809.42	12637.73	890.2	772.85
PTHR20856	12004.76	11800.75	1108.0	48.79	42.36
PTHR20854	11001.45	10715.8	3599.0	296.97	257.82
PTHR20855	2667.0	2626.19	2942.54	134.12	116.44
PTHR20852	10482.52	10033.74	83930.28	6735.59	5847.72
PTHR32404	4967.04	4844.64	1170.99	90.98	78.98
PTHR20858	3855.0	3773.38	158.0	11.6	10.07
PTHR30603	4648.71	4567.1	3142.19	169.82	147.44
PTHR14898	2860.61	2819.8	797.75	33.86	29.4
PTHR14237	4401.12	4115.52	313.0	63.06	54.74
PTHR14894	2447.0	2406.19	79.0	3.93	3.41
PTHR23155	239693.56	232145.49	20787.03	1544.77	1341.13
PTHR23153	3615.28	3533.66	1198.0	68.83	59.75
PTHR23151	15995.41	15342.58	7118.81	797.53	692.4
PTHR11063	2616.0	2575.19	9267.08	430.79	374.01
PTHR11062	69338.93	67625.35	4283.97	301.7	261.92
PTHR11061	8133.0	7806.56	473.0	49.33	42.82
PTHR11065	2363.45	2322.65	2364.12	121.89	105.82
PTHR11064	2796.78	2674.36	1452.16	166.93	144.92
PTHR11260	18218.97	17606.86	14419.29	1397.26	1213.09
PTHR11266	5517.0	5312.95	720.0	88.45	76.81
PTHR13501	2149.0	2067.4	199.01	17.12	14.86
PTHR31998	5674.0	5510.76	12666.17	570.03	494.89
PTHR31221	49454.27	48107.74	6640.05	511.23	443.82
PTHR22881	1211.42	1170.62	282.0	28.94	25.12
PTHR15838	725.0	643.44	20.0	7.71	6.69
PTHR22836	1745.09	1704.29	73.0	5.14	4.46
PTHR32338	1758.0	1717.19	560.95	39.16	34.0
PTHR23270	5012.0	4767.24	181.0	24.86	21.6
PTHR31407	4788.0	4624.76	799.0	80.42	69.81
PTHR12363	9346.8	9142.78	949.96	73.86	64.12
PTHR20932	4101.84	4020.23	536.0	31.78	27.59
PTHR18952	6322.66	6118.62	2962.25	195.23	169.49
PTHR21213	1155.45	1114.64	479.0	51.64	44.83
PTHR12765	2480.0	2316.79	216.0	44.94	39.0
PTHR12505	3050.0	2968.38	694.03	56.72	49.24
PTHR22603	1324.0	1283.19	27.91	2.61	2.27
PTHR22604	10788.89	10380.82	1641.58	192.57	167.19
PTHR21481	3727.7	3686.89	408.0	13.24	11.49
PTHR23029	13132.09	12764.85	2518.12	226.15	196.33
PTHR22778	766.0	725.19	58.0	9.64	8.37
PTHR19446	7694.0	7530.78	204.55	16.03	13.92
PTHR12219	900.68	859.87	816.0	114.26	99.2
PTHR13561	6845.0	6681.76	304.0	22.07	19.16
PTHR13563	1451.0	1410.19	86.0	7.32	6.35
PTHR12210	18987.13	18497.44	3178.96	234.59	203.67
PTHR12215	2629.41	2547.8	49.0	5.41	4.7
PTHR12214	2233.77	2192.97	84.0	4.59	3.98
PTHR22915	10012.69	9727.03	3776.98	315.44	273.84
PTHR22911	9913.96	9669.11	2693.0	194.71	169.03
PTHR22912	14738.03	14370.76	8837.6	607.15	527.13
PTHR12183	7092.15	6847.31	2774.0	247.27	214.67
PTHR19849	2130.27	2048.66	383.0	43.07	37.38
PTHR22594	16985.0	16536.09	2554.01	189.51	164.54
PTHR21152	5849.25	5686.02	1549.95	114.4	99.32
PTHR12000	2817.0	2735.38	3027.98	207.24	179.92
PTHR21021	1366.0	1325.19	191.0	17.3	15.02
PTHR13102	1448.0	1407.19	216.0	18.42	15.99
PTHR12984	6049.0	5967.38	1950.55	77.07	66.9
PTHR23293	4934.23	4811.8	245.0	18.22	15.81
PTHR12302	3549.0	3508.19	1495.99	51.01	44.28
PTHR13299	2114.0	2032.39	88.0	7.89	6.85
PTHR10925	3269.06	3146.75	167.0	16.82	14.6
PTHR21737	4422.8	4218.84	248.0	38.24	33.2
PTHR10920	8757.82	8553.79	1775.51	94.97	82.46
PTHR10585	6371.42	6167.39	594.63	60.43	52.47
PTHR10584	16857.53	16367.82	3996.0	296.51	257.41
PTHR11528	14437.25	14029.29	7321.51	594.32	515.96
PTHR11527	7419.38	7133.74	8962.57	859.72	746.39
PTHR12169	1897.0	1856.19	16.0	1.03	0.9
PTHR10859	7339.0	7175.76	945.0	72.56	62.99
PTHR10589	2046.0	1964.38	635.86	75.9	65.89
PTHR10588	5976.78	5813.58	2505.03	109.66	95.21
PTHR13038	3583.0	3501.38	161.0	11.45	9.94
PTHR13748	6529.37	6325.33	1574.69	113.43	98.47
PTHR13743	19812.58	19282.07	2187.53	168.8	146.57
PTHR24015	125576.91	122557.18	16009.07	1053.77	914.9
PTHR24012	23563.29	22380.22	20825.57	2526.29	2193.3
PTHR24011	36413.29	35066.83	10316.38	763.95	663.24
PTHR31187	3411.0	3288.57	2173.0	218.13	189.37
PTHR21145	953.0	912.19	73.0	9.63	8.36
PTHR11453	4298.39	4175.98	190.0	24.42	21.19
PTHR10108	38766.14	37582.74	6112.67	542.5	471.04
PTHR11986	12446.0	12038.08	6019.43	422.03	366.41
PTHR11455	11053.92	10686.67	3060.07	244.17	211.97
PTHR10102	4309.0	4104.99	268.0	26.95	23.39
PTHR11458	1824.0	1783.19	1284.98	86.38	74.99
PTHR10106	1431.0	1390.19	565.02	48.78	42.35
PTHR30544	6865.55	6661.53	1210.7	90.88	78.9
PTHR31057	2032.23	1909.83	169.0	32.69	28.38
PTHR30115	1043.0	1002.19	985.43	118.25	102.66
PTHR11851	27514.03	26861.11	10672.46	645.93	560.79
PTHR23092	11707.0	11339.73	443.0	43.22	37.52
PTHR23091	16036.58	15465.32	1641.91	173.56	150.67
PTHR11673	3183.0	3060.57	2883.0	321.34	278.99
PTHR11670	7717.96	7513.93	9662.06	477.98	414.96
PTHR11671	1438.0	1397.19	513.0	44.06	38.25
PTHR20863	3829.75	3625.73	4026.86	587.69	510.23
PTHR20861	3207.91	3126.29	1183.0	90.38	78.47
PTHR11679	10022.77	9777.92	1858.0	146.5	127.2
PTHR14009	7440.0	7317.57	1341.18	54.07	46.94
PTHR10217	24285.81	23836.93	4116.02	183.12	158.96
PTHR10210	6271.0	6066.95	2192.55	189.32	164.37
PTHR31522	1706.0	1665.19	62.0	4.46	3.88
PTHR14221	1153.0	1112.19	64.0	6.92	6.0
PTHR14269	1397.47	1356.67	611.01	54.06	46.93
PTHR11079	7295.69	7091.65	1326.92	115.93	100.64
PTHR11076	8477.01	8150.58	321.0	46.67	40.51
PTHR11071	27660.0	26680.62	23425.19	2576.15	2236.56
PTHR11278	2389.0	2266.58	6008.72	908.23	788.5
PTHR11276	2371.3	2330.49	317.0	16.29	14.14
PTHR11274	5256.17	5092.93	874.0	82.2	71.36
PTHR14136	3572.67	3450.24	2368.0	251.95	218.74
PTHR31984	7047.05	6843.01	1456.19	117.46	101.97
PTHR15350	2471.0	2389.39	778.08	84.93	73.73
PTHR15606	2090.0	2008.39	268.05	26.22	22.76
PTHR12374	2637.37	2514.95	103.64	14.66	12.73
PTHR12375	2446.0	2323.59	149.83	25.66	22.28
PTHR12378	2790.0	2708.38	1186.0	105.9	91.94
PTHR18929	17924.25	17353.02	20602.77	1619.67	1406.18
PTHR12777	1330.0	1248.4	1446.99	267.09	231.88
PTHR12775	3428.0	3305.58	444.0	37.45	32.51
PTHR12770	7465.31	7261.27	446.52	34.09	29.61
PTHR20982	1330.0	1289.19	1018.0	94.8	82.31
PTHR24352	1447.62	1406.81	250.0	21.32	18.51
PTHR16092	3093.0	3052.19	1476.0	57.86	50.24
PTHR12406	3606.01	3524.39	611.99	34.86	30.26
PTHR11035	2976.89	2854.52	407.56	44.19	38.37
PTHR22298	16399.0	15950.09	1552.0	100.25	87.04
PTHR12174	5125.0	5002.57	1215.08	93.0	80.73
PTHR12175	1375.0	1334.19	418.0	37.61	32.65
PTHR12176	10942.87	10575.66	1310.77	134.75	116.99
PTHR22769	4362.15	4239.73	390.0	33.24	28.85
PTHR22767	5825.19	5702.76	791.0	35.42	30.76
PTHR22765	3949.96	3868.34	2606.98	154.06	133.75
PTHR22762	5267.32	5104.16	1077.44	68.48	59.46
PTHR22763	1070.0	988.4	63.0	14.8	12.85
PTHR22761	2828.14	2746.53	1052.0	92.02	79.9
PTHR21231	3876.48	3754.06	439.07	40.09	34.79
PTHR21230	5770.63	5566.61	806.03	71.91	62.43
PTHR21234	1100.0	1059.19	409.0	46.42	40.3
PTHR21237	2437.0	2355.38	666.0	69.54	60.37
PTHR12202	1573.0	1409.88	25.0	8.27	7.18
PTHR12203	3938.08	3856.48	369.0	23.98	20.83
PTHR19857	1723.0	1682.19	231.0	16.46	14.29
PTHR19854	2811.0	2729.38	85.0	7.3	6.34
PTHR19852	3551.0	3387.78	254.0	29.82	25.88
PTHR19853	3866.0	3702.78	96.94	14.94	12.98
PTHR12197	10010.56	9602.55	468.0	69.9	60.67
PTHR13822	1859.0	1777.38	1570.02	199.07	172.83
PTHR21649	15684.52	14990.85	57480.62	6336.27	5501.03
PTHR10344	1307.0	1266.19	403.0	38.22	33.18
PTHR13273	1476.0	1435.19	432.0	36.12	31.36
PTHR10732	2646.0	2482.79	5530.92	941.97	817.8
PTHR10738	3238.0	3115.57	270.0	28.21	24.49
PTHR10739	1905.0	1864.19	299.99	19.29	16.74
PTHR12992	1147.0	1106.19	138.0	14.99	13.02
PTHR11588	6949.49	6704.76	11810.42	985.29	855.41
PTHR11934	3710.0	3587.57	1654.0	197.85	171.77
PTHR10693	2358.0	2276.39	254.98	31.12	27.01
PTHR10938	2593.21	2511.59	146.0	14.31	12.42
PTHR10934	1468.0	1386.39	2828.0	386.53	335.58
PTHR11510	3661.11	3538.7	1337.99	122.4	106.26
PTHR11516	6406.0	6242.77	8567.0	635.39	551.62
PTHR10025	4636.13	4513.71	621.0	47.74	41.45
PTHR10026	8097.74	7852.89	961.03	84.41	73.27
PTHR10027	6982.35	6655.94	3046.41	306.62	266.21
PTHR13009	2989.0	2907.38	559.0	43.08	37.4
PTHR13007	1443.0	1361.39	150.88	26.68	23.16
PTHR10598	2154.0	2113.19	57.0	3.23	2.81
PTHR10430	5654.1	5409.27	2791.47	340.1	295.28
PTHR17901	830.36	789.56	530.0	80.87	70.21
PTHR24351	7245.52	7041.47	18423.59	1617.62	1404.38
PTHR20981	2148.0	2025.59	4702.47	789.39	685.34
PTHR23429	4705.63	4624.02	1251.58	64.96	56.4
PTHR11467	2838.0	2756.38	4843.95	449.17	389.96
PTHR10119	9415.0	9170.17	1694.0	112.6	97.76
PTHR10110	16551.52	16102.65	1598.0	108.76	94.41
PTHR11469	4724.32	4642.71	2981.08	148.14	128.61
PTHR11863	9598.32	9271.88	1391.28	144.48	125.45
PTHR24286	3389.0	3266.57	127.79	13.95	12.11
PTHR11864	3709.73	3424.18	208.0	45.02	39.09
PTHR23426	2431.51	2349.89	156.0	14.65	12.72
PTHR10593	9650.54	9364.92	2356.54	111.78	97.03
