GeneFamily	length	effective_length	expected_count	TPM	FPKM
PTHR11649	9954.0	9663.28	3.0	1.64	3.33
PTHR31089	3599.0	3562.66	1.0	0.32	0.65
PTHR31085	404.0	367.66	0.0	0.0	0.0
PTHR11647	4046.0	3973.32	1.0	0.54	1.1
PTHR11645	3334.0	3297.66	0.0	0.0	0.0
PTHR10209	3168.0	3095.32	1.0	0.65	1.31
PTHR32429	4034.0	3961.32	68.0	42.21	85.14
PTHR31423	806.0	769.66	0.0	0.0	0.0
PTHR31551	750.0	713.66	1.0	1.63	3.29
PTHR32195	973.0	900.33	0.0	0.0	0.0
PTHR11081	3279.0	3133.64	0.0	0.0	0.0
PTHR11080	2949.0	2876.32	2.0	1.28	2.58
PTHR11082	10596.17	10305.45	2.0	4.53	9.13
PTHR11085	3218.0	3108.98	0.0	0.0	0.0
PTHR13501	1760.0	1723.66	1.0	0.67	1.35
PTHR11089	10526.5	10163.1	1.0	1.37	2.77
PTHR12271	3399.0	3253.64	0.0	0.0	0.0
PTHR32518	3536.0	3499.66	0.0	0.0	0.0
PTHR11247	2058.5	1985.82	0.0	0.0	0.0
PTHR11246	10516.0	10370.64	0.0	0.0	0.0
PTHR32512	1450.0	1413.66	1.0	0.82	1.65
PTHR23088	4168.5	4023.16	1.0	0.9	1.82
PTHR23089	2380.0	2270.98	2.0	3.58	7.22
PTHR23081	5303.5	5230.82	0.0	0.0	0.0
PTHR23083	36178.5	35197.34	8.0	6.36	12.82
PTHR23084	6265.5	6047.5	4.0	4.47	9.02
PTHR23086	4203.25	4057.89	0.0	0.0	0.0
PTHR18806	1357.2	1320.86	0.0	0.0	0.0
PTHR11880	2225.0	2152.32	26.0	51.71	104.3
PTHR31953	4769.5	4660.48	2.0	0.72	1.45
PTHR15184	8886.5	8668.46	19.0	8.23	16.59
PTHR11885	1409.0	1336.32	27.0	41.81	84.31
PTHR15341	780.0	743.66	0.0	0.0	0.0
PTHR32357	929.5	856.83	0.0	0.0	0.0
PTHR12696	4806.0	4769.66	3.0	0.72	1.46
PTHR12341	4548.5	4366.8	0.0	0.0	0.0
PTHR10168	7263.0	7117.64	30.0	10.21	20.59
PTHR15160	11378.0	11196.3	14.0	7.4	14.93
PTHR18937	25741.32	25414.25	7.0	3.27	6.6
PTHR18934	14465.67	13956.92	6.0	2.96	5.99
PTHR12742	3891.0	3781.98	1.0	0.83	1.68
PTHR12741	3673.0	3600.32	1.0	0.5	1.0
PTHR19288	7908.0	7726.3	5.0	2.49	5.03
PTHR13902	6726.5	6617.48	1.0	0.3	0.6
PTHR13903	2169.0	2096.32	0.0	0.0	0.0
PTHR22753	4558.0	4448.98	0.0	0.0	0.0
PTHR30615	1811.0	1701.98	0.0	0.0	0.0
PTHR21220	935.0	862.32	0.0	0.0	0.0
PTHR22938	5003.0	4930.32	1.0	0.52	1.04
PTHR16266	7223.0	7041.3	1.0	0.26	0.52
PTHR30612	2183.33	2110.65	0.0	0.0	0.0
PTHR22932	623.0	586.66	1.0	1.99	4.01
PTHR21228	55078.0	53406.39	10.0	4.48	9.04
PTHR31038	981.0	944.66	1.0	1.23	2.48
PTHR13832	40909.4	40037.25	20.0	11.66	23.48
PTHR21139	2424.0	2387.66	0.0	0.0	0.0
PTHR21136	2700.0	2627.32	1.0	0.7	1.42
PTHR12526	37186.72	36568.95	9.0	3.59	7.21
PTHR13120	2209.0	2172.66	0.0	0.0	0.0
PTHR22809	1835.0	1689.65	0.0	0.0	0.0
PTHR22807	9692.5	9438.14	0.0	0.0	0.0
PTHR20661	2040.0	1967.32	0.0	0.0	0.0
PTHR10900	12813.61	12450.22	15.0	14.15	28.53
PTHR10906	2232.0	2195.66	1.0	0.53	1.06
PTHR10909	18050.0	17759.28	10.0	3.73	7.52
PTHR10055	4483.0	4373.98	2.0	1.91	3.85
PTHR10057	2128.5	2055.82	0.0	0.0	0.0
PTHR10052	394.0	357.66	0.0	0.0	0.0
PTHR13017	1207.0	1170.66	0.0	0.0	0.0
PTHR13018	17786.0	17422.6	6.0	2.33	4.7
PTHR10694	7729.0	7438.28	1.0	0.64	1.29
PTHR12839	1771.0	1661.98	0.0	0.0	0.0
PTHR12835	2330.0	2257.32	0.0	0.0	0.0
PTHR24031	64370.26	62153.62	91.0	55.62	112.17
PTHR24032	676.0	639.66	0.0	0.0	0.0
PTHR11922	4520.0	4410.98	4.0	1.71	3.45
PTHR24349	73348.5	71785.9	42.0	18.71	37.73
PTHR24619	5644.5	5317.46	0.0	0.0	0.0
PTHR24343	23170.33	22588.89	8.0	6.23	12.56
PTHR11472	5626.33	5371.95	0.0	0.0	0.0
PTHR11476	5164.0	5054.98	1.0	0.4	0.81
PTHR11477	2769.8	2697.12	0.0	0.0	0.0
PTHR24305	2724.5	2542.8	1.0	1.8	3.64
PTHR10476	5599.0	5453.64	3.0	2.16	4.35
PTHR24290	2182.0	2109.32	1.0	0.65	1.32
PTHR23413	940.2	867.53	33.0	75.02	151.32
PTHR23417	3583.83	3438.54	0.0	0.0	0.0
PTHR23416	3627.0	3554.32	1.0	0.43	0.87
PTHR23415	1476.0	1439.66	0.0	0.0	0.0
PTHR10871	4798.0	4652.64	53.0	59.85	120.73
PTHR23418	716.0	679.66	0.0	0.0	0.0
PTHR10877	29155.0	28573.67	4.0	0.65	1.3
PTHR11879	4383.17	4274.14	7.0	3.77	7.6
PTHR10430	2624.0	2551.32	3.0	2.86	5.77
PTHR31724	6103.83	5958.47	1.0	0.79	1.59
PTHR31098	6952.64	6843.61	5.0	1.12	2.26
PTHR11655	2949.0	2839.99	62.0	69.91	141.01
PTHR11652	809.0	772.66	0.0	0.0	0.0
PTHR10436	7892.0	7419.58	0.0	0.0	0.0
PTHR20883	1484.6	1448.3	0.0	0.0	0.0
PTHR11895	4300.0	4081.96	0.0	0.0	0.0
PTHR10277	1187.0	1150.66	2.0	2.01	4.06
PTHR14027	3090.0	2980.98	0.0	0.0	0.0
PTHR13691	966.0	893.32	1.0	3.55	7.16
PTHR23180	16363.5	16072.78	3.0	2.43	4.9
PTHR14593	2763.5	2654.48	0.0	0.0	0.0
PTHR11093	2212.0	2139.32	0.0	0.0	0.0
PTHR11096	2483.0	2373.98	0.0	0.0	0.0
PTHR23346	4534.0	4388.65	0.0	0.0	0.0
PTHR11099	904.25	867.91	0.0	0.0	0.0
PTHR10309	3074.0	3037.66	1.0	0.38	0.77
PTHR14107	1941.0	1904.66	0.0	0.0	0.0
PTHR11252	1957.0	1884.32	0.0	0.0	0.0
PTHR11254	21181.83	20745.83	4.0	2.46	4.94
PTHR11255	1820.0	1783.66	0.0	0.0	0.0
PTHR14110	7148.0	7002.64	3.0	1.87	3.78
PTHR14374	853.0	816.66	0.0	0.0	0.0
PTHR18838	712.0	675.66	0.0	0.0	0.0
PTHR12687	941.0	868.33	0.0	0.0	0.0
PTHR15157	4129.0	3947.31	1.0	0.46	0.93
PTHR18901	6507.0	6288.97	1.0	1.45	2.92
PTHR12755	3251.33	3142.31	0.0	0.0	0.0
PTHR12750	5749.0	5712.66	2.0	0.4	0.81
PTHR12753	1909.0	1872.66	0.0	0.0	0.0
PTHR15081	2439.0	2402.66	1.0	0.48	0.97
PTHR15574	6692.0	6437.62	0.0	0.0	0.0
PTHR12506	2445.5	2409.16	0.0	0.0	0.0
PTHR23109	648.5	612.16	0.0	0.0	0.0
PTHR13931	7166.0	7020.64	2.0	0.78	1.57
PTHR24006	25062.5	24226.75	7.0	4.57	9.24
PTHR12358	4587.0	4514.32	0.0	0.0	0.0
PTHR22748	2978.33	2905.65	1.0	0.99	1.99
PTHR12356	4854.0	4744.98	5.0	3.25	6.56
PTHR12221	2281.0	2171.99	0.0	0.0	0.0
PTHR21213	1425.0	1388.66	1.0	0.83	1.68
PTHR19879	1725.0	1616.01	0.0	0.0	0.0
PTHR12226	1589.0	1516.32	0.0	0.0	0.0
PTHR19876	4179.33	4106.65	2.0	0.69	1.4
PTHR19877	9874.07	9801.39	5.0	1.27	2.56
PTHR21689	3539.0	3466.32	0.0	0.0	0.0
PTHR31190	2904.0	2795.01	0.0	0.0	0.0
PTHR13803	11598.0	11452.64	59.0	15.41	31.09
PTHR19980	3253.0	3180.32	0.0	0.0	0.0
PTHR12537	2901.56	2828.88	4.0	3.19	6.43
PTHR12532	1731.0	1694.66	0.0	0.0	0.0
PTHR13486	1181.0	1144.66	0.0	0.0	0.0
PTHR13489	1273.0	1236.66	0.0	0.0	0.0
PTHR17583	2484.0	2302.3	0.0	0.0	0.0
PTHR24198	29455.0	28582.86	10.0	9.87	19.92
PTHR10048	5931.0	5749.3	0.0	0.0	0.0
PTHR24193	15859.0	15459.27	6.0	4.1	8.27
PTHR10044	1904.2	1795.19	0.0	0.0	0.0
PTHR11998	5837.0	5727.98	2.0	1.57	3.16
PTHR13060	1901.0	1864.66	0.0	0.0	0.0
PTHR10687	1962.0	1925.66	5.0	3.0	6.05
PTHR10681	21013.0	20540.58	30.0	19.76	39.84
PTHR10682	2993.0	2956.66	1.0	0.39	0.79
PTHR10683	3506.0	3433.32	2.0	1.56	3.15
PTHR12829	2436.0	2327.0	0.0	0.0	0.0
PTHR12820	2829.5	2793.16	3.0	1.24	2.5
PTHR12826	826.0	789.66	1.0	1.47	2.97
PTHR12827	1190.0	1080.99	0.0	0.0	0.0
PTHR17920	1281.0	1208.32	0.0	0.0	0.0
PTHR11405	10061.0	9915.64	4.0	1.91	3.84
PTHR11404	4836.71	4691.35	5.0	5.07	10.23
PTHR11406	3481.0	3408.32	3.98	2.26	4.56
PTHR14744	1086.0	1049.66	0.0	0.0	0.0
PTHR13468	1322.33	1285.99	0.0	0.0	0.0
PTHR23406	10980.96	10726.6	5.0	1.83	3.7
PTHR23407	830.0	793.66	0.0	0.0	0.0
PTHR10869	16382.71	16055.65	32.0	10.15	20.46
PTHR31717	9654.0	9508.64	4.0	1.51	3.04
PTHR13393	3030.55	2994.21	0.0	0.0	0.0
PTHR15169	930.0	857.32	0.0	0.0	0.0
PTHR11315	5014.0	4941.32	13.0	6.05	12.2
PTHR10139	1748.0	1638.98	0.0	0.0	0.0
PTHR10264	1629.5	1556.82	1.0	1.05	2.13
PTHR10263	5318.0	5245.32	8.99	3.65	7.37
PTHR31407	5165.0	5055.98	0.0	0.0	0.0
PTHR32170	1633.0	1560.32	0.0	0.0	0.0
PTHR23350	4165.0	4055.99	3.0	1.09	2.19
PTHR23354	3745.0	3635.98	0.0	0.0	0.0
PTHR23355	7940.5	7577.11	0.0	0.0	0.0
PTHR23359	10214.98	9851.7	9.0	7.1	14.31
PTHR11227	2669.0	2632.66	0.0	0.0	0.0
PTHR11220	9533.14	9351.44	5.0	3.58	7.22
PTHR11223	1047.0	974.32	0.0	0.0	0.0
PTHR11229	2439.0	2366.32	0.0	0.0	0.0
PTHR10314	18394.17	17885.43	20.0	13.14	26.52
PTHR14303	3093.0	3056.66	1.0	0.38	0.76
PTHR14085	1149.5	1113.16	0.0	0.0	0.0
PTHR11139	19199.33	18436.23	3.0	2.08	4.2
PTHR15362	3532.0	3459.32	0.0	0.0	0.0
PTHR11132	34304.17	33504.77	5.0	7.7	15.52
PTHR11134	3758.0	3721.66	2.0	0.62	1.25
PTHR11136	1373.0	1336.66	0.0	0.0	0.0
PTHR32374	4814.0	4668.64	8.0	3.8	7.67
PTHR31579	20362.5	19999.11	10.0	3.15	6.37
PTHR32379	2271.0	2198.32	0.0	0.0	0.0
PTHR18919	6175.0	6065.98	19.0	8.1	16.35
PTHR32002	5972.5	5827.14	0.0	0.0	0.0
PTHR14413	4963.01	4890.32	3.0	1.58	3.18
PTHR14089	4427.0	4317.98	3.0	1.33	2.68
PTHR22893	6440.0	6367.32	4.0	1.39	2.81
PTHR24067	17329.5	16893.42	7.0	6.35	12.84
PTHR10072	1347.5	1311.16	0.0	0.0	0.0
PTHR12786	2974.0	2937.66	0.0	0.0	0.0
PTHR12782	572.0	535.66	0.0	0.0	0.0
PTHR11742	2751.0	2641.99	0.0	0.0	0.0
PTHR11216	3342.0	3269.32	0.0	0.0	0.0
PTHR13923	4762.03	4725.69	1.0	0.24	0.49
PTHR11210	1428.0	1391.66	1.0	0.83	1.68
PTHR12321	1969.0	1932.66	6.0	3.58	7.23
PTHR12320	12101.0	11810.28	7.0	3.59	7.23
PTHR12323	979.0	942.66	0.0	0.0	0.0
PTHR16201	1204.0	1167.66	1.0	0.99	2.0
PTHR21015	1809.0	1736.32	0.0	0.0	0.0
PTHR16196	2989.33	2916.65	0.0	0.0	0.0
PTHR16193	1451.0	1378.32	0.0	0.0	0.0
PTHR22792	7382.0	7236.64	4.0	0.9	1.82
PTHR22790	3431.5	3322.48	1.0	1.16	2.35
PTHR21680	1078.0	1041.66	0.0	0.0	0.0
PTHR10343	3683.0	3610.32	1.0	0.52	1.05
PTHR21113	1863.5	1790.82	0.0	0.0	0.0
PTHR19316	1514.0	1477.66	1.0	0.78	1.58
PTHR21663	896.0	823.33	0.0	0.0	0.0
PTHR13253	10138.18	9847.46	1.0	0.94	1.89
PTHR12446	712.0	675.66	0.0	0.0	0.0
PTHR21206	1008.0	971.66	1.0	1.19	2.41
PTHR13789	23825.5	23316.74	20.0	6.54	13.19
PTHR10071	25562.5	25162.76	20.0	7.48	15.1
PTHR24188	10377.0	10086.28	4.0	3.9	7.85
PTHR13780	6265.5	6120.14	15.0	6.18	12.48
PTHR10670	4498.0	4207.29	0.0	0.0	0.0
PTHR10677	4776.0	4703.32	1.0	0.31	0.62
PTHR13078	6417.82	6272.48	2.0	0.57	1.16
PTHR12815	4462.0	4389.32	0.0	0.0	0.0
PTHR12814	1442.0	1369.32	0.0	0.0	0.0
PTHR24361	21481.0	21153.96	14.0	4.37	8.81
PTHR24362	34017.53	33254.45	19.0	10.53	21.25
PTHR10416	2045.0	2008.66	2.0	1.15	2.32
PTHR10410	6425.0	6315.98	10.0	4.7	9.48
PTHR10783	11825.0	11534.28	4.0	3.56	7.19
PTHR10782	985.0	948.66	0.0	0.0	0.0
PTHR13476	3494.0	3421.32	3.0	2.26	4.56
PTHR10788	8068.5	7959.48	2.0	0.6	1.21
PTHR10891	56336.33	54955.44	32.0	16.68	33.65
PTHR10890	1600.5	1564.16	0.0	0.0	0.0
PTHR20426	1114.0	1077.66	1.0	1.07	2.17
PTHR23213	12760.0	12396.6	5.0	3.57	7.2
PTHR10520	6589.67	6444.31	1.0	0.34	0.68
PTHR10250	1635.0	1598.66	2.0	1.45	2.92
PTHR10527	16533.0	16242.28	6.0	1.61	3.23
PTHR31384	3414.0	3377.66	0.0	0.0	0.0
PTHR31385	4107.0	4034.32	0.0	0.0	0.0
PTHR10091	1482.0	1445.66	1.0	0.8	1.61
PTHR31142	1594.0	1557.66	0.0	0.0	0.0
PTHR31140	2440.0	2403.66	1.0	0.48	0.97
PTHR11787	5050.5	5014.16	0.0	0.0	0.0
PTHR11785	10198.5	9944.14	2.0	0.67	1.35
PTHR11782	9257.5	9075.81	2.0	0.4	0.8
PTHR31419	1613.67	1468.37	0.0	0.0	0.0
PTHR11780	3793.0	3720.32	6.0	2.67	5.39
PTHR32148	10042.0	9751.28	43.0	41.69	84.1
PTHR23324	9966.0	9820.64	3.0	1.36	2.74
PTHR23327	3699.0	3626.32	3.0	1.22	2.46
PTHR23326	5044.0	4934.98	0.0	0.0	0.0
PTHR23321	4322.75	4177.4	5.0	3.98	8.03
PTHR23323	5392.5	5101.81	0.0	0.0	0.0
PTHR23322	2853.0	2707.65	0.0	0.0	0.0
PTHR23329	881.0	844.66	0.0	0.0	0.0
PTHR11236	5492.5	5310.81	1.0	0.57	1.14
PTHR20932	2492.0	2455.66	0.0	0.0	0.0
PTHR10322	9090.83	8800.12	0.0	0.0	0.0
PTHR11239	1765.0	1692.32	1.0	1.86	3.75
PTHR10803	5072.0	4962.98	0.0	0.0	0.0
PTHR31964	10594.0	10412.3	20.0	14.51	29.26
PTHR10552	1059.0	1022.66	1.0	1.13	2.29
PTHR23030	2155.0	2118.66	0.0	0.0	0.0
PTHR11129	3329.0	3219.98	3.0	2.22	4.47
PTHR15316	3182.0	3036.64	0.0	0.0	0.0
PTHR11127	1073.0	1000.32	36.0	65.1	131.32
PTHR11125	2393.0	2283.98	0.0	0.0	0.0
PTHR31566	547.0	510.66	0.0	0.0	0.0
PTHR31567	1662.0	1625.66	0.0	0.0	0.0
PTHR31561	4060.81	3988.13	2.0	1.07	2.16
PTHR15137	2494.0	2384.98	0.0	0.0	0.0
PTHR14950	413.0	376.66	0.0	0.0	0.0
PTHR15954	1842.5	1769.82	0.0	0.0	0.0
PTHR15952	2757.0	2684.32	0.0	0.0	0.0
PTHR21319	7145.33	7036.31	1.0	0.52	1.05
PTHR21597	2854.0	2744.98	2.0	1.39	2.81
PTHR19271	871.5	798.84	0.0	0.0	0.0
PTHR22931	8228.5	7828.77	6.0	9.2	18.56
PTHR12022	1317.0	1280.66	5.0	4.52	9.11
PTHR13343	7316.0	7206.98	3.0	0.95	1.91
PTHR12233	988.0	951.66	2.0	2.44	4.92
PTHR12029	8387.2	8060.16	1.0	0.41	0.82
PTHR22936	8821.33	8566.95	3.0	1.01	2.04
PTHR22780	6412.0	6266.64	2.0	1.3	2.63
PTHR21477	2699.0	2626.32	1.0	1.9	3.83
PTHR19308	3433.0	3360.32	9.0	3.62	7.31
PTHR22870	20619.57	19929.12	2.0	1.21	2.44
PTHR17630	10303.0	10084.96	9.0	6.93	13.99
PTHR10064	601.0	564.66	52.0	107.37	216.58
PTHR10066	4785.33	4603.63	0.0	0.0	0.0
PTHR10060	2797.4	2688.45	0.0	0.0	0.0
PTHR10663	10301.57	9938.17	2.0	2.92	5.88
PTHR10666	711.0	674.66	35.89	61.9	124.85
PTHR10668	9878.0	9514.62	2.0	0.83	1.68
PTHR12265	936.0	863.32	0.0	0.0	0.0
PTHR12801	7096.0	6950.64	6.0	1.48	2.98
PTHR12802	3827.0	3608.98	2.0	2.18	4.41
PTHR12805	1417.0	1380.66	1.0	0.84	1.69
PTHR12806	1186.33	1149.99	0.0	0.0	0.0
PTHR21091	12495.0	12204.29	3.0	1.63	3.29
PTHR21090	5440.0	5367.32	1.0	0.47	0.95
PTHR24314	3409.5	3336.82	0.0	0.0	0.0
PTHR11933	825.0	788.66	0.0	0.0	0.0
PTHR24316	13297.0	12897.26	5.0	2.05	4.14
PTHR11426	4952.31	4843.29	7.0	4.85	9.78
PTHR11937	9008.5	8826.8	1.0	0.57	1.15
PTHR11938	14414.0	14304.98	25.99	4.53	9.13
PTHR13683	871.5	835.16	0.0	0.0	0.0
PTHR24089	55853.45	54436.24	119.0	63.98	129.08
PTHR10796	12236.5	11909.46	8.0	1.84	3.72
PTHR10794	5576.0	5430.64	1.0	3.67	7.41
PTHR10795	34153.0	33426.22	8.0	1.85	3.73
PTHR10792	1033.0	960.32	32.0	66.74	134.62
PTHR10799	54823.66	52825.07	4.0	1.47	2.99
PTHR10882	1079.0	1042.66	0.0	0.0	0.0
PTHR10887	24935.75	23918.25	3.0	1.51	3.05
PTHR11686	1325.0	1288.66	0.0	0.0	0.0
PTHR11685	5962.83	5817.47	2.0	1.82	3.66
PTHR11680	5687.45	5578.43	7.0	3.27	6.6
PTHR24221	10838.91	10439.18	4.0	3.21	6.48
PTHR24220	5859.8	5750.78	3.0	1.55	3.14
PTHR24223	13327.5	12673.41	0.0	0.0	0.0
PTHR11689	17234.0	16943.3	19.0	3.31	6.67
PTHR10252	1783.0	1710.32	2.0	2.73	5.51
PTHR10537	566.0	529.66	0.0	0.0	0.0
PTHR13124	2770.0	2697.32	1.0	1.06	2.13
PTHR31173	1806.0	1733.32	0.0	0.0	0.0
PTHR12538	603.0	566.66	23.0	47.32	95.45
PTHR10997	12612.0	12284.94	0.0	0.0	0.0
PTHR10098	1479.0	1442.66	1.0	0.8	1.62
PTHR31356	7008.0	6826.3	3.0	3.06	6.17
PTHR31352	9023.0	8913.98	7.0	2.87	5.78
PTHR31350	4175.0	3993.3	0.0	0.0	0.0
PTHR11758	675.0	638.66	33.0	60.15	121.33
PTHR23333	2749.0	2676.32	1.0	0.75	1.52
PTHR11751	8378.5	8160.46	0.0	0.0	0.0
PTHR11753	3051.0	2978.32	2.0	1.43	2.89
PTHR11200	14158.0	13794.6	3.0	0.61	1.22
PTHR11206	23883.0	23301.59	4.0	3.33	6.73
PTHR11757	13996.0	13741.62	2.0	0.9	1.8
PTHR23339	9985.5	9731.12	1.0	0.23	0.47
PTHR10332	6434.0	6288.64	1.0	0.48	0.97
PTHR32557	4341.0	4304.66	2.0	0.54	1.08
PTHR14145	4972.0	4899.32	1.0	0.4	0.81
PTHR17695	2161.0	1979.3	0.0	0.0	0.0
PTHR13600	2280.0	2243.66	1.0	0.51	1.04
PTHR15744	954.0	917.66	0.0	0.0	0.0
PTHR23029	14006.01	13678.95	7.0	2.11	4.27
PTHR23023	10314.14	9878.07	0.0	0.0	0.0
PTHR21294	1024.0	987.66	0.0	0.0	0.0
PTHR11119	5706.0	5633.32	0.0	0.0	0.0
PTHR12841	1615.0	1578.66	3.0	2.2	4.43
PTHR31595	9385.5	9094.78	1.0	0.82	1.65
PTHR31596	1176.0	1103.36	0.0	0.0	0.0
PTHR15948	1503.0	1430.32	0.0	0.0	0.0
PTHR31412	5275.0	5202.32	0.0	0.0	0.0
PTHR32026	3498.0	3425.32	5.0	3.19	6.43
PTHR22939	21621.0	21075.92	2.0	0.55	1.12
PTHR31829	1193.0	1156.66	0.0	0.0	0.0
PTHR30191	3723.0	3686.66	40.0	12.5	25.22
PTHR14898	3160.0	3087.32	1.0	0.95	1.91
PTHR19241	41226.13	39954.31	13.0	12.01	24.22
PTHR14894	3339.0	3302.66	1.0	0.35	0.7
PTHR15239	1923.39	1778.04	0.0	0.0	0.0
PTHR19854	3766.07	3584.37	0.0	0.0	0.0
PTHR32497	4010.0	3937.32	0.0	0.0	0.0
PTHR12304	1711.0	1638.32	0.0	0.0	0.0
PTHR30540	6087.0	6050.66	6.0	1.14	2.3
PTHR30544	5707.0	5561.64	1.0	0.48	0.96
PTHR13302	2497.0	2387.99	1.0	1.13	2.28
PTHR12472	428.0	391.66	0.0	0.0	0.0
PTHR13308	2161.0	2051.98	1.0	1.64	3.3
PTHR12477	1161.0	1124.66	1.0	1.03	2.08
PTHR13878	4538.0	4428.98	0.0	0.0	0.0
PTHR21461	925.0	888.66	1.0	1.31	2.63
PTHR13872	856.0	783.32	25.0	65.79	132.7
PTHR22849	18736.0	18227.25	2.0	1.82	3.67
PTHR21314	2992.33	2919.65	0.0	0.0	0.0
PTHR21649	12653.66	12217.6	47.0	59.63	120.3
PTHR22841	6801.0	6655.64	2.0	1.79	3.62
PTHR22847	65978.65	64016.43	6.0	4.06	8.19
PTHR22846	2088.0	2015.32	0.0	0.0	0.0
PTHR22844	16266.5	15903.1	1.0	0.43	0.88
PTHR31606	927.0	890.66	0.0	0.0	0.0
PTHR23284	1435.0	1398.66	0.0	0.0	0.0
PTHR21266	11914.0	11586.97	1.0	0.31	0.63
PTHR12277	2588.0	2515.32	1.0	0.73	1.47
PTHR12276	1737.0	1700.66	1.0	0.68	1.37
PTHR10657	7464.0	7391.32	5.0	1.42	2.85
PTHR16557	1548.5	1475.82	0.0	0.0	0.0
PTHR10655	1480.0	1443.66	1.0	0.8	1.62
PTHR10652	1108.5	1072.16	0.0	0.0	0.0
PTHR17972	2278.0	2132.64	0.0	0.0	0.0
PTHR21085	1447.0	1410.66	0.0	0.0	0.0
PTHR10438	21382.5	20946.42	36.0	21.9	44.2
PTHR11926	3041.0	3004.66	0.0	0.0	0.0
PTHR11431	2527.0	2490.66	14.0	6.48	13.08
PTHR10434	2245.5	2172.82	0.0	0.0	0.0
PTHR24096	7822.38	7677.02	4.0	1.58	3.19
PTHR13693	5853.0	5671.3	3.0	1.21	2.43
PTHR24095	6033.57	5851.86	2.0	0.67	1.35
PTHR24092	6141.33	6032.31	2.0	0.53	1.08
PTHR24093	47134.4	46044.2	39.0	7.91	15.95
PTHR13451	1399.0	1326.34	0.0	0.0	0.0
PTHR13452	916.5	843.88	0.0	0.0	0.0
PTHR10759	923.0	850.33	28.0	59.63	120.28
PTHR12901	1256.0	1219.66	1.0	0.95	1.91
PTHR12903	3250.0	3177.32	2.0	0.97	1.96
PTHR13992	965.5	892.92	0.0	0.0	0.0
PTHR23237	759.0	722.66	0.0	0.0	0.0
PTHR10501	5097.0	5024.32	3.0	1.36	2.75
PTHR31169	1263.0	1226.66	0.0	0.0	0.0
PTHR11122	1185.0	1148.66	0.0	0.0	0.0
PTHR14087	679.0	642.66	0.0	0.0	0.0
PTHR23309	1536.0	1499.66	1.0	0.77	1.55
PTHR23308	3114.0	2932.31	0.0	0.0	0.0
PTHR31344	379.0	342.66	0.0	0.0	0.0
PTHR31619	3517.0	3480.66	4.0	1.32	2.67
PTHR23306	3291.0	3218.32	1.0	0.58	1.17
PTHR23305	2467.0	2321.65	0.0	0.0	0.0
PTHR11748	16211.7	15920.98	8.0	3.8	7.66
PTHR11214	4016.0	3943.32	1.0	0.58	1.17
PTHR14154	18302.5	17793.81	5.0	3.41	6.88
PTHR10344	1205.5	1169.16	0.0	0.0	0.0
PTHR14152	1100.0	1027.32	0.0	0.0	0.0
PTHR11699	18887.5	18524.1	7.0	2.29	4.62
PTHR11692	1913.0	1876.66	1.0	0.62	1.24
PTHR11693	4161.0	4088.32	43.0	22.09	44.56
PTHR11695	18848.0	18520.94	10.0	5.15	10.39
PTHR31760	389.0	352.81	0.0	0.0	0.0
PTHR31906	9719.41	9392.39	1.0	0.64	1.3
PTHR13847	16757.0	16211.91	8.0	4.91	9.9
PTHR23012	15501.0	15101.29	21.0	12.99	26.18
PTHR11101	8264.0	8118.65	20.0	9.94	20.07
PTHR11102	1831.0	1758.32	0.0	0.0	0.0
PTHR11106	6119.5	5937.8	3.0	4.96	10.01
PTHR31585	6177.67	6068.64	1.0	1.21	2.45
PTHR32125	2704.0	2631.32	2.0	1.76	3.55
PTHR31588	1610.0	1573.66	0.0	0.0	0.0
PTHR32120	307.0	270.67	0.0	0.0	0.0
PTHR10288	10387.0	10241.64	9.0	3.48	7.03
PTHR15680	3208.0	3135.32	1.0	1.13	2.28
PTHR10281	5403.0	5257.64	3.0	2.59	5.24
PTHR24347	19958.55	19558.81	7.0	3.32	6.71
PTHR18895	3218.0	3072.64	0.0	0.0	0.0
PTHR12486	2182.0	2109.32	2.0	2.44	4.91
PTHR21262	9737.92	9592.56	18.0	5.77	11.64
PTHR12480	5814.0	5632.3	1.0	0.47	0.95
PTHR12482	3107.0	2961.64	0.0	0.0	0.0
PTHR12317	8497.0	8278.96	0.0	0.0	0.0
PTHR12649	2582.0	2545.66	1.0	0.45	0.91
PTHR12461	3251.88	3106.53	0.0	0.0	0.0
PTHR12466	1362.0	1252.98	0.0	0.0	0.0
PTHR21419	1609.0	1572.66	0.0	0.0	0.0
PTHR22854	2335.0	2262.32	0.0	0.0	0.0
PTHR26312	3118.0	2936.3	1.0	1.15	2.32
PTHR12000	3559.0	3449.98	0.0	0.0	0.0
PTHR21327	1833.0	1796.66	0.0	0.0	0.0
PTHR21631	10945.52	10763.82	43.0	14.87	29.98
PTHR22855	1839.0	1802.66	0.0	0.0	0.0
PTHR22850	7145.38	6854.76	3.0	1.45	2.93
PTHR22504	1192.0	1155.66	1.0	1.0	2.02
PTHR12189	1136.67	1100.32	0.0	0.0	0.0
PTHR21256	3742.0	3705.66	0.0	0.0	0.0
PTHR12266	9764.0	9654.98	5.0	0.81	1.64
PTHR10648	5248.0	5211.66	6.0	1.33	2.67
PTHR30178	2677.0	2604.32	12.0	6.37	12.85
PTHR10641	27119.67	26247.51	4.0	1.14	2.3
PTHR19842	1161.0	1124.66	0.0	0.0	0.0
PTHR10644	10184.0	9893.28	1.0	0.26	0.52
PTHR12864	5109.5	4964.16	0.0	0.0	0.0
PTHR12860	1379.0	1342.66	0.0	0.0	0.0
PTHR13194	3070.0	3033.66	2.0	0.76	1.53
PTHR13190	4512.0	4439.32	0.0	0.0	0.0
PTHR13193	504.0	467.66	0.0	0.0	0.0
PTHR11913	3338.5	3302.16	0.0	0.0	0.0
PTHR11911	2831.0	2794.66	2.0	0.83	1.66
PTHR11910	2759.0	2686.32	29.0	26.43	53.31
PTHR11918	7814.0	7668.64	3.0	1.29	2.6
PTHR12919	3216.9	3144.22	8.0	5.86	11.83
PTHR13271	30868.5	30032.75	14.0	7.88	15.86
PTHR12910	2842.5	2769.82	1.0	0.72	1.45
PTHR12917	1285.0	1248.66	1.0	0.93	1.87
PTHR11351	4752.0	4679.32	13.0	4.28	8.63
PTHR11353	18780.13	18271.37	41.12	21.07	42.5
PTHR11599	16063.0	15626.92	14.0	12.18	24.57
PTHR10516	30210.8	29484.0	16.0	12.5	25.24
PTHR11592	4194.0	4084.98	2.0	2.03	4.1
PTHR11659	2215.0	2178.66	1.0	0.53	1.07
PTHR13273	1629.0	1592.66	1.0	0.73	1.46
PTHR31096	1769.0	1696.32	0.0	0.0	0.0
PTHR13734	2523.5	2378.14	1.0	1.27	2.57
PTHR31620	7769.0	7659.98	15.0	5.82	11.76
PTHR23315	13964.7	13637.65	0.0	0.0	0.0
PTHR23316	3776.5	3667.48	1.0	0.75	1.5
PTHR11778	4229.0	4156.32	9.0	3.51	7.08
PTHR11777	5840.0	5658.32	1.0	0.4	0.81
PTHR11774	2806.17	2697.16	0.0	0.0	0.0
PTHR11773	5132.0	5095.66	5.0	1.13	2.28
PTHR11772	6797.33	6651.97	15.0	11.02	22.22
PTHR10357	22409.4	22046.0	6.0	2.04	4.11
PTHR10353	829.0	792.66	1.0	1.47	2.96
PTHR10350	2512.0	2366.64	0.0	0.0	0.0
PTHR10351	8149.33	7967.63	45.0	29.7	59.9
PTHR10359	3269.8	3160.8	1.0	0.49	0.99
PTHR32442	1233.0	1196.66	0.0	0.0	0.0
PTHR31750	1158.0	1121.66	0.0	0.0	0.0
PTHR14189	763.0	726.66	2.0	3.2	6.45
PTHR21021	569.0	532.66	0.0	0.0	0.0
PTHR32228	1305.0	1232.32	0.0	0.0	0.0
PTHR31245	1969.0	1932.66	1.0	0.6	1.2
PTHR23001	4121.0	4048.32	8.0	4.14	8.35
PTHR23002	1464.0	1427.66	0.0	0.0	0.0
PTHR11177	4773.83	4664.82	3.0	2.66	5.38
PTHR10445	1560.5	1524.16	0.0	0.0	0.0
PTHR11178	3255.0	3182.32	2.0	0.99	2.0
PTHR14456	1055.5	1019.16	0.0	0.0	0.0
PTHR31808	2608.0	2571.66	12.0	5.38	10.86
PTHR31803	2691.0	2654.66	4.0	1.74	3.5
PTHR11009	1020.0	983.66	0.0	0.0	0.0
PTHR30075	4293.0	4256.66	0.0	0.0	0.0
PTHR10099	5398.0	5361.66	1.0	0.21	0.43
PTHR19229	12266.2	11575.87	1.0	1.65	3.34
PTHR20961	15390.0	15135.62	3.0	1.16	2.34
PTHR11005	3708.0	3562.64	0.0	0.0	0.0
PTHR11006	9527.5	9273.13	2.0	0.52	1.05
PTHR18640	9018.5	8836.83	3.0	1.83	3.69
PTHR18866	18563.0	18344.98	9.0	3.2	6.45
PTHR15074	646.5	573.89	0.0	0.0	0.0
PTHR15588	2435.5	2362.82	0.0	0.0	0.0
PTHR12677	5290.5	5181.48	2.0	2.0	4.03
PTHR19134	3924.52	3851.84	3.0	1.15	2.32
PTHR19139	2267.5	2231.16	0.0	0.0	0.0
PTHR12459	1293.0	1256.66	0.0	0.0	0.0
PTHR12456	431.0	394.66	0.0	0.0	0.0
PTHR12452	1648.0	1611.66	0.0	0.0	0.0
PTHR19359	568.0	531.66	0.0	0.0	0.0
PTHR12072	3732.0	3586.66	0.0	0.0	0.0
PTHR13218	1141.0	1104.66	0.0	0.0	0.0
PTHR13215	2256.6	2183.92	0.0	0.0	0.0
PTHR13213	670.0	633.66	0.0	0.0	0.0
PTHR10809	2933.0	2896.66	1.0	0.4	0.8
PTHR12290	3800.0	3690.99	0.0	0.0	0.0
PTHR21530	1975.0	1902.32	0.0	0.0	0.0
PTHR12295	6599.0	6453.64	1.0	0.78	1.57
PTHR12298	7490.0	7271.96	2.0	1.34	2.71
PTHR10638	2221.0	2148.32	0.0	0.0	0.0
PTHR10634	3257.0	3220.66	9.0	3.22	6.5
PTHR10631	3127.0	2981.66	0.0	0.0	0.0
PTHR10984	6017.0	5907.98	5.0	2.45	4.93
PTHR12858	2948.67	2803.3	0.0	0.0	0.0
PTHR13505	1023.0	986.66	0.0	0.0	0.0
PTHR12850	428.0	391.66	22.0	65.87	132.87
PTHR12856	317.0	280.67	0.0	0.0	0.0
PTHR12855	964.0	927.66	0.0	0.0	0.0
PTHR12854	4481.0	4444.66	1.0	0.26	0.52
PTHR13182	2000.0	1963.66	0.0	0.0	0.0
PTHR10182	2288.0	2251.66	3.0	1.54	3.1
PTHR10585	1581.0	1544.66	0.0	0.0	0.0
PTHR10743	1208.5	1172.16	0.0	0.0	0.0
PTHR10742	16738.5	16266.1	6.0	2.04	4.1
PTHR10745	1154.0	1117.66	0.0	0.0	0.0
PTHR10744	943.0	870.32	32.0	70.12	141.44
PTHR10746	5200.0	5127.32	8.0	2.77	5.58
PTHR12924	1379.0	1342.66	3.0	2.58	5.21
PTHR11349	4668.0	4486.3	42.0	44.89	90.55
PTHR10566	29431.5	28741.05	7.0	3.22	6.51
PTHR11588	8401.76	8147.37	1272.99	963.48	1943.38
PTHR10291	972.0	935.66	0.0	0.0	0.0
PTHR11584	14810.0	14410.26	5.0	2.41	4.86
PTHR11586	5978.67	5833.3	2.0	1.37	2.76
PTHR11909	6696.0	6623.32	13.0	4.36	8.8
PTHR23429	4862.0	4789.32	5.0	2.2	4.44
PTHR24320	6884.33	6629.96	0.0	0.0	0.0
PTHR24322	11505.33	11105.59	6.0	5.75	11.61
PTHR11907	3952.0	3879.32	1.0	0.36	0.73
PTHR11760	1746.0	1673.32	37.0	54.28	109.49
PTHR11761	2052.0	1979.32	62.01	144.07	290.59
PTHR11766	1688.0	1651.66	0.0	0.0	0.0
PTHR11767	3300.0	3190.98	0.0	0.0	0.0
PTHR10361	2304.0	2231.32	0.0	0.0	0.0
PTHR10366	31798.5	31144.45	13.0	7.45	15.05
PTHR10169	6144.33	5962.63	1.0	0.59	1.18
PTHR20973	2099.0	2062.66	6.0	3.36	6.77
PTHR10165	2250.0	2177.32	0.0	0.0	0.0
PTHR31032	3545.0	3508.66	2.0	0.66	1.32
PTHR23257	250443.78	243248.82	44.0	31.57	63.65
PTHR23253	10770.0	10660.98	7.0	1.98	4.0
PTHR14190	2806.5	2697.48	0.0	0.0	0.0
PTHR14155	8545.0	8363.3	4.0	1.74	3.52
PTHR14194	5204.0	5094.98	1.0	0.55	1.11
PTHR31251	31636.9	30801.08	10.0	3.95	7.98
PTHR23074	10175.5	9775.76	55.0	29.94	60.37
PTHR23077	6920.17	6520.44	0.0	0.0	0.0
PTHR23076	32773.38	32082.93	28.0	10.59	21.37
PTHR12561	1744.0	1671.32	0.0	0.0	0.0
PTHR23073	4862.0	4752.98	2.0	1.74	3.51
PTHR10293	6285.0	6175.98	7.0	4.15	8.38
PTHR23078	5025.0	4988.66	1.0	0.23	0.47
PTHR11165	1707.0	1670.66	5.0	3.46	6.97
PTHR10772	3132.0	3059.32	1.0	0.7	1.41
PTHR32100	2696.67	2623.98	0.0	0.0	0.0
PTHR14534	1417.0	1380.66	1.0	0.84	1.69
PTHR14445	5995.0	5922.32	3.0	1.21	2.43
PTHR31811	925.0	888.66	0.0	0.0	0.0
PTHR23102	3430.0	3357.32	4.0	1.77	3.56
PTHR23105	4557.8	4339.79	13.16	43.57	87.89
PTHR11010	3194.5	3121.82	0.0	0.0	0.0
PTHR11014	5990.67	5772.7	1.0	0.77	1.56
PTHR12668	3548.0	3475.32	1.0	0.89	1.79
PTHR12661	1278.0	1205.32	0.0	0.0	0.0
PTHR12663	336.0	299.67	0.0	0.0	0.0
PTHR12664	1801.0	1764.66	2.0	1.31	2.64
PTHR16166	7072.12	6854.08	2.0	0.61	1.23
PTHR12111	4748.0	4675.32	1.0	0.66	1.34
PTHR12447	3056.0	2910.64	0.0	0.0	0.0
PTHR15481	784.0	747.66	0.0	0.0	0.0
PTHR26379	11132.0	10804.95	3.0	1.63	3.27
PTHR12599	3733.0	3660.32	2.0	1.36	2.74
PTHR12596	4938.0	4901.66	0.0	0.0	0.0
PTHR12590	1528.5	1492.16	0.0	0.0	0.0
PTHR12066	396.0	359.66	0.0	0.0	0.0
PTHR12064	4738.0	4628.98	1.0	0.87	1.75
PTHR13226	4390.0	4280.98	0.0	0.0	0.0
PTHR13889	4583.0	4401.3	3.0	1.55	3.12
PTHR13887	3999.5	3890.49	1.0	0.38	0.76
PTHR21181	1105.0	1068.66	1.0	1.08	2.19
PTHR12413	482.0	445.66	0.0	0.0	0.0
PTHR13948	469.0	432.66	0.0	0.0	0.0
PTHR12146	939.0	902.66	25.01	32.14	64.82
PTHR11453	822.0	749.33	0.0	0.0	0.0
PTHR19306	8492.0	8346.64	1.0	0.3	0.61
PTHR21506	1601.0	1564.66	0.0	0.0	0.0
PTHR12280	4766.0	4584.3	0.0	0.0	0.0
PTHR12281	5188.0	5115.32	4.0	1.92	3.87
PTHR12286	2278.0	2241.66	0.0	0.0	0.0
PTHR12415	738.12	701.81	0.0	0.0	0.0
PTHR30573	2486.0	2449.66	0.0	0.0	0.0
PTHR22983	6859.0	6749.98	1.0	0.24	0.48
PTHR22981	16860.0	16714.64	7.0	1.79	3.61
PTHR11024	3096.0	3023.32	2.0	1.54	3.1
PTHR13082	834.0	797.66	0.0	0.0	0.0
PTHR10629	9105.5	8778.46	2.0	3.04	6.14
PTHR10994	23434.51	22998.43	5.0	3.1	6.24
PTHR10996	11747.88	11529.84	2.0	1.37	2.77
PTHR10625	23243.66	22480.52	6.0	5.23	10.56
PTHR10992	27094.59	26040.71	2.0	1.8	3.63
PTHR10993	4596.0	4486.99	1.0	0.57	1.15
PTHR12848	3620.0	3547.32	2.0	2.37	4.77
PTHR12849	1496.0	1423.32	0.0	0.0	0.0
PTHR21712	4262.0	4225.66	1.0	0.27	0.55
PTHR12847	4075.0	3965.98	0.0	0.0	0.0
PTHR21290	2153.0	2116.66	0.0	0.0	0.0
PTHR21349	2868.0	2795.32	3.0	2.0	4.04
PTHR21347	1882.0	1845.66	0.0	0.0	0.0
PTHR19861	393.0	356.66	0.0	0.0	0.0
PTHR21343	537.0	500.66	0.0	0.0	0.0
PTHR10196	4579.75	4398.05	0.0	0.0	0.0
PTHR10192	4300.0	4227.32	0.0	0.0	0.0
PTHR10751	3757.67	3648.64	1.0	0.68	1.36
PTHR16301	1784.0	1674.98	0.0	0.0	0.0
PTHR10755	1910.0	1873.66	1.0	0.62	1.24
PTHR10758	1466.0	1429.66	0.0	0.0	0.0
PTHR13152	1170.0	1097.32	0.0	0.0	0.0
PTHR12932	8438.0	8292.64	19.0	10.41	20.99
PTHR12934	2402.0	2329.32	2.0	2.27	4.57
PTHR13265	2428.0	2355.32	2.0	1.97	3.98
PTHR11800	3587.0	3514.32	1.0	0.47	0.96
PTHR11802	3636.0	3490.64	1.0	1.16	2.35
PTHR11804	6717.67	6463.28	1.0	0.35	0.71
PTHR11807	2421.5	2348.82	0.0	0.0	0.0
PTHR11374	4559.0	4449.98	1.0	0.42	0.85
PTHR11808	8945.0	8835.98	1.0	0.38	0.76
PTHR10283	19418.29	19091.23	5.0	3.09	6.25
PTHR10285	6418.0	6236.3	1.0	0.8	1.61
PTHR10286	1481.0	1444.66	0.0	0.0	0.0
PTHR11579	3017.5	2908.48	0.0	0.0	0.0
PTHR13718	6973.0	6827.65	33.0	38.07	76.79
PTHR13711	12744.0	12489.62	13.0	8.09	16.3
PTHR13710	5772.83	5554.79	0.0	0.0	0.0
PTHR11977	2419.0	2346.32	0.0	0.0	0.0
PTHR11972	4441.6	4332.58	0.0	0.0	0.0
PTHR31480	1318.0	1281.66	0.0	0.0	0.0
PTHR31485	2357.0	2320.66	0.0	0.0	0.0
PTHR11715	1682.0	1645.66	6.0	4.21	8.5
PTHR11717	1233.0	1196.66	0.0	0.0	0.0
PTHR11711	14016.33	13689.27	12.0	8.87	17.9
PTHR11712	5702.0	5520.3	3.0	1.59	3.21
PTHR10374	4698.5	4589.49	11.0	4.77	9.61
PTHR10178	39748.17	39021.42	70.0	21.26	42.87
PTHR11482	4192.0	4119.32	4.0	1.49	3.01
PTHR10173	5772.5	5627.14	0.0	0.0	0.0
PTHR10177	19384.14	19020.8	19.0	6.84	13.77
PTHR10174	12906.0	12651.62	11.0	6.81	13.73
PTHR23249	2533.33	2460.65	0.0	0.0	0.0
PTHR23244	26168.83	25369.37	4.0	2.88	5.81
PTHR23245	4956.0	4810.65	1.0	0.62	1.25
PTHR23240	3941.0	3868.32	1.0	0.37	0.75
PTHR14614	4480.5	4298.81	0.0	0.0	0.0
PTHR31268	2824.0	2714.98	2.0	4.17	8.42
PTHR31262	3735.25	3589.89	59769.25	108332.88	218511.88
PTHR23063	12986.0	12767.96	2.0	1.0	2.03
PTHR11620	579.0	542.66	24.0	51.59	104.07
PTHR11624	10528.0	10382.64	19.0	6.9	13.92
PTHR11627	4429.0	4319.98	48.0	34.83	70.25
PTHR11390	5448.5	5266.8	0.0	0.0	0.0
PTHR31319	5075.0	5002.32	14.0	6.01	12.13
PTHR14052	1147.0	1110.66	0.0	0.0	0.0
PTHR32118	2737.0	2700.66	0.0	0.0	0.0
PTHR23117	6523.0	6413.98	1.0	0.23	0.46
PTHR23115	50704.5	49686.99	90.0	43.36	87.45
PTHR11028	1789.0	1752.66	0.0	0.0	0.0
PTHR14140	1803.0	1730.32	0.0	0.0	0.0
PTHR12616	2477.14	2368.15	0.0	0.0	0.0
PTHR12613	2093.0	2056.66	1.0	0.56	1.13
PTHR12612	1084.0	1047.66	3.0	3.32	6.69
PTHR32060	3200.67	3091.64	0.0	0.0	0.0
PTHR12124	2941.0	2722.96	0.0	0.0	0.0
PTHR22734	871.0	834.66	0.0	0.0	0.0
PTHR12121	11559.0	11231.96	1.0	0.54	1.1
PTHR12438	6650.0	6540.98	2.0	0.49	0.98
PTHR15492	631.0	594.66	0.0	0.0	0.0
PTHR21426	1014.0	941.33	1.0	4.19	8.46
PTHR21427	926.0	889.66	5.0	6.52	13.15
PTHR13161	1246.0	1209.66	0.0	0.0	0.0
PTHR19372	1379.5	1343.16	0.0	0.0	0.0
PTHR19370	8740.5	8522.46	4.0	3.63	7.33
PTHR19375	21999.5	21381.72	179.28	55.23	111.4
PTHR12725	5417.0	5307.98	2.0	0.74	1.5
PTHR13890	7949.5	7622.44	2.0	0.97	1.96
PTHR22884	21272.5	20909.1	4.0	2.45	4.95
PTHR12542	5227.5	5154.82	0.0	0.0	0.0
PTHR12547	1088.0	1015.32	0.0	0.0	0.0
PTHR12436	5463.0	5390.32	5.0	4.4	8.87
PTHR10114	432.0	395.66	32.0	94.83	191.28
PTHR21512	1355.0	1245.99	0.0	0.0	0.0
PTHR30508	1566.5	1530.16	0.0	0.0	0.0
PTHR30502	774.0	737.66	0.0	0.0	0.0
PTHR10961	1136.0	1063.32	0.0	0.0	0.0
PTHR10617	7469.0	7359.98	12.0	5.46	11.01
PTHR10615	8498.0	8352.64	3.0	0.86	1.74
PTHR13527	965.0	928.66	0.0	0.0	0.0
PTHR22958	2775.0	2738.66	13.0	5.47	11.04
PTHR22951	3836.0	3763.32	1.0	1.11	2.24
PTHR22950	6723.0	6504.97	0.0	0.0	0.0
PTHR22953	4203.74	4131.06	6.0	4.46	8.99
PTHR22952	5541.5	5396.14	1.0	0.42	0.85
PTHR22957	19811.0	19338.59	5.0	2.77	5.59
PTHR21600	3568.5	3495.82	0.0	0.0	0.0
PTHR24056	18713.67	18132.25	4.0	2.6	5.24
PTHR24054	3020.0	2983.66	1.0	0.39	0.78
PTHR24055	33669.63	33160.88	11.81	4.9	9.9
PTHR24058	14531.0	14312.96	9.0	2.68	5.41
PTHR10766	7447.0	7337.98	11.0	5.08	10.25
PTHR10762	758.0	721.66	0.0	0.0	0.0
PTHR12945	1381.0	1308.32	0.0	0.0	0.0
PTHR12944	1211.0	1174.66	1.0	0.99	1.99
PTHR24128	13090.0	12835.62	7.0	3.57	7.2
PTHR13096	945.0	908.66	0.0	0.0	0.0
PTHR11364	1895.5	1822.82	2.0	2.57	5.18
PTHR11365	2430.33	2357.65	0.0	0.0	0.0
PTHR10548	3311.5	3202.49	3.0	2.41	4.87
PTHR11361	9330.33	8857.93	1.0	3.98	8.02
PTHR11814	8207.0	8097.98	5.0	1.75	3.52
PTHR10543	4710.67	4528.96	0.0	0.0	0.0
PTHR10540	3404.0	3294.98	1.0	1.0	2.02
PTHR12965	1882.0	1809.32	0.0	0.0	0.0
PTHR10544	926.0	853.32	65.0	144.32	291.1
PTHR11562	4132.0	4022.98	1.0	0.78	1.57
PTHR11566	8554.5	8336.46	2.0	1.74	3.5
PTHR11567	5033.0	4887.64	2.0	2.53	5.1
PTHR11564	7734.67	7589.3	2.0	0.99	2.0
PTHR11962	2449.0	2339.99	0.0	0.0	0.0
PTHR11963	4108.0	4035.32	0.0	0.0	0.0
PTHR24315	968.5	932.16	0.0	0.0	0.0
PTHR19376	13710.5	13528.8	5.0	1.7	3.43
PTHR10381	14569.5	14315.12	12.0	5.91	11.9
PTHR10383	1895.0	1858.66	3.0	1.86	3.76
PTHR11705	3371.0	3298.32	1.0	0.57	1.15
PTHR11702	7675.5	7421.28	2.0	1.56	3.15
PTHR11700	1222.5	1149.82	30.0	73.56	148.38
PTHR10388	1275.0	1238.66	8.0	7.47	15.08
PTHR11934	1406.0	1369.66	7.0	5.91	11.92
PTHR10145	4376.67	4304.02	0.0	0.0	0.0
PTHR23273	4979.0	4833.64	0.0	0.0	0.0
PTHR23163	2911.0	2874.66	1.0	0.4	0.81
PTHR23050	26019.71	25401.93	33.0	20.02	40.38
PTHR23056	3350.0	3313.66	0.0	0.0	0.0
PTHR23054	949.67	876.99	0.0	0.0	0.0
PTHR11638	16404.58	16077.53	27.0	12.74	25.7
PTHR11632	5598.0	5488.98	6.0	2.04	4.12
PTHR23293	4910.0	4764.64	8.0	3.87	7.8
PTHR11140	8052.0	8015.66	42.99	6.17	12.45
PTHR11141	6405.0	6332.32	0.0	0.0	0.0
PTHR11142	5645.0	5317.96	1.0	3.47	7.0
PTHR11380	1647.0	1610.66	0.0	0.0	0.0
PTHR11384	5935.0	5825.98	2.0	1.13	2.27
PTHR32477	3919.0	3809.98	0.0	0.0	0.0
PTHR14043	3297.0	3115.3	0.0	0.0	0.0
PTHR32472	1190.17	1153.83	0.0	0.0	0.0
PTHR31658	1720.0	1610.98	2.0	6.07	12.25
PTHR14269	9067.5	8885.8	4.0	1.01	2.04
PTHR22883	11454.78	11200.4	8.0	4.32	8.72
PTHR23125	37552.04	36389.24	1.0	0.44	0.89
PTHR12050	2205.0	2168.66	0.0	0.0	0.0
PTHR11035	959.0	922.66	1.0	1.26	2.54
PTHR22880	15459.84	15132.79	12.0	5.85	11.8
PTHR14136	4137.0	3991.64	1.0	2.14	4.31
PTHR23338	3373.0	3300.32	1.0	0.57	1.15
PTHR12608	2773.5	2700.85	1.0	0.71	1.42
PTHR12604	2753.0	2607.64	1.0	2.6	5.24
PTHR12603	3288.0	3251.66	6.0	2.13	4.29
PTHR32091	1284.0	1247.66	1.0	0.93	1.87
PTHR19853	1885.0	1812.32	0.0	0.0	0.0
PTHR32098	2546.0	2473.32	0.0	0.0	0.0
PTHR18763	2244.5	2208.16	0.0	0.0	0.0
PTHR22726	819.0	782.67	0.0	0.0	0.0
PTHR22727	2522.0	2485.66	3.0	1.39	2.81
PTHR12428	5584.0	5438.64	2.0	1.94	3.92
PTHR18968	6737.0	6555.31	18.0	7.19	14.5
PTHR12730	1723.0	1650.32	2.0	1.93	3.9
PTHR12736	1627.0	1590.66	0.0	0.0	0.0
PTHR12735	2874.5	2801.82	2.0	1.07	2.15
PTHR15020	5640.0	5494.64	2.0	0.73	1.47
PTHR12049	3658.0	3512.64	1.0	0.81	1.64
PTHR12558	4500.0	4318.3	1.0	1.04	2.1
PTHR12553	5100.67	4882.63	0.0	0.0	0.0
PTHR24072	990.0	953.66	0.0	0.0	0.0
PTHR24073	12737.5	12410.49	2.0	3.17	6.39
PTHR21569	2697.0	2624.32	42.0	37.77	76.18
PTHR10491	849.0	812.66	0.0	0.0	0.0
PTHR21567	6962.0	6852.98	2.0	0.83	1.67
PTHR13950	786.0	749.66	0.0	0.0	0.0
PTHR12133	1559.0	1522.66	0.0	0.0	0.0
PTHR10972	1703.0	1666.66	1.0	0.69	1.4
PTHR21704	4392.0	4173.96	0.0	0.0	0.0
PTHR10606	4592.0	4482.98	1.0	0.56	1.12
PTHR10971	5454.0	5308.64	3.0	1.78	3.57
PTHR22942	7055.33	6873.63	4.0	2.55	5.13
PTHR13395	1755.0	1718.66	0.0	0.0	0.0
PTHR22891	4554.71	4409.36	0.0	0.0	0.0
PTHR21368	3439.0	3366.32	2.0	1.37	2.78
PTHR10778	6672.5	6563.48	1.0	0.62	1.24
PTHR24064	9646.4	9428.36	6.0	2.87	5.78
PTHR24063	5962.5	5780.81	5.0	4.28	8.64
PTHR21011	1755.0	1718.66	1.0	0.67	1.36
PTHR25040	12382.0	12127.62	9.0	4.76	9.58
PTHR10774	36842.0	36006.2	9.0	8.65	17.42
PTHR24068	3728.0	3655.32	16.0	10.69	21.55
PTHR12959	2390.0	2353.66	1.0	0.49	0.99
PTHR24115	58387.71	56607.09	30.0	19.52	39.35
PTHR11825	5541.0	5468.32	0.0	0.0	0.0
PTHR11822	2594.0	2557.66	13.0	5.86	11.82
PTHR10555	10076.0	9930.64	6.0	1.93	3.9
PTHR10806	1066.0	1029.66	0.0	0.0	0.0
PTHR10804	13246.01	12991.63	9.0	4.3	8.67
PTHR11556	6293.0	6183.98	12.0	8.32	16.79
PTHR11558	3036.0	2963.32	0.0	0.0	0.0
PTHR13773	2258.0	2221.66	8.0	4.16	8.38
PTHR20275	5134.0	4988.69	0.0	0.0	0.0
PTHR11953	2620.0	2547.32	2.0	2.01	4.06
PTHR11952	4443.33	4334.34	0.0	0.0	0.0
PTHR11956	2090.0	2017.32	0.0	0.0	0.0
PTHR11959	2576.0	2539.66	1.0	0.45	0.92
PTHR11739	3971.0	3898.32	1.0	0.63	1.27
PTHR11732	23110.14	22456.04	2.0	1.31	2.65
PTHR11731	7183.7	6929.32	0.0	0.0	0.0
PTHR11730	12998.67	12744.28	4.0	1.52	3.07
PTHR11735	2375.0	2229.65	0.0	0.0	0.0
PTHR10394	731.0	694.66	80.0	133.94	270.16
PTHR20941	2719.0	2646.32	2.0	1.09	2.19
PTHR10150	2280.0	2207.32	0.0	0.0	0.0
PTHR31065	4361.0	4251.98	3.0	2.37	4.79
PTHR10159	9446.0	9155.29	3.0	1.15	2.32
PTHR31066	1881.0	1808.32	0.0	0.0	0.0
PTHR13604	649.0	612.66	0.0	0.0	0.0
PTHR23264	1340.0	1303.66	1.0	0.89	1.79
PTHR23269	1756.0	1719.66	0.0	0.0	0.0
PTHR31204	1427.0	1390.66	0.0	0.0	0.0
PTHR31201	2560.5	2524.16	0.0	0.0	0.0
PTHR31209	1911.0	1838.32	0.0	0.0	0.0
PTHR11607	2050.67	1978.03	0.0	0.0	0.0
PTHR11606	4926.0	4853.32	9.0	4.25	8.57
PTHR11601	4626.0	4444.3	0.0	0.0	0.0
PTHR32467	5612.0	5357.63	0.0	0.0	0.0
PTHR14255	1160.0	1087.32	0.0	0.0	0.0
PTHR31840	2722.0	2685.66	3.0	1.29	2.6
PTHR23130	4367.5	4294.82	1.0	0.58	1.16
PTHR23133	1005.0	968.66	1.0	1.2	2.41
PTHR23135	4134.0	4097.66	2.0	0.56	1.13
PTHR23138	4295.0	4258.66	5.0	1.35	2.73
PTHR23139	14469.5	14142.45	4.0	1.71	3.44
PTHR31682	564.45	528.12	2.0	4.42	8.91
PTHR11040	4424.6	4315.62	0.0	0.0	0.0
PTHR11043	3127.5	3054.82	2.0	1.16	2.34
PTHR11042	4285.94	4104.24	0.0	0.0	0.0
PTHR11048	5439.83	5330.81	0.0	0.0	0.0
PTHR15818	1126.0	1053.33	0.0	0.0	0.0
PTHR12636	2737.0	2700.66	1.0	0.43	0.86
PTHR12126	2987.0	2914.32	1.0	0.72	1.45
PTHR14490	2950.5	2877.82	1.0	0.67	1.34
PTHR14493	13658.0	13476.3	27.0	7.75	15.65
PTHR15651	1284.5	1211.82	0.0	0.0	0.0
PTHR12380	3650.5	3541.48	2.0	1.2	2.42
PTHR12385	5648.0	5538.98	9.0	4.24	8.54
PTHR12706	6920.0	6592.94	0.0	0.0	0.0
PTHR12709	1369.0	1332.66	0.0	0.0	0.0
PTHR19957	7095.44	6913.73	7.0	3.3	6.65
PTHR30239	1621.0	1584.66	0.0	0.0	0.0
PTHR12560	8005.5	7787.48	0.0	0.0	0.0
PTHR11203	9847.5	9665.8	0.0	0.0	0.0
PTHR12770	6459.0	6204.76	2.0	4.17	8.41
PTHR12097	4303.0	4230.32	8.01	3.6	7.27
PTHR11752	15594.79	15086.13	3.0	1.28	2.57
PTHR21576	2565.0	2419.65	0.0	0.0	0.0
PTHR24423	11387.88	11024.48	1.0	0.39	0.78
PTHR10046	3624.0	3514.98	2.0	2.2	4.45
PTHR12419	5003.29	4857.94	0.0	0.0	0.0
PTHR30525	2789.0	2752.66	1.0	0.42	0.84
PTHR12412	3706.5	3597.48	1.0	1.65	3.33
PTHR12411	22080.01	21571.26	39.0	13.64	27.51
PTHR24420	22585.51	21967.73	5.0	1.97	3.96
PTHR10947	2225.0	2188.66	0.0	0.0	0.0
PTHR21717	1984.0	1947.66	2.0	1.19	2.39
PTHR10943	9948.0	9875.32	4.0	0.88	1.77
PTHR12897	1012.0	939.32	0.0	0.0	0.0
PTHR12894	4332.0	4222.99	3.0	1.11	2.25
PTHR12891	339.0	302.67	0.0	0.0	0.0
PTHR22976	4648.0	4502.64	1.0	1.0	2.02
PTHR22975	4363.0	4253.98	0.0	0.0	0.0
PTHR22970	843.0	806.66	0.0	0.0	0.0
PTHR20922	5016.17	4907.15	5.0	3.04	6.13
PTHR21377	1829.0	1756.32	0.0	0.0	0.0
PTHR21371	2616.0	2579.66	9.0	4.02	8.12
PTHR21373	2484.5	2339.14	0.0	0.0	0.0
PTHR22573	9525.5	9343.8	3.0	1.23	2.48
PTHR22572	15979.0	15651.94	11.0	4.77	9.64
PTHR30566	4672.5	4599.82	0.0	0.0	0.0
PTHR21000	2589.0	2552.66	0.0	0.0	0.0
PTHR10701	1849.0	1812.66	6.0	3.82	7.71
PTHR30031	3591.37	3518.69	43045.54	61479.17	124006.01
PTHR13162	9193.0	9083.98	1.0	0.27	0.54
PTHR13165	3225.0	3188.66	3.0	1.08	2.19
PTHR21396	738.0	701.66	1.0	1.66	3.34
PTHR13069	3557.0	3375.33	0.0	0.0	0.0
PTHR13068	829.0	792.66	1.0	1.47	2.96
PTHR24106	18282.67	17664.9	2.0	1.16	2.36
PTHR24103	3028.0	2918.99	0.0	0.0	0.0
PTHR11540	2431.0	2394.66	6.0	2.89	5.83
PTHR10836	7089.0	6870.96	76.0	50.05	100.94
PTHR10835	1824.5	1788.16	0.0	0.0	0.0
PTHR11545	2364.0	2254.98	19.0	33.68	67.93
PTHR10012	1986.0	1949.66	1.0	0.59	1.19
PTHR13768	1175.0	1138.66	0.0	0.0	0.0
PTHR24078	10887.5	10451.42	0.0	0.0	0.0
PTHR11946	19233.17	18942.45	0.0	0.0	0.0
PTHR11947	2793.0	2720.32	2.0	1.07	2.16
PTHR11941	6424.5	6279.14	2.0	1.33	2.68
PTHR10497	567.0	530.66	32.0	70.37	141.94
PTHR10496	528.0	491.66	30.0	71.29	143.79
PTHR24076	15676.0	15203.58	9.0	6.75	13.6
PTHR24077	28384.0	27693.54	22.0	14.07	28.36
PTHR11728	8029.0	7919.98	4.0	1.79	3.61
PTHR11726	2805.0	2732.32	55.0	26.22	52.89
PTHR11727	1552.0	1515.66	0.0	0.0	0.0
PTHR11721	323.0	286.67	0.0	0.0	0.0
PTHR11722	776.0	739.66	42.0	65.99	133.11
PTHR10120	3174.5	3101.82	2.0	1.23	2.48
PTHR10122	1333.0	1296.66	4.0	3.57	7.2
PTHR11451	8699.5	8481.46	0.0	0.0	0.0
PTHR11831	3496.0	3386.98	47.18	79.54	160.42
PTHR11835	6271.0	6161.98	5.0	3.17	6.41
PTHR11614	10609.0	10390.96	9.0	6.82	13.73
PTHR11615	4829.5	4720.5	7.0	3.3	6.66
PTHR11618	2301.0	2264.66	0.0	0.0	0.0
PTHR32419	3580.0	3507.33	2.0	0.94	1.89
PTHR10231	1432.0	1395.66	1.0	0.83	1.67
PTHR10233	4623.5	4478.14	0.0	0.0	0.0
PTHR31503	5717.83	5572.51	1.0	0.61	1.24
PTHR23147	2332.0	2259.32	7.0	6.15	12.4
PTHR23140	2273.0	2200.32	1.0	0.66	1.34
PTHR23142	2961.5	2888.82	2.0	2.69	5.43
PTHR23149	7809.0	7736.32	1.0	0.17	0.34
PTHR23148	1887.0	1850.66	1.0	0.62	1.26
PTHR11817	4751.33	4678.64	4.0	3.77	7.6
PTHR11056	4765.0	4728.66	8.0	1.95	3.93
PTHR11055	6318.0	6208.98	8.0	3.19	6.44
PTHR11363	1441.0	1404.66	139.41	114.76	231.48
PTHR32523	7581.0	7435.64	0.0	0.0	0.0
PTHR31695	1970.25	1933.91	0.0	0.0	0.0
PTHR11819	4456.86	4311.5	3.0	6.02	12.14
PTHR22765	3146.67	3110.32	0.0	0.0	0.0
PTHR12629	1696.0	1659.66	0.0	0.0	0.0
PTHR18945	3768.5	3659.48	1.0	0.81	1.64
PTHR26402	18385.0	18021.6	5.0	2.48	5.02
PTHR19384	7721.5	7503.46	2.0	1.24	2.5
PTHR12714	5758.17	5649.14	1.0	0.82	1.65
PTHR32251	3920.5	3847.82	3.0	1.66	3.36
PTHR12570	6249.0	6103.64	6.0	6.02	12.15
PTHR21494	937.5	864.82	0.0	0.0	0.0
PTHR21145	1248.5	1212.16	0.0	0.0	0.0
PTHR21496	3395.67	3286.66	4.0	4.67	9.41
PTHR21493	23272.95	22618.83	5.0	2.09	4.22
PTHR21499	4126.0	4053.32	2.0	0.75	1.51
PTHR21148	1449.0	1376.32	0.0	0.0	0.0
PTHR12083	2058.5	1985.86	2.0	1.45	2.93
PTHR13355	2697.0	2624.32	0.0	0.0	0.0
PTHR30535	685.0	648.66	0.0	0.0	0.0
PTHR19852	2499.0	2462.66	0.0	0.0	0.0
PTHR12406	11938.0	11719.96	5.0	2.16	4.37
PTHR16128	2311.83	2202.81	0.0	0.0	0.0
PTHR12400	3052.0	3015.66	2.0	0.76	1.54
PTHR12403	2728.0	2655.32	4.0	4.37	8.81
PTHR13572	1398.9	1362.56	4.0	3.4	6.85
PTHR30314	4067.0	3994.32	1.0	0.54	1.09
PTHR12882	1887.0	1850.66	2.0	1.25	2.52
PTHR12883	1540.0	1503.66	0.0	0.0	0.0
PTHR16255	4067.0	3885.3	0.0	0.0	0.0
PTHR16254	6561.0	6415.64	1.0	0.66	1.33
PTHR22960	1799.0	1726.32	0.0	0.0	0.0
PTHR13373	1275.0	1202.32	0.0	0.0	0.0
PTHR22967	2962.4	2853.38	0.0	0.0	0.0
PTHR19858	1175.0	1138.66	0.0	0.0	0.0
PTHR30222	1348.0	1311.66	0.0	0.0	0.0
PTHR13115	1733.0	1696.66	0.0	0.0	0.0
PTHR13117	538.0	501.66	0.0	0.0	0.0
PTHR12975	3896.0	3714.3	0.0	0.0	0.0
PTHR13285	1571.33	1498.65	0.0	0.0	0.0
PTHR13288	2357.67	2284.99	0.0	0.0	0.0
PTHR10953	16272.0	15872.26	6.0	2.09	4.21
PTHR10954	533.0	496.66	0.0	0.0	0.0
PTHR21726	1892.0	1855.66	2.0	1.24	2.51
PTHR10956	900.0	827.32	30.99	84.03	169.48
PTHR11538	2368.0	2331.66	0.0	0.0	0.0
PTHR10826	2397.0	2360.66	4.0	1.95	3.94
PTHR11533	6390.5	6136.12	0.0	0.0	0.0
PTHR11532	939.0	866.32	0.0	0.0	0.0
PTHR10000	1999.0	1926.32	0.0	0.0	0.0
PTHR13021	1310.45	1274.11	3.0	2.72	5.5
PTHR11706	1814.17	1741.53	0.0	0.0	0.0
PTHR24007	5388.0	5278.98	2.0	0.65	1.31
PTHR24003	24644.0	23953.59	6.0	2.2	4.44
PTHR31446	2016.67	1943.98	0.0	0.0	0.0
PTHR31442	1879.0	1842.66	0.0	0.0	0.0
PTHR11441	1002.0	965.66	0.0	0.0	0.0
PTHR11440	2789.0	2643.64	0.0	0.0	0.0
PTHR11999	9089.03	8980.01	11.0	3.9	7.86
PTHR11449	508.77	472.42	48.0	118.78	239.58
PTHR11994	980.0	907.33	41.0	74.97	151.22
PTHR10137	2422.0	2385.66	2.0	0.97	1.95
PTHR10133	3773.0	3554.96	0.0	0.0	0.0
PTHR13620	4075.0	3893.32	2.0	1.83	3.71
PTHR11847	390.0	353.66	0.0	0.0	0.0
PTHR11843	699.0	662.66	46.0	80.78	162.93
PTHR11661	5381.0	5271.98	33.78	59.77	120.55
PTHR11662	24765.5	24220.41	6.0	2.61	5.25
PTHR11669	6845.5	6700.14	5.0	2.08	4.21
PTHR11668	14868.5	14614.12	4.0	1.99	4.0
PTHR20856	7320.0	7029.28	0.0	0.0	0.0
PTHR20854	7045.83	6791.45	0.0	0.0	0.0
PTHR20855	3318.0	3245.32	0.0	0.0	0.0
PTHR20852	6638.47	6384.09	38987.66	97177.11	196010.25
PTHR32404	4499.0	4389.98	3.0	1.24	2.5
PTHR20858	1733.0	1587.65	0.0	0.0	0.0
PTHR30603	5894.0	5821.32	2.0	0.72	1.44
PTHR11709	3508.0	3471.66	3.0	1.0	2.01
PTHR14237	4944.17	4762.47	0.0	0.0	0.0
PTHR10738	1197.0	1124.32	0.0	0.0	0.0
PTHR11143	1041.0	1004.66	34.0	39.22	79.11
PTHR23155	20682.11	19955.32	9.0	8.19	16.51
PTHR23153	6362.0	6143.96	1.0	0.52	1.06
PTHR23151	10803.22	10548.85	6.0	5.11	10.3
PTHR11063	5768.0	5658.98	1.0	0.6	1.22
PTHR11062	42902.0	42029.86	29.0	11.53	23.24
PTHR11061	8020.83	7766.45	1.0	2.04	4.11
PTHR11065	5525.0	5452.32	7.0	4.75	9.59
PTHR11064	2836.0	2726.98	0.0	0.0	0.0
PTHR11260	11665.36	11411.04	4.0	1.71	3.44
PTHR11264	735.0	698.66	0.0	0.0	0.0
PTHR11266	15189.5	14935.12	6.0	4.04	8.16
PTHR31998	3479.0	3442.66	8.0	2.68	5.4
PTHR31221	2766.0	2729.66	0.0	0.0	0.0
PTHR15838	1064.0	991.32	1.0	2.45	4.94
PTHR32338	2168.0	2131.66	1.0	0.54	1.09
PTHR23270	4563.86	4273.16	0.0	0.0	0.0
PTHR31155	4289.0	4216.32	5.0	2.66	5.36
PTHR12363	3558.0	3339.96	0.0	0.0	0.0
PTHR18952	4702.0	4592.98	3.0	2.24	4.53
PTHR12765	1915.0	1805.98	1.0	1.8	3.64
PTHR12505	2087.0	2014.32	4.0	3.8	7.67
PTHR22603	3438.0	3328.98	3.0	3.26	6.57
PTHR22604	1713.0	1640.32	0.0	0.0	0.0
PTHR21481	2325.6	2252.93	1.0	0.93	1.87
PTHR22778	4856.0	4674.3	0.0	0.0	0.0
PTHR12169	2715.0	2533.32	0.0	0.0	0.0
PTHR19446	11510.47	11147.12	14.0	18.07	36.45
PTHR12219	769.5	733.16	0.0	0.0	0.0
PTHR13561	3946.6	3873.92	0.0	0.0	0.0
PTHR13563	1376.0	1303.32	0.0	0.0	0.0
PTHR12210	15225.0	14970.66	4.0	1.85	3.74
PTHR12215	1805.5	1732.82	0.0	0.0	0.0
PTHR12214	793.0	756.66	0.0	0.0	0.0
PTHR22915	12318.6	11991.54	2.0	1.83	3.69
PTHR22911	2481.0	2371.98	0.0	0.0	0.0
PTHR22912	15077.0	14822.62	8.0	3.4	6.86
PTHR12497	2124.0	2051.33	0.0	0.0	0.0
PTHR12183	4806.0	4696.99	0.0	0.0	0.0
PTHR19849	2553.5	2480.82	0.0	0.0	0.0
PTHR31783	654.0	617.66	0.0	0.0	0.0
PTHR22594	8457.5	8312.14	2.0	1.61	3.26
PTHR21152	5916.0	5843.32	14.0	5.97	12.04
PTHR23291	833.0	796.66	4.0	5.83	11.76
PTHR13102	1440.0	1403.66	0.0	0.0	0.0
PTHR12984	3650.0	3504.67	0.0	0.0	0.0
PTHR12001	3768.0	3695.32	2.0	1.26	2.53
PTHR11630	15516.0	15116.26	3.0	2.39	4.82
PTHR12302	3984.0	3911.32	5.0	2.74	5.53
PTHR13299	1847.0	1810.66	1.0	0.64	1.29
PTHR12652	2053.0	2016.66	0.0	0.0	0.0
PTHR10925	2509.0	2363.65	0.0	0.0	0.0
PTHR21737	1815.5	1706.48	0.0	0.0	0.0
PTHR10920	5198.0	5016.3	1.0	1.24	2.51
PTHR10855	933.0	896.67	0.0	0.0	0.0
PTHR10584	20530.59	20058.17	8.0	4.6	9.27
PTHR11528	9338.5	9156.8	154.0	62.85	126.76
PTHR11527	3395.31	3286.29	40.0	32.44	65.44
PTHR11525	2728.0	2691.66	2.0	0.86	1.73
PTHR10859	3539.4	3466.72	0.0	0.0	0.0
PTHR10589	1752.0	1715.66	1.0	0.67	1.36
PTHR10588	25092.0	24437.95	6.0	3.1	6.23
PTHR13038	1606.0	1533.32	0.0	0.0	0.0
PTHR13748	10406.0	10187.96	5.0	2.98	6.01
PTHR13743	1858.0	1785.32	0.0	0.0	0.0
PTHR24015	21201.5	20765.42	6.0	2.51	5.06
PTHR24012	24251.65	23670.23	66.0	44.71	90.18
PTHR24011	32229.84	31575.72	45.0	27.02	54.5
PTHR31187	2906.0	2869.66	10.0	4.02	8.1
PTHR10459	771.0	698.34	0.0	0.0	0.0
PTHR10458	1360.0	1323.66	0.0	0.0	0.0
PTHR10108	43133.71	42188.87	16.0	5.98	12.03
PTHR11986	11985.0	11621.6	1.0	0.49	0.99
PTHR11455	6699.0	6444.64	1.0	0.87	1.75
PTHR10102	979.0	906.32	1.0	2.11	4.26
PTHR11458	1230.0	1193.66	0.0	0.0	0.0
PTHR10106	913.0	876.66	0.0	0.0	0.0
PTHR31057	1390.0	1317.32	1.0	1.15	2.32
PTHR21141	4229.08	4047.39	96.0	180.51	364.09
PTHR11851	25408.5	24681.7	9.0	5.79	11.68
PTHR23092	4191.25	4045.89	0.0	0.0	0.0
PTHR23091	15333.5	14933.79	0.0	0.0	0.0
PTHR11673	1190.0	1153.66	30.0	30.11	60.73
PTHR11670	9110.0	9000.98	25.0	9.17	18.5
PTHR11671	1252.5	1216.16	0.0	0.0	0.0
PTHR20863	4517.0	4407.98	12.0	10.0	20.18
PTHR20861	4371.0	4298.32	1.0	0.6	1.2
PTHR11679	9156.5	9011.14	1.0	0.55	1.11
PTHR14009	4018.0	3908.98	3.0	2.63	5.31
PTHR10217	23712.67	22985.88	3.0	2.25	4.55
PTHR14005	3923.0	3886.66	2.0	0.59	1.2
PTHR10210	1634.5	1598.16	0.0	0.0	0.0
PTHR31522	1739.0	1702.66	2.0	1.36	2.74
PTHR14221	2212.0	2139.32	0.0	0.0	0.0
PTHR11079	4250.5	4068.8	0.0	0.0	0.0
PTHR11076	6792.84	6393.18	4.0	4.15	8.37
PTHR11070	2208.0	2098.99	1.0	1.02	2.05
PTHR11071	26959.16	26050.68	5.0	3.0	6.05
PTHR11278	1788.0	1679.0	37.0	57.38	115.73
PTHR11276	778.0	741.66	0.0	0.0	0.0
PTHR11274	2287.0	2214.32	0.0	0.0	0.0
PTHR31984	4906.43	4797.41	1.0	0.57	1.16
PTHR15350	2829.0	2756.32	2.0	1.69	3.4
PTHR15606	3806.0	3660.64	0.0	0.0	0.0
PTHR12374	2302.5	2266.16	0.0	0.0	0.0
PTHR12375	1111.0	1074.66	2.0	2.16	4.35
PTHR12378	5839.0	5693.64	1.0	0.62	1.25
PTHR18929	12737.0	12482.62	9.0	7.17	14.45
PTHR13976	6980.0	6870.98	3.0	1.48	2.99
PTHR12777	2368.85	2332.51	7.0	3.46	6.98
PTHR12775	3908.0	3835.32	4.0	3.79	7.66
PTHR16092	432.0	395.66	0.0	0.0	0.0
PTHR19211	20214.21	19705.46	73399.16	102489.75	206726.07
PTHR22298	2082.0	2045.66	2.0	1.13	2.28
PTHR12174	3607.0	3534.32	0.0	0.0	0.0
PTHR12175	2345.5	2272.82	1.0	1.35	2.73
PTHR12176	6013.0	5867.64	3.0	2.98	6.02
PTHR22769	12949.99	12695.61	7.0	7.61	15.37
PTHR22767	1192.33	1156.03	0.0	0.0	0.0
PTHR22762	3781.0	3744.66	1.0	0.31	0.62
PTHR22763	560.0	523.66	0.0	0.0	0.0
PTHR22761	4833.0	4723.98	4.0	5.41	10.91
PTHR21231	2122.0	2085.66	1.0	0.55	1.12
PTHR21230	2725.0	2652.32	1.0	1.4	2.83
PTHR21234	2677.0	2567.98	0.0	0.0	0.0
PTHR21237	3448.0	3375.32	5.0	4.32	8.7
PTHR12202	1636.0	1527.0	0.0	0.0	0.0
PTHR12203	35388.83	34371.34	10.0	6.44	12.98
PTHR19857	676.0	639.75	0.0	0.0	0.0
PTHR22904	21339.0	20575.87	6.0	5.94	11.99
PTHR19855	2039.0	2002.66	0.0	0.0	0.0
PTHR13353	3296.0	3186.98	0.0	0.0	0.0
PTHR12197	12010.0	11573.93	3.0	2.07	4.18
PTHR11932	8088.0	7942.64	3.0	1.0	2.02
PTHR13822	1954.0	1917.66	5.0	3.01	6.07
PTHR13138	2187.0	2114.32	0.0	0.0	0.0
PTHR10732	1058.0	1021.66	29.0	32.89	66.35
PTHR10739	1637.0	1600.66	0.0	0.0	0.0
PTHR12992	2401.94	2365.6	0.0	0.0	0.0
PTHR22838	2686.0	2576.98	0.0	0.0	0.0
PTHR22881	5418.5	5345.82	0.0	0.0	0.0
PTHR22836	1456.0	1419.66	0.0	0.0	0.0
PTHR10693	3635.0	3598.66	5.0	1.6	3.23
PTHR10938	1521.0	1448.32	1.0	1.5	3.02
PTHR13375	3248.0	3211.66	1.0	0.36	0.72
PTHR10934	1209.0	1136.32	13.0	22.49	45.36
PTHR11510	2895.0	2858.66	11.0	4.44	8.95
PTHR11516	6459.0	6313.64	4.0	1.88	3.8
PTHR10025	3771.33	3662.31	1.0	0.63	1.26
PTHR10026	12557.8	12376.1	8.0	2.55	5.14
PTHR10027	1475.5	1402.82	0.0	0.0	0.0
PTHR13009	3072.0	2962.98	0.0	0.0	0.0
PTHR13007	2571.0	2534.66	1.0	0.46	0.92
PTHR30115	2506.0	2433.32	0.0	0.0	0.0
PTHR10598	2165.0	2128.66	5.0	2.71	5.47
PTHR17901	1267.33	1230.99	0.0	0.0	0.0
PTHR24351	13660.0	13550.98	2.0	0.42	0.85
PTHR20981	1064.0	991.32	37.0	74.43	150.13
PTHR20982	1959.0	1886.32	2.0	2.35	4.75
PTHR24352	7684.0	7574.98	3.0	1.39	2.81
PTHR11467	1835.5	1799.16	0.0	0.0	0.0
PTHR10119	9093.8	8984.78	6.0	2.36	4.73
PTHR10110	7001.0	6710.28	0.0	0.0	0.0
PTHR11469	3504.0	3467.66	4.0	1.33	2.68
PTHR11863	5462.0	5389.32	2.0	0.92	1.85
PTHR24286	10543.52	10325.48	0.0	0.0	0.0
PTHR11864	4602.0	4492.98	0.0	0.0	0.0
PTHR23426	4599.67	4454.3	2.0	1.63	3.29
PTHR10593	2196.0	2123.32	1.0	1.11	2.24
