GeneFamily	length	effective_length	expected_count	TPM	FPKM
PTHR11649	14142.24	13850.37	46.0	9.33	18.73
PTHR31089	1976.4	1947.21	13.0	1.98	3.98
PTHR31085	10540.56	10394.62	61.0	8.72	17.5
PTHR11647	3113.05	3025.48	14.0	4.21	8.47
PTHR11645	3550.0	3462.43	48.53	13.56	27.24
PTHR11880	2344.79	2257.22	779.0	308.36	619.47
PTHR11885	2268.0	2180.43	50.0	21.95	44.09
PTHR10209	9609.75	9434.63	25.0	4.66	9.37
PTHR32429	5103.28	5015.71	59.0	12.5	25.12
PTHR31423	1448.0	1418.81	3.0	0.63	1.26
PTHR31551	1544.12	1485.75	8.0	2.33	4.68
PTHR32195	3185.0	3126.62	7.0	1.18	2.36
PTHR11081	5928.33	5753.24	6.0	1.18	2.38
PTHR11080	2009.57	1951.21	3.0	1.87	3.76
PTHR11082	7866.91	7691.81	18.0	3.23	6.5
PTHR11085	4112.0	3966.1	3.0	1.06	2.13
PTHR11089	11357.35	11036.29	19.0	5.92	11.87
PTHR32518	2501.87	2443.51	11.0	1.65	3.32
PTHR11247	4469.09	4352.35	11.0	2.38	4.79
PTHR11246	14481.32	14276.99	37.0	5.6	11.25
PTHR32512	4210.0	4151.62	7.0	0.95	1.91
PTHR23088	5828.0	5711.24	17.0	3.5	7.03
PTHR23089	5094.0	4977.24	12.0	3.21	6.45
PTHR23081	6948.67	6861.1	4.0	0.76	1.53
PTHR23083	44700.33	43678.89	180.0	32.45	65.2
PTHR23084	6152.86	6006.94	18.47	3.54	7.1
PTHR23086	4670.0	4582.43	15.0	2.93	5.9
PTHR18806	2062.0	2003.62	2.0	0.63	1.27
PTHR31953	3597.76	3481.04	15.0	5.78	11.6
PTHR15184	12849.3	12615.82	452.23	109.66	220.32
PTHR15341	1457.0	1427.81	6.0	1.25	2.51
PTHR32357	5497.19	5409.62	55.0	9.21	18.49
PTHR12696	5220.0	5103.28	25.0	3.69	7.42
PTHR12341	2536.94	2507.76	7.0	0.83	1.66
PTHR15160	3894.35	3806.78	159.91	39.63	79.61
PTHR18937	16399.59	16166.07	38.0	4.46	8.98
PTHR18934	41806.69	40872.74	65.0	13.83	27.75
PTHR12742	1274.0	1244.81	2.0	0.48	0.96
PTHR12741	16892.51	16513.07	83.0	9.07	18.22
PTHR19288	4401.64	4314.07	10.0	2.08	4.18
PTHR12975	4351.0	4292.62	10.0	1.4	2.81
PTHR13902	11407.66	11261.71	75.0	7.65	15.36
PTHR13903	7462.97	7317.03	17.0	3.05	6.12
PTHR22753	8567.0	8362.67	14.0	3.15	6.31
PTHR30615	1026.0	996.81	2.0	0.6	1.2
PTHR21220	1712.25	1683.07	4.0	0.71	1.42
PTHR22938	2111.0	1965.18	1.0	0.65	1.3
PTHR21597	4510.0	4451.62	4.0	0.5	1.01
PTHR22931	9005.0	8888.27	72.0	8.03	16.13
PTHR22936	9930.0	9725.67	73.0	16.02	32.18
PTHR31038	2332.99	2274.62	37.0	9.31	18.71
PTHR13832	37796.67	37008.58	354.0	68.76	138.13
PTHR31319	3607.0	3519.43	20.0	3.79	7.6
PTHR21136	10374.97	10141.45	74.0	16.88	33.89
PTHR12526	45700.6	44854.17	328.0	54.33	109.22
PTHR13120	1396.5	1338.12	1.0	0.48	0.97
PTHR22809	2421.0	2362.62	1.0	0.3	0.6
PTHR22807	8153.0	7977.86	7.0	1.25	2.5
PTHR20661	1357.55	1299.19	3.0	1.01	2.03
PTHR10900	7565.57	7361.29	8.0	2.9	5.83
PTHR10906	6698.81	6552.91	43.77	6.94	13.93
PTHR10909	17240.05	16977.34	475.74	68.96	138.52
PTHR10055	4016.0	3928.44	8.0	1.35	2.72
PTHR10057	3352.56	3264.99	58.91	16.79	33.73
PTHR10052	2225.0	2137.43	610.98	351.61	706.35
PTHR13017	1553.0	1523.81	2.0	0.39	0.78
PTHR13018	25969.87	25502.87	50.0	9.26	18.57
PTHR10694	7003.95	6799.64	11.0	3.41	6.85
PTHR12839	5251.96	5164.46	17.0	5.89	11.83
PTHR12835	1256.0	1226.81	4.0	0.97	1.95
PTHR24031	78085.6	76217.88	458.0	85.73	172.23
PTHR24032	1443.0	1413.81	1.0	0.21	0.42
PTHR23291	4107.33	3990.58	120.0	29.64	59.54
PTHR24349	232790.52	228120.66	1378.49	243.0	488.15
PTHR24619	5330.0	5242.43	45.0	7.88	15.82
PTHR24343	10615.95	10382.51	146.08	23.49	47.19
PTHR11472	12458.5	12137.46	5.0	1.67	3.37
PTHR24347	21537.5	21070.51	87.0	16.5	33.17
PTHR11476	3664.0	3547.28	4.0	0.86	1.73
PTHR11477	4326.0	4209.29	3.0	0.62	1.25
PTHR24305	2189.0	2130.62	5.0	1.26	2.54
PTHR10476	4259.0	4142.24	30.0	7.5	15.06
PTHR24290	7790.5	7644.58	19.0	2.76	5.53
PTHR12730	2389.0	2330.62	3.0	1.24	2.48
PTHR23413	948.0	918.81	16.0	5.2	10.45
PTHR23417	4765.0	4677.43	3.0	0.86	1.73
PTHR23416	6086.0	5969.24	10.0	2.23	4.49
PTHR23415	847.0	817.81	1.0	0.37	0.73
PTHR12736	1834.0	1804.81	0.0	0.0	0.0
PTHR23418	1061.0	1031.81	20.0	5.78	11.62
PTHR10877	5371.84	5255.1	78.0	12.87	25.86
PTHR11879	6934.57	6817.81	102.0	17.07	34.28
PTHR31096	6431.28	6285.33	101.97	17.61	35.38
PTHR11655	4098.0	3952.06	616.7	263.77	529.89
PTHR11652	1183.0	1124.65	54.0	19.85	39.89
PTHR10436	10058.67	9766.8	5.0	1.39	2.79
PTHR20883	2603.0	2544.62	37.0	8.81	17.7
PTHR11895	6497.0	6380.24	18.0	2.08	4.16
PTHR10277	8184.36	8067.61	55.0	7.7	15.48
PTHR14027	2293.0	2234.66	5.0	0.77	1.54
PTHR12320	10741.0	10595.05	72.0	10.03	20.16
PTHR24095	18945.0	18565.6	175.0	22.84	45.91
PTHR24093	79784.65	77975.32	626.99	93.31	187.39
PTHR23180	19077.21	18668.59	95.0	19.27	38.71
PTHR14593	4862.5	4745.79	1.0	0.23	0.46
PTHR11093	4280.0	4192.43	6.0	0.92	1.85
PTHR11096	1691.0	1574.32	1.0	0.56	1.13
PTHR23346	14316.0	14082.52	30.0	4.17	8.38
PTHR11099	2684.0	2625.62	9.0	2.0	4.03
PTHR10309	1913.0	1883.81	4.0	0.63	1.27
PTHR14107	2747.0	2717.81	12.0	1.31	2.63
PTHR11252	5447.0	5330.24	7.0	1.5	3.01
PTHR11254	16748.68	16398.48	83.0	12.17	24.46
PTHR11255	7328.59	7241.02	41.0	5.06	10.18
PTHR14110	3793.0	3676.24	30.0	9.4	18.91
PTHR14374	2439.0	2351.43	1.0	0.59	1.19
PTHR18838	6203.0	5998.76	5.0	1.69	3.4
PTHR12687	1300.0	1270.81	0.0	0.0	0.0
PTHR15157	3723.0	3635.43	10.0	2.34	4.7
PTHR18901	10510.5	10277.0	164.0	30.14	60.56
PTHR12755	3400.67	3283.94	3.0	0.82	1.64
PTHR12750	3553.85	3437.11	7.0	2.32	4.66
PTHR12753	1934.0	1875.65	6.0	1.15	2.32
PTHR15574	4150.0	4004.07	5.0	1.77	3.57
PTHR22790	3534.0	3446.43	13.0	3.41	6.84
PTHR16266	4738.0	4592.09	7.0	1.92	3.86
PTHR31811	2518.5	2430.95	0.0	0.0	0.0
PTHR12358	8745.0	8599.05	25.0	3.5	7.03
PTHR22748	2117.0	2058.62	6.0	1.53	3.08
PTHR12356	2368.0	2309.62	8.0	2.05	4.13
PTHR12221	3162.0	3074.43	4.0	1.23	2.48
PTHR19879	2249.0	2190.62	3.0	0.82	1.64
PTHR12226	4635.0	4547.43	13.0	2.51	5.04
PTHR19876	8152.0	8006.06	98.0	12.69	25.5
PTHR19877	3846.1	3729.37	34.0	7.24	14.54
PTHR31442	3169.0	3052.26	2.0	0.64	1.29
PTHR12538	1718.0	1630.46	273.0	251.89	506.01
PTHR12537	6646.26	6529.5	18.0	3.2	6.43
PTHR12532	1374.0	1344.81	1.0	0.22	0.44
PTHR13486	900.0	870.81	1.0	0.34	0.69
PTHR20275	3535.0	3505.81	23.0	1.94	3.91
PTHR13489	1746.0	1687.63	2.0	0.48	0.97
PTHR17583	3195.94	3079.19	9.0	3.75	7.54
PTHR13572	1675.0	1645.81	0.0	0.0	0.0
PTHR24198	6590.0	6385.71	7.0	2.16	4.36
PTHR10048	15763.5	15500.84	58.0	10.25	20.61
PTHR24193	8306.38	8072.86	93.0	21.39	42.96
PTHR10044	3360.0	3272.43	10.0	2.64	5.31
PTHR10687	3882.24	3765.5	41.0	9.44	18.96
PTHR13069	6947.0	6801.05	13.0	3.56	7.16
PTHR13068	10696.0	10491.67	20.0	3.89	7.79
PTHR10682	3200.89	3113.34	30.0	5.65	11.35
PTHR10683	4132.0	4044.43	105.0	18.09	36.33
PTHR12829	1226.0	1167.64	3.0	1.6	3.22
PTHR12820	2982.87	2866.18	12.0	2.12	4.25
PTHR12826	1036.0	1006.81	6.0	1.78	3.57
PTHR12827	2597.0	2451.13	3.0	1.38	2.77
PTHR17920	2109.0	2079.81	10.0	1.43	2.87
PTHR10137	1701.0	1671.81	11.0	1.96	3.93
PTHR11405	9031.0	8914.24	44.0	5.86	11.76
PTHR11404	1988.97	1930.65	15.0	6.28	12.63
PTHR11406	1528.85	1499.66	126.0	25.0	50.22
PTHR13468	2941.0	2882.63	35.0	4.19	8.42
PTHR23406	8690.7	8544.76	28.0	4.4	8.84
PTHR23407	1142.0	1112.81	4.0	1.07	2.15
PTHR10869	30179.77	29391.68	297.94	71.95	144.58
PTHR31717	3220.0	3161.62	12.0	2.3	4.63
PTHR13393	1947.0	1917.81	6.0	0.93	1.87
PTHR15169	1197.0	1138.64	6.0	3.63	7.3
PTHR11315	5165.48	5077.91	100.0	16.15	32.46
PTHR10139	1687.5	1629.13	2.0	0.53	1.07
PTHR10264	7721.19	7546.05	156.0	37.78	75.91
PTHR10263	7533.0	7299.51	92.0	25.8	51.83
PTHR12506	2335.0	2305.81	63.0	8.11	16.29
PTHR31155	1649.12	1619.94	91.0	16.7	33.56
PTHR32170	3534.0	3446.43	22.0	6.38	12.81
PTHR23350	1059.0	1029.81	1.0	0.29	0.58
PTHR23354	7580.01	7492.44	60.0	7.41	14.89
PTHR23355	11083.0	10791.14	28.0	8.44	16.93
PTHR23359	12261.24	11998.57	61.0	9.93	19.95
PTHR11227	6870.0	6753.24	27.0	4.04	8.1
PTHR11220	8851.0	8617.48	62.0	15.67	31.5
PTHR11223	6143.55	5997.65	33.0	8.49	17.06
PTHR11229	3342.0	3254.43	20.0	4.95	9.94
PTHR10314	15748.18	15397.94	138.98	38.54	77.42
PTHR14303	1056.0	1026.81	3.0	0.87	1.75
PTHR23309	4416.5	4299.75	118.0	34.66	69.62
PTHR23308	5960.0	5814.06	15.0	4.23	8.48
PTHR11139	25422.27	24838.61	36.0	9.54	19.18
PTHR15362	1511.0	1452.64	5.0	1.94	3.91
PTHR11132	43455.89	42609.43	226.08	39.8	79.92
PTHR11134	7549.76	7403.82	43.0	7.93	15.95
PTHR11136	2258.22	2199.84	3.0	0.65	1.3
PTHR32374	1600.0	1570.81	12.0	2.27	4.56
PTHR31579	3488.0	3429.62	79.0	12.53	25.18
PTHR32379	1398.0	1368.81	1.0	0.22	0.44
PTHR18919	8213.0	8037.86	246.0	78.96	158.63
PTHR32002	14463.55	14084.12	44.0	10.4	20.9
PTHR14413	1633.42	1575.04	15.0	5.57	11.19
PTHR22893	3241.0	3153.43	1.0	0.18	0.37
PTHR10778	3148.0	3089.62	12.0	2.54	5.11
PTHR13789	30657.02	30160.83	299.0	36.16	72.66
PTHR12786	5018.0	4842.9	48.0	8.85	17.79
PTHR12782	1572.0	1542.81	9.0	1.74	3.49
PTHR11742	12507.9	12303.59	38.0	4.96	9.95
PTHR13923	4726.0	4550.91	14.0	4.03	8.11
PTHR11210	2730.0	2671.62	21.0	6.38	12.82
PTHR12321	1184.77	1155.58	19.0	4.9	9.85
PTHR25040	12758.0	12495.29	187.0	34.3	68.89
PTHR12323	1785.06	1726.69	3.0	0.89	1.79
PTHR16201	9485.0	9280.67	11.0	1.93	3.86
PTHR21015	4123.27	4064.9	36.0	5.51	11.07
PTHR16196	788.0	758.81	0.0	0.0	0.0
PTHR16193	953.0	923.81	0.0	0.0	0.0
PTHR22792	6352.56	6206.61	41.99	10.47	21.04
PTHR21680	3240.0	3181.62	14.0	2.56	5.15
PTHR21689	6494.0	6435.62	7.0	0.73	1.45
PTHR21113	5034.0	4917.24	8.0	1.48	2.98
PTHR19316	2970.0	2911.62	30.0	5.57	11.19
PTHR21663	2987.0	2928.62	14.0	2.59	5.2
PTHR13253	13671.5	13350.41	51.0	12.09	24.28
PTHR21206	1112.94	1083.75	5.0	1.38	2.76
PTHR10072	6190.34	6044.4	310.0	74.53	149.73
PTHR10071	5986.0	5869.24	29.0	3.98	8.01
PTHR24188	8785.0	8639.05	23.0	3.79	7.6
PTHR13780	16913.43	16534.03	95.0	17.84	35.82
PTHR10670	7338.5	7192.55	5.0	0.86	1.72
PTHR10677	2441.0	2324.24	3.0	1.56	3.13
PTHR13078	1888.14	1800.61	6.0	1.91	3.85
PTHR12815	5606.2	5518.63	29.0	4.74	9.54
PTHR12814	1932.0	1873.62	4.0	1.3	2.6
PTHR24361	46617.41	45683.37	93.0	17.81	35.77
PTHR24362	17506.0	17097.38	55.0	10.02	20.14
PTHR10416	1309.0	1250.63	1.0	0.43	0.87
PTHR10410	7484.0	7308.86	59.0	13.09	26.3
PTHR10783	4345.0	4228.27	14.0	4.12	8.28
PTHR10782	8152.0	7976.88	6.0	1.25	2.53
PTHR13476	1009.93	980.75	6.0	1.83	3.67
PTHR10788	10532.0	10386.05	72.0	13.4	26.93
PTHR10891	31313.9	30584.23	182.0	45.53	91.46
PTHR10890	5653.0	5565.43	5.0	0.91	1.83
PTHR20426	974.0	944.81	1.0	0.32	0.64
PTHR23213	13458.5	13137.47	29.0	5.53	11.1
PTHR10520	5064.0	4976.43	14.0	2.78	5.59
PTHR10250	2762.66	2675.09	38.0	13.42	26.96
PTHR10527	20837.5	20399.73	38.0	5.07	10.18
PTHR31384	13610.11	13347.47	14.0	2.18	4.4
PTHR10098	2158.0	2099.62	5.0	0.97	1.96
PTHR10091	1408.0	1378.81	2.0	0.43	0.87
PTHR31140	3007.0	2977.81	7.0	0.7	1.4
PTHR31412	5442.0	5354.43	9.0	1.44	2.89
PTHR11787	3200.28	3112.76	65.0	11.31	22.73
PTHR11785	33001.55	32359.43	128.0	24.73	49.71
PTHR11782	6242.0	6096.05	22.0	4.99	10.02
PTHR31419	2331.5	2302.31	14.0	1.8	3.63
PTHR11780	3422.0	3334.44	45.0	6.35	12.77
PTHR32497	1925.0	1866.62	19.0	6.49	13.05
PTHR13600	1706.0	1676.81	6.0	1.06	2.14
PTHR21141	5093.01	4888.74	292.71	107.59	216.17
PTHR32148	4172.0	4026.07	1683.88	1357.35	2726.81
PTHR23324	6455.0	6367.44	85.0	12.82	25.76
PTHR23327	4370.0	4253.24	23.0	8.14	16.34
PTHR23326	6003.0	5886.24	18.0	2.65	5.32
PTHR23321	2990.03	2902.46	17.91	4.08	8.2
PTHR23323	7173.0	6939.51	18.0	5.36	10.78
PTHR23322	6717.24	6512.95	29.0	7.21	14.49
PTHR23329	4730.14	4642.58	5.0	1.51	3.02
PTHR11236	6027.0	5881.05	5.0	1.19	2.39
PTHR10322	11205.0	10913.14	5.0	1.03	2.06
PTHR11239	2715.66	2628.11	10.0	4.61	9.28
PTHR10803	5578.44	5490.87	68.0	9.35	18.8
PTHR13803	11353.0	11148.71	36.0	3.86	7.76
PTHR31964	23967.34	23383.56	821.25	205.64	413.15
PTHR10552	1672.0	1613.62	4.0	1.2	2.41
PTHR23030	3046.0	3016.81	34.0	3.34	6.71
PTHR11129	3491.0	3374.24	8.0	2.6	5.23
PTHR15316	3819.0	3702.3	14.0	2.57	5.17
PTHR11127	1701.0	1613.46	19.0	10.25	20.6
PTHR11125	3779.0	3662.24	21.0	6.09	12.25
PTHR10855	3624.0	3565.62	33.0	5.26	10.57
PTHR31566	2431.84	2402.65	21.0	2.59	5.21
PTHR31567	1545.0	1515.81	2.0	0.39	0.79
PTHR31561	3013.0	2925.48	1.0	0.13	0.27
PTHR15137	2650.0	2591.62	1.0	0.15	0.3
PTHR14950	2937.5	2879.12	0.0	0.0	0.0
PTHR22939	17951.0	17629.92	100.0	16.93	34.01
PTHR11264	1519.0	1489.81	3.0	0.6	1.2
PTHR15954	2712.0	2682.81	11.0	1.22	2.44
PTHR15952	2986.9	2957.72	8.0	0.8	1.61
PTHR21319	4414.66	4356.28	17.0	2.25	4.52
PTHR30612	7183.0	7124.62	33.0	2.95	5.94
PTHR19271	3454.0	3366.43	2.0	0.65	1.31
PTHR22932	1134.9	1105.71	30.0	8.09	16.26
PTHR19861	1251.0	1221.81	3.0	0.73	1.47
PTHR12029	8437.84	8233.52	37.0	7.82	15.7
PTHR12233	1307.77	1278.58	7.0	1.63	3.28
PTHR22780	11270.0	11124.05	75.0	8.11	16.3
PTHR30535	5184.84	5068.09	7.0	1.61	3.23
PTHR11952	2624.0	2536.46	17.0	3.46	6.95
PTHR21477	6305.0	6188.24	10.0	1.89	3.81
PTHR19308	8618.81	8502.06	217.34	34.49	69.29
PTHR16301	848.37	790.03	4.0	3.42	6.86
PTHR13265	2204.43	2146.06	5.0	1.17	2.34
PTHR22870	25229.57	24616.71	71.96	15.75	31.67
PTHR17630	1908.0	1849.62	18.0	6.01	12.06
PTHR10064	1389.0	1330.62	23.0	9.74	19.58
PTHR10066	2847.0	2701.1	6.0	3.04	6.14
PTHR10060	2216.0	2157.62	0.0	0.0	0.0
PTHR10663	36611.63	36115.42	95.0	11.87	23.87
PTHR10666	7219.77	7015.45	4584.33	1555.1	3124.06
PTHR10668	13552.11	13289.43	36.0	7.84	15.78
PTHR12801	1911.0	1852.62	3.0	0.95	1.9
PTHR12802	2599.0	2511.45	1.0	0.23	0.45
PTHR12805	1546.0	1516.81	0.0	0.0	0.0
PTHR12806	1131.0	1101.81	1.0	0.27	0.54
PTHR21091	18176.38	17826.17	211.0	36.06	72.45
PTHR21090	5515.28	5398.57	24.0	4.01	8.05
PTHR21228	6101.0	6013.45	11.0	1.85	3.7
PTHR24314	5886.0	5769.24	19.0	3.96	7.94
PTHR11933	1040.0	1010.81	1.0	0.3	0.59
PTHR24316	9963.37	9671.55	42.0	8.71	17.51
PTHR11426	4693.66	4518.58	139.39	47.13	94.69
PTHR11937	15430.47	15109.43	138.0	24.38	48.99
PTHR11938	9352.57	9119.08	278.0	43.46	87.33
PTHR21139	2302.0	2214.46	15.0	4.02	8.07
PTHR13683	33303.19	32631.91	324.0	50.67	101.8
PTHR24089	71251.14	69704.18	417.06	95.52	191.96
PTHR10796	2186.0	2156.81	8.0	1.1	2.21
PTHR10794	7458.02	7341.26	103.13	22.01	44.21
PTHR10795	9093.15	8888.87	29.0	7.03	14.12
PTHR10792	3924.0	3778.07	32.0	14.64	29.4
PTHR10799	78895.63	77348.83	153.0	19.44	39.06
PTHR10882	1208.0	1178.81	2.0	0.51	1.02
PTHR10887	51240.33	50189.73	58.0	10.63	21.26
PTHR11686	4509.0	4392.28	11.0	3.62	7.27
PTHR11685	2777.94	2719.57	33.0	7.15	14.35
PTHR11680	8621.0	8475.1	157.0	24.56	49.29
PTHR24221	34562.25	33949.44	572.99	78.05	156.81
PTHR24220	9291.36	9057.85	28.0	6.54	13.13
PTHR24223	54084.63	52713.01	1226.32	259.33	521.0
PTHR11689	20325.91	20063.22	35.0	3.36	6.76
PTHR10252	3011.35	2923.79	14.0	3.68	7.39
PTHR10537	2037.0	2007.81	3.0	0.44	0.89
PTHR13124	1575.0	1545.81	2.0	0.38	0.77
PTHR31173	3014.0	2984.81	13.0	1.29	2.59
PTHR10099	4717.0	4658.62	15.0	1.64	3.3
PTHR10997	18024.46	17703.5	63.0	10.82	21.74
PTHR31356	9546.3	9341.98	206.0	41.99	84.37
PTHR31352	15000.92	14796.59	265.0	39.61	79.58
PTHR31350	3108.66	3050.28	56.0	10.94	21.98
PTHR11758	1205.0	1146.62	208.0	108.69	218.35
PTHR23333	1864.0	1805.62	7.0	1.97	3.96
PTHR11203	11336.67	11103.17	6.0	0.8	1.61
PTHR11753	4315.0	4169.06	25.0	7.99	16.03
PTHR11200	15916.14	15711.83	61.0	9.69	19.46
PTHR24423	83311.02	81939.23	1065.0	89.4	179.66
PTHR11206	15209.51	15005.18	113.0	14.93	30.0
PTHR23338	2729.0	2612.26	8.0	2.71	5.43
PTHR23339	3824.0	3765.62	5.0	0.71	1.43
PTHR10332	1980.0	1950.81	5.0	0.76	1.53
PTHR14145	3884.0	3825.62	28.0	4.78	9.61
PTHR12561	1085.0	1055.81	0.0	0.0	0.0
PTHR15744	2015.5	1927.94	1.0	0.69	1.38
PTHR23023	2583.0	2524.66	2.0	0.26	0.53
PTHR31385	3026.62	2968.24	33.0	6.67	13.38
PTHR31142	2952.25	2864.68	46.0	11.97	24.05
PTHR21294	1489.0	1459.81	77.46	15.79	31.72
PTHR11119	6076.0	5959.25	0.0	0.0	0.0
PTHR31595	2467.0	2408.62	2.0	0.49	1.0
PTHR31596	1113.0	1083.81	0.0	0.0	0.0
PTHR15948	1801.0	1771.81	4.0	0.67	1.35
PTHR32026	42809.59	41933.96	156.0	36.21	72.73
PTHR31829	1450.0	1420.81	60.0	12.57	25.25
PTHR22846	1290.0	1260.81	3.0	0.71	1.42
PTHR19241	64608.31	63382.54	319.29	58.26	117.07
PTHR15239	2128.0	2040.45	4.0	1.5	3.01
PTHR12497	2232.0	2202.81	11.0	1.48	2.98
PTHR12652	2987.0	2928.62	44.0	8.29	16.65
PTHR12304	3138.0	3079.62	52.0	8.99	18.06
PTHR30540	2841.0	2811.81	1.0	0.11	0.21
PTHR13302	2936.0	2848.44	9.0	2.76	5.55
PTHR12472	1863.0	1833.81	1.0	0.16	0.33
PTHR13308	1450.59	1392.24	8.0	2.2	4.42
PTHR12477	5893.77	5777.03	41.0	6.42	12.89
PTHR13878	2695.0	2665.81	2.0	0.22	0.45
PTHR21461	40147.31	39417.62	125.0	25.39	51.02
PTHR13872	9042.0	8808.51	57.0	20.16	40.49
PTHR22849	14962.5	14641.44	44.0	6.94	13.92
PTHR21314	1457.0	1427.81	3.0	0.63	1.26
PTHR13271	45805.27	44725.37	103.0	21.5	43.17
PTHR22841	2067.0	1979.47	2.0	1.19	2.39
PTHR22847	36625.0	35778.65	87.0	18.64	37.44
PTHR22844	11436.99	11174.32	41.0	7.64	15.34
PTHR31606	1280.0	1250.81	12.0	2.86	5.74
PTHR23284	1791.0	1761.81	11.0	1.86	3.73
PTHR21266	8588.43	8442.52	216.0	31.63	63.55
PTHR12271	9250.0	9133.24	11.0	1.09	2.2
PTHR21262	10375.89	10171.57	36.0	7.94	15.96
PTHR12276	4920.0	4861.62	29.0	3.53	7.09
PTHR10657	1752.0	1693.62	11.0	4.06	8.15
PTHR16557	1986.0	1956.81	9.0	1.37	2.74
PTHR10655	1456.0	1426.81	12.0	2.5	5.03
PTHR10652	4213.47	4096.73	54.0	14.04	28.2
PTHR17972	3406.5	3289.74	1.0	0.39	0.79
PTHR21085	1966.0	1936.81	5.0	0.77	1.54
PTHR11922	7584.0	7438.06	17.27	3.39	6.82
PTHR10438	22439.37	21826.42	286.0	83.18	167.09
PTHR11926	4863.21	4746.46	49.0	7.72	15.51
PTHR11431	2824.0	2736.47	208.0	43.41	87.2
PTHR10434	3461.0	3402.62	7.0	1.37	2.76
PTHR24096	21586.07	21148.28	234.8	38.67	77.71
PTHR13693	9546.0	9312.51	123.0	18.9	37.98
PTHR13691	1849.0	1790.62	541.48	231.14	464.35
PTHR24092	22119.98	21769.76	133.0	17.05	34.27
PTHR13451	4733.0	4645.43	12.0	1.81	3.64
PTHR13452	433.5	404.32	0.0	0.0	0.0
PTHR13152	1696.0	1637.62	2.0	0.59	1.19
PTHR12901	1419.0	1389.81	1.0	0.21	0.43
PTHR12903	2882.0	2794.45	23.0	6.01	12.08
PTHR23237	964.0	934.81	1.0	0.32	0.64
PTHR10501	5014.0	4868.05	19.0	5.01	10.07
PTHR31169	1316.0	1286.81	0.0	0.0	0.0
PTHR12277	6955.0	6838.24	32.0	4.66	9.37
PTHR10168	3865.0	3748.24	75.0	24.14	48.52
PTHR14087	1452.0	1422.81	2.0	0.42	0.84
PTHR14085	1276.0	1246.81	2.0	0.48	0.96
PTHR31344	3900.0	3812.43	4.0	1.31	2.62
PTHR31619	1795.0	1765.81	24.0	4.04	8.12
PTHR23306	3339.0	3251.44	10.0	1.49	2.99
PTHR23305	4777.0	4689.43	17.0	3.2	6.42
PTHR14089	3023.0	2964.62	23.0	3.53	7.1
PTHR11748	4924.13	4836.57	8.0	1.24	2.49
PTHR11214	5712.48	5537.36	17.0	6.66	13.41
PTHR11216	8639.0	8493.05	17.0	2.14	4.31
PTHR14154	10225.18	9845.83	51.0	19.8	39.81
PTHR14155	37207.95	36390.71	164.0	31.97	64.28
PTHR10343	12713.63	12421.77	53.0	10.42	20.89
PTHR11699	18877.14	18526.9	352.0	56.39	113.29
PTHR11692	2443.0	2413.81	12.0	1.48	2.96
PTHR11693	3825.0	3679.1	107.68	73.84	148.32
PTHR11695	20631.65	20164.65	99.0	22.09	44.33
PTHR31760	1581.0	1551.81	2.0	0.38	0.77
PTHR31906	10794.0	10560.48	80.0	18.26	36.68
PTHR21419	1778.0	1748.81	20.0	3.4	6.83
PTHR23012	12446.58	12213.07	82.87	15.33	30.77
PTHR11101	2044.0	2014.81	4.0	0.59	1.18
PTHR11102	14128.65	13865.94	80.0	14.48	29.08
PTHR11106	4698.58	4581.83	27.0	6.23	12.52
PTHR31585	5772.0	5626.07	11.0	2.99	6.01
PTHR32125	2700.0	2641.62	32.0	7.61	15.31
PTHR31588	5411.09	5323.52	46.0	6.38	12.83
PTHR32120	1863.0	1833.81	11.0	1.78	3.58
PTHR15680	2434.0	2375.62	16.0	4.0	8.03
PTHR10281	5388.0	5242.06	18.0	4.61	9.25
PTHR26312	7930.38	7784.44	45.0	7.69	15.44
PTHR18895	2434.0	2375.62	1.0	0.18	0.36
PTHR12486	1138.0	1108.81	0.0	0.0	0.0
PTHR12480	5552.42	5377.31	8.0	1.93	3.86
PTHR12482	4965.0	4877.43	7.0	1.55	3.11
PTHR11042	5015.5	4811.25	2.0	0.41	0.83
PTHR11122	4750.47	4662.9	21.0	4.13	8.32
PTHR12317	9009.11	8775.62	28.0	5.05	10.13
PTHR12649	1592.0	1533.66	15.0	3.56	7.16
PTHR13992	653.0	623.81	0.0	0.0	0.0
PTHR12461	6015.5	5840.4	3.0	1.09	2.18
PTHR12466	2100.0	2070.81	4.0	0.57	1.15
PTHR13847	10945.76	10683.05	73.0	16.33	32.77
PTHR22854	2899.81	2841.43	22.0	4.15	8.34
PTHR12001	5838.57	5692.67	27.0	4.83	9.7
PTHR21327	5847.0	5759.43	36.0	5.55	11.16
PTHR21631	5910.21	5822.65	662.0	91.55	183.9
PTHR22855	7275.0	7070.73	249.0	80.43	161.58
PTHR22850	19561.5	19211.24	62.0	10.69	21.48
PTHR22504	1128.0	1098.81	17.0	4.61	9.27
PTHR12189	3078.0	3019.62	6.0	1.03	2.07
PTHR21256	2301.0	2242.65	28.0	4.32	8.68
PTHR12265	370.0	340.83	1.0	0.89	1.79
PTHR12266	5494.0	5377.24	26.0	6.53	13.1
PTHR10648	7187.0	7011.87	42.0	6.1	12.26
PTHR30178	2878.98	2791.45	60.0	14.95	30.03
PTHR10641	21786.02	21319.07	28.0	5.97	11.97
PTHR19842	1208.0	1178.81	1.0	0.25	0.51
PTHR10644	14295.0	13973.94	51.0	7.49	15.05
PTHR12864	3690.0	3573.24	10.0	3.0	6.05
PTHR12860	2644.0	2556.44	6.0	1.68	3.37
PTHR13194	3149.5	3032.75	1.0	0.28	0.56
PTHR13190	1549.0	1490.62	1.0	0.52	1.05
PTHR13193	771.0	741.81	1.0	0.4	0.81
PTHR11913	1976.0	1917.62	42.0	12.8	25.71
PTHR11911	8523.82	8319.53	145.99	33.36	67.0
PTHR11910	2102.61	2044.23	28.0	8.09	16.24
PTHR10871	4406.0	4260.05	769.09	380.68	764.76
PTHR12919	885.0	855.81	7.0	2.45	4.91
PTHR12910	792.0	762.81	9.0	3.53	7.1
PTHR12917	3931.42	3843.86	29.0	7.17	14.39
PTHR11351	2998.0	2939.62	89.0	14.94	30.01
PTHR11353	36991.0	36407.2	325.08	52.17	104.81
PTHR11599	24421.0	23720.47	393.0	96.28	193.4
PTHR10516	23597.56	22984.61	222.0	50.77	101.99
PTHR11592	5611.5	5465.56	132.0	32.32	64.92
PTHR31724	3235.0	3147.43	11.0	3.06	6.15
PTHR13734	3190.9	3103.38	13.0	2.93	5.9
PTHR31098	5079.0	4991.44	10.0	1.28	2.57
PTHR31620	7199.0	7053.05	317.0	72.14	144.92
PTHR23315	75291.86	74007.59	295.0	52.15	104.78
PTHR23316	6074.0	5957.24	77.0	9.54	19.17
PTHR11778	3085.0	3026.62	12.0	2.34	4.71
PTHR11777	10024.0	9907.24	64.0	9.05	18.17
PTHR11774	4935.0	4789.06	1.0	0.15	0.31
PTHR11773	5132.84	4986.91	51.0	15.31	30.75
PTHR11772	10613.76	10438.63	326.99	63.83	128.22
PTHR10357	41579.51	40966.53	372.99	42.09	84.54
PTHR10353	14561.6	14153.14	19.0	4.81	9.65
PTHR10350	3802.0	3656.09	8.0	4.31	8.68
PTHR10351	1668.07	1609.7	58.0	20.76	41.71
PTHR32557	2087.0	2057.81	7.0	1.01	2.03
PTHR10359	7586.0	7410.93	12.0	1.88	3.78
PTHR31750	1570.0	1540.81	0.0	0.0	0.0
PTHR14189	1419.0	1360.66	10.0	4.41	8.86
PTHR32228	1481.0	1451.81	0.0	0.0	0.0
PTHR31245	1547.0	1488.62	10.0	4.23	8.51
PTHR23001	4521.0	4404.24	101.0	18.54	37.25
PTHR23002	3670.0	3553.24	8.0	1.69	3.39
PTHR11177	4486.0	4398.43	3.0	0.64	1.28
PTHR10445	1318.0	1288.81	1.0	0.23	0.46
PTHR11178	3852.96	3736.21	45.0	11.67	23.45
PTHR14456	1590.0	1531.64	2.0	1.14	2.29
PTHR31808	1958.0	1899.62	25.0	7.63	15.34
PTHR31803	4512.23	4424.66	119.0	18.79	37.77
PTHR11009	3380.0	3321.62	15.0	2.73	5.48
PTHR30075	3842.0	3783.62	3.0	0.46	0.94
PTHR19229	17906.4	17439.47	71.0	14.62	29.42
PTHR14255	4632.5	4544.94	2.0	0.83	1.66
PTHR11482	8278.64	8191.07	240.37	20.18	40.55
PTHR11005	10075.46	9841.96	74.0	12.88	25.85
PTHR11006	9069.68	8894.54	37.0	7.24	14.55
PTHR18640	2419.0	2331.46	0.0	0.0	0.0
PTHR18866	14193.0	13930.32	94.0	18.22	36.6
PTHR12022	831.0	801.81	4.0	1.49	3.0
PTHR15074	4509.0	4450.62	49.0	7.24	14.55
PTHR15588	2514.41	2426.85	15.0	4.85	9.75
PTHR12677	7250.23	7075.1	31.0	6.04	12.14
PTHR19134	4148.44	4090.06	9.0	1.33	2.69
PTHR19139	1957.0	1898.63	1.0	0.2	0.41
PTHR30566	2840.0	2781.62	5.0	1.23	2.47
PTHR12456	1372.0	1342.81	2.0	0.44	0.89
PTHR12452	832.0	802.81	1.0	0.37	0.75
PTHR13343	5773.0	5627.05	13.0	3.42	6.85
PTHR19359	2582.0	2465.27	22.0	6.97	14.0
PTHR12072	3347.92	3260.36	4.0	1.14	2.3
PTHR13218	575.0	545.81	1.0	0.55	1.11
PTHR13215	1401.28	1372.09	14.03	3.04	6.12
PTHR13213	3133.5	3016.75	1.0	0.31	0.63
PTHR21530	4121.0	4062.62	17.0	2.48	4.97
PTHR12295	7937.0	7820.24	10.0	1.58	3.16
PTHR12298	3190.0	3044.07	3.0	1.34	2.68
PTHR10638	5205.0	5146.62	27.0	3.05	6.13
PTHR10634	3453.0	3365.43	60.0	13.53	27.2
PTHR10631	5211.92	5095.16	11.0	3.11	6.23
PTHR10984	8039.0	7776.34	24.0	8.06	16.17
PTHR12858	4115.0	4027.43	6.0	1.22	2.46
PTHR13505	1413.44	1355.1	9.0	2.51	5.04
PTHR12850	1703.0	1615.47	367.0	287.27	577.09
PTHR12856	2244.86	2186.48	4.0	1.13	2.28
PTHR12855	630.0	600.81	0.0	0.0	0.0
PTHR12854	586.0	556.81	0.0	0.0	0.0
PTHR13182	2350.26	2262.71	8.0	1.63	3.28
PTHR10182	3042.01	2983.63	27.0	6.49	13.04
PTHR10743	3017.0	2929.43	10.0	2.57	5.17
PTHR10742	21199.91	20791.33	105.0	16.96	34.03
PTHR10745	2931.0	2872.63	14.0	2.24	4.5
PTHR10744	4220.35	4074.4	415.0	169.8	341.1
PTHR10746	3079.0	3020.62	26.0	5.84	11.74
PTHR12924	1393.0	1363.81	20.0	4.37	8.77
PTHR11659	2056.0	2026.81	17.0	2.49	5.0
PTHR11525	1485.55	1456.36	3.0	0.61	1.23
PTHR11349	4953.0	4748.69	27.97	12.01	24.12
PTHR10566	37301.01	36571.36	140.0	26.95	54.16
PTHR10293	5586.0	5381.7	41.0	14.83	29.78
PTHR10291	1907.0	1877.81	5.0	0.79	1.59
PTHR11584	8664.8	8548.04	40.0	4.75	9.56
PTHR11586	1144.0	1114.81	7.0	1.87	3.76
PTHR11918	6337.43	6249.86	11.0	1.51	3.02
PTHR11909	9944.02	9710.5	109.64	20.99	42.16
PTHR24320	7290.0	7085.68	17.0	5.4	10.86
PTHR24322	25932.83	25319.9	80.0	16.08	32.29
PTHR11907	2195.0	2165.81	34.0	4.66	9.36
PTHR11760	1844.0	1785.63	224.81	96.02	192.89
PTHR11761	1004.0	945.63	1835.02	1054.39	2118.19
PTHR11766	1859.0	1829.81	17.0	2.76	5.55
PTHR11767	9575.0	9399.87	26.0	4.38	8.8
PTHR10361	10165.62	9990.49	57.0	9.53	19.14
PTHR10366	39727.1	38880.67	493.0	105.99	212.91
PTHR10169	9769.0	9623.05	41.0	5.91	11.86
PTHR32442	2058.0	2028.81	27.0	3.95	7.94
PTHR20973	1508.64	1479.45	8.0	1.61	3.23
PTHR10165	3527.58	3440.02	11.0	2.76	5.54
PTHR31032	3420.0	3361.62	25.0	4.42	8.88
PTHR23257	43689.26	42784.62	174.0	31.39	63.06
PTHR23253	6696.0	6433.32	30.0	11.29	22.67
PTHR14190	3107.0	3077.81	17.0	1.64	3.29
PTHR14194	9663.99	9459.67	44.0	8.26	16.57
PTHR31251	7521.0	7433.43	21.0	2.46	4.94
PTHR23074	18317.43	18054.73	96.0	16.13	32.4
PTHR23077	17644.0	17293.74	169.0	34.11	68.51
PTHR23076	34983.14	34311.8	345.66	55.49	111.48
PTHR23073	14069.0	13718.74	286.0	64.32	129.23
PTHR12560	4399.17	4311.6	5.0	0.81	1.62
PTHR23078	3662.42	3574.85	26.0	3.57	7.17
PTHR11165	2087.0	2028.62	40.0	11.68	23.46
PTHR32100	7852.33	7648.02	111.0	20.76	41.71
PTHR14534	1470.0	1440.81	3.0	0.62	1.24
PTHR14445	2498.0	2439.64	3.0	0.43	0.86
PTHR23109	3878.0	3790.43	2.0	0.44	0.88
PTHR23102	4615.83	4528.26	11.0	2.02	4.06
PTHR23105	11897.2	11517.76	1391.11	623.47	1252.46
PTHR11010	6125.0	5949.93	9.0	1.24	2.49
PTHR11014	10412.0	10266.05	52.0	8.4	16.89
PTHR14152	2119.0	2060.62	1.0	0.55	1.11
PTHR12668	3326.0	3238.43	27.0	6.62	13.29
PTHR12661	1273.67	1244.48	0.0	0.0	0.0
PTHR12663	6316.0	6170.05	6.0	1.78	3.56
PTHR12664	1370.0	1340.81	6.0	1.33	2.68
PTHR16166	24672.64	24380.77	70.0	6.67	13.4
PTHR12111	3222.0	3163.62	6.0	1.14	2.3
PTHR12446	2794.5	2706.93	7.0	2.23	4.48
PTHR12447	2104.0	2045.62	4.0	1.09	2.2
PTHR15481	676.0	646.81	0.0	0.0	0.0
PTHR26379	2125.0	2095.81	8.0	1.13	2.28
PTHR12599	2599.67	2541.29	29.0	6.69	13.45
PTHR12596	6429.35	6312.6	33.0	4.07	8.18
PTHR12590	1405.0	1346.63	0.0	0.0	0.0
PTHR12066	1622.5	1505.81	1.0	0.78	1.57
PTHR12064	3300.0	3212.43	1.0	0.28	0.56
PTHR13226	1136.51	1107.33	2.0	0.54	1.08
PTHR13889	6042.0	5896.05	12.0	3.49	7.01
PTHR13887	2401.0	2313.48	3.0	0.87	1.75
PTHR21181	2169.0	2110.62	4.0	1.23	2.47
PTHR13948	2200.0	2112.46	3.0	1.41	2.83
PTHR10459	6998.0	6793.69	8.0	1.08	2.17
PTHR12146	2030.0	1942.43	75.0	42.02	84.43
PTHR10458	2665.0	2606.62	7.0	1.53	3.06
PTHR19306	4757.32	4698.94	30.0	3.75	7.54
PTHR21506	2890.0	2860.81	4.0	0.41	0.83
PTHR12280	4615.0	4469.1	17.0	3.84	7.7
PTHR12281	3091.0	2974.25	21.0	4.33	8.7
PTHR12286	4051.0	3963.46	17.0	2.78	5.56
PTHR30573	3005.0	2946.62	2.0	0.66	1.32
PTHR22983	5735.0	5647.44	1.0	0.06	0.13
PTHR22981	9889.0	9743.05	92.0	10.36	20.8
PTHR10947	3170.0	3111.62	3.0	0.4	0.81
PTHR30191	3929.97	3784.07	21.0	4.39	8.8
PTHR13082	731.0	701.81	8.0	3.42	6.87
PTHR10629	11019.0	10814.67	3.0	0.8	1.61
PTHR10994	46742.27	45808.24	164.0	31.36	63.03
PTHR10996	11256.75	11023.25	45.0	7.2	14.49
PTHR10625	13112.4	12849.7	25.0	5.56	11.17
PTHR10992	54793.56	53684.4	340.99	75.92	152.5
PTHR10993	1821.0	1762.63	6.0	1.81	3.62
PTHR17695	4723.0	4518.75	1.0	0.18	0.37
PTHR12848	5778.0	5719.62	9.0	0.96	1.94
PTHR12849	2506.0	2447.63	4.0	0.58	1.17
PTHR21712	1361.0	1331.81	4.0	0.89	1.8
PTHR12847	6120.76	5974.81	23.0	5.38	10.79
PTHR12841	993.0	963.81	3.0	0.93	1.87
PTHR21290	841.0	811.81	1.0	0.37	0.74
PTHR21349	1424.0	1394.81	2.0	0.43	0.86
PTHR21347	2736.17	2677.8	25.0	3.51	7.06
PTHR21343	2324.0	2294.81	4.0	0.52	1.04
PTHR10196	7806.0	7689.24	13.0	1.59	3.19
PTHR10192	1632.0	1544.46	4.0	2.13	4.28
PTHR10751	12318.5	12114.18	38.0	5.18	10.41
PTHR10755	2605.0	2546.62	3.0	0.53	1.07
PTHR10758	4002.0	3914.43	37.0	7.73	15.52
PTHR10759	1840.0	1752.45	39.0	19.5	39.17
PTHR12932	1315.48	1286.29	94.0	21.77	43.73
PTHR12934	2352.29	2293.92	32.0	7.64	15.35
PTHR11451	9776.87	9630.94	59.0	9.45	18.97
PTHR10288	6432.33	6169.69	24.0	7.53	15.13
PTHR11800	2782.37	2723.99	39.0	8.26	16.59
PTHR11802	12484.0	12133.77	78.04	14.2	28.51
PTHR11804	10050.0	9904.05	35.94	5.84	11.73
PTHR11807	6019.0	5931.44	7.0	1.04	2.11
PTHR11374	3442.0	3383.62	29.0	4.53	9.11
PTHR11808	6399.24	6224.18	19.0	2.83	5.68
PTHR10283	14022.0	13788.48	20.0	3.11	6.24
PTHR10285	16806.99	16456.71	1180.44	520.18	1044.98
PTHR10286	31679.79	31241.98	75.0	16.03	32.21
PTHR11579	1844.0	1814.81	10.0	1.64	3.29
PTHR13355	3876.0	3788.43	12.0	2.24	4.49
PTHR13718	5851.03	5646.75	834.18	348.91	700.92
PTHR13711	7527.0	7351.88	13.0	6.48	13.02
PTHR13710	16975.5	16625.24	10.0	1.61	3.24
PTHR11977	7117.05	7058.67	17.0	1.29	2.6
PTHR22970	885.0	826.65	0.0	0.0	0.0
PTHR11972	4777.84	4602.79	4.0	0.78	1.56
PTHR31480	1828.0	1798.81	1.0	0.17	0.33
PTHR31485	13728.13	13494.63	26.0	4.9	9.85
PTHR11715	936.0	906.81	18.0	5.93	11.92
PTHR11717	3162.0	3074.43	15.0	3.92	7.88
PTHR11711	14695.14	14315.69	816.0	215.67	433.3
PTHR11712	7259.55	7113.61	45.0	7.42	14.9
PTHR10374	5809.0	5692.24	77.0	13.31	26.76
PTHR10178	2590.68	2532.33	9.0	1.22	2.45
PTHR20961	42243.23	41396.88	90.0	18.32	36.84
PTHR10173	6524.0	6319.67	90.0	29.12	58.51
PTHR10177	8970.0	8824.05	12.0	1.64	3.28
PTHR10174	13891.02	13569.99	82.0	21.49	43.16
PTHR23249	1542.0	1483.62	3.0	0.99	1.98
PTHR23244	17182.01	16802.58	45.0	7.14	14.36
PTHR23245	3719.0	3573.08	3.0	0.84	1.69
PTHR23240	3192.0	3104.43	0.0	0.0	0.0
PTHR14614	5043.0	4897.05	3.0	1.04	2.09
PTHR31268	3191.0	3161.81	162.0	15.19	30.51
PTHR31262	1912.48	1854.1	377065.13	108979.35	218930.65
PTHR23063	1995.0	1965.81	18.0	2.72	5.46
PTHR11620	773.41	744.23	35.39	14.25	28.62
PTHR11624	12087.21	11795.36	260.0	43.72	87.82
PTHR11627	6967.76	6792.67	52629.85	38154.53	76649.36
PTHR11390	6747.8	6572.66	9.0	2.68	5.39
PTHR14052	981.0	951.81	1.0	0.31	0.63
PTHR32118	1994.0	1964.81	41.0	6.2	12.45
PTHR23117	4651.0	4534.26	9.0	1.48	2.97
PTHR23115	54101.77	53138.57	11025.93	2384.61	4790.51
PTHR11028	1441.28	1412.1	28.0	5.9	11.86
PTHR11024	2940.0	2881.62	23.0	4.98	10.01
PTHR15081	2072.0	2013.62	2.0	0.59	1.19
PTHR12616	1754.36	1725.18	0.0	0.0	0.0
PTHR12613	2047.0	2017.81	23.0	3.39	6.8
PTHR12612	1255.0	1196.62	22.0	9.79	19.68
PTHR32060	4923.6	4865.23	131.0	15.76	31.65
PTHR12126	3741.0	3653.43	27.0	5.13	10.31
PTHR12124	8532.0	8356.86	14.0	1.49	2.99
PTHR22734	3834.0	3717.26	7.0	1.42	2.85
PTHR12121	11683.03	11478.74	32.0	3.79	7.61
PTHR12438	1875.0	1816.62	8.0	2.67	5.37
PTHR15492	304.0	274.86	0.0	0.0	0.0
PTHR21426	3195.0	3165.81	12.0	1.12	2.26
PTHR21427	1918.0	1888.81	9.0	1.42	2.84
PTHR19372	3236.0	3177.63	4.0	0.43	0.87
PTHR19370	10438.0	10204.55	22.0	5.01	10.05
PTHR19376	15026.0	14646.55	29.0	4.93	9.91
PTHR19375	24274.59	23690.92	938.81	308.96	620.67
PTHR12725	4063.37	3975.8	7.17	2.03	4.09
PTHR13890	11055.4	10763.55	29.0	7.17	14.38
PTHR22883	13251.83	12959.97	67.0	12.91	25.91
PTHR22880	4174.97	4058.24	42.0	8.43	16.94
PTHR12542	26632.73	26194.88	114.0	17.44	35.05
PTHR12547	3015.09	2927.54	4.0	0.63	1.26
PTHR12436	2931.0	2814.27	7.0	3.12	6.28
PTHR10114	1704.0	1616.46	25.0	13.29	26.72
PTHR21512	1767.26	1738.08	8.0	1.37	2.75
PTHR30508	4145.08	4086.7	162.0	23.58	47.37
PTHR14744	1498.0	1468.81	3.0	0.61	1.22
PTHR30502	2034.0	2004.81	1.0	0.15	0.3
PTHR10617	9280.21	9046.75	183.0	62.29	125.13
PTHR10615	3558.5	3470.97	4.0	0.58	1.17
PTHR13527	1192.0	1162.81	2.0	0.51	1.03
PTHR22958	1985.17	1926.8	0.0	0.0	0.0
PTHR22951	4429.0	4370.62	24.0	3.19	6.4
PTHR22950	22027.5	21677.26	64.0	10.35	20.8
PTHR22953	9184.0	8921.33	53.0	8.71	17.52
PTHR22952	31507.53	30923.83	534.03	93.0	186.86
PTHR22957	24258.45	23674.71	94.0	16.94	34.03
PTHR21600	3270.0	3211.62	2.0	0.38	0.76
PTHR24056	19529.32	19149.89	94.0	15.59	31.32
PTHR24054	1897.0	1838.62	29.0	10.07	20.23
PTHR24055	15375.59	14996.17	72.0	18.66	37.48
PTHR24058	6742.05	6683.67	35.0	3.15	6.34
PTHR10766	21779.53	21283.31	285.0	56.28	113.05
PTHR10762	3492.0	3404.43	4.0	0.6	1.2
PTHR30031	4790.21	4702.65	417.0	72.54	145.71
PTHR12945	1957.0	1898.62	2.0	0.46	0.92
PTHR12944	1303.0	1244.62	2.0	0.98	1.97
PTHR24128	3754.0	3666.43	8.0	1.57	3.14
PTHR13096	3108.0	3049.62	4.0	0.8	1.61
PTHR11364	1678.0	1648.81	4.0	0.72	1.45
PTHR11365	4245.0	4186.62	9.0	1.5	3.02
PTHR10548	5651.17	5446.9	17.0	8.72	17.51
PTHR11817	13966.95	13762.62	278.94	38.4	77.17
PTHR11814	12671.54	12408.91	41.0	12.78	25.68
PTHR11363	1856.0	1826.81	36.0	5.86	11.76
PTHR10543	3919.8	3861.46	12.0	1.51	3.04
PTHR11819	5507.17	5419.6	13.0	3.56	7.15
PTHR13931	2437.75	2379.42	13.0	1.83	3.68
PTHR10544	1515.0	1456.62	20.0	8.53	17.14
PTHR11562	9579.03	9403.9	41.0	8.16	16.4
PTHR11566	18446.88	18242.55	138.0	18.26	36.67
PTHR11567	2924.0	2836.43	6.0	1.79	3.59
PTHR11564	8498.0	8322.87	93.0	18.11	36.39
PTHR11962	3684.0	3625.62	5.0	0.81	1.63
PTHR11963	1380.1	1350.92	13.0	2.87	5.76
PTHR24315	1283.49	1254.3	41.0	9.74	19.56
PTHR10381	11569.58	11306.87	246.0	56.32	113.16
PTHR10383	3092.0	3033.62	18.0	3.03	6.09
PTHR11932	11373.0	11227.05	87.83	10.64	21.41
PTHR11702	13040.0	12718.97	26.03	6.32	12.67
PTHR11700	2332.0	2244.43	683.0	376.49	756.35
PTHR10388	1596.23	1537.86	109.0	36.28	72.88
PTHR11709	28584.82	28117.83	97.0	11.15	22.4
PTHR11070	10162.52	10016.59	19.0	3.56	7.17
PTHR10145	3639.0	3580.62	12.0	3.19	6.42
PTHR23273	2217.0	2158.62	6.0	1.71	3.43
PTHR23163	3178.0	3148.81	22.0	2.07	4.16
PTHR23050	2272.0	2155.27	138.83	43.06	86.51
PTHR23056	2601.25	2542.87	36.0	8.54	17.14
PTHR23054	10025.0	9791.48	38.0	8.61	17.32
PTHR11638	17110.0	16788.92	477.0	65.24	131.05
PTHR31783	5216.0	5186.81	16.0	0.91	1.83
PTHR11632	5730.92	5643.36	91.0	12.38	24.87
PTHR11630	18267.0	17858.4	41.0	8.21	16.48
PTHR11140	8899.29	8665.87	121.84	18.01	36.2
PTHR11141	8368.86	8252.11	17.0	2.32	4.66
PTHR11142	9277.0	9014.34	5.0	1.33	2.68
PTHR11143	2362.0	2274.43	174.0	66.59	133.79
PTHR11380	520.0	490.81	2.0	1.23	2.47
PTHR11384	14719.34	14369.14	74.0	13.65	27.44
PTHR32477	4214.0	4184.81	5.0	0.35	0.71
PTHR14043	5835.0	5630.71	5.0	1.24	2.49
PTHR32472	1097.0	1067.81	0.0	0.0	0.0
PTHR31658	3976.0	3888.43	8.0	1.42	2.85
PTHR22884	35330.5	34513.23	35.0	8.03	16.15
PTHR23125	52965.29	52148.01	490.0	69.36	139.33
PTHR12050	962.0	932.81	4.0	1.28	2.57
PTHR19211	30039.3	29251.39	5120.71	511.46	1027.47
PTHR12608	6003.34	5857.43	13.0	2.72	5.45
PTHR12604	2847.0	2759.44	1.0	0.16	0.32
PTHR12603	6949.42	6891.04	47.0	3.63	7.29
PTHR32091	2628.0	2540.43	8.0	3.19	6.4
PTHR32098	1728.0	1698.81	5.0	0.87	1.76
PTHR18763	982.5	953.31	0.0	0.0	0.0
PTHR22726	955.0	925.81	2.0	0.65	1.3
PTHR22727	8115.0	8056.62	25.0	1.77	3.56
PTHR12428	4497.8	4410.23	42.0	9.12	18.33
PTHR18968	9764.25	9530.75	86.0	14.33	28.79
PTHR12735	2529.59	2442.03	48.0	16.63	33.39
PTHR15020	4281.0	4193.43	46.0	10.68	21.45
PTHR12049	2779.0	2691.43	7.0	2.41	4.86
PTHR12558	7881.4	7706.26	18.0	4.73	9.5
PTHR12553	12750.01	12487.3	32.0	5.93	11.9
PTHR24072	4773.39	4627.45	74.09	18.76	37.68
PTHR10496	1927.0	1839.45	44.0	20.34	40.86
PTHR21569	5641.0	5465.86	120.99	46.22	92.85
PTHR21567	6104.0	6045.62	5.0	1.34	2.7
PTHR13950	1367.0	1308.62	4.0	1.78	3.57
PTHR12133	1311.0	1281.81	1.0	0.23	0.47
PTHR10972	7522.0	7434.43	25.0	2.79	5.6
PTHR21704	5009.1	4979.92	7.0	0.42	0.84
PTHR10606	5578.5	5490.93	7.0	1.68	3.39
PTHR10971	3431.0	3343.43	13.0	3.39	6.81
PTHR22942	9618.15	9384.66	112.94	23.05	46.3
PTHR13395	1715.0	1685.81	1.0	0.18	0.35
PTHR22891	13423.46	13160.84	37.0	7.56	15.16
PTHR21368	2025.0	1966.62	21.0	6.39	12.84
PTHR24067	27284.16	26525.26	215.0	53.42	107.33
PTHR24064	11364.67	11101.98	20.0	4.16	8.37
PTHR24063	22259.15	21646.3	82.0	23.24	46.67
PTHR21011	2936.0	2848.43	40.0	12.85	25.82
PTHR10772	3181.0	3064.24	41.0	12.81	25.76
PTHR10774	40835.83	39930.96	285.98	76.49	153.67
PTHR24068	3582.0	3436.08	39.0	11.39	22.88
PTHR19980	1359.0	1329.81	1.0	0.22	0.45
PTHR12959	1345.2	1316.01	5.0	1.13	2.27
PTHR24115	31184.11	30600.43	38.0	6.93	13.93
PTHR10961	1537.0	1507.81	2.0	0.39	0.79
PTHR11825	14249.58	13957.71	87.0	22.18	44.55
PTHR10809	1509.0	1479.81	20.0	4.02	8.08
PTHR11822	3993.0	3905.43	24.0	4.16	8.38
PTHR10555	4137.0	4049.43	12.0	2.93	5.89
PTHR10806	467.0	437.82	6.0	4.14	8.32
PTHR10804	18964.23	18468.1	111.0	22.76	45.7
PTHR11556	5963.27	5846.51	136.01	26.12	52.46
PTHR22838	2587.0	2528.62	16.0	3.72	7.47
PTHR11558	3441.0	3382.62	7.0	1.31	2.64
PTHR13773	1677.0	1618.62	4.0	1.38	2.78
PTHR11953	3462.0	3374.43	13.0	3.31	6.65
PTHR11956	3977.0	3831.12	10.0	2.39	4.81
PTHR11959	3823.0	3764.62	138.0	21.62	43.44
PTHR11739	3709.0	3650.62	69.0	9.74	19.57
PTHR11732	20748.05	20251.83	217.0	50.3	101.1
PTHR11731	11450.14	11304.19	65.0	9.64	19.38
PTHR11730	7446.0	7358.43	45.0	4.74	9.54
PTHR11735	3156.39	3098.02	4.0	0.9	1.82
PTHR10394	2972.0	2855.28	254.0	118.45	237.96
PTHR20941	3390.0	3302.43	5.0	1.31	2.64
PTHR10150	2488.67	2430.29	2.0	0.48	0.97
PTHR31065	5558.41	5470.85	52.0	9.03	18.16
PTHR10159	21481.57	20868.72	177.0	39.75	79.87
PTHR31066	1501.55	1472.36	2.0	0.4	0.81
PTHR13604	1686.77	1657.59	7.0	1.26	2.52
PTHR23264	6520.0	6344.89	23.0	5.02	10.09
PTHR23269	1661.0	1602.62	0.0	0.0	0.0
PTHR31204	845.0	815.81	0.0	0.0	0.0
PTHR31201	4045.7	3987.32	65.0	9.69	19.46
PTHR31209	1774.0	1744.81	14.0	2.38	4.79
PTHR11607	13045.0	12811.53	44.0	6.3	12.66
PTHR11606	1705.0	1675.81	31.0	5.5	11.05
PTHR11601	4883.0	4795.43	31.0	5.03	10.11
PTHR32467	673.0	643.81	0.0	0.0	0.0
PTHR31840	747.0	717.81	1.0	0.42	0.84
PTHR23130	19049.48	18640.84	82.0	15.86	31.89
PTHR23133	1283.0	1253.81	8.0	1.9	3.82
PTHR23135	6705.44	6471.96	11.0	5.36	10.78
PTHR23138	3943.0	3855.43	47.0	12.05	24.21
PTHR23139	6704.0	6499.69	30.0	8.45	16.98
PTHR31682	2590.33	2531.96	16.0	3.42	6.87
PTHR11040	7876.0	7671.69	19.0	3.74	7.5
PTHR11043	2693.75	2606.18	15.0	4.64	9.31
PTHR11048	5173.0	4997.95	41.0	6.68	13.43
PTHR14005	6296.44	6208.88	33.0	6.49	13.05
PTHR15818	2358.0	2299.63	3.0	0.47	0.94
PTHR12636	1194.0	1164.81	0.0	0.0	0.0
PTHR14490	583.0	553.81	1.0	0.54	1.09
PTHR14493	24668.74	24143.39	130.0	16.18	32.5
PTHR15651	2649.0	2590.62	5.0	1.15	2.31
PTHR12380	3339.25	3222.54	29.0	8.82	17.72
PTHR12385	1725.0	1695.81	2.0	0.35	0.7
PTHR12706	1677.0	1589.45	0.0	0.0	0.0
PTHR12709	2190.0	2131.62	0.0	0.0	0.0
PTHR19957	15868.62	15576.73	102.0	18.42	37.01
PTHR30239	2088.0	2058.81	14.0	2.02	4.06
PTHR11751	24688.72	24280.07	211.0	31.37	63.03
PTHR12097	4389.0	4359.81	23.0	1.56	3.14
PTHR11752	39074.33	38286.25	83.0	16.42	32.97
PTHR21576	18796.0	18416.53	40.0	7.08	14.22
PTHR10046	4551.0	4405.07	34.04	10.87	21.82
PTHR12419	8154.0	7978.9	13.0	2.58	5.19
PTHR11757	1182.0	1123.64	0.0	0.0	0.0
PTHR30525	1857.0	1827.81	11.0	1.79	3.59
PTHR12413	2437.51	2379.14	4.0	1.26	2.55
PTHR12412	2440.0	2381.62	11.0	2.72	5.46
PTHR12411	106679.88	104666.04	1053.0	190.47	382.62
PTHR24420	798191.45	782170.12	2607.47	444.65	893.21
PTHR12415	2032.68	1916.0	5.0	3.1	6.21
PTHR21717	1149.33	1090.97	3.0	1.97	3.96
PTHR10943	8187.0	7982.81	109.0	18.6	37.38
PTHR12897	2303.0	2215.47	4.0	1.94	3.9
PTHR12894	5127.0	4981.06	23.0	5.91	11.86
PTHR12891	3140.0	3081.62	9.0	2.53	5.08
PTHR22976	8943.78	8768.64	78.0	13.29	26.69
PTHR22975	2718.27	2659.89	9.0	2.17	4.37
PTHR21377	2689.0	2601.44	30.0	9.17	18.43
PTHR21371	2810.0	2722.43	231.0	95.36	191.58
PTHR21373	2815.0	2785.81	0.0	0.0	0.0
PTHR22573	8959.08	8813.14	89.0	12.95	26.01
PTHR22572	16968.0	16559.38	186.0	34.3	68.92
PTHR13060	1279.0	1249.81	1.0	0.24	0.48
PTHR21000	2341.0	2282.62	19.0	4.91	9.87
PTHR10701	2709.0	2650.62	5.0	1.13	2.28
PTHR13161	1042.0	983.64	1.0	0.82	1.65
PTHR13162	8697.0	8521.89	43.0	6.93	13.92
PTHR13165	1364.0	1334.81	7.0	1.56	3.14
PTHR21396	1771.0	1712.62	4.0	1.7	3.42
PTHR12965	4290.41	4261.22	21.0	1.46	2.93
PTHR12459	3932.0	3844.43	5.0	0.97	1.94
PTHR10681	4322.0	4205.25	53.0	13.17	26.46
PTHR24106	3870.0	3782.44	5.0	0.91	1.83
PTHR24103	1524.0	1465.62	1.0	0.41	0.82
PTHR11540	4606.0	4460.08	43.0	11.73	23.55
PTHR10836	7844.0	7610.53	875.59	401.8	807.19
PTHR10835	2526.0	2496.81	10.0	1.19	2.39
PTHR11545	4425.0	4279.05	35.0	12.04	24.18
PTHR10012	2019.0	1960.62	1.0	0.22	0.44
PTHR13768	2102.0	2043.63	34.0	6.18	12.42
PTHR24078	26375.74	25821.15	109.0	22.57	45.35
PTHR11946	29848.0	29235.06	88.99	16.5	33.13
PTHR11947	4329.0	4241.43	9.0	2.08	4.19
PTHR11941	8378.66	8203.52	60.0	11.54	23.21
PTHR10497	1890.45	1802.9	112.51	65.77	132.12
PTHR24073	30961.72	30202.81	360.0	80.38	161.48
PTHR10491	1645.0	1615.81	1.0	0.18	0.37
PTHR24076	25153.44	24598.88	310.0	62.96	126.51
PTHR24077	12268.0	11917.75	34.0	9.85	19.81
PTHR11728	4606.0	4547.62	17.0	2.31	4.66
PTHR11726	2573.0	2456.28	777.99	589.59	1184.42
PTHR11727	2556.0	2468.46	8.0	2.92	5.88
PTHR11721	1935.0	1847.44	52.0	28.94	58.14
PTHR11722	2642.0	2554.43	261.56	122.23	245.55
PTHR10120	3887.0	3828.62	19.0	2.96	5.94
PTHR10122	1337.0	1278.64	19.0	7.2	14.48
PTHR11831	3376.0	3259.24	883.03	434.64	873.16
PTHR11835	5131.0	5043.43	8.0	1.54	3.1
PTHR11614	8653.24	8507.29	128.0	21.72	43.66
PTHR11615	6120.0	5974.09	37.0	5.37	10.8
PTHR11618	2456.0	2368.45	4.0	1.14	2.27
PTHR14140	2240.0	2210.81	0.0	0.0	0.0
PTHR32419	3181.0	3122.62	35.0	6.95	13.97
PTHR10231	5696.45	5521.34	40.0	10.22	20.52
PTHR10233	4912.0	4824.43	13.0	2.37	4.77
PTHR20922	3572.17	3484.61	59.0	10.82	21.73
PTHR31503	3395.0	3336.62	22.0	3.97	7.97
PTHR23147	2895.23	2836.86	12.0	2.36	4.72
PTHR23140	3945.0	3915.81	11.0	0.83	1.67
PTHR23142	4201.35	4142.98	21.0	4.63	9.3
PTHR23149	1314.0	1284.81	2.0	0.46	0.93
PTHR23148	1604.67	1546.3	16.0	4.54	9.12
PTHR11361	25715.0	25102.12	65.0	13.32	26.73
PTHR11056	3311.0	3252.62	57.0	7.33	14.73
PTHR11055	4102.0	4043.62	18.0	2.75	5.53
PTHR32523	2845.0	2786.62	5.0	1.09	2.19
PTHR31695	3055.0	3025.81	30.0	2.94	5.91
PTHR10540	4617.4	4500.64	55.93	12.71	25.52
PTHR12629	1354.0	1324.81	7.0	1.57	3.16
PTHR18945	23155.98	22601.5	61.0	12.6	25.33
PTHR26402	6934.02	6817.28	28.0	4.2	8.44
PTHR19384	13440.34	13119.29	112.0	23.28	46.77
PTHR12714	5372.0	5255.24	46.0	11.07	22.25
PTHR32251	1877.37	1819.0	15.0	4.98	10.01
PTHR12570	3739.0	3680.62	21.0	3.43	6.89
PTHR21494	820.81	791.62	3.0	1.13	2.28
PTHR21496	3116.0	3057.62	14.0	2.63	5.29
PTHR21493	24224.63	23699.36	57.0	12.06	24.26
PTHR21499	8881.0	8793.43	18.0	1.71	3.41
PTHR21148	2472.0	2413.62	3.0	0.75	1.51
PTHR12083	1537.0	1507.81	2.0	0.39	0.79
PTHR22904	39503.08	38598.27	201.0	43.47	87.33
PTHR13976	1919.0	1860.62	10.0	2.89	5.82
PTHR19855	1463.0	1404.62	2.0	0.89	1.79
PTHR13353	1393.0	1363.81	10.0	2.18	4.39
PTHR16128	4133.0	4074.62	2.0	0.31	0.61
PTHR12400	1611.0	1552.62	3.0	1.12	2.26
PTHR12403	2068.0	2009.62	12.0	4.05	8.14
PTHR30314	3866.57	3808.2	37.0	6.97	14.01
PTHR12882	1213.0	1183.81	5.0	1.26	2.53
PTHR12883	1564.04	1505.68	14.0	3.61	7.26
PTHR16255	1561.0	1531.81	1.0	0.19	0.39
PTHR16254	11239.0	11063.86	42.0	6.63	13.36
PTHR22960	2729.0	2670.62	6.0	0.83	1.66
PTHR13373	2748.0	2718.81	2.0	0.22	0.44
PTHR13375	2115.0	2085.81	1.0	0.14	0.29
PTHR22967	3388.0	3300.43	10.0	2.14	4.28
PTHR19858	3353.77	3266.2	7.0	1.81	3.63
PTHR30222	2496.0	2466.81	1.0	0.12	0.24
PTHR13115	3587.0	3470.27	5.0	1.13	2.26
PTHR13117	1934.0	1875.62	1.0	0.22	0.45
PTHR13285	342.0	312.84	0.0	0.0	0.0
PTHR13288	1892.0	1804.46	1.0	0.44	0.89
PTHR10953	16568.0	16246.91	73.0	15.11	30.37
PTHR10954	2020.0	1961.62	5.0	1.56	3.13
PTHR21726	4221.0	4133.43	16.0	4.54	9.12
PTHR10956	1449.0	1361.47	29.0	19.44	39.05
PTHR11538	4423.0	4335.46	7.0	1.04	2.09
PTHR10826	1871.0	1812.62	6.0	2.56	5.14
PTHR11533	7232.21	7144.7	129.45	13.76	27.66
PTHR11532	2839.0	2751.43	2.0	0.76	1.52
PTHR10000	5519.32	5402.57	47.0	9.9	19.88
PTHR13021	1265.0	1235.81	2.0	0.48	0.97
PTHR12290	1934.04	1875.66	6.0	1.92	3.87
PTHR11706	8796.73	8650.82	24.0	3.45	6.94
PTHR24007	3183.0	3037.1	4.0	1.23	2.48
PTHR24006	37200.15	36558.05	117.0	22.12	44.35
PTHR24003	20568.7	20160.07	83.94	16.37	32.84
PTHR31446	2688.0	2600.43	8.0	2.81	5.64
PTHR31190	17181.34	16831.12	67.0	13.3	26.73
PTHR11441	1696.0	1666.81	0.0	0.0	0.0
PTHR11440	7941.0	7707.5	26.0	6.14	12.33
PTHR11999	6822.67	6735.11	231.0	33.04	66.37
PTHR11998	7081.16	6935.27	74.0	11.41	22.92
PTHR11449	1936.0	1848.44	159.0	110.08	221.15
PTHR11994	2577.0	2489.43	2568.54	1180.11	2370.74
PTHR10133	9328.0	9123.67	8.0	1.85	3.71
PTHR13620	5635.78	5402.4	4.0	2.86	5.74
PTHR11705	1418.5	1389.31	0.0	0.0	0.0
PTHR11847	2008.55	1950.17	401.29	195.05	391.83
PTHR11843	1653.0	1594.62	690.96	338.46	679.95
PTHR13138	812.0	782.81	0.0	0.0	0.0
PTHR11661	3053.72	2936.97	558.5	232.16	466.42
PTHR11662	17809.46	17400.89	53.0	10.72	21.53
PTHR11669	4517.0	4400.24	8.0	2.26	4.54
PTHR11668	22843.7	22405.88	200.27	31.38	63.04
PTHR20856	12738.34	12592.42	45.0	3.53	7.1
PTHR20854	10174.3	9969.97	28.0	5.47	11.01
PTHR20855	2667.0	2637.81	51.0	5.74	11.52
PTHR20852	10687.0	10365.96	3951.0	740.01	1486.61
PTHR32404	4980.14	4892.58	21.0	4.03	8.11
PTHR20858	3865.0	3806.62	1.0	0.26	0.51
PTHR30603	4565.53	4507.16	58.0	7.82	15.7
PTHR14898	2928.06	2898.88	20.0	2.05	4.11
PTHR14237	4503.0	4298.7	10.0	3.75	7.54
PTHR14894	2447.0	2417.81	6.0	0.74	1.48
PTHR23155	237426.09	232026.98	313.02	57.75	116.0
PTHR23153	3688.0	3629.62	8.0	1.22	2.46
PTHR23151	15952.04	15485.07	130.0	36.33	73.0
PTHR11063	2616.0	2586.81	56.0	6.42	12.9
PTHR11062	68000.08	66774.39	119.0	21.86	43.95
PTHR11061	8133.0	7899.5	11.0	4.87	9.77
PTHR11065	2367.51	2338.32	22.0	2.79	5.61
PTHR11064	2782.0	2694.43	25.0	6.78	13.63
PTHR11260	17727.89	17290.06	249.0	56.44	113.36
PTHR11266	5517.0	5371.05	14.0	3.98	8.0
PTHR13501	2149.0	2090.63	3.0	0.53	1.06
PTHR31998	5674.0	5557.24	343.42	44.44	89.28
PTHR31221	48320.62	47357.56	124.0	26.98	54.2
PTHR22881	811.53	782.34	12.0	4.59	9.22
PTHR15838	725.0	666.67	0.0	0.0	0.0
PTHR22836	1637.0	1607.81	1.0	0.18	0.37
PTHR32338	1758.0	1728.81	36.0	6.19	12.43
PTHR23270	5017.5	4842.43	1.0	0.38	0.76
PTHR31407	4788.0	4671.24	10.0	2.5	5.02
PTHR12363	9756.41	9610.47	20.0	3.84	7.72
PTHR20932	4358.0	4299.62	15.0	2.05	4.12
PTHR18952	6261.3	6115.37	24.0	3.91	7.85
PTHR21213	1183.42	1154.24	7.0	1.81	3.63
PTHR12765	2480.0	2363.26	6.0	3.04	6.09
PTHR12505	3050.0	2991.62	8.0	1.54	3.1
PTHR22603	1324.0	1294.81	0.0	0.0	0.0
PTHR22604	10640.83	10348.94	36.0	9.03	18.13
PTHR21481	3735.87	3706.68	9.0	0.72	1.45
PTHR23029	13416.23	13153.52	45.0	9.0	18.09
PTHR22778	766.0	736.81	1.0	0.41	0.82
PTHR19446	7694.0	7577.25	1.0	0.06	0.12
PTHR12219	914.0	884.81	10.0	3.38	6.79
PTHR13561	5857.0	5740.24	3.0	0.68	1.35
PTHR13563	1451.0	1421.81	0.0	0.0	0.0
PTHR12210	18618.48	18268.2	86.0	18.41	36.99
PTHR12215	2706.0	2647.62	2.0	0.5	1.0
PTHR12214	927.0	897.81	2.0	0.67	1.34
PTHR22915	9552.71	9348.38	51.0	9.45	18.97
PTHR22911	9585.69	9410.56	112.0	16.97	34.08
PTHR22912	14708.01	14445.32	189.0	30.02	60.3
PTHR12183	7093.0	6917.86	43.0	9.52	19.13
PTHR19849	1976.56	1918.19	12.0	3.76	7.55
PTHR22594	16985.0	16663.91	49.0	8.55	17.17
PTHR21152	5899.0	5782.24	152.0	26.68	53.59
PTHR12000	2817.0	2758.62	82.0	13.74	27.59
PTHR21021	1366.0	1336.81	6.0	1.34	2.68
PTHR13102	1448.0	1418.81	1.0	0.21	0.42
PTHR12984	6049.0	5990.62	63.0	6.1	12.25
PTHR23293	4930.97	4843.4	26.0	4.57	9.17
PTHR12302	3549.0	3519.81	41.0	3.45	6.93
PTHR13299	2114.0	2055.62	1.0	0.19	0.39
PTHR10925	2693.33	2605.85	0.0	0.0	0.0
PTHR21737	4639.0	4493.09	5.0	1.96	3.92
PTHR10920	7341.73	7195.78	30.0	4.75	9.54
PTHR10585	5374.76	5228.81	15.0	4.39	8.81
PTHR10584	16981.0	16630.72	80.0	13.32	26.77
PTHR11528	14244.8	13953.02	271.0	40.61	81.59
PTHR11527	7399.94	7195.62	593.0	139.37	279.97
PTHR12169	1386.67	1357.49	0.0	0.0	0.0
PTHR10859	7339.0	7222.24	22.0	4.65	9.36
PTHR10589	2046.0	1987.62	18.0	5.34	10.73
PTHR10588	5587.06	5470.34	31.0	3.31	6.65
PTHR13038	3583.0	3524.62	5.0	0.92	1.83
PTHR13748	6541.5	6395.55	25.0	4.53	9.09
PTHR13743	19682.0	19302.53	30.0	6.75	13.57
PTHR24015	123215.65	121055.78	382.0	65.18	130.98
PTHR24012	23146.97	22300.77	237.0	64.23	129.05
PTHR24011	36133.75	35170.63	249.1	41.21	82.77
PTHR31187	3411.0	3323.43	84.0	23.36	46.91
PTHR21145	953.0	923.81	2.0	0.65	1.3
PTHR11453	4998.33	4910.77	3.0	0.65	1.32
PTHR10108	38451.52	37605.03	175.0	37.33	74.97
PTHR11986	11673.0	11381.21	302.99	60.97	122.45
PTHR11455	10719.02	10456.35	46.0	9.66	19.37
PTHR10102	4309.0	4163.07	7.0	1.04	2.08
PTHR11458	1824.0	1794.81	41.0	6.79	13.64
PTHR10106	1431.0	1401.81	4.0	0.85	1.71
PTHR30544	6979.4	6833.45	19.0	4.15	8.35
PTHR31057	1952.0	1864.45	5.0	2.48	4.98
PTHR30115	1043.0	1013.81	34.0	10.01	20.11
PTHR11851	27704.53	27237.5	260.0	32.99	66.31
PTHR23092	11707.0	11444.3	14.0	2.89	5.8
PTHR23091	15419.21	15010.56	41.0	10.72	21.54
PTHR11673	3183.0	3095.43	119.0	36.43	73.19
PTHR11670	7681.97	7536.04	197.0	21.62	43.42
PTHR11671	1438.0	1408.81	11.0	2.32	4.67
PTHR20863	3819.0	3673.07	65.0	30.61	61.51
PTHR20861	3338.0	3279.62	12.0	2.18	4.38
PTHR11679	10020.0	9844.86	51.0	9.89	19.87
PTHR14009	7440.0	7352.43	54.0	5.16	10.37
PTHR10217	21234.11	20913.03	60.0	8.48	17.01
PTHR10210	6271.0	6125.05	10.0	2.91	5.84
PTHR31522	1239.0	1209.81	4.0	0.99	1.98
PTHR14221	1153.0	1123.81	3.0	0.8	1.6
PTHR14269	1365.01	1335.82	20.0	4.46	8.96
PTHR11079	7717.48	7571.53	36.0	6.43	12.9
PTHR11076	8980.17	8746.68	5.0	1.06	2.14
PTHR11071	27689.32	26988.77	260.0	68.82	138.26
PTHR11278	2389.0	2301.43	583.34	286.97	576.51
PTHR11276	2039.25	2010.06	7.0	1.03	2.08
PTHR11274	5234.0	5117.24	26.0	5.74	11.54
PTHR14136	3578.13	3490.56	36.0	9.66	19.41
PTHR31984	7018.0	6872.05	40.0	7.92	15.92
PTHR15350	2471.0	2412.62	25.0	5.92	11.9
PTHR15606	2090.0	2031.62	11.0	2.59	5.2
PTHR12374	2619.0	2531.44	2.0	0.64	1.29
PTHR12375	2446.0	2358.43	3.0	0.79	1.59
PTHR12378	2790.0	2731.62	20.0	4.34	8.73
PTHR18929	17903.42	17494.82	568.63	95.37	191.59
PTHR12777	1330.0	1271.62	13.97	6.01	12.08
PTHR12775	3363.0	3275.44	10.0	1.93	3.89
PTHR12770	7148.43	7002.48	18.0	3.42	6.87
PTHR20982	1330.0	1300.81	11.0	2.52	5.06
PTHR24352	1896.0	1866.81	4.0	0.64	1.28
PTHR16092	3093.0	3063.81	24.0	2.32	4.67
PTHR12406	3560.0	3501.62	38.0	4.9	9.85
PTHR11035	3029.27	2941.74	20.0	5.89	11.84
PTHR22298	16399.0	16077.91	18.0	2.64	5.29
PTHR12174	5125.0	5037.43	33.0	6.13	12.31
PTHR12175	1375.0	1345.81	7.0	1.55	3.11
PTHR12176	11538.9	11276.21	17.0	3.57	7.18
PTHR22769	4480.0	4392.43	10.0	2.11	4.23
PTHR22767	5452.33	5364.77	10.0	0.88	1.77
PTHR22765	4012.94	3954.57	110.0	15.14	30.41
PTHR22762	5466.36	5349.65	25.0	4.49	9.01
PTHR22763	1070.0	1011.63	0.0	0.0	0.0
PTHR22761	2831.2	2772.83	31.0	6.67	13.41
PTHR21231	3800.0	3712.43	14.0	3.52	7.07
PTHR21230	5774.0	5628.07	27.0	5.74	11.51
PTHR21234	1100.0	1070.81	3.0	0.84	1.68
PTHR21237	2437.0	2378.62	47.0	12.05	24.19
PTHR12202	1573.0	1456.34	2.0	1.61	3.24
PTHR12203	3622.99	3564.61	9.0	1.5	3.01
PTHR19857	1723.0	1693.81	5.0	0.88	1.76
PTHR19854	2811.0	2752.62	2.0	0.35	0.69
PTHR19852	3551.0	3434.25	9.0	2.19	4.41
PTHR19853	3866.0	3749.25	4.0	0.99	2.0
PTHR12197	8727.44	8435.68	12.0	5.09	10.22
PTHR13822	1859.0	1800.62	20.0	5.97	11.99
PTHR21649	15578.7	15082.53	27822.05	12431.53	24973.93
PTHR10344	1307.0	1277.81	3.0	0.7	1.4
PTHR13273	1476.0	1446.81	8.0	1.65	3.31
PTHR10732	2646.0	2529.25	503.0	271.84	546.11
PTHR10738	3238.0	3150.43	8.0	1.99	4.0
PTHR10739	1905.0	1875.81	31.0	4.91	9.86
PTHR12992	1147.0	1117.81	2.0	0.53	1.07
PTHR11588	7283.17	7108.08	303.22	171.37	344.25
PTHR11934	3710.0	3622.43	15.0	4.3	8.64
PTHR10693	2358.0	2299.62	17.0	3.95	7.93
PTHR10938	1928.72	1870.35	8.0	2.68	5.38
PTHR10934	1468.0	1409.62	83.74	40.45	81.25
PTHR11510	3822.91	3735.34	37.0	10.83	21.74
PTHR11516	6406.0	6289.24	178.61	37.51	75.35
PTHR10025	5053.0	4965.43	16.0	2.86	5.75
PTHR10026	7770.66	7595.53	20.0	4.62	9.29
PTHR10027	6528.23	6294.73	69.0	18.99	38.13
PTHR13009	2989.0	2930.62	17.0	3.16	6.34
PTHR13007	1443.0	1384.62	2.0	0.7	1.4
PTHR10598	2154.0	2124.81	1.0	0.14	0.28
PTHR10430	5929.0	5753.87	30.0	8.59	17.26
PTHR17901	862.6	833.43	8.0	2.87	5.77
PTHR24351	7297.51	7151.56	221.0	43.27	86.94
PTHR20981	2148.0	2060.43	131.58	70.13	140.86
PTHR23429	4640.0	4581.62	30.0	3.9	7.83
PTHR11467	2838.0	2779.62	48.01	10.91	21.91
PTHR10119	9415.0	9239.87	48.0	8.03	16.16
PTHR10110	16119.33	15798.28	60.0	10.27	20.63
PTHR11469	5045.32	4986.95	20.0	2.21	4.43
PTHR11863	8660.88	8427.49	26.0	6.56	13.2
PTHR24286	3389.0	3301.43	7.0	1.58	3.19
PTHR11864	3509.75	3305.53	6.0	3.27	6.58
PTHR23426	2324.0	2265.62	2.0	0.47	0.94
PTHR10593	9592.5	9388.18	33.0	7.41	14.89
