GeneFamily	length	effective_length	expected_count	TPM	FPKM
PTHR11649	19631.63	19126.92	6069.95	291.91	229.92
PTHR31089	793.0	759.35	62.0	5.12	4.03
PTHR31085	5296.6	5128.37	551.0	35.82	28.21
PTHR11647	3276.24	3208.95	579.0	17.93	14.12
PTHR11645	1275.85	1242.21	993.49	49.92	39.32
PTHR11885	2326.0	2292.35	19106.33	518.59	408.44
PTHR10209	9632.34	9396.82	1329.98	50.34	39.66
PTHR32429	4847.92	4746.97	15296.3	503.12	396.26
PTHR31423	605.0	571.35	219.0	24.13	19.01
PTHR31551	787.0	753.35	258.01	21.48	16.92
PTHR32195	2092.42	2025.12	290.0	18.37	14.46
PTHR11081	4979.0	4844.41	89.0	3.96	3.11
PTHR11080	5598.94	5464.35	1108.0	51.68	40.7
PTHR11082	9850.9	9615.36	3189.99	121.12	95.4
PTHR11085	7579.1	7377.3	2172.04	91.99	72.44
PTHR11089	7579.14	7242.7	1541.0	126.81	99.88
PTHR32518	6560.98	6460.04	5555.14	126.96	99.99
PTHR11247	4607.0	4506.05	1763.76	45.59	35.9
PTHR11246	6393.81	6292.87	2395.13	62.48	49.21
PTHR32512	3509.52	3408.58	578.0	32.61	25.69
PTHR23088	5181.07	5080.14	1562.0	64.44	50.75
PTHR23089	4700.41	4599.46	1151.0	36.14	28.46
PTHR23081	2818.49	2683.91	256.86	23.89	18.81
PTHR23083	38225.32	37283.23	4550.98	192.42	151.57
PTHR23084	7514.52	7245.37	863.9	39.3	30.95
PTHR23086	9394.19	9225.95	5065.0	135.56	106.77
PTHR18806	5282.48	5215.18	3425.0	82.57	65.03
PTHR11880	2798.0	2730.7	17888.21	874.49	688.76
PTHR31953	7694.27	7391.48	745.0	50.25	39.57
PTHR15184	9483.66	9315.41	18956.83	459.77	362.12
PTHR15341	672.86	639.21	129.0	12.69	9.99
PTHR32357	1331.37	1230.45	310.0	47.87	37.71
PTHR15169	2477.53	2410.24	653.0	33.48	26.37
PTHR12341	10717.64	10414.81	1053.0	51.18	40.32
PTHR15160	2332.63	2265.33	1280.97	55.73	43.89
PTHR18937	19954.02	19583.91	2286.91	45.0	35.45
PTHR18934	22472.21	21765.68	4311.79	203.49	160.26
PTHR10997	15471.74	15101.6	3977.83	161.29	127.03
PTHR12742	4415.5	4314.55	1836.0	77.12	60.74
PTHR12741	1294.96	1261.31	235.0	11.63	9.16
PTHR16557	918.0	884.35	9.0	0.64	0.5
PTHR19288	7332.45	7164.21	708.0	31.47	24.77
PTHR13902	6382.22	6180.34	1774.01	85.01	66.96
PTHR13903	2038.37	1971.11	408.0	35.55	27.99
PTHR22753	7522.0	7421.05	758.11	19.56	15.4
PTHR22939	23038.33	22567.26	4056.15	152.69	120.24
PTHR16266	2552.95	2452.01	112.92	9.11	7.18
PTHR30612	3104.43	3037.17	1323.0	33.67	26.52
PTHR22932	1231.0	1197.35	1274.01	66.45	52.33
PTHR22931	12755.66	12621.07	59023.02	1634.96	1287.69
PTHR12233	4272.98	4239.33	1877.39	27.5	21.66
PTHR10993	1039.0	1005.35	110.0	6.84	5.39
PTHR31038	998.0	964.35	494.0	32.05	25.24
PTHR13832	67017.83	66008.37	27886.89	570.73	449.54
PTHR21139	1812.0	1778.35	6143.99	215.21	169.5
PTHR21136	7376.22	7140.69	3266.06	170.15	134.01
PTHR12526	56575.34	55565.96	14155.84	371.43	292.54
PTHR13120	1814.0	1780.35	906.0	31.7	24.97
PTHR22809	2097.07	2029.77	110.0	6.84	5.39
PTHR22807	7375.48	7106.3	1313.0	66.56	52.42
PTHR20661	1780.34	1679.41	91.97	11.73	9.24
PTHR10900	4717.24	4649.94	608.0	25.51	20.1
PTHR10906	5723.0	5622.05	3001.67	69.86	55.02
PTHR10909	16105.16	15802.36	7625.87	271.63	213.93
PTHR10055	1434.0	1400.35	353.01	15.72	12.38
PTHR10057	4826.63	4692.04	3919.09	217.94	171.64
PTHR10052	948.0	914.35	26578.83	1819.58	1433.1
PTHR13017	1210.0	1176.35	101.0	5.36	4.22
PTHR13018	16975.76	16672.91	2639.46	70.35	55.42
PTHR10694	9269.04	8932.56	1215.0	76.03	59.88
PTHR12839	3051.93	2951.0	482.0	29.0	22.84
PTHR12835	3620.49	3519.54	753.0	36.95	29.11
PTHR24031	74105.55	72120.44	66587.73	2334.57	1838.74
PTHR24032	1330.0	1262.7	101.0	10.13	7.98
PTHR24349	48003.49	46994.09	35074.28	769.24	605.88
PTHR24619	3126.3	3025.38	341.0	28.34	22.31
PTHR24343	28767.84	28061.25	15894.65	514.15	404.91
PTHR11472	8265.27	8029.81	719.0	38.89	30.64
PTHR11476	983.0	949.35	63.0	4.15	3.27
PTHR11477	1298.12	1230.83	129.0	10.74	8.45
PTHR24305	13551.93	13181.82	4518.21	200.86	158.23
PTHR10476	3716.0	3648.7	1888.07	63.25	49.82
PTHR11538	4773.0	4705.7	3586.01	102.83	80.99
PTHR24290	5619.11	5484.54	1169.0	30.07	23.68
PTHR23413	1232.85	1165.56	32699.65	2611.99	2057.19
PTHR23417	1890.18	1822.89	421.0	30.7	24.18
PTHR23415	1625.0	1591.35	368.0	14.41	11.35
PTHR10871	1421.0	1353.7	29798.6	2734.6	2153.76
PTHR10877	6370.52	6135.14	680.0	25.88	20.37
PTHR11879	5869.46	5768.51	6171.57	185.76	146.31
PTHR24316	9096.37	8894.47	12551.12	455.88	359.05
PTHR31096	6819.68	6718.73	1039.0	29.21	23.01
PTHR31098	6111.0	6043.7	2441.51	47.6	37.49
PTHR11655	3113.72	3012.77	30567.48	2230.51	1756.75
PTHR11652	1951.0	1850.06	33451.63	3403.9	2680.89
PTHR10436	8693.64	8390.82	1062.22	72.72	57.28
PTHR20883	5989.15	5854.57	1102.02	45.08	35.51
PTHR11895	9838.23	9636.38	3291.64	85.86	67.62
PTHR10277	6778.17	6710.87	6159.53	122.83	96.75
PTHR14027	2295.27	2261.62	838.0	23.05	18.16
PTHR12049	4683.64	4549.05	620.0	32.38	25.5
PTHR24095	7457.87	7222.48	13665.17	307.64	242.28
PTHR23180	9317.91	9048.77	6130.5	188.24	148.25
PTHR14593	3127.79	3026.87	401.0	22.35	17.6
PTHR11093	2428.22	2394.57	1182.0	30.71	24.18
PTHR11096	2181.43	2114.13	342.02	20.71	16.31
PTHR23346	8818.05	8717.1	1496.0	25.45	20.05
PTHR10309	2059.0	2025.35	886.0	27.23	21.45
PTHR11252	2344.72	2277.44	1167.0	65.93	51.93
PTHR11254	19293.26	18788.58	3822.67	145.0	114.19
PTHR11255	4284.0	4216.7	1351.0	35.23	27.75
PTHR14110	5033.0	4898.4	4970.96	218.59	172.16
PTHR14374	1623.0	1589.35	54.0	2.12	1.67
PTHR18838	2178.14	2144.49	903.3	26.22	20.65
PTHR12687	3296.09	3228.81	1055.0	26.03	20.5
PTHR15157	4952.24	4784.04	1122.0	53.29	41.97
PTHR18901	10631.77	10396.27	5808.8	175.86	138.48
PTHR12755	810.0	776.35	99.0	8.0	6.3
PTHR12750	6919.04	6616.22	1003.02	88.14	69.42
PTHR12753	1132.0	1098.35	124.0	7.06	5.56
PTHR15574	6977.86	6708.72	526.96	37.63	29.63
PTHR24007	1664.0	1596.7	140.0	10.39	8.18
PTHR13931	8088.59	7920.36	1740.0	55.66	43.83
PTHR31811	1601.0	1533.7	61.0	4.92	3.88
PTHR12358	4619.12	4417.34	247.79	23.08	18.17
PTHR22748	3813.71	3679.11	549.0	33.65	26.5
PTHR12356	3120.0	3019.08	175.0	8.63	6.8
PTHR12221	1660.55	1593.26	654.0	47.7	37.56
PTHR12226	1327.0	1293.35	866.0	41.79	32.91
PTHR19876	5525.0	5424.06	2302.54	80.76	63.61
PTHR19877	2683.0	2615.7	24487.37	1053.36	829.63
PTHR31190	9040.0	8905.41	3170.0	52.1	41.03
PTHR13803	7022.0	6887.4	2030.32	53.15	41.85
PTHR12537	1455.0	1421.35	178.0	7.81	6.15
PTHR12532	2379.0	2345.35	195.0	5.17	4.07
PTHR13486	1307.0	1273.35	97.0	4.76	3.75
PTHR20275	2351.64	2284.37	907.07	33.86	26.67
PTHR13489	600.0	566.35	8.0	0.89	0.7
PTHR17583	4485.81	4283.93	363.0	32.46	25.58
PTHR13572	1602.0	1568.35	81.0	3.22	2.54
PTHR24198	25698.05	25126.04	4261.97	159.73	125.8
PTHR10048	3303.0	3134.78	395.0	28.99	22.83
PTHR10046	5157.96	4989.74	1417.32	76.83	60.49
PTHR10044	3766.0	3665.05	622.0	28.26	22.26
PTHR13060	1320.0	1286.35	138.03	6.7	5.28
PTHR10687	1286.5	1252.86	675.08	33.64	26.49
PTHR13069	1916.84	1815.92	271.0	28.26	22.27
PTHR13068	6341.01	6240.06	821.02	21.63	17.04
PTHR10682	1088.0	1054.35	380.0	22.53	17.75
PTHR10683	6699.31	6564.71	13849.71	433.27	341.24
PTHR12829	1279.0	1245.35	39.0	1.96	1.54
PTHR12820	2659.0	2591.7	270.0	13.0	10.24
PTHR12826	1629.0	1595.35	575.0	22.47	17.69
PTHR12827	3999.47	3797.62	174.0	15.63	12.3
PTHR17920	2042.0	1974.7	147.0	7.97	6.28
PTHR10137	2088.0	2054.35	913.0	27.66	21.79
PTHR11405	11172.89	11004.66	14766.88	338.69	266.74
PTHR11404	3357.93	3290.65	12155.14	466.83	367.68
PTHR11406	3487.62	3420.33	55943.96	1790.94	1410.54
PTHR13468	1498.57	1431.31	139.0	11.39	8.97
PTHR23406	13330.47	13027.69	4382.96	123.9	97.6
PTHR10869	25146.26	24506.93	6313.1	278.06	219.01
PTHR31717	486.0	452.36	98.0	13.69	10.79
PTHR13393	457.16	423.52	50.0	7.47	5.89
PTHR12696	5710.61	5676.97	2251.0	24.61	19.38
PTHR11315	2784.86	2717.58	2302.89	102.69	80.87
PTHR10139	2085.0	2017.7	167.0	10.36	8.16
PTHR10956	1320.0	1219.1	18739.18	2047.92	1612.93
PTHR10263	3898.0	3830.7	4300.12	119.76	94.33
PTHR31155	5909.0	5740.76	8404.78	193.5	152.41
PTHR32170	2653.59	2552.65	312.0	23.2	18.27
PTHR23350	1299.0	1265.35	74.0	3.65	2.88
PTHR23354	5218.13	5117.19	884.0	22.99	18.1
PTHR23355	8936.0	8734.11	2139.43	66.55	52.42
PTHR23359	11997.9	11762.4	5617.42	215.62	169.83
PTHR11227	3510.13	3409.21	729.0	39.53	31.14
PTHR11220	8079.21	7810.06	3969.96	201.45	158.65
PTHR11223	6120.23	6019.3	1840.0	43.47	34.24
PTHR11229	1921.0	1853.7	3885.77	273.91	215.73
PTHR10314	17854.57	17518.08	22136.24	782.05	615.95
PTHR14303	1079.0	1045.35	371.0	22.19	17.48
PTHR11139	32074.16	31502.19	3908.0	100.66	79.28
PTHR15362	1249.88	1216.23	140.0	7.19	5.66
PTHR11132	33965.53	33259.05	10110.14	315.62	248.58
PTHR11134	5866.51	5731.91	2337.0	106.6	83.96
PTHR32374	5153.87	5019.28	3793.0	138.99	109.47
PTHR31579	15092.97	14924.74	13997.04	204.62	161.16
PTHR32379	742.31	708.66	258.93	22.93	18.06
PTHR18919	4242.0	4141.06	2190.22	80.63	63.5
PTHR32002	3284.85	3150.34	360.0	28.93	22.78
PTHR21368	1967.0	1899.7	3747.24	240.62	189.51
PTHR10778	5867.7	5766.75	1803.92	59.05	46.52
PTHR13789	24675.96	24103.95	5546.0	186.34	146.77
PTHR12786	2966.1	2898.8	1701.01	83.62	65.85
PTHR11706	5450.65	5282.41	1156.0	51.32	40.4
PTHR12782	1320.0	1252.7	285.0	28.36	22.34
PTHR11742	5075.53	4974.58	581.0	23.49	18.5
PTHR24188	6554.03	6352.14	992.01	45.02	35.45
PTHR21213	1168.0	1134.35	1459.0	80.36	63.29
PTHR10182	2769.31	2735.66	772.0	17.55	13.82
PTHR13923	3478.62	3411.33	1974.0	80.49	63.39
PTHR12321	3659.0	3591.7	841.0	30.11	23.72
PTHR12320	15809.41	15607.52	7250.14	173.06	136.3
PTHR12323	824.0	790.35	62.0	4.92	3.87
PTHR16201	2936.0	2835.05	489.0	22.87	18.0
PTHR21015	3266.0	3198.73	436.0	16.79	13.22
PTHR16196	1963.96	1896.72	470.04	27.61	21.74
PTHR20855	6186.8	6119.5	2351.0	48.5	38.2
PTHR16193	2695.34	2628.05	171.0	7.18	5.66
PTHR22792	6237.57	6102.99	3475.96	113.83	89.66
PTHR22790	1308.98	1275.33	1024.0	50.12	39.47
PTHR21680	2234.0	2200.35	492.01	13.91	10.96
PTHR14152	1826.0	1758.7	260.0	18.5	14.57
PTHR21689	2779.0	2711.7	50.0	2.03	1.6
PTHR21113	10942.36	10774.11	516.0	14.93	11.76
PTHR19316	5053.16	4985.86	7805.42	219.97	173.24
PTHR21663	3819.87	3685.28	387.0	27.03	21.29
PTHR13253	13185.23	12815.09	10476.08	625.2	492.41
PTHR12446	2496.0	2395.06	730.0	37.85	29.8
PTHR21206	1032.01	998.36	68.0	4.26	3.36
PTHR10072	3769.07	3668.12	933.0	64.54	50.84
PTHR10071	6507.9	6272.42	2596.71	71.67	56.45
PTHR13780	13203.45	12967.9	13252.44	454.54	358.01
PTHR10677	1472.0	1438.35	652.48	28.29	22.28
PTHR13078	7387.89	7186.03	12487.65	395.25	311.3
PTHR11693	3271.0	3203.7	42464.92	1536.88	1210.44
PTHR12815	5458.0	5357.05	3400.0	96.55	76.04
PTHR12814	1516.0	1448.7	146.0	12.66	9.96
PTHR24361	15179.13	14708.21	873.0	41.81	32.93
PTHR24362	25673.89	24832.72	3393.87	97.3	76.64
PTHR10416	2034.0	2000.35	368.0	11.45	9.02
PTHR10410	5709.06	5574.46	3248.0	124.12	97.75
PTHR10783	8541.24	8238.43	5274.48	280.18	220.69
PTHR10782	2765.0	2664.06	332.0	21.42	16.88
PTHR13476	1688.0	1620.7	398.0	33.4	26.31
PTHR10788	8715.07	8614.13	3585.01	78.43	61.77
PTHR10891	22722.47	22150.45	21344.21	793.27	624.77
PTHR10890	3645.0	3544.05	728.62	37.91	29.85
PTHR20426	680.0	646.35	62.0	6.03	4.75
PTHR23213	2570.0	2502.7	111.0	4.87	3.84
PTHR10520	6467.34	6299.14	4783.14	175.43	138.16
PTHR10250	610.82	577.18	329.0	35.88	28.26
PTHR22854	4112.0	4011.05	2196.91	90.53	71.3
PTHR10527	12195.69	12061.1	6230.07	106.92	84.21
PTHR31384	2223.0	2189.35	267.0	7.59	5.98
PTHR10098	3323.11	3222.18	2698.22	92.9	73.16
PTHR10091	4482.02	4347.48	2150.13	172.89	136.17
PTHR31142	2244.0	2210.35	2541.94	71.56	56.36
PTHR31140	7081.0	6980.05	3640.0	88.69	69.86
PTHR31412	4713.96	4646.66	1533.84	39.18	30.86
PTHR11787	1449.0	1348.07	249.74	37.24	29.33
PTHR11785	28064.56	27627.16	14052.07	304.63	239.94
PTHR11782	8425.87	8223.98	834.0	35.42	27.89
PTHR31419	4070.0	3969.05	195.0	8.62	6.78
PTHR11780	2184.96	2151.31	7632.87	220.81	173.91
PTHR21141	3064.9	2963.96	96539.14	10411.83	8200.32
PTHR32148	10175.76	9973.87	70368.88	4314.45	3398.06
PTHR23324	10689.99	10488.11	1121.0	38.65	30.43
PTHR23327	2412.0	2277.45	82.0	6.13	4.82
PTHR23326	3899.47	3798.52	2300.0	108.54	85.49
PTHR23321	630.0	596.35	3998.01	421.84	332.24
PTHR23323	8774.37	8572.47	1552.97	57.02	44.9
PTHR23322	2520.49	2419.55	1186.0	70.28	55.36
PTHR23329	2105.86	2038.57	375.0	19.68	15.5
PTHR11236	5943.73	5741.87	633.0	28.64	22.56
PTHR20932	4507.59	4440.31	2947.01	82.62	65.08
PTHR10322	10692.08	10288.34	704.83	38.94	30.68
PTHR11239	6087.67	5986.72	1592.22	54.67	43.06
PTHR10803	4028.36	3961.06	2298.7	76.67	60.38
PTHR31964	12652.83	12383.63	15393.58	667.44	525.68
PTHR23030	2272.01	2238.36	646.99	17.99	14.17
PTHR11129	2240.0	2172.72	688.0	30.64	24.13
PTHR11122	5147.24	5012.65	5101.97	267.93	211.02
PTHR15316	4895.7	4727.48	2494.06	151.24	119.11
PTHR11127	627.0	593.35	23046.76	2444.18	1925.02
PTHR11125	2889.0	2855.35	432.0	9.41	7.41
PTHR31566	2666.0	2565.05	909.05	64.75	50.99
PTHR31567	1776.0	1742.35	3911.0	139.84	110.14
PTHR31561	24249.51	23542.96	22491.44	829.43	653.25
PTHR30615	1475.0	1407.7	226.0	21.07	16.6
PTHR15137	1364.18	1296.89	126.0	10.57	8.32
PTHR22938	2755.39	2654.46	245.0	17.15	13.51
PTHR15952	2978.0	2877.06	416.48	24.39	19.21
PTHR21319	4874.03	4705.8	616.0	40.86	32.18
PTHR11482	11775.38	11539.91	17200.62	426.56	335.95
PTHR13887	1547.0	1513.35	174.0	7.17	5.65
PTHR19271	2729.02	2628.07	282.0	18.35	14.45
PTHR21228	89154.2	86698.09	24929.02	851.14	670.39
PTHR11361	18597.9	18025.96	1725.44	68.28	53.78
PTHR13343	5804.34	5703.4	2367.0	69.85	55.01
PTHR12029	11820.53	11349.48	1036.0	84.21	66.32
PTHR21220	719.0	685.35	13.0	1.19	0.94
PTHR22780	8402.09	8233.86	1158.0	41.71	32.85
PTHR21477	4600.0	4532.7	943.0	24.92	19.63
PTHR19308	6415.0	6347.7	8638.99	113.81	89.64
PTHR16301	2467.62	2400.32	497.99	26.91	21.19
PTHR22870	21235.89	20596.64	4771.24	166.55	131.18
PTHR17630	6779.83	6611.62	2452.97	97.53	76.8
PTHR10064	578.0	544.35	23531.73	2723.85	2145.3
PTHR10066	10380.79	10111.69	857.0	36.96	29.11
PTHR10060	1406.0	1338.7	127.0	11.83	9.31
PTHR10663	16362.74	15992.6	4252.0	178.88	140.88
PTHR10666	8935.77	8666.6	69713.28	3723.09	2932.29
PTHR10668	15949.0	15646.24	3690.96	163.73	128.94
PTHR12265	2329.53	2262.24	2655.06	117.12	92.24
PTHR12801	7449.55	7281.31	8568.24	211.47	166.55
PTHR12802	4619.75	4384.3	343.0	27.33	21.52
PTHR12805	1436.49	1369.19	178.0	16.51	13.0
PTHR12806	764.0	730.35	65.0	5.58	4.4
PTHR21091	17369.72	17066.88	7002.72	228.97	180.34
PTHR21090	1439.98	1406.33	1397.65	61.99	48.82
PTHR24315	1237.0	1203.35	648.41	33.65	26.5
PTHR24314	5460.74	5359.8	1117.01	39.31	30.97
PTHR11933	2185.56	2084.62	177.0	13.79	10.86
PTHR11932	7935.81	7767.6	4825.69	137.12	108.0
PTHR11426	2717.0	2616.06	8933.76	482.96	380.38
PTHR11937	10385.0	10082.16	6970.99	243.81	192.03
PTHR11938	15759.86	15591.61	5936.03	124.54	98.09
PTHR31057	3511.12	3410.17	510.0	28.98	22.83
PTHR13683	5312.92	5178.32	3387.19	140.71	110.82
PTHR24089	66747.57	65098.84	47186.36	1741.42	1371.52
PTHR10796	3906.04	3838.74	671.0	20.6	16.23
PTHR10794	4032.17	3897.58	448.0	23.57	18.56
PTHR10795	56760.61	55717.52	9341.01	250.26	197.11
PTHR10792	720.0	686.35	25093.07	2295.98	1808.31
PTHR10799	46641.67	44993.08	3790.62	247.85	195.18
PTHR10882	1399.0	1365.35	125.0	5.71	4.5
PTHR10887	37186.48	36210.78	6598.0	204.51	161.07
PTHR11686	1927.45	1860.15	333.0	23.02	18.13
PTHR11685	6633.48	6431.64	1868.0	58.2	45.84
PTHR11680	6690.0	6589.05	6817.39	173.88	136.93
PTHR24221	26013.07	25542.02	3461.0	122.56	96.5
PTHR24220	7064.17	6828.63	1658.01	125.88	99.15
PTHR24223	31088.75	30516.82	6036.74	222.4	175.16
PTHR11689	13857.58	13689.34	1677.63	35.21	27.73
PTHR10252	3450.0	3349.06	504.0	20.46	16.12
PTHR13082	1710.0	1676.35	910.99	33.86	26.67
PTHR13124	1131.0	1063.71	193.98	20.51	16.16
PTHR31173	5278.25	5110.01	625.0	37.08	29.22
PTHR12538	693.0	659.35	44546.69	4245.1	3343.43
PTHR31606	1914.27	1880.62	2328.0	77.09	60.72
PTHR31356	4632.73	4531.85	11226.26	394.45	310.67
PTHR31352	2705.0	2637.7	700.92	32.02	25.22
PTHR31350	6155.59	5987.35	1935.39	73.15	57.61
PTHR11758	1501.0	1433.7	19032.76	1535.41	1209.28
PTHR23333	667.0	633.35	303.0	30.08	23.69
PTHR11751	23615.42	23077.09	11879.01	378.51	298.12
PTHR11753	2150.0	2049.05	477.0	44.89	35.36
PTHR11752	35040.01	34468.01	5696.8	132.87	104.66
PTHR24423	7738.69	7604.1	2029.03	49.26	38.79
PTHR11206	21450.78	21013.36	2044.0	81.35	64.06
PTHR11757	11408.29	11105.5	8437.15	409.83	322.78
PTHR24420	89943.52	88093.07	21822.94	606.03	477.28
PTHR10332	8696.53	8494.65	2887.59	111.64	87.94
PTHR14145	2324.87	2291.22	1022.0	27.75	21.86
PTHR17695	4820.0	4584.47	390.71	35.58	28.04
PTHR13600	5982.55	5814.31	3757.33	148.76	117.17
PTHR12363	8560.06	8324.52	1016.0	41.21	32.46
PTHR23029	12672.93	12370.1	3714.64	132.41	104.29
PTHR23023	7912.81	7677.28	1077.18	73.69	58.05
PTHR31385	3901.7	3800.76	255.0	14.1	11.11
PTHR21294	1328.0	1294.35	461.0	22.23	17.51
PTHR11119	5672.44	5537.84	1620.0	66.06	52.03
PTHR31595	4511.0	4342.76	352.0	20.28	15.96
PTHR31596	1777.08	1709.8	92.0	6.73	5.3
PTHR15948	803.0	769.35	55.0	4.48	3.53
PTHR32026	2306.0	2272.35	202.0	5.53	4.36
PTHR31829	1491.0	1457.35	6145.89	263.0	207.14
PTHR14898	2733.78	2666.48	810.01	42.79	33.7
PTHR19241	49781.32	48906.55	29192.8	615.29	484.62
PTHR14894	1617.89	1550.59	185.0	15.27	12.02
PTHR15239	6271.26	6103.04	833.0	35.03	27.6
PTHR32497	4927.0	4826.05	785.0	28.43	22.39
PTHR12497	3789.0	3688.07	985.01	27.89	21.96
PTHR12302	4056.0	4022.35	5549.05	85.68	67.48
PTHR12304	2459.0	2391.7	142.0	7.33	5.77
PTHR30540	4034.0	3798.51	65.0	6.25	4.93
PTHR30544	5759.4	5557.54	1155.58	58.63	46.17
PTHR13302	1102.0	1034.71	107.0	12.27	9.67
PTHR12472	2431.56	2364.26	141.0	6.96	5.48
PTHR13308	3846.07	3745.13	5906.99	233.43	183.85
PTHR12477	5977.0	5842.4	1063.0	56.36	44.4
PTHR13878	20529.39	20125.64	2329.96	73.7	58.04
PTHR21461	1816.0	1782.35	167.0	5.84	4.6
PTHR13872	7370.0	7201.76	34088.49	1469.06	1157.04
PTHR22849	6245.57	6010.1	1928.36	114.54	90.21
PTHR21314	2252.0	2184.7	315.0	18.85	14.85
PTHR13271	31853.09	30978.25	5372.0	222.96	175.58
PTHR22841	6885.47	6750.91	9070.12	220.63	173.77
PTHR22847	51976.66	50597.26	7646.36	302.19	238.01
PTHR22844	14811.06	14373.67	1301.01	48.33	38.06
PTHR23284	1064.0	1030.35	208.0	12.62	9.94
PTHR21266	18065.61	17527.38	9729.95	293.56	231.23
PTHR12271	4640.0	4505.4	269.0	15.21	11.97
PTHR12277	5329.87	5195.27	1588.01	77.02	60.65
PTHR12276	2283.03	2182.09	311.0	29.47	23.22
PTHR10657	2599.0	2531.7	1367.0	66.18	52.13
PTHR10655	2716.0	2648.7	1026.01	62.06	48.87
PTHR10652	1817.0	1749.7	244.0	16.53	13.02
PTHR17972	2240.15	2139.21	201.0	17.91	14.1
PTHR10751	10007.56	9872.98	1856.88	42.19	33.22
PTHR21085	2658.0	2624.35	2996.0	70.99	55.91
PTHR11922	5768.93	5634.34	3315.24	125.32	98.71
PTHR10438	39039.09	38298.83	42339.11	1661.82	1308.84
PTHR11926	13373.87	13071.04	1807.93	79.41	62.53
PTHR11431	1910.61	1843.33	5267.0	345.11	271.8
PTHR10430	5259.11	5124.51	16184.91	719.07	566.34
PTHR10434	1274.0	1240.35	424.0	21.34	16.81
PTHR24096	19918.06	19413.39	4262.0	203.37	160.16
PTHR13693	6408.42	6273.83	1573.97	52.89	41.66
PTHR13691	2526.0	2458.7	175.0	12.86	10.14
PTHR24092	11301.36	11166.78	7389.07	99.26	78.18
PTHR24093	61792.34	60345.75	25784.95	861.97	678.9
PTHR22936	5825.22	5690.62	882.0	38.53	30.35
PTHR13451	2075.04	2007.75	137.0	6.7	5.27
PTHR13452	1835.0	1767.7	602.58	45.99	36.22
PTHR10759	1126.0	1092.35	21521.08	1231.26	969.73
PTHR12901	2947.05	2913.4	326.0	6.96	5.48
PTHR12903	1872.0	1804.7	5141.07	327.58	258.0
PTHR13992	1355.0	1287.71	101.0	10.16	8.0
PTHR23237	504.0	470.36	449.0	60.3	47.49
PTHR10501	5383.0	5349.35	4656.62	54.04	42.56
PTHR31169	1987.0	1919.7	41.0	2.71	2.13
PTHR14087	544.0	510.36	29.0	3.58	2.82
PTHR23309	5027.0	4959.7	2427.78	55.51	43.71
PTHR23308	6585.96	6350.49	7254.92	217.63	171.4
PTHR31344	3934.0	3900.35	440.0	7.01	5.52
PTHR31619	2306.0	2272.35	6953.96	190.41	149.97
PTHR23306	2138.0	2104.35	261.0	7.72	6.08
PTHR23305	8620.44	8485.84	3992.88	150.28	118.36
PTHR14089	1435.07	1401.42	143.0	6.37	5.01
PTHR11748	7093.82	6891.93	2088.06	107.87	84.97
PTHR11214	1451.6	1417.96	753.35	33.14	26.1
PTHR11216	5737.0	5602.4	966.0	41.34	32.56
PTHR11210	1962.39	1895.14	1871.0	102.12	80.43
PTHR14154	14026.31	13689.82	5556.82	268.74	211.67
PTHR14155	7205.77	6970.25	1724.0	124.1	97.76
PTHR10343	3019.0	2951.7	1095.0	44.5	35.05
PTHR11699	12250.29	11981.13	3690.68	158.96	125.19
PTHR11692	2700.0	2666.35	1985.0	46.29	36.46
PTHR12403	2823.0	2755.7	790.0	35.74	28.15
PTHR11695	25390.9	24785.28	8232.33	318.99	251.21
PTHR31760	543.79	510.15	158.0	19.53	15.38
PTHR31906	11660.94	11358.12	2895.96	123.62	97.38
PTHR21419	1804.54	1770.89	571.02	20.09	15.82
PTHR23012	21958.32	21554.6	23039.13	580.67	457.34
PTHR11101	10076.71	9874.84	3131.18	64.48	50.78
PTHR11102	5109.93	5008.98	1933.0	66.66	52.5
PTHR11106	2255.53	2188.23	1253.93	80.25	63.2
PTHR31585	4554.33	4419.73	748.0	42.88	33.77
PTHR32125	2226.0	2158.7	2349.99	126.65	99.75
PTHR31588	667.0	633.35	24.0	2.38	1.88
PTHR32120	1549.76	1482.47	248.0	20.58	16.21
PTHR10288	16490.66	16288.76	24047.11	467.31	368.04
PTHR15680	640.0	606.35	3001.06	311.35	245.22
PTHR11374	2437.58	2403.93	1608.99	41.64	32.79
PTHR11808	10483.26	10315.07	6763.99	153.41	120.83
PTHR24347	8987.0	8717.82	3348.0	149.24	117.55
PTHR18895	3516.12	3415.18	600.98	26.69	21.03
PTHR12486	773.0	705.74	19.0	3.55	2.79
PTHR21262	5146.01	5045.06	363.0	13.91	10.96
PTHR12480	3604.15	3435.97	172.0	11.75	9.25
PTHR12482	3487.76	3353.19	180.0	11.0	8.65
PTHR11042	6536.0	6334.14	386.0	16.94	13.33
PTHR12317	16008.51	15772.99	5046.63	109.51	86.26
PTHR12649	1308.0	1274.35	214.0	10.48	8.26
PTHR12461	6536.21	6233.41	565.93	45.58	35.91
PTHR12466	2320.0	2252.7	361.0	19.37	15.25
PTHR13847	13592.66	13054.36	4244.81	196.31	154.63
PTHR12000	3100.0	2999.05	1160.58	79.87	62.91
PTHR12001	8243.0	8142.05	4443.52	94.95	74.78
PTHR21327	4510.01	4375.42	1838.04	114.81	90.44
PTHR21631	6108.01	5973.41	6771.04	285.12	224.56
PTHR22855	11056.9	10888.66	12368.71	316.76	249.46
PTHR22850	11526.13	11223.39	3885.01	131.99	103.94
PTHR22504	3730.92	3697.27	2192.0	36.83	29.01
PTHR12965	2914.0	2880.35	196.0	4.23	3.33
PTHR22915	13153.45	12884.27	5328.01	151.57	119.37
PTHR21256	3132.03	3064.73	2352.6	93.36	73.53
PTHR12266	6548.96	6414.37	1139.99	37.94	29.9
PTHR10648	4814.0	4713.05	1554.27	42.01	33.08
PTHR10641	23104.21	22431.3	2341.0	120.13	94.61
PTHR19842	1239.0	1205.35	266.0	13.78	10.85
PTHR10644	10750.88	10616.28	2349.0	42.89	33.78
PTHR12864	5111.09	4942.87	506.0	26.56	20.92
PTHR12860	1942.43	1908.78	1218.0	39.73	31.29
PTHR13194	1565.0	1531.35	405.0	16.49	12.99
PTHR13190	4256.76	4189.46	393.0	15.32	12.07
PTHR13193	1279.0	1245.35	151.0	7.57	5.96
PTHR23416	4265.0	4164.05	1787.51	79.87	62.91
PTHR11913	2771.0	2737.35	637.0	14.47	11.4
PTHR11911	9617.0	9448.75	13807.47	510.16	401.79
PTHR11910	3328.0	3260.7	56338.72	2386.98	1879.97
PTHR14950	7228.02	6891.58	941.63	70.15	55.25
PTHR11918	6447.72	6313.13	1091.98	37.6	29.62
PTHR12919	1989.0	1921.7	5979.18	514.38	405.13
PTHR12910	1743.66	1676.37	1470.0	143.2	112.78
PTHR12917	1152.33	1118.69	224.0	12.51	9.85
PTHR15954	2926.86	2893.21	391.0	8.4	6.62
PTHR11351	7648.95	7514.35	641.0	13.74	10.82
PTHR11353	35363.99	34791.96	43517.26	1212.65	955.1
PTHR11599	20566.14	20061.39	16451.6	765.58	602.96
PTHR10516	21154.21	20514.89	19512.2	1053.93	830.09
PTHR11592	4810.0	4675.4	2511.0	147.0	115.77
PTHR13273	1055.0	1021.35	1368.03	83.76	65.97
PTHR31724	2571.5	2504.21	2898.33	126.8	99.87
PTHR13734	2273.0	2172.06	107.0	8.11	6.4
PTHR31620	6766.0	6665.05	11880.24	257.09	202.49
PTHR23315	31574.8	30868.24	6198.1	166.08	130.82
PTHR23316	3950.0	3916.35	3468.41	55.01	43.33
PTHR11778	4294.9	4227.61	9621.64	264.96	208.67
PTHR11774	2955.59	2888.3	763.0	33.02	26.0
PTHR11773	4364.0	4330.35	5170.0	74.14	58.39
PTHR11772	7666.68	7498.45	8935.03	319.03	251.27
PTHR10357	33925.38	33454.34	17509.15	355.72	280.16
PTHR10353	9238.17	9069.92	2231.59	73.67	58.02
PTHR10350	2520.0	2486.35	551.0	13.78	10.86
PTHR10351	3634.0	3566.7	6669.32	578.87	455.92
PTHR32557	1843.0	1809.35	2740.72	94.35	74.31
PTHR10359	2439.95	2305.37	258.0	30.44	23.98
PTHR32442	2505.0	2471.35	1314.0	33.07	26.05
PTHR31750	1088.0	1020.72	61.0	7.37	5.8
PTHR23418	673.78	640.13	800.08	78.56	61.88
PTHR14189	2233.0	2165.7	101.0	5.62	4.43
PTHR21021	1830.18	1729.36	198.5	22.37	17.61
PTHR32228	2194.0	2160.35	241.0	6.94	5.47
PTHR31245	2011.0	1977.35	1247.13	39.27	30.93
PTHR23001	2093.0	2025.7	1946.71	105.92	83.42
PTHR23002	1849.0	1748.06	137.0	16.6	13.08
PTHR30178	2163.0	2129.35	21514.52	628.85	495.28
PTHR22904	33762.59	32719.61	7896.44	329.97	259.86
PTHR11177	2951.56	2884.27	589.76	24.95	19.65
PTHR11178	4666.61	4565.67	2771.92	107.98	85.04
PTHR31808	1590.0	1522.71	301.0	24.88	19.59
PTHR31803	2858.0	2824.35	1318.16	29.02	22.85
PTHR11009	2466.0	2398.7	1086.0	52.56	41.4
PTHR10099	4329.0	4295.35	7164.07	103.58	81.58
PTHR19229	24619.68	23845.95	2799.24	157.29	123.85
PTHR11005	12482.96	12180.24	1792.0	75.85	59.72
PTHR11006	9342.75	9073.57	3231.1	120.91	95.22
PTHR18640	3588.67	3487.73	268.0	11.14	8.78
PTHR18866	22929.01	22626.17	333750.59	6254.71	4926.18
PTHR12022	1114.0	1080.35	5102.07	295.17	232.47
PTHR15074	2322.65	2255.35	149.0	8.29	6.53
PTHR15588	1173.11	1105.83	318.92	44.04	34.69
PTHR12677	12351.56	12082.41	3305.05	122.63	96.6
PTHR19134	3762.01	3661.09	841.6	26.18	20.62
PTHR19139	10108.36	9906.52	29997.73	923.91	727.66
PTHR12456	1375.14	1307.85	78.0	6.46	5.08
PTHR12452	1258.56	1224.91	532.07	27.12	21.36
PTHR23240	2493.51	2392.56	83.98	6.26	4.93
PTHR19359	3112.0	3011.05	576.0	48.33	38.07
PTHR12072	4431.0	4296.4	399.0	21.11	16.62
PTHR13218	537.7	504.08	101.0	12.64	9.95
PTHR13215	1033.08	965.8	22.0	2.9	2.29
PTHR13213	3045.0	2944.05	743.02	46.54	36.65
PTHR12290	2626.98	2559.69	640.0	34.83	27.43
PTHR21530	6638.0	6503.4	660.01	24.06	18.94
PTHR12295	7675.19	7506.94	1673.53	61.4	48.36
PTHR12298	4111.07	3942.84	206.0	17.51	13.79
PTHR10638	8150.48	8049.55	2909.0	58.82	46.32
PTHR10631	2411.04	2343.78	1246.07	50.01	39.39
PTHR10984	2795.0	2761.35	470.0	10.58	8.34
PTHR12858	4350.58	4215.99	2007.64	103.66	81.64
PTHR13505	896.0	862.35	258.0	18.74	14.76
PTHR12856	920.93	887.28	94.0	6.63	5.22
PTHR12855	1563.98	1530.34	2986.18	121.65	95.81
PTHR12854	1107.0	1073.35	311.0	18.11	14.26
PTHR13182	1831.0	1763.7	747.0	52.1	41.04
PTHR10855	4232.0	4164.7	1632.0	48.78	38.42
PTHR10585	3172.73	3105.44	2801.78	112.26	88.42
PTHR10743	1675.24	1641.59	324.0	12.3	9.69
PTHR10742	26996.68	26424.66	11011.9	280.33	220.78
PTHR10745	3471.0	3437.35	1614.0	29.18	22.98
PTHR10744	3335.81	3234.86	29666.96	2272.32	1789.67
PTHR10746	3071.45	3004.15	8803.77	457.48	360.3
PTHR11099	4519.0	4485.35	931.91	12.9	10.16
PTHR12924	1706.0	1672.35	5140.12	191.53	150.84
PTHR11659	1820.0	1786.35	402.0	14.02	11.04
PTHR11349	4364.0	4195.76	20539.58	1653.3	1302.14
PTHR10566	40146.64	39170.86	6371.96	250.28	197.13
PTHR10293	4033.95	3899.37	3406.95	235.42	185.41
PTHR10291	4743.48	4608.9	1101.0	40.72	32.08
PTHR11584	9841.41	9639.51	2896.0	88.58	69.76
PTHR11586	2840.0	2739.05	769.17	54.19	42.69
PTHR11909	6805.09	6636.89	3827.0	168.28	132.55
PTHR24320	9750.71	9481.53	1780.13	86.66	68.26
PTHR24322	31104.74	30297.16	16660.75	676.27	532.62
PTHR11907	4189.13	4088.18	2247.34	82.48	64.97
PTHR11760	3309.0	3208.05	27898.6	1738.02	1368.85
PTHR11761	2760.25	2692.95	49519.63	5213.53	4106.16
PTHR11766	1735.0	1667.71	643.01	42.74	33.66
PTHR11767	3222.73	3155.43	48.0	2.09	1.64
PTHR10361	1477.34	1410.11	903.03	92.84	73.13
PTHR10366	32103.13	31396.51	20034.55	773.77	609.42
PTHR10169	6854.79	6653.12	794.08	38.76	30.52
PTHR10168	4649.0	4480.76	3073.49	172.69	136.0
PTHR20973	2290.89	2257.24	189.0	5.21	4.1
PTHR10165	6647.99	6513.39	1698.0	65.19	51.34
PTHR31032	1069.0	1035.35	506.0	30.56	24.07
PTHR23257	115594.55	112163.13	35507.58	1341.0	1056.19
PTHR23253	4862.4	4694.17	2508.01	165.84	130.61
PTHR14190	3697.0	3629.7	309.0	10.76	8.48
PTHR14194	5304.0	5169.4	1934.17	92.74	73.05
PTHR31251	20541.23	19700.14	6150.99	348.13	274.17
PTHR23074	12320.96	11950.83	1625.0	58.51	46.08
PTHR23077	14621.83	14184.46	4941.13	144.3	113.64
PTHR23076	28770.34	28366.55	25247.07	602.65	474.64
PTHR30239	1608.0	1574.35	619.0	24.51	19.3
PTHR23073	8277.0	8075.12	5522.08	239.61	188.71
PTHR23078	2898.0	2864.35	862.99	18.73	14.75
PTHR11165	1454.0	1420.35	4689.03	205.92	162.18
PTHR10772	2860.0	2759.05	8879.93	603.15	475.04
PTHR32100	8986.14	8784.29	70148.28	1784.83	1405.72
PTHR14445	3857.0	3688.82	476.01	37.05	29.18
PTHR23109	334.0	300.38	8.0	1.7	1.34
PTHR23102	3058.74	2957.87	786.85	54.49	42.91
PTHR23105	7755.86	7486.67	72770.69	4054.32	3193.15
PTHR11010	9593.62	9425.38	1930.23	95.27	75.03
PTHR11014	10346.91	10077.75	2343.1	107.66	84.8
PTHR12668	3654.61	3553.67	1262.0	52.93	41.68
PTHR12661	1383.0	1349.35	391.0	18.08	14.24
PTHR12663	7058.0	6923.4	1243.0	51.95	40.92
PTHR12664	1287.0	1253.35	189.0	9.41	7.41
PTHR16166	17572.96	17001.02	1141.0	51.32	40.42
PTHR12111	2949.0	2881.7	495.1	18.97	14.94
PTHR12447	1997.0	1929.7	93.0	5.81	4.58
PTHR15481	1382.0	1348.35	533.0	24.66	19.43
PTHR26379	3950.06	3882.76	3175.0	91.71	72.22
PTHR12599	2050.0	1982.7	2392.05	150.79	118.76
PTHR12596	7415.26	7247.02	1191.0	44.36	34.93
PTHR12590	3981.03	3880.08	5901.34	187.17	147.42
PTHR12066	2707.2	2505.47	154.0	24.7	19.45
PTHR12064	9267.75	8964.94	956.0	51.8	40.81
PTHR13226	3831.17	3730.22	201.0	9.59	7.55
PTHR13889	4423.0	4355.7	1678.0	42.3	33.31
PTHR21181	2794.93	2694.0	634.0	31.66	24.93
PTHR12412	3362.0	3328.35	617.55	11.53	9.08
PTHR12146	806.0	772.35	27220.61	2210.12	1740.69
PTHR10458	630.0	596.35	108.0	11.4	8.97
PTHR19306	4912.58	4845.28	1941.69	50.73	39.95
PTHR21506	991.75	958.1	280.0	18.28	14.4
PTHR12280	4918.0	4783.43	201.0	10.64	8.38
PTHR12281	2926.32	2859.03	1167.0	37.46	29.5
PTHR12286	4741.99	4607.43	588.0	28.55	22.47
PTHR30573	2874.0	2806.7	778.0	34.69	27.32
PTHR22983	7157.01	7022.41	400.0	15.4	12.13
PTHR22981	9315.48	9180.88	2252.07	69.54	54.76
PTHR30191	1271.0	1170.13	492.0	75.57	59.52
PTHR10629	10640.42	10371.26	1985.01	78.38	61.73
PTHR10994	5401.79	5267.2	1740.12	90.25	71.08
PTHR10996	12353.91	12152.03	8935.98	205.9	162.16
PTHR10625	18984.26	18513.19	5033.99	188.19	148.23
PTHR10992	54859.11	53614.15	12420.44	389.07	306.4
PTHR12848	2752.0	2684.7	433.99	20.08	15.81
PTHR12849	1801.51	1734.22	295.33	23.51	18.52
PTHR10943	7066.14	6897.89	2639.0	125.63	98.95
PTHR12847	4783.48	4648.88	2210.63	124.22	97.82
PTHR12841	1391.0	1357.35	347.0	15.95	12.56
PTHR21290	981.71	948.07	71.0	4.69	3.69
PTHR21349	1093.0	1025.71	3317.81	360.31	283.79
PTHR21347	2000.0	1966.35	650.0	20.58	16.21
PTHR19861	1335.65	1302.0	477.0	22.86	18.01
PTHR21343	1918.88	1817.96	56.0	5.97	4.69
PTHR10196	5286.75	5152.17	478.0	23.13	18.21
PTHR10192	734.0	700.35	146.0	13.09	10.31
PTHR10755	4206.17	4138.87	5756.0	141.29	111.28
PTHR10758	4620.43	4553.17	1946.6	52.05	41.0
PTHR13152	1559.29	1525.64	7987.65	326.39	257.06
PTHR12932	4050.0	3982.7	106.0	3.27	2.57
PTHR12934	2444.17	2376.87	6215.99	403.36	317.68
PTHR13265	1182.0	1148.35	221.0	12.02	9.47
PTHR11800	4302.0	4234.7	1216.57	36.43	28.69
PTHR11802	14799.24	14429.15	5024.01	180.84	142.43
PTHR11804	15628.15	15291.68	5997.92	180.52	142.2
PTHR11807	1195.89	1162.24	60.0	3.22	2.54
PTHR10281	1808.23	1740.94	1189.83	86.86	68.41
PTHR10283	20944.65	20608.17	14161.16	375.78	295.96
PTHR10285	10362.26	10093.06	28404.81	988.71	778.7
PTHR10286	3213.15	3112.21	35660.73	1867.07	1470.49
PTHR11579	6800.48	6699.53	2018.03	76.9	60.56
PTHR13718	4596.0	4495.05	33566.3	1825.7	1437.92
PTHR13711	6673.81	6471.96	5354.07	227.16	178.91
PTHR13710	13056.0	12685.86	216.0	14.68	11.57
PTHR11977	3717.52	3650.26	803.89	18.99	14.96
PTHR22970	2315.34	2248.04	455.0	25.65	20.2
PTHR11972	4217.0	4149.7	292.0	8.04	6.34
PTHR31480	1776.8	1743.16	447.0	15.98	12.58
PTHR31485	3869.0	3801.7	462.0	15.73	12.39
PTHR11715	1110.0	1076.35	6416.45	372.6	293.46
PTHR11717	3049.98	2915.42	1217.01	94.34	74.31
PTHR11711	11142.01	10906.47	8695.65	344.68	271.47
PTHR11712	7125.23	6990.68	7797.25	243.17	191.53
PTHR10374	3312.2	3244.9	4137.37	149.93	118.1
PTHR10178	33685.53	33046.29	50001.92	931.45	733.6
PTHR20961	8672.68	8504.43	838.0	30.97	24.38
PTHR10173	8352.0	8150.1	6252.71	297.74	234.48
PTHR10177	28059.29	27621.89	11572.06	202.71	159.64
PTHR10174	9861.72	9693.47	16125.75	649.61	511.63
PTHR23249	3532.68	3465.39	1251.0	47.66	37.54
PTHR23244	25244.39	24739.71	5662.05	159.87	125.93
PTHR23245	1556.67	1489.38	103.99	8.11	6.39
PTHR14614	11212.83	10809.11	6036.59	246.57	194.16
PTHR31268	2626.74	2458.55	237.0	29.89	23.55
PTHR31262	1907.0	1839.7	429840.56	22280.36	17547.94
PTHR23063	4134.36	4033.43	572.0	23.58	18.57
PTHR11620	1353.0	1285.71	28649.86	2167.46	1707.09
PTHR11624	12091.41	11923.17	90182.98	2518.53	1983.59
PTHR11627	11417.62	11249.38	146078.97	5338.71	4204.76
PTHR26312	5195.01	5060.41	571.94	29.9	23.54
PTHR11390	6470.0	6301.75	561.0	20.8	16.4
PTHR31319	3436.0	3402.35	11241.79	205.31	161.7
PTHR14052	2394.0	2360.35	24.0	0.63	0.5
PTHR32118	1627.0	1593.35	2378.01	93.03	73.27
PTHR23117	3892.42	3757.88	861.25	49.45	38.94
PTHR23115	41374.42	40533.27	157751.75	4562.24	3593.23
PTHR11028	1997.0	1963.35	1052.0	33.36	26.28
PTHR11024	2743.0	2709.35	985.0	22.61	17.8
PTHR15081	4263.04	4195.74	579.0	15.48	12.19
PTHR11777	6116.46	6015.51	5087.46	161.27	127.01
PTHR12616	2692.0	2624.7	160.0	7.08	5.57
PTHR12613	3943.6	3909.96	1261.0	20.03	15.78
PTHR12612	801.0	767.35	1302.01	106.41	83.81
PTHR32060	5155.4	5054.46	486.0	17.47	13.76
PTHR12126	4672.0	4604.7	3308.66	112.59	88.68
PTHR12124	4820.84	4652.78	729.18	64.85	51.07
PTHR22734	1557.0	1523.35	150.06	6.14	4.84
PTHR12121	10450.44	10080.38	1591.57	72.52	57.11
PTHR12438	948.29	914.64	31.02	2.12	1.67
PTHR15492	694.0	660.35	14.0	1.33	1.05
PTHR21426	2255.0	2221.35	390.0	10.93	8.6
PTHR21427	664.7	631.08	84.0	8.37	6.59
PTHR13161	2548.37	2514.72	345.0	8.53	6.72
PTHR19372	2011.03	1977.38	1008.24	31.75	25.0
PTHR19370	5458.22	5323.62	2004.98	76.15	59.98
PTHR19376	7094.8	6960.21	1206.0	38.78	30.54
PTHR19375	15262.12	14892.05	46087.26	1329.25	1046.91
PTHR12050	1234.0	1200.35	275.0	14.31	11.27
PTHR12725	10700.47	10532.22	2555.0	69.94	55.09
PTHR22884	17954.25	17415.89	2400.89	121.19	95.44
PTHR22881	549.0	515.36	91.0	11.14	8.77
PTHR22880	6838.5	6569.38	1180.77	73.59	57.95
PTHR12542	2406.09	2338.81	532.0	28.41	22.38
PTHR12547	5382.25	5247.65	11287.04	382.67	301.39
PTHR12436	7282.91	7148.31	2727.0	124.91	98.38
PTHR21512	1121.0	1087.35	19.0	1.09	0.86
PTHR30508	3066.81	2965.89	2105.0	149.65	117.87
PTHR14744	1129.0	1095.35	96.0	5.48	4.31
PTHR30502	2906.95	2839.65	241.01	10.58	8.34
PTHR10617	11795.0	11593.1	27271.46	813.67	640.83
PTHR10615	7243.09	7142.14	1635.0	47.42	37.35
PTHR12189	1209.69	1176.04	119.0	6.32	4.98
PTHR13527	1137.0	1103.35	147.0	8.33	6.56
PTHR22958	3716.0	3682.35	7726.23	130.35	102.66
PTHR14534	651.0	617.35	18.0	1.83	1.44
PTHR22951	861.0	827.35	146.0	11.06	8.71
PTHR22950	42768.51	41893.73	17022.78	650.2	512.14
PTHR22953	13635.73	13467.49	2437.0	56.45	44.47
PTHR22952	5562.43	5394.19	7874.25	270.56	213.09
PTHR22957	15725.67	15321.91	1940.42	83.12	65.45
PTHR21600	4245.82	4178.52	3073.0	58.67	46.21
PTHR24056	12091.41	11721.31	2733.17	126.31	99.49
PTHR24054	3304.0	3236.7	2203.04	83.88	66.07
PTHR24055	7065.18	6829.65	1139.08	69.46	54.7
PTHR24058	1959.89	1892.6	156.0	11.95	9.41
PTHR10766	9120.05	8884.55	4345.0	184.37	145.21
PTHR10762	2338.0	2203.43	169.02	20.25	15.95
PTHR30031	8706.04	8369.61	2030.73	88.18	69.44
PTHR12945	1375.0	1307.71	105.0	11.24	8.85
PTHR12944	1543.3	1509.66	142.0	5.86	4.62
PTHR23163	3217.0	3183.35	985.01	19.23	15.15
PTHR24128	6360.43	6158.54	862.14	45.31	35.69
PTHR13096	3661.59	3594.29	455.0	12.59	9.92
PTHR11364	3287.54	3186.59	1842.0	80.93	63.74
PTHR11365	5445.0	5377.7	736.98	16.35	12.87
PTHR10548	5473.21	5372.27	8556.16	281.99	222.09
PTHR11817	12583.84	12415.6	6717.89	156.81	123.51
PTHR11814	7294.41	7193.47	609.0	15.55	12.25
PTHR11363	1553.0	1519.35	30013.17	1231.62	970.02
PTHR10543	11137.0	10901.48	2358.0	54.48	42.92
PTHR11819	15065.91	14897.66	7663.03	176.27	138.82
PTHR10544	627.0	593.35	20257.31	2148.35	1692.03
PTHR11562	1038.85	1005.2	43.0	2.68	2.11
PTHR11566	11459.0	11290.75	5585.93	117.81	92.77
PTHR11567	5947.02	5778.83	931.14	61.81	48.68
PTHR11564	5532.21	5363.97	940.0	60.6	47.72
PTHR11962	3860.17	3725.61	1255.0	66.35	52.25
PTHR11963	4256.0	4155.05	2193.0	65.67	51.72
PTHR10381	11629.08	11326.24	30511.86	1267.93	998.62
PTHR10383	4081.0	4047.35	436.0	6.69	5.27
PTHR11705	7317.45	7182.87	1643.09	42.18	33.22
PTHR11702	11227.56	10992.01	3782.17	113.27	89.21
PTHR11700	1751.0	1683.7	40743.44	3825.05	3012.6
PTHR10388	1377.0	1343.35	6397.0	297.13	234.02
PTHR10145	5626.0	5558.7	1149.0	29.68	23.38
PTHR23273	4106.97	4039.67	239.0	6.86	5.41
PTHR23270	3334.09	3233.15	1448.13	65.02	51.2
PTHR23050	5477.75	5242.23	5016.72	331.29	260.94
PTHR23056	2007.91	1940.61	327.0	20.18	15.89
PTHR23054	1520.0	1486.35	278.0	11.66	9.19
PTHR11638	21398.66	20927.64	15750.34	334.62	263.55
PTHR31783	5095.0	4994.05	703.0	28.37	22.33
PTHR23291	9829.83	9661.58	9589.04	366.21	288.43
PTHR11630	9325.7	9090.17	199.0	8.02	6.33
PTHR11140	8583.0	8515.7	3272.63	48.34	38.07
PTHR11141	3596.0	3562.35	2780.87	48.5	38.2
PTHR11142	8663.25	8427.7	1314.0	67.3	53.0
PTHR11143	825.0	791.35	21172.3	1677.3	1321.04
PTHR11380	517.0	483.36	77.0	10.06	7.92
PTHR11384	5636.77	5535.84	1404.0	41.99	33.07
PTHR32477	2067.0	1966.05	129.0	12.22	9.63
PTHR14043	779.0	745.35	23.57	1.98	1.56
PTHR32472	2568.81	2467.87	255.0	18.91	14.89
PTHR31658	1140.0	1106.35	117.0	6.61	5.2
PTHR13890	8956.38	8653.56	1424.0	87.06	68.56
PTHR14269	2749.04	2648.12	556.0	37.15	29.26
PTHR22883	12961.74	12692.57	1591.57	47.31	37.26
PTHR23125	50678.02	49635.09	5039.19	134.81	106.19
PTHR19879	2663.58	2596.28	948.0	40.24	31.7
PTHR19211	22136.99	21531.37	212722.86	3470.04	2733.02
PTHR23338	1425.0	1391.35	1822.02	81.69	64.34
PTHR12608	2398.0	2330.7	595.24	32.67	25.72
PTHR12604	5419.35	5318.41	1561.44	61.25	48.25
PTHR12603	3081.07	3013.77	1747.0	58.8	46.32
PTHR32091	1848.08	1780.78	348.0	26.17	20.61
PTHR32098	5509.11	5273.6	508.0	35.48	27.94
PTHR18763	456.0	422.36	43.0	6.44	5.08
PTHR22726	2842.92	2741.97	660.0	37.47	29.52
PTHR22727	17193.96	16958.42	39659.19	927.28	730.32
PTHR12428	8850.96	8682.71	4624.57	163.88	129.08
PTHR18968	8334.24	8166.03	12551.42	297.96	234.66
PTHR14456	328.0	294.39	8.0	1.73	1.37
PTHR12730	3690.25	3622.96	450.0	15.67	12.34
PTHR12736	2181.64	2114.35	416.0	19.89	15.66
PTHR12735	5103.05	4968.46	2220.72	118.01	92.93
PTHR15020	13159.86	12890.66	7376.79	293.08	230.81
PTHR12558	5956.21	5787.96	371.0	19.71	15.52
PTHR12553	10123.89	9821.07	2574.73	97.94	77.14
PTHR10497	559.0	525.36	19071.88	2288.77	1802.63
PTHR10496	369.0	335.37	7.0	1.33	1.05
PTHR21569	2476.39	2375.44	22253.6	2067.49	1628.35
PTHR21567	5672.13	5537.53	210.0	10.62	8.37
PTHR13950	2223.0	2155.71	257.0	11.62	9.16
PTHR12133	2167.84	2100.55	153.0	9.29	7.32
PTHR10972	6076.19	5907.95	1872.97	97.52	76.82
PTHR21704	4766.0	4698.7	94.0	2.77	2.18
PTHR10606	1415.03	1381.39	809.03	36.54	28.78
PTHR13743	3598.0	3463.42	218.0	12.01	9.46
PTHR22942	9956.29	9754.39	932.0	38.06	29.96
PTHR13395	1927.0	1893.35	121.0	3.98	3.13
PTHR22891	7821.12	7720.22	5578.85	92.71	73.02
PTHR22893	3290.61	3189.67	695.0	25.62	20.18
PTHR24067	24058.93	23486.88	14374.23	581.41	457.92
PTHR24064	8990.84	8688.1	1013.24	72.44	57.06
PTHR24063	37988.79	37113.97	17403.32	489.44	385.46
PTHR21011	1399.0	1365.35	783.0	35.78	28.18
PTHR25040	7829.34	7694.77	3555.91	124.58	98.12
PTHR10774	13681.89	13278.12	1399.53	81.17	63.93
PTHR24068	2858.11	2790.81	13203.02	486.73	383.35
PTHR19980	2565.0	2497.7	377.0	18.84	14.84
PTHR12959	2286.21	2151.64	277.0	30.38	23.92
PTHR24115	59482.49	58271.14	1416.0	39.0	30.7
PTHR10961	1444.35	1410.7	797.0	35.24	27.75
PTHR11825	9214.4	9012.53	3677.1	131.84	103.84
PTHR10809	601.83	568.24	1263.0	139.91	110.2
PTHR11822	2320.23	2286.58	2024.0	55.07	43.38
PTHR10555	4338.48	4237.55	1274.0	60.4	47.57
PTHR10806	1146.74	1113.09	639.0	35.87	28.25
PTHR10804	15381.89	15146.37	10833.44	356.67	280.92
PTHR11556	6271.0	6102.75	63423.55	2287.56	1801.66
PTHR11558	3449.0	3381.7	1583.0	58.42	46.01
PTHR13773	6234.18	6166.89	1555.0	33.27	26.2
PTHR10537	1373.38	1339.73	91.0	4.24	3.34
PTHR11953	2683.91	2616.61	429.0	16.63	13.1
PTHR11952	11411.37	11276.8	6880.75	93.03	73.26
PTHR11956	2330.0	2296.35	938.0	25.42	20.02
PTHR11959	2497.0	2463.35	899.99	22.73	17.9
PTHR11739	5791.55	5690.61	5085.13	298.26	234.9
PTHR11732	27912.3	27172.17	5960.97	263.94	207.85
PTHR11731	12424.51	12155.36	2104.0	77.51	61.05
PTHR11730	10511.8	10309.92	2509.0	54.19	42.68
PTHR11735	2505.78	2371.2	143.0	15.73	12.4
PTHR10394	1003.0	969.35	46230.07	2983.65	2349.92
PTHR20941	3403.0	3369.35	103.0	1.9	1.5
PTHR10150	3744.22	3609.67	153.51	10.29	8.1
PTHR31065	11939.1	11770.89	13064.06	178.79	140.81
PTHR10159	17505.82	17169.34	6534.78	194.51	153.18
PTHR31066	504.0	470.36	8.0	1.07	0.85
PTHR13604	685.0	651.35	28.0	2.7	2.13
PTHR23264	3805.0	3704.05	619.76	31.7	24.97
PTHR23269	1768.0	1734.35	240.0	8.62	6.79
PTHR31204	1075.32	1041.67	264.0	15.85	12.48
PTHR31201	1253.0	1219.35	563.0	28.83	22.71
PTHR31209	2496.95	2396.0	312.0	24.25	19.1
PTHR11607	7735.28	7466.14	565.0	37.74	29.73
PTHR11606	6813.38	6712.43	43538.82	833.85	656.74
PTHR11601	9155.62	8953.73	1939.0	70.82	55.78
PTHR32467	21066.21	20393.36	3062.04	129.75	102.19
PTHR14255	9233.25	8964.08	922.0	42.55	33.49
PTHR31840	494.0	460.36	37.0	5.08	4.0
PTHR23130	8997.96	8829.75	1373.0	61.02	48.07
PTHR23133	951.0	917.35	298.0	20.33	16.01
PTHR23135	3714.48	3647.18	921.04	30.98	24.4
PTHR23138	3330.0	3262.7	2983.75	136.49	107.5
PTHR23139	17103.09	16732.97	9200.73	370.32	291.65
PTHR31682	1731.0	1697.35	796.19	29.23	23.02
PTHR11040	4564.58	4396.37	989.0	76.33	60.11
PTHR11043	1331.0	1297.35	600.0	28.86	22.73
PTHR11048	10350.51	10148.62	9374.83	366.66	288.78
PTHR14005	2375.0	2341.35	1775.0	47.17	37.15
PTHR15818	760.0	726.35	68.0	5.88	4.63
PTHR12636	2740.0	2706.35	914.0	21.0	16.54
PTHR14490	1875.01	1774.08	159.0	16.67	13.13
PTHR14493	35855.0	34677.38	11229.79	404.01	318.18
PTHR15651	533.0	499.36	108.0	13.65	10.75
PTHR12380	4219.9	4085.31	1550.31	93.91	73.96
PTHR12385	1284.18	1250.53	2596.3	129.61	102.08
PTHR12706	10867.03	10463.29	1373.86	53.16	41.86
PTHR12709	1563.93	1530.28	347.0	14.14	11.13
PTHR19957	6739.04	6570.79	3201.99	160.07	126.07
PTHR12561	777.0	743.35	26.0	2.19	1.73
PTHR12560	9590.01	9421.77	6244.0	129.61	102.09
PTHR11203	6614.11	6479.51	907.58	33.05	26.02
PTHR12097	6675.0	6607.7	2182.92	38.36	30.21
PTHR11200	11563.95	11261.12	3391.58	131.37	103.46
PTHR21576	12419.72	12083.26	1338.76	65.52	51.62
PTHR24193	6525.68	6222.89	2088.87	127.03	100.07
PTHR12419	6316.36	6148.14	1197.0	58.94	46.41
PTHR30525	1519.0	1485.35	2664.0	111.84	88.08
PTHR12413	2677.0	2542.43	174.0	17.05	13.42
PTHR12411	17983.6	17478.91	8597.24	435.02	342.62
PTHR23339	7521.0	7319.1	2001.02	86.66	68.25
PTHR12415	1324.0	1256.73	33.0	3.72	2.93
PTHR10947	1400.0	1332.72	266.0	25.53	20.11
PTHR21717	1860.4	1793.11	182.0	12.7	10.01
PTHR21712	3068.22	3000.92	584.0	25.96	20.44
PTHR12897	2835.62	2768.33	9927.04	281.38	221.62
PTHR12894	4359.53	4191.3	344.0	25.0	19.69
PTHR12891	1482.0	1448.35	93.0	4.0	3.15
PTHR22976	11338.72	11136.84	12590.38	272.96	214.98
PTHR22975	4373.0	4272.06	1499.0	52.72	41.52
PTHR20922	2619.34	2518.4	844.33	53.84	42.41
PTHR21377	2744.61	2677.32	993.67	45.61	35.92
PTHR21371	2411.0	2377.35	22399.25	586.14	461.64
PTHR21373	3885.41	3750.85	569.0	23.18	18.25
PTHR22573	11001.79	10833.57	5371.89	176.48	139.0
PTHR22572	12005.71	11702.87	13650.65	576.68	454.19
PTHR30566	3759.07	3658.21	956.0	38.41	30.25
PTHR21000	2793.0	2759.35	8874.37	199.97	157.49
PTHR10701	2181.0	2113.7	1453.0	85.86	67.62
PTHR13162	8129.0	7994.4	2891.96	90.82	71.52
PTHR13165	3877.21	3843.56	2485.69	40.17	31.64
PTHR21396	523.0	489.36	104.0	13.42	10.57
PTHR12459	1442.0	1408.35	159.0	7.04	5.55
PTHR10681	12699.12	12463.59	5281.84	204.19	160.83
PTHR24106	9484.09	9113.99	439.01	31.91	25.15
PTHR24103	2861.29	2793.99	895.29	32.3	25.44
PTHR11540	3801.91	3734.61	20285.56	731.93	576.47
PTHR10836	2729.0	2661.7	100215.36	3757.42	2959.33
PTHR10835	3203.0	3169.35	455.0	8.92	7.03
PTHR11545	3658.0	3557.05	32537.9	2441.07	1922.58
PTHR10012	915.24	881.6	434.0	30.83	24.28
PTHR13768	1691.77	1624.48	332.0	25.4	20.0
PTHR24078	7453.02	7217.51	650.02	33.61	26.48
PTHR11946	26309.51	25771.18	10205.02	342.73	269.94
PTHR11947	6659.06	6490.84	3469.66	97.93	77.13
PTHR11941	9484.59	9215.4	3476.95	156.06	122.92
PTHR24072	1846.0	1778.7	208.0	14.74	11.61
PTHR24073	20392.87	19854.5	15937.33	661.99	521.37
PTHR10491	1571.75	1504.45	100.0	9.05	7.13
PTHR24076	18188.36	17818.22	9036.96	305.36	240.5
PTHR24077	21168.69	20563.03	3904.01	206.91	162.98
PTHR11728	7920.48	7785.88	1200.44	36.53	28.78
PTHR11726	1447.0	1379.73	34859.48	2026.47	1596.04
PTHR11727	668.0	634.35	90.0	8.92	7.02
PTHR11721	789.0	755.35	37574.3	3120.24	2457.49
PTHR11722	1332.0	1264.7	21032.79	2091.11	1646.95
PTHR10120	1251.0	1217.35	346.0	17.75	13.98
PTHR10122	4633.0	4599.35	8114.84	109.55	86.28
PTHR11451	10899.08	10663.54	6257.28	226.18	178.13
PTHR11831	850.0	816.35	9.0	0.69	0.54
PTHR11835	6440.0	6305.4	4181.0	139.4	109.79
PTHR11614	5294.15	5193.21	4332.15	145.9	114.9
PTHR11615	9011.87	8843.65	20267.94	594.74	468.41
PTHR11618	5220.94	5153.64	959.99	22.81	17.96
PTHR14140	2888.0	2820.7	112.0	5.25	4.13
PTHR32419	5197.43	5096.49	825.0	30.37	23.92
PTHR10231	1670.0	1636.35	112.0	4.27	3.36
PTHR10233	8227.0	8058.76	2450.1	95.57	75.29
PTHR31503	11316.0	11215.05	8460.2	137.01	107.91
PTHR23147	632.0	598.35	81.0	8.52	6.71
PTHR23140	2229.32	2195.67	894.0	25.34	19.96
PTHR23142	2967.13	2899.83	654.0	26.62	20.97
PTHR23149	1171.75	1138.11	324.76	17.83	14.04
PTHR23148	1419.0	1385.35	156.0	7.02	5.53
PTHR31695	3061.84	2994.54	384.0	16.69	13.15
PTHR11056	1439.0	1405.35	144.0	6.39	5.03
PTHR11055	4647.55	4546.6	12401.51	419.0	330.0
PTHR32523	5139.41	5038.46	858.0	31.48	24.8
PTHR10670	6949.0	6915.35	90.0	0.81	0.64
PTHR10540	5814.27	5713.32	2850.16	102.63	80.82
PTHR12629	1152.0	1118.35	1044.9	58.38	45.98
PTHR18945	4769.95	4702.66	788.0	15.14	11.92
PTHR26402	7298.14	7129.89	3070.98	98.2	77.35
PTHR19384	14846.61	14442.87	41794.58	1797.43	1415.64
PTHR12714	5706.22	5571.62	1487.0	66.87	52.65
PTHR32251	2301.42	2267.77	533.0	14.62	11.52
PTHR12570	3222.0	3154.7	194.0	7.79	6.14
PTHR21494	1148.0	1080.71	42.0	4.88	3.84
PTHR21496	6511.64	6343.4	7301.83	410.75	323.5
PTHR21493	33620.92	32813.37	20247.2	713.25	561.78
PTHR21499	4408.22	4307.29	1822.27	90.24	71.08
PTHR21148	2263.0	2195.7	278.0	16.09	12.67
PTHR12083	2353.17	2285.88	312.0	16.82	13.25
PTHR13355	1507.0	1439.7	137.0	11.49	9.05
PTHR13976	23995.74	23760.21	15854.64	290.4	228.72
PTHR19852	2656.0	2622.35	817.0	19.37	15.26
PTHR12406	8895.98	8660.45	1480.0	63.8	50.23
PTHR16128	2945.0	2844.06	373.0	24.81	19.54
PTHR12400	940.68	907.03	150.0	10.35	8.15
PTHR30314	5901.05	5766.45	330.0	14.88	11.71
PTHR12882	1357.0	1323.35	469.0	22.12	17.42
PTHR12883	1743.0	1709.35	447.0	16.29	12.83
PTHR16255	5240.61	5106.02	1718.0	79.62	62.71
PTHR16254	10162.5	10061.56	6229.95	103.52	81.53
PTHR22960	1270.0	1236.35	64.0	3.23	2.55
PTHR13373	2429.81	2396.17	477.01	12.38	9.75
PTHR13375	2921.36	2854.06	457.0	19.23	15.14
PTHR22967	1062.0	1028.35	49.0	2.98	2.35
PTHR23407	1660.45	1626.8	155.06	5.94	4.68
PTHR30222	1137.92	1104.28	238.0	13.47	10.61
PTHR13115	781.0	747.35	106.0	8.9	7.01
PTHR13117	2083.23	2049.58	234.0	7.11	5.6
PTHR12975	2827.0	2726.08	304.0	16.84	13.25
PTHR13285	3843.0	3809.35	346.0	5.64	4.44
PTHR13288	1110.0	1076.35	187.82	10.91	8.59
PTHR10953	12657.01	12354.17	2528.75	109.19	85.99
PTHR10954	2368.15	2300.85	146.0	7.95	6.27
PTHR21726	1891.0	1823.71	114.0	6.23	4.91
PTHR10826	1353.0	1319.35	1696.98	80.27	63.22
PTHR11533	7702.29	7534.04	4388.99	157.49	124.05
PTHR11532	7123.78	6989.19	2110.0	65.76	51.8
PTHR10971	4751.73	4650.79	1456.25	56.66	44.62
PTHR10000	5701.49	5600.54	634.56	27.56	21.71
PTHR13021	1321.0	1287.35	559.0	27.1	21.35
PTHR24006	30001.14	29025.55	3274.09	195.15	153.71
PTHR24003	14200.8	13797.05	1402.01	69.44	54.69
PTHR31446	2609.8	2542.54	526.0	29.96	23.6
PTHR31442	1381.49	1314.19	95.0	10.07	7.93
PTHR11441	2052.0	2018.35	459.0	14.16	11.15
PTHR11440	13570.82	13335.28	6145.03	161.2	126.95
PTHR11999	8588.0	8352.5	4050.0	144.86	114.09
PTHR11998	4872.0	4804.7	1242.99	31.78	25.03
PTHR11449	696.0	662.35	47275.29	4484.45	3531.94
PTHR11994	5207.0	5139.7	32745.07	447.49	352.44
PTHR10133	6037.63	5768.49	542.0	42.24	33.26
PTHR21649	16498.68	15893.06	1110181.29	103179.47	81263.8
PTHR13620	5753.69	5518.21	352.27	23.18	18.25
PTHR11847	872.0	838.35	18279.67	1366.09	1075.93
PTHR11843	819.0	785.35	36690.79	2929.16	2307.0
PTHR11661	3052.0	2951.05	32086.56	3065.7	2414.53
PTHR11662	44410.38	43468.26	41011.68	968.88	763.1
PTHR11669	4713.24	4612.29	703.0	27.85	21.94
PTHR11668	15015.96	14679.48	5131.93	175.04	137.86
PTHR20856	12614.21	12445.96	3244.2	82.07	64.62
PTHR20854	6161.09	6026.49	2787.32	124.84	98.33
PTHR20852	8000.0	7764.51	14274.78	521.88	411.01
PTHR32404	1087.01	1053.36	193.0	11.45	9.02
PTHR20858	2717.52	2616.59	352.78	26.1	20.55
PTHR10634	1765.0	1731.35	7194.04	258.87	203.89
PTHR30603	2360.0	2326.35	2884.72	77.15	60.76
PTHR11709	5005.18	4937.88	381.98	6.1	4.8
PTHR14237	12476.82	12073.11	5428.07	170.25	134.08
PTHR10738	2252.0	2151.07	210.0	14.53	11.44
PTHR10264	2267.0	2233.35	548.0	15.27	12.03
PTHR23155	60472.78	59059.73	9094.18	338.64	266.69
PTHR23153	5499.9	5298.01	550.0	46.13	36.34
PTHR23151	13561.66	13258.83	19343.08	634.27	499.54
PTHR11063	1370.23	1336.58	640.0	29.88	23.53
PTHR11062	1216.0	1148.71	10.0	1.05	0.83
PTHR11061	8964.12	8560.38	2365.61	221.96	174.8
PTHR11065	12525.38	12289.88	5495.17	171.19	134.84
PTHR11064	4183.02	4082.08	10441.24	245.91	193.67
PTHR11260	19196.93	18793.18	13739.17	452.99	356.77
PTHR11264	1776.69	1743.04	180.0	6.43	5.07
PTHR11266	18125.7	17755.55	10120.09	299.44	235.83
PTHR13501	1427.33	1360.03	4593.96	364.04	286.71
PTHR31998	4499.0	4431.74	29961.52	449.63	354.13
PTHR31221	1636.0	1568.71	23.0	1.94	1.53
PTHR15838	1728.0	1660.7	155.0	11.86	9.34
PTHR12850	666.13	632.48	36869.55	3664.88	2886.44
PTHR32338	1321.0	1287.35	2187.75	106.07	83.54
PTHR31407	4095.1	3994.15	3456.23	138.38	108.98
PTHR15744	2841.62	2740.68	745.0	50.71	39.93
PTHR18952	4592.87	4491.92	1803.0	62.66	49.36
PTHR10552	800.0	766.35	577.0	47.22	37.19
PTHR21597	3550.51	3449.57	398.0	21.23	16.72
PTHR12765	429.25	395.61	44.0	7.05	5.55
PTHR12505	1886.29	1818.99	176.0	12.03	9.48
PTHR22603	6230.66	6096.06	1079.0	37.43	29.47
PTHR12506	4111.74	3977.15	803.0	46.54	36.65
PTHR22604	3356.36	3255.43	1384.04	60.19	47.4
PTHR21481	1219.0	1185.35	46.0	2.42	1.91
PTHR22778	4189.48	4088.53	2433.0	79.07	62.28
PTHR12169	4577.11	4375.26	611.0	49.66	39.12
PTHR19446	38395.21	37789.56	48780.97	1212.33	954.83
PTHR12219	1479.0	1445.35	2678.0	115.56	91.01
PTHR13561	1376.77	1309.49	155.0	12.49	9.84
PTHR13563	1749.04	1681.75	231.0	16.75	13.2
PTHR12210	19583.38	19347.85	8831.89	150.59	118.6
PTHR12215	1311.53	1244.24	70.0	7.21	5.67
PTHR12214	1032.0	964.71	58.0	7.76	6.11
PTHR22911	9108.35	8805.54	1059.0	65.06	51.23
PTHR22912	19403.15	18864.78	15217.57	747.36	588.62
PTHR12183	5154.0	5053.09	1027.81	32.64	25.72
PTHR19849	2661.0	2593.7	242.0	12.05	9.49
PTHR22594	10967.63	10698.48	5492.39	223.91	176.36
PTHR11864	4141.7	4007.1	549.0	34.36	27.06
PTHR21152	11505.19	11370.6	11960.28	363.54	286.31
PTHR30075	2068.79	2001.49	662.74	41.75	32.89
PTHR11632	13725.67	13557.44	15441.68	318.54	250.87
PTHR13102	2954.76	2853.82	834.01	55.73	43.89
PTHR12984	1952.0	1918.35	146.0	4.74	3.73
PTHR23293	3862.91	3761.99	7531.01	239.52	188.65
PTHR13299	2954.41	2887.13	807.99	35.21	27.73
PTHR12652	1044.0	1010.35	1069.99	66.23	52.16
PTHR10925	4200.0	4065.4	515.0	31.31	24.67
PTHR21737	3136.0	3001.42	557.0	49.47	38.96
PTHR10920	3428.55	3293.96	753.0	53.85	42.4
PTHR10584	19659.01	19087.05	5009.96	190.57	150.08
PTHR11528	8086.0	7951.4	15201.84	486.16	382.9
PTHR11527	2216.0	2182.35	3200.04	91.25	71.87
PTHR11525	2496.0	2462.35	952.8	24.07	18.96
PTHR10859	4288.0	4187.05	675.0	28.61	22.54
PTHR10589	1534.0	1466.71	838.3	59.14	46.58
PTHR10588	15472.65	14900.64	417.17	22.97	18.09
PTHR13038	2027.78	1960.48	188.0	11.92	9.38
PTHR13748	18608.54	18204.75	17545.27	381.24	300.26
PTHR10026	4253.0	4152.05	1231.0	51.83	40.81
PTHR24015	28416.3	27844.29	5040.0	162.98	128.34
PTHR24012	40791.83	40017.93	127502.12	4845.86	3816.56
PTHR24011	40470.34	39393.7	27198.67	831.5	654.89
PTHR31187	16628.05	16257.92	28706.13	619.68	488.07
PTHR13948	1361.15	1327.51	598.0	28.11	22.14
PTHR21145	830.19	796.54	257.0	20.23	15.93
PTHR10459	5803.82	5635.59	258.01	20.23	15.93
PTHR11453	1861.51	1794.21	137.0	9.7	7.64
PTHR10108	49973.12	48660.91	15726.57	652.57	513.96
PTHR11986	13953.77	13617.29	11934.06	375.17	295.49
PTHR11455	10118.58	9815.76	2696.99	132.01	103.97
PTHR10102	4087.22	4019.92	572.0	16.72	13.17
PTHR11458	1367.0	1333.35	2858.01	133.75	105.34
PTHR10106	1138.0	1104.35	98.0	5.55	4.37
PTHR11851	25941.18	25402.81	14174.68	426.98	336.26
PTHR23092	7244.89	7009.42	1847.62	71.38	56.21
PTHR23091	13841.61	13404.22	2670.19	144.7	113.95
PTHR11673	1683.0	1649.35	22815.74	862.05	678.95
PTHR11670	3903.11	3835.81	10581.24	348.66	274.6
PTHR11671	1433.0	1399.35	968.0	43.15	33.99
PTHR20863	2806.0	2705.06	30217.99	1800.76	1418.26
PTHR20861	3264.36	3163.41	1707.78	106.28	83.7
PTHR11679	7962.87	7794.63	1082.03	39.97	31.48
PTHR14009	7026.61	6959.32	2429.0	43.81	34.51
PTHR10217	18641.99	18238.2	2368.13	79.32	62.46
PTHR10210	1586.0	1552.35	730.61	29.34	23.11
PTHR11588	11086.98	10885.08	11913.9	403.14	317.51
PTHR31522	1415.0	1381.35	383.0	17.3	13.62
PTHR14221	1293.0	1225.73	155.0	14.3	11.26
PTHR11079	6453.01	6251.15	504.0	32.02	25.22
PTHR11076	14385.63	13981.84	812.13	40.08	31.57
PTHR11070	1561.0	1493.73	156.0	9.14	7.2
PTHR11071	23550.6	22877.71	44701.1	2617.99	2061.92
PTHR11278	751.0	717.35	25079.48	2194.34	1728.26
PTHR14107	484.0	450.36	73.0	10.25	8.07
PTHR11276	2724.0	2656.7	94.0	4.19	3.31
PTHR11274	1207.15	1173.51	848.0	45.13	35.55
PTHR14136	6161.2	6026.62	4057.04	241.76	190.41
PTHR31984	5660.73	5559.78	1876.66	47.37	37.31
PTHR15350	3537.08	3469.78	1480.09	51.17	40.31
PTHR15606	904.73	871.09	181.0	13.01	10.25
PTHR12374	1674.49	1607.2	307.0	25.68	20.23
PTHR12375	949.56	915.91	363.0	24.81	19.54
PTHR12378	680.0	646.35	43.0	4.18	3.29
PTHR18929	8045.01	7843.12	30109.66	1272.14	1001.94
PTHR30535	3429.33	3362.05	937.0	24.95	19.65
PTHR12777	1174.0	1140.35	1834.0	100.47	79.13
PTHR12775	2922.72	2788.15	941.0	79.23	62.4
PTHR12770	8654.83	8486.58	2019.02	70.54	55.54
PTHR14085	2340.0	2306.35	388.0	10.47	8.24
PTHR16092	4060.43	3993.13	1654.0	45.15	35.56
PTHR10938	2282.0	2248.35	1253.0	34.68	27.31
PTHR11035	1756.0	1688.7	2020.74	128.75	101.4
PTHR22298	31210.0	30638.23	9364.61	203.77	160.48
PTHR12174	3639.83	3538.9	2069.01	115.13	90.68
PTHR12175	1440.0	1406.35	357.0	15.83	12.47
PTHR12176	11165.79	10930.25	4445.79	107.0	84.26
PTHR22769	7595.53	7393.67	1190.0	64.79	51.03
PTHR22767	4437.36	4235.49	902.0	79.55	62.66
PTHR22765	9750.81	9582.59	1588.36	60.58	47.7
PTHR22762	15928.54	15558.46	2244.72	49.45	38.94
PTHR22763	1107.67	1040.39	42.0	4.72	3.73
PTHR22761	2105.74	2038.45	675.0	41.26	32.49
PTHR21231	5580.0	5445.4	1086.87	82.45	64.94
PTHR21230	4569.0	4468.05	681.0	29.58	23.3
PTHR21234	4299.0	4231.7	635.67	22.08	17.39
PTHR21237	3321.0	3220.05	2740.2	160.74	126.59
PTHR12202	2861.6	2727.01	301.25	25.37	19.98
PTHR12203	5547.93	5446.98	825.2	28.63	22.56
PTHR19857	1976.62	1909.37	204.0	9.71	7.65
PTHR19854	4109.1	3940.86	250.0	18.82	14.83
PTHR19855	1380.15	1312.86	368.99	35.24	27.75
PTHR13353	6002.7	5868.11	856.0	31.0	24.43
PTHR19853	3622.08	3487.48	298.0	22.79	17.95
PTHR11136	2047.85	1946.95	540.03	44.47	35.03
PTHR12197	29011.33	28271.19	12692.99	412.47	324.89
PTHR19858	2745.98	2678.68	423.0	17.93	14.13
PTHR13822	1774.25	1740.6	4588.64	164.24	129.35
PTHR10344	2149.02	2115.37	694.59	20.44	16.1
PTHR13138	777.7	744.05	212.92	17.95	14.14
PTHR10732	572.0	538.35	20152.2	2359.08	1858.01
PTHR10739	3306.19	3205.25	1283.0	71.81	56.56
PTHR22846	1646.81	1579.53	334.0	23.37	18.4
PTHR12992	2673.91	2606.62	292.0	13.97	11.0
PTHR22838	1942.47	1908.82	413.0	13.47	10.61
PTHR22836	1561.0	1527.35	129.0	5.27	4.15
PTHR11934	1195.0	1161.35	340.0	18.29	14.4
PTHR10693	619.0	585.35	263.0	28.28	22.27
PTHR10934	1009.0	975.35	28255.12	1812.24	1427.32
PTHR11510	3237.0	3203.35	3883.05	75.33	59.33
PTHR11516	5348.0	5213.41	10604.58	596.2	469.56
PTHR10025	8018.97	7817.11	1899.0	86.71	68.3
PTHR10027	7484.56	7282.66	287.0	16.6	13.08
PTHR13009	6514.0	6379.4	1601.32	49.7	39.15
PTHR13007	1684.0	1650.35	246.0	9.29	7.32
PTHR30115	1252.0	1218.35	2242.32	114.92	90.51
PTHR10598	1595.0	1561.35	767.0	30.62	24.12
PTHR17901	3092.89	3025.61	693.0	27.73	21.84
PTHR14413	1465.0	1397.7	1929.0	143.72	113.2
PTHR24351	4617.1	4549.81	1290.91	35.26	27.77
PTHR20981	831.0	797.35	29479.63	2317.65	1825.37
PTHR20982	3008.0	2940.7	1447.08	68.49	53.95
PTHR24352	5750.0	5682.7	2191.98	46.92	36.95
PTHR11467	796.0	762.35	14.0	1.15	0.91
PTHR10119	8403.15	8167.62	4645.29	193.45	152.37
PTHR10114	676.0	642.35	30551.24	2989.51	2354.53
PTHR10110	11592.11	11356.63	1497.0	65.81	51.84
PTHR11469	2233.0	2199.35	4200.0	118.84	93.6
PTHR10445	885.0	851.35	388.0	28.55	22.48
PTHR11863	2534.0	2466.7	468.01	23.73	18.69
PTHR24286	25357.23	24919.78	46283.76	1324.45	1043.15
PTHR23429	4882.13	4781.2	3030.63	105.51	83.1
PTHR23426	3827.04	3726.09	3569.19	161.64	127.32
PTHR10593	3575.61	3474.67	898.03	51.34	40.44
