GeneFamily	length	effective_length	expected_count	TPM	FPKM
PTHR11649	14040.8	13645.83	448.02	155.57	175.61
PTHR31089	1870.93	1831.42	107.0	30.35	34.26
PTHR31085	11654.34	11456.83	311.0	80.56	90.96
PTHR11647	4059.0	3940.5	65.0	22.59	25.51
PTHR11645	3550.0	3431.5	253.0	100.78	113.78
PTHR11880	2315.36	2196.86	905.0	712.62	804.52
PTHR11885	2268.0	2149.5	646.0	496.88	560.96
PTHR10209	11035.74	10798.73	399.02	116.87	131.96
PTHR32429	5604.1	5485.6	472.94	168.79	190.54
PTHR31423	1448.0	1408.5	22.0	8.12	9.17
PTHR31551	1682.13	1603.14	47.0	22.67	25.59
PTHR32195	3232.66	3153.66	38.0	12.27	13.85
PTHR11081	7150.0	6913.04	49.97	16.98	19.17
PTHR11080	2424.47	2345.46	10.0	4.72	5.32
PTHR11082	7927.75	7690.8	105.93	36.5	41.23
PTHR11085	4132.43	3935.02	33.0	23.04	26.0
PTHR11089	11368.4	10933.94	170.03	85.47	96.47
PTHR32518	2629.03	2550.04	69.0	18.92	21.36
PTHR11247	4548.58	4390.58	54.0	24.17	27.29
PTHR11246	13515.2	13238.71	211.0	62.29	70.33
PTHR32512	4210.0	4131.0	17.0	4.2	4.74
PTHR23088	5877.0	5719.0	128.9	44.52	50.27
PTHR23089	4899.18	4741.18	173.0	84.07	94.92
PTHR23081	7617.46	7498.96	93.0	19.44	21.95
PTHR23083	43606.53	42224.39	890.01	321.15	362.56
PTHR23084	5159.35	4961.87	137.5	70.82	79.96
PTHR23086	4670.0	4551.5	45.0	15.52	17.52
PTHR18806	2225.67	2146.67	29.0	13.87	15.67
PTHR31953	3541.4	3383.52	89.0	49.42	55.8
PTHR15184	12819.91	12503.94	2344.55	637.29	719.47
PTHR15341	1457.0	1417.5	18.0	6.6	7.46
PTHR32357	5414.62	5296.12	301.0	78.97	89.16
PTHR12696	5220.0	5062.06	153.0	45.1	50.92
PTHR12341	2160.35	2120.85	61.0	14.93	16.86
PTHR15160	3872.5	3753.99	1129.91	560.01	632.23
PTHR18937	17044.54	16728.54	155.0	31.76	35.84
PTHR18934	41163.74	39899.94	299.0	120.57	136.12
PTHR12742	1274.0	1234.5	9.0	3.79	4.28
PTHR12741	18173.61	17660.12	257.1	55.7	62.9
PTHR19288	4711.49	4592.99	89.0	30.25	34.14
PTHR12975	4351.0	4272.0	63.0	15.44	17.44
PTHR13902	11839.21	11641.7	327.0	73.66	83.15
PTHR13903	7283.17	7085.66	92.0	30.73	34.71
PTHR22753	8567.0	8290.5	62.0	25.49	28.77
PTHR30615	1026.0	986.5	49.0	25.89	29.23
PTHR21220	1883.0	1843.5	10.0	2.82	3.18
PTHR22938	2111.0	1913.72	8.0	11.31	12.77
PTHR21597	4510.0	4431.0	28.0	6.44	7.27
PTHR22931	8997.36	8839.39	404.15	75.63	85.39
PTHR22936	9645.23	9368.73	123.09	49.65	56.05
PTHR31038	2473.53	2394.53	91.0	36.3	40.98
PTHR13832	38482.94	37416.44	2452.41	779.78	880.33
PTHR31319	3741.37	3622.86	96.0	38.27	43.21
PTHR21136	10331.18	10015.18	383.24	157.99	178.37
PTHR12526	46358.88	45213.46	1615.73	483.95	546.34
PTHR13120	1408.66	1329.66	29.0	23.64	26.7
PTHR22809	2421.0	2342.0	7.0	3.54	4.0
PTHR22807	8153.0	7916.0	40.0	12.19	13.77
PTHR20661	1429.72	1350.73	10.0	7.0	7.89
PTHR10900	7873.47	7597.03	48.0	19.18	21.64
PTHR10906	6725.63	6528.22	305.0	95.36	107.66
PTHR10909	17603.37	17247.87	1945.88	477.97	539.59
PTHR10055	4016.0	3897.51	71.0	23.32	26.31
PTHR10057	3265.0	3146.5	68.0	32.54	36.74
PTHR10052	2225.0	2106.5	551.0	394.63	445.52
PTHR13017	1553.0	1513.5	7.0	2.4	2.71
PTHR13018	26668.91	26036.96	371.0	130.77	147.61
PTHR10694	7090.34	6813.87	49.0	23.96	27.04
PTHR12839	5876.73	5758.29	232.82	82.75	93.42
PTHR12835	1682.74	1643.23	32.0	10.12	11.42
PTHR24031	78948.76	76421.27	2337.14	822.95	929.06
PTHR24032	1443.0	1403.5	5.0	1.85	2.09
PTHR23291	4123.38	3965.36	525.0	225.06	254.09
PTHR24349	231226.55	224907.16	8501.7	2597.89	2932.89
PTHR24619	5330.0	5211.5	152.0	43.16	48.74
PTHR24343	10832.09	10516.23	782.0	252.82	285.42
PTHR11472	12458.19	12023.78	31.98	9.97	11.26
PTHR24347	21842.42	21210.49	524.0	157.88	178.27
PTHR11476	3664.0	3506.07	31.0	13.55	15.3
PTHR11477	4326.0	4168.08	36.0	12.6	14.22
PTHR24305	2189.0	2110.0	15.0	8.54	9.65
PTHR10476	4259.0	4101.0	126.0	56.75	64.08
PTHR24290	8159.0	7961.5	180.0	44.6	50.36
PTHR12730	2389.0	2310.0	10.0	3.67	4.13
PTHR23413	948.0	908.5	211.0	121.16	136.78
PTHR23417	4765.0	4646.5	12.0	6.07	6.86
PTHR23416	5738.13	5580.13	65.0	26.93	30.41
PTHR23415	847.0	807.5	26.0	16.81	18.98
PTHR12736	1834.0	1794.5	5.0	1.45	1.63
PTHR23418	1061.0	1021.5	174.0	88.78	100.22
PTHR10877	6015.4	5857.43	650.38	158.34	178.77
PTHR11879	6934.56	6776.56	944.6	277.86	313.68
PTHR31096	6444.75	6247.24	620.0	191.82	216.56
PTHR11655	4098.0	3900.51	1016.62	626.76	707.58
PTHR11652	1183.0	1104.05	499.0	324.33	366.15
PTHR10436	10778.76	10383.76	52.77	25.89	29.22
PTHR20883	2603.0	2524.0	259.0	114.96	129.78
PTHR11895	6497.0	6339.0	93.01	20.05	22.64
PTHR10277	8210.0	8052.0	272.0	73.4	82.86
PTHR14027	2307.81	2228.87	18.0	10.88	12.27
PTHR12320	10695.76	10498.25	347.0	88.45	99.86
PTHR24095	19234.0	18720.6	1010.0	196.11	221.4
PTHR24093	79872.84	77424.55	3984.37	1100.42	1242.25
PTHR23180	20002.13	19449.18	819.0	326.05	368.1
PTHR14593	4831.0	4673.09	27.0	9.63	10.87
PTHR11093	4140.76	4022.26	47.0	17.79	20.09
PTHR11096	1691.0	1533.14	6.0	7.59	8.57
PTHR23346	14318.19	14002.26	18585.42	19321.04	21812.6
PTHR11099	2684.0	2605.0	63.0	25.66	28.98
PTHR10309	1913.0	1873.5	91.0	25.23	28.48
PTHR14107	2747.0	2707.5	36.0	6.9	7.79
PTHR11252	5447.0	5289.0	98.0	34.33	38.76
PTHR11254	16570.02	16096.16	466.0	117.12	132.21
PTHR11255	7289.66	7171.16	820.38	144.87	163.55
PTHR14110	3793.0	3635.0	148.0	85.55	96.59
PTHR14374	2439.0	2320.5	10.0	6.68	7.55
PTHR18838	5941.26	5664.91	65.0	44.18	49.87
PTHR12687	1300.0	1260.5	8.0	3.3	3.73
PTHR15157	3422.59	3304.09	34.21	15.7	17.73
PTHR18901	10835.0	10519.03	519.0	172.45	194.67
PTHR12755	3579.0	3421.05	17.01	8.45	9.54
PTHR12750	3591.53	3433.54	67.0	38.79	43.81
PTHR12753	1934.0	1855.05	51.0	19.9	22.47
PTHR15574	4147.79	3950.32	55.0	36.43	41.12
PTHR22790	3587.36	3468.86	20.0	9.83	11.1
PTHR16266	4768.35	4570.91	24.0	11.82	13.35
PTHR31811	2557.43	2438.95	12.0	7.51	8.48
PTHR12358	8760.25	8562.75	99.0	28.06	31.69
PTHR22748	3233.28	3154.28	17.0	5.71	6.45
PTHR12356	2371.0	2292.0	25.0	11.33	12.79
PTHR12221	2678.14	2559.64	33.0	19.88	22.45
PTHR19879	2249.0	2170.0	6.0	2.88	3.26
PTHR12226	4480.55	4362.05	124.0	43.81	49.45
PTHR19876	8152.0	7954.51	491.0	111.55	125.96
PTHR19877	3899.19	3741.23	178.0	69.56	78.51
PTHR31442	3197.98	3040.02	58.0	34.84	39.33
PTHR12538	1718.0	1599.55	370.12	317.11	358.02
PTHR12537	6642.35	6484.34	161.94	50.23	56.72
PTHR12532	1374.0	1334.5	23.0	8.97	10.12
PTHR13486	906.19	866.68	13.0	7.83	8.84
PTHR20275	3535.0	3495.5	108.0	16.01	18.08
PTHR13489	1746.0	1667.01	16.0	7.57	8.54
PTHR17583	3727.29	3569.3	20.0	16.44	18.56
PTHR13572	1675.0	1635.5	13.0	4.13	4.66
PTHR24198	6590.0	6313.56	38.0	23.62	26.67
PTHR10048	15534.23	15178.8	224.0	48.61	54.87
PTHR24193	9176.62	8860.61	423.0	171.35	193.43
PTHR10044	3360.0	3241.5	109.0	51.35	57.97
PTHR10687	3867.97	3710.01	175.02	71.86	81.13
PTHR13069	6826.15	6628.65	87.0	35.39	39.95
PTHR13068	11235.06	10958.56	160.0	51.15	57.77
PTHR10682	3186.8	3068.31	81.0	28.24	31.87
PTHR10683	4132.0	4013.5	1092.08	334.41	377.54
PTHR12829	1226.0	1147.04	9.0	7.64	8.63
PTHR12820	2742.52	2584.6	70.0	36.19	40.85
PTHR12826	1036.0	996.5	9.0	4.71	5.32
PTHR12827	2597.0	2399.62	11.0	11.94	13.49
PTHR17920	2109.0	2069.5	34.0	8.53	9.63
PTHR10137	1701.0	1661.5	52.0	16.26	18.36
PTHR11405	9031.0	8873.0	358.27	92.58	104.53
PTHR11404	2458.36	2379.35	132.0	61.92	69.9
PTHR11406	1616.12	1576.62	405.0	133.51	150.73
PTHR13468	2941.0	2862.02	213.0	44.8	50.58
PTHR23406	8392.39	8194.89	810.98	200.49	226.33
PTHR23407	1060.88	1021.38	40.0	20.41	23.04
PTHR10869	30251.53	29185.06	4330.44	1823.9	2059.06
PTHR31717	3220.0	3141.0	44.0	12.56	14.17
PTHR13393	1947.0	1907.5	6.0	1.63	1.84
PTHR15169	1197.0	1118.03	6.0	4.13	4.67
PTHR11315	5041.48	4922.97	264.53	76.45	86.33
PTHR10139	1809.0	1730.0	8.0	4.51	5.08
PTHR10264	7594.13	7357.13	386.85	169.34	191.17
PTHR10263	7517.47	7201.52	643.01	333.51	376.52
PTHR12506	2335.0	2295.5	153.0	34.59	39.05
PTHR31155	1604.83	1565.33	522.64	173.55	195.93
PTHR32170	3534.0	3415.5	26.0	13.28	15.0
PTHR23350	1059.0	1019.5	8.0	4.09	4.62
PTHR23354	7542.49	7423.99	120.0	25.01	28.23
PTHR23355	11874.0	11479.06	84.0	32.19	36.31
PTHR23359	12278.19	11922.71	454.0	144.54	163.18
PTHR11227	6882.91	6724.9	182.0	53.83	60.77
PTHR11220	8789.45	8473.44	227.0	104.23	117.67
PTHR11223	5286.24	5088.87	275.0	130.44	147.28
PTHR11229	3363.41	3244.91	198.0	86.14	97.24
PTHR10314	16096.81	15622.82	933.96	426.07	481.03
PTHR14303	1068.24	1028.74	23.0	11.65	13.15
PTHR23309	4441.13	4283.13	498.9	267.18	301.64
PTHR23308	5960.0	5762.51	182.0	73.85	83.38
PTHR11139	29682.07	28892.23	216.0	75.79	85.55
PTHR15362	1511.0	1432.03	12.0	5.75	6.5
PTHR11132	44021.04	42875.55	2964.97	908.94	1026.15
PTHR11134	8272.13	8074.63	232.0	68.41	77.22
PTHR11136	2507.83	2428.83	22.98	8.69	9.81
PTHR32374	1600.0	1560.5	26.0	8.66	9.78
PTHR31579	3488.0	3409.0	382.15	106.56	120.31
PTHR32379	1398.0	1358.5	6.0	2.3	2.59
PTHR18919	8213.0	7976.0	1076.44	606.53	684.76
PTHR32002	15484.33	14970.89	362.97	99.05	111.82
PTHR14413	1810.34	1731.34	121.98	66.99	75.63
PTHR22893	3241.0	3122.5	20.0	6.45	7.28
PTHR10778	3148.0	3069.0	75.0	25.77	29.1
PTHR13789	31900.83	31229.4	1383.58	301.91	340.84
PTHR12786	5018.0	4781.05	174.98	76.9	86.81
PTHR12782	1572.0	1532.5	17.0	5.77	6.51
PTHR11742	13442.72	13166.22	201.0	53.73	60.67
PTHR13923	4726.0	4489.08	68.0	38.34	43.28
PTHR11210	2754.0	2675.0	77.0	38.47	43.43
PTHR12321	1188.13	1148.62	60.83	27.58	31.14
PTHR25040	12554.46	12198.96	975.0	333.32	376.29
PTHR12323	1764.22	1685.21	20.0	12.31	13.9
PTHR16201	9716.55	9440.05	104.0	42.86	48.37
PTHR21015	4211.67	4132.68	62.0	15.92	17.96
PTHR16196	788.0	748.5	9.0	6.28	7.09
PTHR16193	953.0	913.5	1.0	0.57	0.64
PTHR22792	6034.33	5836.83	145.0	74.82	84.48
PTHR21680	3143.12	3064.12	90.0	30.72	34.68
PTHR21689	6600.0	6521.0	22.0	3.84	4.34
PTHR21113	4868.18	4710.17	31.0	16.11	18.19
PTHR19316	2989.9	2910.9	33.0	13.29	15.0
PTHR21663	2518.63	2439.63	76.0	29.45	33.25
PTHR13253	13510.24	13075.74	323.0	145.89	164.72
PTHR21206	1182.36	1142.86	24.0	10.94	12.35
PTHR10072	6286.99	6089.48	840.96	367.66	415.06
PTHR10071	6004.31	5846.31	308.01	83.7	94.5
PTHR24188	9218.02	9020.52	97.0	25.1	28.35
PTHR13780	16997.02	16483.66	793.0	294.81	332.83
PTHR10670	7004.41	6806.91	47.0	16.78	18.95
PTHR10677	2441.0	2283.0	38.85	35.65	40.24
PTHR13078	2434.17	2315.73	56.0	26.64	30.07
PTHR12815	5666.38	5547.88	161.0	43.63	49.25
PTHR12814	1932.0	1853.0	10.0	5.57	6.3
PTHR24361	46227.77	44963.82	709.6	247.92	279.91
PTHR24362	17876.54	17323.61	179.0	60.49	68.29
PTHR10416	1429.0	1350.0	15.0	11.67	13.18
PTHR10410	7484.0	7247.0	270.0	105.12	118.67
PTHR10783	3857.37	3699.41	54.0	29.44	33.23
PTHR10782	8152.0	7915.03	29.0	10.72	12.11
PTHR13476	1335.26	1295.76	23.0	9.24	10.43
PTHR10788	9496.98	9299.48	248.89	74.61	84.24
PTHR10891	32046.65	31059.23	973.67	356.99	403.03
PTHR10890	5653.0	5534.5	66.0	23.03	26.0
PTHR20426	974.0	934.5	8.0	4.46	5.04
PTHR23213	13570.0	13135.58	201.0	67.59	76.32
PTHR10520	5171.56	5053.06	236.0	77.57	87.56
PTHR10250	2777.78	2659.28	122.0	74.13	83.68
PTHR10527	20843.0	20250.64	374.04	112.79	127.32
PTHR31384	13271.71	12916.32	144.0	34.81	39.3
PTHR10098	2158.0	2079.0	41.0	17.0	19.19
PTHR10091	1259.41	1219.9	23.0	9.81	11.08
PTHR31140	2215.54	2176.05	38.0	9.06	10.23
PTHR31412	5442.0	5323.5	39.0	11.67	13.17
PTHR11787	3248.46	3130.04	434.01	130.55	147.39
PTHR11785	32559.03	31690.08	909.0	336.25	379.61
PTHR11782	6264.12	6066.62	136.0	47.23	53.33
PTHR31419	2268.0	2228.5	78.0	18.17	20.51
PTHR11780	3422.0	3303.51	356.0	96.88	109.4
PTHR32497	1925.0	1846.0	22.0	11.75	13.27
PTHR13600	1703.49	1663.98	22.0	6.87	7.76
PTHR21141	5035.59	4759.2	1008.43	663.8	749.39
PTHR32148	4172.0	3974.53	323.11	177.04	199.86
PTHR23324	6458.15	6339.65	375.0	93.96	106.08
PTHR23327	4370.0	4212.0	87.0	44.59	50.34
PTHR23326	6102.0	5944.0	56.0	20.52	23.17
PTHR23321	3255.0	3136.5	75.0	35.35	39.91
PTHR23323	7173.0	6857.04	88.0	47.45	53.57
PTHR23322	7730.08	7453.62	77.0	32.11	36.26
PTHR23329	5255.96	5137.46	26.0	8.13	9.18
PTHR11236	5878.0	5680.5	34.0	13.35	15.08
PTHR10322	11205.0	10810.06	17.0	5.89	6.63
PTHR11239	3227.18	3108.69	64.0	33.64	37.98
PTHR10803	6719.55	6601.05	102.0	21.54	24.31
PTHR13803	11353.0	11076.57	146.0	33.12	37.39
PTHR31964	24183.87	23393.86	3983.71	1700.91	1920.24
PTHR10552	1770.3	1691.29	33.0	19.29	21.78
PTHR23030	3046.0	3006.5	68.0	11.73	13.24
PTHR11129	3594.0	3436.0	45.0	30.41	34.33
PTHR15316	3819.0	3661.11	77.21	33.55	37.88
PTHR11127	1629.14	1510.86	460.07	385.43	435.14
PTHR11125	3779.0	3621.0	96.0	51.09	57.69
PTHR10855	3624.0	3545.0	154.0	43.95	49.61
PTHR31566	2403.44	2363.94	64.0	14.05	15.86
PTHR31567	1545.0	1505.5	70.0	24.17	27.29
PTHR31561	3013.0	2894.59	28.0	10.78	12.16
PTHR15137	2650.0	2571.0	1.0	0.27	0.3
PTHR14950	3062.0	2983.0	8.0	2.76	3.12
PTHR22939	18030.26	17595.75	355.0	109.54	123.69
PTHR11264	1519.0	1479.5	14.0	4.92	5.55
PTHR15954	2712.0	2672.5	41.0	7.96	8.98
PTHR15952	3425.69	3386.19	21.0	3.21	3.63
PTHR21319	5489.89	5410.88	112.0	22.04	24.89
PTHR30612	7183.0	7104.0	173.0	26.39	29.79
PTHR19271	3311.82	3193.32	47.0	26.98	30.47
PTHR22932	1137.62	1098.11	162.0	76.85	86.75
PTHR19861	1251.0	1211.5	29.0	12.46	14.07
PTHR12029	8502.29	8225.78	128.0	49.52	55.91
PTHR12233	1306.47	1266.97	28.0	11.5	12.98
PTHR22780	11270.0	11072.5	314.03	58.45	66.0
PTHR30535	4919.08	4761.07	76.0	31.71	35.79
PTHR11952	2565.16	2446.71	120.94	46.03	51.97
PTHR21477	5794.36	5636.35	71.0	30.17	34.05
PTHR19308	8303.78	8145.79	413.16	137.3	155.01
PTHR16301	1173.58	1094.59	10.0	9.51	10.73
PTHR13265	2109.83	2030.82	39.0	19.29	21.78
PTHR22870	25902.0	25072.64	379.62	188.23	212.49
PTHR17630	1908.0	1829.0	100.0	58.67	66.25
PTHR10064	1389.0	1310.0	491.0	492.21	555.68
PTHR10066	2847.0	2649.59	7.0	7.26	8.19
PTHR10060	2216.0	2137.0	12.0	4.64	5.24
PTHR10663	36825.92	36154.48	636.0	128.75	145.35
PTHR10666	7356.53	7080.03	7269.84	3586.06	4048.5
PTHR10668	13311.79	12956.38	390.69	123.38	139.31
PTHR12801	1911.0	1832.0	5.0	2.82	3.19
PTHR12802	2410.0	2291.51	26.0	15.12	17.07
PTHR12805	1514.0	1474.5	13.0	4.58	5.18
PTHR12806	1131.0	1091.5	11.0	5.25	5.93
PTHR21091	18588.79	18114.84	1149.93	292.83	330.59
PTHR21090	6260.51	6102.57	193.0	50.84	57.4
PTHR21228	6243.7	6125.22	71.0	21.23	23.97
PTHR24314	5886.0	5728.0	120.0	35.95	40.59
PTHR11933	1040.0	1000.5	10.0	5.21	5.88
PTHR24316	9965.92	9571.05	436.08	173.74	196.15
PTHR11426	4675.72	4438.79	483.0	333.17	376.13
PTHR11937	15869.54	15435.12	1893.56	590.19	666.32
PTHR11938	9701.16	9385.17	708.0	235.25	265.58
PTHR21139	2302.0	2183.54	88.0	43.15	48.71
PTHR13683	31944.35	31035.91	753.93	216.45	244.38
PTHR24089	70219.02	68125.62	2358.67	946.18	1068.17
PTHR10796	2186.0	2146.5	138.99	33.61	37.94
PTHR10794	7664.0	7506.0	122.0	37.6	42.45
PTHR10795	9224.57	8948.16	111.0	45.89	51.81
PTHR10792	3924.0	3726.53	706.0	534.66	603.61
PTHR10799	79942.22	77849.1	806.78	258.59	291.97
PTHR10882	1208.0	1168.5	17.0	7.58	8.55
PTHR10887	49438.49	48016.78	308.0	105.28	118.84
PTHR11686	4509.0	4351.07	88.0	49.42	55.78
PTHR11685	2445.05	2366.06	177.97	78.32	88.42
PTHR11680	8621.0	8423.59	882.0	239.55	270.46
PTHR24221	33558.43	32729.16	831.9	203.06	229.23
PTHR24220	9017.19	8701.2	130.0	55.68	62.87
PTHR24223	53362.84	51506.82	5812.71	2517.92	2842.63
PTHR11689	21333.49	20978.0	285.0	47.2	53.29
PTHR10252	3028.26	2909.75	138.0	67.05	75.69
PTHR10537	1832.83	1793.33	4.0	1.16	1.31
PTHR13124	1575.0	1535.5	26.0	8.8	9.94
PTHR31173	3014.0	2974.5	46.0	8.02	9.05
PTHR10099	4717.0	4638.0	103.0	27.74	31.31
PTHR10997	20366.0	19931.54	340.0	91.62	103.41
PTHR31356	9542.26	9265.77	680.0	245.2	276.82
PTHR31352	14943.67	14667.17	731.0	181.33	204.72
PTHR31350	3119.41	3040.41	322.32	107.15	120.97
PTHR11758	1205.0	1126.0	409.0	382.62	431.96
PTHR23333	1864.0	1785.0	21.0	11.03	12.45
PTHR11203	11375.01	11059.05	140.0	50.13	56.6
PTHR11753	4315.0	4117.51	149.0	89.1	100.6
PTHR11200	17880.61	17604.1	433.71	98.96	111.72
PTHR24423	81322.4	79466.09	10773.92	1536.49	1734.67
PTHR11206	15909.23	15632.73	292.03	62.66	70.74
PTHR23338	2729.0	2571.04	88.0	64.59	72.92
PTHR23339	3824.0	3745.0	86.0	19.8	22.34
PTHR10332	1969.0	1929.5	5.0	1.35	1.52
PTHR14145	3884.0	3805.0	145.0	40.45	45.67
PTHR12561	1070.0	1030.5	11.0	5.56	6.28
PTHR15744	1998.57	1880.08	12.0	8.44	9.52
PTHR23023	2583.0	2504.08	14.0	3.25	3.67
PTHR31385	3017.22	2938.21	132.69	45.22	51.04
PTHR31142	3115.0	2996.5	134.0	54.86	61.92
PTHR21294	1489.0	1449.5	105.0	37.67	42.53
PTHR11119	6303.64	6145.64	48.81	12.43	14.03
PTHR31595	2467.0	2388.0	6.0	2.63	2.96
PTHR31596	1113.0	1073.5	3.0	1.46	1.64
PTHR15948	1639.03	1599.53	9.0	2.92	3.3
PTHR32026	45272.45	44087.51	1202.0	421.23	475.54
PTHR31829	1450.0	1410.5	78.0	28.76	32.47
PTHR22846	1290.0	1250.5	15.0	6.24	7.05
PTHR19241	63970.75	62312.09	2252.01	660.15	745.29
PTHR15239	2128.0	2009.54	9.0	7.93	8.96
PTHR12497	2232.0	2192.5	26.0	6.15	6.95
PTHR12652	2987.0	2908.0	203.0	67.9	76.65
PTHR12304	3138.0	3059.0	128.0	39.48	44.57
PTHR30540	2841.0	2801.5	45.0	8.33	9.4
PTHR13302	2936.0	2817.51	48.0	29.77	33.61
PTHR12472	1863.0	1823.5	17.0	4.84	5.47
PTHR13308	1016.88	937.98	37.0	36.02	40.66
PTHR12477	5783.71	5625.71	355.14	90.48	102.15
PTHR13878	2695.0	2655.5	33.0	6.45	7.28
PTHR21461	40848.18	39860.84	876.0	274.49	309.89
PTHR13872	9042.0	8726.04	618.76	408.44	461.12
PTHR22849	14941.3	14506.84	276.98	79.23	89.45
PTHR21314	1457.0	1417.5	5.0	1.83	2.07
PTHR13271	46787.22	45325.91	971.0	370.22	417.95
PTHR22841	2067.0	1948.57	3.0	2.18	2.46
PTHR22847	36770.01	35624.76	495.0	220.21	248.6
PTHR22844	11403.81	11048.36	296.0	90.7	102.39
PTHR31606	1280.0	1240.5	55.0	23.08	26.05
PTHR23284	1791.0	1751.5	36.0	10.68	12.05
PTHR21266	9111.52	8914.05	438.84	125.1	141.24
PTHR12271	8866.71	8708.71	120.0	23.98	27.07
PTHR21262	10384.19	10107.71	139.0	48.69	54.97
PTHR12276	4920.0	4841.0	156.0	33.18	37.46
PTHR10657	1752.0	1673.0	95.0	65.08	73.47
PTHR16557	1986.0	1946.5	32.0	8.54	9.64
PTHR10655	1456.0	1416.5	54.0	19.83	22.38
PTHR10652	4172.84	4014.84	309.0	144.26	162.86
PTHR17972	3401.0	3243.0	11.0	6.99	7.9
PTHR21085	1966.0	1926.5	92.0	24.8	28.0
PTHR11922	7595.0	7397.5	134.0	45.52	51.41
PTHR10438	22523.03	21693.56	1504.57	749.19	845.79
PTHR11926	5252.0	5094.0	70.0	19.03	21.5
PTHR11431	2824.0	2705.58	1006.42	369.42	417.05
PTHR10434	3461.0	3382.0	66.0	21.75	24.55
PTHR24096	21985.13	21392.72	933.29	278.7	314.64
PTHR13693	9731.0	9415.04	316.0	86.74	97.91
PTHR13691	1849.0	1770.0	209.0	96.75	109.23
PTHR24092	21446.17	20972.26	742.03	176.47	199.22
PTHR13451	4585.15	4466.65	70.0	20.13	22.73
PTHR13452	498.0	458.51	3.0	3.44	3.88
PTHR13152	1696.0	1617.0	7.0	4.3	4.86
PTHR12901	1419.0	1379.5	5.0	1.89	2.13
PTHR12903	2882.0	2763.53	167.64	69.08	78.0
PTHR23237	964.0	924.5	25.0	14.1	15.92
PTHR10501	5444.09	5246.59	138.0	66.94	75.57
PTHR31169	1316.0	1276.5	15.0	6.11	6.9
PTHR12277	7031.6	6873.6	363.84	96.88	109.38
PTHR10168	3865.0	3707.0	253.0	137.63	155.4
PTHR14087	1452.0	1412.5	13.94	5.13	5.79
PTHR14085	816.84	777.35	7.0	4.7	5.31
PTHR31344	3900.0	3781.5	33.0	14.63	16.52
PTHR31619	1795.0	1755.5	142.0	42.02	47.44
PTHR23306	3339.0	3220.51	38.0	14.74	16.64
PTHR23305	4777.0	4658.5	177.0	63.86	72.09
PTHR14089	3023.0	2944.0	84.0	28.08	31.69
PTHR11748	5251.8	5133.29	71.0	20.54	23.19
PTHR11214	5989.0	5752.02	102.0	55.21	62.34
PTHR11216	8639.0	8441.5	161.0	44.46	50.19
PTHR14154	11441.08	10927.71	352.47	225.33	254.41
PTHR14155	37650.65	36544.68	953.0	320.87	362.24
PTHR10343	12781.43	12386.47	423.59	175.96	198.64
PTHR11699	19178.54	18704.57	923.17	240.44	271.44
PTHR11692	2443.0	2403.5	138.66	29.93	33.79
PTHR11693	3825.0	3627.59	537.17	265.24	299.45
PTHR11695	21111.8	20479.79	706.0	276.27	311.89
PTHR31760	1636.73	1597.23	13.0	4.23	4.78
PTHR31906	11287.0	10971.0	438.0	181.84	205.28
PTHR21419	1778.0	1738.5	121.0	36.16	40.82
PTHR23012	12475.82	12159.82	349.02	105.33	118.91
PTHR11101	2044.0	2004.5	56.0	14.51	16.38
PTHR11102	13848.08	13492.57	456.0	151.38	170.89
PTHR11106	5031.94	4873.96	53.0	17.83	20.12
PTHR31585	6047.14	5849.65	60.0	20.25	22.89
PTHR32125	2700.0	2621.0	97.0	38.61	43.59
PTHR31588	5423.82	5305.32	208.0	53.41	60.29
PTHR32120	1863.0	1823.5	7.0	1.99	2.25
PTHR15680	2434.0	2355.0	185.0	81.45	91.95
PTHR10281	5388.0	5190.51	86.0	39.76	44.88
PTHR26312	7980.67	7783.17	297.0	89.06	100.56
PTHR18895	2434.0	2355.0	11.0	3.46	3.91
PTHR12486	1025.84	986.33	9.0	4.76	5.37
PTHR12480	5265.98	5029.01	73.0	46.15	52.09
PTHR12482	5029.33	4910.82	54.0	15.61	17.63
PTHR11042	5169.0	4892.53	16.0	10.96	12.38
PTHR11122	4743.82	4625.32	158.0	53.68	60.6
PTHR12317	9516.93	9200.98	183.0	62.94	71.06
PTHR12649	1592.0	1513.08	83.0	34.74	39.22
PTHR13992	653.0	613.5	2.0	1.71	1.93
PTHR12461	5981.0	5744.06	10.0	5.27	5.95
PTHR12466	2100.0	2060.5	18.0	4.54	5.12
PTHR13847	10886.26	10530.74	556.0	202.67	228.79
PTHR22854	2898.48	2819.48	98.0	33.54	37.87
PTHR12001	5933.29	5735.87	127.0	58.61	66.17
PTHR21327	5847.0	5728.5	115.91	32.56	36.77
PTHR21631	5910.53	5792.03	1845.74	443.27	500.43
PTHR22855	7275.0	6998.62	987.06	499.72	564.16
PTHR22850	20011.59	19537.59	358.01	104.83	118.33
PTHR22504	1128.0	1088.5	97.0	46.42	52.41
PTHR12189	3805.0	3726.0	43.0	12.25	13.83
PTHR21256	2301.0	2222.05	129.0	36.43	41.13
PTHR12265	370.0	330.54	2.0	3.2	3.61
PTHR12266	5494.0	5336.0	121.0	48.63	54.89
PTHR10648	7114.7	6877.71	472.03	131.71	148.7
PTHR30178	2903.69	2785.24	546.0	225.98	255.12
PTHR10641	21763.29	21131.43	170.0	52.67	59.46
PTHR19842	1208.0	1168.5	5.0	2.23	2.52
PTHR10644	14295.0	13860.55	278.0	76.21	86.03
PTHR12864	3690.0	3532.0	45.0	24.94	28.16
PTHR12860	2644.0	2525.52	52.09	26.43	29.84
PTHR13194	2953.0	2795.01	10.98	7.91	8.92
PTHR13190	1435.0	1356.0	7.0	5.7	6.43
PTHR13193	771.0	731.5	8.0	5.72	6.45
PTHR11913	1976.0	1897.0	451.99	259.03	292.43
PTHR11911	8517.03	8240.61	1637.02	681.41	769.27
PTHR11910	2152.27	2073.26	452.0	230.42	260.13
PTHR10871	4406.0	4208.5	888.04	626.48	707.26
PTHR12919	885.0	845.5	20.0	12.35	13.94
PTHR12910	792.0	752.5	63.0	43.75	49.39
PTHR12917	3932.45	3813.94	108.0	43.62	49.24
PTHR11351	2566.0	2487.03	46.0	13.49	15.23
PTHR11353	36991.0	36201.0	1138.63	333.47	376.49
PTHR11599	24421.0	23473.03	1577.48	707.83	799.12
PTHR10516	24425.52	23596.07	1104.59	519.25	586.21
PTHR11592	5601.0	5403.51	369.0	164.87	186.13
PTHR31724	3235.0	3116.5	74.0	37.36	42.17
PTHR13734	3158.72	3040.29	50.0	23.02	25.98
PTHR31098	5079.0	4960.51	136.9	31.93	36.05
PTHR31620	7199.0	7001.5	144.0	46.57	52.56
PTHR23315	75477.44	73739.54	2343.49	690.45	779.47
PTHR23316	6680.5	6522.5	427.0	86.14	97.24
PTHR11778	3085.0	3006.0	74.0	26.01	29.36
PTHR11777	10022.89	9864.89	298.0	61.22	69.11
PTHR11774	4935.0	4737.52	28.0	13.6	15.35
PTHR11773	5296.62	5099.14	192.0	89.49	101.04
PTHR11772	10543.79	10306.79	1664.0	550.15	621.08
PTHR10357	41655.84	40826.35	2476.14	489.87	553.02
PTHR10353	14577.63	14024.97	294.0	105.63	119.25
PTHR10350	3802.0	3604.57	67.0	42.0	47.41
PTHR10351	1589.61	1510.61	560.92	373.96	422.19
PTHR32557	2087.0	2047.5	90.0	22.82	25.76
PTHR10359	7329.74	7092.85	62.0	21.27	24.03
PTHR31750	1570.0	1530.5	13.0	4.42	4.98
PTHR14189	1419.0	1340.08	58.0	37.2	42.0
PTHR32228	1481.0	1441.5	10.0	3.61	4.07
PTHR31245	1407.35	1328.35	45.0	35.99	40.64
PTHR23001	4507.14	4349.14	391.0	157.51	177.82
PTHR23002	3622.3	3464.29	69.0	31.88	35.98
PTHR11177	4295.37	4176.86	42.0	16.84	19.01
PTHR10445	1318.0	1278.5	21.0	8.55	9.65
PTHR11178	3832.19	3674.2	153.0	71.91	81.17
PTHR14456	1590.0	1511.04	12.0	8.76	9.88
PTHR31808	1958.0	1879.0	74.0	42.41	47.87
PTHR31803	4481.56	4363.06	255.0	80.19	90.54
PTHR11009	3380.0	3301.0	35.0	11.81	13.33
PTHR30075	3842.0	3763.0	14.0	3.7	4.17
PTHR19229	18689.17	18057.31	363.4	105.74	119.36
PTHR14255	5174.06	5055.56	34.0	11.94	13.49
PTHR11482	8231.26	8112.76	3338.45	476.32	537.73
PTHR11005	10031.36	9715.38	138.0	38.92	43.94
PTHR11006	9192.49	8955.51	313.0	132.62	149.72
PTHR18640	2322.0	2203.56	2.0	0.89	1.01
PTHR18866	13920.16	13564.69	430.0	143.07	161.53
PTHR12022	831.0	791.5	90.0	59.39	67.05
PTHR15074	4509.0	4430.0	146.0	31.66	35.75
PTHR15588	2439.16	2320.66	63.0	39.37	44.45
PTHR12677	7262.86	7025.86	114.0	45.63	51.52
PTHR19134	4140.02	4061.02	86.0	22.0	24.84
PTHR19139	1957.0	1878.01	17.0	8.74	9.87
PTHR30566	2840.0	2761.0	17.0	7.94	8.96
PTHR12456	1231.0	1191.5	7.0	3.06	3.45
PTHR12452	832.0	792.5	23.0	15.16	17.11
PTHR13343	5773.0	5575.5	91.0	40.61	45.85
PTHR19359	2519.73	2361.78	196.14	155.2	175.2
PTHR12072	3028.46	2909.97	37.0	22.69	25.63
PTHR13218	575.0	535.5	12.0	11.76	13.27
PTHR13215	1442.92	1403.42	118.0	43.73	49.37
PTHR13213	3133.5	2975.51	10.0	9.92	11.2
PTHR21530	4121.0	4042.0	67.0	15.76	17.8
PTHR12295	7937.0	7779.0	84.0	28.08	31.7
PTHR12298	3187.59	2990.12	19.0	17.05	19.24
PTHR10638	5205.0	5126.0	150.43	30.35	34.27
PTHR10634	3453.0	3334.5	649.0	259.59	293.07
PTHR10631	5176.0	5018.0	30.0	10.66	12.01
PTHR10984	8894.0	8538.5	105.0	53.83	60.76
PTHR12858	4115.0	3996.5	22.0	8.21	9.25
PTHR13505	1426.35	1347.42	33.0	18.92	21.36
PTHR12850	1703.0	1584.56	651.0	723.64	816.96
PTHR12856	2466.0	2387.0	11.0	4.87	5.5
PTHR12855	630.0	590.5	3.0	2.66	3.01
PTHR12854	586.0	546.5	1.0	0.96	1.08
PTHR13182	2476.39	2357.93	16.0	6.27	7.08
PTHR10182	3130.54	3051.53	283.0	111.48	125.85
PTHR10743	3017.0	2898.5	57.0	28.91	32.64
PTHR10742	21529.58	20976.59	350.95	111.01	125.34
PTHR10745	2931.0	2852.01	142.0	38.17	43.09
PTHR10744	4203.65	4006.15	642.02	451.29	509.5
PTHR10746	3079.0	3000.0	234.06	94.48	106.66
PTHR12924	1393.0	1353.5	69.0	26.52	29.94
PTHR11659	2056.0	2016.5	43.0	11.07	12.5
PTHR11525	1485.87	1446.37	28.08	10.09	11.4
PTHR11349	5115.0	4838.53	105.0	67.54	76.27
PTHR10566	38522.08	37534.76	413.93	139.52	157.5
PTHR10293	5586.0	5309.55	285.0	175.94	198.62
PTHR10291	1907.0	1867.5	16.0	4.45	5.02
PTHR11584	8683.44	8525.44	168.0	33.87	38.22
PTHR11586	1144.0	1104.5	40.0	18.86	21.3
PTHR11918	6348.0	6229.5	55.0	12.04	13.59
PTHR11909	10065.63	9749.63	987.84	308.43	348.21
PTHR24320	7167.72	6891.23	54.0	28.23	31.88
PTHR24322	25318.65	24489.19	512.33	189.48	213.94
PTHR11907	2195.0	2155.5	163.0	39.25	44.31
PTHR11760	1844.0	1765.01	323.0	132.43	149.5
PTHR11761	1004.0	925.01	268.0	343.15	387.41
PTHR11766	1859.0	1819.5	121.0	34.54	39.0
PTHR11767	9536.91	9299.92	124.0	31.31	35.36
PTHR10361	9723.64	9486.66	137.0	41.86	47.25
PTHR10366	40272.42	39126.97	6641.02	2273.24	2566.4
PTHR10169	9726.7	9529.2	108.0	28.75	32.46
PTHR32442	2058.0	2018.5	78.0	20.06	22.65
PTHR20973	1523.0	1483.5	8.0	2.8	3.17
PTHR10165	4361.62	4243.12	49.0	19.67	22.2
PTHR31032	3420.0	3341.0	86.0	26.77	30.22
PTHR23257	43813.54	42589.42	1052.42	311.96	352.19
PTHR23253	6696.0	6340.54	234.0	147.37	166.39
PTHR14190	3107.0	3067.5	57.0	9.63	10.88
PTHR14194	9693.91	9417.41	212.0	75.6	85.35
PTHR31251	7521.0	7402.5	80.0	16.9	19.07
PTHR23074	18551.26	18195.78	402.0	101.03	114.07
PTHR23077	17734.91	17260.91	927.95	304.74	344.03
PTHR23076	35332.66	34424.19	1306.18	374.63	422.97
PTHR23073	14119.0	13645.03	989.52	349.01	394.01
PTHR12560	4362.0	4243.5	46.03	14.46	16.33
PTHR23078	3522.81	3404.31	106.0	35.69	40.29
PTHR11165	2087.0	2008.0	186.0	95.92	108.28
PTHR32100	8098.0	7821.52	203.0	75.1	84.78
PTHR14534	1502.0	1462.5	20.0	7.11	8.03
PTHR14445	2498.0	2419.03	8.0	3.23	3.65
PTHR23109	4032.16	3913.65	30.0	12.32	13.92
PTHR23102	4505.17	4386.67	90.0	29.46	33.27
PTHR23105	11864.87	11351.37	2548.03	1598.18	1804.27
PTHR11010	6125.0	5888.11	74.0	31.78	35.88
PTHR11014	10412.0	10214.5	338.0	99.52	112.35
PTHR14152	2119.0	2040.0	13.0	9.58	10.82
PTHR12668	3326.0	3207.5	153.0	70.93	80.08
PTHR12661	1758.0	1718.5	15.0	4.53	5.12
PTHR12663	6346.31	6148.81	54.0	25.93	29.27
PTHR12664	1370.0	1330.5	12.0	4.69	5.3
PTHR16166	30293.77	29898.81	656.98	105.88	119.52
PTHR12111	3235.21	3156.21	62.0	20.9	23.59
PTHR12446	2643.0	2524.5	14.0	8.21	9.27
PTHR12447	2104.0	2025.0	26.0	13.94	15.75
PTHR15481	676.0	636.5	5.0	4.11	4.64
PTHR26379	2125.0	2085.5	32.0	7.97	8.99
PTHR12599	2616.87	2537.87	103.0	42.22	47.67
PTHR12596	6813.16	6655.16	144.0	33.87	38.26
PTHR12590	1537.0	1458.0	10.0	7.14	8.07
PTHR12066	1645.0	1487.13	14.0	16.91	19.09
PTHR12064	3300.0	3181.5	6.0	2.94	3.32
PTHR13226	1179.84	1140.34	29.0	13.24	14.95
PTHR13889	5925.96	5728.48	134.0	61.95	69.93
PTHR13887	2658.0	2539.59	42.0	21.6	24.38
PTHR21181	2169.0	2090.0	60.0	33.92	38.29
PTHR13948	2470.0	2351.54	12.0	8.07	9.1
PTHR10459	6998.0	6721.53	36.0	15.67	17.68
PTHR12146	2030.0	1911.5	508.0	359.11	405.43
PTHR10458	2625.0	2546.0	49.0	21.81	24.62
PTHR19306	5339.46	5260.46	87.0	17.67	19.95
PTHR21506	2890.0	2850.5	25.0	4.55	5.13
PTHR12280	4615.0	4417.59	144.0	58.23	65.73
PTHR12281	3091.0	2933.01	127.0	47.93	54.11
PTHR12286	4051.0	3932.56	90.0	27.99	31.6
PTHR30573	3005.0	2926.0	17.0	4.68	5.28
PTHR22983	5079.11	4960.63	47.0	6.88	7.78
PTHR22981	10516.88	10319.38	1212.01	217.53	245.56
PTHR10947	3170.0	3091.0	98.0	28.02	31.63
PTHR30191	5330.0	5132.58	195.21	96.78	109.26
PTHR13082	731.0	691.5	33.0	24.96	28.18
PTHR10629	11019.0	10742.5	53.0	19.43	21.94
PTHR10994	47565.91	46301.96	1714.6	494.39	558.07
PTHR10996	11502.54	11186.55	286.0	76.37	86.21
PTHR10625	13258.0	12902.5	132.96	52.69	59.48
PTHR10992	53234.57	51733.57	1712.0	696.4	786.21
PTHR10993	1729.92	1650.93	17.0	8.08	9.12
PTHR17695	4723.0	4446.64	17.0	9.44	10.65
PTHR12848	5778.0	5699.0	32.0	6.43	7.27
PTHR12849	2572.84	2493.86	26.0	9.72	10.97
PTHR21712	1361.0	1321.5	13.0	5.12	5.78
PTHR12847	6161.7	5964.2	123.0	54.62	61.66
PTHR12841	993.0	953.5	28.0	15.31	17.29
PTHR21290	1653.89	1614.39	2.0	0.64	0.73
PTHR21349	1424.0	1384.5	13.0	4.88	5.51
PTHR21347	2643.01	2564.01	67.0	20.07	22.65
PTHR21343	2324.0	2284.5	16.0	3.63	4.1
PTHR10196	7806.0	7648.0	208.0	45.77	51.66
PTHR10192	1734.5	1616.03	1.0	1.46	1.65
PTHR10751	12318.5	12042.01	124.0	32.87	37.12
PTHR10755	2605.0	2526.0	60.0	20.52	23.16
PTHR10758	4002.0	3883.5	152.0	54.13	61.11
PTHR10759	1840.0	1721.52	686.0	634.28	716.08
PTHR12932	1492.7	1453.2	396.8	141.98	160.29
PTHR12934	2083.1	2004.12	286.0	126.31	142.6
PTHR11451	10461.16	10263.67	364.0	90.97	102.7
PTHR10288	6647.31	6291.91	159.0	87.93	99.27
PTHR11800	2755.59	2676.59	58.0	22.31	25.19
PTHR11802	12732.0	12258.01	361.0	127.34	143.75
PTHR11804	10050.0	9852.5	251.97	76.0	85.8
PTHR11807	5943.52	5825.02	45.0	12.06	13.61
PTHR11374	3417.55	3338.55	1388.61	384.76	434.37
PTHR11808	6433.6	6196.71	178.0	52.44	59.2
PTHR10283	13734.48	13418.48	179.0	46.04	51.98
PTHR10285	16851.26	16377.25	826.0	326.95	369.08
PTHR10286	32651.13	32058.6	314.04	99.28	112.07
PTHR11579	1844.0	1804.5	128.0	36.85	41.6
PTHR13355	3876.0	3757.5	45.0	18.91	21.35
PTHR13718	5855.51	5579.08	755.71	489.7	552.85
PTHR13711	7446.0	7209.04	51.19	24.31	27.44
PTHR13710	17628.21	17154.26	58.35	23.84	26.92
PTHR11977	5992.13	5913.13	209.0	28.4	32.06
PTHR22970	885.0	806.04	5.0	5.71	6.45
PTHR11972	4705.06	4468.18	156.2	67.19	75.87
PTHR31480	1828.0	1788.5	8.0	2.32	2.62
PTHR31485	13731.38	13415.38	271.0	74.95	84.6
PTHR11715	936.0	896.5	98.0	57.03	64.39
PTHR11717	3573.13	3454.63	115.0	51.5	58.12
PTHR11711	14461.41	13947.91	2264.32	1119.58	1263.94
PTHR11712	7465.06	7267.56	113.0	33.77	38.11
PTHR10374	5412.31	5254.31	492.99	154.93	174.9
PTHR10178	2283.08	2204.12	4.0	3.71	4.19
PTHR20961	42861.34	41716.02	709.0	235.88	266.31
PTHR10173	6515.69	6239.19	308.0	176.11	198.81
PTHR10177	9011.32	8813.81	203.0	50.52	57.04
PTHR10174	14289.17	13854.7	261.94	106.37	120.11
PTHR23249	1542.0	1463.0	35.0	25.54	28.83
PTHR23244	17189.77	16676.33	254.88	82.32	92.95
PTHR23245	3719.0	3521.55	14.0	10.33	11.66
PTHR23240	3192.0	3073.5	2.0	0.97	1.09
PTHR14614	5043.0	4845.5	23.0	12.5	14.12
PTHR31268	3191.0	3151.5	210.0	34.55	39.0
PTHR31262	1881.33	1802.33	5748.9	3714.59	4193.61
PTHR23063	1995.0	1955.5	162.68	43.2	48.77
PTHR11620	800.25	760.74	201.0	138.06	155.86
PTHR11624	12184.04	11789.11	1495.74	449.13	507.03
PTHR11627	6962.8	6725.87	1496.06	529.79	598.12
PTHR11390	6899.51	6662.49	50.0	22.83	25.78
PTHR14052	1401.0	1361.5	3.0	1.15	1.29
PTHR32118	1994.0	1954.5	473.0	125.66	141.87
PTHR23117	4651.0	4493.02	85.43	31.92	36.04
PTHR23115	53806.19	52502.78	10888.48	2933.57	3311.84
PTHR11028	1442.9	1403.4	199.95	74.1	83.65
PTHR11024	2999.09	2920.09	139.0	52.08	58.8
PTHR15081	2072.0	1993.0	11.0	5.76	6.5
PTHR12616	1751.04	1711.54	29.16	8.85	9.99
PTHR12613	2047.0	2007.5	36.0	9.31	10.51
PTHR12612	1255.0	1176.0	127.01	104.66	118.15
PTHR32060	4890.11	4811.11	226.0	48.4	54.65
PTHR12126	3741.0	3622.5	266.0	90.09	101.71
PTHR12124	6894.46	6657.49	36.0	18.44	20.81
PTHR22734	3889.0	3731.02	19.0	7.88	8.89
PTHR12121	11075.52	10799.06	166.0	37.13	41.93
PTHR12438	1875.0	1796.0	13.0	8.19	9.25
PTHR15492	304.0	264.58	0.0	0.0	0.0
PTHR21426	3195.0	3155.5	48.0	7.89	8.9
PTHR21427	1918.0	1878.5	30.0	8.29	9.36
PTHR19372	3236.0	3157.01	28.0	6.36	7.17
PTHR19370	10521.0	10205.14	240.0	65.96	74.46
PTHR19376	15026.0	14512.52	259.0	74.44	84.03
PTHR19375	23799.12	23009.34	1290.8	360.94	407.47
PTHR12725	4097.88	3979.38	123.0	53.01	59.83
PTHR13890	11271.38	10876.44	169.0	83.19	93.92
PTHR22883	13334.51	12939.57	386.0	130.57	147.41
PTHR22880	4072.29	3914.33	187.0	78.01	88.06
PTHR12542	26242.86	25650.34	695.0	195.66	220.88
PTHR12547	2473.11	2354.61	28.0	12.74	14.38
PTHR12436	2931.0	2773.04	19.0	11.95	13.48
PTHR10114	1704.0	1585.55	502.0	444.09	501.36
PTHR21512	2447.24	2407.73	74.0	15.95	18.0
PTHR30508	4170.23	4091.23	320.0	81.78	92.33
PTHR14744	1551.16	1511.65	22.0	7.57	8.54
PTHR30502	1941.0	1901.5	2.0	0.55	0.62
PTHR10617	8673.44	8357.51	2409.04	724.47	817.88
PTHR10615	4235.0	4116.5	91.0	29.11	32.87
PTHR13527	1192.0	1152.5	10.0	4.52	5.1
PTHR22958	1917.33	1838.35	123.0	46.42	52.4
PTHR22951	4429.0	4350.0	93.0	20.78	23.46
PTHR22950	21737.04	21263.09	492.0	124.35	140.37
PTHR22953	10130.1	9774.63	176.0	61.38	69.28
PTHR22952	31048.67	30258.75	2556.34	789.27	891.06
PTHR22957	24319.72	23529.76	513.67	180.25	203.49
PTHR21600	3270.0	3191.0	43.0	14.28	16.12
PTHR24056	19908.12	19394.67	555.0	139.9	157.95
PTHR24054	1897.0	1818.0	68.0	36.74	41.47
PTHR24055	15531.06	15017.73	737.51	310.08	350.07
PTHR24058	6763.6	6684.6	192.0	31.61	35.69
PTHR10766	21781.99	21110.5	2159.01	653.45	737.71
PTHR10762	3492.0	3373.5	36.0	9.48	10.7
PTHR30031	4730.08	4611.57	9492.7	3239.33	3657.05
PTHR12945	1957.0	1878.0	19.0	11.11	12.54
PTHR12944	1688.8	1609.8	26.0	14.08	15.9
PTHR24128	3829.92	3711.42	121.0	42.36	47.83
PTHR13096	3108.0	3029.0	27.0	8.1	9.15
PTHR11364	1678.0	1638.5	104.0	32.98	37.24
PTHR11365	4245.0	4166.0	48.0	12.62	14.25
PTHR10548	5842.4	5565.95	111.0	69.48	78.44
PTHR11817	13947.09	13670.58	1415.92	324.71	366.58
PTHR11814	12690.83	12335.42	429.12	181.32	204.7
PTHR11363	1903.77	1864.26	480.0	133.72	150.97
PTHR10543	4909.93	4830.92	73.0	15.91	17.96
PTHR11819	6055.85	5937.35	263.34	75.99	85.78
PTHR13931	2532.45	2453.52	52.0	14.1	15.92
PTHR10544	1515.0	1436.0	410.0	367.36	414.73
PTHR11562	9659.75	9422.74	168.0	52.52	59.29
PTHR11566	18229.57	17953.07	453.01	101.17	114.23
PTHR11567	2924.0	2805.5	52.0	24.96	28.17
PTHR11564	8498.0	8261.02	312.0	107.07	120.89
PTHR11962	3358.54	3279.54	68.0	22.12	24.97
PTHR11963	1803.87	1764.37	94.0	27.68	31.25
PTHR24315	1416.04	1376.54	83.0	31.36	35.41
PTHR10381	11548.92	11193.41	1095.98	435.91	492.11
PTHR10383	3317.94	3238.94	67.0	19.08	21.54
PTHR11932	11344.29	11146.79	391.71	92.16	104.04
PTHR11702	12369.2	11934.8	299.62	134.17	151.51
PTHR11700	2332.0	2213.5	258.0	162.14	183.05
PTHR10388	1538.16	1459.16	563.0	362.02	408.71
PTHR11709	27858.95	27227.0	926.0	189.18	213.56
PTHR11070	10484.45	10286.94	146.0	32.5	36.68
PTHR10145	3639.0	3560.0	45.0	14.86	16.78
PTHR23273	2217.0	2138.0	7.0	2.9	3.28
PTHR23163	3178.0	3138.5	130.0	21.47	24.24
PTHR23050	2272.0	2114.06	989.66	549.06	619.85
PTHR23056	2556.13	2477.13	179.0	77.32	87.29
PTHR23054	10025.0	9709.0	232.36	101.37	114.43
PTHR11638	17253.47	16818.98	1304.19	304.07	343.29
PTHR31783	5216.0	5176.5	88.0	8.8	9.94
PTHR11632	5603.44	5484.94	376.0	98.08	110.73
PTHR11630	17967.0	17414.09	143.15	51.67	58.31
PTHR11140	9384.15	9068.31	607.7	144.65	163.31
PTHR11141	8993.19	8835.19	80.26	18.4	20.77
PTHR11142	9449.25	9093.83	49.0	19.47	21.98
PTHR11143	2362.0	2243.5	577.0	492.39	555.9
PTHR11380	520.0	480.5	15.0	16.4	18.52
PTHR11384	14975.41	14501.53	246.0	76.31	86.14
PTHR32477	4214.0	4174.5	63.0	7.82	8.83
PTHR14043	5835.0	5558.58	78.0	43.75	49.38
PTHR32472	1097.0	1057.5	0.0	0.0	0.0
PTHR31658	3976.0	3857.5	24.0	8.93	10.08
PTHR22884	35788.11	34682.19	176.0	66.61	75.19
PTHR23125	52905.78	51799.83	2702.87	649.25	732.96
PTHR12050	883.46	843.96	50.0	30.93	34.91
PTHR19211	30960.12	29893.94	119420.38	86803.81	97997.64
PTHR12608	6144.66	5947.22	105.0	39.31	44.4
PTHR12604	2847.0	2728.51	8.0	5.72	6.45
PTHR12603	6951.15	6872.15	201.0	31.02	35.02
PTHR32091	2628.0	2509.5	24.0	14.38	16.22
PTHR32098	1728.0	1688.5	24.0	7.39	8.34
PTHR18763	936.0	896.5	2.0	1.16	1.31
PTHR22726	955.0	915.5	15.0	8.55	9.65
PTHR22727	8115.0	8036.0	205.0	25.85	29.18
PTHR12428	4729.71	4611.21	61.84	22.99	25.95
PTHR18968	9498.11	9182.12	533.0	199.6	225.35
PTHR12735	2524.16	2405.66	154.25	93.26	105.29
PTHR15020	4281.0	4162.5	107.0	41.04	46.33
PTHR12049	2779.0	2660.5	23.0	14.63	16.52
PTHR12558	7934.49	7697.49	74.0	31.97	36.1
PTHR12553	12739.0	12383.5	121.01	41.21	46.55
PTHR24072	4858.1	4660.61	522.0	221.68	250.27
PTHR10496	1927.0	1808.52	533.99	457.33	516.31
PTHR21569	5641.0	5404.0	673.0	442.13	499.14
PTHR21567	6104.0	6025.0	57.0	20.37	23.0
PTHR13950	1367.0	1288.0	6.0	4.78	5.41
PTHR12133	1311.0	1271.5	4.0	1.64	1.85
PTHR10972	5517.58	5399.1	173.0	46.87	52.91
PTHR21704	5570.54	5531.04	91.0	8.52	9.62
PTHR10606	5604.0	5485.5	47.0	14.58	16.46
PTHR10971	3534.0	3415.5	62.0	29.06	32.79
PTHR22942	9528.31	9212.53	443.01	174.83	197.39
PTHR13395	1715.0	1675.5	3.0	0.93	1.05
PTHR22891	13529.62	13174.28	191.0	74.95	84.61
PTHR21368	2025.0	1946.0	171.0	88.1	99.46
PTHR24067	27711.7	26684.76	1247.0	554.26	625.69
PTHR24064	11435.83	11080.35	120.0	44.72	50.48
PTHR24063	22752.25	21923.0	211.0	75.25	84.98
PTHR21011	2936.0	2817.5	175.74	101.74	114.86
PTHR10772	3181.0	3023.0	187.0	108.07	122.02
PTHR10774	41160.01	39935.49	2107.26	869.05	981.14
PTHR24068	3582.0	3384.55	245.0	135.41	152.87
PTHR19980	1359.0	1319.5	8.0	3.15	3.56
PTHR12959	1223.93	1184.43	33.0	14.5	16.38
PTHR24115	30191.33	29401.51	347.02	129.0	145.66
PTHR10961	1537.0	1497.5	8.0	2.78	3.14
PTHR11825	13842.2	13447.18	350.0	150.25	169.62
PTHR10809	1509.0	1469.5	124.0	43.88	49.53
PTHR11822	3951.64	3833.14	327.0	109.52	123.63
PTHR10555	4137.0	4018.5	44.0	17.55	19.81
PTHR10806	467.0	427.51	27.0	33.25	37.54
PTHR10804	18971.86	18300.48	705.0	272.24	307.33
PTHR11556	6048.6	5890.6	1000.98	347.63	392.45
PTHR22838	2587.0	2508.0	50.0	20.62	23.28
PTHR11558	3441.0	3362.0	81.0	27.49	31.05
PTHR13773	1677.0	1598.0	26.0	17.05	19.25
PTHR11953	3368.92	3250.43	101.99	49.44	55.82
PTHR11956	3977.0	3779.62	82.0	33.58	37.92
PTHR11959	3505.71	3426.71	251.0	70.59	79.69
PTHR11739	3709.0	3630.0	357.0	90.86	102.59
PTHR11732	21379.16	20707.65	1125.64	479.36	541.16
PTHR11731	11684.92	11487.42	385.0	91.65	103.48
PTHR11730	7446.0	7327.5	438.01	89.57	101.12
PTHR11735	3496.67	3417.67	25.0	7.78	8.78
PTHR10394	2888.64	2730.72	900.0	589.58	665.61
PTHR20941	3390.0	3271.5	21.0	10.14	11.44
PTHR10150	2345.0	2266.0	3.0	1.43	1.6
PTHR31065	5610.31	5491.81	228.0	69.44	78.4
PTHR10159	21575.92	20746.62	942.17	342.6	386.79
PTHR31066	2939.17	2899.67	23.0	4.11	4.64
PTHR13604	1020.03	980.54	17.0	9.04	10.2
PTHR23264	6520.0	6283.04	115.0	46.84	52.88
PTHR23269	1661.0	1582.0	16.0	11.47	12.94
PTHR31204	845.0	805.5	0.0	0.0	0.0
PTHR31201	4611.15	4532.14	301.44	70.99	80.14
PTHR31209	1787.47	1747.97	38.0	11.29	12.75
PTHR11607	13166.19	12850.27	184.37	44.25	49.97
PTHR11606	1705.0	1665.5	126.0	39.31	44.38
PTHR11601	4883.0	4764.5	149.0	43.03	48.58
PTHR32467	673.0	633.5	0.0	0.0	0.0
PTHR31840	882.78	843.28	4.0	2.48	2.8
PTHR23130	20560.63	20007.65	10631.99	10601.1	11968.18
PTHR23133	1283.0	1243.5	32.0	13.39	15.12
PTHR23135	7998.63	7682.69	62.0	37.97	42.86
PTHR23138	3943.0	3824.5	248.41	110.94	125.24
PTHR23139	6704.0	6427.54	171.0	92.62	104.54
PTHR31682	2590.33	2511.34	74.0	27.84	31.43
PTHR11040	7876.0	7599.52	516.05	174.96	197.51
PTHR11043	2700.92	2582.41	93.0	51.87	58.56
PTHR11048	5071.89	4835.02	124.0	39.37	44.43
PTHR14005	6554.0	6435.52	394.0	110.11	124.31
PTHR15818	2358.0	2279.02	11.0	5.16	5.83
PTHR12636	1194.0	1154.5	11.0	4.96	5.6
PTHR14490	583.0	543.5	4.0	3.86	4.36
PTHR14493	25028.94	24318.06	437.0	134.02	151.3
PTHR15651	2649.0	2570.0	23.0	9.41	10.63
PTHR12380	3453.2	3295.24	103.02	63.57	71.77
PTHR12385	1725.0	1685.5	7.0	2.16	2.44
PTHR12706	1677.0	1558.54	0.0	0.0	0.0
PTHR12709	2190.0	2111.0	21.0	9.27	10.46
PTHR19957	15277.68	14882.75	626.36	207.24	233.95
PTHR30239	2088.0	2048.5	76.0	19.26	21.74
PTHR11751	25140.38	24587.38	1524.02	457.33	516.32
PTHR12097	4389.0	4349.5	115.0	13.7	15.46
PTHR11752	37845.27	36778.82	402.0	150.98	170.47
PTHR21576	18303.45	17790.15	237.94	88.01	99.35
PTHR10046	4551.0	4353.52	53.11	27.7	31.27
PTHR12419	7856.4	7619.47	73.0	28.77	32.49
PTHR11757	1182.0	1103.02	14.0	10.02	11.31
PTHR30525	1857.0	1817.5	101.0	28.86	32.59
PTHR12413	2561.42	2482.42	15.0	7.12	8.03
PTHR12412	2339.77	2260.77	55.0	26.91	30.38
PTHR12411	111043.07	108317.99	9068.26	2661.52	3004.69
PTHR24420	805245.95	783566.3	22635.12	6381.6	7204.76
PTHR12415	2084.0	1926.13	8.0	9.8	11.07
PTHR21717	1237.72	1158.73	8.0	7.2	8.12
PTHR10943	8187.0	7910.75	312.0	94.08	106.22
PTHR12897	2303.0	2184.57	19.0	14.22	16.06
PTHR12894	4612.47	4414.98	69.69	32.47	36.66
PTHR12891	3140.0	3061.0	24.0	9.54	10.77
PTHR22976	8926.65	8689.64	616.72	188.09	212.34
PTHR22975	2635.75	2556.74	72.08	29.15	32.92
PTHR21377	2689.0	2570.52	110.0	54.42	61.44
PTHR21371	2810.0	2691.5	459.0	225.03	254.04
PTHR21373	2815.0	2775.5	11.0	2.06	2.32
PTHR22573	8709.0	8511.5	444.99	115.72	130.63
PTHR22572	16893.43	16340.5	1891.52	746.18	842.39
PTHR13060	1279.0	1239.5	8.0	3.36	3.79
PTHR21000	2341.0	2262.0	269.0	119.62	135.05
PTHR10701	2709.0	2630.0	58.0	22.91	25.87
PTHR13161	1469.0	1390.0	13.0	8.84	9.98
PTHR13162	8104.02	7867.08	234.0	82.08	92.65
PTHR13165	1364.0	1324.5	32.0	12.57	14.19
PTHR21396	1771.0	1692.0	63.0	44.5	50.23
PTHR12965	4298.27	4258.76	150.0	18.25	20.6
PTHR12459	3932.0	3813.5	18.0	8.13	9.16
PTHR10681	4178.01	4020.02	493.13	196.49	221.84
PTHR24106	3870.0	3751.51	52.0	17.05	19.25
PTHR24103	1468.1	1389.1	7.0	5.37	6.06
PTHR11540	4569.6	4372.15	345.0	135.37	152.81
PTHR10836	7549.29	7233.58	2884.95	1125.85	1271.04
PTHR10835	2526.0	2486.5	63.0	13.14	14.84
PTHR11545	4425.0	4227.5	460.0	231.83	261.71
PTHR10012	2019.0	1940.0	12.0	6.64	7.5
PTHR13768	2102.0	2023.02	82.0	27.23	30.74
PTHR24078	26241.31	25490.84	512.0	141.5	159.72
PTHR11946	29254.52	28425.13	592.0	190.82	215.4
PTHR11947	4329.0	4210.5	45.0	15.98	18.05
PTHR11941	8421.88	8184.88	197.0	70.71	79.83
PTHR10497	1883.83	1765.36	320.0	180.55	203.83
PTHR24073	31045.22	30018.26	2153.0	905.9	1022.76
PTHR10491	1645.0	1605.5	10.0	3.24	3.65
PTHR24076	25416.48	24666.02	1043.02	361.58	408.18
PTHR24077	13215.78	12741.78	185.0	106.62	120.35
PTHR11728	4606.0	4527.0	82.0	18.18	20.52
PTHR11726	2573.0	2415.06	656.82	401.45	453.22
PTHR11727	2569.03	2450.58	32.0	14.98	16.91
PTHR11721	1935.0	1816.51	494.0	417.57	471.41
PTHR11722	2642.0	2523.5	575.38	326.78	368.92
PTHR10120	3887.0	3808.0	182.0	49.8	56.22
PTHR10122	1351.52	1272.56	144.0	80.58	90.97
PTHR11831	3376.0	3218.0	927.72	570.35	643.9
PTHR11835	5086.43	4967.93	215.0	68.58	77.41
PTHR11614	8201.99	8004.49	444.62	136.37	153.97
PTHR11615	6120.0	5922.57	334.79	77.68	87.7
PTHR11618	2286.5	2168.03	6.0	5.06	5.71
PTHR14140	2240.0	2200.5	21.0	4.95	5.59
PTHR32419	3181.0	3102.0	70.36	23.92	27.0
PTHR10231	5463.86	5226.89	174.0	96.2	108.6
PTHR10233	4912.0	4793.5	122.0	39.07	44.12
PTHR20922	3574.7	3456.2	199.0	68.71	77.57
PTHR31503	3395.0	3316.0	180.29	54.33	61.33
PTHR23147	2874.12	2795.12	67.0	23.21	26.2
PTHR23140	3768.59	3729.09	42.0	5.84	6.59
PTHR23142	4445.11	4366.11	59.0	15.84	17.9
PTHR23149	1314.0	1274.5	2.0	0.82	0.92
PTHR23148	1560.69	1481.71	92.0	50.89	57.45
PTHR11361	25240.9	24411.51	255.0	103.0	116.29
PTHR11056	3311.0	3232.0	223.0	50.72	57.26
PTHR11055	4102.0	4023.0	129.0	35.97	40.6
PTHR32523	2845.0	2766.0	26.0	9.66	10.9
PTHR31695	3055.0	3015.5	92.0	15.82	17.86
PTHR10540	4953.0	4795.0	200.08	78.24	88.32
PTHR12629	1354.0	1314.5	56.0	22.17	25.02
PTHR18945	23790.9	23040.52	394.0	137.43	155.16
PTHR26402	6730.7	6572.71	157.0	44.57	50.33
PTHR19384	13809.43	13374.94	757.49	276.69	312.35
PTHR12714	5372.0	5214.0	25.0	9.29	10.49
PTHR32251	2594.93	2515.93	53.0	27.49	31.03
PTHR12570	3869.0	3790.0	77.1	21.93	24.76
PTHR21494	2024.0	1984.5	3.0	0.78	0.89
PTHR21496	3116.0	3037.0	24.0	7.83	8.84
PTHR21493	25072.94	24362.06	231.0	84.45	95.34
PTHR21499	8881.0	8762.5	232.08	40.13	45.3
PTHR21148	2482.66	2403.66	52.0	22.72	25.64
PTHR12083	732.85	693.35	9.0	6.79	7.66
PTHR22904	39536.54	38312.1	807.87	307.16	346.81
PTHR13976	1919.0	1840.0	54.0	27.69	31.26
PTHR19855	1463.0	1384.0	10.0	7.25	8.18
PTHR13353	1393.0	1353.5	26.0	9.99	11.28
PTHR16128	4133.0	4054.0	44.0	10.89	12.3
PTHR12400	1611.0	1532.0	4.0	2.68	3.03
PTHR12403	2068.0	1989.0	52.0	29.95	33.8
PTHR30314	3820.15	3741.14	132.0	43.11	48.67
PTHR12882	1115.87	1076.37	26.0	12.58	14.21
PTHR12883	2038.33	1959.37	69.0	22.15	25.01
PTHR16255	1561.0	1521.5	20.9	7.14	8.06
PTHR16254	11367.81	11130.81	313.0	70.46	79.55
PTHR22960	2729.0	2650.0	21.0	9.05	10.22
PTHR13373	2748.0	2708.5	18.0	3.45	3.89
PTHR13375	2115.0	2075.5	3.0	0.75	0.85
PTHR22967	3388.0	3269.5	72.0	24.41	27.54
PTHR19858	3458.41	3339.91	38.0	16.2	18.29
PTHR30222	2496.0	2456.5	23.0	4.86	5.48
PTHR13115	3587.0	3429.05	22.0	16.38	18.5
PTHR13117	1934.0	1855.0	14.0	6.08	6.86
PTHR13285	342.0	302.55	0.0	0.0	0.0
PTHR13288	1892.0	1773.55	17.0	13.23	14.94
PTHR10953	16054.19	15619.7	384.0	134.15	151.44
PTHR10954	2061.67	1982.67	19.0	10.02	11.31
PTHR21726	4221.0	4102.5	66.0	33.38	37.67
PTHR10956	1449.0	1330.57	221.0	191.92	216.66
PTHR11538	4423.0	4304.56	114.0	35.28	39.84
PTHR10826	1871.0	1792.0	38.0	22.64	25.56
PTHR11533	8278.09	8159.59	1086.35	191.59	216.3
PTHR11532	2839.0	2720.5	20.0	11.61	13.1
PTHR10000	4917.62	4759.63	225.0	129.34	146.03
PTHR13021	1265.0	1225.5	17.0	7.22	8.15
PTHR12290	2089.0	2010.0	25.0	13.14	14.84
PTHR11706	8414.84	8217.38	148.0	39.59	44.7
PTHR24007	3183.0	2985.58	19.0	15.49	17.48
PTHR24006	37515.6	36646.74	542.0	175.46	198.05
PTHR24003	21521.94	20968.94	738.0	237.58	268.23
PTHR31446	2688.0	2569.5	46.0	28.13	31.74
PTHR31190	17266.11	16792.21	405.0	116.23	131.22
PTHR11441	1696.0	1656.5	13.0	4.08	4.6
PTHR11440	7691.41	7375.43	166.0	70.71	79.81
PTHR11999	6749.48	6630.98	5590.0	1440.12	1625.83
PTHR11998	7212.1	7014.67	222.54	59.84	67.54
PTHR11449	1936.0	1817.52	608.0	503.79	568.75
PTHR11994	2577.0	2458.5	484.67	276.45	312.09
PTHR10133	9243.91	8967.41	97.0	37.83	42.71
PTHR13620	6235.0	5919.13	63.0	42.05	47.46
PTHR11705	1251.0	1211.5	4.0	1.72	1.94
PTHR11847	2024.59	1945.59	345.0	134.64	151.99
PTHR11843	1656.66	1577.66	324.0	173.54	195.93
PTHR13138	812.0	772.5	1.0	0.68	0.76
PTHR11661	3290.83	3132.83	642.0	439.89	496.61
PTHR11662	16794.3	16241.41	185.0	74.1	83.65
PTHR11669	4517.0	4359.0	25.0	11.68	13.19
PTHR11668	23317.79	22725.34	1410.08	422.82	477.35
PTHR20856	12741.6	12544.14	186.0	32.42	36.61
PTHR20854	10874.7	10598.19	293.0	102.63	115.87
PTHR20855	2667.0	2627.5	286.0	56.46	63.74
PTHR20852	10736.58	10302.15	92900.75	82651.32	93309.67
PTHR32404	4791.67	4673.23	79.0	27.53	31.07
PTHR20858	3880.67	3801.67	25.0	8.35	9.43
PTHR30603	4600.76	4521.75	299.0	70.99	80.14
PTHR14898	2838.0	2798.49	66.0	12.23	13.81
PTHR14237	4399.44	4122.97	46.0	42.94	48.47
PTHR14894	2447.0	2407.5	18.0	3.88	4.38
PTHR23155	240560.97	233254.9	1979.94	633.23	714.95
PTHR23153	3688.0	3609.0	45.0	12.22	13.79
PTHR23151	16003.23	15371.32	725.12	364.26	411.24
PTHR11063	2616.0	2576.5	587.0	118.18	133.43
PTHR11062	71094.52	69435.92	811.0	250.52	282.86
PTHR11061	8133.0	7817.04	71.7	37.04	41.82
PTHR11065	2365.8	2326.3	314.7	70.2	79.25
PTHR11064	2794.84	2676.34	165.0	80.58	90.97
PTHR11260	18170.63	17578.12	1348.3	541.76	611.63
PTHR11266	5517.0	5319.5	90.0	46.8	52.84
PTHR13501	2149.0	2070.02	30.0	9.26	10.45
PTHR31998	5674.0	5516.0	1258.43	244.53	276.07
PTHR31221	49329.49	48026.17	821.98	296.65	334.91
PTHR22881	1239.62	1200.12	49.0	21.25	23.99
PTHR15838	725.0	646.09	2.0	3.28	3.71
PTHR22836	1634.71	1595.21	6.0	1.95	2.21
PTHR32338	1758.0	1718.5	132.0	39.91	45.05
PTHR23270	5012.0	4775.11	26.0	18.25	20.62
PTHR31407	4788.0	4630.0	93.0	41.74	47.11
PTHR12363	9262.69	9065.19	95.0	33.91	38.27
PTHR20932	3718.74	3639.74	58.0	16.51	18.64
PTHR18952	6347.59	6150.1	296.68	82.34	92.98
PTHR21213	1200.72	1161.21	59.0	26.46	29.87
PTHR12765	2480.0	2322.02	28.0	26.68	30.11
PTHR12505	3050.0	2971.0	57.0	20.27	22.89
PTHR22603	1324.0	1284.5	2.0	0.81	0.91
PTHR22604	10787.14	10392.13	161.0	83.7	94.49
PTHR21481	3736.9	3697.4	55.17	7.73	8.73
PTHR23029	13359.89	13004.43	308.0	112.46	126.98
PTHR22778	766.0	726.5	5.0	3.6	4.06
PTHR19446	7694.0	7536.02	52.0	18.03	20.36
PTHR12219	907.67	868.17	108.0	64.92	73.29
PTHR13561	6845.0	6687.0	17.0	5.17	5.84
PTHR13563	1451.0	1411.5	9.11	3.36	3.79
PTHR12210	19113.38	18639.38	354.0	112.91	127.48
PTHR12215	2441.0	2362.06	4.03	1.21	1.37
PTHR12214	1835.01	1795.51	12.0	3.47	3.92
PTHR22915	10015.15	9738.64	456.0	153.19	172.95
PTHR22911	9958.03	9721.02	332.97	93.24	105.26
PTHR22912	14650.22	14294.73	1172.0	354.96	400.71
PTHR12183	7204.62	6967.62	225.01	85.82	96.89
PTHR19849	2921.0	2842.0	31.0	12.08	13.64
PTHR22594	16985.0	16550.5	437.0	145.37	164.14
PTHR21152	5815.85	5657.85	229.69	73.02	82.43
PTHR12000	2817.0	2738.0	302.0	89.28	100.79
PTHR21021	1366.0	1326.5	26.0	10.2	11.51
PTHR13102	1448.0	1408.5	22.0	8.12	9.17
PTHR12984	6049.0	5970.0	219.98	37.37	42.18
PTHR23293	4928.0	4809.5	32.0	9.63	10.86
PTHR12302	3549.0	3509.5	270.0	39.88	45.02
PTHR13299	2114.0	2035.0	12.0	5.47	6.17
PTHR10925	2882.01	2763.65	27.0	16.58	18.71
PTHR21737	4395.0	4197.59	35.0	18.68	21.1
PTHR10920	8445.44	8247.93	186.0	55.45	62.6
PTHR10585	5865.49	5667.98	78.0	35.27	39.83
PTHR10584	16845.0	16371.0	410.0	135.2	152.65
PTHR11528	14504.47	14109.6	1307.53	449.75	507.77
PTHR11527	7424.43	7147.94	267.0	116.98	132.05
PTHR12169	1885.0	1845.5	7.0	1.97	2.22
PTHR10859	7339.0	7181.0	109.0	36.05	40.69
PTHR10589	2046.0	1967.0	67.0	34.35	38.78
PTHR10588	6009.84	5851.89	249.0	56.65	63.96
PTHR13038	3583.0	3504.0	15.0	4.29	4.84
PTHR13748	6514.96	6317.45	207.44	63.67	71.89
PTHR13743	19755.77	19242.27	323.0	108.09	122.01
PTHR24015	126297.22	123374.28	1759.61	483.39	545.73
PTHR24012	23631.53	22486.47	1966.0	975.99	1101.82
PTHR24011	36419.5	35116.24	1311.57	412.19	465.36
PTHR31187	3411.0	3292.5	280.0	121.16	136.79
PTHR21145	953.0	913.5	11.0	6.28	7.09
PTHR11453	4399.77	4281.29	21.0	10.41	11.76
PTHR10108	38648.72	37503.21	624.66	241.48	272.59
PTHR11986	12446.0	12051.21	428.82	131.25	148.19
PTHR11455	10881.87	10526.38	362.0	124.52	140.57
PTHR10102	4309.0	4111.54	35.0	14.39	16.24
PTHR11458	1824.0	1784.5	149.0	43.37	48.97
PTHR10106	1431.0	1391.5	65.0	24.3	27.43
PTHR30544	6949.34	6751.83	109.0	36.32	40.99
PTHR31057	2192.0	2073.5	28.0	22.72	25.65
PTHR30115	1043.0	1003.5	123.0	63.89	72.13
PTHR11851	27570.96	26938.97	1335.72	343.64	387.96
PTHR23092	11707.0	11351.51	63.0	26.0	29.36
PTHR23091	15758.34	15205.33	202.0	91.43	103.23
PTHR11673	3183.0	3064.5	427.0	204.71	231.11
PTHR11670	7705.64	7508.15	1281.0	277.36	313.12
PTHR11671	1438.0	1398.5	59.0	21.94	24.77
PTHR20863	3844.51	3647.04	340.0	213.7	241.25
PTHR20861	3311.64	3232.63	126.98	40.85	46.11
PTHR11679	10020.0	9783.0	247.0	83.19	93.91
PTHR14009	7440.0	7321.5	185.0	33.18	37.45
PTHR10217	24535.18	24100.68	564.3	109.94	124.11
PTHR10210	6271.0	6073.5	155.05	59.42	67.08
PTHR31522	1706.0	1666.5	5.0	1.56	1.76
PTHR14221	1153.0	1113.5	5.0	2.34	2.64
PTHR14269	1340.62	1301.12	48.0	19.2	21.67
PTHR11079	7261.63	7064.13	102.0	38.77	43.77
PTHR11076	10134.0	9818.03	15.0	9.09	10.26
PTHR11071	27076.07	26128.14	2460.36	1191.71	1345.38
PTHR11278	2389.0	2270.5	715.02	473.54	534.59
PTHR11276	2356.06	2316.56	38.0	8.51	9.61
PTHR11274	5308.77	5150.76	95.0	36.96	41.72
PTHR14136	3574.93	3456.43	276.0	127.41	143.84
PTHR31984	6931.97	6734.48	122.0	42.6	48.1
PTHR15350	2471.0	2392.0	98.0	46.11	52.05
PTHR15606	2090.0	2011.0	25.0	9.74	10.99
PTHR12374	2524.0	2405.51	18.0	13.37	15.1
PTHR12375	2446.0	2327.5	17.0	12.65	14.28
PTHR12378	2790.0	2711.0	58.0	22.03	24.87
PTHR18929	17912.61	17359.71	3442.53	1140.1	1287.1
PTHR12777	1330.0	1251.0	165.0	128.39	144.95
PTHR12775	3409.98	3291.48	44.0	18.61	21.01
PTHR12770	7574.24	7376.74	56.0	18.16	20.5
PTHR20982	1330.0	1290.5	102.0	41.13	46.43
PTHR24352	1199.83	1160.33	21.0	9.42	10.64
PTHR16092	3093.0	3053.5	189.04	32.1	36.24
PTHR12406	3523.0	3444.0	78.0	16.75	18.91
PTHR11035	2975.0	2856.56	62.9	28.14	31.76
PTHR22298	16399.0	15964.5	377.0	98.91	111.68
PTHR12174	5125.0	5006.5	202.0	68.03	76.79
PTHR12175	1375.0	1335.5	38.0	14.8	16.71
PTHR12176	11573.34	11217.85	122.0	54.79	61.85
PTHR22769	4360.34	4241.84	57.0	20.89	23.59
PTHR22767	5715.44	5596.94	98.0	17.56	19.83
PTHR22765	3948.33	3869.33	375.01	93.4	105.44
PTHR22762	4904.02	4746.09	165.0	44.88	50.67
PTHR22763	1070.0	991.01	13.0	13.6	15.36
PTHR22761	2833.02	2754.02	92.0	34.84	39.34
PTHR21231	3899.0	3780.5	51.01	19.29	21.77
PTHR21230	5740.82	5543.36	82.0	31.3	35.33
PTHR21234	1100.0	1060.5	17.0	8.35	9.43
PTHR21237	2437.0	2358.0	63.0	29.22	32.98
PTHR12202	1573.0	1415.17	2.0	2.56	2.9
PTHR12203	3730.52	3651.51	108.0	29.79	33.63
PTHR19857	1723.0	1683.5	17.0	5.25	5.92
PTHR19854	2811.0	2732.0	9.0	3.35	3.79
PTHR19852	3551.0	3393.01	45.99	20.97	23.67
PTHR19853	3866.0	3708.0	8.0	5.04	5.69
PTHR12197	10014.22	9619.24	62.0	36.4	41.1
PTHR13822	1859.0	1780.0	148.0	75.82	85.6
PTHR21649	15716.36	15044.93	10818.03	5310.68	5995.52
PTHR10344	1307.0	1267.5	5.0	2.05	2.32
PTHR13273	1476.0	1436.5	35.0	12.67	14.3
PTHR10732	2646.0	2488.01	545.0	396.96	448.16
PTHR10738	3238.0	3119.5	43.0	19.93	22.5
PTHR10739	1905.0	1865.5	51.0	14.2	16.03
PTHR12992	1147.0	1107.5	15.0	7.05	7.96
PTHR11588	7278.26	7041.35	1505.82	549.22	620.05
PTHR11934	3710.0	3591.5	168.0	84.77	95.7
PTHR10693	2358.0	2279.0	37.0	16.56	18.7
PTHR10938	2461.61	2382.61	9.0	3.98	4.49
PTHR10934	1468.0	1389.0	331.77	197.95	223.47
PTHR11510	3313.89	3195.39	214.0	85.51	96.54
PTHR11516	6406.0	6248.0	990.96	319.37	360.55
PTHR10025	4860.19	4741.69	77.0	24.29	27.42
PTHR10026	8066.65	7829.64	129.03	50.67	57.22
PTHR10027	7026.57	6710.58	416.0	192.24	217.05
PTHR13009	2989.0	2910.0	59.0	19.86	22.42
PTHR13007	1443.0	1364.0	22.0	15.55	17.56
PTHR10598	2154.0	2114.5	6.0	1.47	1.66
PTHR10430	5223.95	4987.0	293.0	159.02	179.5
PTHR17901	844.04	804.55	49.0	31.8	35.9
PTHR24351	7233.34	7035.84	2615.99	947.72	1069.93
PTHR20981	2148.0	2029.5	587.0	430.63	486.16
PTHR23429	4640.0	4561.0	283.98	63.91	72.16
PTHR11467	2838.0	2759.0	386.0	157.01	177.25
PTHR10119	9415.0	9178.02	202.99	64.13	72.4
PTHR10110	16960.23	16525.72	244.0	69.64	78.64
PTHR11469	4585.52	4506.51	379.98	86.72	97.9
PTHR11863	9517.73	9201.76	193.75	86.55	97.7
PTHR24286	3389.0	3270.5	13.0	7.03	7.94
PTHR11864	3593.81	3317.44	12.0	12.02	13.58
PTHR23426	2533.83	2454.83	20.0	7.43	8.4
PTHR10593	9591.27	9314.78	175.5	46.62	52.65
