GeneFamily	length	effective_length	expected_count	TPM	FPKM
PTHR11649	10892.85	10510.55	1.0	2.0	2.61
PTHR31089	2072.0	2033.77	0.0	0.0	0.0
PTHR31085	9521.46	9215.64	2.0	3.38	4.41
PTHR11647	3246.86	3170.39	0.0	0.0	0.0
PTHR11645	1758.0	1719.77	0.0	0.0	0.0
PTHR11880	1740.0	1663.54	53.0	144.3	188.45
PTHR11885	933.0	894.77	67.0	165.74	216.45
PTHR10209	8591.85	8362.54	0.0	0.0	0.0
PTHR32429	2703.93	2627.47	128.24	158.88	207.5
PTHR31423	1056.0	1017.77	0.0	0.0	0.0
PTHR31551	713.0	674.77	0.0	0.0	0.0
PTHR32195	3617.83	3503.14	0.0	0.0	0.0
PTHR11081	2499.0	2346.08	0.0	0.0	0.0
PTHR11080	2416.0	2301.31	0.0	0.0	0.0
PTHR11082	4125.47	3934.36	0.0	0.0	0.0
PTHR11085	6408.88	6217.72	0.0	0.0	0.0
PTHR11089	8531.67	8149.48	3.0	7.54	9.85
PTHR32518	3963.0	3924.77	3.0	1.68	2.19
PTHR11247	3169.5	3054.81	0.0	0.0	0.0
PTHR11246	11069.03	10839.64	14.0	13.26	17.32
PTHR32512	3951.5	3875.04	0.0	0.0	0.0
PTHR23088	4919.42	4766.49	10.0	16.21	21.17
PTHR23089	2075.0	1998.54	0.0	0.0	0.0
PTHR23081	3766.17	3613.24	0.0	0.0	0.0
PTHR23083	37296.58	36188.37	11.0	13.29	17.36
PTHR23084	4015.0	3938.54	4.0	3.76	4.91
PTHR23086	2853.08	2700.16	0.0	0.0	0.0
PTHR18806	3249.2	3172.74	1.0	1.41	1.84
PTHR31953	2311.47	2235.03	0.0	0.0	0.0
PTHR15184	6341.53	6188.61	1267.11	1393.57	1819.99
PTHR15341	1449.0	1410.77	0.0	0.0	0.0
PTHR32357	3744.5	3668.04	1.0	1.22	1.59
PTHR12696	1557.67	1519.45	0.0	0.0	0.0
PTHR12341	3011.2	2934.78	2.0	2.29	2.99
PTHR15160	4203.3	4088.64	27.0	30.28	39.55
PTHR18937	13044.83	12738.99	3.0	6.49	8.47
PTHR18934	25441.58	24524.16	12.0	12.18	15.9
PTHR12742	2052.0	2013.77	0.0	0.0	0.0
PTHR12741	14466.88	14122.8	0.0	0.0	0.0
PTHR19288	2420.5	2344.04	5.0	8.66	11.3
PTHR13903	3062.5	2986.04	0.0	0.0	0.0
PTHR22753	4372.86	4219.97	0.0	0.0	0.0
PTHR30615	725.0	686.77	0.0	0.0	0.0
PTHR22939	18503.5	18082.97	1.0	1.07	1.39
PTHR22938	1188.0	1111.55	0.0	0.0	0.0
PTHR30612	5739.31	5624.64	4.0	2.61	3.41
PTHR22932	1057.0	1018.77	3.0	6.51	8.5
PTHR22931	13766.0	13574.85	44.9	68.61	89.61
PTHR12233	1530.0	1491.77	3.0	4.43	5.79
PTHR22936	11483.45	11177.61	1.0	2.51	3.28
PTHR31038	3682.5	3606.04	1.0	2.26	2.95
PTHR13832	33620.98	32512.42	31.0	37.52	48.99
PTHR21139	1214.5	1176.26	6.0	11.26	14.71
PTHR21136	6969.83	6740.49	13.0	23.41	30.57
PTHR12526	43632.81	42791.91	37.53	33.59	43.86
PTHR13124	1218.0	1179.77	0.0	0.0	0.0
PTHR13120	565.0	526.77	1.0	4.23	5.52
PTHR22809	2405.5	2329.04	0.0	0.0	0.0
PTHR22807	7867.29	7637.95	2.0	1.76	2.3
PTHR20661	819.0	780.78	0.0	0.0	0.0
PTHR10900	4284.5	4055.34	0.0	0.0	0.0
PTHR10906	4939.0	4824.31	38.11	42.52	55.53
PTHR10909	15493.09	15187.25	30.0	28.87	37.71
PTHR10055	3390.0	3313.53	6.0	7.74	10.11
PTHR10057	2599.7	2523.24	0.0	0.0	0.0
PTHR10052	422.0	383.77	25.0	146.0	190.68
PTHR13017	1078.67	1040.43	0.0	0.0	0.0
PTHR10693	1898.0	1859.77	0.0	0.0	0.0
PTHR10694	14163.45	13896.01	0.0	0.0	0.0
PTHR12839	2846.5	2731.81	0.0	0.0	0.0
PTHR12835	1327.0	1288.77	0.0	0.0	0.0
PTHR24031	49195.11	47475.01	637.0	1154.2	1507.36
PTHR24032	1577.0	1500.54	0.0	0.0	0.0
PTHR24349	144024.96	138291.06	838.5	956.33	1248.97
PTHR24619	5769.0	5539.62	1.0	3.55	4.64
PTHR24343	7373.2	7105.6	44.0	57.22	74.72
PTHR11472	3283.17	3130.26	0.0	0.0	0.0
PTHR24347	21267.98	20579.92	0.0	0.0	0.0
PTHR11476	5732.2	5617.54	7.0	4.48	5.85
PTHR11477	2691.58	2576.89	0.0	0.0	0.0
PTHR24305	3202.5	3049.58	0.0	0.0	0.0
PTHR10476	4374.67	4221.74	5.0	10.74	14.02
PTHR24290	4827.8	4713.1	1.0	1.08	1.41
PTHR23413	1105.75	1029.28	7.0	40.05	52.31
PTHR23417	6103.0	5950.08	0.0	0.0	0.0
PTHR23416	6514.0	6322.95	1.0	1.49	1.95
PTHR23415	1219.0	1180.77	1.0	1.87	2.44
PTHR10871	2444.27	2291.36	204.0	1346.09	1757.97
PTHR10877	7322.64	7246.17	0.0	0.0	0.0
PTHR11879	5096.0	4943.08	31.0	42.15	55.04
PTHR10430	3103.0	2988.31	1.0	2.18	2.85
PTHR31096	5617.0	5464.08	2.0	5.16	6.74
PTHR31098	5587.6	5434.73	29.0	28.38	37.07
PTHR11655	2572.71	2458.03	304.03	1691.54	2209.15
PTHR11652	738.0	699.77	202.0	640.66	836.7
PTHR20883	1606.67	1530.2	0.0	0.0	0.0
PTHR11895	832.6	794.37	0.0	0.0	0.0
PTHR10277	5853.07	5700.15	9.0	12.48	16.29
PTHR14027	3201.0	3048.08	2.0	3.57	4.67
PTHR12320	5221.86	5069.03	1.0	1.34	1.75
PTHR13691	1781.0	1704.54	67.0	132.77	173.4
PTHR23180	13902.29	13405.37	3.0	6.36	8.3
PTHR14593	2084.77	1970.07	0.0	0.0	0.0
PTHR11093	4015.0	3938.54	16.0	15.25	19.91
PTHR11096	1409.0	1332.54	0.0	0.0	0.0
PTHR23346	13228.33	12960.72	589.0	1741.46	2274.33
PTHR10309	1995.0	1956.77	3.0	3.38	4.41
PTHR14107	1995.5	1957.27	0.0	0.0	0.0
PTHR11252	6515.0	6438.54	0.0	0.0	0.0
PTHR11254	13018.97	12674.91	1.0	1.13	1.48
PTHR11255	4917.0	4802.31	2.0	2.11	2.76
PTHR14110	3022.0	2907.31	0.0	0.0	0.0
PTHR16201	6079.02	5926.1	0.0	0.0	0.0
PTHR14374	2945.5	2869.04	0.0	0.0	0.0
PTHR18838	3014.83	2900.14	1.0	1.72	2.25
PTHR12687	1524.0	1447.54	0.0	0.0	0.0
PTHR15157	3994.45	3879.76	0.0	0.0	0.0
PTHR18901	7598.33	7330.72	1.0	1.77	2.31
PTHR12755	2560.17	2483.7	0.0	0.0	0.0
PTHR12750	4396.0	4281.31	0.0	0.0	0.0
PTHR12753	759.33	721.12	0.0	0.0	0.0
PTHR15081	1630.5	1592.27	0.0	0.0	0.0
PTHR15574	3542.01	3389.19	0.0	0.0	0.0
PTHR13931	1834.0	1757.54	1.0	1.7	2.22
PTHR24006	20302.4	19423.26	6.0	15.6	20.37
PTHR12358	8059.93	7754.18	0.0	0.0	0.0
PTHR22748	1985.5	1870.9	0.0	0.0	0.0
PTHR12356	823.62	785.44	0.0	0.0	0.0
PTHR12221	2027.0	1950.54	0.0	0.0	0.0
PTHR30603	6347.67	6232.98	0.0	0.0	0.0
PTHR12226	2443.83	2367.37	0.0	0.0	0.0
PTHR19876	6794.0	6641.08	138.95	159.79	208.68
PTHR19877	2814.33	2737.88	1.0	1.31	1.71
PTHR21689	1723.5	1647.04	0.0	0.0	0.0
PTHR31442	2818.0	2703.31	1.0	2.36	3.08
PTHR13803	8735.0	8505.64	0.0	0.0	0.0
PTHR19980	1501.08	1462.85	0.0	0.0	0.0
PTHR12537	2954.0	2877.54	12.0	18.68	24.4
PTHR12532	1089.5	1051.27	0.0	0.0	0.0
PTHR13486	684.67	646.47	0.0	0.0	0.0
PTHR13489	1615.25	1538.83	0.0	0.0	0.0
PTHR17583	3090.0	2975.33	0.0	0.0	0.0
PTHR24198	1436.0	1359.54	0.0	0.0	0.0
PTHR10048	11184.0	11069.31	0.0	0.0	0.0
PTHR24193	4553.67	4362.51	37.0	52.72	68.86
PTHR10044	3189.2	3074.51	3.0	6.34	8.29
PTHR11998	7847.0	7579.39	24.0	24.34	31.79
PTHR11014	6023.58	5870.72	4.0	5.48	7.16
PTHR10687	2955.0	2878.54	0.0	0.0	0.0
PTHR13069	3991.8	3800.73	0.0	0.0	0.0
PTHR13068	10290.0	10022.4	1.0	1.01	1.31
PTHR10682	2586.67	2510.2	0.0	0.0	0.0
PTHR12829	1423.0	1384.77	0.0	0.0	0.0
PTHR12820	1217.13	1178.9	5.0	9.37	12.23
PTHR12826	615.5	577.45	0.0	0.0	0.0
PTHR12827	2376.0	2184.85	0.0	0.0	0.0
PTHR17920	2191.5	2153.27	0.0	0.0	0.0
PTHR10137	1628.0	1551.54	0.0	0.0	0.0
PTHR11405	8562.0	8409.08	73.0	44.09	57.58
PTHR11404	2603.67	2527.2	5.0	9.38	12.25
PTHR11406	2578.81	2502.34	19.0	34.13	44.57
PTHR13468	3558.8	3520.57	0.0	0.0	0.0
PTHR14255	5623.66	5394.28	0.0	0.0	0.0
PTHR23406	7002.83	6773.52	7.0	16.08	20.99
PTHR23407	528.4	490.22	0.0	0.0	0.0
PTHR10869	14817.72	14397.19	57.0	88.4	115.46
PTHR31717	4555.92	4441.22	0.0	0.0	0.0
PTHR13393	2297.0	2182.33	0.0	0.0	0.0
PTHR15169	1165.0	1126.77	0.0	0.0	0.0
PTHR11315	1128.0	1089.77	0.0	0.0	0.0
PTHR10139	1396.5	1358.27	0.0	0.0	0.0
PTHR10264	3837.45	3722.76	3.0	4.94	6.45
PTHR10263	1554.0	1477.54	30.0	91.12	118.99
PTHR31407	6842.17	6574.8	0.0	0.0	0.0
PTHR32170	2556.5	2441.81	0.0	0.0	0.0
PTHR23350	1837.0	1760.54	0.0	0.0	0.0
PTHR23354	4940.96	4749.84	0.0	0.0	0.0
PTHR23355	9780.5	9436.5	1.0	1.01	1.32
PTHR23359	7701.36	7510.21	5.0	7.53	9.83
PTHR11227	2844.32	2729.64	0.0	0.0	0.0
PTHR11220	7556.07	7250.29	0.0	0.0	0.0
PTHR11223	6675.69	6599.22	8.0	6.09	7.95
PTHR11229	2960.5	2884.04	12.0	20.71	27.05
PTHR10314	14930.47	14548.18	49.0	67.42	88.05
PTHR14303	622.62	584.39	0.0	0.0	0.0
PTHR23309	880.0	803.54	0.0	0.0	0.0
PTHR23308	2856.16	2703.36	0.0	0.0	0.0
PTHR11139	22997.21	22347.32	5.0	10.77	14.06
PTHR11132	30056.28	29253.58	109.78	146.53	191.36
PTHR11134	6852.57	6699.68	20.0	14.78	19.29
PTHR11136	1999.0	1884.32	0.0	0.0	0.0
PTHR32374	3451.5	3375.04	0.0	0.0	0.0
PTHR31579	2932.01	2855.56	1.0	1.07	1.4
PTHR32379	1488.5	1373.81	0.0	0.0	0.0
PTHR31619	1906.0	1867.77	11.19	13.19	17.23
PTHR18919	4744.66	4591.76	3.0	3.63	4.74
PTHR32002	8484.0	8178.15	1.0	1.08	1.41
PTHR14413	2055.0	1978.54	4.0	9.08	11.86
PTHR14089	1649.0	1610.77	4.0	5.47	7.15
PTHR22893	2076.67	2038.43	0.0	0.0	0.0
PTHR11661	2839.0	2724.31	25.0	81.9	106.96
PTHR10778	2655.0	2578.54	4.0	7.11	9.29
PTHR10072	3676.16	3599.69	1.0	2.2	2.88
PTHR12786	867.0	828.77	1.0	2.67	3.49
PTHR11706	7870.33	7640.98	2.0	4.86	6.35
PTHR12782	1637.0	1598.77	0.0	0.0	0.0
PTHR11214	4462.5	4347.81	0.0	0.0	0.0
PTHR24188	4703.19	4550.36	0.0	0.0	0.0
PTHR21213	1281.0	1242.77	0.0	0.0	0.0
PTHR10182	3496.3	3381.61	0.0	0.0	0.0
PTHR13923	3276.0	3123.13	0.0	0.0	0.0
PTHR12321	913.5	875.27	0.0	0.0	0.0
PTHR12323	632.25	594.02	0.0	0.0	0.0
PTHR14155	17822.51	17096.31	0.0	0.0	0.0
PTHR21015	3883.75	3730.85	1.0	1.78	2.32
PTHR16196	1659.42	1582.98	0.0	0.0	0.0
PTHR16193	1378.83	1340.6	0.0	0.0	0.0
PTHR22792	5283.5	5092.35	2.0	3.64	4.76
PTHR22790	4117.33	3964.41	0.0	0.0	0.0
PTHR21680	916.3	878.07	0.0	0.0	0.0
PTHR21113	1572.0	1495.54	0.0	0.0	0.0
PTHR19316	1537.17	1460.71	0.0	0.0	0.0
PTHR21663	4336.0	4221.31	1.0	5.06	6.61
PTHR13253	7255.93	6988.32	1.0	1.35	1.76
PTHR21206	1128.43	1090.19	0.0	0.0	0.0
PTHR13789	8452.86	8261.7	7.0	5.91	7.72
PTHR10071	2727.0	2612.31	0.0	0.0	0.0
PTHR13780	6450.36	6259.2	1.0	1.48	1.93
PTHR10670	7530.0	7300.62	0.0	0.0	0.0
PTHR10677	1767.0	1652.31	0.0	0.0	0.0
PTHR13078	2872.04	2795.57	0.0	0.0	0.0
PTHR12815	5371.5	5218.67	1.0	2.38	3.1
PTHR12814	1705.03	1628.56	0.0	0.0	0.0
PTHR24361	23905.98	23026.82	9.04	21.53	28.12
PTHR24362	8395.98	8052.05	0.0	0.0	0.0
PTHR10416	2056.0	1979.54	0.0	0.0	0.0
PTHR10410	4423.0	4270.08	25.0	45.09	58.89
PTHR10783	3862.01	3785.54	1.0	1.15	1.5
PTHR10782	4318.24	4127.14	0.0	0.0	0.0
PTHR13476	1309.0	1270.77	0.0	0.0	0.0
PTHR10788	8632.83	8479.91	3.0	2.31	3.02
PTHR10891	17311.53	16776.33	4.0	4.52	5.91
PTHR10890	3913.0	3721.85	0.0	0.0	0.0
PTHR20426	464.0	425.9	0.0	0.0	0.0
PTHR23213	10692.08	10386.23	1.0	1.22	1.59
PTHR10520	5219.66	5066.82	7.0	9.48	12.38
PTHR10250	2711.5	2596.81	0.0	0.0	0.0
PTHR10527	13225.83	12958.23	1.0	1.41	1.84
PTHR31384	6421.92	6192.54	1.0	3.04	3.97
PTHR31385	3811.5	3696.81	0.0	0.0	0.0
PTHR10091	1522.0	1445.54	0.0	0.0	0.0
PTHR31140	965.0	888.54	0.0	0.0	0.0
PTHR31412	6788.25	6597.18	0.0	0.0	0.0
PTHR11787	4562.67	4447.97	8.0	8.8	11.49
PTHR11785	14687.15	14190.16	8.0	11.37	14.85
PTHR11782	5398.83	5245.91	4.0	4.01	5.24
PTHR31419	3405.5	3252.58	0.0	0.0	0.0
PTHR11780	2262.0	2223.77	47.0	46.5	60.73
PTHR13902	5698.17	5583.5	11.0	7.5	9.8
PTHR23324	2666.0	2589.54	1.0	1.85	2.42
PTHR23327	2461.33	2384.87	2.0	3.46	4.52
PTHR23326	2966.0	2851.31	0.0	0.0	0.0
PTHR23321	1750.0	1673.54	0.0	0.0	0.0
PTHR23323	5681.0	5489.89	1.0	2.11	2.75
PTHR23322	4745.17	4515.82	2.0	4.64	6.05
PTHR23329	2775.5	2622.57	0.0	0.0	0.0
PTHR11236	5362.5	5133.12	1.0	1.18	1.54
PTHR10322	7248.25	6942.43	0.0	0.0	0.0
PTHR11239	2593.33	2478.64	1.0	2.4	3.13
PTHR10803	3529.5	3453.05	3.0	2.58	3.38
PTHR11101	934.56	896.36	0.0	0.0	0.0
PTHR31964	23521.44	22833.33	15.0	29.12	38.03
PTHR23030	1343.67	1305.44	0.0	0.0	0.0
PTHR11129	4084.04	3969.46	0.0	0.0	0.0
PTHR11122	3817.0	3702.31	2.0	3.12	4.08
PTHR15316	2264.0	2187.54	3.0	6.62	8.66
PTHR11127	1116.0	1039.56	19.0	162.29	211.95
PTHR11125	2666.5	2551.81	0.0	0.0	0.0
PTHR31566	2103.0	2064.77	2.0	2.13	2.78
PTHR31567	1352.0	1313.77	0.0	0.0	0.0
PTHR31561	3209.0	3132.54	5.0	7.35	9.6
PTHR15137	2031.8	1840.7	0.0	0.0	0.0
PTHR14950	3415.0	3223.85	0.0	0.0	0.0
PTHR15954	2061.0	1984.6	0.0	0.0	0.0
PTHR15952	3479.12	3402.67	0.0	0.0	0.0
PTHR16266	3435.33	3320.68	0.0	0.0	0.0
PTHR21597	2864.33	2673.21	0.0	0.0	0.0
PTHR19271	1622.0	1583.77	6.0	8.35	10.9
PTHR19861	1007.5	969.27	0.0	0.0	0.0
PTHR13343	6808.0	6616.85	2.0	2.71	3.55
PTHR12029	9211.71	8905.88	0.0	0.0	0.0
PTHR21220	519.5	481.27	0.0	0.0	0.0
PTHR22780	9444.0	9329.31	10.0	7.6	9.93
PTHR11952	5663.64	5510.71	19.0	24.48	31.97
PTHR21477	2776.5	2623.66	0.0	0.0	0.0
PTHR19308	5365.0	5250.31	0.0	0.0	0.0
PTHR16301	1214.4	1137.94	0.0	0.0	0.0
PTHR13265	814.67	776.43	0.0	0.0	0.0
PTHR22870	20343.89	19617.62	4.0	9.19	12.01
PTHR17630	2059.53	1983.12	0.0	0.0	0.0
PTHR10064	1039.07	962.61	68.0	383.01	500.2
PTHR10066	2806.0	2729.54	0.0	0.0	0.0
PTHR10060	2014.91	1938.47	0.0	0.0	0.0
PTHR10663	28419.17	27693.04	16.0	20.29	26.49
PTHR10666	7891.44	7623.85	2999.65	10033.62	13103.81
PTHR10668	9295.6	8989.76	3.0	5.99	7.82
PTHR12801	3352.33	3237.64	0.0	0.0	0.0
PTHR12802	2147.5	2032.81	0.0	0.0	0.0
PTHR12805	1628.0	1589.77	1.0	1.39	1.81
PTHR12806	788.4	750.17	0.0	0.0	0.0
PTHR21091	13325.3	13057.69	29.0	18.34	23.96
PTHR21090	4635.21	4520.56	2.0	2.05	2.67
PTHR21228	3732.77	3618.09	0.0	0.0	0.0
PTHR24314	3322.34	3207.63	0.0	0.0	0.0
PTHR11933	1377.0	1338.77	1.0	1.65	2.15
PTHR11932	8182.53	7953.17	9.0	10.65	13.91
PTHR11426	3026.12	2873.19	103.78	229.74	300.02
PTHR11937	14093.92	13558.77	993.0	1387.2	1811.65
PTHR11938	16413.5	16107.85	165.0	119.19	155.67
PTHR13683	25374.21	24495.01	5.0	6.78	8.86
PTHR24089	46598.21	45222.15	80.18	125.04	163.27
PTHR10796	3529.0	3452.54	3.0	4.15	5.41
PTHR10794	6704.08	6551.16	1.0	0.71	0.93
PTHR10795	23421.94	22504.78	6.0	8.36	10.93
PTHR10792	2074.5	1959.81	10.0	50.15	65.5
PTHR10799	45956.17	44083.14	7.0	18.48	24.13
PTHR10882	640.5	602.3	0.0	0.0	0.0
PTHR10887	24381.4	23158.26	9.0	10.22	13.36
PTHR11686	3402.5	3287.8	0.0	0.0	0.0
PTHR11685	9043.26	8737.47	0.0	0.0	0.0
PTHR11680	6490.51	6299.35	77.19	126.7	165.47
PTHR24221	27468.44	26589.18	7.0	9.7	12.67
PTHR24220	7351.99	7122.61	3.0	6.27	8.19
PTHR24223	30516.22	29369.73	786.97	1117.28	1459.17
PTHR11689	15663.5	15357.68	2.0	1.39	1.82
PTHR10252	2877.92	2763.22	7.0	12.89	16.84
PTHR31173	1667.0	1590.55	0.0	0.0	0.0
PTHR12538	1062.0	985.56	2.0	11.59	15.14
PTHR10625	8516.38	8210.66	3.0	3.27	4.28
PTHR31606	740.0	701.77	0.0	0.0	0.0
PTHR31356	5553.2	5285.75	1.0	1.99	2.6
PTHR31352	10746.42	10555.26	11.0	10.23	13.36
PTHR31350	2678.34	2563.63	0.0	0.0	0.0
PTHR11758	827.0	788.77	21.0	59.01	77.06
PTHR23333	959.5	921.27	0.0	0.0	0.0
PTHR11751	18691.0	18079.32	29.0	93.97	122.74
PTHR11753	3709.95	3557.03	1.0	2.6	3.4
PTHR11752	29573.42	28885.29	20.0	36.4	47.54
PTHR11206	10643.73	10376.16	0.0	0.0	0.0
PTHR23338	3569.67	3454.97	3.0	4.89	6.39
PTHR24420	615770.25	591651.07	258.97	348.54	455.16
PTHR10332	1462.33	1424.14	0.0	0.0	0.0
PTHR14140	2245.5	2130.98	0.0	0.0	0.0
PTHR14145	3617.5	3502.81	7.0	11.59	15.12
PTHR13600	1375.0	1336.77	1.0	1.65	2.16
PTHR12848	2384.33	2269.72	0.0	0.0	0.0
PTHR31066	683.0	644.77	0.0	0.0	0.0
PTHR15744	1589.33	1551.1	0.0	0.0	0.0
PTHR13604	1470.75	1394.29	0.0	0.0	0.0
PTHR23029	10913.53	10493.06	2.0	3.23	4.22
PTHR23023	1320.55	1244.09	0.0	0.0	0.0
PTHR31142	2949.8	2835.11	2.0	2.99	3.9
PTHR12847	4451.5	4298.58	2.0	3.25	4.24
PTHR11119	3748.24	3671.78	4.0	3.35	4.38
PTHR12841	1298.0	1259.77	1.0	1.75	2.29
PTHR31595	3214.17	3099.49	0.0	0.0	0.0
PTHR31596	400.5	362.28	0.0	0.0	0.0
PTHR15948	994.33	956.1	0.0	0.0	0.0
PTHR32026	26611.94	25694.4	3.0	4.89	6.38
PTHR31829	1105.0	1066.77	0.0	0.0	0.0
PTHR19241	45465.94	43937.24	14.0	22.56	29.46
PTHR14894	2317.0	2278.77	0.0	0.0	0.0
PTHR15239	2929.33	2776.41	1.0	2.14	2.8
PTHR19854	2225.5	2149.04	0.0	0.0	0.0
PTHR32497	2583.0	2544.77	0.0	0.0	0.0
PTHR12497	1752.0	1637.31	0.0	0.0	0.0
PTHR12304	1774.0	1735.77	1.0	1.27	1.66
PTHR30540	6631.5	6363.89	1.0	1.08	1.41
PTHR13302	2885.0	2808.54	1.0	1.27	1.66
PTHR12472	1212.0	1135.58	0.0	0.0	0.0
PTHR13308	2492.5	2377.85	0.0	0.0	0.0
PTHR12477	4259.67	4144.97	10.0	12.91	16.85
PTHR32148	1851.0	1774.54	41.0	140.43	183.41
PTHR13878	1967.96	1929.73	0.0	0.0	0.0
PTHR21461	31788.99	30909.72	1.0	1.03	1.35
PTHR13872	6043.0	5851.85	37.0	72.16	94.25
PTHR22849	13009.12	12626.85	1.0	0.78	1.02
PTHR21314	1611.0	1572.77	0.0	0.0	0.0
PTHR13271	34851.4	33704.51	2.0	1.95	2.54
PTHR22841	2236.5	2160.04	0.0	0.0	0.0
PTHR13273	1085.0	1046.77	0.0	0.0	0.0
PTHR22847	25635.57	24794.49	9.0	14.66	19.14
PTHR22846	1205.2	1128.74	0.0	0.0	0.0
PTHR22844	8930.92	8586.84	0.0	0.0	0.0
PTHR23284	1576.0	1537.77	0.0	0.0	0.0
PTHR21266	13691.55	13156.47	2.0	2.45	3.21
PTHR12271	3289.61	3174.93	1.0	4.01	5.23
PTHR21262	10524.0	10256.4	1.0	2.08	2.72
PTHR12276	3409.0	3332.54	0.0	0.0	0.0
PTHR10657	1391.0	1314.54	0.0	0.0	0.0
PTHR16557	3143.0	3028.31	1.0	1.95	2.54
PTHR10655	2280.33	2203.87	0.0	0.0	0.0
PTHR10652	2786.67	2671.97	3.0	7.89	10.31
PTHR17972	2307.43	2231.01	0.0	0.0	0.0
PTHR21085	1493.0	1454.77	21.0	31.83	41.57
PTHR11922	5728.6	5575.68	3.0	3.41	4.45
PTHR12505	2023.67	1947.2	0.0	0.0	0.0
PTHR10438	15690.84	15117.39	1.0	1.93	2.52
PTHR11926	6407.2	6177.82	1.0	1.83	2.39
PTHR11431	2539.44	2462.98	5.0	7.55	9.86
PTHR10436	8765.37	8383.15	0.0	0.0	0.0
PTHR10434	3142.33	3065.87	0.0	0.0	0.0
PTHR24096	13061.0	12793.39	13.0	11.76	15.36
PTHR13018	15461.21	15155.47	2.0	1.3	1.7
PTHR24095	19235.87	18777.12	26.0	19.3	25.19
PTHR24092	19919.5	19193.33	20.0	30.99	40.47
PTHR24093	52296.67	50844.04	133.0	130.8	170.84
PTHR10758	3667.0	3590.54	4.0	4.53	5.92
PTHR13451	874.08	835.86	0.0	0.0	0.0
PTHR13452	708.0	669.77	0.0	0.0	0.0
PTHR10759	790.0	751.77	1.0	2.95	3.85
PTHR12901	909.0	870.77	0.0	0.0	0.0
PTHR12903	2400.0	2323.54	0.0	0.0	0.0
PTHR13992	730.0	691.77	0.0	0.0	0.0
PTHR23237	400.0	361.77	3.0	18.61	24.3
PTHR10501	1982.29	1905.82	3.0	7.27	9.5
PTHR31169	2943.0	2828.31	0.0	0.0	0.0
PTHR12277	5742.57	5627.88	22.0	25.9	33.83
PTHR14087	687.5	649.27	0.0	0.0	0.0
PTHR14085	2051.0	2012.77	0.0	0.0	0.0
PTHR31344	1774.5	1698.04	0.0	0.0	0.0
PTHR23306	3656.5	3580.04	0.0	0.0	0.0
PTHR23305	1260.25	1222.02	0.0	0.0	0.0
PTHR11748	3327.1	3250.64	0.0	0.0	0.0
PTHR11742	6345.5	6116.12	1.0	1.3	1.7
PTHR11216	3733.0	3618.31	2.0	3.01	3.93
PTHR11210	2350.66	2236.02	0.0	0.0	0.0
PTHR14154	11470.31	10973.34	10.0	27.01	35.26
PTHR10344	725.67	687.44	0.0	0.0	0.0
PTHR10343	6853.5	6624.12	6.0	9.19	12.01
PTHR11699	10574.33	10345.01	29.0	40.48	52.87
PTHR11692	1456.0	1417.77	4.0	6.22	8.13
PTHR11693	3046.0	2969.54	43.0	63.48	82.9
PTHR11695	15976.75	15441.55	6.0	10.32	13.48
PTHR31760	1169.17	1130.93	0.0	0.0	0.0
PTHR31840	498.67	460.44	0.0	0.0	0.0
PTHR31906	10346.25	10040.41	0.0	0.0	0.0
PTHR21419	1836.0	1797.77	0.0	0.0	0.0
PTHR23012	10834.99	10529.15	0.0	0.0	0.0
PTHR11102	9765.57	9459.77	0.0	0.0	0.0
PTHR11106	3202.0	3087.45	0.0	0.0	0.0
PTHR31585	5821.5	5668.58	0.0	0.0	0.0
PTHR32125	1117.67	1079.43	0.0	0.0	0.0
PTHR31588	1976.5	1938.27	0.0	0.0	0.0
PTHR32120	2092.0	2053.77	0.0	0.0	0.0
PTHR15680	1105.0	1066.77	0.0	0.0	0.0
PTHR11804	5655.0	5463.86	3.0	3.99	5.21
PTHR11374	1665.0	1626.77	52.0	70.43	91.99
PTHR11808	7431.5	7202.17	1.0	1.1	1.44
PTHR12000	2529.83	2415.15	0.0	0.0	0.0
PTHR18895	3843.83	3690.91	0.0	0.0	0.0
PTHR12169	2210.0	2171.77	0.0	0.0	0.0
PTHR12486	1912.5	1836.04	0.0	0.0	0.0
PTHR12480	3440.25	3287.35	0.0	0.0	0.0
PTHR12482	5921.39	5768.56	0.0	0.0	0.0
PTHR12317	6511.5	6320.35	1.0	3.86	5.05
PTHR12649	1106.6	1068.37	0.0	0.0	0.0
PTHR10099	4699.0	4660.77	5.0	2.36	3.08
PTHR12461	4111.17	3958.24	0.0	0.0	0.0
PTHR12466	1906.33	1829.94	0.0	0.0	0.0
PTHR10098	850.0	773.56	0.0	0.0	0.0
PTHR13847	9621.96	9316.12	3.0	4.49	5.87
PTHR26312	6417.07	6225.92	0.0	0.0	0.0
PTHR12001	4624.0	4471.19	8.0	12.32	16.09
PTHR21327	2086.0	2047.77	0.0	0.0	0.0
PTHR21631	6586.15	6395.0	57.0	62.52	81.64
PTHR22854	2520.75	2444.29	0.0	0.0	0.0
PTHR22855	7080.0	6965.31	81.96	54.92	71.74
PTHR22850	14958.0	14575.7	3.0	3.8	4.96
PTHR22504	1091.0	1052.77	0.0	0.0	0.0
PTHR22915	13573.17	13076.18	1.0	1.17	1.52
PTHR21256	3008.67	2932.2	0.0	0.0	0.0
PTHR12265	648.0	609.77	0.0	0.0	0.0
PTHR12266	3682.0	3605.54	0.0	0.0	0.0
PTHR10648	3100.5	3024.04	7.0	7.05	9.21
PTHR30178	2498.2	2421.74	1.0	1.85	2.41
PTHR10641	14437.31	13634.54	21.0	31.1	40.62
PTHR19842	824.5	786.27	0.0	0.0	0.0
PTHR10644	10140.7	9873.14	4.0	5.95	7.79
PTHR30535	8283.4	8015.78	0.0	0.0	0.0
PTHR12864	1834.0	1757.54	0.0	0.0	0.0
PTHR12860	2164.0	2087.54	0.0	0.0	0.0
PTHR13194	4946.42	4793.49	1.0	1.16	1.51
PTHR13193	703.33	665.1	0.0	0.0	0.0
PTHR11913	683.0	644.77	9.0	31.01	40.5
PTHR11911	7168.3	6900.69	34.0	53.54	69.92
PTHR11910	1840.5	1764.04	1.0	2.71	3.53
PTHR12919	1213.0	1136.54	2.0	12.69	16.58
PTHR12910	1845.0	1768.54	0.0	0.0	0.0
PTHR12917	1953.0	1914.77	0.0	0.0	0.0
PTHR11351	3435.0	3282.08	5.0	5.44	7.11
PTHR11353	22927.86	22392.65	101.0	116.81	152.56
PTHR11599	11334.0	10951.7	27.0	54.64	71.37
PTHR10516	17243.82	16593.98	9.0	14.47	18.88
PTHR11592	3930.62	3815.94	5.0	9.75	12.73
PTHR11659	2209.0	2170.77	1.0	1.01	1.32
PTHR31724	2343.0	2266.54	0.0	0.0	0.0
PTHR13734	4265.72	4151.03	0.0	0.0	0.0
PTHR23315	59146.56	57197.04	1.0	1.29	1.68
PTHR23316	3706.0	3629.54	2.0	2.79	3.65
PTHR11778	3825.0	3748.54	9.0	11.77	15.37
PTHR11777	6785.0	6632.08	8.0	8.49	11.09
PTHR11774	3799.16	3646.35	0.0	0.0	0.0
PTHR11773	3601.0	3524.54	30.0	37.67	49.2
PTHR11772	5878.38	5687.31	35.0	46.73	61.02
PTHR10357	31143.18	30531.57	225.48	175.49	229.2
PTHR10353	13129.81	12556.47	0.0	0.0	0.0
PTHR10350	2403.0	2288.31	0.0	0.0	0.0
PTHR10351	1102.0	1063.77	83.0	172.43	225.19
PTHR32557	1101.6	1063.37	0.0	0.0	0.0
PTHR10359	6637.49	6369.88	0.0	0.0	0.0
PTHR32442	710.0	671.77	0.0	0.0	0.0
PTHR31750	2680.17	2565.55	0.0	0.0	0.0
PTHR23418	326.5	288.39	0.0	0.0	0.0
PTHR14189	1324.92	1286.71	0.0	0.0	0.0
PTHR21021	1266.5	1228.27	0.0	0.0	0.0
PTHR32228	1498.0	1459.77	0.0	0.0	0.0
PTHR31245	1562.0	1523.77	1.0	1.45	1.89
PTHR23001	2088.0	2049.77	7.0	7.52	9.82
PTHR23002	3127.0	3012.33	0.0	0.0	0.0
PTHR11177	4565.5	4450.81	0.0	0.0	0.0
PTHR11178	3821.0	3706.31	1.0	1.28	1.67
PTHR14456	1291.0	1214.54	0.0	0.0	0.0
PTHR31808	1862.0	1823.77	1.0	1.21	1.58
PTHR13693	5298.46	5145.56	0.0	0.0	0.0
PTHR11009	2512.5	2436.04	1.0	2.04	2.66
PTHR19229	13664.04	13090.63	3.0	12.81	16.73
PTHR11482	7157.0	6965.85	13.0	8.15	10.64
PTHR11005	6032.0	5726.16	2.0	7.2	9.4
PTHR18640	2387.0	2348.77	0.0	0.0	0.0
PTHR18866	11724.5	11342.2	21.0	25.4	33.18
PTHR12022	756.0	717.77	0.0	0.0	0.0
PTHR15074	2983.0	2944.77	0.0	0.0	0.0
PTHR15588	2251.63	2175.17	0.0	0.0	0.0
PTHR12677	4686.5	4533.7	2.0	6.07	7.92
PTHR19134	2615.0	2538.54	0.0	0.0	0.0
PTHR19879	2124.0	2009.31	0.0	0.0	0.0
PTHR30566	2472.6	2396.14	0.0	0.0	0.0
PTHR12456	800.0	723.54	0.0	0.0	0.0
PTHR12452	469.5	431.47	0.0	0.0	0.0
PTHR19359	1856.4	1779.98	0.0	0.0	0.0
PTHR12072	4275.45	4122.53	0.0	0.0	0.0
PTHR13218	1376.0	1337.77	0.0	0.0	0.0
PTHR13215	1098.0	1059.77	0.0	0.0	0.0
PTHR13213	1223.67	1147.25	0.0	0.0	0.0
PTHR21530	3708.73	3594.04	0.0	0.0	0.0
PTHR12298	7600.92	7333.3	0.0	0.0	0.0
PTHR10638	4035.0	3920.45	1.0	1.04	1.36
PTHR10631	4184.0	4069.31	0.0	0.0	0.0
PTHR10984	6187.5	5996.36	1.0	1.01	1.32
PTHR12858	5566.0	5336.62	3.0	8.55	11.17
PTHR13505	895.0	856.77	0.0	0.0	0.0
PTHR12856	1720.43	1643.96	0.0	0.0	0.0
PTHR12855	605.57	567.38	0.0	0.0	0.0
PTHR12854	1030.0	953.54	0.0	0.0	0.0
PTHR13190	1550.5	1474.05	0.0	0.0	0.0
PTHR13182	1911.0	1872.77	0.0	0.0	0.0
PTHR10855	3502.0	3387.31	2.0	4.28	5.61
PTHR10585	2094.0	1979.31	0.0	0.0	0.0
PTHR10743	999.5	961.27	0.0	0.0	0.0
PTHR10742	20736.3	20124.8	9.0	9.36	12.21
PTHR10745	2346.0	2307.77	3.0	2.86	3.73
PTHR10744	2072.0	1957.31	19.0	54.86	71.65
PTHR10746	2555.21	2478.76	6.0	10.23	13.35
PTHR11099	2212.0	2173.77	0.0	0.0	0.0
PTHR12924	1266.0	1227.77	0.0	0.0	0.0
PTHR11627	4012.0	3897.31	159.0	223.34	291.68
PTHR11525	352.0	313.77	0.0	0.0	0.0
PTHR11349	942.0	903.77	2.0	4.9	6.4
PTHR10566	24328.93	23488.18	9.0	14.38	18.78
PTHR11588	7398.0	7245.08	75.0	89.14	116.42
PTHR10291	1320.5	1282.27	0.0	0.0	0.0
PTHR11584	7021.6	6754.01	3.0	2.45	3.19
PTHR11586	890.0	851.83	0.0	0.0	0.0
PTHR11909	7277.0	7085.85	140.14	176.96	231.11
PTHR24320	1062.8	1024.61	0.0	0.0	0.0
PTHR24322	18451.79	17763.81	9.0	16.06	20.98
PTHR11907	2942.5	2866.14	72.0	72.58	94.79
PTHR11760	1273.0	1196.54	1.0	3.36	4.38
PTHR11761	2188.55	2112.09	176.0	709.5	926.59
PTHR11766	2672.0	2595.54	0.0	0.0	0.0
PTHR11767	10343.73	10076.12	0.0	0.0	0.0
PTHR10361	3623.0	3508.31	1.0	1.84	2.4
PTHR10366	38219.61	37149.27	441.0	654.56	854.86
PTHR10169	9604.98	9375.6	4.0	2.85	3.72
PTHR10168	4949.0	4757.85	0.0	0.0	0.0
PTHR20973	1210.67	1172.44	0.0	0.0	0.0
PTHR10165	1994.24	1917.79	0.0	0.0	0.0
PTHR31032	2663.5	2587.05	0.0	0.0	0.0
PTHR23257	29580.26	28548.1	18.0	29.77	38.88
PTHR23253	2211.37	2134.91	4.0	5.76	7.52
PTHR14190	2871.0	2832.77	2.0	1.55	2.03
PTHR14194	6523.0	6331.85	7.0	12.43	16.23
PTHR31251	3075.5	2960.81	0.0	0.0	0.0
PTHR23074	13101.57	12451.7	13.0	21.31	27.83
PTHR23077	13417.94	12997.43	26.0	27.48	35.88
PTHR23076	18050.11	17629.74	127.51	120.57	157.45
PTHR12561	823.0	784.77	0.0	0.0	0.0
PTHR23073	9227.0	8959.41	197.0	256.86	335.45
PTHR12560	855.0	816.77	0.0	0.0	0.0
PTHR23078	2932.0	2893.77	4.0	3.04	3.97
PTHR11165	2806.75	2692.07	8.0	17.34	22.65
PTHR10772	3063.3	2948.61	0.0	0.0	0.0
PTHR32100	4293.67	4178.98	1.0	1.31	1.72
PTHR14534	947.0	908.77	1.0	2.44	3.18
PTHR14445	2750.0	2635.31	0.0	0.0	0.0
PTHR23109	3688.76	3574.07	0.0	0.0	0.0
PTHR31811	1094.0	1055.77	0.0	0.0	0.0
PTHR23102	3469.99	3393.54	0.0	0.0	0.0
PTHR23105	6651.0	6383.44	361.73	1213.48	1584.78
PTHR11010	3986.5	3910.04	0.0	0.0	0.0
PTHR12668	3574.5	3459.81	0.0	0.0	0.0
PTHR12661	1034.83	996.6	0.0	0.0	0.0
PTHR12663	4567.0	4490.54	0.0	0.0	0.0
PTHR12664	510.33	472.1	0.0	0.0	0.0
PTHR16166	30182.51	29609.06	0.0	0.0	0.0
PTHR12111	740.0	701.77	1.0	3.16	4.13
PTHR12446	2808.0	2655.11	0.0	0.0	0.0
PTHR12447	2033.5	1957.04	0.0	0.0	0.0
PTHR15481	850.0	811.77	0.0	0.0	0.0
PTHR26379	2289.0	2250.77	0.0	0.0	0.0
PTHR12599	1154.0	1115.77	1.0	1.98	2.59
PTHR12596	5452.0	5337.31	7.0	4.2	5.48
PTHR12590	1015.5	977.27	0.0	0.0	0.0
PTHR12066	1152.0	1113.77	0.0	0.0	0.0
PTHR12064	7084.0	6816.45	0.0	0.0	0.0
PTHR13226	397.0	358.78	0.0	0.0	0.0
PTHR13889	1601.0	1562.77	0.0	0.0	0.0
PTHR13887	1256.5	1218.27	0.0	0.0	0.0
PTHR21181	1717.67	1641.2	0.0	0.0	0.0
PTHR13948	3072.17	2919.28	0.0	0.0	0.0
PTHR10459	5407.2	5177.82	1.0	2.6	3.4
PTHR11453	3320.59	3205.9	1.0	1.42	1.86
PTHR19306	4866.3	4751.71	0.0	0.0	0.0
PTHR21506	2212.0	2135.54	0.0	0.0	0.0
PTHR12280	5437.6	5246.45	0.0	0.0	0.0
PTHR12281	3392.42	3277.72	1.0	1.96	2.55
PTHR12286	2198.5	2122.04	0.0	0.0	0.0
PTHR30573	2332.0	2293.77	0.0	0.0	0.0
PTHR22983	7858.0	7590.39	0.0	0.0	0.0
PTHR22981	7539.5	7271.89	1.0	1.84	2.41
PTHR30191	3094.0	3055.77	26.0	18.7	24.42
PTHR13082	932.0	893.77	0.0	0.0	0.0
PTHR10629	5790.1	5522.51	0.0	0.0	0.0
PTHR10994	31539.67	30545.75	9.0	14.66	19.14
PTHR10996	8687.01	8381.39	2.0	2.42	3.16
PTHR10997	12296.1	11990.41	0.0	0.0	0.0
PTHR10992	45915.69	44539.55	5.0	6.77	8.85
PTHR10993	1579.0	1502.54	0.0	0.0	0.0
PTHR17695	2374.5	2259.81	0.0	0.0	0.0
PTHR12849	1448.48	1410.25	0.0	0.0	0.0
PTHR21712	1101.5	1063.27	0.0	0.0	0.0
PTHR21294	1127.0	1088.77	1.0	2.03	2.65
PTHR21290	3161.62	3008.72	0.0	0.0	0.0
PTHR21349	2452.33	2375.87	0.0	0.0	0.0
PTHR21347	1622.0	1583.77	8.0	11.13	14.54
PTHR21343	2142.25	2027.64	0.0	0.0	0.0
PTHR10196	6085.67	5894.51	0.0	0.0	0.0
PTHR10192	1239.43	1201.24	0.0	0.0	0.0
PTHR10751	10603.0	10258.93	0.0	0.0	0.0
PTHR10755	2854.0	2777.54	7.0	9.29	12.13
PTHR13152	949.5	911.27	0.0	0.0	0.0
PTHR12932	970.0	931.77	0.0	0.0	0.0
PTHR12934	2559.0	2482.54	14.0	27.01	35.27
PTHR11451	9005.03	8852.1	26.0	24.78	32.36
PTHR10288	4078.14	3848.76	0.0	0.0	0.0
PTHR11800	2604.07	2527.6	1.0	1.79	2.34
PTHR11802	6898.2	6630.59	0.0	0.0	0.0
PTHR12891	1921.25	1806.56	0.0	0.0	0.0
PTHR11807	3078.73	2964.06	0.0	0.0	0.0
PTHR10281	4317.67	4203.02	0.0	0.0	0.0
PTHR10283	7462.98	7271.89	8.0	8.04	10.5
PTHR10285	12549.33	12243.49	2.0	1.87	2.45
PTHR10286	11785.87	11212.61	5.0	10.07	13.16
PTHR11579	3167.0	3090.54	1.0	1.09	1.42
PTHR13718	3254.96	3102.03	261.92	978.85	1278.36
PTHR13711	6591.25	6361.89	3.0	3.49	4.56
PTHR13710	10675.5	10255.0	0.0	0.0	0.0
PTHR11977	2915.0	2876.77	0.0	0.0	0.0
PTHR11972	1585.2	1546.97	0.0	0.0	0.0
PTHR31480	1366.0	1327.77	1.0	1.66	2.17
PTHR31485	5993.0	5801.85	0.0	0.0	0.0
PTHR11715	485.0	446.89	0.0	0.0	0.0
PTHR11717	2218.59	2142.13	0.0	0.0	0.0
PTHR11711	13735.0	13352.75	401.0	797.78	1041.9
PTHR11712	3827.67	3751.26	1.0	0.9	1.17
PTHR10374	4360.5	4245.81	0.0	0.0	0.0
PTHR10178	7372.92	7067.07	0.0	0.0	0.0
PTHR20961	17341.55	16730.08	0.0	0.0	0.0
PTHR10173	4634.69	4443.58	2.0	5.29	6.9
PTHR10177	8634.7	8367.09	1.0	2.18	2.85
PTHR10174	11161.56	10855.78	0.0	0.0	0.0
PTHR23249	1482.5	1406.04	0.0	0.0	0.0
PTHR23244	10067.6	9685.45	0.0	0.0	0.0
PTHR23245	4749.5	4558.35	0.0	0.0	0.0
PTHR23240	3568.0	3338.63	0.0	0.0	0.0
PTHR14614	8469.03	8163.4	0.0	0.0	0.0
PTHR31268	9177.51	8871.67	6.0	5.17	6.75
PTHR31262	1319.22	1204.83	8419.96	75300.02	98341.1
PTHR23063	7443.0	7290.08	1.0	1.36	1.78
PTHR11620	1060.0	1021.77	22.23	48.09	62.81
PTHR11624	6730.0	6538.85	219.0	254.46	332.32
PTHR11390	3331.83	3217.18	0.0	0.0	0.0
PTHR31620	5904.62	5751.69	0.0	0.0	0.0
PTHR31319	2456.5	2380.09	0.0	0.0	0.0
PTHR14052	1392.5	1354.27	0.0	0.0	0.0
PTHR32118	2006.0	1967.77	21.0	23.49	30.68
PTHR14152	430.0	391.77	0.0	0.0	0.0
PTHR23117	2898.4	2821.94	0.0	0.0	0.0
PTHR23115	32815.65	32012.81	7720.42	11211.43	14642.02
PTHR11028	1331.0	1292.77	7.0	11.95	15.6
PTHR11024	2492.5	2416.04	1.0	1.75	2.28
PTHR12616	1060.33	1022.1	0.0	0.0	0.0
PTHR12613	2569.0	2530.77	1.0	0.87	1.13
PTHR12612	1093.0	1054.77	0.0	0.0	0.0
PTHR32060	3783.67	3707.2	2.0	1.6	2.09
PTHR12126	2807.0	2730.54	0.0	0.0	0.0
PTHR12124	4175.5	4022.66	0.0	0.0	0.0
PTHR22734	2897.5	2821.04	2.0	2.86	3.74
PTHR12121	8715.55	8447.95	9.0	9.51	12.42
PTHR12438	1158.0	1081.54	0.0	0.0	0.0
PTHR15492	2040.5	2002.27	0.0	0.0	0.0
PTHR21426	3939.5	3786.6	3.0	5.99	7.82
PTHR21427	1131.0	1092.77	0.0	0.0	0.0
PTHR19372	1596.0	1557.77	0.0	0.0	0.0
PTHR19370	6810.04	6580.68	1.0	1.27	1.66
PTHR19376	14996.81	14614.53	4.0	2.89	3.76
PTHR19375	19906.89	19371.69	141.0	166.47	217.42
PTHR12725	2721.35	2644.89	1.0	1.27	1.66
PTHR22884	24437.03	23443.24	2.0	1.76	2.3
PTHR22883	17699.67	17240.89	2.0	2.79	3.64
PTHR22881	1027.5	989.27	0.0	0.0	0.0
PTHR12542	28828.02	27948.79	29.96	60.41	78.9
PTHR12547	4414.37	4261.45	0.0	0.0	0.0
PTHR12436	4149.79	3996.9	0.0	0.0	0.0
PTHR21512	4199.22	4046.3	0.0	0.0	0.0
PTHR12965	3243.67	3128.97	0.0	0.0	0.0
PTHR14744	1634.86	1596.62	0.0	0.0	0.0
PTHR30502	1763.06	1724.83	0.0	0.0	0.0
PTHR10961	1822.06	1783.84	0.0	0.0	0.0
PTHR10617	6846.89	6617.58	817.45	1058.97	1383.0
PTHR10615	3358.5	3243.81	5.0	5.71	7.46
PTHR13527	511.1	472.87	0.0	0.0	0.0
PTHR22958	2036.0	1997.77	4.0	4.41	5.76
PTHR22951	4234.3	4157.84	0.0	0.0	0.0
PTHR22950	22019.37	21407.75	8.0	17.99	23.49
PTHR22953	6300.53	6147.6	0.0	0.0	0.0
PTHR22952	22899.39	22134.95	2.0	2.57	3.36
PTHR22957	17562.15	16950.53	3.0	5.87	7.67
PTHR21600	2333.5	2257.04	0.0	0.0	0.0
PTHR24056	14415.93	14033.63	9.0	12.16	15.89
PTHR24054	2293.43	2216.96	33.0	41.13	53.71
PTHR24055	9634.62	9290.64	79.08	78.11	102.02
PTHR24058	6829.85	6562.24	24.0	32.49	42.43
PTHR10766	11374.92	11107.3	311.0	485.03	633.46
PTHR10762	3695.0	3580.3	0.0	0.0	0.0
PTHR30031	6619.3	6428.15	657.0	1174.6	1534.02
PTHR12945	1377.5	1339.27	0.0	0.0	0.0
PTHR12944	2298.89	2222.43	0.0	0.0	0.0
PTHR24128	1749.0	1672.54	3.0	9.7	12.66
PTHR13096	2667.5	2591.04	0.0	0.0	0.0
PTHR11364	1651.0	1612.77	0.0	0.0	0.0
PTHR11365	3562.05	3485.6	2.0	3.53	4.62
PTHR10548	5199.62	5046.77	0.0	0.0	0.0
PTHR11817	11672.25	11366.41	28.0	39.72	51.88
PTHR11814	8349.0	8119.62	0.0	0.0	0.0
PTHR11363	1776.0	1737.77	150.0	190.13	248.31
PTHR10543	3441.33	3326.74	0.0	0.0	0.0
PTHR11819	4686.68	4610.22	6.0	5.14	6.72
PTHR10544	801.0	762.77	0.0	0.0	0.0
PTHR11562	8192.79	8001.64	6.0	8.73	11.4
PTHR11566	14487.89	14182.17	21.0	21.62	28.23
PTHR11567	2227.6	2074.68	0.0	0.0	0.0
PTHR11564	8931.0	8778.08	13.0	13.34	17.43
PTHR11962	3150.28	3073.82	1.0	1.43	1.86
PTHR11963	2615.0	2538.54	0.0	0.0	0.0
PTHR24315	1115.0	1076.77	0.0	0.0	0.0
PTHR10381	7129.57	6938.41	46.0	81.7	106.7
PTHR10383	3576.03	3499.57	1.0	1.35	1.76
PTHR24316	5292.32	5101.42	1.0	1.74	2.28
PTHR11702	9190.5	8846.57	7.0	14.71	19.22
PTHR11700	2783.0	2630.09	1404.25	10673.14	13939.02
PTHR10388	995.86	957.62	21.0	48.51	63.35
PTHR11934	2683.0	2606.54	0.0	0.0	0.0
PTHR10145	2157.6	2081.15	0.0	0.0	0.0
PTHR23273	2465.25	2388.79	0.0	0.0	0.0
PTHR12050	1007.33	969.1	0.0	0.0	0.0
PTHR23163	3439.0	3400.77	0.0	0.0	0.0
PTHR23050	1102.0	1063.77	203.0	421.72	550.76
PTHR23056	2259.0	2182.54	0.0	0.0	0.0
PTHR23054	7673.53	7367.74	0.0	0.0	0.0
PTHR11638	15356.04	15126.67	181.16	121.8	159.07
PTHR31783	3261.4	3146.71	0.0	0.0	0.0
PTHR23291	4292.33	4139.42	0.0	0.0	0.0
PTHR23293	5041.67	4926.97	0.0	0.0	0.0
PTHR11140	5104.0	5027.54	174.61	272.93	356.46
PTHR11141	5352.29	5199.39	3.0	2.38	3.11
PTHR11142	7723.73	7417.95	0.0	0.0	0.0
PTHR11143	839.0	800.77	41.0	113.46	148.17
PTHR11380	633.0	594.8	0.0	0.0	0.0
PTHR11384	13103.83	12683.3	2.0	2.19	2.87
PTHR32477	1982.2	1905.8	0.0	0.0	0.0
PTHR14043	5313.29	5122.13	2.0	2.23	2.91
PTHR32472	1349.0	1310.77	0.0	0.0	0.0
PTHR31658	2781.7	2628.87	0.0	0.0	0.0
PTHR13890	10163.68	9666.82	2.0	5.05	6.59
PTHR14269	1437.0	1398.77	2.0	3.15	4.12
PTHR23125	45590.1	44443.25	7.0	5.87	7.66
PTHR19211	14742.5	14321.99	30257.62	188571.95	246273.12
PTHR12608	5297.5	5106.35	1.0	1.78	2.33
PTHR12604	1184.33	1146.1	0.0	0.0	0.0
PTHR12603	3903.0	3788.31	0.0	0.0	0.0
PTHR32091	2131.5	2016.81	0.0	0.0	0.0
PTHR23339	3802.33	3725.87	0.0	0.0	0.0
PTHR32098	1888.5	1850.27	0.0	0.0	0.0
PTHR18763	1255.0	1216.77	0.0	0.0	0.0
PTHR22726	1264.0	1225.77	1.0	1.8	2.35
PTHR22727	9467.0	9352.31	2.0	1.07	1.39
PTHR12428	4145.01	4068.54	2.0	2.09	2.73
PTHR18968	5096.5	4867.25	22.0	18.08	23.62
PTHR12730	1925.0	1886.77	0.0	0.0	0.0
PTHR12736	1491.83	1377.19	0.0	0.0	0.0
PTHR12735	2597.0	2482.31	1.0	1.9	2.48
PTHR15020	3166.5	3051.81	0.0	0.0	0.0
PTHR12049	3506.84	3392.13	0.0	0.0	0.0
PTHR12558	7760.0	7530.62	1.0	1.21	1.58
PTHR12553	12484.05	12178.25	0.0	0.0	0.0
PTHR10497	1187.0	1110.54	39.0	133.68	174.58
PTHR24073	18939.87	18366.46	158.98	298.6	389.96
PTHR21569	2889.67	2774.97	19.0	56.2	73.39
PTHR21567	4180.0	4027.08	1.0	1.92	2.51
PTHR13950	2971.2	2818.28	0.0	0.0	0.0
PTHR12133	1006.4	968.17	0.0	0.0	0.0
PTHR10972	4746.75	4632.06	2.0	2.94	3.83
PTHR21704	4022.0	3983.77	0.0	0.0	0.0
PTHR10606	2484.0	2445.77	0.0	0.0	0.0
PTHR10971	3064.79	2988.33	4.0	5.37	7.02
PTHR22942	9089.9	8784.08	0.0	0.0	0.0
PTHR11728	2532.0	2493.77	1.0	0.88	1.15
PTHR13395	1050.75	974.32	0.0	0.0	0.0
PTHR31803	2064.13	2025.9	7.0	7.61	9.93
PTHR22891	9208.5	8979.22	0.0	0.0	0.0
PTHR21368	1616.0	1539.54	0.0	0.0	0.0
PTHR30508	4426.0	4349.54	57.0	59.84	78.15
PTHR24067	21232.8	20506.41	15.0	31.87	41.62
PTHR24064	6499.37	6308.21	0.0	0.0	0.0
PTHR24063	10286.47	9942.54	0.0	0.0	0.0
PTHR21011	2965.17	2850.47	1.0	2.12	2.76
PTHR25040	6141.5	5988.58	15.0	21.23	27.72
PTHR10774	28708.98	27676.9	25.0	63.76	83.28
PTHR24068	2593.5	2478.81	21.0	49.86	65.12
PTHR12959	2689.14	2650.91	0.0	0.0	0.0
PTHR24115	27715.14	26874.12	0.0	0.0	0.0
PTHR11825	8672.17	8481.02	2.0	2.38	3.11
PTHR10809	1372.0	1333.77	1.0	1.65	2.16
PTHR11822	2043.0	2004.77	61.0	66.98	87.47
PTHR10555	3955.5	3840.81	1.0	2.09	2.73
PTHR10806	1003.0	964.77	0.0	0.0	0.0
PTHR10804	14505.15	14084.62	88.75	107.36	140.21
PTHR11556	5343.5	5152.35	51.0	87.74	114.58
PTHR11006	6828.66	6599.36	8.0	12.78	16.69
PTHR22838	731.71	693.56	0.0	0.0	0.0
PTHR11558	2543.0	2466.54	11.0	16.32	21.32
PTHR13773	1791.0	1752.77	0.0	0.0	0.0
PTHR20275	1784.0	1745.77	9.0	11.36	14.83
PTHR10537	720.6	682.38	0.0	0.0	0.0
PTHR11953	1180.67	1142.43	0.0	0.0	0.0
PTHR11956	2714.0	2637.54	3.0	4.92	6.42
PTHR11959	3835.33	3720.64	8.0	16.94	22.12
PTHR11739	3381.0	3304.54	9.0	8.99	11.74
PTHR11732	17613.76	17040.41	31.0	48.91	63.89
PTHR11731	9948.0	9680.65	1.0	0.9	1.18
PTHR11730	8535.5	8267.89	1.0	0.54	0.71
PTHR11735	3053.55	2938.87	0.0	0.0	0.0
PTHR10394	1066.0	1027.77	41.0	88.18	115.17
PTHR20941	1732.1	1655.66	0.0	0.0	0.0
PTHR10150	2635.36	2520.66	0.0	0.0	0.0
PTHR31065	956.75	918.52	0.0	0.0	0.0
PTHR10159	12292.33	11871.85	2.0	3.35	4.37
PTHR10122	1058.67	1020.43	0.0	0.0	0.0
PTHR23264	4679.5	4564.8	0.0	0.0	0.0
PTHR23269	1658.5	1543.81	0.0	0.0	0.0
PTHR31204	720.0	681.77	0.0	0.0	0.0
PTHR31201	4222.0	4145.54	7.0	7.42	9.68
PTHR31209	954.8	916.57	0.0	0.0	0.0
PTHR11607	11668.67	11209.99	3.0	4.53	5.91
PTHR11606	2197.0	2158.77	2.0	2.04	2.66
PTHR11601	5773.5	5620.64	9.0	10.74	14.03
PTHR32467	1537.25	1460.82	0.0	0.0	0.0
PTHR23130	20042.16	19430.5	1.0	1.99	2.6
PTHR23133	1369.0	1330.77	1.0	1.66	2.17
PTHR23135	5178.67	5025.74	0.0	0.0	0.0
PTHR23138	2338.0	2261.54	20.92	45.86	59.88
PTHR23139	2933.75	2780.83	0.0	0.0	0.0
PTHR31682	2638.0	2523.31	15.0	22.29	29.11
PTHR11040	6068.29	5877.15	1.0	1.92	2.51
PTHR11043	2052.0	1975.54	1.0	2.04	2.67
PTHR11042	4334.0	4142.95	0.0	0.0	0.0
PTHR11048	6704.69	6513.53	9.0	14.95	19.53
PTHR15818	1508.75	1432.29	0.0	0.0	0.0
PTHR12636	1118.33	1080.1	0.0	0.0	0.0
PTHR14490	822.0	745.54	0.0	0.0	0.0
PTHR14493	5985.9	5794.74	1.0	3.29	4.29
PTHR15651	4268.4	4191.94	0.0	0.0	0.0
PTHR12380	1878.67	1802.2	0.0	0.0	0.0
PTHR12385	1995.17	1956.93	0.0	0.0	0.0
PTHR12706	5829.0	5523.16	0.0	0.0	0.0
PTHR12709	621.5	583.27	0.0	0.0	0.0
PTHR19957	11812.29	11430.09	17.0	21.72	28.37
PTHR30239	2689.0	2612.54	18.0	21.56	28.15
PTHR11203	9366.0	9136.62	2.0	2.27	2.96
PTHR12770	2210.0	2133.54	0.0	0.0	0.0
PTHR12097	3585.0	3546.77	53.0	32.83	42.87
PTHR11200	11119.68	10661.19	3.0	7.51	9.81
PTHR21576	17178.38	16566.72	4.0	8.94	11.68
PTHR24423	50791.93	49186.3	1169.63	773.22	1009.84
PTHR10046	5101.87	4949.02	1.0	0.79	1.03
PTHR12419	6469.0	6201.49	0.0	0.0	0.0
PTHR11757	444.0	405.77	0.0	0.0	0.0
PTHR30525	1771.0	1732.77	2.0	2.54	3.32
PTHR12413	2605.16	2528.7	0.0	0.0	0.0
PTHR12412	3002.5	2887.81	0.0	0.0	0.0
PTHR12411	40231.58	38817.45	8.01	22.87	29.88
PTHR12146	1060.0	1021.77	22.0	47.6	62.16
PTHR12415	1084.33	1007.92	0.0	0.0	0.0
PTHR10947	2110.0	2071.77	1.0	1.06	1.39
PTHR21717	3549.95	3435.26	0.0	0.0	0.0
PTHR10943	6421.0	6268.08	19.0	20.38	26.62
PTHR12897	622.5	584.27	0.0	0.0	0.0
PTHR12894	3829.67	3715.03	1.0	1.33	1.73
PTHR22976	5583.5	5430.58	25.0	23.93	31.25
PTHR22975	918.0	879.77	0.0	0.0	0.0
PTHR22970	648.5	610.29	0.0	0.0	0.0
PTHR20922	2754.4	2677.94	0.0	0.0	0.0
PTHR21377	2488.0	2411.54	1.0	1.45	1.9
PTHR21371	2326.0	2287.77	54.0	51.93	67.82
PTHR21373	3371.0	3294.54	0.0	0.0	0.0
PTHR22573	8537.0	8307.62	8.0	9.61	12.54
PTHR22572	19987.5	19414.05	188.0	212.42	277.4
PTHR13060	890.0	851.77	0.0	0.0	0.0
PTHR21000	2369.0	2330.77	13.0	12.27	16.02
PTHR10701	750.0	711.77	0.0	0.0	0.0
PTHR13161	654.0	615.84	0.0	0.0	0.0
PTHR13162	5290.91	5061.68	5.0	9.46	12.35
PTHR13165	2840.83	2764.37	0.0	0.0	0.0
PTHR21396	1200.0	1161.77	0.0	0.0	0.0
PTHR12459	3628.5	3513.81	0.0	0.0	0.0
PTHR10681	4248.0	4095.07	181.0	356.1	465.06
PTHR24106	4014.0	3937.54	1.0	0.81	1.06
PTHR24103	1496.86	1458.62	0.0	0.0	0.0
PTHR10683	3318.0	3241.54	42.0	61.65	80.52
PTHR11540	1492.0	1415.54	8.0	27.06	35.35
PTHR10836	7546.11	7163.82	643.35	1435.18	1874.33
PTHR10835	2533.01	2494.77	1.0	0.88	1.15
PTHR11545	3529.12	3376.2	55.0	123.07	160.73
PTHR10012	710.75	672.58	0.0	0.0	0.0
PTHR13768	1173.5	1135.27	0.0	0.0	0.0
PTHR24078	17028.5	16569.83	0.0	0.0	0.0
PTHR11946	22464.49	21891.18	27.0	40.83	53.33
PTHR11947	2344.75	2268.29	0.0	0.0	0.0
PTHR11941	8586.87	8319.29	0.0	0.0	0.0
PTHR24072	3030.5	2954.04	90.0	145.79	190.4
PTHR10496	437.0	398.77	76.0	426.81	557.41
PTHR10491	1536.5	1498.27	0.0	0.0	0.0
PTHR24076	15603.71	14992.11	20.0	31.41	41.02
PTHR24077	11761.78	11303.05	1.0	2.66	3.47
PTHR11726	1397.0	1320.54	161.0	405.57	529.67
PTHR11727	2023.0	1946.54	0.0	0.0	0.0
PTHR11721	989.0	950.77	11.0	25.59	33.42
PTHR11722	1179.0	1140.77	45.0	87.13	113.78
PTHR10120	3155.5	3079.07	0.0	0.0	0.0
PTHR11831	2868.67	2677.65	275.0	1914.22	2499.95
PTHR11835	5020.67	4905.97	12.0	15.5	20.23
PTHR11614	14360.33	14054.49	5.0	5.16	6.75
PTHR11615	4718.5	4603.81	10.0	8.39	10.96
PTHR11618	3379.12	3226.2	0.0	0.0	0.0
PTHR32419	6247.5	6094.6	0.0	0.0	0.0
PTHR10231	6087.48	5934.54	1.0	1.54	2.01
PTHR10233	4013.0	3860.12	1.0	1.38	1.8
PTHR31503	3647.07	3570.61	7.0	8.46	11.06
PTHR23147	1594.0	1517.54	0.0	0.0	0.0
PTHR23140	3472.89	3396.43	0.0	0.0	0.0
PTHR23142	1739.25	1662.79	2.0	7.26	9.48
PTHR23149	497.57	459.36	0.0	0.0	0.0
PTHR23148	1210.0	1171.77	1.0	1.88	2.46
PTHR11361	20999.77	20235.26	2.0	3.2	4.18
PTHR11056	2960.0	2883.54	3.0	3.07	4.01
PTHR11055	3157.0	3080.54	14.0	19.26	25.16
PTHR32523	2102.13	2025.67	0.0	0.0	0.0
PTHR10540	3373.0	3258.31	2.0	4.01	5.23
PTHR22767	7793.0	7716.54	2.0	1.33	1.73
PTHR12629	1364.0	1287.58	0.0	0.0	0.0
PTHR18945	10266.98	9923.0	0.0	0.0	0.0
PTHR26402	6183.0	5953.62	5.0	17.12	22.36
PTHR19384	9460.33	9039.79	193.02	404.94	528.85
PTHR12714	3441.67	3326.99	1.0	2.12	2.76
PTHR32251	2842.05	2727.36	0.0	0.0	0.0
PTHR12570	2094.0	2017.54	0.0	0.0	0.0
PTHR21494	2215.0	2138.56	0.0	0.0	0.0
PTHR21496	3352.27	3237.57	1.0	3.38	4.42
PTHR21141	3961.0	3808.08	29.0	80.76	105.48
PTHR21499	7720.67	7491.28	8.57	10.16	13.26
PTHR21148	1844.67	1768.23	0.0	0.0	0.0
PTHR12083	1515.33	1477.1	0.0	0.0	0.0
PTHR13355	3329.17	3214.49	0.0	0.0	0.0
PTHR13976	4321.38	4168.45	2.0	4.01	5.23
PTHR19852	2679.0	2602.54	2.0	2.91	3.8
PTHR16128	2991.5	2915.04	0.0	0.0	0.0
PTHR12400	869.0	830.77	0.0	0.0	0.0
PTHR12403	1669.47	1593.0	4.0	12.92	16.87
PTHR13572	1897.5	1859.27	0.0	0.0	0.0
PTHR30314	3987.54	3911.08	2.0	2.47	3.23
PTHR12882	925.67	887.43	0.0	0.0	0.0
PTHR12883	1870.0	1831.77	1.96	2.35	3.07
PTHR16255	724.17	685.93	0.0	0.0	0.0
PTHR16254	9925.8	9696.42	9.0	5.24	6.85
PTHR22960	2273.57	2197.11	1.0	2.32	3.04
PTHR13373	635.0	596.77	0.0	0.0	0.0
PTHR13375	1373.0	1296.54	0.0	0.0	0.0
PTHR22967	4417.0	4302.31	1.0	1.07	1.4
PTHR19858	3411.67	3335.2	0.0	0.0	0.0
PTHR30222	859.0	820.77	0.0	0.0	0.0
PTHR13115	1868.0	1791.54	0.0	0.0	0.0
PTHR13117	2210.56	2172.33	0.0	0.0	0.0
PTHR12975	3466.0	3313.08	0.0	0.0	0.0
PTHR13285	716.0	677.77	0.0	0.0	0.0
PTHR13288	1086.0	1047.77	0.0	0.0	0.0
PTHR10953	17872.17	17260.53	4.0	4.64	6.07
PTHR10954	2402.53	2326.06	0.0	0.0	0.0
PTHR21726	4034.7	3881.81	0.0	0.0	0.0
PTHR10956	1433.0	1318.31	42.0	146.9	191.84
PTHR11538	3389.0	3274.31	3.0	5.53	7.23
PTHR10826	949.5	873.04	0.0	0.0	0.0
PTHR21493	18830.78	18295.69	0.0	0.0	0.0
PTHR11533	5541.83	5427.15	29.0	20.64	26.96
PTHR11532	1392.33	1354.11	0.0	0.0	0.0
PTHR10000	4265.33	4112.53	0.0	0.0	0.0
PTHR13021	585.0	546.79	0.0	0.0	0.0
PTHR12290	534.75	496.6	0.0	0.0	0.0
PTHR12295	7192.0	6962.62	12.0	20.4	26.63
PTHR24007	3979.5	3788.37	4.0	8.82	11.52
PTHR24003	14558.19	14061.27	32.0	32.88	42.94
PTHR31446	3403.75	3289.08	0.0	0.0	0.0
PTHR31190	6304.36	6113.2	0.0	0.0	0.0
PTHR11441	1097.75	1059.54	0.0	0.0	0.0
PTHR11440	5391.07	5199.94	1.0	1.29	1.69
PTHR11999	8777.52	8471.71	245.0	313.07	408.86
PTHR11449	1313.0	1236.54	1045.66	6737.15	8798.64
PTHR11994	2376.0	2261.32	554.0	3559.77	4649.03
PTHR10133	6564.67	6411.82	0.0	0.0	0.0
PTHR21649	11464.86	10967.87	9922.74	23329.24	30467.75
PTHR13620	3894.33	3741.41	0.0	0.0	0.0
PTHR11705	1244.5	1206.27	0.0	0.0	0.0
PTHR11847	1287.0	1248.77	214.58	379.26	495.31
PTHR11843	1267.0	1190.54	226.0	1296.54	1693.27
PTHR13138	597.0	558.77	0.0	0.0	0.0
PTHR11662	11708.67	11364.6	1.0	0.95	1.24
PTHR11669	4844.57	4653.42	0.0	0.0	0.0
PTHR11668	18953.08	18494.36	93.01	122.68	160.22
PTHR20856	11998.78	11769.44	12.0	10.05	13.13
PTHR20854	7927.38	7697.99	4.0	3.58	4.68
PTHR20855	4360.0	4245.31	2.0	1.86	2.43
PTHR20852	5364.47	5096.85	275.0	699.87	914.03
PTHR32404	4798.75	4607.61	1.0	1.11	1.44
PTHR20858	322.0	283.78	0.0	0.0	0.0
PTHR11918	4483.2	4330.28	1.0	1.39	1.82
PTHR10634	3061.0	2984.54	1.0	1.47	1.92
PTHR11709	18267.0	17655.36	1.0	0.91	1.18
PTHR14898	1815.0	1776.77	0.0	0.0	0.0
PTHR14237	3990.33	3837.4	0.0	0.0	0.0
PTHR23155	200874.25	193535.76	3.0	3.05	3.98
PTHR23153	2490.6	2375.91	0.0	0.0	0.0
PTHR23151	11667.7	11208.93	35.0	105.78	138.15
PTHR11063	2775.0	2698.54	7.0	15.88	20.74
PTHR11062	67737.88	65291.37	3.0	5.76	7.53
PTHR11061	4473.1	4167.48	0.0	0.0	0.0
PTHR11065	3605.0	3528.54	3.0	4.73	6.17
PTHR11064	1809.0	1732.54	18.0	42.88	56.0
PTHR11260	15410.51	14875.29	19.0	39.41	51.48
PTHR11264	1165.83	1127.6	0.0	0.0	0.0
PTHR11266	5773.33	5544.02	0.0	0.0	0.0
PTHR13501	1447.3	1409.07	0.0	0.0	0.0
PTHR31998	5259.0	5144.31	99.02	78.93	103.09
PTHR31221	21404.4	20563.5	1.0	3.2	4.18
PTHR15838	461.0	422.77	0.0	0.0	0.0
PTHR12850	1045.32	968.86	187.0	1245.21	1626.23
PTHR32338	1635.0	1596.77	9.0	12.42	16.22
PTHR23270	5945.0	5677.39	0.0	0.0	0.0
PTHR31155	1741.0	1702.77	51.0	65.98	86.17
PTHR12363	4604.0	4489.31	0.0	0.0	0.0
PTHR20932	743.0	704.77	0.0	0.0	0.0
PTHR18952	3662.0	3547.32	2.0	15.63	20.41
PTHR10552	1036.5	998.27	0.0	0.0	0.0
PTHR12765	607.75	569.52	0.0	0.0	0.0
PTHR22603	1164.5	1126.27	0.0	0.0	0.0
PTHR12506	2025.0	1910.31	0.0	0.0	0.0
PTHR22604	6436.83	6207.46	0.0	0.0	0.0
PTHR21481	3366.0	3289.54	1.0	0.81	1.06
PTHR22778	691.0	652.77	0.0	0.0	0.0
PTHR19446	472.0	433.77	0.0	0.0	0.0
PTHR12219	766.0	727.77	1.0	3.05	3.98
PTHR13561	589.0	550.8	0.0	0.0	0.0
PTHR13563	1462.6	1424.37	0.0	0.0	0.0
PTHR12210	9141.41	8912.03	2.0	3.08	4.02
PTHR12215	1561.51	1485.05	0.0	0.0	0.0
PTHR12214	1550.0	1473.54	0.0	0.0	0.0
PTHR12189	1865.4	1788.94	1.0	3.4	4.44
PTHR22911	6511.0	6358.08	0.0	0.0	0.0
PTHR22912	13569.88	13302.26	67.0	85.29	111.39
PTHR12183	8834.45	8490.43	0.0	0.0	0.0
PTHR19849	2486.0	2371.31	0.0	0.0	0.0
PTHR22594	10128.33	9860.72	5.0	4.9	6.4
PTHR11864	3000.0	2847.1	2.0	4.76	6.22
PTHR21152	5556.0	5441.31	9.0	10.55	13.77
PTHR30075	1977.0	1900.55	0.0	0.0	0.0
PTHR11632	3802.01	3687.31	1.0	1.43	1.87
PTHR13102	2101.08	2024.62	0.0	0.0	0.0
PTHR12984	3219.71	3143.25	1.0	1.09	1.42
PTHR11630	14695.0	14198.05	5.0	4.97	6.49
PTHR12302	640.0	601.77	0.0	0.0	0.0
PTHR13299	903.31	865.08	0.0	0.0	0.0
PTHR12652	4585.0	4470.31	10.0	15.4	20.11
PTHR10925	3503.5	3350.59	8.0	11.53	15.05
PTHR21737	3853.25	3738.61	1.0	0.82	1.06
PTHR10920	7248.2	6980.6	5.0	8.3	10.84
PTHR10584	10549.69	10243.91	3.0	4.03	5.27
PTHR11528	8117.0	7964.08	163.0	294.71	384.88
PTHR11527	7617.83	7235.65	1.0	2.3	3.0
PTHR10859	6686.17	6418.71	0.0	0.0	0.0
PTHR10589	2539.0	2462.54	7.0	10.8	14.1
PTHR10588	1656.86	1580.45	0.0	0.0	0.0
PTHR13038	1110.0	1033.54	0.0	0.0	0.0
PTHR13748	5439.46	5248.32	8.0	14.4	18.81
PTHR13743	13208.83	12711.93	21.0	24.69	32.24
PTHR24015	86485.68	83618.66	10.0	18.77	24.51
PTHR24012	21055.23	20214.2	2.0	4.74	6.2
PTHR24011	31306.32	30236.0	22.0	41.33	53.98
PTHR31187	2142.0	2103.77	39.0	40.8	53.28
PTHR19139	1554.0	1515.77	0.0	0.0	0.0
PTHR21145	1282.5	1244.27	0.0	0.0	0.0
PTHR10458	686.2	647.97	0.0	0.0	0.0
PTHR10108	32712.31	31718.37	18.0	22.02	28.78
PTHR11986	10318.89	10089.54	11.0	14.83	19.37
PTHR11455	7178.0	6910.4	2.0	2.92	3.81
PTHR10102	2404.0	2365.77	0.0	0.0	0.0
PTHR11458	681.0	642.77	0.0	0.0	0.0
PTHR10106	1074.0	997.54	0.0	0.0	0.0
PTHR30544	5060.0	4907.08	0.0	0.0	0.0
PTHR31057	2464.5	2311.58	0.0	0.0	0.0
PTHR20982	1360.39	1322.16	10.0	16.69	21.79
PTHR11851	24454.37	23919.12	38.0	51.8	67.66
PTHR23092	6388.54	6121.02	0.0	0.0	0.0
PTHR23091	11306.6	10847.99	0.0	0.0	0.0
PTHR11673	1595.0	1518.54	59.0	210.48	274.9
PTHR11670	8786.0	8594.85	52.0	53.92	70.42
PTHR11671	1199.0	1160.77	2.0	3.8	4.97
PTHR20863	2834.0	2719.31	0.0	0.0	0.0
PTHR20861	3062.2	2947.55	1.0	1.47	1.92
PTHR11679	13336.93	13031.09	0.0	0.0	0.0
PTHR14009	4905.64	4790.95	0.0	0.0	0.0
PTHR10217	21116.53	20696.02	1.05	0.54	0.71
PTHR14005	3763.0	3686.54	30.0	69.48	90.74
PTHR10210	4597.33	4444.41	4.0	5.74	7.5
PTHR31522	1535.0	1496.77	0.0	0.0	0.0
PTHR14221	882.5	806.06	0.0	0.0	0.0
PTHR11079	7238.12	7046.94	1.0	1.14	1.49
PTHR11076	5252.8	5099.92	0.0	0.0	0.0
PTHR11070	4114.23	3961.48	0.0	0.0	0.0
PTHR11071	19346.29	18619.96	160.07	344.57	450.0
PTHR11278	964.0	925.77	36.0	86.04	112.37
PTHR11276	1236.0	1159.56	0.0	0.0	0.0
PTHR11274	2575.0	2498.55	7.68	7.62	9.95
PTHR14136	3256.5	3141.81	0.0	0.0	0.0
PTHR31984	6159.0	6006.08	2.0	2.21	2.89
PTHR15350	2854.0	2777.54	0.0	0.0	0.0
PTHR31695	3235.0	3196.77	1.0	0.69	0.9
PTHR15606	2012.33	1935.87	0.0	0.0	0.0
PTHR12374	1522.5	1446.04	2.0	7.94	10.37
PTHR12375	1364.0	1325.77	0.0	0.0	0.0
PTHR12378	2417.0	2340.54	1.0	1.83	2.39
PTHR18929	11952.44	11570.15	34.0	128.82	168.24
PTHR12777	619.0	580.77	13.0	49.8	65.04
PTHR12775	2036.5	1960.04	1.99	2.97	3.88
PTHR16092	2886.0	2847.77	48.0	37.05	48.39
PTHR12406	1353.71	1315.48	0.0	0.0	0.0
PTHR11035	1072.0	1033.77	0.0	0.0	0.0
PTHR22298	14118.28	13659.59	2.0	1.95	2.54
PTHR12174	3996.83	3843.91	1.0	1.67	2.17
PTHR12175	2299.0	2222.54	0.0	0.0	0.0
PTHR12176	9687.55	9419.93	0.0	0.0	0.0
PTHR22769	2933.75	2819.06	0.0	0.0	0.0
PTHR10293	5489.0	5336.08	4.0	9.41	12.28
PTHR22765	3956.25	3879.79	13.0	11.95	15.6
PTHR22762	5745.0	5668.54	1.0	0.73	0.95
PTHR22763	2263.5	2148.89	0.0	0.0	0.0
PTHR22761	2171.36	2094.91	5.0	8.35	10.91
PTHR21231	3436.17	3321.47	2.0	3.39	4.43
PTHR21230	4450.15	4297.23	0.0	0.0	0.0
PTHR21234	1024.0	985.77	0.0	0.0	0.0
PTHR21237	2441.89	2365.42	0.0	0.0	0.0
PTHR12202	1628.5	1513.81	0.0	0.0	0.0
PTHR12203	3809.0	3656.08	0.0	0.0	0.0
PTHR19857	501.0	462.77	0.0	0.0	0.0
PTHR22904	24182.98	23303.82	5.0	11.37	14.84
PTHR19855	1938.0	1899.77	0.0	0.0	0.0
PTHR13353	457.5	419.29	0.0	0.0	0.0
PTHR19853	1605.0	1528.54	1.0	3.8	4.96
PTHR15362	2425.0	2348.54	0.0	0.0	0.0
PTHR12197	10092.18	9557.06	1.0	3.26	4.26
PTHR13822	618.5	580.27	0.0	0.0	0.0
PTHR21319	5077.0	4962.31	2.0	2.64	3.44
PTHR10732	889.0	850.77	36.0	93.71	122.38
PTHR10738	1477.0	1438.77	5.0	7.66	10.01
PTHR10739	1574.0	1497.54	0.0	0.0	0.0
PTHR12992	1058.0	1019.77	0.0	0.0	0.0
PTHR22836	2194.0	2117.54	0.0	0.0	0.0
PTHR22880	7247.5	7094.58	3.0	1.91	2.49
PTHR10938	2151.26	2074.8	0.0	0.0	0.0
PTHR10934	1238.0	1161.54	32.0	152.01	198.52
PTHR11510	2309.0	2270.77	6.0	5.81	7.59
PTHR11516	6332.5	6141.35	49.0	65.66	85.74
PTHR10025	3261.51	3108.59	21.99	49.67	64.87
PTHR10026	7781.66	7590.58	2.0	2.44	3.18
PTHR10027	3662.08	3509.19	0.0	0.0	0.0
PTHR13009	2790.0	2675.31	0.0	0.0	0.0
PTHR13007	937.0	898.77	0.0	0.0	0.0
PTHR30115	1966.0	1889.54	0.0	0.0	0.0
PTHR10598	923.0	884.77	0.0	0.0	0.0
PTHR17901	766.0	727.77	0.0	0.0	0.0
PTHR24351	656.0	617.77	2.0	7.2	9.4
PTHR20981	1244.0	1167.54	27.6	121.67	158.89
PTHR24352	550.0	511.77	1.0	4.36	5.69
PTHR11467	1822.0	1745.61	0.0	0.0	0.0
PTHR10119	7291.0	7099.85	13.0	18.1	23.64
PTHR10114	805.5	767.27	0.0	0.0	0.0
PTHR10110	9459.23	9268.12	2.0	1.82	2.38
PTHR11469	4697.0	4620.54	13.0	12.85	16.8
PTHR10445	779.0	740.77	0.0	0.0	0.0
PTHR11863	5369.33	5178.18	1.0	1.48	1.93
PTHR24286	4091.0	3976.31	0.0	0.0	0.0
PTHR23429	3760.0	3683.54	6.0	7.18	9.38
PTHR23426	1584.0	1507.57	1.0	4.04	5.28
PTHR10593	4694.58	4541.66	1.0	1.63	2.13
