GeneFamily	length	effective_length	expected_count	TPM	FPKM
PTHR11649	14013.22	13601.05	4156.5	340.74	278.98
PTHR31089	1691.5	1650.28	493.1	34.89	28.56
PTHR31085	11537.91	11331.81	2950.13	161.78	132.45
PTHR11647	3891.93	3768.27	731.0	69.04	56.53
PTHR11645	3550.0	3426.34	2524.28	235.41	192.75
PTHR11880	2308.9	2185.24	5685.98	807.44	661.07
PTHR11885	2268.0	2144.34	2665.0	384.96	315.17
PTHR10209	10674.37	10427.05	3149.88	206.51	169.08
PTHR32429	5493.68	5370.02	5683.67	446.4	365.49
PTHR31423	1448.0	1406.78	267.0	22.18	18.16
PTHR31551	1645.29	1562.86	395.01	41.82	34.24
PTHR32195	3291.93	3209.49	344.0	22.79	18.65
PTHR11081	6900.34	6653.07	463.0	33.19	27.16
PTHR11080	2241.66	2159.23	175.0	21.34	17.47
PTHR11082	7811.76	7564.48	1025.87	80.61	66.0
PTHR11085	4159.33	3953.31	366.0	51.42	42.1
PTHR11089	11365.73	10912.37	1668.99	199.55	163.39
PTHR32518	2679.87	2597.44	921.04	50.57	41.4
PTHR11247	4548.15	4383.27	528.0	46.86	38.37
PTHR11246	13842.15	13553.61	2176.57	135.55	110.99
PTHR32512	4210.0	4127.56	205.0	11.71	9.59
PTHR23088	5863.01	5698.13	1236.79	96.09	78.68
PTHR23089	4935.36	4770.48	1715.65	184.83	151.32
PTHR23081	7669.72	7546.06	928.95	42.19	34.54
PTHR23083	43525.02	42082.61	8647.11	660.44	540.72
PTHR23084	5525.28	5319.2	1297.88	116.52	95.4
PTHR23086	4670.0	4546.34	410.0	31.02	25.39
PTHR18806	2320.0	2237.56	206.0	21.04	17.23
PTHR31953	3517.33	3352.55	585.02	74.79	61.23
PTHR15184	12819.43	12489.69	17692.63	1065.58	872.45
PTHR15341	1168.79	1127.59	221.0	22.93	18.78
PTHR32357	5411.31	5287.65	2454.99	145.64	119.25
PTHR12696	5220.0	5055.16	1565.01	79.32	64.94
PTHR12341	1953.62	1912.41	461.0	28.13	23.03
PTHR15160	3891.23	3767.58	9459.54	1037.33	849.31
PTHR18937	17052.08	16722.32	1371.55	65.51	53.65
PTHR18934	40554.4	39235.53	3398.23	273.27	223.74
PTHR12742	1274.0	1232.78	168.03	15.94	13.05
PTHR12741	17904.94	17369.13	2277.46	115.79	94.79
PTHR19288	4677.54	4553.88	783.7	60.76	49.76
PTHR12975	4351.0	4268.56	548.09	30.18	24.71
PTHR13902	11888.75	11682.66	2689.05	131.6	107.75
PTHR13903	7498.32	7292.22	755.0	55.92	45.8
PTHR22753	8567.0	8278.47	605.57	53.67	43.94
PTHR30615	1026.0	984.78	470.0	55.92	45.78
PTHR21220	1837.19	1795.97	80.0	5.2	4.26
PTHR22938	2111.0	1905.07	83.0	23.37	19.13
PTHR21597	4510.0	4427.56	228.0	11.9	9.75
PTHR22931	8990.5	8825.65	2903.0	125.15	102.46
PTHR22936	9860.63	9572.1	1172.0	108.87	89.12
PTHR31038	2402.37	2319.93	1201.0	114.5	93.75
PTHR13832	38536.83	37423.94	26490.85	1796.87	1471.18
PTHR31319	3654.21	3530.56	781.0	79.37	64.98
PTHR21136	10344.05	10014.3	3575.0	326.73	267.51
PTHR12526	45850.53	44655.27	16339.22	1078.75	883.21
PTHR13120	1411.58	1329.14	134.87	22.7	18.58
PTHR22809	2421.0	2338.56	79.0	8.22	6.73
PTHR22807	8153.0	7905.69	475.22	39.4	32.24
PTHR20661	1373.04	1290.62	70.0	11.21	9.18
PTHR10900	7772.56	7484.07	551.0	57.81	47.33
PTHR10906	6716.29	6510.26	2665.0	176.93	144.86
PTHR10909	17383.92	17012.94	18994.88	1040.0	851.49
PTHR10055	4016.0	3892.35	782.0	56.64	46.37
PTHR10057	3327.66	3204.0	890.0	98.21	80.4
PTHR10052	2225.0	2101.35	2632.0	360.95	295.52
PTHR13017	1553.0	1511.78	47.0	3.63	2.97
PTHR13018	26391.7	25732.22	3393.11	270.79	221.69
PTHR10694	7227.45	6938.92	532.05	53.85	44.08
PTHR12839	5693.96	5570.37	1970.72	178.42	146.09
PTHR12835	1579.8	1538.58	246.0	18.68	15.29
PTHR24031	79184.8	76547.16	18804.29	1401.22	1147.25
PTHR24032	1443.0	1401.78	76.0	6.34	5.19
PTHR23291	4147.91	3983.05	4676.99	443.64	363.22
PTHR24349	233963.09	227368.4	75310.87	5186.16	4246.13
PTHR24619	5330.0	5206.34	1511.99	93.7	76.72
PTHR24343	10517.55	10187.9	7068.99	509.7	417.32
PTHR11472	12412.21	11958.88	237.98	18.66	15.27
PTHR24347	21788.55	21129.08	4483.02	305.7	250.27
PTHR11476	3664.0	3499.18	403.0	40.49	33.15
PTHR11477	4326.0	4161.18	275.0	27.94	22.87
PTHR24305	2189.0	2106.56	235.0	26.9	22.04
PTHR10476	4259.0	4094.12	1147.45	115.27	94.39
PTHR24290	8060.74	7854.65	2621.94	156.88	128.44
PTHR12730	2389.0	2306.56	156.0	17.18	14.07
PTHR23413	948.0	906.78	3226.02	417.11	341.51
PTHR23417	4765.0	4641.34	171.0	16.44	13.46
PTHR23416	5781.49	5616.62	692.0	64.61	52.91
PTHR23415	847.0	805.78	196.0	28.55	23.38
PTHR12736	1834.0	1792.78	55.0	3.58	2.93
PTHR23418	1061.0	1019.78	1719.0	197.43	161.65
PTHR10877	5848.5	5683.64	5444.21	316.68	259.27
PTHR11879	6925.65	6760.77	11994.29	790.25	647.01
PTHR31096	6430.74	6224.64	5856.45	413.39	338.45
PTHR11655	4098.0	3891.91	6707.85	787.46	644.73
PTHR11652	1183.0	1100.6	4433.98	649.64	531.88
PTHR10436	10769.75	10357.55	389.0	42.36	34.69
PTHR20883	2603.0	2520.56	2892.93	287.58	235.46
PTHR11895	6497.0	6332.12	1016.0	53.7	43.98
PTHR10277	8199.96	8035.08	2868.0	169.91	139.11
PTHR14027	2331.0	2248.59	202.65	20.37	16.68
PTHR12320	10656.85	10450.75	3984.49	230.88	189.04
PTHR24095	19189.76	18653.98	8700.18	381.73	312.55
PTHR24093	79492.97	76937.82	40614.51	2463.48	2016.94
PTHR23180	20323.65	19746.62	7623.61	649.56	531.83
PTHR14593	4873.45	4708.64	371.0	40.07	32.8
PTHR11093	4085.6	3961.95	335.0	23.42	19.17
PTHR11096	1691.0	1526.23	66.0	19.6	16.05
PTHR23346	14318.78	13989.09	2056.58	105.51	86.37
PTHR11099	2684.0	2601.56	573.01	52.89	43.3
PTHR10309	1913.0	1871.78	848.0	52.87	43.28
PTHR14107	2731.66	2690.44	372.0	16.11	13.19
PTHR11252	5447.0	5282.12	1245.0	94.97	77.75
PTHR11254	16642.43	16147.91	4199.34	236.78	193.86
PTHR11255	7265.38	7141.72	7097.0	274.8	224.98
PTHR14110	3793.0	3628.12	1892.0	249.96	204.65
PTHR14374	2439.0	2315.35	78.15	12.66	10.36
PTHR18838	5931.87	5643.45	941.01	130.06	106.48
PTHR12687	1300.0	1258.78	65.0	6.04	4.94
PTHR15157	3512.15	3388.5	430.0	43.42	35.55
PTHR18901	10765.73	10435.99	5368.01	400.74	328.09
PTHR12755	3578.69	3413.85	210.0	23.69	19.4
PTHR12750	3573.12	3408.26	710.59	84.35	69.07
PTHR12753	1934.0	1851.59	441.23	33.58	27.49
PTHR15574	4148.1	3942.02	696.0	97.83	80.11
PTHR22790	3574.36	3450.7	301.0	36.18	29.61
PTHR16266	4787.59	4581.54	221.0	26.11	21.39
PTHR31811	2630.33	2506.69	90.0	12.52	10.26
PTHR12358	8768.49	8562.39	1265.0	85.54	70.05
PTHR22748	3237.0	3154.56	187.0	13.92	11.39
PTHR12356	2324.03	2241.59	300.0	30.4	24.88
PTHR12221	2815.13	2691.49	298.0	40.11	32.83
PTHR19879	2249.0	2166.56	102.0	10.71	8.78
PTHR12226	4466.93	4343.27	1087.05	90.4	74.0
PTHR19876	8152.0	7945.91	4412.25	208.92	171.05
PTHR19877	3908.24	3743.39	1705.99	141.26	115.65
PTHR31442	3414.88	3250.0	565.0	77.38	63.35
PTHR12538	1718.0	1594.37	2616.18	459.24	375.99
PTHR12537	6648.96	6484.08	1419.07	95.07	77.83
PTHR12532	1374.0	1332.78	225.0	19.74	16.16
PTHR13486	900.53	859.31	190.0	25.94	21.23
PTHR20275	3535.0	3493.78	1310.5	43.68	35.76
PTHR13489	1746.0	1663.57	72.0	9.31	7.62
PTHR17583	3347.42	3182.55	172.0	25.56	20.93
PTHR13572	1675.0	1633.78	144.0	10.29	8.43
PTHR24198	6590.0	6301.51	467.0	61.82	50.6
PTHR10048	15512.02	15141.12	1783.0	95.15	77.92
PTHR24193	9239.42	8909.68	4060.0	378.16	309.61
PTHR10044	3360.0	3236.34	792.0	82.97	67.93
PTHR10687	3866.18	3701.32	1678.85	149.9	122.73
PTHR13069	7041.08	6834.98	710.02	64.15	52.52
PTHR13068	11418.24	11129.7	1731.0	121.29	99.31
PTHR10682	3150.49	3026.86	963.99	73.08	59.83
PTHR10683	4132.0	4008.34	8832.42	604.42	494.86
PTHR12829	1226.0	1143.58	62.0	13.36	10.94
PTHR12820	2930.46	2765.64	517.0	38.85	31.81
PTHR12826	1036.0	994.78	179.0	21.08	17.26
PTHR12827	2597.0	2390.98	162.0	36.6	29.97
PTHR17920	2109.0	2067.78	277.0	15.63	12.79
PTHR10137	1701.0	1659.78	667.0	46.92	38.42
PTHR11405	9031.0	8866.12	8253.0	392.94	321.73
PTHR11404	2334.52	2252.12	1546.44	178.07	145.79
PTHR11406	1573.9	1532.69	5414.17	412.62	337.83
PTHR13468	2941.0	2858.57	2405.72	113.77	93.15
PTHR23406	8248.53	8042.44	7922.75	445.04	364.38
PTHR23407	1060.55	1019.34	377.0	43.32	35.47
PTHR10869	30170.47	29057.58	48646.84	4672.59	3825.66
PTHR31717	3220.0	3137.56	316.0	21.07	17.24
PTHR13393	1947.0	1905.78	100.0	6.12	5.01
PTHR15169	1197.0	1114.58	29.0	6.09	4.99
PTHR11315	5143.16	5019.51	2496.02	161.66	132.36
PTHR10139	1809.0	1726.56	50.0	6.88	5.63
PTHR10264	7624.98	7377.67	3212.0	308.66	252.72
PTHR10263	7507.57	7177.84	5437.82	591.13	484.0
PTHR12506	2335.0	2293.78	1756.04	89.26	73.08
PTHR31155	1582.27	1541.05	5266.0	399.14	326.79
PTHR32170	3534.0	3410.34	372.0	40.93	33.51
PTHR23350	1059.0	1017.78	100.0	11.51	9.42
PTHR23354	7483.58	7359.92	1277.0	60.07	49.18
PTHR23355	11828.68	11416.52	847.0	97.63	79.94
PTHR23359	12013.34	11642.42	4749.0	341.63	279.71
PTHR11227	6887.76	6722.88	1505.0	85.01	69.6
PTHR11220	8692.73	8362.97	2076.0	214.49	175.62
PTHR11223	5543.9	5337.9	1899.22	181.72	148.79
PTHR11229	3392.57	3268.92	2346.01	225.92	184.96
PTHR10314	15843.74	15349.12	10226.97	1068.29	874.65
PTHR14303	1124.2	1082.98	360.0	38.92	31.86
PTHR23309	4449.92	4285.04	3911.07	483.83	396.14
PTHR23308	5960.0	5753.91	2299.99	216.2	177.0
PTHR11139	31001.14	30176.88	1995.0	145.61	119.23
PTHR15362	1511.0	1428.58	125.0	16.1	13.18
PTHR11132	44040.76	42845.46	28745.75	1993.54	1632.23
PTHR11134	8413.39	8207.29	2086.96	116.63	95.5
PTHR11136	2883.29	2800.85	240.0	18.09	14.82
PTHR32374	1600.0	1558.78	944.0	70.73	57.91
PTHR31579	3488.0	3405.56	3402.0	213.56	174.85
PTHR32379	1398.0	1356.78	69.0	5.94	4.87
PTHR18919	8213.0	7965.68	9342.51	1200.41	982.84
PTHR32002	15780.17	15244.36	3774.51	232.15	190.07
PTHR14413	1733.92	1651.48	1390.62	183.36	150.13
PTHR22893	3241.0	3117.34	207.0	20.12	16.47
PTHR10778	3148.0	3065.56	544.0	42.6	34.87
PTHR13789	31586.71	30886.04	13749.39	670.35	548.83
PTHR12786	5018.0	4770.72	1675.0	149.53	122.44
PTHR12782	1572.0	1530.78	142.0	10.84	8.87
PTHR11742	13425.0	13136.46	2095.0	131.55	107.71
PTHR13923	4728.35	4481.09	667.0	82.7	67.71
PTHR11210	2740.2	2657.76	729.01	81.1	66.4
PTHR12321	1185.65	1144.43	632.62	64.69	52.96
PTHR25040	12508.36	12137.39	10819.49	842.65	689.93
PTHR12323	1909.79	1827.36	149.0	16.02	13.11
PTHR16201	9805.09	9516.56	1099.0	94.4	77.29
PTHR21015	4362.43	4279.99	725.0	39.06	31.98
PTHR16196	788.0	746.78	66.0	10.38	8.5
PTHR16193	953.0	911.78	15.0	1.93	1.58
PTHR22792	6223.48	6017.38	1580.0	169.75	138.97
PTHR21680	3231.33	3148.89	812.02	61.68	50.5
PTHR21689	6523.26	6440.82	217.0	8.09	6.63
PTHR21113	4929.92	4765.04	313.0	29.54	24.19
PTHR19316	2977.15	2894.71	309.0	27.74	22.71
PTHR21663	2479.35	2396.95	867.08	78.63	64.38
PTHR13253	13646.67	13193.25	4460.98	450.78	369.07
PTHR21206	1190.39	1149.17	198.0	20.16	16.51
PTHR10072	6333.29	6127.2	6731.84	642.74	526.23
PTHR10071	5994.3	5829.42	3017.4	179.44	146.91
PTHR24188	8946.87	8740.77	944.0	59.28	48.53
PTHR13780	16888.29	16352.78	5948.07	449.04	367.64
PTHR10670	7344.0	7137.9	439.0	34.13	27.94
PTHR10677	2441.0	2276.13	218.0	45.25	37.06
PTHR13078	2142.71	2019.11	443.02	54.24	44.41
PTHR12815	5405.19	5281.66	1971.08	123.94	101.48
PTHR12814	1932.0	1849.56	159.0	19.66	16.09
PTHR24361	46368.08	45049.09	6864.25	524.33	429.25
PTHR24362	17328.1	16751.14	1470.01	110.86	90.75
PTHR10416	1429.0	1346.56	134.0	23.37	19.13
PTHR10410	7484.0	7236.68	2644.0	223.14	182.7
PTHR10783	3963.28	3798.43	418.06	53.62	43.89
PTHR10782	7917.03	7669.73	395.0	31.58	25.87
PTHR13476	1272.82	1231.6	198.0	18.8	15.4
PTHR10788	9985.22	9779.12	2879.86	212.41	173.92
PTHR10891	31796.93	30766.51	8526.46	635.1	519.99
PTHR10890	5653.0	5529.34	876.0	65.54	53.66
PTHR20426	974.0	932.78	75.0	9.42	7.72
PTHR23213	13570.0	13116.65	1640.0	113.29	92.76
PTHR10520	5152.39	5028.73	2920.13	213.61	174.89
PTHR10250	2833.91	2710.25	1092.94	150.3	123.05
PTHR10527	20843.68	20225.49	2560.0	161.65	132.36
PTHR31384	14488.54	14117.66	1697.13	87.75	71.83
PTHR10098	2158.0	2075.56	404.01	32.35	26.49
PTHR10091	1349.69	1308.47	232.0	20.73	16.97
PTHR31140	1845.84	1804.63	259.0	16.75	13.71
PTHR31412	5442.0	5318.34	459.0	31.91	26.13
PTHR11787	3506.38	3382.77	3671.15	234.5	192.0
PTHR11785	32794.21	31887.43	9519.11	735.03	601.83
PTHR11782	6278.48	6072.39	1385.4	114.74	93.95
PTHR31419	2286.24	2245.02	630.0	32.72	26.79
PTHR11780	3422.0	3298.35	2821.0	159.41	130.51
PTHR32497	1925.0	1842.56	310.0	39.44	32.29
PTHR13600	1694.26	1653.05	233.0	16.46	13.47
PTHR21141	5000.32	4711.87	12331.05	1813.38	1484.7
PTHR32148	4172.0	3965.93	5857.97	823.3	674.07
PTHR23324	6457.88	6334.22	3197.0	180.0	147.38
PTHR23327	4370.0	4205.13	787.0	98.9	80.98
PTHR23326	6102.0	5937.12	570.0	41.27	33.8
PTHR23321	2902.8	2779.15	271.0	35.06	28.71
PTHR23323	7173.0	6843.28	774.01	97.23	79.63
PTHR23322	8025.23	7736.73	789.0	75.42	61.73
PTHR23329	5198.16	5074.5	211.0	14.76	12.08
PTHR11236	6141.76	5935.66	489.0	38.37	31.42
PTHR10322	11205.0	10792.86	206.0	18.29	14.99
PTHR11239	3199.18	3075.52	518.0	62.63	51.26
PTHR10803	6035.16	5911.5	967.0	53.2	43.56
PTHR13803	11353.0	11064.51	1650.77	76.26	62.44
PTHR31964	24113.4	23289.0	45973.24	4333.44	3547.97
PTHR10552	1706.93	1624.49	240.0	27.96	22.89
PTHR23030	3046.0	3004.78	799.99	31.01	25.39
PTHR11129	3594.0	3429.12	310.55	48.67	39.85
PTHR15316	3819.0	3654.2	846.95	65.44	53.58
PTHR11127	1643.09	1519.64	3597.2	573.86	469.84
PTHR11125	3779.0	3614.12	811.0	95.55	78.23
PTHR10855	3624.0	3541.56	1486.0	95.29	78.02
PTHR31566	2378.11	2336.89	550.59	27.47	22.49
PTHR31567	1545.0	1503.78	878.0	68.21	55.84
PTHR31561	3013.0	2889.41	325.0	17.51	14.34
PTHR15137	2650.0	2567.56	24.0	2.49	2.04
PTHR14950	3062.0	2979.56	50.0	4.16	3.41
PTHR22939	18076.33	17622.94	3629.26	249.55	204.34
PTHR11264	1519.0	1477.78	118.0	9.33	7.64
PTHR15954	2712.0	2670.78	428.0	18.67	15.29
PTHR15952	3782.51	3741.29	297.0	9.24	7.57
PTHR21319	5117.69	5035.25	984.2	48.47	39.68
PTHR30612	7183.0	7100.56	1634.0	56.13	45.96
PTHR19271	3252.29	3128.63	39.0	4.39	3.6
PTHR22932	1133.56	1092.34	1569.0	168.15	137.67
PTHR19861	1251.0	1209.78	286.0	27.65	22.64
PTHR12029	8718.58	8430.04	1078.98	92.67	75.87
PTHR12233	1320.68	1279.46	178.0	16.27	13.32
PTHR22780	11270.0	11063.9	2771.71	111.04	90.91
PTHR30535	5098.33	4933.45	1134.0	95.13	77.88
PTHR11952	2445.38	2321.75	1575.0	131.28	107.48
PTHR21477	5227.14	5062.26	635.0	63.04	51.62
PTHR19308	8319.43	8154.56	4304.44	309.38	253.3
PTHR16301	1159.62	1077.2	100.0	21.84	17.89
PTHR13265	2122.37	2039.93	397.7	41.26	33.79
PTHR22870	25891.0	25025.52	4410.66	480.58	393.44
PTHR17630	1908.0	1825.56	1315.0	175.14	143.4
PTHR10064	1389.0	1306.57	2449.99	403.0	329.95
PTHR10066	2847.0	2640.95	103.0	24.1	19.74
PTHR10060	2216.0	2133.56	146.0	14.06	11.51
PTHR10663	36184.94	35484.21	6099.86	273.1	223.58
PTHR10666	7258.34	6969.81	37888.07	4328.06	3543.55
PTHR10668	13487.08	13116.17	3240.14	224.37	183.7
PTHR12801	1911.0	1828.56	101.0	12.78	10.47
PTHR12802	2367.08	2243.44	243.0	32.83	26.88
PTHR12805	1531.43	1490.21	127.96	10.03	8.21
PTHR12806	1142.07	1100.85	117.0	12.44	10.19
PTHR21091	18839.67	18345.07	14564.12	882.39	722.46
PTHR21090	6216.33	6051.51	2442.51	149.64	122.52
PTHR21228	6210.23	6086.59	647.0	42.32	34.65
PTHR24314	5886.0	5721.12	1272.0	85.94	70.36
PTHR11933	1040.0	998.78	63.0	7.39	6.05
PTHR24316	9963.39	9551.28	4614.88	372.2	304.74
PTHR11426	4697.11	4449.85	4372.15	583.42	477.67
PTHR11937	15874.72	15421.37	16113.8	1121.09	917.91
PTHR11938	9636.77	9307.04	8301.6	678.05	555.13
PTHR21139	2302.0	2178.37	1521.06	143.14	117.2
PTHR13683	32857.05	31909.08	6543.78	412.26	337.52
PTHR24089	71351.22	69166.66	22242.39	1900.54	1556.09
PTHR10796	2186.0	2144.78	1529.06	83.14	68.07
PTHR10794	7565.53	7400.65	1443.0	95.85	78.49
PTHR10795	8985.82	8697.35	1238.0	114.41	93.68
PTHR10792	3924.0	3717.92	3054.94	439.52	359.86
PTHR10799	79968.0	77783.65	7537.46	467.92	383.09
PTHR10882	1208.0	1166.78	91.0	9.13	7.47
PTHR10887	50370.62	48886.93	3128.81	233.62	191.27
PTHR11686	4509.0	4344.17	1064.0	129.99	106.43
PTHR11685	2620.31	2537.88	1456.0	133.53	109.33
PTHR11680	8621.0	8414.97	8789.21	532.88	436.29
PTHR24221	33500.31	32634.89	11363.79	664.79	544.25
PTHR24220	9040.28	8710.53	1638.0	149.33	122.27
PTHR24223	53116.5	51179.54	40794.21	3779.56	3094.55
PTHR11689	21159.06	20788.09	2497.0	95.43	78.13
PTHR10252	2971.33	2847.67	1396.99	156.92	128.46
PTHR10537	2037.0	1995.78	71.0	4.15	3.4
PTHR13124	1575.0	1533.78	208.0	15.84	12.97
PTHR31173	3014.0	2972.78	510.0	19.99	16.36
PTHR10099	4717.0	4634.56	1990.0	112.93	92.46
PTHR10997	19749.52	19296.12	3922.69	212.43	173.92
PTHR31356	9540.08	9251.55	6987.0	563.87	461.65
PTHR31352	14908.24	14619.7	8248.73	477.42	390.89
PTHR31350	3122.83	3040.4	2726.97	203.88	166.93
PTHR11758	1205.0	1122.56	508.0	107.17	87.74
PTHR23333	1864.0	1781.57	169.0	17.82	14.59
PTHR11203	11427.36	11097.63	1284.95	104.99	85.95
PTHR11753	4315.0	4108.91	1104.2	143.86	117.78
PTHR11200	17750.25	17461.71	4848.67	232.86	190.65
PTHR24423	81438.56	79501.38	115676.76	3696.33	3026.33
PTHR11206	15848.27	15559.73	3033.99	148.13	121.28
PTHR23338	2729.0	2564.14	785.0	101.72	83.28
PTHR23339	3824.0	3741.56	924.0	48.23	39.48
PTHR10332	1973.23	1932.01	116.0	7.01	5.74
PTHR14145	3884.0	3801.56	1199.0	77.8	63.7
PTHR12561	1094.43	1053.22	120.0	13.34	10.92
PTHR15744	2003.27	1879.62	71.09	13.11	10.73
PTHR23023	2583.0	2500.62	89.0	4.64	3.8
PTHR31385	3028.09	2945.65	1052.0	79.95	65.46
PTHR31142	3059.73	2936.07	1250.04	114.94	94.11
PTHR21294	1489.0	1447.78	942.0	76.03	62.25
PTHR11119	6286.76	6121.88	1920.04	133.81	109.54
PTHR31595	2467.0	2384.56	57.0	5.49	4.5
PTHR31596	1113.0	1071.78	55.0	6.01	4.92
PTHR15948	1532.07	1490.85	160.0	12.54	10.27
PTHR32026	45091.0	43854.51	13262.37	1034.93	847.3
PTHR31829	1450.0	1408.78	1381.0	114.56	93.79
PTHR22846	1290.0	1248.78	83.0	7.77	6.36
PTHR19241	61864.56	60133.68	19399.21	1332.88	1091.31
PTHR15239	2128.0	2004.36	112.0	17.3	14.15
PTHR12497	2232.0	2190.78	306.0	16.29	13.34
PTHR12652	2987.0	2904.56	1887.0	142.11	116.35
PTHR12304	3138.0	3055.56	1020.52	70.64	57.84
PTHR30540	2841.0	2799.78	405.0	16.85	13.8
PTHR13302	2936.0	2812.35	487.0	63.53	52.01
PTHR12472	1863.0	1821.78	159.0	10.19	8.34
PTHR13308	1301.55	1219.16	339.0	57.99	47.48
PTHR12477	5856.93	5692.05	2984.82	170.94	139.95
PTHR13878	2695.0	2653.78	260.0	11.42	9.35
PTHR21461	41995.98	40965.49	7866.95	540.58	442.63
PTHR13872	9042.0	8712.27	5179.53	530.88	434.64
PTHR22849	14942.89	14489.52	3007.36	203.58	166.67
PTHR21314	1463.77	1422.56	76.98	6.32	5.18
PTHR13271	47253.69	45728.69	10193.53	872.46	714.27
PTHR22841	2067.0	1943.38	31.0	3.84	3.15
PTHR22847	37655.75	36460.54	4245.2	436.39	357.31
PTHR22844	11436.48	11065.54	2791.17	196.49	160.85
PTHR31606	1280.0	1238.78	480.0	45.32	37.1
PTHR23284	1791.0	1749.78	383.61	25.59	20.95
PTHR21266	9366.23	9160.14	4611.53	278.5	228.0
PTHR12271	8953.81	8788.93	1153.0	51.24	41.96
PTHR21262	10336.06	10047.53	1646.0	131.59	107.73
PTHR12276	4920.0	4837.56	1671.0	79.84	65.36
PTHR10657	1752.0	1669.56	921.26	142.66	116.81
PTHR16557	1986.0	1944.78	289.02	17.34	14.2
PTHR10655	1456.0	1414.78	624.0	51.54	42.2
PTHR10652	4065.69	3900.82	3664.66	406.07	332.47
PTHR17972	3401.0	3236.13	161.0	22.28	18.23
PTHR21085	1966.0	1924.78	834.0	50.56	41.39
PTHR11922	7587.72	7381.62	1536.0	115.61	94.65
PTHR10438	22556.13	21690.54	17764.81	1977.79	1619.31
PTHR11926	5021.44	4856.57	513.0	32.8	26.84
PTHR11431	2824.0	2700.4	13014.71	1075.72	880.74
PTHR10434	3461.0	3378.56	840.0	60.99	49.93
PTHR24096	21699.35	21081.11	8989.93	608.25	498.01
PTHR13693	9728.6	9398.88	2493.69	154.39	126.41
PTHR13691	1849.0	1766.56	2871.21	309.53	253.43
PTHR24092	21778.72	21284.15	7608.44	400.13	327.61
PTHR13451	4466.92	4343.26	772.03	50.42	41.28
PTHR13452	498.0	456.79	39.0	10.1	8.27
PTHR13152	1696.0	1613.56	46.0	6.21	5.09
PTHR12901	1419.0	1377.78	88.0	7.47	6.11
PTHR12903	2882.0	2758.36	1992.33	184.9	151.39
PTHR23237	964.0	922.78	282.0	35.82	29.33
PTHR10501	5197.74	4991.64	1071.74	123.25	100.9
PTHR31169	1316.0	1274.78	225.0	20.64	16.9
PTHR12277	7026.09	6861.21	3515.97	209.07	171.18
PTHR10168	3865.0	3700.12	2451.52	303.02	248.1
PTHR14087	1452.0	1410.78	87.0	7.21	5.9
PTHR14085	855.92	814.71	116.89	16.84	13.78
PTHR31344	3900.0	3776.35	394.01	37.09	30.37
PTHR31619	1795.0	1753.78	1473.0	98.04	80.27
PTHR23306	3339.0	3215.35	214.0	18.0	14.74
PTHR23305	4807.57	4683.91	1389.01	104.51	85.56
PTHR14089	3023.0	2940.56	672.0	41.96	34.36
PTHR11748	5234.94	5111.28	443.0	24.94	20.42
PTHR11214	5959.7	5712.39	946.94	119.66	97.97
PTHR11216	8639.0	8432.9	1141.45	65.34	53.5
PTHR14154	11236.36	10700.61	4086.46	575.28	471.02
PTHR14155	37271.2	36117.09	8850.25	670.74	549.18
PTHR10343	12454.74	12042.56	3022.67	255.53	209.24
PTHR11699	18903.75	18409.15	7446.88	433.15	354.65
PTHR11692	2443.0	2401.78	1775.02	86.15	70.54
PTHR11693	3825.0	3618.95	5971.95	663.35	543.12
PTHR11695	21205.43	20545.91	7825.81	687.5	562.87
PTHR31760	1630.47	1589.25	158.0	11.61	9.51
PTHR31906	11261.54	10931.78	3736.77	350.36	286.88
PTHR21419	1778.0	1736.78	1308.0	87.91	71.98
PTHR23012	12510.14	12180.38	3160.16	226.16	185.16
PTHR11101	2044.0	2002.78	683.0	39.78	32.57
PTHR11102	14030.37	13659.39	4813.66	366.1	299.75
PTHR11106	5019.5	4854.63	644.98	49.8	40.76
PTHR31585	6164.55	5958.45	728.0	53.59	43.87
PTHR32125	2700.0	2617.56	1051.0	95.02	77.8
PTHR31588	5414.7	5291.04	1602.0	84.06	68.82
PTHR32120	1863.0	1821.78	116.0	7.43	6.08
PTHR15680	2434.0	2351.56	2197.0	217.51	178.09
PTHR10281	5388.0	5181.91	624.03	62.57	51.24
PTHR26312	7972.83	7766.73	3501.51	222.94	182.53
PTHR18895	2434.0	2351.56	92.0	8.16	6.68
PTHR12486	1121.78	1080.56	85.0	9.21	7.54
PTHR12480	5461.59	5214.3	591.92	76.0	62.21
PTHR12482	4963.56	4839.9	499.0	32.48	26.59
PTHR11042	5169.0	4880.5	126.0	21.31	17.44
PTHR11122	4741.95	4618.29	1887.0	143.3	117.33
PTHR12317	9630.03	9300.31	1353.9	90.46	74.07
PTHR12649	1592.0	1509.62	698.0	66.44	54.4
PTHR13992	653.0	611.78	32.0	6.16	5.04
PTHR12461	6049.64	5802.37	162.0	15.32	12.55
PTHR12466	2130.45	2089.23	255.0	14.24	11.66
PTHR13847	10689.21	10318.24	4743.93	395.88	324.11
PTHR22854	2898.02	2815.58	1132.05	87.91	71.98
PTHR12001	5961.07	5755.04	2002.0	180.56	147.83
PTHR21327	5847.0	5723.34	608.0	37.47	30.68
PTHR21631	5910.3	5786.64	14576.59	783.78	641.71
PTHR22855	7275.0	6986.53	10097.02	1182.26	967.97
PTHR22850	20054.47	19559.84	3326.93	217.26	177.88
PTHR22504	1128.0	1086.78	766.0	82.51	67.56
PTHR12189	3556.76	3474.32	388.0	25.74	21.07
PTHR21256	2301.0	2218.59	1204.08	73.74	60.37
PTHR12265	370.0	328.8	13.0	4.7	3.85
PTHR12266	5518.71	5353.83	1224.0	112.68	92.27
PTHR10648	7117.23	6869.92	4405.03	245.22	200.78
PTHR30178	2901.05	2777.43	5723.63	534.33	437.48
PTHR10641	22078.48	21419.06	1902.01	123.97	101.54
PTHR19842	1071.92	1030.72	56.0	6.36	5.21
PTHR10644	14295.0	13841.61	2541.37	148.7	121.74
PTHR12864	3692.0	3527.12	479.0	57.24	46.85
PTHR12860	2644.0	2520.35	652.0	72.14	59.07
PTHR13194	3022.3	2857.43	112.0	20.09	16.44
PTHR13190	1618.16	1535.72	73.0	12.0	9.82
PTHR13193	771.0	729.78	127.0	20.45	16.74
PTHR11913	1976.0	1893.56	4196.0	545.93	446.98
PTHR11911	8523.53	8235.05	17299.83	1596.18	1306.86
PTHR11910	2150.02	2067.58	5010.01	574.05	470.0
PTHR10871	4406.0	4199.9	6040.03	760.76	622.86
PTHR12919	885.46	844.24	225.0	31.27	25.6
PTHR12910	792.0	750.78	587.01	91.84	75.19
PTHR12917	3934.34	3810.68	1051.0	96.47	78.99
PTHR11351	2998.0	2915.56	563.0	37.28	30.52
PTHR11353	36991.0	36166.6	13237.58	814.57	666.91
PTHR11599	24421.0	23431.76	13864.94	1351.31	1106.35
PTHR10516	24281.44	23415.89	11931.15	1217.41	996.75
PTHR11592	5601.0	5394.91	3038.6	294.41	241.04
PTHR31724	3233.97	3110.31	538.65	62.01	50.77
PTHR13734	3689.65	3566.03	547.04	43.72	35.8
PTHR31098	5079.0	4955.35	3457.0	180.66	147.91
PTHR31620	7199.0	6992.9	1825.53	144.98	118.7
PTHR23315	75935.87	74122.32	24253.16	1525.1	1248.63
PTHR23316	6656.13	6491.25	3682.0	165.51	135.52
PTHR11778	3085.0	3002.56	820.98	65.24	53.42
PTHR11777	10023.21	9858.33	2559.27	127.5	104.39
PTHR11774	4940.54	4734.45	235.04	34.4	28.18
PTHR11773	5233.34	5027.26	2113.55	234.94	192.36
PTHR11772	10508.37	10261.05	16607.89	1215.39	995.1
PTHR10357	41826.27	40960.67	23236.49	1033.78	846.38
PTHR10353	15373.35	14796.44	3625.97	291.27	238.47
PTHR10350	3802.0	3595.94	500.95	71.57	58.61
PTHR10351	1598.87	1516.43	4363.93	592.23	484.89
PTHR32557	2087.0	2045.78	1024.09	58.39	47.81
PTHR10359	7265.82	7018.59	444.0	33.68	27.56
PTHR31750	1570.0	1528.78	157.0	12.0	9.82
PTHR14189	1419.0	1336.62	582.01	80.01	65.51
PTHR32228	1481.0	1439.78	89.0	7.22	5.91
PTHR31245	1413.85	1331.41	372.06	65.92	53.97
PTHR23001	4508.97	4344.09	3335.0	244.15	199.89
PTHR23002	3622.74	3457.87	789.0	70.37	57.63
PTHR11177	4202.45	4078.79	452.02	41.5	33.97
PTHR10445	1318.0	1276.78	220.0	20.15	16.5
PTHR11178	3834.44	3669.57	1539.93	171.94	140.79
PTHR14456	1590.0	1507.58	85.0	15.76	12.91
PTHR31808	1958.0	1875.56	889.0	112.05	91.74
PTHR31803	4496.74	4373.08	1795.0	115.71	94.73
PTHR11009	3380.0	3297.56	439.0	31.74	25.99
PTHR30075	3842.0	3759.56	218.0	13.22	10.83
PTHR19229	18396.91	17737.51	2672.2	193.54	158.46
PTHR14255	5623.28	5499.65	425.0	32.29	26.44
PTHR11482	8588.0	8464.34	28658.65	916.12	750.07
PTHR11005	9794.65	9464.92	1043.81	69.45	56.86
PTHR11006	9328.41	9081.11	2740.99	258.61	211.74
PTHR18640	2493.89	2370.27	69.0	9.93	8.13
PTHR18866	13807.94	13437.05	5466.07	387.88	317.56
PTHR12022	831.0	789.78	942.0	140.02	114.64
PTHR15074	4509.0	4426.56	1562.0	82.84	67.82
PTHR15588	2459.76	2336.1	598.66	80.54	65.95
PTHR12677	7269.4	7022.08	1011.0	87.7	71.82
PTHR19134	4146.78	4064.34	775.0	43.96	35.99
PTHR19139	1957.0	1874.57	92.0	8.8	7.2
PTHR30566	2840.0	2757.56	158.0	15.96	13.08
PTHR12456	1202.12	1160.91	86.0	8.67	7.1
PTHR12452	832.0	790.78	143.0	21.23	17.38
PTHR13343	5773.0	5566.9	1025.02	101.73	83.29
PTHR19359	2572.31	2407.46	639.0	87.0	71.23
PTHR12072	3083.52	2959.87	309.02	40.5	33.15
PTHR13218	575.0	533.78	72.0	15.91	13.03
PTHR13215	1477.31	1436.09	1078.0	87.71	71.82
PTHR13213	3133.0	2968.13	63.0	8.95	7.31
PTHR21530	4121.0	4038.56	467.0	25.44	20.82
PTHR12295	7937.0	7772.12	884.0	59.8	48.96
PTHR12298	3188.47	2982.4	238.0	47.42	38.83
PTHR10638	5205.0	5122.56	1866.0	84.79	69.42
PTHR10634	3453.0	3329.34	6270.75	545.96	447.01
PTHR10631	4737.93	4573.07	453.0	37.16	30.43
PTHR10984	8590.97	8220.03	1262.84	156.01	127.74
PTHR12858	4115.0	3991.34	311.0	26.82	21.96
PTHR13505	1416.68	1334.3	324.0	36.04	29.5
PTHR12850	1703.0	1579.38	4123.52	697.43	571.02
PTHR12856	2466.0	2383.56	140.0	13.94	11.4
PTHR12855	630.0	588.78	24.0	4.8	3.93
PTHR12854	586.0	544.78	40.0	8.66	7.09
PTHR13182	2489.97	2366.34	336.0	29.53	24.18
PTHR10182	2829.51	2747.07	3239.92	310.55	254.26
PTHR10743	3017.0	2893.34	354.0	36.43	29.83
PTHR10742	21379.25	20802.24	3960.85	258.38	211.55
PTHR10745	2931.0	2848.57	1478.9	75.18	61.55
PTHR10744	4207.21	4001.11	4864.23	613.6	502.38
PTHR10746	3079.0	2996.56	2570.5	236.33	193.5
PTHR12924	1393.0	1351.78	1004.0	86.82	71.08
PTHR11659	2056.0	2014.78	402.29	23.29	19.07
PTHR11525	1676.0	1634.78	291.87	20.85	17.07
PTHR11349	5115.0	4826.48	1013.43	132.96	108.85
PTHR10566	37731.03	36700.73	4435.11	314.37	257.37
PTHR10293	5586.0	5297.49	2575.04	360.98	295.54
PTHR10291	1907.0	1865.78	161.0	10.07	8.24
PTHR11584	8676.57	8511.69	1822.0	85.43	69.96
PTHR11586	1144.0	1102.78	463.0	49.15	40.24
PTHR11918	6332.33	6208.67	594.79	31.28	25.61
PTHR11909	10021.76	9692.0	6339.52	448.58	367.28
PTHR24320	7203.31	6914.78	540.01	64.24	52.58
PTHR24322	25683.18	24817.65	4606.82	371.27	304.01
PTHR11907	2195.0	2153.78	2100.95	113.76	93.14
PTHR11760	1844.0	1761.57	3909.99	367.81	301.14
PTHR11761	1004.0	921.58	2199.0	624.85	511.59
PTHR11766	1859.0	1817.78	931.0	59.77	48.94
PTHR11767	10146.39	9899.08	1389.92	73.66	60.32
PTHR10361	9748.38	9501.08	2569.96	207.42	169.83
PTHR10366	40131.87	38936.58	59960.23	4453.43	3646.23
PTHR10169	9734.64	9528.55	1394.34	85.01	69.6
PTHR32442	2058.0	2016.78	834.0	48.24	39.5
PTHR20973	1513.46	1472.24	81.0	6.43	5.26
PTHR10165	4103.78	3980.13	533.99	52.82	43.25
PTHR31032	3420.0	3337.56	875.04	61.27	50.16
PTHR23257	43716.57	42439.12	9050.08	646.27	529.11
PTHR23253	6696.0	6325.06	2215.0	296.51	242.76
PTHR14190	3107.0	3065.78	428.0	16.26	13.31
PTHR14194	9605.62	9317.08	2841.32	229.93	188.25
PTHR31251	7521.0	7397.34	718.0	33.98	27.82
PTHR23074	18653.26	18282.3	3754.34	208.51	170.73
PTHR23077	17767.76	17273.12	9142.18	659.89	540.3
PTHR23076	35139.47	34191.44	14867.62	989.69	810.32
PTHR23073	14119.0	13624.38	8169.67	620.32	507.87
PTHR12560	4469.4	4345.74	385.78	25.37	20.77
PTHR23078	3378.2	3254.54	934.0	63.26	51.8
PTHR11165	2087.0	2004.56	1718.75	199.69	163.49
PTHR32100	7931.83	7643.3	793.0	64.53	52.83
PTHR14534	1497.59	1456.37	159.98	12.83	10.51
PTHR14445	2498.0	2415.58	98.0	9.42	7.72
PTHR23109	4299.36	4175.7	266.51	23.25	19.04
PTHR23102	4605.53	4481.87	779.0	56.3	46.1
PTHR23105	12053.51	11517.69	16413.69	2181.58	1786.17
PTHR11010	6125.0	5877.77	815.04	48.46	39.68
PTHR11014	10389.28	10183.18	3161.27	180.68	147.93
PTHR14152	2119.0	2036.56	110.0	9.41	7.7
PTHR12668	3326.0	3202.34	1664.0	170.45	139.55
PTHR12661	1370.21	1328.99	123.0	10.82	8.86
PTHR12663	6317.71	6111.62	513.0	60.44	49.48
PTHR12664	1370.0	1328.78	166.0	14.6	11.96
PTHR16166	29509.21	29097.05	5655.04	210.62	172.46
PTHR12111	3228.39	3145.95	546.0	41.73	34.16
PTHR12446	2847.6	2723.94	348.05	43.33	35.47
PTHR12447	2104.0	2021.56	323.0	39.09	32.01
PTHR15481	676.0	634.78	3.0	0.56	0.46
PTHR26379	2125.0	2083.78	471.0	26.36	21.59
PTHR12599	2557.86	2475.42	1166.0	110.04	90.09
PTHR12596	7131.68	6966.8	1326.0	71.35	58.42
PTHR12590	1537.0	1454.56	103.0	16.4	13.42
PTHR12066	1634.89	1470.12	100.33	29.81	24.42
PTHR12064	3300.0	3176.34	126.0	13.65	11.18
PTHR13226	1103.66	1062.44	217.0	23.91	19.58
PTHR13889	5998.12	5792.02	1018.09	116.32	95.24
PTHR13887	2596.37	2472.78	352.0	39.87	32.63
PTHR21181	2169.0	2086.56	467.0	59.38	48.62
PTHR13948	2463.27	2339.65	101.0	15.75	12.9
PTHR10459	6998.0	6709.49	338.0	27.93	22.86
PTHR12146	2030.0	1906.35	2815.57	574.21	470.13
PTHR10458	2653.1	2570.66	507.0	48.43	39.65
PTHR19306	5947.32	5864.88	819.0	33.82	27.68
PTHR21506	2890.0	2848.78	276.0	11.29	9.24
PTHR12280	4615.0	4408.96	1474.0	131.16	107.38
PTHR12281	3091.0	2926.14	1052.27	89.18	73.01
PTHR12286	4051.0	3927.38	810.0	50.81	41.61
PTHR30573	3005.0	2922.56	335.0	26.33	21.55
PTHR22983	4580.67	4457.04	405.0	20.42	16.72
PTHR22981	10343.87	10137.78	11597.16	483.79	396.11
PTHR10947	3170.0	3087.56	954.0	55.06	45.08
PTHR30191	5154.86	4948.81	2535.0	294.3	240.96
PTHR13082	731.0	689.78	267.17	45.54	37.28
PTHR10629	11019.0	10730.47	691.0	51.04	41.78
PTHR10994	47012.0	45693.03	16398.62	1074.15	879.44
PTHR10996	11365.36	11035.61	3076.82	196.3	160.71
PTHR10625	13242.0	12871.02	1384.29	112.34	91.97
PTHR10992	53501.26	51934.95	17506.26	1510.38	1236.61
PTHR10993	1795.17	1712.74	221.05	24.03	19.68
PTHR17695	4723.0	4434.56	278.0	45.88	37.57
PTHR12848	5841.74	5759.3	411.0	18.75	15.36
PTHR12849	2557.66	2475.23	249.0	14.42	11.81
PTHR21712	1361.0	1319.78	80.0	7.09	5.8
PTHR12847	6211.05	6004.95	1632.04	147.52	120.79
PTHR12841	993.0	951.78	198.0	24.38	19.96
PTHR21290	1412.41	1371.19	84.0	7.16	5.86
PTHR21349	1424.0	1382.78	176.0	14.88	12.18
PTHR21347	2598.57	2516.13	719.31	43.08	35.27
PTHR21343	2324.0	2282.78	181.0	9.24	7.57
PTHR10196	7806.0	7641.12	2206.0	109.97	90.05
PTHR10192	1837.0	1713.36	77.0	15.85	12.97
PTHR10751	12395.74	12107.21	1134.0	64.23	52.58
PTHR10755	2605.0	2522.56	1083.0	81.0	66.33
PTHR10758	4002.0	3878.34	1763.0	150.27	123.03
PTHR10759	1840.0	1716.36	3921.16	599.47	490.81
PTHR12932	1446.4	1405.18	2890.74	240.41	196.83
PTHR12934	2072.24	1989.81	3225.83	320.44	262.35
PTHR11451	10222.08	10016.0	3757.99	213.13	174.5
PTHR10288	6357.12	5986.29	2126.88	292.41	239.4
PTHR11800	2762.69	2680.26	827.17	70.7	57.88
PTHR11802	12732.0	12237.4	2992.0	219.73	179.91
PTHR11804	10050.0	9843.9	2530.85	176.43	144.45
PTHR11807	5981.79	5858.13	452.53	27.12	22.2
PTHR11374	3419.12	3336.68	10567.99	655.07	536.34
PTHR11808	6397.37	6150.14	1369.58	86.88	71.12
PTHR10283	13789.84	13460.09	2873.19	179.32	146.81
PTHR10285	16794.82	16300.18	9737.09	928.26	760.0
PTHR10286	31029.1	30410.83	3294.97	242.67	198.68
PTHR11579	1844.0	1802.78	985.0	63.77	52.21
PTHR13355	3939.98	3816.32	575.0	56.67	46.4
PTHR13718	5856.79	5568.3	6488.62	701.05	573.98
PTHR13711	7476.61	7229.31	627.0	47.2	38.65
PTHR13710	17280.89	16786.26	604.35	48.61	39.79
PTHR11977	7677.65	7595.21	2498.92	75.09	61.48
PTHR22970	885.0	802.59	15.0	4.66	3.82
PTHR11972	4814.7	4567.49	1269.08	101.58	83.17
PTHR31480	1828.0	1786.78	160.0	10.45	8.56
PTHR31485	13779.61	13449.85	2530.03	154.7	126.65
PTHR11715	936.0	894.78	845.0	110.73	90.66
PTHR11717	3559.96	3436.3	1127.06	115.41	94.5
PTHR11711	14473.57	13937.72	14481.36	1574.49	1289.12
PTHR11712	7644.38	7438.28	1341.0	88.84	72.75
PTHR10374	5572.03	5407.19	5349.08	369.27	302.33
PTHR10178	2419.2	2336.79	72.0	4.5	3.68
PTHR20961	43265.7	42070.43	6521.85	496.63	406.62
PTHR10173	6508.57	6220.03	3662.97	458.22	375.18
PTHR10177	8321.69	8115.59	2111.0	133.82	109.55
PTHR10174	14162.48	13709.14	3182.95	296.25	242.55
PTHR23249	1542.0	1459.56	326.0	57.29	46.91
PTHR23244	17338.0	16802.2	2316.72	150.12	122.91
PTHR23245	3719.0	3512.93	103.0	15.94	13.06
PTHR23240	3192.0	3068.34	31.0	3.43	2.82
PTHR14614	5048.38	4842.28	191.15	22.62	18.53
PTHR31268	3191.0	3149.78	1891.0	69.93	57.25
PTHR31262	1672.34	1589.9	53058.26	7728.93	6328.01
PTHR23063	1995.0	1953.78	2239.95	133.76	109.51
PTHR11620	807.98	766.76	2070.0	317.03	259.57
PTHR11624	12101.27	11689.13	16643.92	1192.01	975.93
PTHR11627	6990.54	6743.26	22681.64	2242.7	1836.18
PTHR11390	7132.93	6885.61	475.0	48.25	39.52
PTHR14052	1401.0	1359.78	92.0	7.91	6.47
PTHR32118	1994.0	1952.78	6380.03	381.18	312.09
PTHR23117	4651.0	4486.14	868.0	55.09	45.1
PTHR23115	53968.4	52608.22	77019.58	4635.66	3795.43
PTHR11028	1442.68	1401.46	1767.0	147.35	120.64
PTHR11024	2972.47	2890.03	1348.45	113.66	93.06
PTHR15081	1935.05	1852.61	205.0	26.11	21.39
PTHR12616	1814.47	1773.25	276.0	18.17	14.87
PTHR12613	2047.0	2005.78	342.84	19.94	16.33
PTHR12612	1255.0	1172.57	1070.02	191.15	156.51
PTHR32060	4921.0	4838.56	2230.1	106.39	87.1
PTHR12126	3741.0	3617.34	2678.5	201.52	164.99
PTHR12124	7721.22	7473.91	446.0	43.42	35.53
PTHR22734	3872.84	3707.98	250.0	20.82	17.05
PTHR12121	11345.12	11056.62	1627.0	80.81	66.18
PTHR12438	1875.0	1792.56	142.0	18.91	15.48
PTHR15492	304.0	262.85	4.0	1.82	1.49
PTHR21426	3195.0	3153.78	380.0	14.03	11.49
PTHR21427	1918.0	1876.78	308.0	19.15	15.68
PTHR19372	3236.0	3153.57	243.0	11.09	9.08
PTHR19370	10488.84	10159.18	4183.4	198.49	162.52
PTHR19376	15026.0	14490.16	2107.02	150.71	123.4
PTHR19375	23741.06	22916.83	7989.63	527.72	432.06
PTHR12725	4120.13	3996.47	990.0	95.24	77.97
PTHR13890	11100.36	10688.21	1556.0	167.34	137.0
PTHR22883	13508.61	13096.43	3042.02	236.92	193.95
PTHR22880	4153.57	3988.71	1733.04	153.68	125.83
PTHR12542	26345.64	25727.36	6393.98	404.19	330.91
PTHR12547	2439.55	2315.9	267.0	31.0	25.38
PTHR12436	2940.35	2775.5	213.0	30.88	25.29
PTHR10114	1704.0	1580.38	3211.11	526.81	431.32
PTHR21512	2311.36	2270.14	694.38	35.66	29.2
PTHR30508	4161.69	4079.25	3245.35	186.34	152.56
PTHR14744	1506.09	1464.88	192.0	15.31	12.54
PTHR30502	2029.0	1987.78	50.0	2.93	2.4
PTHR10617	9404.05	9074.34	39834.36	2678.76	2193.22
PTHR10615	4304.09	4180.43	433.0	27.11	22.21
PTHR13527	1192.0	1150.78	37.0	3.76	3.08
PTHR22958	1940.97	1858.54	896.03	73.5	60.18
PTHR22951	4429.0	4346.56	1050.0	53.28	43.62
PTHR22950	22053.08	21558.47	6222.99	338.91	277.47
PTHR22953	9814.19	9443.26	1912.68	112.67	92.23
PTHR22952	30882.7	30058.46	25104.81	1770.33	1449.44
PTHR22957	24290.52	23466.18	5241.75	407.55	333.66
PTHR21600	3270.0	3187.56	386.0	28.32	23.19
PTHR24056	19700.47	19164.65	5512.94	317.67	260.09
PTHR24054	1897.0	1814.56	612.33	64.56	52.85
PTHR24055	15672.97	15137.18	6492.6	580.04	474.91
PTHR24058	6764.66	6682.22	1863.08	66.97	54.83
PTHR10766	21782.65	21081.92	17763.42	1197.46	980.42
PTHR10762	3492.0	3368.34	536.0	33.38	27.33
PTHR30031	4785.41	4661.75	132580.57	10048.18	8226.88
PTHR12945	1957.0	1874.56	188.0	24.05	19.69
PTHR12944	1714.57	1632.13	192.94	25.71	21.06
PTHR24128	3775.26	3651.6	1303.0	103.35	84.61
PTHR13096	3108.0	3025.56	240.0	14.97	12.26
PTHR11364	1678.0	1636.78	977.0	69.7	57.07
PTHR11365	4245.0	4162.56	324.0	19.02	15.57
PTHR10548	5769.0	5480.5	1142.71	163.18	133.62
PTHR11817	13962.71	13674.17	15829.32	819.15	670.68
PTHR11814	12580.31	12209.43	9506.05	753.78	617.14
PTHR11363	1885.51	1844.29	6149.57	389.12	318.59
PTHR10543	4407.37	4324.97	607.0	31.43	25.73
PTHR11819	5967.84	5844.18	10579.23	569.86	466.57
PTHR13931	2582.44	2500.07	435.0	29.12	23.84
PTHR10544	1515.0	1432.57	2344.0	335.14	274.4
PTHR11562	9769.25	9521.95	1952.07	136.11	111.44
PTHR11566	17013.35	16724.85	4905.62	241.42	197.66
PTHR11567	2924.0	2800.34	536.0	62.66	51.31
PTHR11564	8498.0	8250.7	2945.96	220.54	180.56
PTHR11962	3374.52	3292.08	757.97	57.71	47.24
PTHR11963	1798.29	1757.07	1027.0	68.23	55.86
PTHR24315	1405.42	1364.2	702.0	60.15	49.25
PTHR10381	11548.92	11177.94	9696.17	867.46	710.23
PTHR10383	3339.05	3256.61	568.12	36.16	29.6
PTHR11932	11170.1	10964.01	3402.0	183.09	149.9
PTHR11702	11796.85	11343.52	1942.86	194.04	158.88
PTHR11700	2332.0	2208.35	3831.62	592.57	485.16
PTHR10388	1550.55	1468.11	4374.25	609.65	499.16
PTHR11709	28836.5	28177.03	10836.94	472.42	386.79
PTHR11070	10880.47	10674.38	1309.0	68.71	56.26
PTHR10145	3639.0	3556.57	472.0	36.99	30.29
PTHR23273	2217.0	2134.56	214.0	24.21	19.82
PTHR23163	3178.0	3136.78	1540.0	57.18	46.82
PTHR23050	2272.0	2107.15	9866.47	1218.38	997.55
PTHR23056	2586.04	2503.61	1649.89	157.04	128.58
PTHR23054	10025.0	9695.24	2246.0	227.68	186.41
PTHR11638	17290.85	16837.46	14559.26	772.37	632.38
PTHR31783	5216.0	5174.78	945.0	21.25	17.4
PTHR11632	5868.1	5744.44	3573.51	205.83	168.52
PTHR11630	18078.49	17501.48	1482.0	120.95	99.04
PTHR11140	9436.02	9106.4	3481.02	98.08	80.29
PTHR11141	8928.63	8763.75	1169.1	51.57	42.21
PTHR11142	9487.72	9116.81	619.29	62.99	51.58
PTHR11143	2362.0	2238.35	3065.2	416.79	341.24
PTHR11380	520.0	478.79	137.0	33.81	27.68
PTHR11384	14346.33	13851.8	2173.0	156.21	127.89
PTHR32477	4214.0	4172.78	623.0	17.38	14.23
PTHR14043	5835.0	5546.54	820.95	109.85	89.95
PTHR32472	1097.0	1055.78	25.0	2.77	2.27
PTHR31658	3976.0	3852.34	309.0	28.46	23.31
PTHR22884	35760.87	34606.79	1707.01	156.61	128.18
PTHR23125	53775.14	52621.08	30305.83	1646.68	1348.22
PTHR12050	888.82	847.6	609.0	84.29	69.01
PTHR19211	31132.43	30019.76	204276.02	6652.12	5446.39
PTHR12608	6117.53	5911.48	1147.0	91.3	74.75
PTHR12604	2847.0	2723.36	117.0	19.34	15.84
PTHR12603	6933.94	6851.5	1666.04	58.39	47.81
PTHR32091	2628.0	2504.35	371.0	54.51	44.64
PTHR32098	1728.0	1686.78	260.0	18.0	14.73
PTHR18763	1029.0	987.78	55.0	6.52	5.34
PTHR22726	955.0	913.78	74.0	9.49	7.77
PTHR22727	8115.0	8032.56	2387.97	67.69	55.42
PTHR12428	4898.48	4774.82	855.0	70.23	57.5
PTHR18968	9789.5	9459.76	5794.27	420.43	344.23
PTHR12735	2526.4	2402.74	1226.0	168.22	137.73
PTHR15020	4281.0	4157.34	1072.0	89.65	73.4
PTHR12049	2791.01	2667.35	282.03	38.99	31.92
PTHR12558	7732.34	7485.02	805.0	75.64	61.91
PTHR12553	12697.17	12326.2	1311.0	99.72	81.65
PTHR24072	4841.62	4635.53	4178.6	394.53	323.02
PTHR10496	1927.0	1803.36	3849.97	561.01	459.32
PTHR21569	5641.0	5393.69	5803.17	717.51	587.46
PTHR21567	6104.0	6021.56	464.0	36.61	29.98
PTHR13950	1367.0	1284.56	126.0	23.26	19.04
PTHR12133	1311.0	1269.78	43.0	3.96	3.24
PTHR10972	5662.62	5538.97	1274.14	75.94	62.17
PTHR21704	5654.76	5613.54	957.0	19.83	16.24
PTHR10606	5604.0	5480.35	490.0	27.73	22.7
PTHR10971	3524.44	3400.78	547.0	57.08	46.74
PTHR22942	10136.49	9806.79	3445.71	272.35	222.99
PTHR13395	1715.0	1673.78	37.0	2.58	2.11
PTHR22891	13657.12	13286.2	1958.99	174.54	142.91
PTHR21368	2025.0	1942.56	1942.0	225.62	184.73
PTHR24067	27699.44	26627.78	10961.65	1074.1	879.42
PTHR24064	11488.11	11117.15	1547.0	127.2	104.17
PTHR24063	22304.37	21438.94	2482.58	224.57	183.87
PTHR21011	2936.0	2812.34	2036.07	263.8	215.99
PTHR10772	3181.0	3016.14	2555.31	327.54	268.17
PTHR10774	40907.02	39629.24	20616.09	1897.01	1553.13
PTHR24068	3582.0	3375.94	1327.0	158.71	129.94
PTHR19980	1359.0	1317.78	58.0	5.15	4.21
PTHR12959	1084.28	1043.06	345.0	38.73	31.71
PTHR24115	30506.12	29681.91	2625.68	190.88	156.33
PTHR10961	1547.85	1506.63	107.0	8.3	6.79
PTHR11825	14014.9	13602.7	3593.85	351.17	287.51
PTHR10809	1509.0	1467.78	1257.96	100.13	81.98
PTHR11822	3971.04	3847.38	4667.05	305.56	250.18
PTHR10555	4137.0	4013.34	378.99	33.39	27.33
PTHR10806	467.0	425.79	276.0	76.74	62.83
PTHR10804	18706.36	18005.87	7122.73	591.09	483.93
PTHR11556	5922.08	5757.2	10236.35	813.41	665.97
PTHR22838	2587.0	2504.56	475.0	44.94	36.79
PTHR11558	3441.0	3358.56	1015.0	76.19	62.38
PTHR13773	1677.0	1594.56	397.99	58.26	47.7
PTHR11953	3354.86	3231.2	1004.44	109.48	89.64
PTHR11956	3977.0	3770.97	795.0	72.74	59.55
PTHR11959	3602.56	3520.12	1852.0	115.85	94.85
PTHR11739	3709.0	3626.56	3854.0	225.12	184.32
PTHR11732	21612.73	20912.03	9916.97	904.55	740.63
PTHR11731	11387.0	11180.9	4414.13	243.52	199.38
PTHR11730	7446.0	7322.34	6005.6	298.76	244.6
PTHR11735	3268.8	3186.36	221.0	17.59	14.4
PTHR10394	2852.85	2688.04	5139.02	792.0	648.44
PTHR20941	3390.0	3266.34	269.0	28.67	23.48
PTHR10150	2553.56	2471.12	65.0	6.17	5.05
PTHR31065	5577.51	5453.86	1975.0	136.74	111.95
PTHR10159	21881.15	21015.67	8363.87	640.62	524.47
PTHR31066	2791.42	2750.2	195.0	8.26	6.76
PTHR13604	1095.49	1054.31	216.08	23.99	19.65
PTHR23264	6488.75	6241.46	1108.03	98.27	80.47
PTHR23269	1661.0	1578.57	184.54	27.86	22.81
PTHR31204	845.0	803.78	22.8	3.33	2.73
PTHR31201	4598.38	4515.95	2753.68	145.54	119.16
PTHR31209	1795.48	1754.26	496.98	33.07	27.07
PTHR11607	13029.34	12699.66	2520.28	130.66	106.98
PTHR11606	1705.0	1663.78	1599.05	112.21	91.88
PTHR11601	4883.0	4759.34	1367.0	89.23	73.06
PTHR32467	673.0	631.78	11.0	2.05	1.68
PTHR31840	840.97	799.75	59.0	8.66	7.09
PTHR23130	19177.42	18600.37	4350.17	260.4	213.2
PTHR23133	1283.0	1241.78	386.87	36.44	29.83
PTHR23135	7552.2	7222.5	641.97	92.47	75.73
PTHR23138	3943.0	3819.34	2427.98	231.4	189.45
PTHR23139	6470.34	6181.83	1339.0	158.46	129.73
PTHR31682	3043.0	2960.56	757.0	63.96	52.37
PTHR11040	7876.0	7587.48	2857.23	221.7	181.52
PTHR11043	2697.93	2574.27	1077.99	131.34	107.53
PTHR11048	5105.31	4858.09	1359.26	97.93	80.18
PTHR14005	6639.42	6515.78	3482.95	221.79	181.58
PTHR15818	2358.0	2275.57	101.0	6.49	5.32
PTHR12636	1194.0	1152.78	93.0	9.44	7.73
PTHR14490	583.0	541.78	45.0	9.8	8.02
PTHR14493	24889.18	24147.32	3627.99	242.56	198.59
PTHR15651	2649.0	2566.56	222.0	19.87	16.27
PTHR12380	3446.19	3281.35	964.34	122.88	100.6
PTHR12385	1725.0	1683.78	82.63	5.73	4.69
PTHR12706	1677.0	1553.36	17.0	3.97	3.27
PTHR12709	2190.0	2107.56	236.0	24.96	20.43
PTHR19957	15635.25	15223.07	6712.34	472.04	386.47
PTHR30239	2088.0	2046.78	968.13	55.17	45.17
PTHR11751	25030.52	24453.45	16822.92	1121.12	917.91
PTHR12097	4389.0	4347.78	1051.0	28.14	23.04
PTHR11752	37683.43	36570.57	3277.73	260.34	213.13
PTHR21576	18924.92	18389.08	2786.0	236.22	193.41
PTHR10046	4551.0	4344.92	485.0	58.6	47.99
PTHR12419	7267.5	7020.24	527.0	50.56	41.4
PTHR11757	1182.0	1099.58	21.0	5.13	4.2
PTHR30525	1827.56	1786.34	1222.84	79.9	65.42
PTHR12413	2486.07	2403.63	197.0	19.51	15.97
PTHR12412	2374.11	2291.67	675.0	71.61	58.62
PTHR12411	110593.71	107749.86	89537.11	5436.6	4451.2
PTHR24420	808798.02	786173.23	231272.68	14238.08	11657.41
PTHR12415	2047.9	1883.11	56.0	11.34	9.3
PTHR21717	1199.42	1116.99	51.0	11.79	9.65
PTHR10943	8187.0	7898.66	2939.94	172.02	140.83
PTHR12897	2322.3	2198.69	188.0	32.92	26.95
PTHR12894	5015.72	4809.63	393.01	46.42	38.0
PTHR12891	3140.0	3057.56	243.0	20.91	17.12
PTHR22976	8934.05	8686.73	5410.0	392.22	321.13
PTHR22975	2646.89	2564.45	538.0	50.32	41.2
PTHR21377	2689.0	2565.35	994.0	111.11	90.97
PTHR21371	2810.0	2686.34	6007.45	674.73	552.43
PTHR21373	2815.0	2773.78	110.0	4.62	3.78
PTHR22573	9440.99	9234.9	4490.29	288.03	235.82
PTHR22572	16840.18	16263.15	17743.87	1616.26	1323.32
PTHR13060	1279.0	1237.78	84.0	7.94	6.5
PTHR21000	2341.0	2258.56	2933.0	302.38	247.57
PTHR10701	2709.0	2626.56	339.0	30.37	24.87
PTHR13161	1289.62	1207.19	222.0	43.19	35.36
PTHR13162	8093.8	7846.53	2201.0	159.94	130.96
PTHR13165	1364.0	1322.78	358.0	31.64	25.91
PTHR21396	1771.0	1688.56	482.0	81.18	66.47
PTHR12965	4315.56	4274.34	1098.98	29.93	24.5
PTHR12459	3932.0	3808.34	204.0	16.54	13.54
PTHR10681	4120.99	3956.12	5363.01	474.12	388.17
PTHR24106	3870.0	3746.35	652.0	46.31	37.91
PTHR24103	1480.37	1397.93	45.0	7.79	6.37
PTHR11540	4578.18	4372.11	4524.84	409.08	334.92
PTHR10836	7703.68	7374.1	37563.94	3227.77	2642.72
PTHR10835	2526.0	2484.78	502.0	23.55	19.28
PTHR11545	4425.0	4218.9	6010.02	678.95	555.88
PTHR10012	2019.0	1936.56	100.0	11.29	9.24
PTHR13768	2102.0	2019.57	493.0	35.7	29.23
PTHR24078	26309.16	25526.02	6307.67	337.19	276.08
PTHR11946	29391.14	28525.59	6814.36	489.36	400.67
PTHR11947	4329.0	4205.34	451.0	36.74	30.07
PTHR11941	8431.02	8183.7	2514.31	195.5	160.07
PTHR10497	1884.74	1761.11	3977.64	498.61	408.23
PTHR24073	31042.31	29970.61	17038.74	1529.16	1251.97
PTHR10491	1645.0	1603.78	156.0	11.36	9.3
PTHR24076	25365.63	24582.52	10210.08	799.44	654.55
PTHR24077	12912.28	12417.66	1473.99	167.03	136.76
PTHR11728	4606.0	4523.56	1386.0	68.97	56.47
PTHR11726	2573.0	2408.17	5372.01	571.33	467.78
PTHR11727	2568.18	2444.55	449.0	48.63	39.82
PTHR11721	1935.0	1811.36	3052.68	457.36	374.46
PTHR11722	2642.0	2518.34	4140.92	465.38	381.03
PTHR10120	3887.0	3804.56	1604.0	98.66	80.77
PTHR10122	1351.34	1268.92	1569.85	197.84	161.98
PTHR11831	3376.0	3211.12	6046.3	760.19	622.4
PTHR11835	5083.75	4960.09	3533.0	254.58	208.43
PTHR11614	8559.07	8352.97	3324.16	224.48	183.78
PTHR11615	6120.0	5913.96	2795.93	140.49	115.03
PTHR11618	2248.99	2125.35	124.0	17.99	14.72
PTHR14140	2240.0	2198.78	257.0	13.63	11.16
PTHR32419	3181.0	3098.56	1422.42	113.62	93.03
PTHR10231	5742.65	5495.36	1469.48	169.75	138.98
PTHR10233	4912.0	4788.34	1179.46	85.21	69.77
PTHR20922	3577.41	3453.75	1538.58	119.35	97.71
PTHR31503	3395.0	3312.56	1604.96	110.53	90.49
PTHR23147	2961.14	2878.7	1026.05	78.32	64.13
PTHR23140	3877.1	3835.88	509.0	15.45	12.65
PTHR23142	4148.41	4065.98	443.01	31.61	25.89
PTHR23149	1314.0	1272.78	95.0	8.73	7.15
PTHR23148	1551.51	1469.1	903.77	107.71	88.19
PTHR11361	25808.2	24942.66	2514.05	225.22	184.41
PTHR11056	3311.0	3228.56	2069.9	105.61	86.48
PTHR11055	4102.0	4019.56	1740.14	111.0	90.88
PTHR32523	2845.0	2762.56	383.0	32.0	26.21
PTHR31695	3055.0	3013.78	734.0	28.37	23.23
PTHR10540	4953.0	4788.12	2111.74	189.15	154.87
PTHR12629	1354.0	1312.78	640.08	57.0	46.67
PTHR18945	24183.34	23400.26	2990.17	234.55	192.03
PTHR26402	6706.4	6541.54	1918.0	101.09	82.77
PTHR19384	13807.9	13354.5	8094.05	651.39	533.32
PTHR12714	5372.0	5207.12	282.0	25.3	20.72
PTHR32251	2577.12	2494.68	637.01	72.48	59.33
PTHR12570	3949.4	3866.96	560.0	34.75	28.45
PTHR21494	1581.94	1540.73	57.0	4.32	3.54
PTHR21496	3116.0	3033.56	276.0	20.15	16.49
PTHR21493	25212.99	24471.12	2390.12	188.58	154.39
PTHR21499	8881.0	8757.34	2748.16	104.24	85.35
PTHR21148	2491.78	2409.34	442.0	43.22	35.38
PTHR12083	1645.56	1604.34	62.0	4.51	3.69
PTHR22904	38956.99	37679.28	8874.36	760.54	622.7
PTHR13976	1902.45	1820.01	525.0	67.79	55.5
PTHR19855	1437.62	1355.19	155.0	27.01	22.12
PTHR13353	1393.0	1351.78	200.0	17.29	14.16
PTHR16128	4133.0	4050.56	362.69	20.81	17.04
PTHR12400	1611.0	1528.56	49.0	7.38	6.04
PTHR12403	2068.0	1985.56	483.0	65.56	53.68
PTHR30314	3792.69	3710.25	1495.0	108.39	88.73
PTHR12882	1162.2	1120.99	118.0	12.32	10.09
PTHR12883	2005.72	1923.3	734.35	54.95	44.99
PTHR16255	1561.0	1519.78	154.0	11.84	9.69
PTHR16254	11375.12	11127.8	3400.0	171.64	140.52
PTHR22960	2729.0	2646.57	317.0	23.17	18.98
PTHR13373	2748.0	2706.78	152.0	6.54	5.36
PTHR13375	2115.0	2073.78	115.0	6.47	5.3
PTHR22967	3388.0	3264.34	808.96	64.67	52.95
PTHR19858	3444.54	3320.88	350.01	35.91	29.4
PTHR30222	2496.0	2454.78	271.0	12.87	10.54
PTHR13115	3587.0	3422.16	176.0	17.09	14.0
PTHR13117	1934.0	1851.57	133.0	14.32	11.72
PTHR13285	342.0	300.82	3.0	1.19	0.97
PTHR13288	1892.0	1768.37	31.0	6.88	5.63
PTHR10953	16221.57	15768.18	3763.0	298.19	244.12
PTHR10954	2087.06	2004.62	208.86	26.86	22.0
PTHR21726	4221.0	4097.34	591.0	63.38	51.88
PTHR10956	1449.0	1325.38	2747.0	525.14	429.95
PTHR11538	4423.0	4299.38	1142.0	72.25	59.15
PTHR10826	1871.0	1788.56	442.0	59.03	48.33
PTHR11533	7952.57	7828.93	10557.1	431.8	353.53
PTHR11532	2839.0	2715.34	213.0	28.87	23.63
PTHR10000	5083.1	4918.22	2432.94	279.39	228.75
PTHR13021	1265.0	1223.78	238.0	22.75	18.62
PTHR12290	2091.95	2009.51	273.0	32.08	26.26
PTHR11706	8867.98	8661.91	1199.01	71.0	58.13
PTHR24007	3183.0	2976.96	191.0	32.99	27.02
PTHR24006	37193.56	36286.88	5052.93	356.75	292.11
PTHR24003	21107.91	20530.88	10904.38	745.2	610.13
PTHR31446	2688.0	2564.34	641.0	88.14	72.15
PTHR31190	17511.18	17016.6	3935.76	269.79	220.87
PTHR11441	1696.0	1654.78	92.0	6.49	5.31
PTHR11440	7654.52	7324.81	1652.02	173.06	141.69
PTHR11999	6752.97	6629.31	55174.22	3197.64	2618.04
PTHR11998	7049.01	6842.98	1762.0	112.19	91.86
PTHR11449	1936.0	1812.35	3124.18	468.07	383.23
PTHR11994	2577.0	2453.34	6694.92	920.16	753.37
PTHR10133	9079.98	8791.45	802.0	70.9	58.04
PTHR13620	6194.74	5865.07	583.0	82.37	67.43
PTHR11705	1530.91	1489.69	94.0	7.37	6.04
PTHR11847	2014.08	1931.64	4269.38	412.7	337.9
PTHR11843	1656.37	1573.93	4676.99	570.62	467.19
PTHR13138	812.0	770.78	66.0	10.05	8.23
PTHR11661	3250.32	3085.45	4315.46	629.29	515.23
PTHR11662	17048.48	16471.49	2428.36	215.19	176.19
PTHR11669	4517.0	4352.12	330.0	32.42	26.53
PTHR11668	23250.49	22632.26	13579.09	900.05	736.91
PTHR20856	12104.51	11898.45	1789.0	72.88	59.66
PTHR20854	11073.92	10785.39	3438.2	264.27	216.36
PTHR20855	2667.0	2625.78	2376.09	105.46	86.34
PTHR20852	10651.57	10198.22	39783.71	3519.59	2881.64
PTHR32404	4694.16	4570.57	805.0	67.69	55.43
PTHR20858	3861.35	3778.91	321.0	23.93	19.59
PTHR30603	4608.66	4526.22	3538.35	183.58	150.3
PTHR14898	2872.59	2831.37	675.0	27.78	22.74
PTHR14237	4440.72	4152.23	401.0	69.39	56.82
PTHR14894	2447.0	2405.78	133.0	6.44	5.28
PTHR23155	239600.57	231976.12	17949.82	1263.58	1034.5
PTHR23153	3688.0	3605.56	388.0	24.25	19.86
PTHR23151	15993.72	15334.3	8700.13	951.0	778.61
PTHR11063	2616.0	2574.78	4775.15	216.15	176.97
PTHR11062	69471.41	67740.56	10288.0	644.03	527.27
PTHR11061	8133.0	7803.27	819.0	78.91	64.61
PTHR11065	2363.12	2321.9	2919.0	146.57	120.0
PTHR11064	2793.0	2669.34	1362.99	152.32	124.72
PTHR11260	18008.96	17390.68	12522.14	1108.69	907.72
PTHR11266	5517.0	5310.9	1069.94	129.21	105.79
PTHR13501	2149.0	2066.57	252.0	17.73	14.52
PTHR31998	5674.0	5509.12	12179.07	524.94	429.79
PTHR31221	49285.25	47925.13	8234.92	596.39	488.28
PTHR22881	1250.9	1209.68	400.0	38.68	31.67
PTHR15838	725.0	642.61	30.0	11.15	9.13
PTHR22836	1758.0	1716.78	94.0	6.39	5.23
PTHR32338	1758.0	1716.78	1414.1	96.16	78.73
PTHR23270	5013.08	4765.85	502.0	67.45	55.22
PTHR31407	4788.0	4623.12	1216.97	119.77	98.07
PTHR12363	9527.11	9321.01	1176.0	91.37	74.81
PTHR20932	4062.25	3979.81	525.0	30.75	25.17
PTHR18952	6277.67	6071.58	2701.01	176.11	144.19
PTHR21213	1170.63	1129.41	461.0	47.77	39.11
PTHR12765	2480.0	2315.15	231.0	47.69	39.05
PTHR12505	3050.0	2967.56	539.0	42.86	35.1
PTHR22603	1324.0	1282.78	45.0	4.1	3.36
PTHR22604	10815.38	10403.18	1687.53	193.93	158.8
PTHR21481	3721.17	3679.95	421.06	13.32	10.91
PTHR23029	13790.43	13419.46	3763.59	273.87	224.21
PTHR22778	766.0	724.78	74.0	12.0	9.82
PTHR19446	7694.0	7529.14	137.0	8.28	6.78
PTHR12219	905.46	864.24	924.32	125.45	102.71
PTHR13561	6845.0	6680.12	198.25	14.54	11.89
PTHR13563	1451.0	1409.78	153.0	12.68	10.38
PTHR12210	18981.71	18487.08	3351.68	244.82	200.44
PTHR12215	2662.5	2580.06	76.0	7.65	6.26
PTHR12214	2350.68	2309.47	101.0	5.1	4.17
PTHR22915	10006.16	9717.62	4260.0	323.44	264.82
PTHR22911	9889.13	9641.82	3340.0	220.13	180.23
PTHR22912	14646.88	14275.91	11446.94	776.81	636.0
PTHR12183	7127.6	6880.29	2037.0	179.15	146.68
PTHR19849	2275.83	2193.4	419.0	42.9	35.12
PTHR22594	16985.0	16531.58	3767.97	253.67	207.69
PTHR21152	5817.07	5652.19	2695.0	201.35	164.86
PTHR12000	2817.0	2734.56	2363.92	160.5	131.41
PTHR21021	1366.0	1324.78	182.0	16.06	13.15
PTHR13102	1448.0	1406.78	256.89	21.34	17.47
PTHR12984	6049.0	5966.56	2218.99	85.79	70.25
PTHR23293	4931.37	4807.71	556.0	38.23	31.31
PTHR12302	3549.0	3507.78	3053.0	101.35	82.98
PTHR13299	2114.0	2031.57	126.0	14.17	11.6
PTHR10925	3221.09	3097.54	317.0	27.04	22.15
PTHR21737	4329.03	4123.01	231.0	31.43	25.75
PTHR10920	9111.99	8905.9	1681.86	85.52	70.01
PTHR10585	6241.05	6034.95	771.98	69.14	56.6
PTHR10584	16887.51	16392.87	4032.16	288.96	236.61
PTHR11528	14414.48	14002.38	7652.01	511.08	418.43
PTHR11527	7394.02	7105.51	1428.0	138.93	113.74
PTHR12169	1329.46	1288.25	42.0	3.81	3.12
PTHR10859	7339.0	7174.12	1204.0	89.55	73.33
PTHR10589	2046.0	1963.56	654.0	77.33	63.31
PTHR10588	6041.02	5876.18	2494.59	112.63	92.21
PTHR13038	3583.0	3500.56	106.0	6.25	5.12
PTHR13748	6539.98	6333.88	1704.84	120.43	98.59
PTHR13743	19830.99	19295.13	2916.0	213.19	174.57
PTHR24015	125394.37	122344.19	16504.2	1029.52	842.91
PTHR24012	23749.29	22554.21	23817.34	2560.36	2096.25
PTHR24011	36394.43	35034.36	10681.16	767.34	628.27
PTHR31187	3411.0	3287.34	6609.41	661.51	541.6
PTHR21145	953.0	911.78	135.0	17.36	14.21
PTHR11453	4295.94	4172.31	306.98	38.26	31.33
PTHR10108	38669.97	37474.62	7610.45	633.26	518.49
PTHR11986	12446.0	12033.95	6060.39	425.23	348.17
PTHR11455	10931.82	10560.86	3391.8	266.5	218.2
PTHR10102	4309.0	4102.92	294.99	29.7	24.32
PTHR11458	1824.0	1782.78	2575.84	168.64	138.07
PTHR10106	1431.0	1389.78	726.0	61.05	49.99
PTHR30544	6901.79	6695.69	1033.01	79.82	65.35
PTHR31057	2042.14	1918.5	272.0	50.66	41.48
PTHR30115	1043.0	1001.78	1121.84	131.18	107.4
PTHR11851	27506.69	26847.18	13130.79	756.63	619.49
PTHR23092	11707.0	11336.03	701.0	64.65	52.92
PTHR23091	16122.43	15545.44	2092.12	213.87	175.11
PTHR11673	3183.0	3059.34	4396.0	481.7	394.39
PTHR11670	7706.36	7500.28	11924.41	577.15	472.53
PTHR11671	1438.0	1396.78	616.16	51.55	42.21
PTHR20863	3833.64	3627.56	4861.77	691.56	566.21
PTHR20861	3197.07	3114.63	1575.85	118.12	96.71
PTHR11679	10037.73	9790.41	2588.0	198.46	162.47
PTHR14009	7440.0	7316.34	2267.53	89.89	73.59
PTHR10217	24702.37	24248.95	5541.91	236.71	193.8
PTHR10210	6271.0	6064.9	1918.01	165.98	135.88
PTHR31522	1706.0	1664.78	136.0	9.54	7.81
PTHR14221	1153.0	1111.78	65.0	6.84	5.6
PTHR14269	1381.39	1340.17	509.01	44.4	36.35
PTHR11079	7224.5	7018.4	787.25	67.42	55.2
PTHR11076	8402.45	8072.73	199.0	27.13	22.22
PTHR11071	27258.75	26269.54	28298.61	2989.21	2447.4
PTHR11278	2389.0	2265.34	4548.86	610.41	499.78
PTHR11276	2401.96	2360.74	357.0	17.63	14.43
PTHR11274	5305.73	5140.85	1027.0	96.37	78.9
PTHR14136	3574.89	3451.23	3398.01	344.7	282.22
PTHR31984	7038.48	6832.39	1232.45	100.61	82.38
PTHR15350	2471.0	2388.56	1100.0	103.41	84.66
PTHR15606	2090.0	2007.56	274.0	26.72	21.88
PTHR12374	2714.0	2590.34	111.36	16.06	13.16
PTHR12375	2446.0	2322.34	51.0	6.41	5.24
PTHR12378	2790.0	2707.56	563.0	48.42	39.65
PTHR18929	17916.53	17339.54	34742.57	2532.41	2073.4
PTHR12777	1330.0	1247.56	1151.01	198.62	162.61
PTHR12775	3410.45	3286.8	386.0	29.07	23.8
PTHR12770	7494.22	7288.12	557.1	40.81	33.41
PTHR20982	1330.0	1288.78	1221.97	110.87	90.77
PTHR24352	1282.7	1241.48	252.0	23.74	19.44
PTHR16092	3093.0	3051.78	1818.0	69.39	56.82
PTHR12406	3595.02	3512.58	666.1	36.35	29.76
PTHR11035	2979.33	2855.72	435.0	39.77	32.56
PTHR22298	16399.0	15945.58	5722.08	346.61	283.77
PTHR12174	5125.0	5001.34	1783.0	134.35	110.0
PTHR12175	1375.0	1333.78	404.0	35.41	28.99
PTHR12176	11185.18	10814.27	1582.0	149.23	122.17
PTHR22769	4333.51	4209.85	529.0	44.08	36.08
PTHR22767	5778.8	5655.14	1356.95	61.37	50.25
PTHR22765	3962.5	3880.06	3776.91	208.74	170.9
PTHR22762	5361.64	5196.82	1634.0	92.93	76.08
PTHR22763	1070.0	987.57	38.0	10.04	8.22
PTHR22761	2822.55	2740.11	902.0	77.01	63.05
PTHR21231	3825.27	3701.61	507.0	46.18	37.81
PTHR21230	5803.68	5597.62	928.01	79.6	65.16
PTHR21234	1100.0	1058.78	271.0	29.97	24.54
PTHR21237	2437.0	2354.56	685.0	72.5	59.36
PTHR12202	1573.0	1408.24	60.0	19.43	15.92
PTHR12203	3869.33	3786.89	594.0	37.58	30.77
PTHR19857	1723.0	1681.78	259.0	17.98	14.72
PTHR19854	2811.0	2728.56	177.0	14.84	12.15
PTHR19852	3551.0	3386.13	280.0	27.73	22.7
PTHR19853	3866.0	3701.13	169.0	20.45	16.74
PTHR12197	9876.24	9464.12	694.0	93.54	76.57
PTHR13822	1859.0	1776.56	1277.0	142.52	116.68
PTHR21649	15713.67	15013.0	105862.56	11122.24	9106.26
PTHR10344	1307.0	1265.78	106.0	9.79	8.02
PTHR13273	1476.0	1434.78	351.0	28.59	23.4
PTHR10732	2646.0	2481.13	4743.06	697.03	570.7
PTHR10738	3238.0	3114.34	573.0	55.8	45.69
PTHR10739	1905.0	1863.78	364.0	22.79	18.66
PTHR12992	1147.0	1105.78	121.0	12.81	10.49
PTHR11588	7070.07	6822.83	4563.86	410.84	336.38
PTHR11934	3710.0	3586.34	1796.83	200.59	164.23
PTHR10693	2358.0	2275.56	525.0	58.23	47.68
PTHR10938	2508.51	2426.08	135.0	12.87	10.53
PTHR10934	1468.0	1385.57	4550.22	624.46	511.28
PTHR11510	3475.66	3352.02	982.06	110.2	90.23
PTHR11516	6406.0	6241.12	9565.31	690.89	565.66
PTHR10025	4713.53	4589.87	1453.0	103.57	84.79
PTHR10026	7991.35	7744.03	1082.0	97.84	80.1
PTHR10027	7099.83	6770.11	3484.84	339.53	277.98
PTHR13009	2989.0	2906.56	573.94	44.03	36.04
PTHR13007	1443.0	1360.57	192.41	33.59	27.49
PTHR10598	2154.0	2112.78	76.0	4.2	3.43
PTHR10430	5206.97	4959.69	3164.13	365.87	299.55
PTHR17901	818.71	777.51	390.0	58.89	48.21
PTHR24351	7226.8	7020.7	27775.08	2215.99	1814.33
PTHR20981	2148.0	2024.34	3343.66	494.04	404.49
PTHR23429	4690.34	4607.9	2403.99	121.58	99.54
PTHR11467	2838.0	2755.56	4956.35	440.06	360.29
PTHR10119	9415.0	9167.69	2514.61	174.48	142.86
PTHR10110	17037.4	16583.98	2002.1	134.89	110.45
PTHR11469	4914.42	4831.98	4649.05	211.11	172.84
PTHR11863	9604.06	9274.32	1731.0	160.5	131.4
PTHR24286	3389.0	3265.34	102.0	13.24	10.84
PTHR11864	3723.42	3435.0	161.0	33.95	27.79
PTHR23426	2422.0	2339.56	180.0	16.0	13.1
PTHR10593	9603.28	9314.76	1990.01	94.08	77.03
