GeneFamily	length	effective_length	expected_count	TPM	FPKM
PTHR11649	14010.85	13596.19	3574.47	205.84	214.37
PTHR31089	1460.91	1419.44	345.0	19.01	19.8
PTHR31085	11583.79	11376.45	1874.27	74.34	77.43
PTHR11647	4059.0	3934.6	907.92	53.23	55.43
PTHR11645	3550.0	3425.59	3015.01	185.52	193.2
PTHR11880	2312.5	2188.11	4035.06	352.74	367.34
PTHR11885	2268.0	2143.59	1559.17	136.53	142.18
PTHR10209	10302.33	10053.52	7403.25	333.58	347.38
PTHR32429	5317.18	5192.79	5234.08	285.51	297.32
PTHR31423	1448.0	1406.53	281.13	15.64	16.28
PTHR31551	1579.82	1496.9	381.33	28.51	29.69
PTHR32195	3371.44	3288.5	301.0	12.82	13.35
PTHR11081	6487.0	6238.24	475.48	25.16	26.2
PTHR11080	2226.44	2143.51	243.0	21.36	22.24
PTHR11082	7856.39	7607.64	1003.02	50.5	52.59
PTHR11085	4162.01	3954.76	309.96	28.87	30.07
PTHR11089	11365.05	10908.93	1451.1	111.39	116.01
PTHR32518	2643.94	2561.02	515.0	19.1	19.89
PTHR11247	4541.94	4376.07	371.0	22.78	23.72
PTHR11246	13442.12	13151.84	1778.65	85.92	89.48
PTHR32512	4210.0	4127.06	192.0	7.45	7.76
PTHR23088	5869.6	5703.72	1211.77	62.85	65.46
PTHR23089	4911.21	4745.34	1564.3	113.47	118.16
PTHR23081	7613.8	7489.39	760.0	23.52	24.5
PTHR23083	43646.96	42195.89	7411.72	385.89	401.84
PTHR23084	5410.37	5203.06	1009.67	58.7	61.12
PTHR23086	4670.0	4545.6	396.81	21.36	22.24
PTHR18806	2307.06	2224.12	162.0	11.18	11.65
PTHR31953	3719.7	3553.93	680.03	55.6	57.91
PTHR15184	12836.23	12504.5	14332.62	584.09	608.26
PTHR15341	1101.27	1059.83	223.82	16.55	17.23
PTHR32357	5422.62	5298.22	2774.01	110.8	115.39
PTHR12696	5220.0	5054.17	910.0	29.22	30.42
PTHR12341	2421.3	2379.83	325.89	10.69	11.13
PTHR15160	3896.92	3772.52	9822.01	727.83	757.94
PTHR18937	17166.19	16834.44	806.99	25.26	26.31
PTHR18934	41143.27	39816.47	2558.09	129.44	134.8
PTHR12742	1274.0	1232.53	180.0	11.43	11.91
PTHR12741	17631.49	17092.45	2026.45	71.27	74.2
PTHR19288	4693.31	4568.9	730.99	37.79	39.35
PTHR12975	4351.0	4268.06	359.0	13.27	13.82
PTHR13902	11848.29	11640.96	2151.99	68.77	71.6
PTHR13903	7488.11	7280.78	784.0	39.69	41.32
PTHR22753	8567.0	8276.72	130.0	8.43	8.78
PTHR30615	1026.0	984.53	632.37	50.36	52.44
PTHR21220	1903.15	1861.69	90.47	3.8	3.95
PTHR22938	2111.0	1903.86	49.0	8.52	8.87
PTHR21597	4510.0	4427.06	147.0	5.12	5.32
PTHR22931	8998.02	8832.17	5924.83	157.67	164.21
PTHR22936	9774.42	9484.13	1006.0	68.45	71.27
PTHR31038	2400.89	2317.96	1130.0	71.66	74.63
PTHR13832	38672.97	37553.37	22518.53	1061.62	1105.54
PTHR31319	3696.57	3572.17	1017.0	58.92	61.35
PTHR21136	10333.81	10002.05	3688.36	230.75	240.29
PTHR12526	45755.7	44553.2	13471.81	577.45	601.32
PTHR13120	1399.09	1316.16	174.0	19.43	20.23
PTHR22809	2421.0	2338.06	73.0	4.59	4.79
PTHR22807	8153.0	7904.19	452.0	22.9	23.85
PTHR20661	1493.23	1410.3	45.96	4.07	4.24
PTHR10900	7802.0	7511.77	1002.41	53.17	55.36
PTHR10906	6705.55	6498.3	1467.01	68.95	71.8
PTHR10909	17433.75	17060.52	25349.21	914.3	952.12
PTHR10055	4016.0	3891.6	790.0	35.96	37.45
PTHR10057	3347.31	3222.9	917.0	67.56	70.36
PTHR10052	2225.0	2100.6	1661.0	140.7	146.51
PTHR13017	1553.0	1511.53	31.0	1.6	1.67
PTHR13018	26549.7	25886.25	2760.52	142.53	148.42
PTHR10694	7151.77	6861.49	430.92	28.97	30.17
PTHR12839	5903.31	5778.96	1310.22	70.53	73.44
PTHR12835	1684.44	1642.97	282.0	13.42	13.97
PTHR24031	79108.84	76455.37	17011.02	839.59	874.34
PTHR24032	1443.0	1401.53	75.0	4.19	4.36
PTHR23291	4091.41	3925.56	5122.21	324.87	338.31
PTHR24349	233866.82	227232.56	74594.84	3539.01	3685.44
PTHR24619	5330.0	5205.59	1016.29	44.4	46.23
PTHR24343	10621.76	10290.14	5666.98	276.32	287.75
PTHR11472	12531.06	12075.02	186.0	9.97	10.39
PTHR24347	21726.25	21062.82	5739.91	271.03	282.24
PTHR11476	3664.0	3498.2	238.0	16.86	17.56
PTHR11477	4326.0	4160.2	215.0	13.9	14.48
PTHR24305	2189.0	2106.06	211.0	16.5	17.19
PTHR10476	4259.0	4093.12	1385.48	90.42	94.16
PTHR24290	8094.27	7886.93	2940.05	105.18	109.53
PTHR12730	2389.0	2306.06	97.0	7.2	7.5
PTHR23413	948.0	906.53	2969.0	256.94	267.57
PTHR23417	4765.0	4640.59	134.0	8.54	8.89
PTHR23416	5841.13	5675.25	718.0	44.51	46.35
PTHR23415	847.0	805.53	148.0	14.43	15.02
PTHR12736	1834.0	1792.53	50.0	2.18	2.27
PTHR23418	1061.0	1019.53	1961.01	150.77	157.01
PTHR10877	5669.61	5503.76	3752.02	154.6	161.0
PTHR11879	6935.5	6769.62	8968.46	388.31	404.38
PTHR31096	6398.5	6191.17	6103.91	290.56	302.59
PTHR11655	4098.0	3890.66	7529.7	557.09	580.14
PTHR11652	1183.0	1100.11	4254.96	418.58	435.9
PTHR10436	10820.99	10406.32	415.42	30.23	31.49
PTHR20883	2603.0	2520.06	2347.0	155.75	162.2
PTHR11895	6497.0	6331.12	923.0	32.37	33.7
PTHR10277	8190.96	8025.09	3473.48	135.73	141.34
PTHR14027	2331.0	2248.09	162.0	10.73	11.17
PTHR12320	10708.22	10500.87	4216.94	166.21	173.08
PTHR24095	19121.62	18582.61	18249.97	514.52	535.81
PTHR24093	79040.86	76470.45	28936.56	1078.79	1123.43
PTHR23180	20162.54	19582.02	5256.99	304.24	316.85
PTHR14593	4872.6	4706.82	291.0	20.45	21.29
PTHR11093	4100.08	3975.69	289.0	13.46	14.02
PTHR11096	1691.0	1525.26	40.0	7.53	7.85
PTHR23346	14321.53	13989.86	1190.0	46.59	48.52
PTHR11099	2684.0	2601.06	396.0	24.48	25.49
PTHR10309	1913.0	1871.53	413.0	17.24	17.96
PTHR14107	2743.61	2702.14	250.0	7.22	7.52
PTHR11252	5447.0	5281.12	823.0	43.37	45.17
PTHR11254	16558.81	16061.32	2534.9	102.21	106.43
PTHR11255	7260.48	7136.07	5624.61	136.29	141.92
PTHR14110	3793.0	3627.12	2615.05	230.62	240.16
PTHR14374	2439.0	2314.6	49.0	4.45	4.64
PTHR18838	5893.33	5603.19	1083.81	101.9	106.12
PTHR12687	1300.0	1258.53	38.0	2.36	2.46
PTHR15157	3530.14	3405.73	410.95	27.2	28.33
PTHR18901	10835.0	10503.26	5981.51	296.77	309.06
PTHR12755	3591.93	3426.09	193.11	14.74	15.34
PTHR12750	3631.59	3465.74	489.0	39.08	40.68
PTHR12753	1934.0	1851.1	406.01	20.69	21.55
PTHR15574	4038.61	3831.29	555.87	53.17	55.37
PTHR22790	3562.39	3437.98	296.57	22.58	23.51
PTHR16266	4778.18	4570.89	155.0	12.55	13.05
PTHR31811	2517.0	2392.61	85.0	7.59	7.89
PTHR12358	8771.2	8563.85	1203.4	49.08	51.12
PTHR22748	2900.85	2817.91	159.0	8.84	9.21
PTHR12356	2346.22	2263.29	281.0	20.31	21.16
PTHR12221	2792.7	2668.29	219.0	20.17	21.01
PTHR19879	2249.0	2166.06	94.0	6.41	6.67
PTHR12226	4472.31	4347.9	883.04	50.24	52.31
PTHR19876	8152.0	7944.67	1674.0	53.76	55.99
PTHR19877	3918.7	3752.88	1604.0	87.93	91.56
PTHR31442	3262.86	3097.03	502.0	45.92	47.81
PTHR12538	1718.0	1593.64	1843.0	202.57	210.96
PTHR12537	6716.32	6550.44	1184.01	51.59	53.73
PTHR12532	1374.0	1332.53	288.0	16.91	17.61
PTHR13486	900.77	859.3	241.0	22.01	22.92
PTHR20275	3535.0	3493.53	938.04	20.94	21.81
PTHR13489	1746.0	1663.07	86.0	7.01	7.3
PTHR17583	3985.43	3819.57	209.0	21.07	21.94
PTHR13572	1675.0	1633.53	97.0	4.64	4.83
PTHR24198	6590.0	6299.77	517.0	44.62	46.47
PTHR10048	15438.25	15065.11	1284.0	48.52	50.54
PTHR24193	9247.2	8915.44	3663.0	225.07	234.38
PTHR10044	3360.0	3235.59	708.79	49.6	51.65
PTHR10687	3615.25	3449.55	1679.59	99.51	103.62
PTHR13069	7050.9	6843.59	687.0	45.85	47.76
PTHR13068	11106.84	10816.56	1568.0	75.3	78.4
PTHR10682	3143.1	3018.73	914.41	45.64	47.53
PTHR10683	4132.0	4007.6	5987.17	273.78	285.11
PTHR12829	1226.0	1143.09	50.3	6.83	7.12
PTHR12820	2736.7	2570.9	304.0	16.65	17.34
PTHR12826	1036.0	994.53	202.0	15.92	16.58
PTHR12827	2597.0	2389.77	103.0	14.82	15.42
PTHR17920	2109.0	2067.53	238.0	8.99	9.36
PTHR10137	1701.0	1659.53	514.0	24.21	25.21
PTHR11405	9031.0	8865.12	5111.44	183.51	191.1
PTHR11404	2371.93	2289.02	1361.0	99.43	103.54
PTHR11406	1584.18	1542.72	5034.99	255.21	265.77
PTHR13468	2941.0	2858.08	1938.94	61.41	63.95
PTHR23406	8517.59	8310.26	13261.9	502.52	523.3
PTHR23407	1029.61	988.15	358.95	28.48	29.66
PTHR10869	29952.99	28833.54	49579.95	3535.3	3681.6
PTHR31717	3220.0	3137.06	206.0	10.82	11.27
PTHR13393	1947.0	1905.53	107.0	4.39	4.57
PTHR15169	1197.0	1114.08	44.0	5.75	5.99
PTHR11315	5115.01	4990.6	1995.0	87.08	90.68
PTHR10139	1809.0	1726.06	34.38	3.44	3.58
PTHR10264	7647.99	7399.17	6624.32	433.05	450.97
PTHR10263	7533.0	7201.28	4903.0	352.43	367.0
PTHR12506	2335.0	2293.53	2007.0	68.32	71.15
PTHR31155	1652.05	1610.58	6484.18	314.76	327.78
PTHR32170	3534.0	3409.59	197.0	14.67	15.28
PTHR23350	1059.0	1017.53	118.6	9.14	9.51
PTHR23354	7457.72	7333.31	995.29	31.18	32.48
PTHR23355	11784.31	11369.68	621.72	42.14	43.9
PTHR23359	11663.42	11290.29	4950.88	244.47	254.59
PTHR11227	6884.94	6719.06	1187.0	44.62	46.45
PTHR11220	8742.9	8411.14	1885.0	138.75	144.5
PTHR11223	5391.32	5184.09	2128.49	152.57	158.87
PTHR11229	3397.11	3272.7	2512.16	161.76	168.45
PTHR10314	15795.93	15298.32	9442.76	673.24	701.07
PTHR14303	1124.37	1082.91	538.99	39.0	40.61
PTHR23309	4443.97	4278.11	3985.29	318.59	331.77
PTHR23308	5960.0	5752.66	2143.99	133.23	138.74
PTHR11139	30082.67	29253.44	1352.0	69.12	71.97
PTHR15362	1511.0	1428.09	197.0	16.62	17.3
PTHR11132	43866.03	42663.45	23358.86	1081.01	1125.74
PTHR11134	8565.11	8357.77	826.54	31.86	33.17
PTHR11136	3049.84	2966.9	195.96	11.67	12.15
PTHR32374	1600.0	1558.53	744.0	37.33	38.87
PTHR31579	3488.0	3405.06	1815.07	76.45	79.61
PTHR32379	1398.0	1356.53	72.0	4.15	4.32
PTHR18919	8213.0	7964.18	9920.95	861.24	896.87
PTHR32002	15487.65	14948.6	2482.16	121.23	126.23
PTHR14413	1705.11	1622.18	1608.63	145.27	151.28
PTHR22893	3241.0	3116.59	362.0	23.35	24.31
PTHR10778	3148.0	3065.06	169.0	8.78	9.15
PTHR13789	30599.75	29894.85	10173.32	351.14	365.66
PTHR12786	5018.0	4769.22	2092.01	107.1	111.53
PTHR12782	1572.0	1530.53	202.0	10.32	10.75
PTHR11742	13418.0	13127.71	1428.3	57.94	60.32
PTHR13923	4726.0	4477.27	337.0	27.13	28.24
PTHR11210	2743.94	2661.0	599.0	45.96	47.86
PTHR12321	1186.74	1145.27	602.87	41.23	42.94
PTHR25040	12413.1	12039.87	9907.5	576.09	599.94
PTHR12323	1977.07	1894.14	157.0	10.37	10.8
PTHR16201	9876.16	9585.89	1047.6	55.37	57.67
PTHR21015	4084.11	4001.18	487.98	20.03	20.86
PTHR16196	788.0	746.53	54.0	5.68	5.92
PTHR16193	953.0	911.53	16.0	1.38	1.43
PTHR22792	6238.48	6031.14	1217.28	97.96	102.01
PTHR21680	3136.35	3053.42	759.85	39.69	41.33
PTHR21689	6520.35	6437.42	123.0	3.21	3.35
PTHR21113	5079.15	4913.28	478.92	27.18	28.3
PTHR19316	2983.04	2900.11	340.9	20.39	21.24
PTHR21663	2206.11	2123.21	508.18	36.83	38.35
PTHR13253	13897.0	13440.83	4605.0	312.27	325.18
PTHR21206	1203.77	1162.3	180.0	12.13	12.63
PTHR10072	6215.75	6008.41	5535.76	347.24	361.61
PTHR10071	5989.24	5823.36	1659.61	70.1	73.0
PTHR24188	8925.38	8718.03	1065.0	41.97	43.71
PTHR13780	15851.56	15312.93	5410.08	263.22	274.11
PTHR10670	7341.44	7134.1	315.0	15.73	16.38
PTHR10677	2441.0	2275.16	147.0	20.59	21.45
PTHR13078	2142.54	2018.22	366.0	28.55	29.74
PTHR12815	5420.69	5296.41	1508.91	64.34	67.0
PTHR12814	1932.0	1849.06	135.0	11.16	11.62
PTHR24361	46323.5	44996.56	5732.71	277.9	289.44
PTHR24362	17661.43	17080.95	1490.96	75.2	78.31
PTHR10416	1420.94	1338.0	206.0	24.19	25.19
PTHR10410	7484.0	7235.18	2520.99	141.39	147.24
PTHR10783	3647.39	3481.54	362.2	36.48	38.0
PTHR10782	7979.63	7730.83	302.0	15.42	16.07
PTHR13476	1367.25	1325.79	231.0	13.64	14.2
PTHR10788	10372.19	10164.85	2450.16	117.31	122.16
PTHR10891	31857.08	30820.47	9328.12	473.63	493.19
PTHR10890	5653.0	5528.59	673.0	34.05	35.46
PTHR20426	974.0	932.53	63.0	5.3	5.52
PTHR23213	13570.0	13113.92	1215.0	55.53	57.82
PTHR10520	5132.1	5007.69	4191.04	208.26	216.87
PTHR10250	2796.86	2672.45	2115.0	201.33	209.65
PTHR10527	20847.03	20225.12	1845.05	74.0	77.07
PTHR31384	15101.94	14728.84	1007.21	35.84	37.32
PTHR10098	2158.0	2075.07	474.0	24.48	25.49
PTHR10091	1364.63	1323.16	232.0	13.72	14.29
PTHR31140	2195.11	2153.65	92.01	3.34	3.47
PTHR31412	5442.0	5317.59	284.0	13.92	14.49
PTHR11787	3764.61	3640.24	1480.0	63.09	65.7
PTHR11785	32893.17	31980.89	7378.88	376.87	392.45
PTHR11782	6267.96	6060.63	827.0	46.51	48.44
PTHR31419	2286.63	2245.16	719.0	25.01	26.04
PTHR11780	3422.0	3297.6	3835.08	143.28	149.2
PTHR32497	1925.0	1842.06	233.0	19.98	20.81
PTHR13600	1678.29	1636.83	232.0	11.08	11.54
PTHR21141	5056.18	4765.98	10618.77	1051.29	1094.77
PTHR32148	4172.0	3964.68	5785.97	481.88	501.81
PTHR23324	6460.05	6335.64	3332.79	125.01	130.18
PTHR23327	4370.0	4204.13	801.0	61.06	63.58
PTHR23326	6102.0	5936.12	368.0	18.87	19.65
PTHR23321	3203.6	3079.2	596.51	40.61	42.29
PTHR23323	7173.0	6841.29	704.0	58.76	61.19
PTHR23322	7798.59	7508.34	738.62	46.82	48.76
PTHR23329	4890.79	4766.39	155.01	7.22	7.52
PTHR11236	6176.0	5968.65	447.0	21.0	21.87
PTHR10322	11205.0	10790.37	184.0	11.79	12.28
PTHR11239	3038.92	2914.55	564.38	45.71	47.6
PTHR10803	6008.27	5883.86	634.95	20.87	21.72
PTHR13803	11353.0	11062.77	941.0	34.55	35.98
PTHR31964	24035.55	23206.17	71799.34	4534.58	4722.19
PTHR10552	1698.85	1615.92	148.0	11.51	11.98
PTHR23030	3046.0	3004.53	809.0	21.01	21.88
PTHR11129	3594.0	3428.14	234.0	20.31	21.15
PTHR15316	3819.0	3653.21	615.0	30.81	32.09
PTHR11127	1686.15	1561.84	2807.34	291.26	303.31
PTHR11125	3779.0	3613.13	636.0	48.98	51.01
PTHR10855	3624.0	3541.06	948.0	41.67	43.39
PTHR31566	2396.84	2355.38	664.04	22.01	22.92
PTHR31567	1545.0	1503.53	909.0	47.28	49.24
PTHR31561	3013.0	2888.68	146.45	5.16	5.38
PTHR15137	2650.0	2567.07	15.0	0.87	0.9
PTHR14950	2813.0	2730.06	26.0	1.47	1.54
PTHR22939	18082.18	17626.04	3378.68	160.67	167.3
PTHR11264	1519.0	1477.53	132.0	6.99	7.28
PTHR15954	2712.0	2670.53	321.0	9.38	9.77
PTHR15952	4126.64	4085.17	204.0	3.89	4.05
PTHR21319	4571.04	4488.1	870.0	34.24	35.65
PTHR30612	7183.0	7100.06	1169.64	26.55	27.65
PTHR19271	3232.33	3107.99	175.0	12.85	13.38
PTHR22932	1135.53	1094.07	1595.7	114.27	119.0
PTHR19861	1251.0	1209.53	352.96	22.85	23.79
PTHR12029	8663.74	8373.48	1039.0	59.69	62.18
PTHR12233	1319.68	1278.22	130.0	7.96	8.29
PTHR22780	11270.0	11062.66	1350.91	34.55	35.98
PTHR30535	5083.92	4918.06	1181.0	69.74	72.63
PTHR11952	2515.03	2390.66	441.0	27.81	28.97
PTHR21477	5353.11	5187.23	574.0	37.32	38.86
PTHR19308	8306.61	8140.73	4584.76	193.25	201.26
PTHR16301	1199.09	1116.17	79.0	11.27	11.73
PTHR13265	2120.81	2037.88	369.11	25.73	26.8
PTHR22870	25797.02	24926.35	3869.01	291.06	303.1
PTHR17630	1908.0	1825.06	1560.11	139.65	145.43
PTHR10064	1389.0	1306.07	1394.01	131.29	136.73
PTHR10066	2847.0	2639.72	50.0	8.05	8.38
PTHR10060	2216.0	2133.06	140.9	9.16	9.53
PTHR10663	36701.21	35996.25	3200.16	101.89	106.11
PTHR10666	7149.09	6858.83	34638.81	2736.41	2849.61
PTHR10668	13319.42	12946.27	3000.13	147.93	154.04
PTHR12801	1911.0	1828.06	144.0	12.1	12.6
PTHR12802	2349.35	2224.97	198.0	18.62	19.39
PTHR12805	1530.76	1489.29	114.0	5.99	6.23
PTHR12806	1151.88	1110.41	76.01	5.36	5.58
PTHR21091	18371.1	17873.51	9842.33	455.38	474.23
PTHR21090	6376.36	6210.58	2184.06	88.77	92.45
PTHR21228	6342.48	6218.08	837.71	32.28	33.61
PTHR24314	5886.0	5720.12	1133.03	49.7	51.76
PTHR11933	1040.0	998.53	37.0	2.9	3.03
PTHR24316	9971.78	9557.2	4089.93	213.43	222.24
PTHR11426	4704.6	4455.85	5587.62	463.26	482.42
PTHR11937	15862.89	15406.81	14723.27	686.24	714.63
PTHR11938	9834.34	9502.62	7395.51	445.23	463.64
PTHR21139	2302.0	2177.63	1966.85	119.93	124.88
PTHR13683	32727.19	31773.53	4362.83	189.19	197.03
PTHR24089	70503.78	68306.05	19029.26	1136.07	1183.08
PTHR10796	2186.0	2144.53	1023.0	37.25	38.79
PTHR10794	7469.87	7304.0	2724.4	151.13	157.38
PTHR10795	8605.89	8315.7	797.85	52.57	54.75
PTHR10792	3924.0	3716.69	2139.01	192.66	200.62
PTHR10799	79374.77	77177.23	4968.7	202.39	210.75
PTHR10882	1208.0	1166.53	101.0	6.78	7.06
PTHR10887	50145.62	48653.02	2321.93	121.24	126.27
PTHR11686	4509.0	4343.19	1137.0	101.55	105.75
PTHR11685	2468.4	2385.48	802.0	51.54	53.67
PTHR11680	8621.0	8413.74	5404.0	226.84	236.22
PTHR24221	33485.75	32615.11	31853.18	1399.32	1457.2
PTHR24220	8927.2	8595.45	1785.35	113.04	117.7
PTHR24223	53872.15	51923.53	13886.37	805.27	838.55
PTHR11689	21784.33	21411.11	1999.53	49.53	51.59
PTHR10252	2965.02	2840.62	1548.23	114.68	119.44
PTHR10537	2037.0	1995.53	78.0	3.05	3.18
PTHR13124	1575.0	1533.53	158.0	8.06	8.39
PTHR31173	3014.0	2972.53	436.0	11.44	11.92
PTHR10099	4717.0	4634.06	1795.0	63.86	66.49
PTHR10997	19227.66	18771.8	2793.73	97.46	101.49
PTHR31356	9541.59	9251.32	6496.62	356.57	371.33
PTHR31352	14934.48	14644.2	7396.4	304.7	317.3
PTHR31350	3128.24	3045.3	2874.67	154.12	160.5
PTHR11758	1205.0	1122.08	21.0	2.94	3.06
PTHR23333	1864.0	1781.07	181.0	13.12	13.66
PTHR11203	11482.29	11150.58	1315.09	69.23	72.09
PTHR11753	4315.0	4107.66	727.0	61.12	63.64
PTHR11200	17921.29	17631.01	3267.11	93.68	97.56
PTHR24423	81063.26	79114.42	81591.77	1716.51	1787.52
PTHR11206	15918.72	15628.43	4064.93	121.84	126.88
PTHR23338	2729.0	2563.17	721.0	63.07	65.68
PTHR23339	3824.0	3741.06	851.95	28.52	29.71
PTHR10332	1977.18	1935.71	123.0	4.96	5.17
PTHR14145	3884.0	3801.06	897.01	37.27	38.81
PTHR12561	1087.8	1046.34	136.0	10.19	10.61
PTHR15744	2007.48	1883.09	52.0	6.0	6.25
PTHR23023	2583.0	2500.14	161.0	5.62	5.86
PTHR31385	3026.8	2943.86	1341.33	68.62	71.46
PTHR31142	3046.59	2922.19	1058.96	65.52	68.23
PTHR21294	1489.0	1447.53	1399.0	75.6	78.73
PTHR11119	6296.1	6130.22	6431.72	267.37	278.44
PTHR31595	2467.0	2384.06	35.0	2.38	2.48
PTHR31596	1113.0	1071.53	52.0	3.8	3.96
PTHR15948	1801.0	1759.53	119.0	5.29	5.5
PTHR32026	44926.04	43682.09	11505.6	608.88	634.08
PTHR31829	1450.0	1408.53	932.0	51.77	53.91
PTHR22846	1290.0	1248.53	90.0	5.64	5.88
PTHR19241	62159.44	60418.24	25533.03	1065.41	1109.52
PTHR15239	2128.0	2003.62	78.0	7.74	8.06
PTHR12497	2232.0	2190.53	163.91	5.84	6.08
PTHR12652	2987.0	2904.06	2431.06	122.58	127.65
PTHR12304	3138.0	3055.06	573.0	27.02	28.13
PTHR30540	2841.0	2799.53	250.0	6.97	7.26
PTHR13302	2936.0	2811.6	528.0	45.89	47.78
PTHR12472	1863.0	1821.53	124.0	5.32	5.54
PTHR13308	1374.81	1291.93	403.47	42.64	44.41
PTHR12477	5813.41	5647.54	1714.01	74.31	77.39
PTHR13878	2695.0	2653.53	132.0	3.88	4.04
PTHR21461	41457.26	40420.6	6411.7	303.32	315.85
PTHR13872	9042.0	8710.28	3444.22	233.28	242.92
PTHR22849	14937.31	14481.19	2182.61	93.82	97.7
PTHR21314	1457.0	1415.53	94.73	5.24	5.45
PTHR13271	47327.65	45793.46	7599.28	449.59	468.23
PTHR22841	2067.0	1942.65	34.0	2.62	2.72
PTHR22847	37178.29	35975.9	3330.07	227.31	236.73
PTHR22844	11422.01	11048.83	3136.87	146.64	152.71
PTHR31606	1280.0	1238.53	708.0	44.75	46.6
PTHR23284	1791.0	1749.53	286.0	12.78	13.3
PTHR21266	9346.23	9138.91	4356.21	177.17	184.5
PTHR12271	8997.11	8831.23	1024.0	31.49	32.8
PTHR21262	10335.12	10044.84	1278.02	66.35	69.09
PTHR12276	4920.0	4837.06	878.0	28.26	29.43
PTHR10657	1752.0	1669.06	836.0	85.77	89.32
PTHR16557	1986.0	1944.53	412.0	16.55	17.24
PTHR10655	1456.0	1414.53	473.0	26.16	27.24
PTHR10652	3993.9	3828.04	5821.92	446.0	464.45
PTHR17972	3401.0	3235.13	111.99	9.95	10.38
PTHR21085	1966.0	1924.53	887.0	36.01	37.5
PTHR11922	7586.06	7378.71	1434.0	74.48	77.55
PTHR10438	22566.11	21695.29	18083.58	1360.74	1417.04
PTHR11926	5245.33	5079.46	633.0	27.1	28.21
PTHR11431	2824.0	2699.67	12032.42	665.59	693.13
PTHR10434	3461.0	3378.06	676.03	32.95	34.31
PTHR24096	22042.8	21420.83	5753.41	268.56	279.66
PTHR13693	9732.84	9401.12	2562.01	106.32	110.72
PTHR13691	1849.0	1766.06	2293.0	160.76	167.41
PTHR24092	21913.28	21415.75	4952.65	183.81	191.41
PTHR13451	4547.9	4423.49	811.99	35.39	36.86
PTHR13452	455.1	413.65	29.0	5.55	5.78
PTHR13152	1696.0	1613.06	54.0	5.08	5.29
PTHR12901	1333.58	1292.14	98.0	5.94	6.18
PTHR12903	2882.0	2757.61	2300.9	143.18	149.1
PTHR23237	964.0	922.53	246.0	20.92	21.78
PTHR10501	5180.36	4973.04	1196.11	88.23	91.88
PTHR31169	1316.0	1274.53	107.0	6.57	6.84
PTHR12277	7011.39	6845.52	2903.99	115.52	120.3
PTHR10168	3865.0	3699.12	3462.95	280.25	291.84
PTHR14087	1452.0	1410.53	87.0	4.83	5.02
PTHR14085	931.06	889.6	134.0	11.82	12.31
PTHR31344	3900.0	3775.6	351.0	21.99	22.91
PTHR31619	1795.0	1753.53	1344.0	59.9	62.38
PTHR23306	3339.0	3214.6	223.0	11.54	12.02
PTHR23305	4792.15	4667.74	917.0	46.0	47.9
PTHR14089	3023.0	2940.06	697.0	26.9	28.02
PTHR11748	5236.57	5112.17	505.36	18.64	19.41
PTHR11214	5956.27	5707.47	652.26	55.37	57.66
PTHR11216	8639.0	8431.65	564.0	20.46	21.3
PTHR14154	11140.7	10601.72	3775.05	331.28	344.99
PTHR14155	37747.75	36586.68	7997.38	413.0	430.05
PTHR10343	12714.97	12300.33	2303.87	132.0	137.46
PTHR11699	18227.46	17729.89	8069.61	339.38	353.42
PTHR11692	2443.0	2401.53	2353.0	76.49	79.65
PTHR11693	3825.0	3617.72	5368.98	398.58	415.08
PTHR11695	21108.89	20445.37	8221.09	483.18	503.16
PTHR31760	1635.99	1594.52	181.0	8.88	9.24
PTHR31906	11287.0	10955.24	3400.07	207.15	215.69
PTHR21419	1778.0	1736.53	1030.77	46.39	48.31
PTHR23012	12500.04	12168.29	3001.95	145.25	151.24
PTHR11101	2044.0	2002.53	687.0	26.8	27.91
PTHR11102	14052.26	13679.06	4168.81	195.55	203.65
PTHR11106	4846.89	4681.04	844.49	43.96	45.78
PTHR31585	6001.99	5794.67	439.0	23.27	24.23
PTHR32125	2700.0	2617.06	1625.01	98.87	102.96
PTHR31588	5452.56	5328.15	1673.73	58.39	60.8
PTHR32120	1863.0	1821.53	64.0	2.75	2.86
PTHR15680	2434.0	2351.06	2491.9	165.18	172.02
PTHR10281	5388.0	5180.66	654.01	43.35	45.14
PTHR26312	7980.55	7773.2	3403.95	143.09	149.01
PTHR18895	2434.0	2351.06	79.0	4.71	4.91
PTHR12486	1122.66	1081.2	150.0	10.87	11.32
PTHR12480	5555.82	5307.05	534.16	44.32	46.17
PTHR12482	5119.33	4994.92	368.0	16.15	16.81
PTHR11042	5169.0	4878.76	56.0	6.04	6.29
PTHR11122	4754.04	4629.64	2145.19	106.92	111.34
PTHR12317	9628.77	9297.07	1297.0	51.69	53.84
PTHR12649	1592.0	1509.14	572.0	36.07	37.56
PTHR13992	653.0	611.54	26.0	3.35	3.49
PTHR12461	6027.3	5778.55	204.0	12.97	13.5
PTHR12466	2138.67	2097.2	237.0	8.83	9.19
PTHR13847	10639.91	10266.73	4540.08	260.63	271.41
PTHR22854	2898.48	2815.54	1066.45	55.78	58.09
PTHR12001	5950.49	5743.22	1844.15	123.7	128.83
PTHR21327	5847.0	5722.59	261.0	10.67	11.12
PTHR21631	5910.55	5786.15	10230.54	368.32	383.56
PTHR22855	7275.0	6984.81	11355.22	653.16	680.2
PTHR22850	20086.12	19588.51	3252.74	158.34	164.85
PTHR22504	1128.0	1086.53	825.0	59.49	61.95
PTHR12189	3610.44	3527.51	297.0	12.58	13.1
PTHR21256	2301.0	2218.1	1903.66	77.72	80.94
PTHR12265	370.0	328.56	13.0	3.14	3.27
PTHR12266	5512.1	5346.22	1017.99	62.53	65.1
PTHR10648	7014.4	6765.6	4371.5	163.64	170.41
PTHR30178	2920.55	2796.18	5756.87	355.93	370.66
PTHR10641	22188.07	21524.66	1084.0	52.33	54.47
PTHR19842	1066.24	1024.79	80.0	6.12	6.37
PTHR10644	14295.0	13838.88	1920.0	81.85	85.23
PTHR12864	3691.35	3525.49	474.0	36.76	38.28
PTHR12860	2644.0	2519.6	565.13	42.29	44.03
PTHR13194	2988.36	2822.51	176.0	21.3	22.19
PTHR13190	1579.07	1496.14	74.0	7.84	8.17
PTHR13193	771.0	729.53	111.0	11.96	12.45
PTHR11913	1976.0	1893.06	3912.0	339.48	353.54
PTHR11911	8538.19	8247.99	15004.19	960.58	1000.34
PTHR11910	2151.24	2068.3	5773.23	445.18	463.61
PTHR10871	4406.0	4198.67	6225.07	499.83	520.52
PTHR12919	885.96	844.49	312.0	29.0	30.2
PTHR12910	792.0	750.53	487.0	50.99	53.1
PTHR12917	3931.11	3806.7	1198.85	72.21	75.2
PTHR11351	2998.0	2915.06	1546.07	68.6	71.44
PTHR11353	36991.0	36161.6	10445.61	418.51	435.85
PTHR11599	24421.0	23425.76	11094.15	722.31	752.19
PTHR10516	24361.56	23490.79	11981.49	772.96	804.94
PTHR11592	5611.5	5404.16	1932.79	121.53	126.55
PTHR31724	3236.05	3111.65	444.0	34.01	35.42
PTHR13734	4171.07	4046.72	437.0	17.65	18.38
PTHR31098	5079.0	4954.6	1770.51	61.38	63.94
PTHR31620	7199.0	6991.65	1892.19	87.81	91.43
PTHR23315	76838.68	75014.18	19188.88	814.69	848.44
PTHR23316	6466.0	6300.12	2464.19	76.58	79.76
PTHR11778	3085.0	3002.06	598.9	31.7	33.01
PTHR11777	10023.01	9857.13	1354.0	46.62	48.55
PTHR11774	4935.0	4727.69	192.0	20.37	21.23
PTHR11773	5432.01	5224.69	443.0	30.31	31.57
PTHR11772	10541.55	10292.75	17204.33	871.59	907.66
PTHR10357	41768.26	40897.42	20121.12	607.87	633.0
PTHR10353	15030.94	14450.79	2361.06	126.06	131.27
PTHR10350	3802.0	3594.7	383.0	36.3	37.8
PTHR10351	1601.76	1518.82	4478.94	395.66	412.04
PTHR32557	2087.0	2045.53	640.0	24.44	25.45
PTHR10359	7428.07	7179.38	389.0	18.51	19.27
PTHR31750	1570.0	1528.53	173.0	8.85	9.22
PTHR14189	1419.0	1336.14	633.0	60.23	62.72
PTHR32228	1481.0	1439.53	115.0	6.25	6.51
PTHR31245	1429.14	1346.2	426.0	49.58	51.64
PTHR23001	4515.69	4349.82	4882.89	201.36	209.69
PTHR23002	3632.34	3466.47	744.0	41.7	43.44
PTHR11177	4236.16	4111.76	451.0	28.1	29.25
PTHR10445	1318.0	1276.53	198.0	12.14	12.64
PTHR11178	3829.66	3663.8	1225.85	74.44	77.52
PTHR14456	1590.0	1507.09	80.0	9.34	9.73
PTHR31808	1958.0	1875.06	1061.0	90.88	94.64
PTHR31803	4492.98	4368.58	2937.36	159.14	165.73
PTHR11009	3380.0	3297.06	364.0	17.12	17.82
PTHR30075	3842.0	3759.06	205.0	8.03	8.36
PTHR19229	18099.88	17436.55	2426.03	114.75	119.52
PTHR14255	5844.43	5720.03	326.0	14.95	15.58
PTHR11482	8588.0	8463.59	11767.5	251.93	262.36
PTHR11005	9718.97	9387.25	967.95	42.77	44.53
PTHR11006	9268.85	9020.04	2458.04	158.29	164.85
PTHR18640	2433.2	2308.84	63.0	5.63	5.86
PTHR18866	13928.74	13555.6	4169.52	209.03	217.68
PTHR12022	831.0	789.53	1162.99	115.69	120.48
PTHR15074	4509.0	4426.06	1582.02	61.47	64.01
PTHR15588	2475.3	2350.91	767.0	67.63	70.42
PTHR12677	7287.13	7038.31	2563.01	137.41	143.1
PTHR19134	4145.86	4062.93	601.0	23.13	24.08
PTHR19139	1957.0	1874.07	43.0	2.31	2.41
PTHR30566	2840.0	2757.06	129.0	10.9	11.36
PTHR12456	1211.08	1169.61	129.0	8.64	8.99
PTHR12452	832.0	790.53	120.0	11.92	12.42
PTHR13343	5773.0	5565.65	819.0	54.83	57.1
PTHR19359	2576.97	2411.13	514.0	38.76	40.37
PTHR12072	3159.53	3035.13	259.0	21.03	21.9
PTHR13218	575.0	533.54	49.0	7.24	7.54
PTHR13215	1462.98	1421.51	942.77	51.88	54.03
PTHR13213	3133.0	2967.13	71.0	6.44	6.71
PTHR21530	4121.0	4038.06	209.14	8.16	8.5
PTHR12295	7937.0	7771.12	658.0	29.51	30.74
PTHR12298	3188.06	2980.74	199.0	26.0	27.07
PTHR10638	5205.0	5122.06	2000.99	61.07	63.59
PTHR10634	3453.0	3328.6	4364.02	246.97	257.18
PTHR10631	4771.58	4605.73	402.0	22.92	23.88
PTHR10984	8454.32	8081.17	768.0	59.93	62.41
PTHR12858	4115.0	3990.59	253.0	14.72	15.33
PTHR13505	1416.98	1334.11	365.0	26.92	28.03
PTHR12850	1703.0	1578.63	4074.29	384.1	399.99
PTHR12856	2174.96	2092.02	82.0	6.53	6.8
PTHR12855	630.0	588.54	22.0	2.94	3.07
PTHR12854	586.0	544.54	23.23	3.36	3.5
PTHR13182	2792.37	2667.99	1595.14	67.65	70.45
PTHR10182	2949.18	2866.25	2837.66	166.95	173.86
PTHR10743	3017.0	2892.59	349.0	24.57	25.59
PTHR10742	21622.39	21041.84	3586.21	156.35	162.82
PTHR10745	2931.0	2848.07	904.0	29.6	30.82
PTHR10744	4206.8	3999.46	5176.31	409.1	426.02
PTHR10746	3079.0	2996.06	2820.54	174.7	181.93
PTHR12924	1393.0	1351.53	341.0	19.74	20.56
PTHR11659	2056.0	2014.53	435.02	16.87	17.57
PTHR11525	1513.07	1471.6	196.0	10.42	10.85
PTHR11349	5034.0	4743.76	601.93	50.73	52.83
PTHR10566	37830.34	36793.82	3882.12	202.17	210.53
PTHR10293	5586.0	5295.75	2709.99	262.13	272.97
PTHR10291	1907.0	1865.53	161.0	6.74	7.02
PTHR11584	8682.1	8516.23	1993.0	62.26	64.84
PTHR11586	1144.0	1102.53	403.27	28.66	29.84
PTHR11918	6357.8	6233.4	492.0	16.99	17.71
PTHR11909	9929.67	9597.95	5819.25	286.78	298.65
PTHR24320	7053.54	6763.27	321.0	23.75	24.74
PTHR24322	26152.43	25281.66	5341.53	275.32	286.72
PTHR11907	2195.0	2153.53	1891.02	68.57	71.41
PTHR11760	1844.0	1761.07	3277.07	199.73	207.99
PTHR11761	1004.0	921.08	2307.0	445.93	464.38
PTHR11766	1859.0	1817.53	1124.0	48.32	50.32
PTHR11767	9974.54	9725.73	1237.07	49.0	51.03
PTHR10361	9804.25	9555.47	2882.13	137.77	143.47
PTHR10366	40358.9	39156.39	33047.88	1607.61	1674.13
PTHR10169	9733.23	9525.9	795.0	30.88	32.16
PTHR32442	2058.0	2016.53	618.0	23.94	24.93
PTHR20973	1508.29	1466.83	114.0	6.08	6.33
PTHR10165	4049.85	3925.45	513.93	35.03	36.48
PTHR31032	3420.0	3337.06	1096.03	51.41	53.53
PTHR23257	43796.95	42511.87	7798.35	379.11	394.82
PTHR23253	6696.0	6322.84	1379.0	122.47	127.55
PTHR14190	3107.0	3065.53	345.0	8.78	9.14
PTHR14194	9447.72	9157.45	2191.69	118.26	123.16
PTHR31251	7521.0	7396.59	667.38	21.46	22.34
PTHR23074	18982.0	18608.79	3041.02	114.33	119.05
PTHR23077	17900.37	17402.76	8522.99	358.75	373.62
PTHR23076	34706.36	33752.61	10972.32	483.25	503.27
PTHR23073	14094.0	13596.4	5399.75	271.0	282.21
PTHR12560	4335.36	4210.95	204.0	9.07	9.45
PTHR23078	3150.75	3026.34	620.56	29.57	30.8
PTHR11165	2087.0	2004.06	1485.0	115.78	120.58
PTHR32100	7835.05	7544.77	959.0	49.57	51.62
PTHR14534	1497.0	1455.53	147.0	7.9	8.23
PTHR14445	2498.0	2415.08	78.0	4.07	4.23
PTHR23109	4376.0	4251.59	199.0	11.98	12.48
PTHR23102	4564.28	4439.87	546.0	27.23	28.35
PTHR23105	12138.44	11599.39	13341.06	1193.08	1242.45
PTHR11010	6125.0	5876.28	676.0	24.31	25.32
PTHR11014	10371.26	10163.91	2750.94	106.87	111.29
PTHR14152	2119.0	2036.07	74.0	3.85	4.01
PTHR12668	3326.0	3201.59	1006.29	77.9	81.12
PTHR12661	1758.0	1716.53	137.0	6.24	6.5
PTHR12663	6308.91	6101.58	376.0	28.66	29.85
PTHR12664	1370.0	1328.53	131.0	7.72	8.04
PTHR16166	29522.15	29107.54	3543.17	89.57	93.28
PTHR12111	3226.31	3143.37	766.12	39.34	40.97
PTHR12446	2779.06	2654.65	250.0	21.47	22.36
PTHR12447	2104.0	2021.06	207.0	16.71	17.39
PTHR15481	676.0	634.53	0.0	0.0	0.0
PTHR26379	2125.0	2083.53	509.16	19.09	19.88
PTHR12599	2544.83	2461.9	1426.74	90.94	94.71
PTHR12596	7206.78	7040.91	921.37	35.35	36.82
PTHR12590	1537.0	1454.07	110.0	11.27	11.75
PTHR12066	1677.21	1511.49	90.0	17.53	18.26
PTHR12064	3300.0	3175.6	77.0	5.62	5.85
PTHR13226	1108.76	1067.29	258.99	19.01	19.8
PTHR13889	5987.63	5780.29	856.57	68.79	71.65
PTHR13887	2597.03	2472.71	337.0	25.17	26.21
PTHR21181	2169.0	2086.06	634.0	54.45	56.7
PTHR13948	2347.04	2222.68	99.0	10.05	10.46
PTHR10459	6998.0	6707.74	324.0	17.85	18.57
PTHR12146	2030.0	1905.61	2017.24	291.55	303.62
PTHR10458	2641.9	2558.96	612.0	38.8	40.4
PTHR19306	5224.85	5141.93	627.0	19.11	19.9
PTHR21506	2890.0	2848.53	253.0	6.93	7.22
PTHR12280	4615.0	4407.72	1430.02	81.37	84.75
PTHR12281	3091.0	2925.15	1043.17	58.2	60.61
PTHR12286	4051.0	3926.64	684.0	28.49	29.68
PTHR30573	3005.0	2922.06	288.0	15.42	16.06
PTHR22983	4281.33	4156.95	224.99	5.95	6.2
PTHR22981	10323.76	10116.41	7833.75	222.99	232.21
PTHR10947	3170.0	3087.06	727.0	25.79	26.85
PTHR30191	5229.72	5022.45	8808.04	367.57	382.78
PTHR13082	731.0	689.53	354.01	40.37	42.04
PTHR10629	11019.0	10728.73	580.0	29.14	30.34
PTHR10994	47207.12	45880.18	7667.64	395.66	412.06
PTHR10996	11524.38	11192.65	2124.99	102.36	106.59
PTHR10625	13130.85	12757.64	1249.94	69.27	72.16
PTHR10992	53494.99	51919.23	23588.62	1346.56	1402.25
PTHR10993	1801.82	1718.89	329.88	23.75	24.73
PTHR17695	4723.0	4432.83	139.0	14.13	14.72
PTHR12848	5979.64	5896.71	284.0	8.99	9.35
PTHR12849	2521.71	2438.8	270.59	10.31	10.74
PTHR21712	1361.0	1319.53	83.0	4.92	5.13
PTHR12847	6111.91	5904.58	1075.21	66.1	68.83
PTHR12841	993.0	951.53	154.0	12.69	13.22
PTHR21290	1195.5	1154.03	68.0	4.61	4.81
PTHR21349	1424.0	1382.53	159.0	9.0	9.37
PTHR21347	2673.43	2590.51	510.0	19.56	20.37
PTHR21343	2324.0	2282.53	188.03	6.43	6.7
PTHR10196	7806.0	7640.12	1197.0	40.0	41.66
PTHR10192	1837.0	1712.61	65.0	9.51	9.91
PTHR10751	12258.37	11968.1	817.07	32.53	33.88
PTHR10755	2605.0	2522.06	4486.69	213.53	222.37
PTHR10758	4002.0	3877.6	1483.15	89.9	93.63
PTHR10759	1840.0	1715.61	3509.87	327.35	340.9
PTHR12932	1549.23	1507.76	3516.54	182.39	189.94
PTHR12934	2083.49	2000.56	4115.36	270.49	281.69
PTHR11451	9898.3	9690.97	2514.32	97.52	101.55
PTHR10288	6357.03	5984.0	1809.13	177.4	184.76
PTHR11800	2768.39	2685.45	976.8	56.72	59.07
PTHR11802	12718.06	12220.46	2429.0	131.77	137.22
PTHR11804	10050.0	9842.65	1975.93	95.09	99.02
PTHR11807	5843.81	5719.41	504.27	20.89	21.75
PTHR11374	3427.83	3344.9	1740.0	71.76	74.73
PTHR11808	6307.21	6058.51	963.12	47.81	49.8
PTHR10283	12868.71	12536.95	1596.98	66.27	69.0
PTHR10285	16826.53	16328.91	7529.04	483.37	503.36
PTHR10286	31573.24	30951.23	2466.98	125.83	131.03
PTHR11579	1844.0	1802.53	1432.0	62.08	64.65
PTHR13355	3891.07	3766.67	533.01	36.57	38.07
PTHR13718	5857.01	5566.79	5191.07	330.21	343.87
PTHR13711	7477.6	7228.83	357.0	20.35	21.19
PTHR13710	17636.36	17138.77	404.0	19.51	20.31
PTHR11977	6436.65	6353.72	1818.14	37.19	38.73
PTHR22970	885.0	802.1	15.0	3.47	3.61
PTHR11972	5330.26	5081.57	2250.21	87.36	90.98
PTHR31480	1828.0	1786.53	44.0	1.92	2.0
PTHR31485	13763.29	13431.53	2016.98	80.72	84.06
PTHR11715	936.0	894.53	821.0	72.01	74.99
PTHR11717	3555.8	3431.4	1271.85	84.76	88.27
PTHR11711	14394.93	13855.87	9181.22	654.8	681.9
PTHR11712	7594.07	7386.73	1052.59	50.55	52.66
PTHR10374	5671.53	5505.68	4329.92	195.79	203.88
PTHR10178	2180.27	2097.37	96.0	4.25	4.43
PTHR20961	43206.8	42004.41	4829.53	261.32	272.15
PTHR10173	6502.48	6212.2	4238.32	349.01	363.44
PTHR10177	8645.64	8438.3	1271.98	49.21	51.24
PTHR10174	14315.14	13859.01	4714.78	277.94	289.44
PTHR23249	1542.0	1459.07	265.0	32.05	33.37
PTHR23244	17307.19	16768.16	2085.0	84.26	87.72
PTHR23245	3719.0	3511.71	78.0	9.5	9.89
PTHR23240	3192.0	3067.59	46.0	3.12	3.24
PTHR14614	5049.53	4842.19	272.0	22.31	23.24
PTHR31268	3191.0	3149.53	728.0	18.03	18.78
PTHR31262	1881.79	1798.86	82749.87	8035.5	8367.96
PTHR23063	1995.0	1953.53	1656.0	66.22	68.96
PTHR11620	804.18	762.71	1840.01	189.54	197.38
PTHR11624	12133.05	11718.42	14600.0	677.27	705.28
PTHR11627	6987.89	6739.12	25774.72	1339.65	1395.08
PTHR11390	7004.02	6755.21	383.0	25.21	26.25
PTHR14052	1383.25	1341.79	114.02	6.65	6.92
PTHR32118	1994.0	1952.53	5321.53	212.91	221.72
PTHR23117	4651.0	4485.14	771.22	33.36	34.75
PTHR23115	53981.82	52613.45	62768.98	2376.28	2474.6
PTHR11028	1444.21	1402.74	1319.0	73.56	76.61
PTHR11024	2985.51	2902.58	1438.0	80.84	84.2
PTHR15081	1965.31	1882.37	247.0	20.76	21.63
PTHR12616	1751.67	1710.2	270.98	12.38	12.9
PTHR12613	2047.0	2005.53	226.43	8.82	9.18
PTHR12612	1255.0	1172.07	813.94	96.8	100.8
PTHR32060	4877.04	4794.11	1137.0	36.94	38.47
PTHR12126	3741.0	3616.59	2620.0	131.66	137.1
PTHR12124	8139.47	7890.67	389.0	22.88	23.85
PTHR22734	3884.99	3719.14	257.0	14.02	14.6
PTHR12121	11441.49	11151.25	1435.92	46.25	48.15
PTHR12438	1875.0	1792.06	118.0	10.48	10.91
PTHR15492	304.0	262.61	6.0	1.82	1.9
PTHR21426	3195.0	3153.53	295.0	7.3	7.6
PTHR21427	1918.0	1876.53	295.0	12.28	12.79
PTHR19372	3236.0	3153.07	212.0	6.08	6.33
PTHR19370	10495.95	10164.32	2260.98	89.41	93.1
PTHR19376	15026.0	14486.93	1463.25	67.83	70.63
PTHR19375	22942.3	22113.12	6467.59	253.04	263.51
PTHR12725	4157.28	4032.87	1121.03	69.99	72.88
PTHR13890	11102.15	10687.52	1426.0	96.51	100.49
PTHR22883	13535.81	13121.16	2183.98	120.91	125.92
PTHR22880	3955.1	3789.26	2026.08	130.24	135.64
PTHR12542	26541.73	25919.69	5859.14	245.63	255.79
PTHR12547	2391.12	2266.73	230.0	17.29	18.0
PTHR12436	2941.68	2775.83	207.0	19.19	20.0
PTHR10114	1704.0	1579.64	2590.0	264.1	275.02
PTHR21512	2148.61	2107.14	560.78	20.78	21.64
PTHR30508	4127.26	4044.32	2164.02	83.45	86.9
PTHR14744	1512.11	1470.64	241.0	12.82	13.35
PTHR30502	1941.0	1899.53	47.0	1.93	2.01
PTHR10617	9043.43	8711.76	19064.53	845.61	880.59
PTHR10615	3828.67	3704.32	335.0	13.55	14.11
PTHR13527	1192.0	1150.53	29.0	1.97	2.06
PTHR22958	1932.33	1849.41	1252.0	67.55	70.34
PTHR22951	4429.0	4346.06	749.0	25.51	26.57
PTHR22950	22065.9	21568.31	4860.76	179.29	186.69
PTHR22953	9872.12	9498.93	1940.99	74.86	77.95
PTHR22952	31447.75	30618.43	29760.33	1378.19	1435.23
PTHR22957	24325.1	23495.78	4509.0	218.94	227.98
PTHR21600	3270.0	3187.06	568.75	28.76	29.95
PTHR24056	19833.31	19294.28	4861.77	181.72	189.24
PTHR24054	1897.0	1814.06	461.29	32.19	33.52
PTHR24055	15718.93	15179.91	5145.58	301.97	314.45
PTHR24058	6719.92	6636.98	1416.49	33.31	34.69
PTHR10766	21783.54	21078.58	11192.34	515.47	536.8
PTHR10762	3492.0	3367.6	564.0	23.73	24.71
PTHR30031	4818.53	4694.12	52359.06	2635.97	2745.03
PTHR12945	1957.0	1874.07	194.0	16.31	16.98
PTHR12944	1794.75	1711.82	213.04	19.13	19.92
PTHR24128	3719.6	3595.21	1262.01	67.3	70.08
PTHR13096	3108.0	3025.06	143.0	6.6	6.88
PTHR11364	1678.0	1636.53	644.0	30.76	32.04
PTHR11365	4245.0	4162.06	626.98	24.79	25.81
PTHR10548	5917.07	5626.83	1092.88	100.46	104.62
PTHR11817	13973.65	13683.36	14539.55	494.96	515.45
PTHR11814	12406.35	12033.25	3943.69	238.69	248.57
PTHR11363	1904.89	1863.42	3780.24	158.51	165.07
PTHR10543	4854.37	4771.43	427.99	14.15	14.73
PTHR11819	5984.33	5859.93	12044.98	432.91	450.82
PTHR13931	2770.0	2687.14	258.0	10.21	10.64
PTHR10544	1515.0	1432.07	1751.42	146.67	152.74
PTHR11562	9716.08	9467.28	2647.96	116.65	121.48
PTHR11566	16949.07	16658.85	2742.44	96.53	100.52
PTHR11567	2924.0	2799.6	598.0	46.84	48.78
PTHR11564	8498.0	8249.2	2835.0	141.81	147.69
PTHR11962	3319.42	3236.49	788.47	40.07	41.73
PTHR11963	1863.39	1821.93	653.62	28.03	29.19
PTHR24315	1451.64	1410.17	547.0	30.35	31.6
PTHR10381	11557.48	11184.27	9796.0	590.28	614.68
PTHR10383	3209.49	3126.55	638.0	29.15	30.36
PTHR11932	11247.83	11040.49	2547.01	89.15	92.83
PTHR11702	11652.44	11196.4	1541.16	107.71	112.15
PTHR11700	2332.0	2207.6	3851.54	366.8	381.99
PTHR10388	1552.66	1469.72	6048.13	556.4	579.42
PTHR11709	28929.95	28266.51	13257.46	429.19	446.94
PTHR11070	10820.22	10612.88	1106.01	46.42	48.34
PTHR10145	3639.0	3556.07	224.0	11.45	11.93
PTHR23273	2217.0	2134.06	112.0	7.42	7.72
PTHR23163	3178.0	3136.53	1289.0	32.06	33.39
PTHR23050	2272.0	2106.17	11952.46	986.14	1026.94
PTHR23056	2579.6	2496.66	2957.03	190.0	197.85
PTHR23054	10025.0	9693.24	2093.99	130.63	136.02
PTHR11638	17262.5	16806.36	9048.81	330.22	343.89
PTHR31783	5216.0	5174.53	405.0	6.1	6.35
PTHR11632	6090.1	5965.69	3294.25	127.42	132.69
PTHR11630	18263.23	17682.76	1449.99	75.32	78.42
PTHR11140	8826.46	8494.86	2421.0	44.3	46.13
PTHR11141	8867.58	8701.71	698.0	19.83	20.64
PTHR11142	9550.38	9177.23	471.0	32.05	33.37
PTHR11143	2362.0	2237.6	2308.48	181.88	189.41
PTHR11380	520.0	478.54	179.83	29.68	30.91
PTHR11384	13888.23	13390.75	1771.0	89.76	93.46
PTHR32477	4214.0	4172.53	462.0	8.63	8.99
PTHR14043	5835.0	5544.81	555.0	53.79	56.02
PTHR32472	1097.0	1055.53	16.0	1.19	1.24
PTHR31658	3976.0	3851.59	215.0	13.25	13.79
PTHR22884	35822.47	34661.44	1506.43	92.35	96.14
PTHR23125	53766.46	52605.41	30082.79	1090.56	1135.68
PTHR12050	899.88	858.41	661.0	60.44	62.94
PTHR19211	30939.32	29820.0	171680.66	3766.22	3922.05
PTHR12608	6163.31	5956.01	929.07	45.94	47.85
PTHR12604	2847.0	2722.61	121.0	16.0	16.67
PTHR12603	6929.87	6846.93	1553.0	36.89	38.41
PTHR32091	2628.0	2503.6	382.0	35.81	37.3
PTHR32098	1728.0	1686.53	236.0	10.94	11.39
PTHR18763	1029.0	987.53	42.0	3.33	3.47
PTHR22726	955.0	913.53	102.0	8.76	9.12
PTHR22727	8115.0	8032.06	1699.77	32.56	33.9
PTHR12428	4458.27	4333.88	900.38	51.99	54.13
PTHR18968	9874.54	9542.83	5638.04	264.24	275.19
PTHR12735	2520.66	2396.26	1239.0	115.19	119.95
PTHR15020	4281.0	4156.59	1824.59	97.3	101.33
PTHR12049	2812.04	2687.63	207.0	19.0	19.8
PTHR12558	7570.65	7321.84	713.44	45.16	47.03
PTHR12553	12750.51	12377.3	1130.97	54.83	57.09
PTHR24072	4805.64	4598.3	4522.99	292.67	304.79
PTHR10496	1927.0	1802.61	4032.05	352.74	367.33
PTHR21569	5641.0	5392.2	5254.99	389.36	405.47
PTHR21567	6104.0	6021.06	349.0	18.8	19.58
PTHR13950	1367.0	1284.07	80.0	9.91	10.32
PTHR12133	1311.0	1269.53	75.0	4.62	4.82
PTHR10972	5450.53	5326.15	1030.0	43.05	44.83
PTHR21704	5637.48	5596.01	581.0	8.09	8.43
PTHR10606	5591.79	5467.39	336.71	14.25	14.84
PTHR10971	3481.59	3357.19	554.5	38.95	40.56
PTHR22942	10254.61	9922.93	3432.38	181.19	188.68
PTHR13395	1715.0	1673.53	38.0	1.77	1.85
PTHR22891	13768.79	13395.6	1911.82	114.45	119.18
PTHR21368	2025.0	1942.06	2519.87	197.28	205.44
PTHR24067	27669.19	26591.05	9863.66	646.58	673.34
PTHR24064	11613.93	11240.72	3491.0	231.97	241.58
PTHR24063	22148.73	21278.13	2114.23	123.45	128.61
PTHR21011	2936.0	2811.59	3126.01	266.86	277.9
PTHR10772	3181.0	3015.14	2564.0	203.73	212.16
PTHR10774	40464.65	39179.12	25135.94	1722.55	1793.81
PTHR24068	3582.0	3374.7	1274.0	99.42	103.54
PTHR19980	1359.0	1317.53	67.0	3.98	4.14
PTHR12959	1124.52	1083.06	309.0	22.35	23.28
PTHR24115	29670.75	28841.55	1948.77	106.04	110.4
PTHR10961	1547.88	1506.41	60.0	3.11	3.24
PTHR11825	13668.59	13253.91	3822.78	265.07	276.07
PTHR10809	1509.0	1467.53	939.26	50.06	52.13
PTHR11822	3967.0	3842.59	2142.48	92.62	96.46
PTHR10555	4137.0	4012.59	309.34	18.48	19.23
PTHR10806	467.0	425.54	239.0	44.43	46.27
PTHR10804	18597.99	17893.4	6068.64	340.78	354.87
PTHR11556	6222.96	6057.08	11182.2	568.17	591.68
PTHR22838	2587.0	2504.06	463.0	29.07	30.27
PTHR11558	3441.0	3358.06	749.0	36.63	38.14
PTHR13773	1677.0	1594.07	209.0	20.74	21.6
PTHR11953	3395.38	3270.98	1187.0	88.74	92.42
PTHR11956	3977.0	3769.75	509.0	30.9	32.19
PTHR11959	3623.25	3540.31	2291.98	95.69	99.64
PTHR11739	3709.0	3626.06	4569.11	174.55	181.77
PTHR11732	21663.79	20958.84	8152.75	485.56	505.66
PTHR11731	11546.5	11339.16	3289.02	110.66	115.25
PTHR11730	7446.0	7321.59	5926.25	202.74	211.12
PTHR11735	3445.64	3362.7	134.0	6.39	6.65
PTHR10394	2846.46	2680.67	3253.97	311.49	324.38
PTHR20941	3390.0	3265.59	415.0	29.53	30.75
PTHR10150	2544.45	2461.51	59.0	3.75	3.9
PTHR31065	5561.18	5436.77	2357.2	107.76	112.22
PTHR10159	21519.72	20649.08	9839.02	514.7	535.97
PTHR31066	2304.56	2263.09	95.0	3.28	3.41
PTHR13604	1093.95	1052.53	195.0	14.52	15.12
PTHR23264	6520.0	6271.22	1013.32	55.43	57.72
PTHR23269	1661.0	1578.07	191.0	20.21	21.04
PTHR31204	845.0	803.53	21.0	2.05	2.14
PTHR31201	4576.59	4493.66	2595.99	92.49	96.31
PTHR31209	1819.66	1778.2	357.03	15.69	16.34
PTHR11607	13099.37	12767.7	1618.02	57.55	59.94
PTHR11606	1705.0	1663.53	2448.64	115.06	119.82
PTHR11601	4883.0	4758.59	1367.89	60.2	62.68
PTHR32467	673.0	631.53	5.0	0.62	0.65
PTHR31840	848.11	806.64	34.0	3.31	3.45
PTHR23130	18497.51	17917.02	3576.83	171.68	178.76
PTHR23133	1283.0	1241.53	365.99	23.08	24.03
PTHR23135	8036.97	7705.3	538.99	47.12	49.08
PTHR23138	3943.0	3818.59	1987.0	123.28	128.38
PTHR23139	6551.66	6261.41	1314.89	94.4	98.31
PTHR31682	2902.0	2819.06	296.0	16.76	17.45
PTHR11040	7876.0	7585.73	6028.81	302.25	314.76
PTHR11043	2692.78	2568.37	579.0	47.26	49.22
PTHR11048	5120.64	4871.94	1416.25	64.66	67.32
PTHR14005	6568.86	6444.46	2047.01	96.87	100.87
PTHR15818	2358.0	2275.08	48.0	1.99	2.07
PTHR12636	1194.0	1152.53	112.0	7.61	7.93
PTHR14490	583.0	541.54	30.0	4.37	4.55
PTHR14493	25126.57	24380.24	2454.17	109.85	114.38
PTHR15651	2649.0	2566.06	237.03	14.03	14.61
PTHR12380	3423.58	3257.74	1046.42	89.0	92.68
PTHR12385	1725.0	1683.53	80.0	3.71	3.87
PTHR12706	1677.0	1552.63	6.0	0.93	0.96
PTHR12709	2190.0	2107.06	263.01	19.12	19.91
PTHR19957	15658.62	15243.94	5395.56	252.21	262.64
PTHR30239	2088.0	2046.53	1126.0	42.97	44.75
PTHR11751	25085.1	24504.54	20389.38	924.0	962.24
PTHR12097	4389.0	4347.53	762.01	13.66	14.23
PTHR11752	36954.68	35835.11	2229.01	125.62	130.8
PTHR21576	18781.43	18242.35	2346.16	124.28	129.42
PTHR10046	4551.0	4343.68	443.38	36.89	38.43
PTHR12419	7406.56	7157.83	857.81	48.32	50.32
PTHR11757	1182.0	1099.08	5.0	1.07	1.11
PTHR30525	1826.31	1784.85	1169.0	51.18	53.3
PTHR12413	2612.69	2529.76	162.0	11.3	11.77
PTHR12412	2377.94	2295.0	515.0	36.06	37.55
PTHR12411	108544.28	105683.4	51761.52	2186.29	2276.74
PTHR24420	805541.46	782781.24	164888.26	7215.21	7513.83
PTHR12415	2033.44	1867.68	61.0	8.82	9.17
PTHR21717	1320.65	1237.72	49.0	7.42	7.73
PTHR10943	8187.0	7896.95	1327.0	52.43	54.6
PTHR12897	2323.08	2198.74	145.0	15.37	16.0
PTHR12894	5127.0	4919.67	360.54	28.55	29.72
PTHR12891	3140.0	3057.06	90.0	5.3	5.52
PTHR22976	8931.61	8682.8	4292.41	205.55	214.07
PTHR22975	2637.83	2554.89	394.0	23.72	24.7
PTHR21377	2689.0	2564.61	1482.95	109.07	113.58
PTHR21371	2810.0	2685.59	7302.56	544.15	566.68
PTHR21373	2815.0	2773.53	97.0	2.73	2.84
PTHR22573	9475.6	9268.25	2868.0	124.02	129.16
PTHR22572	16792.36	16211.86	10705.02	647.33	674.12
PTHR13060	1279.0	1237.53	95.41	6.04	6.29
PTHR21000	2341.0	2258.06	2305.0	157.09	163.59
PTHR10701	2709.0	2626.06	343.0	20.61	21.46
PTHR13161	1356.08	1273.16	138.0	16.23	16.9
PTHR13162	8043.06	7794.31	1760.74	86.35	89.93
PTHR13165	1364.0	1322.53	254.0	15.03	15.65
PTHR21396	1771.0	1688.06	532.0	60.5	63.0
PTHR12965	4300.17	4258.71	651.0	11.92	12.41
PTHR12459	3932.0	3807.59	244.0	13.27	13.82
PTHR10681	4118.31	3952.45	3588.99	210.25	218.96
PTHR24106	3870.0	3745.6	586.0	27.6	28.74
PTHR24103	1480.72	1397.78	44.0	5.1	5.31
PTHR11540	4576.07	4368.78	3303.16	207.5	216.08
PTHR10836	7844.0	7512.33	32743.02	1964.09	2045.34
PTHR10835	2526.0	2484.53	528.0	16.59	17.27
PTHR11545	4425.0	4217.67	5790.15	435.05	453.05
PTHR10012	2019.0	1936.07	101.0	7.54	7.85
PTHR13768	2102.0	2019.07	344.0	16.58	17.26
PTHR24078	26315.25	25527.37	3568.21	145.45	151.47
PTHR11946	29848.0	28977.22	4270.91	201.12	209.43
PTHR11947	4329.0	4204.59	459.0	24.92	25.94
PTHR11941	8431.26	8182.45	2219.76	116.44	121.27
PTHR10497	1883.89	1759.51	3291.74	278.43	289.95
PTHR24073	31008.14	29929.99	13864.41	832.78	867.24
PTHR10491	1645.0	1603.53	160.0	7.8	8.12
PTHR24076	25446.41	24658.56	10940.12	559.15	582.3
PTHR24077	13036.6	12538.98	1277.32	100.42	104.58
PTHR11728	4606.0	4523.06	865.0	29.91	31.14
PTHR11726	2573.0	2407.19	5231.39	353.87	368.52
PTHR11727	2567.55	2443.18	425.99	30.78	32.06
PTHR11721	1935.0	1810.61	2331.98	209.25	217.91
PTHR11722	2642.0	2517.59	2846.0	206.43	214.98
PTHR10120	3887.0	3804.06	1466.0	60.44	62.94
PTHR10122	1351.14	1268.24	2356.0	198.78	207.0
PTHR11831	3376.0	3210.13	4324.03	331.3	345.01
PTHR11835	5084.87	4960.46	2805.0	134.75	140.33
PTHR11614	8606.26	8398.91	2503.24	113.72	118.43
PTHR11615	6120.0	5912.73	2554.58	87.55	91.17
PTHR11618	2167.11	2042.73	84.01	8.1	8.44
PTHR14140	2240.0	2198.53	175.0	6.22	6.47
PTHR32419	3181.0	3098.06	1147.04	60.24	62.73
PTHR10231	5749.44	5500.67	914.1	66.19	68.93
PTHR10233	4912.0	4787.59	1369.0	66.14	68.88
PTHR20922	3576.81	3452.4	1862.0	94.12	98.01
PTHR31503	3395.0	3312.06	633.96	29.08	30.29
PTHR23147	2956.52	2873.58	961.06	48.57	50.58
PTHR23140	3841.09	3799.62	360.0	7.39	7.69
PTHR23142	4291.45	4208.51	451.67	21.83	22.74
PTHR23149	1314.0	1272.53	52.0	3.2	3.33
PTHR23148	1528.25	1445.35	680.32	55.4	57.69
PTHR11361	26726.12	25855.36	2074.04	118.33	123.21
PTHR11056	3311.0	3228.06	2569.0	87.52	91.13
PTHR11055	4102.0	4019.06	1568.0	68.26	71.08
PTHR32523	2845.0	2762.06	380.0	21.5	22.39
PTHR31695	3055.0	3013.53	259.0	6.71	6.98
PTHR10540	4837.15	4671.27	1881.07	114.52	119.27
PTHR12629	1354.0	1312.53	810.08	48.3	50.3
PTHR18945	24908.47	24120.71	2706.06	134.91	140.48
PTHR26402	6708.4	6542.55	1256.93	47.19	49.15
PTHR19384	13776.34	13320.21	8579.89	469.85	489.27
PTHR12714	5372.0	5206.12	444.0	27.73	28.87
PTHR32251	2462.8	2379.88	845.51	62.09	64.66
PTHR12570	3933.04	3850.11	354.54	14.49	15.08
PTHR21494	1195.94	1154.48	39.0	2.65	2.76
PTHR21496	3116.0	3033.06	327.0	15.9	16.56
PTHR21493	25046.35	24300.08	1998.74	114.72	119.48
PTHR21499	8881.0	8756.59	2860.96	74.0	77.06
PTHR21148	2484.87	2401.93	807.0	53.17	55.37
PTHR12083	1406.86	1365.39	121.0	6.93	7.22
PTHR22904	39268.25	37982.81	8041.4	445.87	464.31
PTHR13976	1911.36	1828.43	690.01	60.84	63.36
PTHR19855	1438.69	1355.76	134.88	15.16	15.79
PTHR13353	1393.0	1351.53	181.0	10.48	10.91
PTHR16128	4133.0	4050.06	422.0	16.06	16.73
PTHR12400	1611.0	1528.06	60.0	5.98	6.23
PTHR12403	2068.0	1985.06	463.45	44.16	45.98
PTHR30314	3797.28	3714.34	663.0	30.73	32.0
PTHR12882	1155.61	1114.14	157.0	11.04	11.5
PTHR12883	1950.45	1867.55	608.0	31.1	32.38
PTHR16255	1561.0	1519.53	128.0	6.59	6.86
PTHR16254	11417.0	11168.18	3371.0	102.61	106.85
PTHR22960	2729.0	2646.07	285.0	16.62	17.3
PTHR13373	2748.0	2706.53	177.0	5.1	5.31
PTHR13375	2115.0	2073.53	94.0	3.54	3.69
PTHR22967	3388.0	3263.59	679.8	40.9	42.59
PTHR19858	3444.38	3319.97	287.99	19.78	20.6
PTHR30222	2503.06	2461.6	272.01	8.63	8.98
PTHR13115	3587.0	3421.17	110.0	6.6	6.87
PTHR13117	1934.0	1851.07	106.45	8.02	8.36
PTHR13285	342.0	300.58	0.0	0.0	0.0
PTHR13288	1892.0	1767.63	37.0	6.91	7.2
PTHR10953	16303.59	15847.46	2836.01	149.82	156.02
PTHR10954	2023.84	1940.92	241.03	19.07	19.86
PTHR21726	4221.0	4096.59	687.99	52.79	54.97
PTHR10956	1449.0	1324.64	4077.08	523.12	544.77
PTHR11538	4423.0	4298.64	1095.94	42.1	43.84
PTHR10826	1871.0	1788.06	350.0	30.55	31.82
PTHR11533	7271.77	7147.45	6427.26	174.44	181.66
PTHR11532	2839.0	2714.59	248.0	22.45	23.37
PTHR10000	5347.25	5181.38	2593.09	168.39	175.34
PTHR13021	1265.0	1223.53	238.0	15.23	15.86
PTHR12290	2063.33	1980.4	313.0	24.88	25.91
PTHR11706	8818.24	8610.93	1304.68	52.52	54.69
PTHR24007	3183.0	2975.72	172.0	21.0	21.88
PTHR24006	36916.37	36004.25	3739.97	179.63	187.06
PTHR24003	21063.01	20482.49	7626.21	383.0	398.84
PTHR31446	2688.0	2563.59	568.0	51.83	53.98
PTHR31190	17550.87	17053.32	4238.33	179.92	187.37
PTHR11441	1696.0	1654.53	122.0	5.76	6.0
PTHR11440	7631.07	7299.38	1681.29	104.34	108.64
PTHR11999	6757.06	6632.65	44237.74	1716.32	1787.33
PTHR11998	7052.35	6845.09	738.3	34.65	36.09
PTHR11449	1936.0	1811.61	2108.0	197.37	205.53
PTHR11994	2577.0	2452.59	5111.46	441.47	459.74
PTHR10133	9092.24	8801.96	776.0	44.82	46.66
PTHR13620	6217.61	5885.96	412.0	37.21	38.75
PTHR11705	1586.0	1544.53	72.0	3.65	3.8
PTHR11847	2009.63	1926.7	3487.05	206.55	215.09
PTHR11843	1655.57	1572.65	4157.78	334.86	348.73
PTHR13138	812.0	770.53	78.0	7.95	8.28
PTHR11661	3205.89	3040.03	3961.66	373.3	388.74
PTHR11662	16849.8	16269.35	2386.99	178.32	185.71
PTHR11669	4517.0	4351.13	442.0	30.94	32.21
PTHR11668	23509.99	22888.0	12418.35	556.39	579.42
PTHR20856	12069.65	11862.34	1158.99	35.35	36.81
PTHR20854	11150.76	10860.48	3780.62	201.93	210.31
PTHR20855	2667.0	2625.53	2391.0	71.07	74.01
PTHR20852	10480.48	10024.41	63103.92	4029.73	4196.45
PTHR32404	4917.04	4792.66	876.5	47.33	49.29
PTHR20858	3881.42	3798.48	246.09	13.59	14.15
PTHR30603	4624.12	4541.18	3462.64	119.52	124.47
PTHR14898	2860.66	2819.2	594.0	16.44	17.12
PTHR14237	4513.38	4223.16	324.0	36.66	38.18
PTHR14894	2447.0	2405.53	114.0	3.7	3.85
PTHR23155	239784.57	232114.33	17720.12	862.1	897.86
PTHR23153	3688.0	3605.06	782.0	29.94	31.17
PTHR23151	16002.19	15338.79	8151.89	591.27	615.75
PTHR11063	2616.0	2574.53	10464.67	317.25	330.37
PTHR11062	69500.31	67759.05	5955.69	257.91	268.6
PTHR11061	8133.0	7801.28	641.0	44.07	45.91
PTHR11065	2362.59	2321.13	2848.96	95.83	99.79
PTHR11064	2799.08	2674.68	1555.0	116.17	120.97
PTHR11260	18139.51	17517.49	11128.13	704.93	734.08
PTHR11266	5517.0	5309.65	842.62	71.6	74.54
PTHR13501	2149.0	2066.08	193.0	8.97	9.34
PTHR31998	5674.0	5508.12	15822.49	457.2	476.11
PTHR31221	49309.47	47941.22	7900.8	387.19	403.21
PTHR22881	883.29	841.82	386.0	35.99	37.48
PTHR15838	725.0	642.13	26.0	6.5	6.77
PTHR22836	1600.58	1559.11	98.0	4.91	5.12
PTHR32338	1758.0	1716.53	1630.0	74.22	77.29
PTHR23270	5014.38	4765.67	250.0	24.5	25.51
PTHR31407	4788.0	4622.12	886.56	58.6	61.04
PTHR12363	9456.4	9249.08	906.83	44.77	46.63
PTHR20932	4217.4	4134.46	415.0	15.16	15.79
PTHR18952	6341.19	6133.87	4032.85	171.87	178.99
PTHR21213	1138.68	1097.21	565.0	40.34	42.01
PTHR12765	2480.0	2314.15	164.0	19.74	20.55
PTHR12505	3050.0	2967.06	700.0	37.32	38.87
PTHR22603	1324.0	1282.53	26.0	1.59	1.65
PTHR22604	10817.43	10402.75	1673.75	129.89	135.25
PTHR21481	3711.85	3670.38	323.79	6.88	7.16
PTHR23029	13362.27	12989.08	3397.59	185.42	193.09
PTHR22778	766.0	724.53	83.0	9.0	9.38
PTHR19446	7694.0	7528.14	33.0	0.93	0.96
PTHR12219	907.4	865.93	824.97	74.77	77.86
PTHR13561	6845.0	6679.12	158.0	8.43	8.77
PTHR13563	1451.0	1409.53	108.01	5.99	6.24
PTHR12210	19017.03	18519.4	3432.23	174.32	181.57
PTHR12215	2663.43	2580.49	57.0	4.25	4.43
PTHR12214	2026.46	1984.99	68.0	2.68	2.79
PTHR22915	10007.79	9717.52	3985.29	221.76	230.94
PTHR22911	9886.11	9637.29	2441.92	115.91	120.7
PTHR22912	14757.5	14384.29	8098.91	360.29	375.21
PTHR12183	7123.23	6874.42	2818.63	156.76	163.25
PTHR19849	2366.67	2283.74	226.0	14.77	15.38
PTHR22594	16985.0	16528.83	1898.0	89.51	93.21
PTHR21152	5822.05	5656.17	1969.0	100.58	104.75
PTHR12000	2817.0	2734.06	2417.0	109.38	113.91
PTHR21021	1366.0	1324.53	227.0	13.41	13.97
PTHR13102	1448.0	1406.53	327.13	18.2	18.95
PTHR12984	6049.0	5966.06	1725.0	44.22	46.05
PTHR23293	4930.72	4806.31	355.0	17.05	17.76
PTHR12302	3549.0	3507.53	1119.0	24.88	25.91
PTHR13299	2114.0	2031.07	115.0	8.92	9.29
PTHR10925	3308.38	3184.09	278.92	15.09	15.71
PTHR21737	4436.62	4229.35	102.0	8.59	8.94
PTHR10920	9283.13	9075.79	1415.98	50.87	52.98
PTHR10585	6127.21	5919.87	598.63	36.22	37.72
PTHR10584	16868.58	16370.96	4124.87	194.44	202.49
PTHR11528	14305.02	13890.52	2783.93	109.99	114.52
PTHR11527	7428.28	7138.01	3237.99	199.5	207.75
PTHR12169	1026.41	984.96	26.0	2.07	2.15
PTHR10859	7339.0	7173.12	888.87	40.62	42.3
PTHR10589	2046.0	1963.06	725.0	55.63	57.94
PTHR10588	5972.77	5806.94	2232.0	64.97	67.66
PTHR13038	3583.0	3500.06	109.0	4.69	4.88
PTHR13748	6503.74	6296.4	2101.05	96.16	100.13
PTHR13743	19803.93	19264.85	1936.14	97.64	101.67
PTHR24015	125190.32	122121.7	15127.42	631.26	657.39
PTHR24012	23479.04	22276.81	24602.01	1813.19	1888.19
PTHR24011	36065.71	34697.49	9297.44	446.73	465.22
PTHR31187	3411.0	3286.59	2991.0	199.1	207.32
PTHR21145	953.0	911.53	100.0	8.61	8.96
PTHR11453	4226.66	4102.29	209.92	18.5	19.26
PTHR10108	38801.93	37599.37	6949.38	382.76	398.57
PTHR11986	12446.0	12031.5	7718.41	354.25	368.9
PTHR11455	10878.14	10504.94	2726.46	137.57	143.26
PTHR10102	4309.0	4101.69	259.97	18.34	19.11
PTHR11458	1824.0	1782.53	3934.35	172.49	179.62
PTHR10106	1431.0	1389.53	653.0	36.77	38.29
PTHR30544	6634.74	6427.42	1316.0	66.43	69.18
PTHR31057	2062.7	1938.32	144.0	17.83	18.55
PTHR30115	1043.0	1001.53	1316.21	103.03	107.29
PTHR11851	27365.97	26702.47	10399.95	414.38	431.53
PTHR23092	11707.0	11333.78	486.0	28.98	30.19
PTHR23091	15985.44	15404.93	1813.26	122.8	127.87
PTHR11673	3183.0	3058.59	3904.49	283.9	295.64
PTHR11670	7719.88	7512.56	10057.24	320.56	333.84
PTHR11671	1438.0	1396.53	572.0	32.04	33.37
PTHR20863	3821.31	3613.99	4996.06	470.66	490.14
PTHR20861	3209.27	3126.34	1787.0	89.4	93.1
PTHR11679	10020.0	9771.18	1900.0	102.66	106.91
PTHR14009	7440.0	7315.59	1210.0	32.83	34.2
PTHR10217	24248.21	23792.05	3183.0	96.34	100.31
PTHR10210	6271.0	6063.65	1706.88	104.0	108.3
PTHR31522	1587.46	1545.99	110.0	5.56	5.79
PTHR14221	1153.0	1111.53	49.0	3.45	3.6
PTHR14269	1406.6	1365.13	904.0	51.81	53.96
PTHR11079	7352.32	7144.98	1141.13	63.31	65.94
PTHR11076	8682.72	8351.0	179.91	16.06	16.7
PTHR11071	27614.06	26618.82	31769.04	2246.01	2338.92
PTHR11278	2389.0	2264.6	3563.53	294.87	307.08
PTHR11276	2448.71	2407.25	356.1	11.55	12.03
PTHR11274	5234.0	5068.12	908.0	55.97	58.29
PTHR14136	3575.89	3451.49	2864.66	200.39	208.69
PTHR31984	7035.8	6828.47	1044.08	55.02	57.29
PTHR15350	2471.0	2388.06	876.48	57.78	60.17
PTHR15606	2090.0	2007.07	253.0	15.81	16.47
PTHR12374	2679.77	2555.36	118.0	12.51	13.03
PTHR12375	2446.0	2321.6	33.0	2.32	2.41
PTHR12378	2790.0	2707.06	655.0	37.83	39.39
PTHR18929	17929.11	17348.64	22443.23	1175.42	1224.05
PTHR12777	1330.0	1247.07	1768.96	203.24	211.65
PTHR12775	3414.27	3289.87	447.01	22.23	23.15
PTHR12770	7496.14	7288.8	548.12	26.75	27.86
PTHR20982	1330.0	1288.53	1085.01	65.91	68.63
PTHR24352	1396.96	1355.5	255.0	14.72	15.33
PTHR16092	3093.0	3051.53	1409.0	36.02	37.51
PTHR12406	3588.8	3505.86	742.94	28.33	29.5
PTHR11035	2941.35	2817.0	299.0	17.41	18.13
PTHR22298	16399.0	15942.83	3141.0	125.81	131.03
PTHR12174	5125.0	5000.59	1294.78	64.79	67.47
PTHR12175	1375.0	1333.53	353.0	20.71	21.57
PTHR12176	10955.73	10582.59	2029.45	134.9	140.48
PTHR22769	4375.35	4250.95	472.0	26.04	27.13
PTHR22767	5826.9	5702.49	1128.0	32.22	33.56
PTHR22765	3958.68	3875.75	2738.16	108.26	112.74
PTHR22762	5185.33	5019.53	856.66	33.07	34.43
PTHR22763	1070.0	987.08	32.0	5.96	6.21
PTHR22761	2817.69	2734.76	1170.85	66.92	69.68
PTHR21231	3874.43	3750.02	471.0	28.99	30.2
PTHR21230	5737.36	5530.04	898.0	50.8	52.89
PTHR21234	1100.0	1058.53	232.0	17.18	17.89
PTHR21237	2437.0	2354.06	660.0	45.12	46.99
PTHR12202	1573.0	1407.26	54.0	12.0	12.5
PTHR12203	3844.95	3762.02	681.36	29.02	30.22
PTHR19857	1723.0	1681.53	303.0	14.09	14.67
PTHR19854	2811.0	2728.06	116.0	6.43	6.7
PTHR19852	3551.0	3385.14	296.0	18.49	19.25
PTHR19853	3866.0	3700.14	139.0	10.81	11.25
PTHR12197	9816.54	9401.98	427.88	40.62	42.31
PTHR13822	1859.0	1776.06	1359.0	100.7	104.87
PTHR21649	15729.62	15024.73	76178.24	5288.03	5506.82
PTHR10344	1307.0	1265.53	92.0	5.69	5.93
PTHR13273	1476.0	1434.53	528.0	28.79	29.98
PTHR10732	2646.0	2480.14	3473.58	308.09	320.83
PTHR10738	3238.0	3113.59	431.01	27.94	29.09
PTHR10739	1905.0	1863.53	317.0	13.29	13.84
PTHR12992	1147.0	1105.53	157.0	11.13	11.59
PTHR11588	7346.07	7097.35	2261.75	135.19	140.79
PTHR11934	3710.0	3585.59	1987.47	150.32	156.55
PTHR10693	2358.0	2275.07	340.0	23.65	24.63
PTHR10938	2210.27	2127.34	137.99	10.16	10.57
PTHR10934	1468.0	1385.07	4926.0	440.34	458.56
PTHR11510	3431.55	3307.17	684.0	65.83	68.55
PTHR11516	6406.0	6240.13	9372.26	444.89	463.3
PTHR10025	4655.45	4531.05	1127.0	54.87	57.13
PTHR10026	8047.98	7799.16	981.0	56.66	59.0
PTHR10027	7067.22	6735.51	3433.96	211.99	220.76
PTHR13009	2989.0	2906.06	441.0	22.67	23.61
PTHR13007	1443.0	1360.07	114.0	13.07	13.61
PTHR10598	2154.0	2112.53	47.0	1.74	1.81
PTHR10430	5358.83	5110.05	2854.69	222.19	231.39
PTHR17901	777.33	735.88	417.0	44.53	46.37
PTHR24351	7213.25	7005.91	17227.18	930.45	968.96
PTHR20981	2148.0	2023.6	2101.0	200.76	209.06
PTHR23429	4651.51	4568.57	1538.0	52.16	54.31
PTHR11467	2838.0	2755.06	5912.16	341.36	355.47
PTHR10119	9415.0	9166.21	1564.99	68.23	71.06
PTHR10110	16774.72	16318.57	1742.0	87.73	91.34
PTHR11469	4783.93	4701.0	5225.03	165.24	172.09
PTHR11863	9628.34	9296.61	1240.0	78.64	81.91
PTHR24286	3389.0	3264.59	84.0	7.09	7.38
PTHR11864	3598.37	3308.23	137.0	17.92	18.67
PTHR23426	2456.7	2373.76	182.0	10.45	10.88
PTHR10593	9703.02	9412.76	1702.87	46.06	47.97
