GeneFamily	length	effective_length	expected_count	TPM	FPKM
PTHR11649	10027.0	9577.3	16.0	4.51	3.0
PTHR31089	955.0	914.11	1.0	0.34	0.23
PTHR31085	3854.0	3608.67	1.0	0.46	0.31
PTHR11647	3481.0	3358.33	4.0	1.52	1.02
PTHR11880	1735.0	1653.22	566.0	243.21	162.07
PTHR11885	405.0	364.11	12.0	10.46	6.97
PTHR10209	5813.0	5649.44	8.0	1.77	1.18
PTHR32429	2584.94	2503.16	405.99	91.65	61.08
PTHR12403	1809.0	1727.22	9.0	2.79	1.86
PTHR31423	851.0	810.11	8.0	3.1	2.07
PTHR31551	1317.0	1276.11	15.0	3.68	2.45
PTHR32195	639.0	598.11	12.0	6.33	4.22
PTHR11081	3409.0	3286.33	5.0	1.1	0.73
PTHR11080	1868.69	1786.9	10.0	3.48	2.32
PTHR11082	6625.29	6420.84	11.0	2.32	1.54
PTHR11085	8623.0	8377.66	62.0	12.19	8.11
PTHR11645	2105.0	2023.22	19.0	5.07	3.38
PTHR11089	9512.0	9184.88	37.0	10.23	6.83
PTHR32518	5307.28	5102.84	12.0	3.92	2.61
PTHR11247	3644.31	3562.53	2175.09	280.74	187.07
PTHR11246	10541.53	10091.78	49.0	12.1	8.06
PTHR32512	3674.99	3552.31	8.0	2.6	1.74
PTHR23088	6649.0	6444.55	17.0	3.84	2.55
PTHR23089	1543.0	1461.22	42.0	14.99	9.99
PTHR23081	2648.0	2525.33	11.0	3.82	2.55
PTHR23083	37506.0	36361.12	179.0	32.82	21.89
PTHR23084	2727.29	2604.62	34.0	15.49	10.32
PTHR23086	755.0	673.24	0.0	0.0	0.0
PTHR18806	1927.0	1845.22	13.0	4.31	2.87
PTHR31953	14558.0	14312.66	36.0	3.49	2.32
PTHR15184	11574.0	11206.0	382.0	71.45	47.62
PTHR15341	595.0	554.11	1.0	0.57	0.38
PTHR15169	2152.0	2070.22	0.0	0.0	0.0
PTHR12341	4781.0	4535.67	7.0	2.65	1.77
PTHR15160	6911.0	6747.44	24.0	4.74	3.16
PTHR18937	5159.0	4791.03	11.0	5.65	3.77
PTHR18934	17343.58	16566.74	63.0	12.84	8.56
PTHR12742	2669.87	2588.13	47.0	8.26	5.5
PTHR12741	2139.0	2057.22	9.0	4.08	2.72
PTHR19288	5152.0	4906.77	12.0	3.81	2.54
PTHR13902	6169.0	6005.44	31.0	5.93	3.96
PTHR13903	3282.0	3200.22	2.0	0.4	0.27
PTHR22753	1410.0	1328.23	0.0	0.0	0.0
PTHR22939	25491.94	24837.83	267.0	32.72	21.78
PTHR22938	1676.0	1553.37	3.0	2.42	1.61
PTHR16266	787.0	746.11	0.0	0.0	0.0
PTHR30612	5843.0	5679.45	23.0	1.62	1.08
PTHR22932	591.0	550.11	5.0	2.87	1.91
PTHR22931	15244.82	14876.82	1674.57	156.46	104.26
PTHR22936	7316.74	7071.39	138.0	29.55	19.69
PTHR31038	1197.0	1156.11	3.0	0.81	0.54
PTHR13832	45342.61	44197.78	522.0	76.13	50.75
PTHR21139	2134.0	2093.11	119.0	17.77	11.84
PTHR21136	7705.0	7500.55	61.0	12.98	8.64
PTHR12526	37921.32	36858.17	185.0	26.14	17.39
PTHR13124	816.0	775.11	1.0	0.41	0.27
PTHR13120	945.0	904.11	10.0	3.47	2.31
PTHR22809	315.0	274.15	0.0	0.0	0.0
PTHR22807	5067.5	4781.3	12.0	5.09	3.39
PTHR20661	385.0	344.12	1.0	0.92	0.62
PTHR10900	24177.96	23646.39	1743.05	246.12	164.0
PTHR10906	4453.18	4248.75	65.0	17.17	11.44
PTHR10909	19962.0	19471.33	372.94	58.25	38.82
PTHR10055	3245.0	3163.22	19.0	4.0	2.66
PTHR10057	5077.0	4913.44	139.0	34.91	23.27
PTHR10052	1025.0	984.11	465.0	148.3	98.82
PTHR13017	833.0	792.11	3.0	1.19	0.79
PTHR10693	1642.0	1560.22	1.0	0.48	0.32
PTHR10694	4915.92	4629.77	16.0	6.31	4.21
PTHR12839	924.0	842.23	0.0	0.0	0.0
PTHR13923	4007.0	3925.22	19.0	1.71	1.14
PTHR12835	1223.0	1182.11	4.0	1.06	0.71
PTHR24031	70644.89	68191.73	1134.27	162.26	108.08
PTHR24032	1652.0	1611.11	8.0	1.55	1.04
PTHR23291	6201.0	6037.44	150.0	32.05	21.36
PTHR24349	48616.8	47308.42	251.0	39.75	26.51
PTHR24619	3851.41	3687.89	76.0	18.78	12.51
PTHR24343	28859.01	28000.33	312.0	58.89	39.23
PTHR11472	6424.0	6137.8	67.0	23.41	15.6
PTHR24347	8198.35	7871.23	56.0	24.49	16.31
PTHR11476	4660.0	4496.45	21.0	3.44	2.3
PTHR11477	1343.5	1261.72	1.0	0.59	0.4
PTHR10476	3535.0	3371.44	52.01	14.2	9.46
PTHR24290	6456.0	6251.56	31.0	7.7	5.13
PTHR23413	526.0	485.11	381.0	248.25	165.43
PTHR23417	742.5	660.79	0.0	0.0	0.0
PTHR23416	3743.0	3620.33	19.0	3.39	2.27
PTHR23415	1736.0	1695.11	17.0	3.14	2.09
PTHR10871	4853.6	4690.04	300.0	132.17	88.07
PTHR10877	8903.17	8412.51	13.0	3.54	2.36
PTHR11879	4809.35	4686.67	62.0	11.76	7.83
PTHR24316	10393.0	10147.66	332.0	56.94	37.94
PTHR31724	2114.0	1991.34	25.0	16.29	10.85
PTHR11655	3085.0	2921.44	477.0	225.45	150.23
PTHR11652	718.0	677.11	387.81	180.33	120.17
PTHR20883	2387.92	2306.14	19.0	5.76	3.84
PTHR11895	9004.0	8717.79	49.0	12.36	8.23
PTHR10277	3597.0	3515.22	15.0	2.61	1.73
PTHR14027	2927.0	2804.33	6.0	1.89	1.25
PTHR24095	11454.61	10963.99	102.0	24.44	16.3
PTHR24092	8183.48	7897.29	14.0	2.26	1.5
PTHR23180	6321.0	5912.14	17.0	9.86	6.56
PTHR14593	338.0	297.13	0.0	0.0	0.0
PTHR11093	1360.89	1320.0	18.04	4.28	2.85
PTHR11096	3220.0	3097.33	11.0	2.97	1.98
PTHR23346	8738.04	8410.92	28.0	5.11	3.4
PTHR11099	2750.0	2627.33	16.0	6.19	4.13
PTHR10309	1906.0	1824.22	13.0	3.94	2.63
PTHR11252	1663.0	1581.22	3.0	1.28	0.85
PTHR11254	16288.56	15756.98	65.0	13.8	9.2
PTHR11255	1798.0	1757.11	1.0	0.18	0.12
PTHR14110	759.0	718.11	7.0	3.07	2.04
PTHR14374	2448.45	2407.55	46.0	5.97	3.98
PTHR18838	2335.0	2294.11	11.0	1.5	1.0
PTHR12687	700.0	618.26	0.0	0.0	0.0
PTHR15157	4662.43	4498.86	15.0	4.29	2.86
PTHR18901	3514.0	3350.44	17.0	5.28	3.51
PTHR12755	1493.72	1452.82	7.0	1.51	1.01
PTHR12750	2802.0	2597.6	2.0	0.73	0.49
PTHR12753	1874.0	1833.11	7.0	1.19	0.8
PTHR15081	1198.0	1157.11	1.0	0.27	0.18
PTHR15574	7286.0	6917.99	14.0	6.83	4.54
PTHR23109	1775.0	1734.11	14.0	2.53	1.68
PTHR13931	10212.44	9762.73	18.0	6.07	4.05
PTHR12358	2589.5	2425.94	7.0	2.6	1.73
PTHR22748	5021.33	4776.0	29.0	9.39	6.26
PTHR12356	3577.0	3454.33	18.0	4.91	3.27
PTHR12221	2515.0	2433.22	7.0	1.55	1.03
PTHR19879	1776.0	1653.33	1.0	0.42	0.28
PTHR12226	1097.0	1056.11	9.0	2.67	1.78
PTHR19876	5192.0	5069.33	33.0	6.38	4.25
PTHR19877	3037.0	2914.33	210.0	82.9	55.24
PTHR21689	1239.0	1157.22	1.0	0.57	0.38
PTHR31442	2877.0	2836.11	35.0	3.85	2.57
PTHR12538	843.0	802.11	412.0	161.47	107.6
PTHR12537	1107.0	1066.11	0.0	0.0	0.0
PTHR12532	2290.0	2249.11	25.0	3.47	2.32
PTHR13486	1061.0	1020.11	16.0	4.92	3.28
PTHR20275	2222.5	2058.96	3.0	1.7	1.14
PTHR13489	454.0	413.11	0.0	0.0	0.0
PTHR17583	5728.0	5482.66	5.0	2.18	1.46
PTHR10150	3866.0	3702.44	5.0	0.88	0.59
PTHR24198	23532.65	22919.32	349.97	46.98	31.29
PTHR10048	6072.41	5786.21	7.0	2.76	1.85
PTHR10046	3744.6	3581.05	8.0	2.8	1.86
PTHR10044	2151.0	2069.22	8.0	2.27	1.51
PTHR13060	317.0	276.15	0.0	0.0	0.0
PTHR10687	1574.0	1533.11	27.0	5.51	3.67
PTHR10681	12888.81	12479.91	154.98	40.39	26.91
PTHR10682	1029.93	989.04	3.0	0.95	0.63
PTHR10683	6039.0	5875.44	320.0	43.78	29.18
PTHR12829	2611.0	2529.22	16.0	3.94	2.62
PTHR12820	3228.0	3146.22	5.0	1.05	0.7
PTHR12826	619.0	578.11	0.0	0.0	0.0
PTHR12827	362.0	321.12	0.0	0.0	0.0
PTHR17920	509.0	468.11	0.0	0.0	0.0
PTHR11405	8680.14	8516.57	175.0	24.91	16.6
PTHR11404	3238.0	3115.33	52.0	13.38	8.91
PTHR11406	2251.0	2210.11	1060.0	149.92	99.9
PTHR32357	516.0	475.11	0.0	0.0	0.0
PTHR13468	918.0	877.11	0.0	0.0	0.0
PTHR13018	15235.85	14622.63	60.0	9.49	6.32
PTHR10954	377.0	336.12	0.0	0.0	0.0
PTHR23406	8132.0	7764.02	23.0	7.91	5.26
PTHR23407	1077.0	1036.11	10.0	3.03	2.02
PTHR10869	23023.76	22451.3	769.0	114.34	76.19
PTHR31717	795.0	754.11	1.0	0.42	0.28
PTHR22942	2727.0	2563.44	3.0	1.66	1.1
PTHR12696	3976.0	3853.34	16.0	3.19	2.12
PTHR11315	4852.0	4729.33	48.0	8.42	5.62
PTHR10139	1220.0	1138.22	2.0	1.66	1.1
PTHR10264	5058.0	4935.33	114.0	22.5	15.0
PTHR10263	1874.0	1792.22	181.0	57.4	38.24
PTHR31407	6190.85	5986.39	897.98	183.57	122.32
PTHR32170	1891.0	1768.34	3.0	1.37	0.92
PTHR23350	1829.0	1747.22	6.0	2.11	1.4
PTHR23354	2512.95	2390.28	85.0	19.72	13.14
PTHR23355	4634.94	4471.4	24.0	6.88	4.59
PTHR23359	11076.0	10830.66	136.0	19.7	13.13
PTHR11227	2667.0	2585.22	2.0	0.52	0.35
PTHR11220	8374.0	8128.66	222.0	37.08	24.7
PTHR11223	4195.0	4072.38	6.0	2.7	1.8
PTHR11229	2946.0	2864.22	56.0	13.69	9.12
PTHR10314	13678.0	13269.1	537.0	104.54	69.67
PTHR14303	701.0	660.11	4.0	1.91	1.27
PTHR14085	1767.0	1685.22	3.0	0.96	0.64
PTHR11139	16715.0	15815.54	36.0	9.91	6.62
PTHR15362	847.2	765.79	2.0	2.15	1.43
PTHR11132	26233.72	25416.14	177.0	42.66	28.43
PTHR11134	4342.0	4219.33	22.0	4.32	2.89
PTHR11136	2292.0	2087.6	1.0	0.83	0.55
PTHR32374	4975.4	4893.63	226.0	19.53	13.01
PTHR31579	9664.0	9541.33	93.0	8.93	5.94
PTHR32379	302.0	261.16	0.0	0.0	0.0
PTHR18919	3759.0	3677.22	110.0	21.14	14.08
PTHR32002	976.61	935.72	5.0	1.68	1.12
PTHR14413	1743.0	1661.22	61.0	16.82	11.21
PTHR21368	1983.0	1901.22	12.0	3.47	2.31
PTHR24067	24285.77	23549.75	364.0	80.77	53.82
PTHR10072	7165.0	7001.44	23.0	4.31	2.88
PTHR12786	3107.0	2943.44	27.01	6.98	4.65
PTHR11706	2508.0	2385.35	3.0	0.55	0.37
PTHR12782	1310.0	1269.11	13.0	3.21	2.14
PTHR11742	5327.0	5040.8	10.0	2.99	1.98
PTHR21213	1244.46	1203.57	36.0	9.37	6.25
PTHR11210	1035.0	994.11	20.0	6.31	4.21
PTHR12321	6017.12	5853.58	69.0	11.8	7.86
PTHR12320	11135.0	10971.44	174.0	17.4	11.59
PTHR12323	326.0	285.14	0.0	0.0	0.0
PTHR16201	2840.0	2676.44	1.0	0.71	0.47
PTHR10774	10246.32	9837.48	111.0	27.74	18.48
PTHR16196	3014.0	2891.33	11.0	4.27	2.84
PTHR16193	464.0	423.11	0.0	0.0	0.0
PTHR22792	3572.0	3367.56	13.0	5.58	3.71
PTHR22790	2562.0	2480.22	4.0	1.12	0.75
PTHR21680	1338.0	1297.11	5.0	1.21	0.8
PTHR21113	1065.0	983.24	1.0	0.46	0.31
PTHR19316	1322.69	1281.8	16.0	3.91	2.61
PTHR21663	329.0	288.14	0.0	0.0	0.0
PTHR13253	11730.38	11280.61	215.0	64.6	43.04
PTHR22603	4137.0	4055.22	9.0	2.06	1.37
PTHR21206	1116.0	1075.11	5.0	1.46	0.97
PTHR13789	20879.86	20266.51	115.0	27.42	18.28
PTHR10071	8253.0	8130.33	100.0	9.2	6.12
PTHR24188	7238.63	6993.3	137.0	24.57	16.38
PTHR13780	7895.29	7568.16	332.97	70.56	47.02
PTHR10670	2895.0	2690.55	0.0	0.0	0.0
PTHR10677	1390.0	1308.23	9.0	4.79	3.19
PTHR13078	4258.53	4135.85	47.0	9.56	6.36
PTHR12815	3741.0	3536.55	19.0	7.15	4.76
PTHR12814	1811.0	1729.22	17.0	6.58	4.39
PTHR24361	12897.0	12569.88	113.0	13.17	8.78
PTHR24362	18031.44	17377.21	115.0	25.0	16.66
PTHR10416	386.0	345.12	1.0	0.92	0.61
PTHR10410	5735.0	5571.44	224.47	34.52	22.99
PTHR10783	8387.0	8100.98	193.0	50.75	33.82
PTHR10782	3947.0	3865.22	12.0	1.8	1.2
PTHR13476	1028.0	987.11	7.0	2.23	1.48
PTHR10788	6624.5	6379.4	22.0	4.76	3.17
PTHR10891	24757.12	24184.66	509.08	99.23	66.13
PTHR10890	4799.0	4635.46	27.0	6.31	4.21
PTHR20426	657.23	616.34	3.0	1.53	1.02
PTHR23213	2272.0	2149.33	5.0	3.64	2.42
PTHR24115	6603.5	6072.08	4.0	2.31	1.54
PTHR10520	4468.22	4345.55	66.0	13.44	8.96
PTHR10250	762.0	721.11	10.0	4.36	2.91
PTHR10527	10947.0	10578.99	67.0	12.53	8.35
PTHR10099	4507.45	4466.56	61.0	4.26	2.84
PTHR31385	3170.14	3047.47	8.0	3.78	2.53
PTHR10091	3784.0	3702.22	167.0	22.98	15.32
PTHR31142	1100.0	1059.11	9.0	2.67	1.78
PTHR31140	5723.95	5642.16	157.0	12.74	8.49
PTHR31412	4881.5	4717.94	7.0	1.6	1.06
PTHR11787	1153.5	1071.83	2.0	0.81	0.54
PTHR11785	12608.49	12158.7	42.0	11.24	7.49
PTHR11782	5977.0	5731.66	58.0	11.68	7.79
PTHR31419	303.0	262.16	0.0	0.0	0.0
PTHR11780	3015.0	2933.22	100.0	20.19	13.45
PTHR21141	2155.0	2073.22	1039.0	393.2	262.02
PTHR32148	7733.0	7528.55	916.0	291.1	193.96
PTHR23324	4420.0	4256.44	9.0	2.72	1.81
PTHR23327	3474.0	3351.33	20.0	5.38	3.57
PTHR23326	2468.0	2345.33	17.0	5.74	3.83
PTHR23321	3412.0	3289.33	70.0	19.49	12.99
PTHR23323	5754.0	5590.45	29.0	6.12	4.07
PTHR23322	5910.12	5623.89	18.0	6.68	4.45
PTHR23329	1818.34	1695.7	57.0	17.61	11.73
PTHR11236	2312.0	2230.22	20.0	5.13	3.41
PTHR20932	2609.0	2527.22	5.0	0.75	0.5
PTHR10322	3207.0	2961.71	1.0	0.59	0.39
PTHR11239	6140.54	6017.86	72.01	11.19	7.46
PTHR10803	3316.0	3234.22	15.0	2.87	1.92
PTHR13803	4247.0	4124.33	10.0	2.51	1.68
PTHR31964	14364.39	13955.48	247.0	55.26	36.83
PTHR10552	1532.0	1491.11	6.0	1.26	0.84
PTHR23030	4037.0	3955.22	21.0	2.77	1.85
PTHR11129	2551.0	2469.22	4.0	0.61	0.41
PTHR11122	4844.0	4680.44	38.0	9.9	6.59
PTHR15316	2407.0	2284.36	8.0	4.33	2.88
PTHR11127	1077.0	995.24	382.0	178.04	118.64
PTHR11125	3392.0	3269.33	12.0	3.0	1.99
PTHR31566	2525.0	2443.22	10.0	3.77	2.5
PTHR31567	1074.0	1033.11	3.0	0.91	0.61
PTHR31561	25895.46	25200.34	1612.02	278.07	185.3
PTHR30615	1511.0	1429.22	16.0	7.11	4.74
PTHR15137	721.0	680.11	0.0	0.0	0.0
PTHR14950	507.0	466.11	0.0	0.0	0.0
PTHR15954	1331.0	1249.22	1.0	0.51	0.34
PTHR15952	3097.0	3015.22	19.0	3.34	2.22
PTHR21597	2469.0	2346.33	0.0	0.0	0.0
PTHR19271	425.0	384.11	0.0	0.0	0.0
PTHR21228	58684.7	56763.07	341.0	44.07	29.38
PTHR12022	808.0	767.11	100.0	41.0	27.32
PTHR13343	7530.0	7366.44	49.0	8.24	5.49
PTHR12233	1365.0	1324.11	15.0	3.55	2.36
PTHR12029	8516.74	8148.79	32.0	8.24	5.49
PTHR21220	1011.0	970.11	0.0	0.0	0.0
PTHR22780	5426.0	5139.79	10.0	4.39	2.93
PTHR21477	1231.0	1190.11	4.0	1.05	0.7
PTHR19308	6677.0	6595.22	174.0	12.8	8.53
PTHR16301	2923.0	2841.22	18.0	4.03	2.68
PTHR13265	1180.0	1139.11	5.0	1.38	0.92
PTHR17630	5791.1	5627.53	130.0	22.14	14.74
PTHR10064	603.0	562.11	216.0	121.24	80.79
PTHR10060	1201.0	1160.11	2.0	0.54	0.36
PTHR10663	8896.0	8364.53	7.0	2.48	1.65
PTHR10666	4817.0	4612.55	698.0	347.3	231.42
PTHR10668	9960.0	9551.1	15.0	4.16	2.78
PTHR12801	5203.0	5039.44	5.0	1.13	0.75
PTHR12802	5232.0	5027.55	21.0	6.0	4.0
PTHR12805	1310.0	1228.22	4.0	2.11	1.41
PTHR12806	1513.0	1472.11	1.0	0.21	0.14
PTHR21091	13815.0	13406.13	54.0	11.47	7.62
PTHR21090	2381.13	2299.35	14.0	4.06	2.71
PTHR12281	3928.0	3846.22	57.0	10.53	7.01
PTHR24314	2988.0	2906.22	2.0	0.46	0.31
PTHR11933	1294.0	1212.22	0.0	0.0	0.0
PTHR11932	6862.0	6698.45	27.0	3.5	2.34
PTHR11426	4858.4	4694.89	879.0	296.32	197.46
PTHR11937	8667.55	8299.54	119.73	45.15	30.09
PTHR11938	19451.0	18960.33	141.0	21.85	14.57
PTHR13683	6524.0	6319.55	43.0	7.05	4.69
PTHR24089	49202.68	47158.28	916.01	174.27	116.14
PTHR10796	3320.0	3115.57	2.0	0.83	0.56
PTHR10794	4056.78	3934.11	34.0	11.14	7.42
PTHR10795	21973.0	21441.45	81.0	11.31	7.54
PTHR10792	2570.0	2488.22	535.0	197.53	131.63
PTHR10799	30293.51	28331.21	52.0	20.48	13.68
PTHR10882	927.0	845.27	6.0	3.92	2.62
PTHR10887	21154.33	20050.38	39.0	15.69	10.46
PTHR11686	4430.0	4307.33	6.0	1.05	0.7
PTHR11685	8173.8	7846.67	43.0	8.0	5.34
PTHR11680	5851.82	5729.15	156.0	25.99	17.33
PTHR24221	14407.61	13753.56	39.0	8.39	5.59
PTHR24220	8774.0	8528.69	77.0	11.57	7.72
PTHR24223	19193.76	18539.67	97.0	8.56	5.7
PTHR11689	2067.0	1944.33	4.0	1.92	1.28
PTHR10252	2347.0	2265.22	15.0	3.77	2.51
PTHR10537	669.0	587.27	0.0	0.0	0.0
PTHR31173	3337.86	3174.31	8.0	3.03	2.02
PTHR31384	1721.0	1639.23	3.0	1.38	0.92
PTHR10997	10706.16	10256.4	31.0	5.89	3.92
PTHR10098	1356.0	1315.11	17.0	4.05	2.7
PTHR31356	4187.0	4064.33	140.0	31.34	20.89
PTHR31352	8088.0	7965.33	131.0	7.57	5.04
PTHR31350	5240.0	5076.44	11.0	2.66	1.75
PTHR11758	1320.0	1238.23	283.0	104.34	69.52
PTHR23333	1504.0	1463.11	31.0	6.63	4.42
PTHR11751	16783.0	16210.58	122.0	24.57	16.39
PTHR11753	2673.0	2550.33	33.0	11.76	7.84
PTHR11200	11567.0	11362.55	26.0	3.05	2.03
PTHR24423	8921.45	8635.32	27.0	9.51	6.34
PTHR11206	18193.97	17457.99	57.0	12.07	8.02
PTHR11757	9215.0	8847.03	24.0	6.76	4.5
PTHR24420	54953.66	53522.63	445.51	50.5	33.63
PTHR10332	2965.0	2801.44	5.0	2.12	1.41
PTHR13600	5727.16	5563.59	262.0	33.76	22.5
PTHR15744	2687.0	2605.22	4.0	1.27	0.84
PTHR23029	12500.0	12091.1	77.0	14.81	9.86
PTHR23023	8900.0	8572.89	43.0	5.22	3.48
PTHR12847	1944.0	1862.22	7.0	2.18	1.45
PTHR11119	13699.2	13372.08	58.0	8.86	5.9
PTHR31595	6026.24	5821.79	22.0	4.71	3.13
PTHR31596	3054.0	2972.22	22.0	2.75	1.83
PTHR15948	2054.0	1931.33	5.0	2.46	1.65
PTHR32026	2041.0	1959.22	15.0	4.1	2.74
PTHR31829	1591.0	1550.11	52.0	10.5	7.0
PTHR19241	57636.11	55959.66	279.0	41.75	27.81
PTHR15239	2675.0	2470.61	5.0	3.0	2.0
PTHR32497	3774.0	3692.22	4.0	0.68	0.45
PTHR12497	2214.0	2173.11	31.0	4.46	2.97
PTHR12302	3477.0	3436.11	53.0	4.82	3.21
PTHR12652	2485.0	2403.22	77.01	15.28	10.19
PTHR12304	365.0	324.12	0.0	0.0	0.0
PTHR30540	2303.21	2262.32	90.0	12.43	8.29
PTHR30544	7781.11	7535.79	61.0	18.22	12.15
PTHR13302	2831.0	2749.22	5.0	1.03	0.69
PTHR12472	1862.0	1780.22	1.0	0.54	0.36
PTHR13308	1390.0	1349.11	49.0	11.38	7.58
PTHR12477	1705.0	1623.23	2.0	0.49	0.32
PTHR13878	21145.78	20532.56	479.0	70.1	46.71
PTHR21461	1699.0	1658.11	3.0	0.57	0.38
PTHR13872	1922.0	1840.26	12.0	6.21	4.14
PTHR22849	9894.0	9485.1	61.0	15.62	10.41
PTHR21314	1482.0	1441.11	6.0	1.3	0.87
PTHR13271	25494.8	24636.15	85.0	21.12	14.09
PTHR22841	5628.0	5464.44	41.0	9.88	6.59
PTHR21319	4851.5	4647.05	11.0	4.13	2.74
PTHR22847	25537.0	24555.66	63.93	14.5	9.66
PTHR22844	14313.0	13904.1	60.21	8.14	5.43
PTHR13890	7361.0	7115.66	35.0	8.72	5.81
PTHR11601	4818.0	4695.33	13.0	2.5	1.66
PTHR21266	13943.0	13615.88	43.0	6.57	4.38
PTHR12271	2242.0	2160.22	5.0	1.48	0.98
PTHR21262	8787.03	8541.68	55.0	7.65	5.1
PTHR12276	2771.0	2689.22	12.0	2.2	1.47
PTHR10657	2949.74	2827.07	78.54	24.46	16.3
PTHR16557	1374.0	1292.22	9.0	3.84	2.56
PTHR10655	3891.03	3727.47	61.0	17.37	11.58
PTHR10652	1811.0	1729.22	9.0	3.17	2.11
PTHR17972	800.0	718.26	0.0	0.0	0.0
PTHR21085	1462.0	1421.11	28.0	6.17	4.11
PTHR11922	4587.42	4464.75	68.0	16.41	10.93
PTHR24305	19384.41	18730.22	96.0	16.6	11.06
PTHR11926	16759.24	16309.48	357.98	39.29	26.19
PTHR11431	3359.96	3278.2	145.0	28.12	18.73
PTHR10430	5837.04	5714.37	168.16	47.61	31.73
PTHR10436	4920.58	4716.13	12.0	3.22	2.14
PTHR10434	658.0	617.11	2.0	1.02	0.68
PTHR24096	12427.8	12059.78	313.0	70.01	46.65
PTHR13693	3711.0	3506.55	24.0	9.45	6.3
PTHR13691	1311.0	1270.11	588.0	145.06	96.67
PTHR24093	57518.17	55596.45	223.82	36.49	24.3
PTHR13451	429.0	388.11	0.0	0.0	0.0
PTHR13452	1947.02	1865.24	10.0	3.69	2.47
PTHR10759	921.0	880.11	382.0	136.34	90.85
PTHR12901	632.0	591.11	1.0	0.53	0.36
PTHR12903	1786.0	1704.22	29.0	9.7	6.46
PTHR13992	662.0	580.27	1.0	1.14	0.76
PTHR23237	309.0	268.15	3.0	3.57	2.38
PTHR13375	398.0	357.12	1.0	0.89	0.59
PTHR10501	358.67	317.92	0.0	0.0	0.0
PTHR31169	637.0	596.11	0.0	0.0	0.0
PTHR12277	4894.0	4730.44	25.0	5.57	3.7
PTHR14087	1369.0	1328.11	5.0	1.18	0.79
PTHR23309	4131.0	4049.22	149.0	20.18	13.44
PTHR31344	851.0	810.11	1.0	0.39	0.26
PTHR31619	2325.0	2284.11	45.0	6.16	4.1
PTHR23306	1671.0	1589.22	3.0	1.24	0.83
PTHR23305	3092.0	2969.33	14.0	3.35	2.24
PTHR14089	2343.5	2220.83	8.0	2.27	1.51
PTHR11748	12184.65	11857.53	83.0	10.21	6.8
PTHR11214	977.0	936.11	1.0	0.34	0.22
PTHR11216	3765.8	3643.13	16.0	3.89	2.58
PTHR14154	13265.0	12856.1	142.0	35.39	23.56
PTHR14155	8100.0	7895.56	33.0	4.7	3.14
PTHR10343	7459.0	7213.66	147.0	22.74	15.15
PTHR11699	14190.0	13658.43	84.0	24.98	16.65
PTHR11692	1506.78	1465.89	8.0	1.71	1.14
PTHR11693	3417.0	3335.22	538.01	97.46	64.94
PTHR11695	25814.28	24955.71	216.0	47.84	31.87
PTHR31760	1883.0	1842.11	5.0	0.85	0.57
PTHR31840	1503.0	1421.22	1.0	0.31	0.21
PTHR31906	14609.11	14200.19	92.0	21.68	14.45
PTHR21419	1741.0	1700.11	6.0	1.1	0.74
PTHR23012	17651.09	17242.18	296.0	34.46	22.97
PTHR11101	10643.0	10479.44	706.0	103.92	69.26
PTHR11102	4619.0	4455.46	12.0	2.72	1.81
PTHR11106	1922.0	1881.11	14.0	2.33	1.55
PTHR31585	3876.5	3672.09	5.0	1.88	1.25
PTHR32125	2173.0	2091.22	7.0	2.13	1.42
PTHR31588	2171.0	2130.11	20.0	2.94	1.96
PTHR32120	1822.0	1740.22	3.0	1.17	0.78
PTHR15680	2671.0	2589.22	42.0	8.19	5.45
PTHR10281	3927.0	3804.33	18.0	3.82	2.55
PTHR26312	3968.57	3845.9	71.0	11.48	7.65
PTHR18895	3071.0	2907.47	11.0	2.71	1.81
PTHR12486	1093.0	1011.27	1.0	0.42	0.28
PTHR12480	2847.0	2683.44	3.0	1.02	0.68
PTHR12482	2599.0	2476.33	7.0	2.73	1.82
PTHR30239	1671.0	1630.11	5.0	0.96	0.64
PTHR12317	16511.87	16021.19	136.0	20.17	13.44
PTHR12649	2027.0	1945.22	3.0	1.01	0.67
PTHR12461	4096.0	3850.68	13.0	5.4	3.6
PTHR12466	1142.0	1101.11	4.0	1.14	0.76
PTHR13561	1232.0	1150.22	1.0	0.52	0.35
PTHR13847	8836.0	8549.78	42.0	9.92	6.59
PTHR22854	3614.0	3491.35	13.0	2.88	1.92
PTHR12000	4107.0	3984.33	78.0	13.56	9.03
PTHR12001	6505.0	6382.33	39.0	3.76	2.51
PTHR21327	6303.0	6180.33	45.0	7.24	4.82
PTHR21631	7981.0	7817.44	463.0	62.22	41.46
PTHR22855	8641.0	8436.55	82.0	12.95	8.63
PTHR22850	7321.45	7076.12	72.0	21.31	14.19
PTHR22504	1088.0	1047.11	7.0	2.1	1.4
PTHR12189	1229.0	1188.11	0.0	0.0	0.0
PTHR21256	2714.0	2632.22	23.0	6.15	4.1
PTHR12266	3479.94	3357.27	16.0	4.26	2.84
PTHR10648	2239.0	2198.11	9.0	1.28	0.85
PTHR30178	2204.0	2163.11	291.0	42.05	28.02
PTHR10641	18172.0	17517.79	36.0	8.36	5.57
PTHR10644	8696.0	8491.55	19.0	2.98	1.97
PTHR12864	6217.0	6012.58	21.0	4.63	3.08
PTHR12860	2259.0	2177.22	20.0	5.68	3.79
PTHR13194	4543.25	4379.69	23.0	4.72	3.15
PTHR13190	413.0	372.11	0.0	0.0	0.0
PTHR13193	1339.0	1298.11	5.0	1.21	0.8
PTHR11913	2665.0	2624.11	12.0	1.43	0.95
PTHR11911	9203.42	8998.97	496.6	73.7	49.12
PTHR11910	2281.0	2199.22	1131.0	280.6	186.98
PTHR11918	4408.51	4204.1	76.0	13.18	8.79
PTHR12919	1318.0	1236.22	31.0	15.09	10.05
PTHR12910	810.0	769.11	26.0	10.63	7.08
PTHR12917	1767.0	1685.22	8.0	2.89	1.92
PTHR11351	6742.0	6619.33	1335.0	187.74	125.1
PTHR11353	21500.2	20846.04	362.0	66.8	44.52
PTHR11599	14661.0	14129.43	248.0	73.56	49.01
PTHR10516	18461.37	17766.24	518.0	129.51	86.3
PTHR11592	1948.0	1866.22	17.0	6.4	4.26
PTHR11659	2158.0	2117.11	8.0	1.18	0.79
PTHR13273	1412.0	1371.11	31.0	7.08	4.72
PTHR31096	3332.74	3169.26	121.0	35.21	23.45
PTHR13734	1904.0	1863.11	7.0	1.18	0.78
PTHR31098	4893.0	4770.33	19.0	2.87	1.92
PTHR31620	6428.0	6305.33	255.0	29.96	19.96
PTHR23315	14662.08	14334.96	67.0	13.0	8.66
PTHR23316	2809.0	2768.11	44.0	4.97	3.31
PTHR12265	334.0	293.13	1.0	1.09	0.72
PTHR11777	5445.0	5322.33	20.0	3.63	2.42
PTHR11774	2738.0	2615.33	5.0	2.25	1.5
PTHR11773	4093.0	4052.11	23.0	1.77	1.18
PTHR11772	10520.37	10275.03	194.0	23.34	15.55
PTHR10357	23077.0	22300.16	170.0	32.75	21.81
PTHR10353	12293.0	11965.88	927.0	114.61	76.36
PTHR10350	2320.0	2156.44	1.0	0.65	0.43
PTHR10351	10326.0	10039.77	263.0	79.68	53.09
PTHR32557	2094.0	2053.11	39.0	5.94	3.96
PTHR10359	1342.0	1301.11	15.0	3.61	2.41
PTHR31750	997.0	956.11	9.0	2.95	1.97
PTHR23418	1363.56	1322.67	26.0	6.16	4.1
PTHR14189	861.0	779.23	0.0	0.0	0.0
PTHR32228	1747.0	1706.11	7.0	1.28	0.86
PTHR31245	1245.0	1204.11	1.0	0.26	0.17
PTHR23001	3390.0	3308.22	28.0	5.65	3.76
PTHR23002	2146.0	2105.11	8.0	1.19	0.79
PTHR11177	3068.0	2945.33	2.0	0.59	0.39
PTHR11178	4181.33	4058.66	40.0	10.54	7.02
PTHR14456	1017.0	935.22	0.0	0.0	0.0
PTHR31808	3043.31	2920.64	28.0	10.26	6.84
PTHR31803	8911.0	8788.33	44.0	5.06	3.37
PTHR11009	1003.0	962.11	1.0	0.33	0.22
PTHR30075	2852.0	2729.35	2.0	0.33	0.22
PTHR19229	12207.0	11757.28	13.0	2.49	1.67
PTHR11005	9712.8	9426.57	100.0	12.08	8.05
PTHR18640	1882.0	1718.52	0.0	0.0	0.0
PTHR18866	21029.11	20620.21	286.0	42.27	28.17
PTHR15074	2049.0	1967.22	2.0	0.66	0.43
PTHR15588	1968.0	1886.22	21.0	7.44	4.96
PTHR12677	10894.0	10648.66	113.0	13.86	9.23
PTHR19134	2547.0	2465.22	2.0	0.54	0.36
PTHR19139	9483.52	9238.18	571.95	111.83	74.53
PTHR30566	2571.0	2489.22	6.0	0.89	0.59
PTHR12456	1935.0	1853.22	5.0	1.53	1.02
PTHR12452	759.98	719.09	14.0	6.13	4.08
PTHR19359	988.0	947.11	8.0	2.65	1.77
PTHR12072	2999.0	2876.34	18.0	4.78	3.19
PTHR13218	1220.0	1179.11	17.0	4.52	3.01
PTHR13215	1644.0	1562.22	4.0	1.69	1.13
PTHR13213	1071.0	989.24	4.0	4.26	2.84
PTHR10634	2363.0	2322.11	172.0	23.15	15.43
PTHR12290	1320.0	1238.25	12.0	3.98	2.65
PTHR21530	2621.0	2498.33	12.0	4.55	3.03
PTHR12295	643.0	561.29	0.0	0.0	0.0
PTHR12298	5107.0	4943.44	15.0	2.78	1.85
PTHR10638	12951.64	12665.42	108.0	9.18	6.12
PTHR10631	1658.0	1576.24	1.0	0.25	0.16
PTHR10984	5055.0	4932.33	47.0	8.01	5.34
PTHR12858	2580.0	2416.46	6.0	2.25	1.5
PTHR13505	1225.0	1184.11	17.0	4.5	3.0
PTHR12850	989.0	907.23	667.95	382.71	255.02
PTHR12856	1909.17	1827.41	8.0	3.27	2.18
PTHR12855	1945.0	1863.22	9.0	3.04	2.03
PTHR12854	1242.0	1201.11	2.0	0.52	0.35
PTHR13182	1506.0	1465.11	16.0	3.42	2.28
PTHR10182	1961.0	1920.11	24.0	3.91	2.6
PTHR10743	1669.0	1587.26	11.0	2.63	1.75
PTHR10742	19768.0	19154.65	108.0	20.05	13.35
PTHR10745	2343.0	2302.11	54.0	7.33	4.89
PTHR10744	2624.0	2460.47	556.01	281.65	187.68
PTHR10746	2836.0	2754.22	62.0	22.14	14.75
PTHR12924	1688.0	1647.11	86.0	16.34	10.89
PTHR23308	4667.0	4462.55	56.0	10.41	6.93
PTHR10027	2524.0	2442.22	4.0	0.96	0.64
PTHR11349	3711.0	3588.33	567.0	181.58	121.0
PTHR10566	26202.0	25302.48	112.0	12.31	8.21
PTHR10293	3653.0	3489.44	61.0	21.09	14.05
PTHR10291	1846.0	1805.11	7.0	1.21	0.81
PTHR11584	3515.0	3433.22	21.0	4.01	2.67
PTHR11586	4024.91	3861.35	29.0	9.81	6.53
PTHR11909	5114.59	4991.94	114.0	15.66	10.43
PTHR24320	13529.0	13038.33	170.0	20.47	13.63
PTHR24322	25502.89	24480.73	315.0	82.78	55.14
PTHR11907	3065.0	2983.22	16.0	2.33	1.55
PTHR11760	2535.0	2453.22	541.0	140.58	93.68
PTHR11761	2050.0	1927.37	162.0	150.22	100.1
PTHR11766	1156.0	1115.11	1.0	0.28	0.19
PTHR11767	3517.0	3435.22	7.0	1.16	0.77
PTHR10361	2096.0	2055.11	21.0	3.19	2.13
PTHR10366	25487.07	24751.05	569.0	128.0	85.31
PTHR10169	3144.0	2898.71	6.0	3.41	2.28
PTHR10168	3649.0	3485.44	79.0	23.72	15.81
PTHR20973	1095.0	1054.11	4.0	1.19	0.79
PTHR10165	7312.0	7107.55	41.0	7.31	4.87
PTHR31032	2090.0	2049.11	34.0	5.19	3.46
PTHR23257	123144.03	119545.86	457.0	73.61	49.02
PTHR23253	6613.0	6408.55	40.0	8.05	5.37
PTHR14190	1905.0	1823.22	5.0	1.31	0.88
PTHR14194	8350.0	8145.55	67.0	15.52	10.33
PTHR31251	5653.5	5367.35	4.0	0.89	0.6
PTHR23074	5009.0	4804.57	26.0	5.04	3.36
PTHR23077	11237.12	10705.55	55.0	7.96	5.32
PTHR23076	23339.08	22603.08	232.91	44.2	29.46
PTHR23073	8885.68	8558.58	93.08	27.76	18.51
PTHR23078	2421.0	2380.11	5.0	0.66	0.44
PTHR11165	2176.0	2094.22	138.0	31.09	20.72
PTHR10772	2955.6	2832.93	131.0	41.96	27.97
PTHR32100	12210.5	11965.17	727.0	67.42	44.94
PTHR14534	1216.91	1176.02	4.0	1.07	0.71
PTHR14445	1419.0	1296.35	6.0	5.74	3.83
PTHR31811	1122.0	1040.22	0.0	0.0	0.0
PTHR23102	679.0	638.11	0.0	0.0	0.0
PTHR23105	5810.0	5564.69	1263.97	627.1	417.87
PTHR11010	2104.0	1981.36	4.0	1.0	0.66
PTHR11014	7802.38	7434.37	51.0	10.88	7.24
PTHR11453	2219.0	2137.22	2.0	0.57	0.38
PTHR14152	2105.51	2023.73	15.0	3.93	2.62
PTHR12668	3933.61	3770.05	39.0	13.39	8.93
PTHR12661	668.0	586.27	0.0	0.0	0.0
PTHR12663	759.0	718.11	0.0	0.0	0.0
PTHR12664	526.0	485.11	1.0	0.65	0.43
PTHR16166	3924.03	3719.61	45.0	6.18	4.12
PTHR12111	1853.0	1771.22	6.0	1.34	0.89
PTHR12446	1200.0	1118.24	21.0	9.44	6.29
PTHR12447	797.0	756.11	0.0	0.0	0.0
PTHR15481	741.0	700.11	2.0	0.9	0.6
PTHR26379	1578.0	1496.25	3.0	0.78	0.52
PTHR12599	4020.0	3897.33	56.0	17.59	11.72
PTHR12596	6310.0	6105.56	6.0	2.12	1.42
PTHR12590	1528.0	1405.33	8.0	5.37	3.57
PTHR12066	422.0	381.11	0.0	0.0	0.0
PTHR12064	8801.5	8474.38	18.0	6.54	4.37
PTHR13226	3460.0	3296.44	11.0	4.07	2.71
PTHR13889	3596.0	3432.46	22.0	7.21	4.79
PTHR13887	1121.84	1080.95	9.0	2.61	1.74
PTHR21181	2436.4	2354.61	19.0	4.19	2.79
PTHR12411	17103.0	16571.47	293.0	44.15	29.42
PTHR10459	3161.0	2956.59	0.0	0.0	0.0
PTHR10458	1095.0	1054.11	3.0	0.89	0.59
PTHR19306	3294.74	3172.08	13.0	1.8	1.2
PTHR21506	2398.0	2357.11	12.0	1.59	1.06
PTHR12280	1045.0	922.39	1.0	1.12	0.75
PTHR11451	7851.59	7647.14	61.0	13.91	9.27
PTHR12286	3886.53	3722.97	17.0	5.51	3.67
PTHR22983	4692.0	4569.33	6.0	0.67	0.45
PTHR22981	6175.0	6011.44	24.0	4.86	3.24
PTHR10947	2107.0	2025.22	11.0	3.56	2.37
PTHR30191	4072.0	4031.11	74.0	5.73	3.82
PTHR13082	1444.0	1403.11	6.0	1.34	0.89
PTHR10629	1429.0	1306.37	3.0	2.3	1.53
PTHR10994	25102.03	24529.6	108.0	17.37	11.59
PTHR10996	8822.0	8535.82	54.0	13.0	8.68
PTHR10625	14951.09	14378.69	276.0	58.13	38.73
PTHR10992	65970.9	64130.9	1239.01	173.86	115.86
PTHR10993	3430.0	3266.44	13.0	5.71	3.8
PTHR17695	1373.0	1250.39	1.0	0.47	0.31
PTHR12848	3349.98	3186.42	4.0	1.6	1.07
PTHR12849	1538.0	1456.22	2.0	0.98	0.65
PTHR10943	4834.5	4752.79	18.0	3.16	2.11
PTHR21294	1094.0	1053.11	3.0	0.89	0.6
PTHR12841	1287.0	1246.11	4.0	1.01	0.67
PTHR21290	3241.0	3159.22	9.0	1.01	0.67
PTHR21349	1494.0	1412.22	23.0	10.31	6.87
PTHR21347	2544.0	2503.11	17.0	2.12	1.41
PTHR21343	2273.0	2191.22	7.0	1.8	1.2
PTHR10196	1911.0	1870.11	19.0	3.18	2.12
PTHR10192	2443.0	2361.22	4.0	1.29	0.86
PTHR10751	2973.0	2891.22	13.0	2.02	1.34
PTHR10755	4366.0	4284.22	57.0	10.74	7.15
PTHR10758	1602.0	1561.11	8.0	1.6	1.07
PTHR13152	1417.0	1335.23	2.0	0.64	0.43
PTHR12932	2022.0	1940.22	17.0	4.53	3.01
PTHR12934	1814.0	1732.22	49.0	18.68	12.44
PTHR10288	6979.0	6774.55	117.0	16.64	11.09
PTHR11800	3840.0	3717.33	32.0	8.23	5.48
PTHR11802	11930.43	11521.53	158.97	30.81	20.54
PTHR22870	21363.19	20586.39	155.0	17.21	11.49
PTHR11807	998.83	957.94	20.03	6.56	4.37
PTHR11374	2036.22	1995.33	23.0	3.6	2.4
PTHR11808	6482.52	6318.96	157.02	28.37	18.91
PTHR10283	13216.41	12889.31	184.0	21.73	14.5
PTHR10285	9359.0	9031.88	702.0	114.73	76.45
PTHR10286	3393.0	3270.33	546.61	146.44	97.59
PTHR11579	4563.07	4481.29	67.0	8.81	5.88
PTHR13355	876.0	835.11	12.0	4.52	3.01
PTHR13718	3141.0	3059.22	321.25	99.31	66.18
PTHR13711	7347.0	7142.57	182.0	54.38	36.25
PTHR13710	1729.0	1606.33	0.0	0.0	0.0
PTHR11977	3254.0	3172.22	45.0	7.88	5.25
PTHR11972	3237.77	3155.99	19.0	3.55	2.36
PTHR31480	1516.0	1475.11	1.0	0.21	0.14
PTHR31485	5433.0	5310.33	43.0	6.39	4.26
PTHR11715	687.0	646.11	70.0	34.13	22.74
PTHR11717	1123.0	1082.11	4.0	1.16	0.77
PTHR11711	8067.71	7699.7	137.0	57.7	38.46
PTHR11712	5898.0	5734.44	41.0	8.83	5.89
PTHR10374	2380.0	2298.22	35.0	9.38	6.25
PTHR10178	51812.52	50667.57	756.93	86.78	57.83
PTHR20961	326.0	285.14	1.0	1.12	0.75
PTHR10173	7301.0	7055.66	65.0	17.74	11.83
PTHR10177	7792.0	7628.44	21.0	1.59	1.06
PTHR10174	12271.7	11944.59	1017.48	123.21	82.11
PTHR23249	1773.0	1691.22	7.0	2.77	1.85
PTHR23244	11088.83	10557.6	29.0	9.96	6.64
PTHR23245	965.0	883.22	2.0	1.21	0.8
PTHR23240	1345.0	1222.35	3.0	2.13	1.42
PTHR14614	9393.37	8943.61	72.0	17.09	11.39
PTHR31268	2694.0	2530.44	1.0	0.37	0.24
PTHR31262	1712.09	1630.31	45362.52	33646.12	22420.71
PTHR23063	6088.0	5924.44	24.0	5.05	3.37
PTHR11620	757.0	716.11	1024.21	450.07	299.91
PTHR11624	11122.0	10917.55	411.57	58.69	39.11
PTHR11627	3303.0	3180.36	1122.0	200.87	133.85
PTHR11390	3119.0	3037.24	7.0	0.8	0.53
PTHR32442	888.0	847.11	5.0	1.85	1.24
PTHR31319	8662.28	8498.71	115.0	13.14	8.76
PTHR14052	1289.0	1248.11	2.0	0.5	0.33
PTHR32118	3144.0	3103.11	166.0	16.71	11.13
PTHR23117	2410.0	2287.33	17.0	6.53	4.36
PTHR23115	36961.44	35734.86	1793.98	330.41	220.2
PTHR11028	908.3	867.49	20.0	7.24	4.82
PTHR11024	2304.0	2222.22	24.0	5.92	3.94
PTHR11778	2359.0	2236.35	9.0	1.93	1.29
PTHR10066	6204.0	5999.55	40.0	5.49	3.67
PTHR12616	2846.0	2723.33	9.0	2.84	1.89
PTHR12613	3996.0	3955.11	16.0	1.26	0.84
PTHR12612	796.0	755.11	31.0	12.91	8.6
PTHR32060	3475.0	3352.33	3.0	0.5	0.33
PTHR12436	4468.0	4345.34	14.0	2.64	1.76
PTHR22734	1554.0	1472.22	19.0	5.48	3.65
PTHR12121	9087.15	8596.48	31.0	13.32	8.87
PTHR12438	2421.15	2380.25	7.0	0.92	0.61
PTHR15492	886.0	845.11	1.0	0.37	0.25
PTHR21426	2041.0	2000.11	11.0	1.72	1.15
PTHR21427	679.0	638.11	2.0	0.99	0.66
PTHR19372	3701.0	3619.22	23.0	3.25	2.17
PTHR19370	8729.6	8443.37	45.0	10.6	7.06
PTHR19376	13381.36	12972.51	32.0	8.75	5.84
PTHR19375	16056.18	15361.06	926.67	289.52	192.94
PTHR12725	5363.0	5240.33	105.0	15.53	10.35
PTHR22884	10402.5	9789.19	13.0	7.3	4.87
PTHR22881	2007.0	1966.11	4.0	0.64	0.42
PTHR22880	4941.0	4695.66	9.0	3.44	2.3
PTHR12542	2239.0	2198.11	8.0	1.14	0.76
PTHR12547	4226.0	4144.22	80.0	10.87	7.24
PTHR12124	1319.0	1278.11	2.0	0.49	0.33
PTHR21512	643.0	602.11	0.0	0.0	0.0
PTHR30508	4913.2	4790.65	48.0	7.76	5.17
PTHR14744	1155.0	1114.11	0.0	0.0	0.0
PTHR30502	958.0	917.11	0.0	0.0	0.0
PTHR10617	7975.13	7770.68	424.01	67.75	45.14
PTHR10615	5692.0	5487.57	37.0	5.91	3.94
PTHR13527	1037.0	996.11	1.0	0.32	0.21
PTHR22958	4881.33	4758.66	297.0	34.04	22.69
PTHR22951	1524.0	1442.22	5.0	1.98	1.32
PTHR22950	33907.97	32804.25	107.0	21.53	14.34
PTHR22953	3254.0	3172.22	18.0	3.04	2.03
PTHR22952	12060.44	11815.09	569.0	72.27	48.16
PTHR22957	10374.54	10006.53	81.0	16.09	10.72
PTHR21600	1073.0	1032.11	0.0	0.0	0.0
PTHR24056	8503.0	8134.99	28.0	8.08	5.38
PTHR24054	4745.17	4581.61	182.01	29.59	19.71
PTHR24055	13115.14	12583.59	65.0	18.15	12.09
PTHR24058	6268.0	6063.58	38.0	5.39	3.58
PTHR10766	7847.72	7602.38	165.25	36.04	24.02
PTHR10762	830.0	748.23	0.0	0.0	0.0
PTHR30031	4030.0	3907.34	265.0	26.18	17.44
PTHR12945	379.0	338.12	2.0	1.88	1.25
PTHR12944	822.0	781.11	0.0	0.0	0.0
PTHR23163	645.0	604.11	1.0	0.52	0.35
PTHR24128	5705.0	5459.66	8.0	3.14	2.09
PTHR13096	1094.0	1053.11	4.0	1.19	0.79
PTHR11364	1448.29	1407.4	39.0	8.68	5.78
PTHR11365	2128.0	2005.34	1.0	0.32	0.21
PTHR11361	5032.0	4745.86	25.0	8.09	5.38
PTHR11814	3999.0	3794.6	9.0	2.93	1.95
PTHR10543	6916.0	6548.03	24.0	4.73	3.15
PTHR10540	4678.19	4555.52	66.0	13.81	9.2
PTHR10544	736.0	695.11	471.0	213.29	142.13
PTHR11562	1403.0	1321.22	4.0	1.83	1.22
PTHR11566	9619.0	9373.68	113.0	18.28	12.18
PTHR11567	1922.0	1840.22	8.0	2.7	1.79
PTHR11564	7753.0	7507.66	78.18	15.22	10.16
PTHR11962	2838.0	2674.47	3.0	1.2	0.8
PTHR11963	4530.0	4448.22	49.0	6.87	4.57
PTHR24315	2213.0	2172.11	40.0	5.76	3.84
PTHR10381	8432.61	8187.27	222.0	53.24	35.48
PTHR10383	3745.0	3663.22	183.99	32.93	21.95
PTHR11705	5976.09	5853.42	42.0	6.35	4.23
PTHR11702	12151.0	11823.88	125.0	18.84	12.56
PTHR11700	1490.0	1408.22	527.0	252.1	167.99
PTHR10388	1463.0	1422.11	448.0	98.65	65.74
PTHR11709	8183.29	8019.77	46.0	6.13	4.09
PTHR10145	4488.0	4324.44	3.0	0.84	0.55
PTHR23273	3892.0	3728.44	12.0	4.71	3.15
PTHR23270	2007.0	1843.47	0.0	0.0	0.0
PTHR23050	3131.0	3008.33	236.0	67.75	45.15
PTHR23056	660.0	619.11	1.0	0.51	0.34
PTHR23054	1175.0	1134.11	6.0	1.66	1.11
PTHR11638	14286.52	13959.43	305.0	42.43	28.28
PTHR31783	6654.0	6572.22	9.0	0.89	0.6
PTHR11632	6606.0	6483.33	72.0	10.52	7.01
PTHR11630	6581.0	6090.41	13.0	6.84	4.56
PTHR11140	5016.39	4893.72	50.0	9.5	6.34
PTHR11141	3116.0	3075.11	11.0	1.12	0.74
PTHR11142	4763.0	4558.61	15.0	3.58	2.38
PTHR11143	1237.0	1155.22	391.0	169.59	113.01
PTHR11380	1035.0	994.11	0.0	0.0	0.0
PTHR11384	5253.5	5049.27	13.0	3.84	2.56
PTHR32477	1071.5	989.76	3.0	1.49	0.99
PTHR14043	1421.0	1339.23	4.0	2.49	1.66
PTHR32472	418.0	377.11	0.0	0.0	0.0
PTHR31658	354.0	313.13	2.0	2.03	1.36
PTHR14269	3354.0	3231.34	23.0	5.06	3.37
PTHR11276	1792.0	1669.38	3.0	1.03	0.68
PTHR22883	9794.0	9425.99	32.0	7.81	5.19
PTHR23125	39655.83	38633.62	207.0	29.44	19.63
PTHR12050	916.0	875.11	8.0	2.87	1.91
PTHR30603	4515.0	4392.33	126.0	11.5	7.66
PTHR19211	18536.35	17882.16	27518.52	24285.8	16183.28
PTHR23338	2257.0	2175.22	11.0	3.35	2.24
PTHR12608	4002.0	3838.45	23.0	6.15	4.1
PTHR12604	5005.0	4923.22	11.0	1.4	0.93
PTHR12603	1531.0	1449.22	6.0	2.69	1.8
PTHR32091	1431.0	1349.22	2.0	0.99	0.66
PTHR23339	2728.31	2605.64	52.0	15.64	10.42
PTHR32098	2635.5	2471.96	3.0	1.84	1.23
PTHR18763	314.0	273.15	0.0	0.0	0.0
PTHR22726	5030.6	4867.04	315.0	38.03	25.35
PTHR22727	25265.2	25019.86	85.0	7.44	4.96
PTHR12428	5534.0	5329.55	23.0	6.53	4.35
PTHR18968	11111.15	10824.91	310.0	38.04	25.35
PTHR12730	2217.0	2135.22	0.0	0.0	0.0
PTHR12736	3462.0	3380.22	59.0	9.69	6.46
PTHR12735	3777.6	3614.04	37.0	12.02	8.01
PTHR15020	8384.0	8097.77	64.0	17.06	11.37
PTHR12049	2242.0	2119.33	5.0	2.36	1.57
PTHR12558	1248.0	1125.35	2.0	1.47	0.98
PTHR12553	3530.0	3407.33	24.0	6.27	4.17
PTHR24072	1410.0	1369.11	4.0	0.92	0.61
PTHR24073	15845.0	15313.43	386.7	100.33	66.86
PTHR21569	4478.29	4396.51	501.0	127.04	84.66
PTHR21567	448.0	407.11	2.0	1.56	1.04
PTHR13950	465.0	424.11	1.0	0.75	0.5
PTHR12133	1072.0	1031.11	2.0	0.61	0.41
PTHR10972	11860.0	11369.39	126.0	25.99	17.32
PTHR21704	351.0	310.13	0.0	0.0	0.0
PTHR10606	2756.68	2674.91	65.06	23.82	15.87
PTHR13393	1195.0	1113.22	6.0	3.4	2.26
PTHR13395	364.0	323.12	0.0	0.0	0.0
PTHR23130	11619.22	11373.88	103.9	17.77	11.83
PTHR22891	4515.01	4228.86	28.0	9.49	6.32
PTHR22893	3554.0	3472.22	12.0	2.19	1.46
PTHR10778	3667.0	3585.22	22.0	3.89	2.59
PTHR24064	12088.64	11802.41	177.0	16.51	11.01
PTHR24063	22842.14	22187.95	361.0	42.41	28.26
PTHR21011	944.0	903.11	8.0	2.78	1.85
PTHR25040	5628.0	5464.44	28.0	5.99	3.99
PTHR21015	1523.62	1482.73	3.0	0.63	0.42
PTHR24068	4282.0	4159.33	132.0	28.59	19.04
PTHR19980	1729.0	1647.22	6.0	2.43	1.62
PTHR12959	794.0	712.23	1.0	0.92	0.61
PTHR10961	3856.0	3733.34	18.0	5.48	3.64
PTHR11825	4887.0	4682.55	98.0	22.27	14.84
PTHR10809	1643.0	1602.11	48.0	9.38	6.25
PTHR11822	2652.0	2611.11	112.0	13.4	8.93
PTHR10555	8143.0	7897.66	53.0	14.77	9.85
PTHR10806	2017.65	1935.87	20.0	6.61	4.4
PTHR10804	14285.0	13835.23	155.0	29.02	19.34
PTHR11556	5286.0	5081.59	1338.0	243.27	162.1
PTHR11006	6527.0	6240.78	34.0	9.19	6.12
PTHR11558	2576.0	2494.22	12.0	2.94	1.95
PTHR13773	4228.0	4146.22	39.0	5.27	3.51
PTHR11953	2810.0	2728.22	8.0	1.95	1.3
PTHR11952	9779.0	9492.77	29.0	5.97	3.97
PTHR11956	1937.0	1855.26	4.0	1.76	1.18
PTHR11959	2282.0	2241.11	5.0	0.7	0.46
PTHR11739	3820.0	3738.22	232.93	33.64	22.41
PTHR11732	23009.3	22191.49	237.0	47.11	31.4
PTHR11731	6251.0	6087.44	15.0	3.32	2.21
PTHR11730	2861.0	2738.37	14.0	3.14	2.09
PTHR11735	2924.0	2842.22	10.0	2.33	1.56
PTHR10394	933.0	892.11	496.01	174.63	116.37
PTHR20941	1948.69	1907.8	8.0	1.31	0.87
PTHR31065	10315.0	10192.33	47.0	3.68	2.46
PTHR10159	13703.0	13294.1	163.0	27.8	18.52
PTHR31066	1217.0	1176.11	2.0	0.53	0.36
PTHR13604	567.0	526.11	1.0	0.6	0.4
PTHR23264	3288.0	3124.46	10.0	2.89	1.92
PTHR23269	1557.0	1516.11	4.0	0.83	0.55
PTHR31204	830.0	789.11	3.0	1.2	0.8
PTHR31201	4186.0	4104.22	7.0	1.34	0.9
PTHR31209	1551.0	1510.11	6.0	1.24	0.83
PTHR11607	699.0	658.11	1.0	0.48	0.32
PTHR11606	3114.99	3033.22	63.0	10.33	6.88
PTHR23284	2076.0	2035.11	2.0	0.31	0.2
PTHR32467	25601.81	25029.39	236.0	17.2	11.45
PTHR14255	11251.0	10842.13	58.0	13.0	8.66
PTHR23133	1342.0	1301.11	17.0	4.09	2.73
PTHR23135	1617.0	1535.22	9.0	3.42	2.28
PTHR23138	1318.0	1277.11	41.0	10.06	6.7
PTHR23139	13090.0	12681.1	112.0	25.3	16.85
PTHR31682	1512.0	1430.22	26.0	10.87	7.24
PTHR11040	7500.0	7254.67	74.0	9.18	6.11
PTHR11043	2295.0	2213.22	23.0	6.44	4.3
PTHR11042	3740.0	3576.44	4.0	1.04	0.69
PTHR11048	7333.0	7210.33	81.94	13.03	8.68
PTHR15818	1988.0	1947.11	5.0	0.8	0.54
PTHR12636	1015.0	974.11	12.0	3.87	2.58
PTHR14490	1251.0	1128.37	6.0	6.2	4.13
PTHR14493	28986.13	28372.82	370.0	42.88	28.58
PTHR15651	1909.0	1786.37	3.0	1.75	1.17
PTHR12380	1402.48	1320.69	21.0	9.09	6.06
PTHR12385	2339.0	2298.11	48.0	6.53	4.35
PTHR12706	1008.0	885.44	0.0	0.0	0.0
PTHR30573	1769.15	1728.25	21.0	3.8	2.53
PTHR12709	1367.0	1285.22	5.0	2.32	1.55
PTHR19957	5203.12	5039.57	267.0	48.24	32.15
PTHR12561	869.0	828.11	2.0	0.76	0.51
PTHR12560	7301.0	7055.66	24.0	4.81	3.2
PTHR11203	5350.0	5186.44	9.0	1.49	1.0
PTHR12097	3791.0	3709.22	29.0	3.7	2.48
PTHR19842	1427.0	1386.11	3.0	0.68	0.45
PTHR11752	15736.92	15041.92	28.0	5.78	3.84
PTHR21576	5787.39	5542.05	17.0	5.24	3.49
PTHR24193	12241.0	11873.01	117.0	23.65	15.76
PTHR12419	5898.5	5653.27	11.0	3.26	2.17
PTHR30525	1542.0	1501.11	2.0	0.42	0.28
PTHR12413	2129.0	1965.45	3.0	1.98	1.32
PTHR12412	2262.0	2180.22	6.0	1.9	1.26
PTHR13948	1336.06	1254.28	7.0	4.03	2.69
PTHR12146	1328.0	1246.24	386.0	137.75	91.8
PTHR12415	528.0	487.11	0.0	0.0	0.0
PTHR21717	1670.0	1629.11	14.0	2.69	1.79
PTHR21712	2160.34	2078.56	20.0	4.4	2.93
PTHR12897	1197.0	1115.22	4.0	1.71	1.14
PTHR12894	2662.0	2498.44	1.0	0.28	0.19
PTHR12891	1593.0	1552.11	2.0	0.4	0.27
PTHR22976	10094.96	9890.51	135.0	17.24	11.5
PTHR22975	2694.0	2612.22	7.0	1.65	1.1
PTHR22970	463.0	422.11	1.0	0.75	0.5
PTHR14145	2832.0	2750.22	18.0	4.09	2.73
PTHR21377	1896.0	1814.22	14.0	4.91	3.27
PTHR21371	2169.0	2128.11	118.0	17.33	11.55
PTHR21373	1972.0	1931.11	8.0	1.3	0.86
PTHR22573	11044.79	10758.58	260.0	37.84	25.21
PTHR22572	14913.0	14544.99	142.29	23.05	15.36
PTHR21000	1762.0	1721.11	8.0	1.45	0.97
PTHR10701	1467.0	1426.11	28.0	6.15	4.1
PTHR13161	5418.73	5296.06	9.0	1.84	1.22
PTHR13162	7957.5	7753.05	12.0	2.07	1.38
PTHR13165	2356.14	2315.25	15.0	2.02	1.35
PTHR21396	1176.0	1135.11	4.0	1.1	0.74
PTHR12965	755.0	673.26	0.0	0.0	0.0
PTHR12459	1693.0	1652.11	4.0	0.76	0.5
PTHR13069	2327.0	2204.33	4.0	1.48	0.98
PTHR13068	9392.0	9146.66	42.0	7.88	5.25
PTHR24106	8340.69	7972.68	30.99	7.85	5.23
PTHR24103	3114.0	2991.33	3.0	0.47	0.31
PTHR31606	1450.0	1409.11	32.0	7.11	4.74
PTHR11540	5083.0	4919.44	272.0	62.62	41.74
PTHR10836	5624.0	5501.33	2256.01	347.86	231.81
PTHR10835	1076.0	994.23	1.0	0.48	0.32
PTHR11545	2644.0	2521.33	702.0	325.24	216.72
PTHR10012	1969.0	1928.11	10.0	1.62	1.08
PTHR13768	3504.0	3422.22	23.0	3.97	2.65
PTHR24078	13841.0	13268.54	72.99	19.95	13.29
PTHR11946	20469.16	19774.04	94.0	20.67	13.77
PTHR11947	4511.78	4389.11	17.0	3.59	2.38
PTHR11941	9595.71	9350.36	52.0	9.08	6.04
PTHR10497	1092.0	1010.23	290.0	144.01	95.96
PTHR10496	1051.0	969.26	440.03	201.25	134.11
PTHR10491	929.0	888.11	1.0	0.35	0.24
PTHR24076	16791.59	16178.25	172.0	33.57	22.38
PTHR24077	12909.44	12459.64	87.0	21.19	14.13
PTHR11728	3992.0	3828.48	19.0	5.05	3.37
PTHR11726	1273.0	1191.24	466.0	176.79	117.81
PTHR11727	1939.5	1816.9	6.0	2.41	1.61
PTHR11721	822.0	781.11	524.0	210.93	140.56
PTHR11722	831.0	790.11	521.0	207.31	138.15
PTHR10120	3112.0	3030.22	8.0	2.1	1.39
PTHR10122	1424.0	1383.11	167.0	37.82	25.2
PTHR11831	1794.0	1671.33	178.0	138.82	92.51
PTHR11835	4477.0	4354.33	87.0	19.01	12.66
PTHR11614	6388.0	6224.44	14.0	2.6	1.73
PTHR11615	5851.46	5647.0	78.0	19.35	12.9
PTHR11618	2058.87	1977.1	17.0	3.25	2.16
PTHR14140	1963.0	1840.33	5.0	2.31	1.54
PTHR32419	4755.0	4632.33	13.0	2.93	1.95
PTHR10231	1244.0	1162.22	0.0	0.0	0.0
PTHR10233	4162.0	3998.44	6.0	1.51	1.01
PTHR20922	3196.0	3114.22	24.0	3.81	2.54
PTHR31503	10626.0	10462.44	90.0	9.96	6.64
PTHR23147	1876.42	1794.64	28.0	7.43	4.95
PTHR10548	4315.95	4111.5	44.0	14.67	9.78
PTHR23140	2797.0	2756.11	3.0	0.34	0.23
PTHR23142	1421.17	1339.39	3.0	1.59	1.07
PTHR23149	2433.12	2310.45	7.0	2.85	1.9
PTHR23148	774.0	733.11	0.0	0.0	0.0
PTHR11817	18720.17	18188.62	106.0	16.21	10.8
PTHR11056	1528.0	1487.11	4.0	0.84	0.56
PTHR11055	4051.91	3888.35	305.45	119.36	79.54
PTHR11363	1559.0	1477.22	685.01	255.07	169.97
PTHR32523	4936.5	4854.72	10.0	0.8	0.54
PTHR31695	1335.21	1294.32	8.0	1.94	1.29
PTHR11819	12219.0	11932.77	117.0	20.56	13.7
PTHR12629	922.0	881.11	5.0	1.78	1.19
PTHR18945	618.0	577.11	0.0	0.0	0.0
PTHR26402	10188.0	9901.81	27.0	3.88	2.58
PTHR19384	9646.29	9319.27	779.97	155.2	103.41
PTHR12714	3849.0	3685.44	27.0	7.56	5.04
PTHR32251	1573.0	1532.11	19.0	3.88	2.59
PTHR12570	1004.0	963.11	6.0	1.96	1.3
PTHR21494	363.0	322.12	0.0	0.0	0.0
PTHR21496	4184.83	3980.41	63.0	21.94	14.62
PTHR21493	22002.0	21429.59	88.0	11.97	7.98
PTHR21499	9280.82	9158.15	483.0	56.83	37.87
PTHR21148	4421.0	4257.44	27.0	7.26	4.83
PTHR12083	2468.0	2386.22	9.0	1.64	1.09
PTHR22904	27347.14	26324.91	135.0	36.38	24.23
PTHR13976	6046.0	5882.44	12.0	2.35	1.56
PTHR19852	2028.0	1987.11	7.0	1.1	0.73
PTHR12406	13692.52	13406.29	106.0	13.87	9.25
PTHR16128	2057.5	1893.95	1.0	0.46	0.31
PTHR12400	359.0	318.12	3.0	3.0	2.0
PTHR13572	1328.0	1246.24	5.0	2.38	1.59
PTHR30314	1735.0	1653.22	14.0	5.16	3.44
PTHR12882	1028.0	987.11	1.0	0.32	0.21
PTHR12883	1345.0	1304.11	6.0	1.44	0.96
PTHR16255	2368.0	2286.22	3.0	0.8	0.53
PTHR16254	5520.0	5438.22	20.0	2.21	1.47
PTHR22960	4552.0	4511.11	14.0	0.97	0.65
PTHR13373	813.0	772.11	1.0	0.41	0.27
PTHR22967	1916.0	1834.22	6.0	2.04	1.36
PTHR30222	452.0	411.11	0.0	0.0	0.0
PTHR13115	2207.0	2166.11	14.0	2.02	1.35
PTHR13117	1822.0	1781.11	2.0	0.35	0.23
PTHR12975	1198.0	1075.37	1.0	0.67	0.44
PTHR13285	547.0	506.11	0.0	0.0	0.0
PTHR13288	1115.0	1033.22	4.0	2.57	1.72
PTHR10953	18769.0	18196.55	70.0	14.82	9.89
PTHR21726	888.0	847.11	7.0	2.6	1.73
PTHR10956	353.0	312.13	21.0	21.42	14.27
PTHR11538	4046.0	3923.36	31.0	5.28	3.52
PTHR10826	2601.0	2519.22	51.0	12.0	8.0
PTHR11533	5343.79	5221.13	28.0	4.68	3.12
PTHR11532	3188.0	3106.22	15.0	2.92	1.94
PTHR10971	2239.77	2157.99	30.0	7.62	5.08
PTHR10000	4522.0	4358.44	11.0	2.93	1.96
PTHR13021	1195.0	1154.11	4.0	1.09	0.72
PTHR10108	56044.94	54491.14	438.0	87.51	58.32
PTHR24007	2655.0	2532.35	4.0	0.79	0.53
PTHR24006	17003.56	16185.82	43.29	13.06	8.7
PTHR24003	16244.0	15548.9	43.0	6.67	4.44
PTHR31446	573.0	532.11	0.0	0.0	0.0
PTHR31190	4747.0	4624.33	4.0	0.8	0.52
PTHR11441	1634.0	1593.11	6.0	1.18	0.79
PTHR11440	3896.64	3733.08	8.0	3.16	2.11
PTHR11999	11144.0	10898.66	193.0	24.18	16.12
PTHR11998	4962.0	4798.44	30.0	6.56	4.37
PTHR11449	641.0	600.11	699.91	367.69	245.02
PTHR11994	1312.0	1230.23	622.77	227.56	151.63
PTHR10137	1758.0	1676.22	50.0	18.58	12.38
PTHR10133	3519.0	3396.33	2.0	0.5	0.33
PTHR21649	18890.8	18195.66	20461.39	5270.54	3512.11
PTHR13620	2178.0	2014.49	2.0	0.59	0.4
PTHR11847	989.0	948.11	351.0	116.22	77.45
PTHR11843	1050.0	968.23	454.56	228.17	152.05
PTHR13138	1421.0	1339.22	2.0	1.02	0.68
PTHR11661	3773.0	3650.33	394.0	201.7	134.41
PTHR11662	39290.0	38022.53	123.0	18.15	12.1
PTHR11669	5950.49	5786.93	34.0	7.26	4.84
PTHR11668	14268.0	13818.23	177.92	31.33	20.9
PTHR20856	10782.0	10373.16	17.0	5.05	3.37
PTHR20854	4328.0	4164.44	31.0	9.48	6.33
PTHR20855	5120.17	5038.39	28.0	3.4	2.26
PTHR20852	9304.0	9058.67	378.0	149.26	99.47
PTHR32404	1613.0	1572.11	24.0	4.78	3.18
PTHR20858	2877.5	2754.83	0.0	0.0	0.0
PTHR14898	3610.88	3529.09	17.0	3.0	2.01
PTHR14237	10783.02	10374.13	157.99	29.02	19.34
PTHR14894	1512.0	1430.22	2.0	0.88	0.58
PTHR23155	23179.0	22524.76	46.0	8.88	5.91
PTHR23153	6195.61	5991.36	31.0	8.25	5.5
PTHR23151	10456.0	10047.11	191.71	47.86	31.89
PTHR11063	4994.0	4871.33	10.0	1.92	1.28
PTHR11062	4801.67	4638.26	11.0	2.15	1.44
PTHR11061	5421.06	5175.72	32.0	11.83	7.88
PTHR11065	8191.0	7986.55	135.99	23.49	15.64
PTHR11064	3967.76	3845.08	133.0	30.42	20.26
PTHR11260	15898.69	15367.12	90.0	24.24	16.14
PTHR11264	1079.36	1038.46	8.0	2.42	1.61
PTHR11266	10025.57	9698.47	85.0	17.89	11.93
PTHR13501	2048.0	1966.22	74.0	23.02	15.34
PTHR31998	3616.0	3575.11	392.0	34.23	22.81
PTHR31221	1107.0	1025.26	0.0	0.0	0.0
PTHR15838	1496.0	1373.35	3.0	1.64	1.09
PTHR22836	1453.0	1412.11	3.0	0.67	0.44
PTHR32338	1341.0	1300.11	24.0	5.78	3.85
PTHR31155	2806.18	2683.51	29.0	11.89	7.92
PTHR12363	6357.0	6152.55	16.0	3.81	2.54
PTHR18952	526.0	485.11	1.0	0.65	0.43
PTHR12765	928.35	887.46	2.0	0.71	0.47
PTHR12505	1724.0	1642.22	7.0	2.6	1.73
PTHR12506	2999.0	2876.33	9.0	2.67	1.79
PTHR22604	1167.0	1085.22	1.0	0.47	0.31
PTHR21481	990.0	908.23	0.0	0.0	0.0
PTHR11482	10620.0	10333.77	239.06	37.42	24.92
PTHR22778	1195.0	1154.11	8.0	2.17	1.45
PTHR12169	5181.62	4977.2	79.0	9.07	6.04
PTHR19446	17485.14	17076.26	451.0	73.07	48.71
PTHR12219	971.0	930.11	23.0	7.76	5.17
PTHR13563	2699.0	2617.22	5.0	1.0	0.67
PTHR12210	5185.0	5062.35	90.0	11.08	7.38
PTHR12215	1093.0	1052.11	3.0	0.89	0.6
PTHR12214	1670.0	1588.22	2.0	0.88	0.58
PTHR22915	11782.0	11373.1	37.0	7.91	5.26
PTHR22911	6177.5	5891.28	19.0	3.76	2.51
PTHR22912	16655.49	16123.94	306.0	90.45	60.27
PTHR12183	5204.0	5040.44	39.0	8.2	5.47
PTHR19849	2687.0	2605.22	2.0	0.56	0.37
PTHR22594	12773.0	12405.06	61.0	9.33	6.21
PTHR11864	2277.0	2154.33	6.0	2.32	1.54
PTHR21152	4937.12	4773.56	99.0	27.93	18.62
PTHR21021	969.0	887.23	5.0	2.9	1.93
PTHR19861	1172.0	1131.11	0.0	0.0	0.0
PTHR13102	411.0	370.11	0.0	0.0	0.0
PTHR12984	4209.0	4045.44	5.0	1.72	1.15
PTHR23293	3654.0	3531.33	54.0	7.59	5.06
PTHR13299	1223.0	1141.22	3.0	1.67	1.11
PTHR10925	781.0	740.11	2.0	0.85	0.57
PTHR21737	3916.5	3712.06	59.0	11.29	7.52
PTHR10920	4665.72	4502.15	29.0	6.75	4.49
PTHR10855	3603.0	3521.22	38.0	6.66	4.43
PTHR10585	2065.0	1942.34	14.0	9.49	6.32
PTHR10584	12537.0	12168.99	68.04	14.42	9.61
PTHR11528	5330.0	5207.33	252.0	49.5	32.98
PTHR11527	9236.72	9032.27	191.0	29.21	19.47
PTHR11525	1226.0	1144.22	1.0	0.5	0.33
PTHR10859	4082.59	3919.04	18.0	4.24	2.83
PTHR10589	2473.0	2350.33	59.0	27.43	18.28
PTHR10588	2108.0	1985.37	5.0	3.92	2.61
PTHR13038	2137.0	2096.11	2.0	0.3	0.2
PTHR13748	10301.0	9810.44	52.0	20.24	13.49
PTHR12126	2865.0	2783.22	54.0	11.15	7.43
PTHR13743	768.0	686.27	1.0	0.74	0.5
PTHR24015	28586.0	27809.18	171.0	15.47	10.32
PTHR24012	29377.87	28519.26	1146.0	202.05	134.64
PTHR24011	37692.93	36507.52	634.77	81.47	54.32
PTHR31187	11850.0	11522.89	169.01	19.27	12.84
PTHR21145	742.32	701.43	4.0	1.79	1.2
PTHR13007	940.51	899.62	8.0	2.79	1.86
PTHR11986	13535.0	13166.99	246.0	45.49	30.32
PTHR11455	12160.0	11792.0	193.0	12.59	8.4
PTHR10102	2098.0	1975.33	2.0	1.0	0.67
PTHR11458	1431.0	1390.11	48.0	10.81	7.21
PTHR10106	1498.74	1457.84	12.89	2.77	1.85
PTHR31057	499.0	458.11	1.0	0.69	0.46
PTHR11851	21317.12	20581.14	104.0	19.79	13.17
PTHR23092	5810.0	5482.89	8.0	4.28	2.86
PTHR23091	18401.79	17829.38	191.0	30.34	20.21
PTHR11673	1674.0	1633.11	149.0	28.55	19.03
PTHR11670	5673.0	5509.44	214.0	48.6	32.4
PTHR11671	2378.74	2337.84	25.0	3.34	2.23
PTHR20863	3967.0	3844.33	418.0	148.32	98.83
PTHR20861	1122.0	1081.11	2.0	0.58	0.39
PTHR11679	7975.0	7607.01	25.0	8.27	5.51
PTHR14009	2666.0	2543.47	9.63	2.86	1.91
PTHR10217	11091.0	10600.38	16.0	3.38	2.26
PTHR14005	2782.0	2741.11	16.0	1.82	1.22
PTHR10210	5179.0	5097.22	142.0	14.97	9.98
PTHR31522	1566.0	1525.11	28.0	5.75	3.83
PTHR14221	496.0	455.11	0.0	0.0	0.0
PTHR11079	6982.17	6736.9	82.0	18.6	12.38
PTHR11076	5732.5	5446.3	3.0	1.1	0.73
PTHR11070	4565.0	4401.44	18.98	3.9	2.6
PTHR11071	25982.23	24837.4	804.17	192.17	128.04
PTHR11278	856.0	815.11	385.0	148.46	98.93
PTHR14107	1985.0	1944.11	4.0	0.64	0.43
PTHR11804	12884.0	12515.99	78.0	21.66	14.45
PTHR11274	2190.0	2108.22	4.0	0.82	0.54
PTHR14136	5007.0	4843.44	65.0	19.73	13.15
PTHR31984	3451.0	3369.22	107.0	15.99	10.66
PTHR15350	2010.56	1928.77	25.0	8.08	5.39
PTHR15606	2663.0	2540.33	5.0	1.95	1.3
PTHR12374	2252.91	2171.15	8.0	2.79	1.86
PTHR12375	1706.0	1665.11	16.0	3.01	2.0
PTHR12378	2107.0	1984.34	17.0	6.18	4.14
PTHR18929	10547.0	10178.99	640.0	123.76	82.47
PTHR30535	2368.0	2286.22	8.0	2.97	1.98
PTHR12777	943.0	902.11	13.0	4.53	3.02
PTHR12775	2329.0	2247.22	13.0	3.58	2.38
PTHR12770	5367.0	5162.55	9.0	2.05	1.37
PTHR20981	857.0	816.11	333.0	128.25	85.46
PTHR10438	27408.0	26631.09	583.99	167.73	111.75
PTHR16092	1647.0	1565.22	0.0	0.0	0.0
PTHR11035	2309.0	2227.22	19.0	5.14	3.43
PTHR22298	9134.0	8929.6	276.0	15.69	10.45
PTHR12174	4099.0	3935.49	6.0	0.97	0.65
PTHR12175	2399.0	2317.22	7.0	1.83	1.22
PTHR12176	10941.0	10777.44	90.0	6.78	4.52
PTHR22769	3315.0	3151.48	9.0	2.8	1.86
PTHR22767	4205.0	4000.56	9.0	1.86	1.24
PTHR22765	6935.5	6771.94	23.0	4.35	2.9
PTHR22762	3292.0	3251.11	15.0	1.44	0.96
PTHR22763	1129.1	1088.21	7.0	2.02	1.34
PTHR22761	4054.43	3931.76	55.0	12.71	8.48
PTHR21231	2751.0	2669.22	16.0	3.82	2.56
PTHR21230	1540.0	1458.22	8.0	3.06	2.04
PTHR21234	2415.0	2333.22	11.0	1.92	1.28
PTHR21237	3761.0	3638.33	58.0	15.87	10.57
PTHR12202	976.0	894.22	0.0	0.0	0.0
PTHR12203	5221.0	5016.56	9.0	1.8	1.2
PTHR19857	1890.0	1849.11	9.0	1.52	1.01
PTHR19854	3361.0	3074.85	2.0	0.84	0.56
PTHR19855	1261.0	1220.11	8.0	2.05	1.37
PTHR13353	3284.93	3121.39	151.88	41.95	27.96
PTHR19853	2195.0	2113.22	6.0	1.67	1.11
PTHR12197	9272.0	8781.45	12.0	6.61	4.41
PTHR19858	2223.0	2100.33	2.0	0.9	0.59
PTHR13822	1149.0	1108.11	46.99	13.3	8.86
PTHR10344	1103.0	1021.23	0.0	0.0	0.0
PTHR10732	729.0	688.11	604.0	276.32	184.13
PTHR10738	1662.0	1580.23	1.0	0.25	0.17
PTHR10739	2735.0	2653.22	24.0	6.04	4.02
PTHR22846	1685.0	1562.38	1.0	0.54	0.36
PTHR12992	888.0	847.11	1.0	0.37	0.25
PTHR22838	1559.79	1437.13	5.0	3.52	2.35
PTHR11588	4081.15	3794.96	56.0	17.0	11.33
PTHR11934	2149.0	2067.22	37.0	12.16	8.1
PTHR10938	1457.0	1416.11	12.0	2.65	1.77
PTHR10934	735.0	694.11	526.0	238.54	158.95
PTHR11510	2171.0	2130.11	10.0	1.47	0.98
PTHR11516	4460.22	4337.54	140.0	29.83	19.87
PTHR10025	4159.0	4036.33	25.0	4.68	3.12
PTHR10026	6276.02	6030.68	67.0	18.21	12.15
PTHR13009	3244.0	3121.33	13.0	3.97	2.64
PTHR30115	1095.0	1054.11	36.0	10.71	7.14
PTHR10598	2087.0	2046.11	29.0	4.43	2.95
PTHR17901	479.0	438.11	0.0	0.0	0.0
PTHR24351	4483.0	4401.22	26.0	3.65	2.43
PTHR20982	1390.0	1349.11	43.0	9.98	6.65
PTHR24352	3464.87	3383.09	38.0	7.13	4.75
PTHR11467	1855.0	1814.11	159.0	27.42	18.27
PTHR10119	7567.0	7321.66	37.0	7.46	4.97
PTHR10114	417.0	376.11	269.0	226.94	151.23
PTHR10110	11257.0	10848.1	27.0	6.06	4.04
PTHR11469	2241.0	2200.11	21.0	2.98	1.99
PTHR10445	1111.0	1070.11	44.0	12.9	8.59
PTHR11863	2640.0	2558.22	11.0	1.7	1.13
PTHR24286	13709.0	13422.77	187.04	21.46	14.28
PTHR23429	4034.12	3952.33	31.0	5.35	3.57
PTHR23426	1201.0	1160.11	32.0	8.65	5.76
PTHR10593	2424.0	2219.6	5.0	4.21	2.81
