GeneFamily	length	effective_length	expected_count	TPM	FPKM
PTHR11649	9497.94	9100.34	3389.18	144.05	120.85
PTHR31089	3461.55	3411.85	801.24	16.69	14.0
PTHR31085	404.0	354.31	24.0	4.88	4.09
PTHR11647	4046.0	3946.6	367.0	12.79	10.73
PTHR11645	3435.73	3386.03	1707.0	35.83	30.06
PTHR10209	3168.0	3068.6	271.78	12.09	10.13
PTHR32429	4034.0	3934.6	38121.1	1473.08	1235.93
PTHR31423	806.0	756.3	226.0	21.36	17.92
PTHR31551	750.0	700.3	666.0	68.0	57.05
PTHR32195	973.0	873.65	26.0	3.82	3.21
PTHR11081	3279.0	3080.23	66.0	5.35	4.49
PTHR11080	2857.21	2757.81	797.87	34.92	29.3
PTHR11082	10985.08	10587.53	867.57	37.77	31.7
PTHR11085	3218.0	3068.91	254.0	12.53	10.52
PTHR13501	1760.0	1710.3	385.0	16.03	13.45
PTHR11089	10473.38	9976.39	1251.9	57.54	48.28
PTHR12271	3399.0	3200.22	123.0	8.59	7.2
PTHR32518	3536.0	3486.3	468.0	9.54	8.01
PTHR11247	2055.5	1956.1	374.0	24.17	20.28
PTHR11246	10516.0	10317.2	2152.97	44.82	37.61
PTHR32512	1450.0	1400.3	86.0	4.38	3.67
PTHR23088	4313.98	4115.22	1137.81	59.6	50.0
PTHR23089	2380.0	2230.9	739.99	81.99	68.79
PTHR23081	5563.03	5463.63	427.0	11.55	9.69
PTHR23083	36774.94	35433.23	8506.99	294.73	247.28
PTHR23084	6508.42	6210.22	1639.0	99.07	83.13
PTHR23086	4072.72	3873.92	386.0	30.45	25.55
PTHR18806	1223.21	1173.51	394.0	23.94	20.08
PTHR11880	2225.0	2125.6	21681.37	2741.05	2299.76
PTHR31953	3888.9	3739.8	1739.07	59.64	50.04
PTHR15184	9216.61	8918.42	12807.13	354.86	297.73
PTHR11885	1409.0	1309.6	20676.91	1911.54	1603.8
PTHR15341	780.0	730.3	49.0	4.8	4.02
PTHR32357	997.28	897.92	22.0	3.38	2.83
PTHR12696	4806.0	4756.3	1963.01	29.32	24.6
PTHR12341	4816.92	4568.46	229.0	17.36	14.57
PTHR10168	7263.0	7064.2	18404.38	564.77	473.84
PTHR15160	11088.86	10840.36	5957.77	207.55	174.13
PTHR18937	22324.09	21876.79	4569.83	111.12	93.25
PTHR18934	15293.03	14597.39	4424.34	112.1	94.06
PTHR12742	3979.72	3830.62	677.03	38.42	32.24
PTHR12741	3673.0	3573.6	1392.23	56.24	47.18
PTHR19288	8348.12	8099.62	4494.89	135.81	113.94
PTHR13902	6729.85	6580.75	619.38	17.21	14.44
PTHR13903	2283.4	2184.0	245.0	15.93	13.37
PTHR22753	4558.0	4408.9	571.01	18.54	15.56
PTHR30615	1875.15	1726.05	252.0	30.99	26.01
PTHR21220	935.0	835.62	15.0	2.57	2.16
PTHR22938	4860.98	4761.62	1266.0	37.54	31.5
PTHR16266	7223.0	6974.53	260.0	9.81	8.24
PTHR30612	3317.64	3218.24	335.0	10.85	9.1
PTHR22932	623.0	573.3	1479.02	184.76	155.02
PTHR21228	56221.67	53935.79	10263.45	294.37	246.99
PTHR31038	981.0	931.3	170.0	13.03	10.93
PTHR13832	44450.67	43258.01	17028.01	490.98	411.96
PTHR21139	2424.0	2374.3	777.01	23.28	19.53
PTHR21136	2700.0	2600.6	1121.99	52.84	44.33
PTHR12526	34071.84	33227.04	13433.9	377.03	316.33
PTHR13120	2209.0	2159.3	823.0	27.12	22.75
PTHR22809	1880.0	1681.24	51.0	8.36	7.02
PTHR22807	9971.03	9623.26	1217.99	34.97	29.34
PTHR20661	2040.0	1940.6	104.0	8.36	7.02
PTHR10900	15172.47	14675.52	4565.16	144.91	121.58
PTHR10906	2232.0	2182.3	133.0	4.34	3.64
PTHR10909	17886.39	17488.79	11827.84	355.86	298.57
PTHR10055	4483.0	4333.9	1333.58	52.8	44.31
PTHR10057	2148.93	2049.53	350.0	25.11	21.07
PTHR10052	394.0	344.32	10.0	2.09	1.75
PTHR13017	1207.0	1157.3	93.0	5.73	4.81
PTHR13018	17615.75	17118.77	3072.97	82.76	69.42
PTHR10694	7756.99	7359.41	552.0	35.34	29.64
PTHR12839	1771.0	1621.92	61.0	7.48	6.28
PTHR12835	2330.0	2230.61	131.0	6.35	5.33
PTHR24031	65614.14	62583.25	55272.33	1793.51	1504.83
PTHR24032	676.0	626.3	13.0	1.49	1.25
PTHR11922	4520.0	4370.9	1263.0	35.4	29.69
PTHR24349	72946.77	70809.9	21701.64	597.17	501.01
PTHR24619	5665.77	5218.65	272.0	30.64	25.73
PTHR24343	23254.45	22459.32	4781.89	208.39	174.83
PTHR11472	5913.95	5566.05	332.94	24.0	20.15
PTHR11476	5164.0	5014.9	551.0	18.25	15.31
PTHR11477	3105.29	3005.89	809.0	40.55	34.01
PTHR24305	2812.45	2563.97	176.0	21.36	17.93
PTHR10476	5685.04	5486.24	3508.86	192.49	161.5
PTHR24290	2182.0	2082.62	347.13	15.52	13.02
PTHR23413	973.28	873.92	25613.47	3443.29	2888.94
PTHR23417	4279.23	4080.44	456.0	28.54	23.94
PTHR23416	3627.0	3527.6	1146.0	34.09	28.6
PTHR23415	1476.0	1426.3	444.0	22.18	18.61
PTHR10871	4695.62	4496.82	58219.56	4066.07	3411.46
PTHR23418	716.0	666.3	716.0	76.87	64.49
PTHR10877	30249.07	29453.92	2274.13	46.1	38.7
PTHR11879	5038.76	4889.66	4568.42	161.89	135.83
PTHR10430	2624.0	2524.6	2922.76	169.45	142.17
PTHR31724	6324.72	6125.92	517.0	23.84	20.0
PTHR31098	6913.5	6764.41	7173.0	102.49	85.99
PTHR11655	2949.0	2799.98	61727.26	4151.18	3482.87
PTHR11652	808.37	758.67	101.0	9.51	7.98
PTHR10436	7878.68	7232.71	239.0	27.98	23.47
PTHR20883	1445.35	1395.81	118.0	6.02	5.05
PTHR11895	4385.58	4087.43	454.0	33.18	27.85
PTHR10277	1514.55	1464.85	874.0	42.5	35.66
PTHR14027	3090.0	2940.93	206.0	13.88	11.63
PTHR13691	966.0	866.63	13.0	1.8	1.51
PTHR23180	17006.46	16608.9	2305.0	59.13	49.61
PTHR14593	2694.09	2545.0	274.01	17.7	14.85
PTHR11093	2522.51	2423.11	2427.0	101.41	85.08
PTHR11096	2483.0	2333.9	138.0	10.93	9.17
PTHR23346	5063.05	4864.31	330.99	15.98	13.42
PTHR11099	1018.31	968.61	355.0	26.15	21.94
PTHR10309	3074.0	3024.3	667.0	15.68	13.15
PTHR14107	1941.0	1891.3	545.06	20.51	17.21
PTHR11252	1957.0	1857.6	70.0	5.38	4.51
PTHR11254	25519.85	24923.54	4077.93	117.59	98.65
PTHR11255	1770.02	1720.32	244.0	10.1	8.47
PTHR14110	7148.0	6949.2	4294.97	160.53	134.69
PTHR14374	853.0	803.3	20.0	1.78	1.49
PTHR18838	712.0	662.3	16.0	1.73	1.45
PTHR12687	941.0	841.66	14.0	2.6	2.18
PTHR15157	3839.87	3591.46	439.0	20.57	17.25
PTHR18901	6859.81	6561.62	1583.0	79.3	66.54
PTHR12755	3601.38	3452.28	340.0	17.57	14.75
PTHR12750	5749.0	5699.3	1081.97	13.48	11.31
PTHR12753	1909.0	1859.3	132.0	5.05	4.24
PTHR15081	2439.0	2389.3	1013.0	30.16	25.3
PTHR15574	6692.0	6344.13	1037.02	52.77	44.28
PTHR12506	2500.0	2450.3	310.0	9.0	7.55
PTHR23109	620.86	571.16	39.0	4.89	4.1
PTHR13931	7166.0	6967.2	2552.57	67.44	56.59
PTHR24006	25779.98	24637.08	3409.58	123.45	103.61
PTHR12358	4587.0	4487.6	1338.06	42.05	35.28
PTHR22748	3560.25	3460.85	379.0	13.36	11.21
PTHR12356	4860.0	4710.91	2932.53	113.97	95.63
PTHR12221	2281.0	2131.95	101.0	11.38	9.55
PTHR21213	1425.0	1375.3	365.0	18.91	15.86
PTHR19879	1844.63	1695.67	87.0	9.82	8.24
PTHR12226	1589.0	1489.6	65.0	6.16	5.16
PTHR19876	4118.49	4019.09	1719.0	44.44	37.28
PTHR19877	9874.0	9774.6	6136.69	92.4	77.52
PTHR21689	3491.01	3391.61	249.02	8.68	7.28
PTHR31190	3606.55	3457.57	584.97	22.97	19.28
PTHR13803	11598.0	11399.2	80059.58	1300.63	1091.23
PTHR19980	3253.0	3153.6	244.0	10.46	8.78
PTHR12537	3018.0	2918.6	732.0	34.09	28.6
PTHR12532	1749.0	1699.3	160.0	6.7	5.62
PTHR13486	1181.0	1131.3	111.0	7.0	5.87
PTHR13489	1273.0	1223.3	49.0	2.86	2.4
PTHR17583	2484.0	2235.56	54.0	8.04	6.75
PTHR24198	29582.25	28389.6	6471.25	287.89	241.53
PTHR10048	5931.0	5682.52	424.0	24.64	20.68
PTHR24193	15593.46	15047.02	3951.93	190.64	159.95
PTHR10044	1789.96	1640.96	295.72	31.81	26.7
PTHR11998	7629.52	7480.42	2779.0	81.27	68.2
PTHR13060	2104.0	2054.3	148.0	5.13	4.3
PTHR10687	1962.0	1912.3	2143.28	79.76	66.92
PTHR10681	21865.26	21219.16	23223.15	982.24	824.1
PTHR10682	2356.6	2306.9	825.0	25.44	21.34
PTHR10683	3506.0	3406.6	1872.0	89.13	74.79
PTHR12829	2436.0	2287.03	474.0	20.93	17.55
PTHR12820	6072.28	6022.58	2191.99	25.85	21.69
PTHR12826	826.0	776.3	465.0	42.8	35.91
PTHR12827	1190.0	1040.99	20.0	4.24	3.55
PTHR17920	1281.0	1181.61	21.0	2.49	2.09
PTHR11405	10127.0	9928.2	5639.13	160.79	134.92
PTHR11404	4988.57	4789.78	5014.74	287.66	241.35
PTHR11406	3481.0	3381.6	6875.03	245.41	205.9
PTHR14744	1086.0	1036.3	61.0	4.2	3.52
PTHR13468	1437.69	1387.99	243.99	12.52	10.51
PTHR23406	12428.55	12080.77	5344.8	116.33	97.6
PTHR23407	830.0	780.3	28.0	2.56	2.15
PTHR10869	16700.96	16253.68	38910.5	769.75	645.83
PTHR31717	9654.0	9455.21	2704.06	56.6	47.48
PTHR13393	2976.13	2926.43	721.0	17.52	14.7
PTHR15169	930.0	830.61	21.0	3.59	3.01
PTHR11315	5014.0	4914.6	12629.07	365.33	306.52
PTHR10139	1748.0	1598.94	62.0	8.56	7.18
PTHR10264	1641.89	1542.5	192.0	23.84	20.0
PTHR10263	5318.0	5218.6	9949.95	236.59	198.5
PTHR31407	5165.0	5015.9	346.0	14.79	12.41
PTHR32170	1633.0	1533.61	35.0	2.81	2.36
PTHR23350	4030.21	3881.16	885.0	24.59	20.63
PTHR23354	3727.19	3578.1	549.08	28.06	23.55
PTHR23355	7850.28	7353.34	388.0	29.96	25.14
PTHR23359	11134.6	10637.73	8557.91	405.86	340.51
PTHR11227	2669.0	2619.3	715.0	19.41	16.29
PTHR11220	10536.4	10287.9	6475.2	207.22	173.87
PTHR11223	1020.46	921.1	54.0	8.38	7.03
PTHR11229	2439.0	2339.6	1192.79	78.86	66.17
PTHR10314	18510.87	17815.16	17182.35	692.07	580.68
PTHR14303	3093.0	3043.3	660.46	15.43	12.94
PTHR14085	1270.23	1220.53	347.0	20.26	17.0
PTHR11139	19003.55	17960.13	1223.73	83.24	69.86
PTHR15362	3333.13	3233.73	1001.0	38.11	31.97
PTHR11132	35406.71	34313.31	7775.74	308.66	258.95
PTHR11134	3758.0	3708.3	962.0	18.44	15.47
PTHR11136	1373.0	1323.3	49.0	2.64	2.21
PTHR32374	4615.87	4417.07	9248.08	346.25	290.5
PTHR31579	20554.73	20057.83	10495.16	233.19	195.65
PTHR32379	2271.0	2171.6	450.0	20.99	17.61
PTHR18919	6417.27	6268.17	18982.91	511.59	429.24
PTHR32002	6032.0	5833.2	198.0	8.2	6.88
PTHR14413	5411.65	5312.25	4734.22	254.89	213.86
PTHR14089	4427.0	4277.9	1199.95	35.95	30.16
PTHR22893	6474.08	6374.68	1593.38	34.9	29.29
PTHR24067	17808.6	17212.2	10142.82	500.61	420.02
PTHR10072	1833.58	1783.88	567.0	22.62	18.98
PTHR12786	2979.37	2929.67	894.0	21.7	18.2
PTHR12782	572.0	522.3	40.89	5.61	4.71
PTHR11742	2751.0	2601.96	123.03	6.33	5.31
PTHR11216	3342.0	3242.6	351.05	12.5	10.48
PTHR13923	4773.49	4723.79	688.0	10.35	8.68
PTHR11210	1428.0	1378.3	943.98	48.79	40.94
PTHR12321	1969.0	1919.3	1825.28	67.68	56.78
PTHR12320	12164.89	11767.3	8702.52	252.86	212.13
PTHR12323	1324.83	1275.13	152.0	8.5	7.13
PTHR16201	1019.05	969.35	364.19	26.81	22.49
PTHR21015	1866.0	1766.6	94.0	7.86	6.59
PTHR16196	3667.46	3568.06	892.0	22.41	18.8
PTHR16193	1432.0	1332.6	155.0	15.92	13.36
PTHR22792	7382.0	7183.23	1835.64	47.27	39.66
PTHR22790	3392.02	3242.92	270.0	17.19	14.43
PTHR21680	1078.0	1028.3	484.0	33.58	28.17
PTHR10343	3475.51	3376.11	1080.98	39.8	33.4
PTHR21113	1852.94	1753.54	310.0	33.32	27.96
PTHR19316	1544.0	1494.3	589.9	28.12	23.59
PTHR21663	896.0	796.68	15.0	2.15	1.8
PTHR13253	10526.25	10128.65	3443.12	186.08	156.13
PTHR12446	712.0	662.3	7.06	0.76	0.64
PTHR21206	1008.0	958.3	80.0	5.96	5.0
PTHR13789	23947.39	23251.59	13185.82	325.36	272.96
PTHR10071	24832.5	24285.91	20230.88	456.9	383.34
PTHR24188	11448.14	11050.56	3413.94	109.51	91.87
PTHR13780	7359.04	7160.24	6705.06	174.54	146.44
PTHR10670	4467.19	4069.71	142.0	17.11	14.35
PTHR10677	4801.15	4701.75	2675.02	52.4	43.95
PTHR13078	7121.54	6922.78	1740.47	97.48	81.78
PTHR12815	4462.0	4362.6	561.0	18.47	15.5
PTHR12814	1442.0	1342.6	36.04	3.79	3.18
PTHR24361	21420.31	20973.12	8891.62	178.8	150.01
PTHR24362	34278.14	33234.56	10214.85	405.36	340.12
PTHR10416	2045.0	1995.3	73.0	2.6	2.18
PTHR10410	6425.0	6275.9	2290.46	74.18	62.24
PTHR10783	12822.27	12424.72	3776.0	167.06	140.17
PTHR10782	985.0	935.3	24.0	1.83	1.54
PTHR13476	3261.07	3161.67	1030.97	53.78	45.12
PTHR10788	8067.53	7918.43	2600.99	86.57	72.63
PTHR10891	56944.11	55055.53	22481.07	803.17	673.86
PTHR10890	1497.19	1447.49	318.0	15.65	13.13
PTHR20426	1094.2	1044.5	161.0	11.0	9.23
PTHR23213	12796.21	12299.28	1254.3	47.11	39.52
PTHR10520	6931.59	6732.79	2303.01	68.85	57.78
PTHR10250	1635.0	1585.3	2614.0	117.42	98.51
PTHR10527	16597.26	16199.68	7336.02	131.3	110.17
PTHR31384	3414.0	3364.3	746.93	15.78	13.24
PTHR31385	4107.0	4007.6	871.0	27.29	22.89
PTHR10091	1482.0	1432.3	729.0	36.26	30.42
PTHR31142	1594.0	1544.3	447.13	20.62	17.3
PTHR31140	2505.0	2455.3	1006.0	29.14	24.45
PTHR11787	5056.0	5006.3	3964.07	56.25	47.19
PTHR11785	10188.83	9841.03	835.04	25.89	21.74
PTHR11782	9459.12	9210.69	1551.99	23.64	19.83
PTHR31419	1611.93	1413.4	23.0	4.94	4.15
PTHR11780	3793.0	3693.6	6009.23	169.49	142.2
PTHR32148	10093.42	9695.85	36610.24	1781.16	1494.4
PTHR23324	10164.06	9965.26	2140.01	56.54	47.44
PTHR23327	3699.0	3599.6	708.97	19.93	16.72
PTHR23326	5044.0	4894.9	667.0	37.71	31.64
PTHR23321	4487.25	4288.5	4247.65	229.98	192.96
PTHR23323	5434.0	5036.45	625.0	63.33	53.14
PTHR23322	3071.0	2872.26	237.0	23.42	19.66
PTHR23329	1055.08	1005.38	156.0	11.07	9.29
PTHR11236	5751.84	5503.41	539.0	23.72	19.92
PTHR20932	2519.07	2469.37	395.0	11.38	9.54
PTHR10322	9369.97	8972.44	804.0	36.74	30.84
PTHR11239	1765.0	1665.6	973.0	68.89	57.8
PTHR10803	5149.82	5000.72	791.0	32.42	27.21
PTHR31964	10528.25	10279.76	20968.23	934.94	784.41
PTHR10552	1059.0	1009.3	196.0	13.85	11.62
PTHR23030	3228.0	3178.3	320.0	7.16	6.0
PTHR11129	3357.56	3208.46	947.24	46.58	39.08
PTHR15316	3828.66	3629.87	534.0	38.76	32.52
PTHR11127	1073.0	973.62	32483.62	3689.25	3095.31
PTHR11125	2457.13	2308.04	181.0	15.29	12.83
PTHR31566	547.0	497.3	10.0	1.44	1.21
PTHR31567	1662.0	1612.3	651.88	28.79	24.15
PTHR31561	3950.54	3851.14	3932.0	138.04	115.82
PTHR15137	2494.0	2344.9	136.0	11.73	9.85
PTHR14950	413.0	363.31	8.0	1.58	1.33
PTHR15954	1823.02	1723.63	97.0	9.21	7.72
PTHR15952	2757.0	2657.6	123.0	7.07	5.94
PTHR21319	7362.65	7213.55	705.0	22.23	18.65
PTHR21597	2384.88	2235.8	91.0	8.7	7.3
PTHR19271	1019.08	919.73	19.0	2.39	2.0
PTHR22931	8033.14	7486.51	1013.0	106.14	89.04
PTHR12022	1317.0	1267.3	2423.0	136.26	114.32
PTHR13343	7230.58	7081.48	2940.9	70.78	59.38
PTHR12233	787.36	737.67	614.0	59.49	49.92
PTHR12029	8348.22	7901.1	874.89	44.13	37.02
PTHR22936	9045.65	8697.75	2218.37	78.87	66.18
PTHR22780	9027.36	8828.56	1365.72	34.71	29.12
PTHR21477	3405.35	3305.95	996.99	46.93	39.37
PTHR19308	3433.0	3333.6	24977.46	624.88	524.28
PTHR22870	22358.29	21414.15	3427.0	135.58	113.77
PTHR17630	10835.97	10537.77	4542.01	138.95	116.59
PTHR10064	601.0	551.3	46563.73	6051.06	5076.89
PTHR10066	4966.21	4717.74	450.0	28.81	24.18
PTHR10060	3776.62	3627.6	453.0	27.17	22.8
PTHR10663	11109.9	10612.91	974.99	45.43	38.11
PTHR10666	711.0	661.3	39059.31	4225.22	3544.99
PTHR10668	9918.93	9422.11	2246.66	76.41	64.09
PTHR12265	936.0	836.61	35.0	5.96	5.0
PTHR12801	6828.1	6629.3	5955.79	134.81	113.1
PTHR12802	4198.0	3899.9	229.0	18.49	15.51
PTHR12805	1157.62	1107.92	191.0	12.29	10.31
PTHR12806	1333.35	1283.65	404.0	22.43	18.82
PTHR21091	13500.6	13103.07	3289.7	115.63	97.03
PTHR21090	5469.0	5369.6	3097.63	85.77	71.96
PTHR24314	3473.44	3374.04	716.84	31.21	26.18
PTHR11933	825.0	775.3	17.0	1.57	1.31
PTHR24316	13430.76	12884.07	6510.42	228.4	191.65
PTHR11426	5014.28	4865.18	12702.03	652.32	547.3
PTHR11937	10102.83	9854.33	1621.03	66.83	56.07
PTHR11938	14414.0	14264.9	5688.5	68.82	57.75
PTHR13683	925.59	875.89	196.0	15.98	13.41
PTHR24089	57811.9	55873.91	83268.03	2571.68	2157.71
PTHR10796	12363.0	11915.79	1753.0	45.06	37.81
PTHR10794	5836.63	5637.85	1400.0	79.44	66.66
PTHR10795	36389.35	35395.56	6223.07	113.95	95.63
PTHR10792	1033.0	933.61	24771.04	3073.47	2578.67
PTHR10799	56752.3	54019.29	5255.03	233.64	196.06
PTHR10882	1079.0	1029.3	28.0	1.94	1.63
PTHR10887	25443.18	24051.81	4450.74	180.5	151.42
PTHR11686	1325.0	1275.3	56.0	3.13	2.63
PTHR11685	5863.72	5664.93	1589.09	68.05	57.1
PTHR11680	5708.34	5559.24	6907.08	200.91	168.57
PTHR24221	12824.68	12278.14	4390.16	155.16	130.21
PTHR24220	5789.4	5640.3	1384.02	51.94	43.58
PTHR24223	13547.57	12653.25	501.49	42.38	35.54
PTHR11689	17376.18	16978.69	7710.74	92.68	77.76
PTHR10252	1783.0	1683.6	146.0	12.61	10.58
PTHR10537	566.0	516.3	10.0	1.39	1.16
PTHR13124	2770.0	2670.6	544.0	28.46	23.87
PTHR31173	2231.87	2132.47	91.0	6.06	5.09
PTHR12538	603.0	553.3	35074.04	4541.33	3810.21
PTHR10997	12603.74	12156.45	995.0	38.33	32.16
PTHR10098	1479.0	1429.3	295.0	14.7	12.34
PTHR31356	6825.38	6576.89	18428.55	1112.81	933.66
PTHR31352	9023.0	8873.9	7305.61	175.74	147.45
PTHR31350	4175.0	3926.54	287.0	19.43	16.3
PTHR11758	675.0	625.3	24290.57	2780.1	2332.53
PTHR23333	2749.0	2649.6	1527.2	74.26	62.31
PTHR11751	8825.2	8527.0	1242.26	53.65	45.01
PTHR11753	3246.69	3147.29	2851.0	128.79	108.06
PTHR11200	14158.0	13661.05	3574.25	99.98	83.9
PTHR11206	24809.65	24014.55	3746.73	109.82	92.13
PTHR11757	14083.45	13735.59	4118.98	73.05	61.3
PTHR23339	12500.7	12152.83	3468.32	65.55	54.98
PTHR10332	6769.08	6570.29	2254.0	68.78	57.7
PTHR32557	4341.0	4291.3	751.0	12.43	10.43
PTHR14145	4972.0	4872.6	2265.28	63.58	53.34
PTHR17695	2161.0	1912.57	33.0	6.08	5.1
PTHR13600	2280.0	2230.3	68.0	2.17	1.82
PTHR15744	954.0	904.3	27.0	2.13	1.79
PTHR23029	14212.78	13765.53	5008.5	89.37	74.98
PTHR23023	9419.92	8823.61	540.0	40.33	33.83
PTHR21294	1194.53	1144.83	166.0	10.34	8.67
PTHR11119	5706.0	5606.6	667.0	17.75	14.89
PTHR12841	1634.46	1584.76	1500.11	67.41	56.55
PTHR31595	9391.2	8993.62	1950.96	81.03	67.99
PTHR31596	1171.84	1072.6	51.0	7.84	6.58
PTHR15948	1489.74	1390.34	83.0	8.43	7.07
PTHR31412	5275.0	5175.6	1214.47	28.2	23.66
PTHR32026	4433.24	4333.84	2468.49	82.65	69.34
PTHR22939	21273.45	20528.07	3375.09	106.21	89.09
PTHR31829	1193.0	1143.3	1274.0	79.45	66.66
PTHR30191	3723.0	3673.3	32446.77	627.76	526.7
PTHR14898	3160.0	3060.6	154.0	7.46	6.27
PTHR19241	40922.71	39183.6	15553.98	346.64	290.82
PTHR14894	3018.14	2968.44	1427.0	34.18	28.67
PTHR15239	2147.81	1949.14	593.07	46.64	39.14
PTHR19854	3862.56	3614.07	687.24	34.57	29.01
PTHR32497	4010.0	3910.6	417.0	14.74	12.37
PTHR12304	1679.05	1579.65	178.0	13.79	11.58
PTHR30540	5018.46	4968.76	1985.96	28.39	23.82
PTHR30544	6659.12	6460.35	1374.61	34.9	29.28
PTHR13302	2494.76	2345.71	199.02	19.71	16.53
PTHR12472	428.0	378.31	5.0	0.95	0.8
PTHR13308	2227.2	2078.11	189.0	17.38	14.6
PTHR12477	1161.0	1111.3	45.0	2.89	2.42
PTHR13878	4538.0	4388.9	295.0	14.26	11.97
PTHR21461	1023.76	974.06	103.0	7.55	6.33
PTHR13872	856.0	756.63	22978.74	3826.81	3210.72
PTHR22849	21045.3	20349.59	3666.62	134.36	112.73
PTHR21314	2905.35	2805.95	389.0	20.47	17.18
PTHR21649	12394.82	11798.6	71846.76	5455.09	4576.89
PTHR22841	6801.0	6602.23	1390.51	43.44	36.43
PTHR22847	67715.1	65031.85	6237.85	321.55	269.73
PTHR22846	2088.0	1988.6	253.0	18.28	15.33
PTHR22844	16226.4	15729.41	1881.02	63.59	53.36
PTHR31606	927.0	877.3	131.0	10.66	8.95
PTHR23284	1435.0	1385.3	440.0	22.63	18.99
PTHR21266	12545.55	12098.38	1451.0	50.05	42.01
PTHR12277	2891.73	2792.33	548.0	26.32	22.09
PTHR12276	1737.0	1687.3	125.0	5.27	4.43
PTHR10657	6796.04	6696.64	4177.15	69.75	58.52
PTHR16557	1796.65	1697.26	158.0	12.93	10.85
PTHR10655	1480.0	1430.3	745.0	37.1	31.13
PTHR10652	1079.06	1029.36	217.0	15.04	12.62
PTHR17972	2315.95	2117.18	76.0	10.04	8.42
PTHR21085	1447.0	1397.3	335.0	17.08	14.33
PTHR10438	21807.57	21211.17	42136.21	1784.47	1497.2
PTHR11926	3041.0	2991.3	336.0	7.99	6.7
PTHR11431	2527.0	2477.3	3690.58	105.95	88.9
PTHR10434	2345.82	2246.42	229.0	14.7	12.33
PTHR24096	8101.82	7903.02	3128.06	102.62	86.09
PTHR13693	5853.0	5604.59	3543.01	98.85	82.93
PTHR24095	5377.39	5128.95	3105.87	99.73	83.67
PTHR24092	6960.21	6811.11	2262.49	36.32	30.48
PTHR24093	45464.94	43974.08	38610.41	628.26	527.15
PTHR13451	1399.0	1299.69	19.0	1.73	1.45
PTHR13452	1064.0	964.6	142.0	21.14	17.73
PTHR10759	923.0	823.67	31955.35	4130.41	3465.46
PTHR12901	1256.0	1206.3	524.0	30.96	25.98
PTHR12903	3250.0	3150.6	2434.04	78.62	65.96
PTHR13992	1051.89	952.63	48.0	7.65	6.42
PTHR23237	759.0	709.3	217.0	21.87	18.35
PTHR10501	5196.92	5097.52	2288.99	65.19	54.7
PTHR31169	1263.0	1213.3	63.0	3.7	3.11
PTHR11122	1676.53	1626.83	420.0	18.38	15.42
PTHR14087	679.0	629.3	17.0	1.93	1.62
PTHR23309	1536.0	1486.3	369.0	17.68	14.84
PTHR23308	3114.0	2865.59	199.0	22.44	18.83
PTHR31344	379.0	329.32	9.0	1.97	1.65
PTHR31619	3517.0	3467.3	5405.9	110.81	92.97
PTHR23306	2739.5	2640.1	932.94	48.63	40.8
PTHR23305	2670.0	2471.27	177.76	14.38	12.07
PTHR11748	16540.18	16142.58	5245.0	150.99	126.68
PTHR11214	4501.98	4402.58	904.9	27.31	22.92
PTHR14154	18467.21	17771.55	12204.61	596.97	500.87
PTHR10344	1260.31	1210.61	175.0	10.3	8.65
PTHR14152	1100.0	1000.6	105.0	14.74	12.36
PTHR11699	20001.87	19504.95	7212.12	176.24	147.87
PTHR11692	1815.79	1766.09	690.09	27.81	23.34
PTHR11693	4161.0	4061.6	28024.95	910.89	764.24
PTHR11695	19018.55	18571.29	11450.04	329.42	276.38
PTHR31760	604.01	554.51	26.0	3.36	2.82
PTHR31906	10440.25	9993.09	1463.0	71.59	60.07
PTHR13847	16742.11	15996.72	6915.02	325.24	272.89
PTHR23012	16155.03	15608.39	20326.67	704.06	590.72
PTHR11101	8282.19	8083.44	16578.1	511.23	428.93
PTHR11102	1831.0	1731.6	81.72	7.03	5.9
PTHR11106	6160.32	5911.85	1241.69	63.52	53.3
PTHR31585	6174.18	6025.08	534.03	23.35	19.58
PTHR32125	2704.0	2604.6	1005.03	55.65	46.69
PTHR31588	1610.0	1560.3	167.0	7.62	6.39
PTHR32120	307.0	257.38	1.0	0.28	0.24
PTHR10288	10457.49	10258.69	9707.03	237.32	199.11
PTHR15680	3208.0	3108.6	1717.02	113.57	95.28
PTHR10281	7407.86	7209.06	3102.92	125.19	105.03
PTHR24347	20564.7	20018.02	6390.84	196.89	165.21
PTHR18895	3195.36	2996.57	180.0	15.8	13.26
PTHR12486	2856.67	2757.27	599.54	30.05	25.21
PTHR21262	9622.12	9423.32	8839.05	172.01	144.31
PTHR12480	5700.38	5451.9	205.0	11.56	9.69
PTHR12482	3107.0	2908.2	77.0	7.08	5.93
PTHR12317	8576.79	8278.61	1110.0	55.94	46.93
PTHR12649	2835.82	2786.12	696.0	17.76	14.9
PTHR12461	3774.8	3576.05	222.0	16.26	13.63
PTHR12466	1362.0	1212.93	45.0	7.88	6.61
PTHR21419	1609.0	1559.3	140.08	6.4	5.37
PTHR22854	2374.47	2275.07	272.0	15.36	12.88
PTHR26312	3118.0	2869.54	227.0	19.33	16.22
PTHR12000	3559.0	3409.9	433.92	23.91	20.07
PTHR21327	1833.0	1783.3	107.0	4.27	3.58
PTHR21631	11460.17	11211.67	52887.08	1090.1	914.61
PTHR22855	1839.0	1789.3	651.0	25.9	21.73
PTHR22850	6929.85	6532.38	1412.0	82.81	69.47
PTHR22504	1192.0	1142.3	183.0	11.42	9.58
PTHR12189	1092.1	1042.4	157.0	10.74	9.01
PTHR21256	3637.0	3587.3	636.0	12.6	10.57
PTHR12266	8767.56	8618.46	2560.0	41.3	34.64
PTHR10648	5248.0	5198.3	2679.37	36.61	30.72
PTHR30178	2677.0	2577.61	11436.79	378.17	317.29
PTHR10641	28245.36	27052.6	2954.38	125.38	105.18
PTHR19842	1161.0	1111.3	181.0	11.61	9.74
PTHR10644	10184.0	9786.44	1096.72	32.83	27.55
PTHR12864	5070.19	4871.44	1203.97	64.98	54.52
PTHR12860	1645.0	1595.3	106.0	4.73	3.97
PTHR13194	3070.0	3020.3	901.0	21.21	17.79
PTHR13190	4512.0	4412.6	127.0	5.52	4.63
PTHR13193	504.0	454.3	87.0	13.75	11.53
PTHR11913	3352.32	3302.62	616.99	13.28	11.14
PTHR11911	2831.0	2781.3	931.0	23.8	19.97
PTHR11910	2759.0	2659.6	24006.42	1342.8	1126.62
PTHR11918	7814.0	7615.2	926.25	30.77	25.82
PTHR12919	3328.62	3229.22	4051.2	174.61	146.49
PTHR13271	32186.37	31043.53	12184.73	370.04	310.48
PTHR12910	2791.0	2691.6	1552.0	73.24	61.45
PTHR12917	1285.0	1235.3	405.0	23.37	19.61
PTHR11351	4913.0	4813.6	9854.67	204.04	171.2
PTHR11353	18898.32	18202.52	30217.88	1003.42	841.88
PTHR11599	16241.23	15644.83	14754.29	777.0	651.94
PTHR10516	30507.45	29513.47	22196.34	1176.21	986.84
PTHR11592	4194.0	4044.9	2262.52	124.24	104.23
PTHR11659	2215.0	2165.3	358.0	11.76	9.87
PTHR13273	1636.57	1586.87	2069.15	92.85	77.9
PTHR31096	1769.0	1669.6	68.0	5.82	4.88
PTHR13734	2911.36	2712.61	1182.0	73.52	61.69
PTHR31620	7769.0	7619.9	16153.42	387.84	325.39
PTHR23315	13820.8	13373.54	2138.02	61.86	51.92
PTHR23316	3739.77	3590.67	209.0	12.62	10.59
PTHR11778	4392.08	4292.68	26654.75	647.56	543.3
PTHR11777	5840.0	5591.6	1028.39	33.69	28.28
PTHR11774	2781.02	2632.01	383.0	27.01	22.66
PTHR11773	5132.0	5082.3	3548.54	49.6	41.62
PTHR11772	7905.35	7706.55	18119.88	817.92	686.25
PTHR10357	22518.78	22021.78	9872.03	232.17	194.82
PTHR10353	933.56	883.86	325.0	26.25	22.03
PTHR10350	2512.0	2313.25	49.0	5.3	4.45
PTHR10351	7755.57	7507.07	28583.41	1150.61	965.36
PTHR10359	2937.8	2788.78	393.0	33.12	27.79
PTHR32442	1233.0	1183.3	39.0	2.35	1.97
PTHR31750	1158.0	1108.3	41.0	2.64	2.21
PTHR14189	2101.63	2051.93	602.0	20.87	17.51
PTHR21021	569.0	519.3	45.52	6.28	5.27
PTHR32228	1305.0	1205.6	103.0	12.25	10.27
PTHR31245	1969.0	1919.3	571.0	21.17	17.76
PTHR23001	4121.0	4021.6	5764.35	198.18	166.28
PTHR23002	1464.0	1414.3	58.0	2.92	2.45
PTHR11177	4249.48	4100.42	834.99	43.29	36.31
PTHR10445	1550.0	1500.3	676.0	32.09	26.92
PTHR11178	3255.0	3155.6	1627.0	58.11	48.76
PTHR14456	1064.0	1014.3	24.0	1.69	1.42
PTHR31808	2608.0	2558.3	9164.17	254.75	213.73
PTHR31803	2691.0	2641.3	4604.03	123.95	104.0
PTHR11009	1020.0	970.3	25.0	1.84	1.54
PTHR30075	4293.0	4243.3	307.98	5.16	4.33
PTHR10099	5398.0	5348.3	1405.01	18.66	15.66
PTHR19229	14093.85	13150.08	2436.4	121.16	101.63
PTHR20961	15413.96	15066.08	2496.95	70.22	58.9
PTHR11005	3708.0	3509.21	90.0	7.56	6.34
PTHR11006	9606.57	9258.78	1747.0	47.58	39.93
PTHR18640	9329.24	9080.77	1952.0	65.86	55.24
PTHR18866	18583.66	18285.55	14495.91	233.08	195.56
PTHR15074	652.66	553.52	14.0	3.36	2.83
PTHR15588	2413.66	2314.26	897.0	45.5	38.17
PTHR12677	5279.0	5129.9	1230.36	48.32	40.53
PTHR19134	3951.42	3852.03	1712.98	42.27	35.46
PTHR19139	2247.0	2197.3	839.0	27.16	22.79
PTHR12459	1293.0	1243.3	34.0	1.95	1.64
PTHR12456	431.0	381.31	34.0	6.41	5.38
PTHR12452	1716.62	1666.92	400.0	17.08	14.33
PTHR19359	568.0	518.3	132.0	18.26	15.32
PTHR12072	3732.0	3533.33	322.0	14.89	12.5
PTHR13218	1141.0	1091.3	466.0	30.45	25.55
PTHR13215	3138.3	3038.9	977.0	32.73	27.46
PTHR13213	670.0	620.3	8.0	0.92	0.77
PTHR10809	2933.0	2883.3	980.25	24.17	20.28
PTHR12290	3804.29	3655.24	395.0	18.59	15.59
PTHR21530	1975.0	1875.6	187.0	14.47	12.14
PTHR12295	6025.05	5826.25	718.05	39.77	33.36
PTHR12298	7556.05	7257.86	1375.0	55.68	46.72
PTHR10638	2221.0	2121.6	256.0	15.99	13.41
PTHR10634	3257.0	3207.3	5451.32	120.82	101.37
PTHR10631	3043.98	2845.29	143.0	12.93	10.84
PTHR10984	6017.0	5867.9	2284.1	72.72	61.02
PTHR12858	2947.74	2748.95	165.0	16.45	13.8
PTHR13505	1023.0	973.3	102.0	7.48	6.27
PTHR12850	428.0	378.31	19101.46	3631.62	3046.96
PTHR12856	317.0	267.37	4.0	1.08	0.91
PTHR12855	964.0	914.3	239.0	18.66	15.66
PTHR12854	4528.44	4478.75	2105.36	33.4	28.02
PTHR13182	2000.0	1950.3	865.0	31.56	26.48
PTHR10182	2288.0	2238.3	3970.16	126.18	105.87
PTHR10585	1581.0	1531.3	622.0	28.93	24.27
PTHR10743	1227.0	1177.3	175.0	10.6	8.89
PTHR10742	16883.67	16237.75	5608.77	138.55	116.23
PTHR10745	1275.7	1226.0	665.0	38.66	32.44
PTHR10744	943.0	843.63	31350.97	4238.09	3555.8
PTHR10746	5200.0	5100.6	4235.0	98.97	83.04
PTHR12924	1379.0	1329.3	660.0	35.38	29.68
PTHR11349	4668.0	4419.51	23610.12	1592.17	1335.83
PTHR10566	28571.32	27627.12	5020.0	151.32	126.97
PTHR11588	8855.27	8507.39	64287.38	2593.38	2175.87
PTHR10291	972.0	922.3	197.51	15.29	12.82
PTHR11584	14842.08	14295.43	3097.19	90.81	76.19
PTHR11586	6539.2	6340.42	1600.0	63.42	53.21
PTHR11909	6403.68	6304.28	5351.96	108.02	90.63
PTHR23429	4968.71	4869.31	905.27	26.48	22.21
PTHR24320	6872.66	6524.82	539.0	33.7	28.29
PTHR24322	11736.54	11189.85	3549.99	215.9	181.15
PTHR11907	3117.11	3017.71	793.0	27.49	23.07
PTHR11760	1746.0	1646.6	42097.78	3864.82	3242.61
PTHR11761	2052.0	1952.6	68129.89	9950.47	8348.53
PTHR11766	1688.0	1638.3	154.0	6.69	5.62
PTHR11767	3300.0	3150.93	195.0	11.08	9.31
PTHR10361	2304.0	2204.6	153.0	9.46	7.95
PTHR10366	32234.25	31339.78	13862.85	387.52	325.11
PTHR10169	6627.41	6378.91	524.0	23.84	20.0
PTHR20973	2415.19	2365.49	2970.65	89.32	74.94
PTHR10165	2250.0	2150.6	112.0	6.95	5.83
PTHR31032	3545.0	3495.3	2723.85	55.39	46.47
PTHR23257	262821.59	252982.58	42531.0	1622.45	1361.28
PTHR23253	10770.0	10620.9	3498.64	59.96	50.3
PTHR14190	2850.59	2701.49	331.0	26.71	22.41
PTHR14155	7668.85	7420.39	2683.01	105.49	88.51
PTHR14194	5204.0	5054.9	1616.03	63.8	53.53
PTHR31251	30619.67	29476.66	8671.85	253.58	212.74
PTHR23074	10319.08	9772.44	44426.61	1373.0	1151.96
PTHR23077	7160.58	6613.92	867.0	93.52	78.46
PTHR23076	32992.32	32048.17	19566.57	399.99	335.6
PTHR12561	1744.0	1644.6	207.0	15.23	12.78
PTHR23073	4862.0	4712.9	2034.0	98.98	83.04
PTHR10293	5698.93	5549.83	7178.52	256.73	215.4
PTHR23078	5025.0	4975.3	1865.03	26.63	22.34
PTHR11165	1707.0	1657.3	3545.98	152.34	127.81
PTHR10772	3132.0	3032.6	1716.83	77.69	65.17
PTHR32100	2894.14	2794.74	470.0	23.33	19.57
PTHR14534	1417.0	1367.3	159.0	8.29	6.95
PTHR14445	5995.0	5895.6	1090.0	27.03	22.67
PTHR31811	925.0	875.3	22.0	1.79	1.51
PTHR23102	3430.0	3330.6	814.61	24.06	20.18
PTHR23105	4633.96	4335.9	5832.0	666.98	559.6
PTHR11010	3413.1	3313.7	195.0	8.24	6.92
PTHR11014	7206.73	6908.59	1118.03	55.33	46.43
PTHR12668	3519.83	3420.43	2645.48	90.23	75.7
PTHR12661	1278.0	1178.63	31.0	4.07	3.41
PTHR12663	336.0	286.35	3.0	0.76	0.63
PTHR12664	1801.0	1751.3	625.0	25.4	21.31
PTHR16166	7479.41	7181.28	2485.43	74.72	62.69
PTHR12111	4634.88	4535.48	695.0	22.44	18.84
PTHR12447	3049.8	2851.02	69.0	6.84	5.76
PTHR15481	784.0	734.3	321.0	31.25	26.22
PTHR26379	11517.23	11070.05	1442.06	62.63	52.55
PTHR12599	3902.34	3802.94	2373.94	77.79	65.26
PTHR12596	4938.0	4888.3	598.88	8.7	7.3
PTHR12590	1554.18	1504.48	183.0	8.66	7.27
PTHR12066	396.0	346.32	4.0	0.83	0.7
PTHR12064	4937.96	4788.86	724.99	31.9	26.77
PTHR13226	5082.44	4933.35	554.0	15.1	12.67
PTHR13889	4583.0	4334.5	1759.95	63.24	53.06
PTHR13887	3982.0	3832.95	1849.48	43.86	36.8
PTHR21181	1116.16	1066.46	490.02	32.77	27.5
PTHR12413	482.0	432.31	6.0	1.0	0.84
PTHR13948	469.0	419.31	26.0	4.45	3.74
PTHR12146	939.0	889.3	30369.4	2438.11	2045.59
PTHR11453	810.44	711.13	17.0	3.43	2.88
PTHR19306	6514.62	6315.82	1157.55	48.07	40.33
PTHR21506	1843.81	1794.11	466.0	18.49	15.51
PTHR12280	5055.05	4806.56	365.0	24.62	20.66
PTHR12281	5152.86	5053.46	1716.23	45.41	38.1
PTHR12286	2278.0	2228.3	243.0	7.76	6.51
PTHR12415	1125.09	1075.4	267.0	17.71	14.86
PTHR30573	2486.0	2436.3	172.0	5.02	4.21
PTHR22983	4092.4	3943.3	1270.0	48.56	40.74
PTHR22981	16861.07	16662.27	5123.85	80.87	67.85
PTHR11024	3096.0	2996.6	788.71	37.44	31.42
PTHR13082	834.0	784.3	177.0	16.12	13.53
PTHR10629	8756.71	8309.51	720.0	34.54	28.99
PTHR10994	23463.92	22867.53	5236.7	170.08	142.68
PTHR10996	11638.09	11339.89	2585.99	107.8	90.44
PTHR10625	23779.87	22736.21	5626.07	258.62	216.98
PTHR10992	27275.81	25834.61	3821.44	244.06	204.8
PTHR10993	4668.07	4519.01	580.0	25.98	21.8
PTHR12848	4204.35	4104.95	756.0	31.57	26.48
PTHR12849	1585.94	1486.55	65.0	5.39	4.52
PTHR21712	4262.0	4212.3	761.0	12.84	10.77
PTHR12847	4022.58	3873.48	609.68	27.87	23.39
PTHR21290	2153.0	2103.3	87.0	2.94	2.47
PTHR21349	2891.25	2791.85	3650.41	156.16	131.02
PTHR21347	1882.0	1832.3	123.0	4.78	4.01
PTHR19861	393.0	343.32	9.0	1.89	1.58
PTHR21343	537.0	487.3	16.0	2.36	1.98
PTHR10196	4691.6	4443.11	497.24	28.05	23.54
PTHR10192	4309.5	4210.1	916.0	30.85	25.88
PTHR10751	4059.98	3910.88	463.0	21.19	17.78
PTHR16301	1784.0	1634.9	64.0	8.22	6.89
PTHR10755	1910.0	1860.3	7422.13	283.96	238.25
PTHR10758	1466.0	1416.3	86.0	4.33	3.63
PTHR13152	1170.0	1070.6	48.0	6.31	5.3
PTHR12932	8484.7	8285.9	10021.21	343.16	287.91
PTHR12934	2777.73	2678.33	3721.75	242.24	203.24
PTHR13265	2598.95	2499.58	913.83	51.44	43.16
PTHR11800	3988.75	3889.35	1120.0	33.92	28.46
PTHR11802	3636.0	3437.22	539.01	45.65	38.3
PTHR11804	6630.39	6282.61	2334.17	59.11	49.61
PTHR11807	3241.0	3141.62	457.01	11.99	10.06
PTHR11374	4057.42	3908.32	1545.29	78.82	66.13
PTHR11808	8499.68	8350.58	3714.84	93.99	78.86
PTHR10283	21894.93	21447.63	12077.11	311.86	261.66
PTHR10285	6390.91	6142.41	1150.0	62.68	52.59
PTHR10286	1481.0	1431.3	909.0	45.24	37.96
PTHR11579	3031.0	2881.9	399.0	26.85	22.53
PTHR13718	6972.4	6773.65	38775.02	2632.1	2208.35
PTHR13711	13153.79	12805.9	10190.95	370.3	310.69
PTHR13710	5943.15	5644.95	376.0	24.85	20.84
PTHR11977	2419.0	2319.61	96.0	5.87	4.93
PTHR11972	4703.53	4554.44	412.0	18.46	15.5
PTHR31480	1318.0	1268.3	132.0	7.42	6.22
PTHR31485	2357.0	2307.3	180.0	5.55	4.66
PTHR11715	1682.0	1632.3	4636.55	202.25	169.69
PTHR11717	1233.0	1183.3	62.0	3.74	3.13
PTHR11711	13855.17	13407.87	8397.96	303.65	254.77
PTHR11712	5702.0	5453.51	3932.11	136.59	114.6
PTHR10374	4854.72	4705.62	4621.9	137.73	115.55
PTHR10178	42019.11	41025.34	57922.53	1018.53	854.57
PTHR11482	4424.58	4325.18	4137.22	98.05	82.27
PTHR10173	5759.93	5561.13	3492.54	182.88	153.45
PTHR10177	21158.37	20661.47	10318.86	234.58	196.79
PTHR10174	12480.76	12132.87	6055.28	219.21	183.92
PTHR23249	2788.36	2688.96	608.0	32.74	27.47
PTHR23244	27156.49	26063.15	1967.0	107.39	90.09
PTHR23245	4849.8	4651.05	1343.0	55.85	46.86
PTHR23240	3941.0	3841.6	901.77	21.98	18.44
PTHR14614	4779.65	4531.23	546.0	36.14	30.34
PTHR31268	3018.75	2869.65	169.0	12.66	10.63
PTHR31262	3794.14	3595.36	164808.88	6235.28	5231.46
PTHR23063	12744.55	12446.35	3200.01	97.73	82.0
PTHR11620	579.0	529.3	17440.0	2361.44	1981.26
PTHR11624	10555.57	10356.77	18255.0	420.04	352.41
PTHR11627	4243.25	4094.15	47999.0	2169.46	1820.2
PTHR11390	5463.55	5215.05	227.0	13.55	11.36
PTHR31319	4813.97	4714.57	9116.1	241.8	202.88
PTHR14052	1147.0	1097.3	132.0	8.58	7.2
PTHR32118	2737.0	2687.3	1525.85	40.38	33.88
PTHR23117	6523.0	6373.9	234.0	10.16	8.53
PTHR23115	51332.76	49941.26	46224.59	1195.86	1003.3
PTHR11028	1789.0	1739.3	1141.92	46.74	39.21
PTHR14140	1803.0	1703.6	40.0	3.31	2.78
PTHR12616	3089.58	2940.52	378.76	22.21	18.63
PTHR12613	2093.0	2043.3	433.0	15.08	12.65
PTHR12612	1084.0	1034.3	4891.83	337.39	283.07
PTHR32060	3030.82	2881.73	338.0	22.1	18.54
PTHR12124	2965.36	2667.23	54.0	8.88	7.46
PTHR22734	1347.0	1297.3	144.0	7.91	6.64
PTHR12121	12845.4	12398.13	1423.72	49.79	41.76
PTHR12438	6650.0	6500.91	1060.03	18.44	15.46
PTHR15492	631.0	581.3	39.0	4.8	4.03
PTHR21426	1014.0	914.67	22.0	3.07	2.57
PTHR21427	1008.17	958.47	3236.26	240.96	202.17
PTHR13161	1246.0	1196.3	70.0	4.17	3.5
PTHR19372	1836.95	1787.25	484.0	19.28	16.17
PTHR19370	8751.19	8452.99	10196.36	472.66	396.55
PTHR19375	21481.14	20636.28	90666.2	1733.71	1454.59
PTHR12725	5417.0	5267.9	1913.0	61.51	51.61
PTHR13890	7645.49	7198.23	3502.27	139.88	117.36
PTHR22884	21758.41	21261.42	2650.15	49.94	41.94
PTHR12542	5263.0	5163.6	912.0	27.04	22.69
PTHR12547	1088.0	988.62	57.0	7.51	6.3
PTHR12436	6289.52	6190.12	6651.13	196.44	164.81
PTHR10114	432.0	382.31	38296.0	7203.86	6044.1
PTHR21512	1355.0	1205.99	19.0	3.37	2.83
PTHR30508	2134.98	2085.28	268.58	9.16	7.69
PTHR30502	845.5	795.8	153.98	13.82	11.6
PTHR10961	1136.0	1036.61	24.0	3.19	2.68
PTHR10617	7469.0	7319.9	15765.04	443.55	372.15
PTHR10615	8498.0	8299.2	2596.95	53.7	45.06
PTHR13527	965.0	915.3	62.0	4.84	4.06
PTHR22958	2775.0	2725.3	11885.37	310.1	260.18
PTHR22951	3836.0	3736.6	772.05	27.82	23.34
PTHR22950	6723.0	6424.86	1064.62	47.81	40.14
PTHR22953	5261.88	5162.48	23277.98	636.9	534.36
PTHR22952	5914.22	5715.42	2192.75	90.06	75.56
PTHR22957	20861.12	20215.07	8421.28	296.34	248.64
PTHR21600	3603.67	3504.27	294.0	12.45	10.45
PTHR24056	19212.07	18417.0	2483.99	109.57	91.95
PTHR24054	3020.0	2970.3	2003.0	47.94	40.22
PTHR24055	33445.49	32749.71	8237.0	206.04	172.86
PTHR24058	14630.77	14332.58	4441.04	87.71	73.58
PTHR10766	7392.7	7243.6	10043.07	288.64	242.18
PTHR10762	758.0	708.3	13.0	1.31	1.1
PTHR12945	1381.0	1281.61	78.0	7.14	6.0
PTHR12944	1652.34	1602.64	2048.68	91.02	76.37
PTHR24128	13124.68	12776.78	1760.0	41.99	35.24
PTHR13096	945.0	895.3	108.0	8.61	7.23
PTHR11364	2235.77	2136.4	438.84	32.36	27.15
PTHR11365	3204.46	3105.06	499.0	22.68	19.03
PTHR10548	4255.94	4106.84	6038.09	251.62	211.12
PTHR11361	9303.29	8657.37	376.01	32.93	27.62
PTHR11814	7638.51	7489.41	5643.32	145.37	121.98
PTHR10543	4787.57	4539.08	312.0	22.38	18.78
PTHR10540	3404.0	3254.9	1506.62	96.18	80.69
PTHR12965	1882.0	1782.64	35.0	3.45	2.89
PTHR10544	926.0	826.63	57129.88	7995.06	6707.92
PTHR11562	4113.81	3964.71	462.0	24.58	20.63
PTHR11566	8365.87	8067.67	2205.81	76.33	64.03
PTHR11567	5673.35	5474.55	1412.94	60.29	50.58
PTHR11564	7723.6	7524.8	6715.94	174.68	146.56
PTHR11962	2554.54	2405.46	86.0	7.33	6.15
PTHR11963	4108.0	4008.6	786.06	30.61	25.68
PTHR24315	956.12	906.42	262.0	20.63	17.31
PTHR19376	13626.24	13377.74	2185.91	50.51	42.38
PTHR10381	14660.0	14312.11	9288.52	303.0	254.22
PTHR10383	1642.58	1592.96	1079.0	48.23	40.46
PTHR11705	3371.0	3271.6	1199.98	45.79	38.43
PTHR11702	8838.0	8490.15	796.0	44.58	37.4
PTHR11700	1364.47	1265.08	36397.21	5634.7	4727.55
PTHR10388	1275.0	1225.3	5990.13	348.46	292.36
PTHR11934	1406.0	1356.3	5828.24	306.17	256.88
PTHR10145	4819.56	4720.16	379.7	12.7	10.65
PTHR23273	4979.0	4780.2	283.0	16.33	13.71
PTHR23163	2349.86	2300.17	537.15	16.61	13.94
PTHR23050	26173.24	25328.42	30237.93	1306.16	1095.88
PTHR23056	3350.0	3300.3	1461.0	31.47	26.4
PTHR23054	949.68	850.3	48.0	8.39	7.04
PTHR11638	16128.25	15681.01	14601.02	365.39	306.57
PTHR11632	5769.38	5620.28	5345.88	125.9	105.63
PTHR23293	4910.0	4711.2	5268.02	171.05	143.52
PTHR11140	8052.0	8002.3	2586.0	22.95	19.25
PTHR11141	6405.0	6305.6	1181.01	25.8	21.65
PTHR11142	5932.18	5484.99	243.0	23.14	19.4
PTHR11380	1647.0	1597.3	131.0	5.84	4.9
PTHR11384	6575.53	6426.43	1231.02	34.34	28.8
PTHR32477	3921.57	3772.47	176.99	9.34	7.84
PTHR14043	3297.0	3048.52	101.0	11.54	9.68
PTHR32472	1136.92	1087.24	115.0	7.54	6.33
PTHR31658	1720.0	1570.93	94.0	13.0	10.91
PTHR14269	9077.88	8829.38	3484.0	79.17	66.42
PTHR22883	11840.42	11492.53	11951.82	465.4	390.47
PTHR23125	38556.56	36966.46	3652.37	169.59	142.27
PTHR12050	2205.0	2155.3	1137.0	37.53	31.49
PTHR11035	996.0	946.3	339.0	25.57	21.45
PTHR22880	16571.37	16124.14	6817.76	226.4	189.96
PTHR14136	4137.0	3938.2	2757.36	177.53	148.95
PTHR23338	3373.0	3273.6	1635.98	68.68	57.62
PTHR12608	3638.0	3538.6	878.0	36.72	30.81
PTHR12604	2753.0	2554.21	96.0	10.35	8.68
PTHR12603	3288.0	3238.3	2859.99	62.78	52.67
PTHR32091	1284.0	1234.3	514.0	29.68	24.9
PTHR19853	1885.0	1785.63	51.0	3.88	3.26
PTHR32098	2546.0	2446.61	67.0	4.71	3.95
PTHR18763	2306.39	2256.69	346.04	10.91	9.15
PTHR22726	1070.57	1020.89	237.0	16.56	13.89
PTHR22727	2522.0	2472.3	1152.54	33.16	27.82
PTHR12428	5863.81	5665.01	3506.82	135.79	113.94
PTHR18968	7280.67	7032.28	15202.02	374.96	314.59
PTHR12730	1723.0	1623.61	41.0	3.71	3.11
PTHR12736	1627.0	1577.3	83.0	3.75	3.14
PTHR12735	2866.0	2766.6	1108.36	50.77	42.6
PTHR15020	5729.06	5530.26	748.68	23.07	19.36
PTHR12049	3687.49	3488.7	319.0	21.17	17.78
PTHR12558	4608.76	4360.28	265.0	21.3	17.87
PTHR12553	5095.78	4797.61	445.0	37.42	31.38
PTHR24072	1614.23	1564.54	219.0	9.97	8.36
PTHR24073	13113.36	12666.1	5206.06	245.51	205.99
PTHR21569	2697.0	2597.6	35670.68	1996.22	1674.84
PTHR10491	849.0	799.3	44.0	3.93	3.3
PTHR21567	7012.5	6863.4	1270.24	40.73	34.18
PTHR13950	786.0	736.3	14.0	1.36	1.14
PTHR12133	1559.0	1509.3	245.0	11.56	9.7
PTHR10972	1703.0	1653.3	185.0	7.97	6.68
PTHR21704	4418.7	4120.53	94.0	9.9	8.31
PTHR10606	4705.0	4555.9	632.97	23.93	20.07
PTHR10971	5454.0	5255.2	1415.39	56.67	47.54
PTHR22942	6537.57	6289.08	2327.0	91.8	77.01
PTHR13395	1755.0	1705.3	164.0	6.85	5.74
PTHR22891	4201.33	4002.62	1375.0	37.36	31.32
PTHR21368	3433.9	3334.5	2469.06	107.34	90.06
PTHR10778	7193.42	7044.32	1703.0	46.96	39.41
PTHR24064	10070.99	9772.79	6410.0	188.62	158.26
PTHR24063	6442.6	6194.2	1227.34	65.77	55.18
PTHR21011	1755.0	1705.3	2309.13	96.4	80.88
PTHR25040	12382.0	12034.1	4484.6	145.0	121.66
PTHR10774	37545.87	36402.86	10809.86	555.4	465.98
PTHR24068	3728.0	3628.6	10691.25	462.13	387.73
PTHR12959	1591.95	1542.25	611.11	28.22	23.67
PTHR24115	60402.81	57967.71	19914.6	744.25	624.45
PTHR11825	5541.0	5441.6	1188.91	18.88	15.84
PTHR11822	2608.87	2559.17	4662.63	129.57	108.71
PTHR10555	10085.15	9886.35	6912.71	148.82	124.86
PTHR10806	1066.0	1016.3	731.2	51.33	43.07
PTHR10804	12711.26	12363.37	4445.85	151.05	126.72
PTHR11556	6293.0	6143.9	11125.82	460.85	386.67
PTHR11558	3036.0	2936.6	205.0	9.8	8.22
PTHR13773	2063.07	2013.37	3043.67	107.57	90.25
PTHR20275	5270.0	5071.23	1035.99	35.57	29.84
PTHR11953	2652.16	2552.76	960.0	57.68	48.39
PTHR11952	5365.76	5216.72	362.96	14.74	12.37
PTHR11956	2090.0	1990.6	348.0	26.54	22.27
PTHR11959	2576.0	2526.3	1577.0	44.39	37.25
PTHR11739	3971.0	3871.6	2455.95	85.87	72.04
PTHR11732	24321.03	23426.53	5238.24	200.81	168.46
PTHR11731	7337.86	6989.99	428.0	25.47	21.38
PTHR11730	13009.95	12662.05	5246.78	132.53	111.19
PTHR11735	2375.0	2176.26	88.0	13.5	11.33
PTHR10394	731.0	681.3	62605.05	6572.0	5513.96
PTHR20941	2719.0	2619.6	570.99	24.28	20.37
PTHR10150	2280.0	2180.6	221.0	11.04	9.27
PTHR31065	5796.79	5647.69	1706.92	51.83	43.48
PTHR10159	9408.14	9010.6	1579.47	73.54	61.69
PTHR31066	1881.0	1781.6	294.0	16.32	13.69
PTHR13604	649.0	599.3	14.0	1.67	1.4
PTHR23264	1340.0	1290.3	136.0	7.51	6.3
PTHR23269	1756.0	1706.3	75.0	3.13	2.63
PTHR31204	1427.0	1377.3	395.0	20.43	17.14
PTHR31201	2576.17	2526.47	219.0	6.16	5.17
PTHR31209	1911.0	1811.6	128.0	10.6	8.9
PTHR11607	2255.1	2155.78	214.0	14.87	12.48
PTHR11606	4926.0	4826.6	6477.23	180.65	151.57
PTHR11601	4890.59	4642.12	606.04	36.19	30.37
PTHR32467	6169.86	5822.04	280.0	14.87	12.47
PTHR14255	1160.0	1060.61	44.0	5.56	4.66
PTHR31840	2722.0	2672.3	1211.01	32.22	27.04
PTHR23130	5860.94	5761.55	2097.57	53.31	44.72
PTHR23133	1005.0	955.3	204.0	15.24	12.79
PTHR23135	4134.0	4084.3	728.05	12.67	10.63
PTHR23138	4295.0	4245.3	2818.55	47.17	39.58
PTHR23139	15016.89	14569.64	4319.99	147.55	123.78
PTHR31682	1748.59	1698.91	5971.9	250.23	209.95
PTHR11040	4571.47	4422.43	421.0	24.65	20.68
PTHR11043	2670.72	2571.32	1892.99	98.89	82.97
PTHR11042	5047.94	4799.46	578.0	21.59	18.12
PTHR11048	5926.97	5777.87	2545.39	80.92	67.9
PTHR15818	1126.0	1026.66	28.0	3.5	2.93
PTHR12636	2737.0	2687.3	2117.67	56.04	47.01
PTHR12126	2987.0	2887.6	3761.12	169.66	142.35
PTHR14490	2977.0	2877.6	150.98	6.86	5.75
PTHR14493	13627.28	13378.78	9565.23	165.97	139.27
PTHR15651	1277.0	1177.6	67.0	8.23	6.9
PTHR12380	3636.4	3487.31	3970.26	174.86	146.72
PTHR12385	5675.94	5526.84	7452.32	217.08	182.13
PTHR12706	6920.0	6472.73	214.0	18.85	15.81
PTHR12709	1379.72	1330.02	555.0	29.73	24.95
PTHR19957	7827.4	7578.9	6459.34	209.81	176.04
PTHR30239	1621.0	1571.3	222.0	10.06	8.44
PTHR12560	8127.07	7828.98	2972.44	130.35	109.35
PTHR11203	9981.55	9733.05	1947.99	50.12	42.04
PTHR12770	8236.45	7888.88	1219.23	63.23	53.04
PTHR12097	4303.0	4203.6	369.0	12.14	10.19
PTHR11752	14293.49	13598.16	2773.22	136.77	114.77
PTHR21576	2565.0	2366.27	120.0	11.78	9.89
PTHR24423	11510.4	11013.46	701.0	43.43	36.46
PTHR10046	3624.0	3474.9	522.0	32.35	27.14
PTHR12419	6566.22	6367.43	2975.01	93.99	78.86
PTHR30525	2789.0	2739.3	1150.0	29.85	25.05
PTHR12412	3468.62	3319.53	552.19	29.15	24.45
PTHR12411	22225.57	21529.82	41529.59	1022.41	857.81
PTHR24420	23627.21	22782.46	2639.01	71.88	60.29
PTHR10947	2225.0	2175.3	452.0	14.78	12.4
PTHR21717	1984.0	1934.3	342.0	12.58	10.56
PTHR10943	8754.78	8655.38	2431.94	34.83	29.22
PTHR12897	1012.0	912.62	45.0	6.67	5.59
PTHR12894	4332.0	4182.96	3339.17	79.84	66.99
PTHR12891	339.0	289.35	4.0	1.0	0.84
PTHR22976	4648.0	4449.2	219.0	14.58	12.22
PTHR22975	4363.0	4213.9	466.0	21.02	17.63
PTHR22970	843.0	793.3	49.0	4.41	3.7
PTHR20922	5039.11	4890.03	2281.95	85.5	71.74
PTHR21377	1829.0	1729.6	898.0	82.99	69.63
PTHR21371	2616.0	2566.3	7539.02	208.91	175.28
PTHR21373	2514.02	2315.26	122.0	13.2	11.08
PTHR22573	9867.32	9618.82	3909.1	119.28	100.07
PTHR22572	16074.51	15627.22	11025.88	338.65	284.15
PTHR30566	5027.23	4927.83	289.0	10.1	8.47
PTHR21000	2589.0	2539.3	1620.0	45.37	38.07
PTHR10701	1849.0	1799.3	1293.13	51.16	42.92
PTHR30031	3691.82	3592.42	13871.97	354.41	297.35
PTHR13162	9193.0	9043.9	2365.36	57.71	48.42
PTHR13165	4172.34	4122.64	2248.04	38.75	32.51
PTHR21396	738.0	688.3	571.99	59.43	49.86
PTHR13069	3596.76	3348.4	546.0	41.6	34.91
PTHR13068	642.82	593.13	286.0	34.52	28.96
PTHR24106	19136.38	18291.58	1753.3	76.89	64.48
PTHR24103	3028.0	2878.98	181.0	10.9	9.14
PTHR11540	2431.0	2381.3	5129.01	153.2	128.53
PTHR10836	7089.0	6790.83	45678.12	1516.32	1272.21
PTHR10835	1897.38	1847.68	213.0	8.2	6.88
PTHR11545	2364.0	2214.91	17775.2	1958.01	1642.79
PTHR10012	2047.89	1998.19	479.0	17.06	14.31
PTHR13768	1175.0	1125.3	108.0	6.84	5.74
PTHR24078	11734.01	11137.66	720.0	48.21	40.44
PTHR11946	19688.33	19290.76	3508.14	94.47	79.26
PTHR11947	2598.31	2498.92	484.0	19.54	16.39
PTHR11941	7289.05	7090.25	2089.84	87.68	73.57
PTHR10497	567.0	517.3	35264.38	4886.72	4100.0
PTHR10496	528.0	478.3	25882.05	3881.96	3257.0
PTHR24076	15821.29	15175.21	3581.86	151.5	127.13
PTHR24077	28182.92	27238.64	16044.03	554.15	464.93
PTHR11728	8029.0	7879.9	4488.01	106.89	89.69
PTHR11726	2805.0	2705.64	57824.94	1709.82	1434.56
PTHR11727	1552.0	1502.3	123.0	5.83	4.89
PTHR11721	323.0	273.36	2.0	0.53	0.44
PTHR11722	776.0	726.3	45929.9	4520.71	3792.91
PTHR10120	3139.48	3040.09	672.97	31.78	26.67
PTHR10122	1333.0	1283.3	4797.6	266.42	223.53
PTHR11451	8714.0	8415.8	2717.99	89.86	75.38
PTHR11831	3496.0	3346.9	30826.88	3470.22	2911.54
PTHR11835	6271.0	6121.9	3238.0	120.79	101.34
PTHR11614	9432.01	9133.81	8318.97	339.1	284.5
PTHR11615	5927.36	5778.35	2608.63	73.82	61.93
PTHR11618	2301.0	2251.3	140.0	4.42	3.71
PTHR32419	3377.47	3278.09	1841.07	71.12	59.67
PTHR10231	1612.04	1562.34	289.0	13.17	11.05
PTHR10233	5012.0	4813.22	649.07	36.39	30.53
PTHR31503	5855.13	5656.39	1269.7	54.24	45.5
PTHR23147	2930.12	2830.72	7639.35	377.75	316.94
PTHR23140	2273.0	2173.6	236.0	15.09	12.66
PTHR23142	3199.05	3099.65	1800.88	67.53	56.66
PTHR23149	7603.04	7503.64	1292.0	16.35	13.71
PTHR23148	1177.43	1127.73	391.0	24.72	20.74
PTHR11817	5758.89	5659.49	2865.88	81.25	68.17
PTHR11056	4765.0	4715.3	4966.74	74.83	62.79
PTHR11055	6318.0	6168.9	5341.09	157.7	132.31
PTHR11363	1441.0	1391.3	114832.38	5880.05	4933.42
PTHR32523	7581.0	7382.21	604.42	17.75	14.89
PTHR31695	1951.7	1902.0	353.65	13.23	11.1
PTHR11819	7114.56	6915.8	1537.09	77.24	64.81
PTHR22765	3278.39	3228.69	163.0	3.59	3.01
PTHR12629	1696.0	1646.3	311.0	13.45	11.28
PTHR18945	3896.79	3747.69	274.69	14.68	12.32
PTHR26402	18385.0	17888.03	2719.0	74.81	62.76
PTHR19384	7496.02	7197.82	7917.18	316.46	265.51
PTHR12714	6131.75	5982.65	2602.74	103.83	87.11
PTHR32251	4091.41	3992.01	985.0	33.71	28.28
PTHR12570	7130.34	6931.54	3250.71	138.28	116.02
PTHR21494	843.99	744.65	28.0	5.46	4.58
PTHR21145	1292.74	1243.04	205.0	11.75	9.86
PTHR21496	3398.39	3249.29	5344.62	385.71	323.6
PTHR21493	24645.81	23751.31	4691.03	133.58	112.05
PTHR21499	4571.24	4471.85	2145.47	63.95	53.66
PTHR21148	1449.0	1349.6	85.0	10.63	8.92
PTHR12083	2226.53	2127.14	1738.64	80.8	67.78
PTHR13355	2697.0	2597.6	530.16	19.44	16.31
PTHR30535	685.0	635.3	11.0	1.24	1.04
PTHR19852	2499.0	2449.3	518.56	15.06	12.63
PTHR12406	12543.08	12244.88	4971.6	112.5	94.39
PTHR16128	2348.25	2199.15	659.0	51.36	43.09
PTHR12400	3052.0	3002.3	879.01	20.81	17.46
PTHR12403	2728.0	2628.6	2105.16	103.12	86.51
PTHR13572	1468.42	1418.72	750.0	37.66	31.6
PTHR30314	4067.0	3967.6	753.0	25.76	21.62
PTHR12882	1887.0	1837.3	386.18	14.96	12.55
PTHR12883	1540.0	1490.3	204.0	9.75	8.18
PTHR16255	4082.58	3834.1	291.0	22.51	18.89
PTHR16254	6561.0	6362.2	504.0	22.02	18.47
PTHR22960	1799.0	1699.6	40.0	3.29	2.76
PTHR13373	1275.0	1175.61	82.0	10.13	8.49
PTHR22967	3291.56	3142.46	477.98	32.68	27.41
PTHR19858	1175.0	1125.3	113.0	7.16	6.01
PTHR30222	1348.0	1298.3	58.0	3.18	2.67
PTHR13115	1733.0	1683.3	100.0	4.23	3.55
PTHR13117	538.0	488.3	25.0	3.67	3.08
PTHR12975	3885.31	3636.86	192.0	16.32	13.69
PTHR13285	1575.65	1476.27	165.0	15.95	13.38
PTHR13288	3302.78	3203.38	685.0	32.48	27.25
PTHR10953	17176.6	16629.91	4598.96	108.46	91.0
PTHR10954	533.0	483.3	4.0	0.59	0.5
PTHR21726	1892.0	1842.3	2370.86	91.59	76.85
PTHR10956	900.0	800.62	31143.52	5285.53	4434.61
PTHR11538	2368.0	2318.3	598.0	18.35	15.39
PTHR10826	2397.0	2347.3	2632.0	79.76	66.92
PTHR11533	6832.93	6485.1	885.07	53.9	45.21
PTHR11532	939.0	839.62	16.0	2.74	2.3
PTHR10000	1999.0	1899.6	171.0	12.8	10.74
PTHR13021	1250.97	1201.27	1265.98	75.12	63.03
PTHR11706	2144.15	2044.86	103.0	7.17	6.02
PTHR24007	3955.36	3806.26	1371.05	64.82	54.39
PTHR24003	24021.27	23077.29	3151.97	101.47	85.13
PTHR31446	1995.97	1896.57	101.0	7.7	6.46
PTHR31442	2190.49	2140.79	240.9	8.01	6.72
PTHR11441	1002.0	952.3	65.0	4.87	4.09
PTHR11440	3160.39	2961.65	274.0	16.46	13.82
PTHR11999	10286.97	10137.87	12700.46	211.06	177.08
PTHR11449	514.47	464.77	30077.89	4643.95	3896.31
PTHR11994	980.0	880.68	38723.84	4447.18	3731.23
PTHR10137	2422.0	2372.3	603.0	18.08	15.17
PTHR10133	3773.0	3474.85	140.0	12.82	10.75
PTHR13620	4669.8	4421.43	769.85	37.62	31.57
PTHR11847	390.0	340.32	9.0	1.9	1.6
PTHR11843	699.0	649.3	40901.77	4506.93	3781.35
PTHR11661	5497.59	5348.49	40556.78	4560.4	3826.2
PTHR11662	24428.1	23682.67	4788.9	162.68	136.49
PTHR11669	7434.36	7235.56	2616.34	83.78	70.3
PTHR11668	14912.29	14564.4	4590.57	147.51	123.77
PTHR20856	7320.0	6922.46	304.0	22.02	18.48
PTHR20854	7121.52	6773.64	1392.38	72.28	60.64
PTHR20855	3318.0	3218.6	387.05	17.4	14.59
PTHR20852	6536.98	6189.1	14262.5	546.86	458.82
PTHR32404	4570.0	4420.9	3079.99	91.2	76.51
PTHR20858	1733.0	1534.3	34.0	6.07	5.1
PTHR30603	5894.0	5794.6	3271.26	74.75	62.71
PTHR11709	3172.77	3123.07	1194.92	27.2	22.82
PTHR14237	5315.38	5066.89	359.0	22.59	18.95
PTHR10738	1197.0	1097.61	19.0	2.56	2.15
PTHR11143	1041.0	991.3	37649.11	2709.9	2273.63
PTHR23155	21557.03	20563.1	6458.8	313.62	263.13
PTHR23153	6362.0	6063.8	3109.1	111.51	93.56
PTHR23151	10958.09	10610.24	4263.77	185.04	155.24
PTHR11063	5802.65	5653.55	521.0	21.95	18.42
PTHR11062	43822.71	42630.04	30558.39	791.49	664.03
PTHR11061	8674.65	8326.76	574.0	31.88	26.74
PTHR11065	5489.32	5389.92	4035.46	153.02	128.38
PTHR11064	2836.0	2686.9	696.0	48.05	40.32
PTHR11260	12197.23	11849.51	5120.05	212.12	177.98
PTHR11264	782.16	732.46	98.0	9.56	8.02
PTHR11266	13067.63	12719.73	7745.84	239.9	201.27
PTHR31998	3479.0	3429.3	8125.83	168.42	141.3
PTHR31221	2766.0	2716.3	1323.0	34.63	29.06
PTHR15838	1043.04	943.66	81.0	12.41	10.41
PTHR32338	2168.0	2118.3	1194.45	40.12	33.66
PTHR23270	4580.65	4183.21	212.18	22.51	18.88
PTHR31155	4289.0	4189.6	11396.83	376.33	315.74
PTHR12363	3558.0	3259.81	77.0	9.7	8.15
PTHR18952	4651.13	4502.03	4458.0	198.31	166.39
PTHR12765	1961.7	1812.65	325.0	35.24	29.57
PTHR12505	2087.0	1987.6	1786.4	107.73	90.38
PTHR22603	3449.87	3300.79	440.0	25.08	21.04
PTHR22604	1628.91	1529.52	181.0	15.84	13.28
PTHR21481	2475.96	2376.59	284.0	17.5	14.68
PTHR22778	4863.22	4614.73	203.0	14.21	11.92
PTHR12169	2715.0	2466.59	55.0	7.28	6.11
PTHR19446	11807.4	11310.53	7227.31	189.68	159.16
PTHR12219	1111.7	1062.01	77.0	5.17	4.34
PTHR13561	3066.04	2966.64	272.0	9.99	8.39
PTHR13563	1376.0	1276.6	51.0	5.62	4.71
PTHR12210	15241.27	14893.61	4521.49	158.83	133.25
PTHR12215	1820.47	1721.07	99.0	8.54	7.16
PTHR12214	793.0	743.3	19.0	1.83	1.53
PTHR22915	12504.13	12056.83	2259.99	97.68	81.96
PTHR22911	2448.79	2299.69	123.23	10.07	8.46
PTHR22912	15107.07	14759.17	9507.63	251.94	211.37
PTHR12497	2124.0	2024.66	157.0	7.49	6.29
PTHR12183	4806.0	4656.97	574.0	19.94	16.72
PTHR19849	2537.65	2438.25	191.0	11.19	9.4
PTHR31783	654.0	604.3	12.0	1.42	1.19
PTHR22594	8330.1	8131.3	3205.0	99.55	83.51
PTHR21152	5916.0	5816.6	9280.02	239.03	200.55
PTHR23291	833.0	783.3	1191.0	108.64	91.15
PTHR13102	1440.0	1390.3	132.0	6.76	5.68
PTHR12984	3707.36	3508.64	171.0	11.49	9.64
PTHR12001	3768.0	3668.6	2403.05	89.0	74.67
PTHR11630	15526.9	14980.23	2283.94	93.15	78.15
PTHR12302	3984.0	3884.6	2379.0	72.5	60.82
PTHR13299	1847.0	1797.3	733.0	29.03	24.36
PTHR12652	2048.76	1999.06	649.0	23.1	19.38
PTHR10925	2509.0	2310.24	57.0	7.06	5.93
PTHR21737	1826.0	1676.93	118.0	13.49	11.32
PTHR10920	5204.72	4956.24	714.0	51.76	43.43
PTHR10855	1581.0	1531.3	343.0	15.95	13.38
PTHR10584	21717.73	21071.65	7102.96	243.16	204.0
PTHR11528	9309.46	9060.97	95025.9	2458.96	2063.09
PTHR11527	3327.79	3178.71	17072.2	876.76	735.59
PTHR11525	2819.05	2769.36	303.0	7.78	6.53
PTHR10859	3123.15	3023.76	664.0	33.78	28.34
PTHR10589	1141.95	1092.28	375.0	24.48	20.54
PTHR10588	25550.04	24655.66	4020.66	171.32	143.76
PTHR13038	1606.0	1506.6	38.0	3.66	3.07
PTHR13748	11565.34	11267.15	3181.61	92.24	77.39
PTHR13743	1858.0	1758.6	83.0	6.86	5.75
PTHR24015	21266.96	20670.58	4616.01	161.52	135.5
PTHR24012	25160.78	24365.69	44462.4	1791.7	1503.24
PTHR24011	33269.59	32375.1	25027.07	675.63	566.86
PTHR31187	2906.0	2856.3	7601.8	189.23	158.76
PTHR10459	771.0	671.7	15.0	2.92	2.45
PTHR10458	1401.0	1351.3	95.0	5.01	4.2
PTHR10108	44148.46	42856.3	21614.49	491.12	412.06
PTHR11986	12030.0	11533.02	2025.9	81.09	68.05
PTHR11455	6699.0	6351.2	429.0	22.44	18.82
PTHR10102	1304.73	1205.41	456.95	38.61	32.4
PTHR11458	1866.42	1816.73	8267.0	323.89	271.75
PTHR10106	990.0	940.3	78.56	5.96	5.0
PTHR31057	1305.52	1206.16	96.0	10.52	8.82
PTHR21141	4295.29	4046.89	94027.05	12390.54	10395.77
PTHR11851	25984.32	24990.42	4771.9	153.34	128.63
PTHR23092	3302.21	3103.43	788.76	55.98	46.97
PTHR23091	15609.11	15062.52	1785.0	82.55	69.27
PTHR11673	1190.0	1140.3	23466.87	1467.37	1231.13
PTHR11670	9003.91	8854.81	15992.0	391.63	328.58
PTHR11671	1262.0	1212.3	872.94	51.33	43.06
PTHR20863	4393.09	4243.99	8937.04	462.98	388.43
PTHR20861	4371.0	4271.6	648.03	21.6	18.12
PTHR11679	9628.92	9430.17	2611.2	85.79	71.98
PTHR14009	3936.79	3787.7	2619.4	139.99	117.45
PTHR10217	22731.85	21738.04	1249.44	52.08	43.69
PTHR14005	3923.0	3873.3	1577.0	28.93	24.28
PTHR10210	1685.58	1635.88	157.0	6.83	5.73
PTHR31522	1829.62	1779.92	395.0	15.8	13.25
PTHR14221	2199.26	2099.86	1073.0	66.43	55.74
PTHR11079	4982.8	4734.32	293.0	17.8	14.95
PTHR11076	7265.65	6719.22	3255.42	163.05	136.78
PTHR11070	2208.0	2058.96	52.0	4.1	3.44
PTHR11071	27100.02	25857.72	8205.04	392.9	329.62
PTHR11278	1788.0	1639.01	32077.31	2207.2	1851.86
PTHR11276	778.0	728.3	32.0	3.14	2.64
PTHR11274	2287.0	2187.6	99.0	6.14	5.15
PTHR31984	4591.57	4442.56	2518.0	105.58	88.59
PTHR15350	2604.41	2505.01	878.0	52.07	43.69
PTHR15606	3741.13	3542.33	834.0	49.67	41.68
PTHR12374	2378.0	2328.3	304.0	9.29	7.79
PTHR12375	1244.85	1195.15	990.0	59.05	49.54
PTHR12378	6453.01	6254.21	1637.19	64.06	53.74
PTHR18929	12737.0	12389.1	16252.93	955.73	801.87
PTHR13976	7588.24	7439.14	5188.8	150.89	126.6
PTHR12777	2425.86	2376.17	4671.91	139.85	117.33
PTHR12775	5837.15	5737.75	1621.26	39.19	32.88
PTHR16092	432.0	382.31	8.0	1.5	1.26
PTHR19211	20392.54	19696.83	124253.88	2236.63	1876.53
PTHR22298	1161.15	1111.45	152.0	9.75	8.18
PTHR12174	3607.0	3507.6	551.0	26.45	22.19
PTHR12175	2135.75	2036.35	745.0	49.26	41.32
PTHR12176	6348.73	6149.94	1662.9	82.7	69.38
PTHR22769	13377.59	13029.7	6048.63	265.23	222.54
PTHR22767	1286.82	1237.12	178.0	10.25	8.6
PTHR22762	3781.0	3731.3	2228.48	42.44	35.61
PTHR22763	560.0	510.3	148.0	20.79	17.45
PTHR22761	5430.89	5281.8	8223.29	287.73	241.41
PTHR21231	2122.0	2072.3	2081.78	71.48	59.97
PTHR21230	4055.72	3956.32	1556.24	53.45	44.84
PTHR21234	2677.0	2527.9	174.0	15.05	12.62
PTHR21237	3448.0	3348.6	5776.01	316.83	265.83
PTHR12202	1636.0	1487.0	80.0	9.43	7.92
PTHR12203	36171.36	34779.87	8842.86	357.55	299.99
PTHR19857	987.0	937.4	143.06	10.89	9.14
PTHR22904	21267.26	20223.64	8541.13	296.01	248.36
PTHR19855	2418.53	2368.83	97.0	2.91	2.44
PTHR13353	3771.17	3622.07	725.0	33.31	27.94
PTHR12197	12186.08	11589.76	3071.98	133.34	111.87
PTHR11932	8088.0	7889.21	2714.59	58.17	48.8
PTHR13822	1954.0	1904.3	3866.9	144.51	121.25
PTHR13138	2187.0	2087.6	117.0	9.07	7.6
PTHR10732	1058.0	1008.3	30006.85	2123.22	1781.4
PTHR10739	1637.0	1587.3	250.0	11.22	9.41
PTHR12992	2384.0	2334.3	413.0	12.58	10.56
PTHR22838	2686.0	2536.9	246.0	18.57	15.58
PTHR22881	5394.01	5294.61	801.21	28.33	23.77
PTHR22836	1456.0	1406.3	112.0	5.67	4.76
PTHR10693	3635.0	3585.3	2919.07	57.87	48.55
PTHR10938	1521.0	1421.6	177.0	18.51	15.53
PTHR13375	3838.04	3788.34	1218.0	22.85	19.17
PTHR10934	1209.0	1109.61	13460.69	1391.6	1167.57
PTHR11510	2895.0	2845.3	12778.28	319.31	267.91
PTHR11516	6459.0	6260.2	4292.01	117.4	98.49
PTHR10025	3984.88	3835.78	1086.06	57.58	48.31
PTHR10026	12774.02	12525.52	9733.84	183.58	154.03
PTHR10027	1461.61	1362.21	54.0	5.61	4.71
PTHR13009	3303.77	3154.67	1556.0	99.37	83.37
PTHR13007	2571.0	2521.3	597.03	16.84	14.13
PTHR30115	2506.0	2406.6	659.55	26.11	21.9
PTHR10598	2152.08	2102.38	5176.46	175.18	146.98
PTHR17901	1715.21	1665.51	138.0	5.9	4.95
PTHR24351	13660.0	13510.9	3267.32	50.08	42.03
PTHR20981	1064.0	964.61	19286.22	2327.91	1953.14
PTHR20982	1959.0	1859.6	677.0	50.36	42.26
PTHR24352	8160.61	8011.51	2534.0	64.37	54.0
PTHR11467	1889.17	1839.47	1873.67	72.5	60.83
PTHR10119	9053.92	8904.82	5812.84	141.18	118.45
PTHR10110	7001.0	6603.43	148.0	13.46	11.29
PTHR11469	3504.0	3454.3	3520.0	72.43	60.77
PTHR11863	5462.0	5362.6	3537.87	75.84	63.63
PTHR24286	10425.82	10127.62	3263.3	99.66	83.63
PTHR11864	4602.0	4452.9	1103.0	40.44	33.94
PTHR23426	4696.08	4497.28	3888.06	211.98	177.85
PTHR10593	2922.93	2823.53	607.0	25.64	21.51
