GeneFamily	length	effective_length	expected_count	TPM	FPKM
PTHR11649	9382.42	8792.5	2358.68	151.76	116.73
PTHR31089	3524.57	3450.83	786.57	22.71	17.47
PTHR31085	404.0	330.28	25.0	7.62	5.86
PTHR11647	4046.0	3898.52	381.0	18.86	14.51
PTHR11645	3437.37	3363.63	1055.0	31.25	24.04
PTHR10209	3168.0	3020.52	189.0	12.17	9.37
PTHR32429	4034.0	3886.52	26501.07	1453.62	1118.07
PTHR31423	806.0	732.26	142.0	19.41	14.93
PTHR31551	750.0	676.26	461.0	68.25	52.5
PTHR32195	973.0	825.57	5.0	0.89	0.69
PTHR11081	3279.0	2984.07	85.0	9.66	7.43
PTHR11080	2822.4	2674.92	495.0	31.4	24.15
PTHR11082	10953.93	10364.06	612.0	40.58	31.23
PTHR11085	3218.0	2996.79	309.0	20.4	15.69
PTHR13501	1760.0	1686.26	228.99	13.55	10.42
PTHR11089	10521.17	9783.78	1455.65	94.08	72.37
PTHR12271	3399.0	3104.06	154.0	17.39	13.4
PTHR32518	3536.0	3462.26	522.0	15.02	11.56
PTHR11247	2080.88	1933.4	247.0	22.81	17.54
PTHR11246	10516.0	10221.04	1715.4	52.29	40.21
PTHR32512	1450.0	1376.26	78.0	5.66	4.35
PTHR23088	4328.3	4033.41	735.16	56.3	43.31
PTHR23089	2380.0	2158.78	474.0	74.86	57.59
PTHR23081	5587.89	5440.41	348.0	13.91	10.7
PTHR23083	37020.11	35029.34	7616.99	375.23	288.64
PTHR23084	6389.21	5946.84	2012.04	174.36	134.11
PTHR23086	4116.02	3821.06	422.0	45.87	35.28
PTHR18806	1270.93	1197.19	438.0	36.54	28.1
PTHR11880	2225.0	2077.52	17425.93	3234.32	2487.72
PTHR31953	4335.74	4114.52	1199.34	51.79	39.83
PTHR15184	9024.12	8581.71	8601.81	343.17	263.95
PTHR11885	1409.0	1261.52	15935.86	2128.64	1637.27
PTHR15341	780.0	706.26	41.0	5.81	4.47
PTHR32357	1002.61	855.19	13.0	3.05	2.35
PTHR12696	4806.0	4732.26	1484.0	31.24	24.03
PTHR12341	5065.33	4696.67	364.0	40.27	30.97
PTHR10168	7263.0	6968.04	16114.41	556.58	428.1
PTHR15160	11139.6	10770.9	5273.36	254.12	195.47
PTHR18937	22030.68	21367.02	4484.69	155.38	119.48
PTHR18934	15016.2	13984.07	4407.04	164.27	126.35
PTHR12742	4068.59	3847.37	748.0	56.57	43.5
PTHR12741	3673.0	3525.52	887.07	51.03	39.25
PTHR19288	8463.92	8095.22	3568.23	145.01	111.55
PTHR13902	6731.06	6509.85	763.0	31.07	23.9
PTHR13903	2237.9	2090.42	284.0	27.09	20.83
PTHR22753	4558.0	4336.78	695.26	30.34	23.34
PTHR30615	1891.04	1669.84	161.0	27.51	21.16
PTHR21220	935.0	787.54	18.0	4.59	3.53
PTHR22938	4986.14	4838.75	1156.03	47.39	36.45
PTHR16266	7223.0	6854.33	437.0	25.09	19.3
PTHR30612	3005.43	2857.95	387.0	19.9	15.32
PTHR22932	623.0	549.26	1025.0	187.07	143.89
PTHR21228	56566.69	53175.06	9466.79	419.9	322.94
PTHR31038	981.0	907.26	168.0	18.51	14.24
PTHR13832	44746.68	42977.05	15850.8	646.59	497.32
PTHR21139	2424.0	2350.26	574.0	24.35	18.73
PTHR21136	2700.0	2552.52	1127.42	76.65	58.96
PTHR12526	34249.33	32995.89	12298.89	487.53	374.98
PTHR13120	2209.0	2135.26	516.0	24.1	18.54
PTHR22809	1790.0	1495.17	31.32	7.53	5.79
PTHR22807	9885.2	9369.2	1282.02	53.63	41.26
PTHR20661	2040.0	1892.52	88.0	9.68	7.44
PTHR10900	15433.8	14696.46	4545.84	195.84	150.63
PTHR10906	2232.0	2158.26	111.0	5.13	3.94
PTHR10909	17887.82	17297.91	10559.7	430.25	330.94
PTHR10055	4483.0	4261.78	967.46	55.93	43.03
PTHR10057	2146.56	1999.08	283.0	30.0	23.07
PTHR10052	394.0	320.28	0.0	0.0	0.0
PTHR13017	1207.0	1133.26	91.0	8.02	6.17
PTHR13018	18329.09	17591.72	4271.39	151.57	116.57
PTHR10694	7828.0	7238.1	840.0	76.1	58.55
PTHR12839	1771.0	1549.8	59.01	9.35	7.18
PTHR12835	2330.0	2182.53	89.0	6.8	5.23
PTHR24031	65310.16	60812.98	56343.18	2768.6	2129.5
PTHR24032	676.0	602.26	6.0	1.0	0.77
PTHR11922	4520.0	4298.78	1392.0	56.2	43.23
PTHR24349	73194.11	70023.59	26024.64	1051.79	809.0
PTHR24619	5677.0	5013.56	313.96	45.12	34.69
PTHR24343	23065.28	21885.53	5190.34	340.91	262.23
PTHR11472	6301.62	5785.44	367.0	36.99	28.43
PTHR11476	5164.0	4942.78	515.73	26.98	20.76
PTHR11477	3079.81	2932.33	638.0	45.12	34.7
PTHR24305	2857.09	2488.41	107.7	20.91	16.1
PTHR10476	5731.5	5436.55	2889.8	225.24	173.25
PTHR24290	2182.0	2034.54	209.0	14.24	10.95
PTHR23413	945.31	797.91	20542.77	4046.78	3112.64
PTHR23417	4312.3	4017.35	405.0	36.55	28.12
PTHR23416	3627.0	3479.52	1032.37	46.31	35.62
PTHR23415	1476.0	1402.26	344.0	24.49	18.84
PTHR10871	4647.48	4352.52	36318.41	3635.52	2796.31
PTHR23418	716.0	642.26	397.0	61.9	47.61
PTHR10877	30308.83	29129.04	3538.96	98.9	76.06
PTHR11879	5036.7	4815.48	2931.25	144.49	111.14
PTHR10430	2624.0	2476.52	2120.02	195.96	150.73
PTHR31724	6191.42	5896.46	521.0	35.36	27.19
PTHR31098	6912.94	6691.72	5992.57	123.94	95.32
PTHR11655	2949.0	2727.89	41999.62	4046.84	3112.67
PTHR11652	823.83	750.09	114.0	15.21	11.7
PTHR10436	7894.7	6936.21	225.0	36.7	28.24
PTHR20883	1357.12	1283.86	68.0	5.29	4.07
PTHR11895	4328.43	3886.04	320.0	36.46	28.03
PTHR10277	1496.35	1422.61	563.45	39.53	30.41
PTHR14027	3090.0	2868.82	209.0	18.95	14.57
PTHR13691	966.0	818.55	11.0	3.31	2.55
PTHR23180	17063.99	16474.12	1938.98	72.43	55.71
PTHR14593	2650.51	2429.31	195.0	20.39	15.69
PTHR11093	2487.29	2339.81	1802.95	114.27	87.9
PTHR11096	2483.0	2261.78	136.0	13.87	10.67
PTHR23346	5122.02	4827.14	231.0	15.52	11.93
PTHR11099	1012.59	938.85	326.99	34.82	26.78
PTHR10309	3074.0	3000.26	643.0	21.36	16.43
PTHR14107	1941.0	1867.26	489.0	26.12	20.09
PTHR11252	1957.0	1809.52	63.0	6.97	5.36
PTHR11254	25536.18	24651.34	4725.42	183.71	141.32
PTHR11255	1840.6	1766.86	269.01	15.19	11.68
PTHR14110	7148.0	6853.04	3123.11	165.37	127.2
PTHR14374	853.0	779.26	31.0	3.98	3.06
PTHR18838	712.0	638.26	14.0	2.2	1.69
PTHR12687	941.0	793.6	10.0	2.29	1.76
PTHR15157	3273.82	2905.23	328.99	32.28	24.83
PTHR18901	6790.06	6347.66	1196.99	85.91	66.08
PTHR12755	3517.95	3296.73	203.0	15.09	11.62
PTHR12750	5749.0	5675.26	1680.96	29.5	22.69
PTHR12753	1909.0	1835.26	143.0	7.77	5.98
PTHR15081	2439.0	2365.26	932.0	39.29	30.22
PTHR15574	6692.0	6175.85	803.0	69.76	53.66
PTHR12506	2441.93	2368.19	232.04	9.77	7.51
PTHR23109	618.33	544.6	56.0	10.31	7.93
PTHR13931	7166.0	6871.04	1473.0	56.95	43.8
PTHR24006	26778.4	25082.57	3074.92	163.41	125.68
PTHR12358	4587.0	4439.52	946.03	42.88	32.99
PTHR22748	3338.53	3191.05	285.0	16.63	12.79
PTHR12356	4860.0	4638.79	1890.0	103.38	79.53
PTHR12221	2281.0	2059.84	97.0	14.93	11.48
PTHR21213	1425.0	1351.26	382.0	28.22	21.71
PTHR19879	1792.21	1571.25	124.0	22.12	17.02
PTHR12226	1589.0	1441.52	44.0	5.93	4.56
PTHR19876	4087.08	3939.6	1454.0	54.88	42.21
PTHR19877	9874.0	9726.52	4775.86	102.93	79.17
PTHR21689	4716.3	4568.82	297.0	11.01	8.47
PTHR31190	3463.58	3242.53	621.0	41.11	31.62
PTHR13803	11598.0	11303.04	55204.99	1266.47	974.13
PTHR19980	3253.0	3105.52	261.77	17.03	13.11
PTHR12537	2900.94	2753.46	787.0	55.98	43.06
PTHR12532	1749.0	1675.26	79.0	4.7	3.62
PTHR13486	1181.0	1107.26	109.0	9.83	7.56
PTHR13489	1273.0	1199.26	68.0	5.66	4.36
PTHR17583	2484.0	2115.36	95.0	22.21	17.09
PTHR24198	29619.65	27850.09	5695.69	359.43	276.47
PTHR10048	5931.0	5562.32	481.0	40.11	30.84
PTHR24193	15516.08	14705.47	3915.83	308.78	237.49
PTHR10044	1775.16	1554.06	265.0	39.38	30.29
PTHR11998	7976.27	7755.05	2413.8	97.14	74.72
PTHR13060	2104.0	2030.26	144.0	7.07	5.44
PTHR10687	1962.0	1888.26	1341.0	70.84	54.48
PTHR10681	22181.37	21222.75	14020.96	854.23	657.03
PTHR10682	2908.33	2834.59	792.0	27.85	21.42
PTHR10683	3506.0	3358.52	1731.0	116.96	89.96
PTHR12829	2436.0	2214.95	372.0	26.79	20.6
PTHR12820	6111.54	6037.8	2093.2	34.53	26.56
PTHR12826	826.0	752.26	535.08	71.17	54.74
PTHR12827	1190.0	968.87	22.0	6.76	5.2
PTHR17920	1281.0	1133.53	31.0	5.09	3.91
PTHR11405	10127.0	9832.04	4210.22	167.32	128.69
PTHR11404	4809.3	4514.35	2897.47	229.78	176.73
PTHR11406	3481.0	3333.52	4072.5	209.26	160.95
PTHR14744	1086.0	1012.26	61.0	6.02	4.63
PTHR13468	1520.32	1446.58	317.94	21.94	16.87
PTHR23406	12598.79	12082.76	5060.99	156.45	120.35
PTHR23407	830.0	756.26	12.0	1.59	1.22
PTHR10869	16856.54	16192.91	35580.67	976.74	751.29
PTHR31717	9654.0	9359.05	2941.1	88.15	67.79
PTHR13393	2987.2	2913.46	512.06	17.52	13.47
PTHR15169	930.0	782.54	11.0	2.89	2.22
PTHR11315	5014.0	4866.52	11451.09	468.9	360.67
PTHR10139	1748.0	1526.83	78.0	13.3	10.23
PTHR10264	1646.35	1498.87	176.0	30.77	23.67
PTHR10263	5318.0	5170.52	7102.26	240.36	184.88
PTHR31407	5165.0	4943.78	197.91	11.41	8.78
PTHR32170	1633.0	1485.53	70.0	6.74	5.19
PTHR23350	3689.25	3468.09	779.0	33.36	25.65
PTHR23354	3719.12	3497.91	405.0	29.69	22.84
PTHR23355	7949.2	7211.87	437.0	46.7	35.92
PTHR23359	11043.83	10306.56	7675.59	588.47	452.63
PTHR11227	2669.0	2595.26	645.0	24.77	19.06
PTHR11220	10605.31	10236.61	4651.11	211.84	162.95
PTHR11223	1120.38	972.93	46.0	9.0	6.92
PTHR11229	2439.0	2291.52	903.04	85.39	65.68
PTHR10314	18597.61	17565.35	12390.13	695.72	535.09
PTHR14303	3093.0	3019.26	586.0	19.34	14.88
PTHR14085	1267.12	1193.38	277.0	23.18	17.83
PTHR11139	19223.32	17675.13	1624.07	152.33	117.18
PTHR15362	3586.43	3438.95	884.0	46.05	35.42
PTHR11132	35985.74	34363.46	7385.05	402.45	309.54
PTHR11134	3758.0	3684.26	908.0	24.56	18.89
PTHR11136	1373.0	1299.26	55.0	4.23	3.25
PTHR32374	4662.1	4367.14	8624.06	443.42	341.06
PTHR31579	20536.16	19798.89	10032.17	334.98	257.67
PTHR32379	2271.0	2123.52	242.0	17.8	13.69
PTHR18919	6526.37	6305.15	15208.66	582.71	448.2
PTHR32002	6032.0	5737.04	385.0	20.93	16.1
PTHR14413	5260.36	5112.88	3004.41	220.58	169.66
PTHR14089	4427.0	4205.78	921.17	38.25	29.43
PTHR22893	6493.46	6345.98	1260.28	38.67	29.74
PTHR24067	17907.05	17022.17	8641.48	596.43	458.75
PTHR10072	1898.24	1824.5	501.97	27.44	21.11
PTHR12786	2980.0	2906.26	794.0	27.23	20.94
PTHR12782	572.0	498.26	27.01	5.44	4.18
PTHR11742	2751.0	2529.86	130.26	10.28	7.9
PTHR11216	3342.0	3194.52	326.0	16.64	12.8
PTHR13923	4771.76	4698.02	460.0	9.75	7.5
PTHR11210	1428.0	1354.26	795.0	58.6	45.08
PTHR12321	1969.0	1895.26	1556.8	81.93	63.02
PTHR12320	12135.04	11545.13	6115.0	263.9	202.97
PTHR12323	1375.1	1301.36	149.0	11.43	8.79
PTHR16201	1062.96	989.22	369.0	37.28	28.67
PTHR21015	1840.17	1692.7	73.18	9.13	7.02
PTHR16196	3961.45	3813.97	655.99	25.77	19.82
PTHR16193	1432.0	1284.52	96.77	14.59	11.22
PTHR22792	7382.0	7087.07	1968.59	71.76	55.2
PTHR22790	3393.99	3172.77	200.93	18.78	14.45
PTHR21680	1078.0	1004.26	370.0	36.82	28.32
PTHR10343	3606.34	3458.86	1029.96	50.98	39.21
PTHR21113	1849.87	1702.4	270.0	54.25	41.73
PTHR19316	1539.1	1465.36	334.0	22.75	17.5
PTHR21663	896.0	748.63	27.0	6.67	5.13
PTHR13253	10478.12	9888.2	2484.64	192.11	147.77
PTHR12446	712.0	638.26	14.0	2.2	1.69
PTHR21206	1008.0	934.26	75.99	8.13	6.25
PTHR13789	23913.97	22881.62	10973.17	368.6	283.49
PTHR10071	25467.71	24656.6	20622.89	675.25	519.38
PTHR24188	11266.37	10676.48	3047.0	143.09	110.06
PTHR13780	7114.78	6819.82	5216.98	205.19	157.83
PTHR10670	4359.0	3769.24	166.0	32.41	24.95
PTHR10677	4807.35	4659.87	3127.4	86.84	66.79
PTHR13078	7184.19	6889.28	1641.28	129.32	99.48
PTHR12815	4462.0	4314.52	432.0	20.29	15.6
PTHR12814	1442.0	1294.52	49.0	7.58	5.84
PTHR24361	21730.53	21067.02	9136.43	263.1	202.37
PTHR24362	34677.62	33129.24	9808.06	532.64	409.68
PTHR10416	2045.0	1971.26	70.0	3.54	2.72
PTHR10410	6425.0	6203.78	1727.86	81.03	62.33
PTHR10783	12725.01	12135.15	4721.4	279.73	215.15
PTHR10782	985.0	911.26	26.0	2.85	2.19
PTHR13476	3420.59	3273.11	849.07	58.07	44.66
PTHR10788	8067.73	7846.51	2459.15	113.44	87.25
PTHR10891	57074.45	54272.35	21091.07	1109.01	853.02
PTHR10890	1623.08	1549.34	230.0	14.81	11.39
PTHR20426	1049.39	975.65	186.0	19.05	14.66
PTHR23213	12802.02	12064.69	2139.11	130.62	100.48
PTHR10520	7010.77	6715.81	1957.07	81.55	62.73
PTHR10250	1635.0	1561.26	1601.0	102.33	78.71
PTHR10527	16575.95	15986.06	5797.89	152.02	116.94
PTHR31384	3414.0	3340.26	583.0	17.39	13.38
PTHR31385	4107.0	3959.52	799.79	37.51	28.85
PTHR10091	1482.0	1408.26	794.0	56.28	43.29
PTHR31142	1594.0	1520.26	578.0	37.94	29.18
PTHR31140	2504.25	2430.51	808.19	33.15	25.5
PTHR11787	5056.0	4982.26	2753.83	55.05	42.35
PTHR11785	10240.0	9723.96	773.0	33.34	25.64
PTHR11782	9491.65	9123.04	1377.0	31.52	24.25
PTHR31419	1585.0	1290.69	16.0	5.73	4.4
PTHR11780	3793.0	3645.52	4363.03	174.08	133.89
PTHR32148	10075.72	9485.83	20008.59	1387.94	1067.54
PTHR23324	9987.81	9692.85	2019.98	77.8	59.84
PTHR23327	3699.0	3551.52	859.99	34.32	26.39
PTHR23326	5044.0	4822.78	623.26	43.76	33.65
PTHR23321	4338.23	4043.35	2931.76	227.51	174.99
PTHR23323	5434.0	4844.13	664.0	97.43	74.94
PTHR23322	3071.0	2776.11	181.0	25.29	19.45
PTHR23329	1034.35	960.61	169.51	17.64	13.57
PTHR11236	5133.24	4764.64	471.0	34.91	26.84
PTHR20932	2633.0	2559.26	427.0	16.63	12.79
PTHR10322	9260.39	8670.56	1018.03	67.78	52.13
PTHR11239	1765.0	1617.52	767.03	79.78	61.37
PTHR10803	4972.35	4751.13	594.0	35.11	27.02
PTHR31964	10259.07	9890.52	17739.93	1133.67	871.96
PTHR10552	1059.0	985.26	217.0	22.01	16.93
PTHR23030	3228.0	3154.26	306.0	9.67	7.44
PTHR11129	3384.85	3163.63	724.0	50.37	38.74
PTHR15316	3847.2	3552.25	558.96	56.74	43.65
PTHR11127	1073.0	925.54	27595.78	4560.55	3507.81
PTHR11125	2658.69	2437.48	225.0	24.58	18.9
PTHR31566	547.0	473.26	14.0	2.97	2.28
PTHR31567	1662.0	1588.26	385.92	24.25	18.65
PTHR31561	4022.17	3874.69	2684.0	129.31	99.46
PTHR15137	2494.0	2272.78	144.0	17.71	13.62
PTHR14950	413.0	339.27	10.0	2.97	2.28
PTHR15954	1824.07	1676.6	135.0	15.84	12.19
PTHR15952	2757.0	2609.52	164.0	11.64	8.95
PTHR21319	7341.56	7120.34	822.0	38.52	29.63
PTHR21597	2547.42	2326.22	101.0	11.95	9.2
PTHR19271	954.33	806.97	42.0	8.75	6.73
PTHR22931	8035.33	7224.29	1324.0	197.99	152.28
PTHR12022	1317.0	1243.26	1779.61	142.94	109.94
PTHR13343	7249.83	7028.61	2174.34	77.38	59.51
PTHR12233	749.25	675.51	573.0	84.92	65.32
PTHR12029	8617.1	7953.65	695.66	47.29	36.36
PTHR22936	8975.21	8459.04	1499.16	80.35	61.81
PTHR22780	8576.86	8281.9	1380.9	53.98	41.52
PTHR21477	3359.66	3212.18	916.98	58.72	45.16
PTHR19308	3433.0	3285.52	16003.84	567.88	436.79
PTHR22870	22075.55	20674.7	3003.07	177.8	136.75
PTHR17630	10860.33	10417.89	3309.85	143.53	110.41
PTHR10064	601.0	527.26	31223.95	5937.96	4567.26
PTHR10066	4966.79	4598.11	410.0	38.54	29.65
PTHR10060	3973.12	3751.92	354.15	28.49	21.91
PTHR10663	11889.16	11151.77	1270.03	79.15	60.88
PTHR10666	711.0	637.26	36024.29	5661.64	4354.72
PTHR10668	10059.0	9321.75	1272.0	71.27	54.82
PTHR12265	936.0	788.54	21.0	5.29	4.07
PTHR12801	6850.29	6555.33	7856.23	207.56	159.65
PTHR12802	4198.0	3755.71	239.0	29.25	22.5
PTHR12805	1226.72	1152.99	146.0	12.65	9.73
PTHR12806	1285.79	1212.05	337.0	27.77	21.36
PTHR21091	13976.4	13386.56	2655.56	124.97	96.14
PTHR21090	5469.0	5321.52	2045.96	80.54	61.95
PTHR24314	3488.69	3341.21	501.0	28.76	22.13
PTHR11933	825.0	751.26	29.0	3.86	2.97
PTHR24316	13426.66	12615.54	4370.15	213.15	163.92
PTHR11426	5320.95	5099.73	10802.33	816.17	627.77
PTHR11937	10258.34	9889.64	1250.16	71.37	54.9
PTHR11938	14414.0	14192.78	5179.17	86.49	66.53
PTHR13683	931.0	857.26	219.0	25.55	19.65
PTHR24089	58367.46	55491.81	69201.76	3055.27	2350.02
PTHR10796	12363.0	11699.46	2195.99	70.79	54.45
PTHR10794	5862.07	5567.13	1205.01	96.69	74.37
PTHR10795	37004.58	35530.06	9091.28	219.16	168.59
PTHR10792	1033.0	885.54	17199.52	3116.56	2397.14
PTHR10799	56020.88	51965.8	5587.95	383.66	295.08
PTHR10882	1079.0	1005.26	24.0	2.39	1.84
PTHR10887	25674.59	23610.17	3676.14	237.11	182.36
PTHR11686	1325.0	1251.26	64.0	5.11	3.93
PTHR11685	6079.7	5784.75	1423.04	86.99	66.91
PTHR11680	5656.48	5435.27	4961.24	211.16	162.42
PTHR24221	12575.34	11764.4	5491.26	279.75	215.17
PTHR24220	5691.37	5470.15	1150.89	62.64	48.18
PTHR24223	13521.3	12194.36	619.0	72.51	55.8
PTHR11689	17674.93	17085.12	7565.54	135.4	104.14
PTHR10252	1783.0	1635.52	178.0	22.27	17.12
PTHR10537	566.0	492.26	17.0	3.46	2.66
PTHR13124	2770.0	2622.52	341.0	26.07	20.05
PTHR31173	2409.55	2262.07	111.0	9.73	7.48
PTHR12538	603.0	529.26	31843.18	6032.69	4640.12
PTHR10997	12812.0	12148.35	1173.28	65.55	50.42
PTHR10098	1479.0	1405.26	377.87	26.84	20.65
PTHR31356	6819.97	6451.27	15216.05	1205.47	927.2
PTHR31352	9023.0	8801.78	7585.25	264.54	203.48
PTHR31350	4175.0	3806.35	190.0	20.9	16.07
PTHR11758	675.0	601.26	20917.36	3485.43	2680.86
PTHR23333	2749.0	2601.52	1002.0	71.03	54.64
PTHR11751	8848.48	8406.04	948.48	59.89	46.06
PTHR11753	3259.16	3111.68	2118.13	135.89	104.52
PTHR11200	14158.0	13420.65	3586.8	133.99	103.07
PTHR11206	24360.42	23180.81	3516.59	152.09	116.95
PTHR11757	14078.47	13562.33	3676.18	91.24	70.18
PTHR23339	12365.02	11848.89	3264.89	82.81	63.69
PTHR10332	6599.31	6304.36	1813.95	80.45	61.88
PTHR32557	4341.0	4267.26	638.85	14.91	11.47
PTHR14145	4972.0	4824.52	1527.98	61.13	47.02
PTHR17695	2161.0	1792.37	70.0	19.89	15.29
PTHR13600	2280.0	2206.26	83.0	3.75	2.89
PTHR15744	954.0	880.26	17.0	1.93	1.49
PTHR23029	14207.2	13543.6	5089.25	134.66	103.59
PTHR23023	10348.73	9463.95	535.0	62.01	47.7
PTHR21294	1227.85	1154.11	196.0	16.96	13.05
PTHR11119	5706.0	5558.52	879.99	34.51	26.55
PTHR12841	1636.65	1562.92	1376.13	87.86	67.58
PTHR31595	9393.0	8803.11	1929.42	113.7	87.45
PTHR31596	1211.91	1064.69	28.0	6.06	4.66
PTHR15948	1692.0	1544.52	98.0	12.71	9.78
PTHR31412	5275.0	5127.52	1001.18	33.48	25.75
PTHR32026	4396.93	4249.45	2467.73	119.85	92.19
PTHR22939	21398.15	20292.17	2366.96	115.85	89.11
PTHR31829	1193.0	1119.26	1188.01	106.03	81.55
PTHR30191	3723.0	3649.26	28243.82	771.14	593.13
PTHR14898	3160.0	3012.52	207.0	14.25	10.96
PTHR19241	41312.28	38731.84	19790.48	566.01	435.36
PTHR14894	3042.24	2968.5	1079.98	36.26	27.89
PTHR15239	2124.04	1829.23	652.23	72.52	55.77
PTHR19854	3830.13	3461.45	517.34	40.53	31.18
PTHR32497	4010.0	3862.52	398.0	20.07	15.44
PTHR12304	1677.05	1529.57	191.0	21.29	16.38
PTHR30540	5036.03	4962.29	1866.01	37.46	28.81
PTHR30544	6721.37	6426.45	1104.0	39.46	30.35
PTHR13302	2467.97	2246.84	196.91	27.47	21.13
PTHR12472	428.0	354.27	6.0	1.7	1.31
PTHR13308	2296.59	2075.38	188.0	25.41	19.54
PTHR12477	1161.0	1087.26	62.0	5.7	4.38
PTHR13878	4538.0	4316.78	248.0	16.92	13.01
PTHR21461	994.27	920.53	103.0	11.19	8.6
PTHR13872	856.0	708.56	15257.25	3763.68	2894.89
PTHR22849	20576.32	19544.07	3585.53	174.11	133.92
PTHR21314	2942.01	2794.53	342.96	24.99	19.23
PTHR21649	12345.68	11461.57	42385.91	4494.41	3456.92
PTHR22841	6801.0	6506.07	1181.98	57.68	44.36
PTHR22847	67606.43	63625.29	7297.79	537.96	413.77
PTHR22846	2088.0	1940.52	226.0	22.69	17.45
PTHR22844	16221.12	15483.73	2169.45	105.02	80.76
PTHR31606	927.0	853.26	142.0	16.64	12.8
PTHR23284	1435.0	1361.26	365.02	26.77	20.59
PTHR21266	12622.46	11959.06	1051.16	50.17	38.58
PTHR12277	2879.8	2732.32	505.0	35.87	27.59
PTHR12276	1737.0	1663.26	117.0	7.02	5.4
PTHR10657	6911.82	6764.34	2857.67	69.17	53.21
PTHR16557	1680.19	1532.72	108.0	11.72	9.02
PTHR10655	1480.0	1406.26	490.0	34.78	26.75
PTHR10652	1074.93	1001.19	218.0	21.76	16.74
PTHR17972	2270.33	1975.41	85.0	16.45	12.66
PTHR21085	1447.0	1373.26	345.0	25.08	19.29
PTHR10438	21855.32	20970.44	33032.42	2025.52	1557.94
PTHR11926	3041.0	2967.26	304.0	10.21	7.85
PTHR11431	2527.0	2453.26	2565.19	104.24	80.18
PTHR10434	2393.0	2245.52	317.74	28.93	22.25
PTHR24096	8073.65	7778.7	3338.81	145.72	112.07
PTHR13693	5853.0	5484.4	3137.02	127.68	98.21
PTHR24095	5369.21	5000.66	2980.07	134.6	103.54
PTHR24092	7210.08	6988.86	2607.95	57.39	44.15
PTHR24093	45865.59	43653.57	38816.46	872.96	671.46
PTHR13451	1399.0	1251.65	22.0	3.18	2.45
PTHR13452	1064.0	916.52	97.0	21.18	16.29
PTHR10759	923.0	775.61	22234.83	4205.05	3234.37
PTHR12901	1256.0	1182.26	501.0	42.32	32.55
PTHR12903	3250.0	3102.52	1775.74	83.62	64.32
PTHR13992	1105.0	957.53	67.0	14.42	11.1
PTHR23237	759.0	685.26	286.0	41.78	32.14
PTHR10501	5183.13	5035.65	1839.14	73.75	56.73
PTHR31169	1263.0	1189.26	64.0	5.37	4.13
PTHR11122	1612.82	1539.08	352.04	22.83	17.56
PTHR14087	679.0	605.26	15.12	2.5	1.93
PTHR23309	1536.0	1462.26	304.0	20.75	15.96
PTHR23308	3114.0	2745.41	143.0	22.28	17.14
PTHR31344	379.0	305.28	8.0	2.64	2.03
PTHR31619	3517.0	3443.26	4201.51	121.59	93.52
PTHR23306	2806.8	2659.32	786.01	56.8	43.69
PTHR23305	2670.0	2375.12	132.81	15.27	11.75
PTHR11748	16709.56	16119.64	6350.53	238.85	183.73
PTHR11214	4528.17	4380.69	708.14	30.11	23.16
PTHR14154	18517.58	17485.41	9384.25	637.84	490.61
PTHR10344	1269.66	1195.92	118.0	9.85	7.58
PTHR14152	1100.0	952.52	78.03	16.42	12.63
PTHR11699	20143.64	19406.3	5442.28	191.23	147.07
PTHR11692	1813.01	1739.27	726.0	41.64	32.03
PTHR11693	4161.0	4013.52	19963.46	904.13	695.42
PTHR11695	19062.35	18398.73	9348.08	369.93	284.52
PTHR31760	644.08	570.7	21.01	3.69	2.84
PTHR31906	10610.51	9947.03	1212.59	86.3	66.38
PTHR13847	16575.96	15469.97	5583.64	381.14	293.17
PTHR23012	16184.56	15373.58	14278.2	709.11	545.41
PTHR11101	8307.68	8012.79	29953.25	1309.24	1007.01
PTHR11102	1831.0	1683.53	103.0	10.52	8.09
PTHR11106	6168.32	5799.65	1121.0	81.95	63.03
PTHR31585	6247.25	6026.03	508.0	30.39	23.36
PTHR32125	2704.0	2556.52	707.99	55.97	43.05
PTHR31588	1610.0	1536.26	190.0	12.34	9.49
PTHR32120	307.0	233.38	3.0	1.3	1.0
PTHR10288	10568.28	10273.32	7729.73	268.28	206.35
PTHR15680	3208.0	3060.52	1164.0	108.23	83.24
PTHR10281	7473.55	7178.59	2385.0	128.14	98.55
PTHR24347	20301.17	19490.08	6134.03	280.29	215.61
PTHR18895	3185.0	2890.05	125.0	16.54	12.72
PTHR12486	2810.4	2662.92	476.75	33.84	26.03
PTHR21262	10096.22	9801.26	9606.86	258.13	198.53
PTHR12480	5390.29	5021.61	251.0	20.61	15.85
PTHR12482	3107.0	2812.04	94.0	13.45	10.34
PTHR12317	8615.02	8172.6	1045.0	72.56	55.82
PTHR12649	2654.21	2580.47	511.0	19.74	15.18
PTHR12461	3651.53	3356.67	251.85	30.56	23.51
PTHR12466	1362.0	1140.81	42.0	10.82	8.32
PTHR21419	1609.0	1535.26	127.01	8.26	6.35
PTHR22854	2367.94	2220.46	177.74	14.95	11.5
PTHR26312	3118.0	2749.34	187.0	22.91	17.6
PTHR12000	3559.0	3337.78	442.0	34.38	26.44
PTHR21327	1833.0	1759.26	138.0	7.83	6.02
PTHR21631	11694.54	11325.84	44709.07	1266.03	973.79
PTHR22855	1839.0	1765.26	582.0	32.89	25.3
PTHR22850	7113.8	6524.01	1286.91	98.05	75.41
PTHR22504	1192.0	1118.26	385.32	34.42	26.48
PTHR12189	1077.76	1004.02	146.0	14.53	11.18
PTHR21256	3927.32	3853.58	614.05	15.88	12.21
PTHR12266	9631.14	9409.92	2080.19	49.23	37.87
PTHR10648	5248.0	5174.26	2852.76	54.91	42.24
PTHR30178	2677.0	2529.53	10816.01	505.1	388.5
PTHR10641	28222.6	26452.84	4318.03	273.69	210.53
PTHR19842	1161.0	1087.26	188.0	17.27	13.29
PTHR10644	10184.0	9594.13	1158.56	45.62	35.1
PTHR12864	5066.41	4771.51	1139.0	94.7	72.84
PTHR12860	1645.0	1571.26	117.0	7.43	5.72
PTHR13194	3070.0	2996.26	814.95	27.11	20.85
PTHR13190	4512.0	4364.52	231.0	11.56	8.9
PTHR13193	504.0	430.27	65.0	15.17	11.67
PTHR11913	3354.0	3280.26	421.98	12.82	9.86
PTHR11911	2831.0	2757.26	736.0	26.61	20.46
PTHR11910	2759.0	2611.52	16662.2	1333.79	1025.91
PTHR11918	7814.0	7519.04	859.01	40.1	30.85
PTHR12919	3316.49	3169.01	2630.62	162.7	125.14
PTHR13271	32452.63	30757.05	9726.72	410.98	316.14
PTHR12910	2791.0	2643.52	1225.0	81.83	62.94
PTHR12917	1285.0	1211.26	304.0	25.06	19.28
PTHR11351	4893.1	4745.62	7789.0	228.13	175.47
PTHR11353	19039.91	18007.56	18969.23	979.96	753.75
PTHR11599	16280.3	15395.43	10178.5	775.27	596.31
PTHR10516	30669.58	29194.79	15329.52	1114.87	857.52
PTHR11592	4194.0	3972.78	1206.03	92.12	70.86
PTHR11659	2215.0	2141.26	320.0	14.9	11.46
PTHR13273	1631.34	1557.6	1288.72	82.56	63.51
PTHR31096	1769.0	1621.52	65.0	8.02	6.17
PTHR13734	2918.14	2623.23	993.0	91.19	70.14
PTHR31620	7769.0	7547.78	14596.46	492.12	378.52
PTHR23315	13638.55	12974.94	2128.06	103.53	79.64
PTHR23316	3680.69	3459.47	475.6	40.36	31.04
PTHR11778	4446.0	4298.52	14969.11	516.24	397.07
PTHR11777	5840.0	5471.44	1048.0	46.66	35.89
PTHR11774	2930.37	2709.27	322.0	28.11	21.61
PTHR11773	5132.0	5058.26	2810.92	55.35	42.57
PTHR11772	7648.51	7353.56	12982.65	834.9	642.17
PTHR10357	22514.72	21777.33	8743.9	297.91	229.17
PTHR10353	947.93	874.19	409.0	46.78	35.98
PTHR10350	2512.0	2217.1	68.0	12.04	9.26
PTHR10351	7651.83	7283.14	19529.28	1112.74	855.88
PTHR10359	3294.7	3073.6	340.0	35.3	27.15
PTHR32442	1233.0	1159.26	27.0	2.33	1.79
PTHR31750	1158.0	1084.26	26.0	2.4	1.84
PTHR14189	2243.28	2169.54	450.01	20.68	15.91
PTHR21021	569.0	495.26	34.0	6.89	5.3
PTHR32228	1305.0	1157.52	47.0	8.16	6.27
PTHR31245	1969.0	1895.26	683.0	35.94	27.65
PTHR23001	4121.0	3973.52	4917.78	236.84	182.17
PTHR23002	1464.0	1390.26	53.0	3.81	2.93
PTHR11177	4396.21	4175.08	873.79	62.03	47.7
PTHR10445	1550.0	1476.26	426.29	28.82	22.17
PTHR11178	3255.0	3107.52	1004.54	57.39	44.14
PTHR14456	1064.0	990.26	34.0	3.43	2.64
PTHR31808	2608.0	2534.26	4791.18	188.47	144.96
PTHR31803	2691.0	2617.26	3379.98	128.73	99.02
PTHR11009	1020.0	946.26	33.0	3.49	2.68
PTHR30075	4293.0	4219.26	232.11	5.48	4.22
PTHR10099	5398.0	5324.26	1181.0	22.09	16.99
PTHR19229	14636.16	13235.53	2299.68	155.44	119.55
PTHR20961	15946.07	15429.91	2464.0	90.67	69.73
PTHR11005	3708.0	3413.05	142.0	15.36	11.82
PTHR11006	9609.32	9093.28	1319.12	53.48	41.13
PTHR18640	9366.52	8997.86	1893.14	90.21	69.39
PTHR18866	18650.75	18208.45	9845.4	211.29	162.5
PTHR15074	643.6	496.74	13.0	5.72	4.4
PTHR15588	2443.56	2296.08	596.0	44.45	34.19
PTHR12677	5279.0	5057.78	1405.0	75.34	57.94
PTHR19134	4001.99	3854.53	1370.99	48.14	37.02
PTHR19139	2247.0	2173.26	706.99	32.44	24.95
PTHR12459	1293.0	1219.26	69.0	5.65	4.35
PTHR12456	431.0	357.27	25.0	7.04	5.41
PTHR12452	1595.55	1521.81	237.0	15.54	11.95
PTHR19359	568.0	494.26	103.94	21.1	16.23
PTHR12072	3732.0	3437.22	322.0	25.79	19.84
PTHR13218	1141.0	1067.26	336.0	31.45	24.19
PTHR13215	2728.49	2581.01	630.0	34.61	26.62
PTHR13213	670.0	596.26	15.0	2.52	1.94
PTHR10809	2933.0	2859.26	905.8	31.57	24.29
PTHR12290	3804.64	3583.48	335.13	22.3	17.15
PTHR21530	1975.0	1827.52	173.0	18.92	14.55
PTHR12295	6167.88	5872.92	845.0	65.34	50.26
PTHR12298	7517.95	7075.52	1403.72	79.74	61.33
PTHR10638	2221.0	2073.52	122.0	11.58	8.91
PTHR10634	3257.0	3183.26	4558.24	142.7	109.76
PTHR10631	3077.4	2782.61	109.0	13.05	10.04
PTHR10984	6017.0	5795.78	1785.43	83.99	64.6
PTHR12858	2926.19	2631.24	183.0	26.99	20.76
PTHR13505	1023.0	949.26	61.0	6.42	4.94
PTHR12850	428.0	354.27	13865.9	3936.72	3027.98
PTHR12856	317.0	243.35	2.0	0.83	0.64
PTHR12855	964.0	890.26	258.04	28.98	22.29
PTHR12854	4526.51	4452.77	1685.0	37.7	28.99
PTHR13182	2000.0	1926.26	637.98	33.03	25.41
PTHR10182	2288.0	2214.26	2156.0	97.09	74.68
PTHR10585	1581.0	1507.26	520.98	34.5	26.53
PTHR10743	1227.0	1153.26	140.0	12.13	9.33
PTHR10742	16900.51	15942.11	5116.73	189.94	146.1
PTHR10745	1235.26	1161.52	619.0	53.22	40.94
PTHR10744	943.0	795.55	23186.83	4593.69	3533.29
PTHR10746	5200.0	5052.52	2979.49	97.01	74.62
PTHR12924	1379.0	1305.26	496.99	38.02	29.24
PTHR11349	4668.0	4299.31	17038.34	1655.0	1272.97
PTHR10566	28576.88	27175.94	5508.53	236.96	182.27
PTHR11588	9020.5	8504.34	73323.02	4264.98	3280.47
PTHR10291	972.0	898.26	116.0	12.91	9.93
PTHR11584	14861.44	14050.34	3189.77	133.5	102.67
PTHR11586	6617.21	6322.25	1012.0	55.42	42.64
PTHR11909	6311.9	6164.43	6397.32	184.43	141.86
PTHR23429	4968.12	4820.64	852.04	35.94	27.65
PTHR24320	6877.0	6360.9	475.0	42.25	32.49
PTHR24322	11735.77	10924.64	2380.51	209.15	160.87
PTHR11907	2896.91	2749.43	802.0	44.61	34.31
PTHR11760	1746.0	1598.52	29492.62	3912.35	3009.23
PTHR11761	2052.0	1904.52	40073.63	8598.4	6613.56
PTHR11766	1688.0	1614.26	129.0	7.97	6.13
PTHR11767	3300.0	3078.81	241.0	19.71	15.16
PTHR10361	2304.0	2156.52	168.0	14.91	11.48
PTHR10366	32273.14	30945.96	9812.58	400.64	308.13
PTHR10169	6859.68	6490.98	698.0	43.71	33.63
PTHR20973	2461.27	2387.53	1929.0	80.55	61.96
PTHR10165	2250.0	2102.52	144.0	13.23	10.18
PTHR31032	3545.0	3471.26	2251.0	64.61	49.7
PTHR23257	263752.17	249153.99	49598.3	2742.23	2109.22
PTHR23253	10770.0	10548.78	3340.37	77.99	59.99
PTHR14190	2865.0	2643.78	338.02	37.74	29.03
PTHR14155	7895.02	7526.37	3375.99	169.41	130.31
PTHR14194	5204.0	4982.78	1188.96	69.7	53.6
PTHR31251	30820.99	29125.07	9474.42	403.99	310.74
PTHR23074	10273.16	9462.08	41945.29	1843.42	1417.88
PTHR23077	7243.97	6432.87	678.85	104.62	80.47
PTHR23076	32695.74	31294.85	17361.93	487.53	374.99
PTHR12561	1744.0	1596.53	104.0	11.11	8.55
PTHR23073	4862.0	4640.78	1608.13	112.88	86.82
PTHR10293	5209.73	4988.51	3864.06	223.88	172.21
PTHR23078	5025.0	4951.26	1457.01	29.31	22.54
PTHR11165	1707.0	1633.26	3064.16	187.2	143.98
PTHR10772	3132.0	2984.52	950.0	62.02	47.71
PTHR32100	2917.31	2769.83	522.0	36.67	28.21
PTHR14534	1417.0	1343.26	228.0	16.95	13.03
PTHR14445	5995.0	5847.52	1127.65	39.09	30.07
PTHR31811	925.0	851.26	31.0	3.64	2.8
PTHR23102	3430.0	3282.52	1179.01	47.82	36.78
PTHR23105	4588.54	4146.37	5436.93	898.02	690.72
PTHR11010	3404.24	3256.77	191.0	11.51	8.86
PTHR11014	6885.55	6443.62	752.94	54.46	41.88
PTHR12668	3523.21	3375.73	2088.6	101.4	77.99
PTHR12661	1278.0	1130.56	59.0	8.87	6.82
PTHR12663	336.0	262.32	5.0	1.92	1.48
PTHR12664	1801.0	1727.26	470.0	27.15	20.88
PTHR16166	7629.59	7187.23	2557.71	92.13	70.89
PTHR12111	4392.34	4244.86	682.0	33.33	25.64
PTHR12447	3075.55	2780.62	148.0	18.65	14.35
PTHR15481	784.0	710.26	263.0	37.06	28.51
PTHR26379	11471.33	10807.82	1290.94	84.93	65.32
PTHR12599	3889.31	3741.83	1375.04	66.9	51.46
PTHR12596	4938.0	4864.26	523.0	10.71	8.24
PTHR12590	1562.58	1488.84	145.0	9.72	7.48
PTHR12066	396.0	322.28	14.0	4.37	3.36
PTHR12064	4888.5	4667.29	750.62	47.44	36.48
PTHR13226	5185.93	4964.72	438.0	18.16	13.97
PTHR13889	4583.0	4214.31	1334.99	70.38	54.14
PTHR13887	3982.0	3760.84	2358.24	80.37	61.81
PTHR21181	1114.11	1040.37	474.0	45.52	35.02
PTHR12413	482.0	408.27	6.0	1.48	1.14
PTHR13948	469.0	395.27	21.0	5.34	4.11
PTHR12146	939.0	865.26	22433.63	2592.62	1994.15
PTHR11453	858.77	711.39	15.0	4.15	3.19
PTHR19306	6680.93	6385.97	1351.97	74.05	56.96
PTHR21506	1809.27	1735.53	383.0	22.02	16.93
PTHR12280	5247.0	4878.31	354.04	31.54	24.26
PTHR12281	5137.31	4989.83	1415.99	53.94	41.49
PTHR12286	2278.0	2204.26	219.0	9.91	7.62
PTHR12415	1120.23	1046.49	144.0	13.75	10.58
PTHR30573	2486.0	2412.26	170.0	7.03	5.4
PTHR22983	4700.38	4479.16	1252.99	60.32	46.4
PTHR22981	16862.95	16567.99	3426.98	76.85	59.12
PTHR11024	3096.0	2948.52	484.27	32.45	24.97
PTHR13082	834.0	760.26	150.98	19.87	15.28
PTHR10629	9249.22	8585.7	717.0	50.23	38.64
PTHR10994	23458.96	22574.09	4442.25	212.82	163.69
PTHR10996	11605.78	11163.35	1940.0	111.6	85.84
PTHR10625	24205.66	22657.17	4070.49	262.52	201.93
PTHR10992	27570.61	25432.26	3523.88	319.05	245.45
PTHR10993	4773.75	4552.53	391.0	25.8	19.84
PTHR12848	4408.34	4260.86	737.99	38.67	29.74
PTHR12849	1560.99	1413.52	68.0	7.47	5.74
PTHR21712	4262.0	4188.26	598.0	14.22	10.94
PTHR12847	4020.81	3799.59	574.91	36.06	27.73
PTHR21290	2153.0	2079.26	85.0	4.08	3.14
PTHR21349	2892.0	2744.52	2722.2	167.88	129.13
PTHR21347	1882.0	1808.26	134.0	7.39	5.69
PTHR19861	393.0	319.28	8.0	2.52	1.94
PTHR21343	537.0	463.26	22.0	4.77	3.67
PTHR10196	4667.65	4298.97	445.66	37.34	28.71
PTHR10192	4289.28	4141.8	679.0	32.65	25.11
PTHR10751	4099.23	3878.01	430.0	27.71	21.31
PTHR16301	1784.0	1562.78	42.0	7.84	6.03
PTHR10755	1910.0	1836.26	3772.33	204.92	157.62
PTHR10758	1466.0	1392.26	76.0	5.45	4.19
PTHR13152	1170.0	1022.52	43.0	8.14	6.26
PTHR12932	8485.01	8190.05	11133.05	535.94	412.22
PTHR12934	2801.47	2653.99	2970.36	280.31	215.61
PTHR13265	2686.15	2538.72	680.0	51.6	39.69
PTHR11800	4011.51	3864.03	929.0	40.91	31.47
PTHR11802	3558.09	3263.27	600.01	77.28	59.43
PTHR11804	6645.24	6129.18	1723.0	67.86	52.19
PTHR11807	3241.0	3093.54	363.37	13.9	10.69
PTHR11374	3729.48	3508.26	824.98	67.78	52.13
PTHR11808	8554.48	8333.26	3081.0	110.01	84.62
PTHR10283	22686.88	22023.23	10576.54	388.45	298.78
PTHR10285	6370.88	6002.18	839.0	66.46	51.11
PTHR10286	1481.0	1407.26	647.0	45.89	35.3
PTHR11579	3027.09	2805.87	412.0	38.0	29.23
PTHR13718	6971.55	6676.65	33499.1	3286.78	2528.07
PTHR13711	13139.21	12623.04	8445.25	446.96	343.79
PTHR13710	6231.87	5789.45	377.0	32.79	25.22
PTHR11977	2419.0	2271.53	89.0	7.96	6.12
PTHR11972	4736.81	4515.59	364.0	23.74	18.26
PTHR31480	1318.0	1244.26	267.0	21.43	16.48
PTHR31485	2357.0	2283.26	159.0	6.94	5.34
PTHR11715	1682.0	1608.26	3003.0	186.32	143.31
PTHR11717	1233.0	1159.26	39.0	3.36	2.58
PTHR11711	13829.34	13165.68	6307.34	337.05	259.25
PTHR11712	5702.0	5333.31	2748.01	137.32	105.62
PTHR10374	4996.73	4775.54	4864.81	201.63	155.09
PTHR10178	43787.59	42313.08	45310.62	1184.49	911.06
PTHR11482	4442.85	4295.37	3917.54	133.33	102.55
PTHR10173	5783.54	5488.58	2268.76	168.33	129.48
PTHR10177	20855.43	20118.44	12070.2	394.13	303.16
PTHR10174	12509.81	11993.64	5060.16	263.55	202.72
PTHR23249	2675.55	2528.08	506.0	41.08	31.6
PTHR23244	27246.3	25624.06	2491.53	196.37	151.06
PTHR23245	4799.26	4504.36	1138.99	67.72	52.09
PTHR23240	3941.0	3793.52	837.39	29.85	22.96
PTHR14614	4768.95	4400.37	342.0	32.15	24.71
PTHR31268	3069.95	2848.73	222.0	22.11	17.0
PTHR31262	3778.32	3483.39	133540.64	7168.62	5513.84
PTHR23063	12491.51	12049.08	2897.0	128.73	99.01
PTHR11620	579.0	505.26	14834.91	2944.9	2265.1
PTHR11624	10557.16	10262.2	14790.61	483.15	371.63
PTHR11627	4250.89	4029.67	33075.02	2129.84	1638.2
PTHR11390	5464.89	5096.19	269.0	24.38	18.75
PTHR31319	4728.21	4580.74	8548.63	321.49	247.28
PTHR14052	1147.0	1073.26	100.01	9.31	7.16
PTHR32118	2737.0	2663.26	1408.26	52.71	40.54
PTHR23117	6523.0	6301.78	441.11	19.68	15.13
PTHR23115	51513.84	49449.24	44755.41	1697.92	1305.98
PTHR11028	1789.0	1715.26	960.75	55.88	42.98
PTHR14140	1803.0	1655.52	64.0	7.46	5.73
PTHR12616	3046.57	2825.35	349.0	32.47	24.98
PTHR12613	2093.0	2019.26	317.0	15.66	12.04
PTHR12612	1084.0	1010.26	3071.0	303.77	233.65
PTHR32060	3168.16	2946.94	346.98	28.88	22.21
PTHR12124	2976.0	2533.64	72.0	16.24	12.5
PTHR22734	1347.0	1273.26	118.0	9.25	7.12
PTHR12121	12967.04	12303.41	1015.94	51.82	39.86
PTHR12438	6650.0	6428.79	1253.0	29.47	22.66
PTHR15492	631.0	557.26	29.0	5.22	4.01
PTHR21426	1014.0	866.61	16.0	3.33	2.56
PTHR21427	997.64	923.9	2286.94	247.45	190.33
PTHR13161	1246.0	1172.26	89.0	7.58	5.83
PTHR19372	1889.0	1815.26	388.0	21.32	16.4
PTHR19370	8754.46	8312.02	6933.6	453.51	348.82
PTHR19375	21601.16	20347.61	65600.65	1718.2	1321.57
PTHR12725	5417.0	5195.78	1547.7	69.67	53.58
PTHR13890	7927.57	7263.96	3550.76	199.6	153.52
PTHR22884	21993.06	21255.67	3108.96	86.84	66.79
PTHR12542	5258.36	5110.88	767.0	31.66	24.35
PTHR12547	1088.0	940.54	54.0	9.68	7.44
PTHR12436	6474.81	6327.33	5679.01	210.05	161.56
PTHR10114	432.0	358.27	22687.77	6368.83	4898.66
PTHR21512	1355.0	1133.91	32.0	8.37	6.44
PTHR30508	2049.03	1975.3	181.27	9.15	7.04
PTHR30502	811.91	738.17	101.0	13.69	10.53
PTHR10961	1136.0	988.53	23.0	4.25	3.27
PTHR10617	7469.0	7247.78	10547.27	420.62	323.53
PTHR10615	8498.0	8203.04	1904.03	59.19	45.53
PTHR13527	965.0	891.26	57.0	6.39	4.92
PTHR22958	2775.0	2701.26	10944.6	403.86	310.63
PTHR22951	3836.0	3688.52	791.98	41.63	32.02
PTHR22950	6723.0	6280.63	842.0	55.41	42.63
PTHR22953	5517.44	5369.96	29677.41	1048.65	806.58
PTHR22952	5924.53	5629.57	2539.0	149.07	114.68
PTHR22957	20749.29	19790.73	6588.03	337.64	259.69
PTHR21600	3627.0	3479.52	235.0	13.93	10.72
PTHR24056	19155.83	17976.15	2926.37	195.73	150.52
PTHR24054	3020.0	2946.26	1691.0	57.2	44.0
PTHR24055	32843.05	31810.73	8479.82	317.15	243.93
PTHR24058	14651.45	14209.02	4820.1	136.63	105.09
PTHR10766	7403.48	7182.26	8424.61	344.17	264.72
PTHR10762	758.0	684.26	19.0	2.78	2.14
PTHR12945	1381.0	1233.54	87.0	11.76	9.04
PTHR12944	1773.53	1699.79	1777.02	104.3	80.22
PTHR24128	13090.44	12574.26	2529.28	82.33	63.32
PTHR13096	945.0	871.26	146.0	16.76	12.89
PTHR11364	2523.54	2376.06	218.0	21.1	16.22
PTHR11365	3379.45	3231.97	429.44	27.62	21.24
PTHR10548	4395.35	4174.13	3944.38	224.94	173.01
PTHR11361	9309.73	8351.34	480.0	57.77	44.44
PTHR11814	7887.12	7665.9	3957.77	132.6	102.0
PTHR10543	4809.83	4441.15	330.0	32.88	25.29
PTHR10540	3404.0	3182.78	1267.23	116.99	89.98
PTHR12965	1882.0	1734.57	58.0	6.99	5.38
PTHR10544	926.0	778.55	37736.96	7754.03	5964.11
PTHR11562	4054.93	3833.71	338.09	26.25	20.19
PTHR11566	8637.06	8194.63	1889.02	91.79	70.6
PTHR11567	5701.58	5406.62	1193.88	72.02	55.4
PTHR11564	7713.48	7418.52	3298.59	128.65	98.96
PTHR11962	2499.87	2278.69	97.0	13.83	10.64
PTHR11963	4108.0	3960.52	541.0	28.95	22.28
PTHR24315	950.99	877.25	249.0	28.38	21.83
PTHR19376	13917.69	13548.99	2523.3	83.49	64.21
PTHR10381	14660.0	14143.83	6465.29	292.31	224.84
PTHR10383	1793.6	1719.9	1089.0	63.17	48.59
PTHR11705	3371.0	3223.52	1047.0	59.67	45.9
PTHR11702	8817.79	8301.72	841.25	68.12	52.39
PTHR11700	1360.06	1212.61	21887.04	4999.06	3845.09
PTHR10388	1275.0	1201.26	4809.9	399.88	307.57
PTHR11934	1406.0	1332.26	3159.91	236.8	182.13
PTHR10145	4817.28	4669.8	481.0	21.59	16.61
PTHR23273	4979.0	4684.04	337.0	27.41	21.08
PTHR23163	2297.7	2223.97	622.32	27.9	21.46
PTHR23050	26166.94	24913.45	23456.35	1554.15	1195.4
PTHR23056	3350.0	3276.26	1030.0	31.33	24.1
PTHR23054	939.27	791.83	62.0	16.82	12.94
PTHR11638	15729.74	15066.15	13095.18	487.6	375.03
PTHR11632	5756.38	5535.16	4701.71	150.59	115.83
PTHR23293	4910.0	4615.04	3705.05	172.22	132.46
PTHR11140	8052.0	7978.26	2795.0	34.88	26.83
PTHR11141	6405.0	6257.52	910.99	28.22	21.7
PTHR11142	6049.78	5386.26	139.0	20.61	15.85
PTHR11380	1647.0	1573.26	149.97	9.51	7.32
PTHR11384	6573.02	6351.8	1025.82	41.35	31.81
PTHR32477	3923.27	3702.05	165.0	12.59	9.68
PTHR14043	3297.0	2928.32	115.0	17.3	13.31
PTHR32472	1226.81	1153.09	120.03	10.4	8.0
PTHR31658	1720.0	1498.81	66.0	11.89	9.15
PTHR14269	9084.07	8715.37	2668.02	87.09	66.99
PTHR22883	12233.53	11717.35	11106.17	569.45	438.0
PTHR23125	38244.62	35885.4	3689.27	260.14	200.05
PTHR12050	2205.0	2131.26	1011.0	47.3	36.38
PTHR11035	996.0	922.26	288.67	31.29	24.07
PTHR22880	16525.98	15862.4	6100.75	295.76	227.5
PTHR14136	4137.0	3842.04	1629.76	154.18	118.59
PTHR23338	3373.0	3225.52	1307.0	76.47	58.82
PTHR12608	3504.34	3356.9	846.0	51.11	39.32
PTHR12604	2753.0	2458.05	66.1	11.43	8.78
PTHR12603	3288.0	3214.26	2326.43	72.13	55.48
PTHR32091	1284.0	1210.26	372.0	30.7	23.61
PTHR19853	1885.0	1737.55	63.0	4.64	3.57
PTHR32098	2546.0	2398.53	42.0	3.76	2.89
PTHR18763	2338.36	2264.62	295.0	12.99	9.99
PTHR22726	1001.43	927.73	220.0	23.7	18.23
PTHR22727	2522.0	2448.26	2767.98	112.71	86.69
PTHR12428	5919.86	5624.9	2394.94	132.47	101.89
PTHR18968	7318.01	6949.45	13614.47	472.28	363.26
PTHR12730	1723.0	1575.53	37.0	4.27	3.29
PTHR12736	1627.0	1553.26	65.0	4.18	3.21
PTHR12735	2866.0	2718.52	866.85	56.51	43.47
PTHR15020	5725.48	5430.52	668.99	35.07	26.97
PTHR12049	3682.18	3387.23	235.58	21.59	16.6
PTHR12558	4631.6	4262.92	284.0	30.01	23.09
PTHR12553	5515.7	5073.28	330.0	36.34	27.95
PTHR24072	1345.43	1271.7	199.0	15.62	12.02
PTHR24073	13017.11	12353.56	4465.63	293.38	225.65
PTHR21569	2697.0	2549.52	26077.24	2084.05	1602.97
PTHR10491	849.0	775.26	32.0	4.13	3.18
PTHR21567	7105.11	6883.89	1498.42	65.87	50.67
PTHR13950	786.0	712.26	25.0	3.51	2.7
PTHR12133	1559.0	1485.26	203.0	13.64	10.49
PTHR10972	1703.0	1629.26	395.96	24.25	18.65
PTHR21704	4443.0	4000.59	127.0	17.65	13.57
PTHR10606	4676.61	4455.39	928.12	49.75	38.27
PTHR10971	5454.0	5159.04	1325.0	74.94	57.64
PTHR22942	6687.07	6318.38	2152.12	114.86	88.34
PTHR13395	1755.0	1681.26	106.0	6.29	4.84
PTHR22891	3956.3	3661.49	1462.97	57.49	44.23
PTHR21368	3418.15	3270.67	1776.0	109.76	84.42
PTHR10778	7353.03	7131.81	1422.0	52.32	40.25
PTHR24064	10127.32	9684.88	9067.95	422.06	324.64
PTHR24063	6906.93	6538.34	1016.0	72.54	55.8
PTHR21011	1755.0	1681.26	1587.44	94.2	72.46
PTHR25040	12382.0	11865.82	3724.81	164.06	126.19
PTHR10774	38374.96	36679.05	8510.33	560.94	431.47
PTHR24068	3728.0	3580.52	6343.19	389.35	299.47
PTHR12959	1654.05	1580.31	444.0	28.03	21.56
PTHR24115	61116.88	57503.91	16619.86	880.35	677.16
PTHR11825	5541.0	5393.52	931.34	22.64	17.42
PTHR11822	2612.49	2538.75	3694.02	145.05	111.57
PTHR10555	10085.44	9790.48	5185.28	164.3	126.36
PTHR10806	1066.0	992.26	557.0	56.1	43.15
PTHR10804	12903.26	12387.09	3313.29	159.66	122.8
PTHR11556	6293.0	6071.78	7958.83	468.52	360.36
PTHR11558	3036.0	2888.52	186.0	12.51	9.62
PTHR13773	2066.9	1993.16	2133.0	106.73	82.09
PTHR20275	5270.0	4975.09	1064.91	54.09	41.6
PTHR11953	2646.54	2499.06	615.0	52.75	40.57
PTHR11952	5034.5	4813.54	370.0	22.86	17.59
PTHR11956	2090.0	1942.52	281.0	30.06	23.12
PTHR11959	2576.0	2502.26	1060.92	42.27	32.51
PTHR11739	3971.0	3823.52	2416.87	119.86	92.2
PTHR11732	24335.74	23008.56	4502.56	243.27	187.08
PTHR11731	7340.82	6824.69	381.87	33.29	25.61
PTHR11730	13038.16	12521.98	6281.06	229.98	176.9
PTHR11735	2375.0	2080.11	96.0	20.57	15.82
PTHR10394	731.0	657.26	49084.1	7478.08	5751.86
PTHR20941	2719.0	2571.52	385.0	23.49	18.07
PTHR10150	2280.0	2132.52	186.0	13.72	10.55
PTHR31065	6421.19	6199.97	2153.87	86.98	66.9
PTHR10159	9366.08	8776.24	1678.32	111.82	86.01
PTHR31066	1881.0	1733.53	484.99	38.9	29.92
PTHR13604	649.0	575.26	14.0	2.44	1.88
PTHR23264	1340.0	1266.26	71.0	5.6	4.31
PTHR23269	1756.0	1682.26	84.94	5.04	3.87
PTHR31204	1427.0	1353.26	216.0	15.93	12.26
PTHR31201	2676.93	2603.19	236.94	9.07	6.98
PTHR31209	1911.0	1763.52	99.0	10.79	8.3
PTHR11607	2188.05	2040.8	210.06	21.88	16.83
PTHR11606	4926.0	4778.52	5319.73	211.92	163.01
PTHR11601	4840.55	4471.88	514.0	43.64	33.57
PTHR32467	6418.45	5902.39	393.0	29.65	22.81
PTHR14255	1160.0	1012.53	51.0	9.56	7.35
PTHR31840	2722.0	2648.26	1006.83	37.9	29.15
PTHR23130	6153.69	6006.22	2197.44	72.6	55.84
PTHR23133	1005.0	931.26	215.0	23.08	17.75
PTHR23135	4134.0	4060.26	664.12	16.29	12.53
PTHR23138	4295.0	4221.26	1831.8	43.23	33.25
PTHR23139	14230.47	13566.88	3316.25	175.82	135.24
PTHR31682	1747.61	1673.89	3095.33	184.48	141.9
PTHR11040	4595.24	4374.07	374.0	29.01	22.31
PTHR11043	2830.87	2683.39	1666.0	117.89	90.68
PTHR11042	4912.12	4543.46	464.0	31.47	24.19
PTHR11048	5618.89	5397.67	1644.0	77.25	59.41
PTHR15818	1126.0	978.59	54.0	11.6	8.92
PTHR12636	2737.0	2663.26	1526.68	57.14	43.95
PTHR12126	2987.0	2839.52	2721.95	175.24	134.79
PTHR14490	2969.82	2822.34	159.0	10.55	8.12
PTHR14493	13671.04	13302.34	11274.43	299.69	230.51
PTHR15651	1277.0	1129.52	72.0	13.47	10.36
PTHR12380	3628.23	3407.01	3453.09	219.6	168.91
PTHR12385	5671.0	5449.78	5493.87	226.4	174.14
PTHR12706	6920.0	6256.37	297.0	38.74	29.8
PTHR12709	1376.4	1302.66	381.0	29.2	22.46
PTHR19957	7987.22	7618.53	5001.24	222.78	171.35
PTHR30239	1621.0	1547.26	215.01	13.87	10.67
PTHR12560	8015.98	7573.7	2302.01	150.59	115.83
PTHR11203	9766.69	9398.0	1618.04	66.96	51.51
PTHR12770	8110.98	7595.08	1324.73	99.34	76.4
PTHR12097	4303.0	4155.52	482.0	21.78	16.76
PTHR11752	15059.65	14027.36	2798.15	168.54	129.64
PTHR21576	2565.0	2270.14	134.0	20.15	15.51
PTHR24423	11510.64	10773.32	1223.0	96.5	74.22
PTHR10046	3624.0	3402.78	422.0	34.57	26.59
PTHR12419	6362.46	6067.52	2008.0	100.54	77.34
PTHR30525	2789.0	2715.26	802.0	29.44	22.65
PTHR12412	3450.78	3229.58	350.0	29.52	22.7
PTHR12411	22313.65	21281.35	34364.64	1248.49	960.3
PTHR24420	23824.27	22570.85	2668.15	111.23	85.55
PTHR10947	2225.0	2151.26	354.12	16.41	12.63
PTHR21717	1984.0	1910.26	369.0	19.27	14.82
PTHR10943	8263.09	8115.61	2142.0	47.15	36.26
PTHR12897	1012.0	864.54	50.0	11.03	8.48
PTHR12894	4332.0	4110.85	2407.97	82.96	63.82
PTHR12891	339.0	265.31	4.0	1.52	1.17
PTHR22976	4648.0	4353.04	215.0	21.89	16.83
PTHR22975	4363.0	4141.79	418.01	32.04	24.65
PTHR22970	843.0	769.26	57.09	7.43	5.71
PTHR20922	5081.95	4860.74	1748.73	93.79	72.13
PTHR21377	1829.0	1681.52	667.17	88.66	68.2
PTHR21371	2616.0	2542.26	7311.28	286.69	220.51
PTHR21373	2512.74	2217.82	105.0	17.33	13.33
PTHR22573	10222.0	9853.3	2995.05	130.24	100.18
PTHR22572	16086.33	15422.69	9030.05	391.7	301.28
PTHR30566	5794.78	5647.3	348.0	20.11	15.46
PTHR21000	2589.0	2515.26	1277.0	50.61	38.93
PTHR10701	1849.0	1775.26	967.64	54.38	41.82
PTHR30031	3594.03	3446.55	13308.95	497.44	382.61
PTHR13162	9193.0	8971.78	2467.1	82.25	63.26
PTHR13165	4217.88	4144.14	2272.95	54.64	42.03
PTHR21396	738.0	664.26	518.0	78.08	60.06
PTHR13069	3976.32	3607.68	430.0	41.61	32.01
PTHR13068	669.61	595.88	221.0	37.16	28.58
PTHR24106	19137.08	17883.6	1770.91	126.01	96.94
PTHR24103	3028.0	2806.88	123.0	16.62	12.78
PTHR11540	2431.0	2357.26	3413.85	144.39	111.06
PTHR10836	7089.0	6646.6	32450.34	1534.31	1180.14
PTHR10835	1902.0	1828.26	190.0	10.37	7.97
PTHR11545	2364.0	2142.79	11873.69	1898.15	1459.98
PTHR10012	2053.16	1979.42	336.99	16.98	13.06
PTHR13768	1175.0	1101.26	118.0	10.7	8.23
PTHR24078	11474.39	10589.58	697.0	67.96	52.26
PTHR11946	19462.81	18872.95	3354.53	133.47	102.66
PTHR11947	2225.57	2078.09	487.0	33.42	25.71
PTHR11941	7088.03	6793.07	1752.93	107.74	82.86
PTHR10497	567.0	493.26	24041.08	4889.35	3760.7
PTHR10496	528.0	454.26	19631.67	4337.94	3336.58
PTHR24076	15892.01	14933.43	2974.23	180.31	138.7
PTHR24077	28326.16	26925.1	10752.59	578.5	444.98
PTHR11728	8029.0	7807.78	3113.01	105.27	80.96
PTHR11726	2805.0	2657.56	42998.31	1801.11	1385.35
PTHR11727	1552.0	1478.26	102.0	6.89	5.3
PTHR11721	323.0	249.34	4.0	1.62	1.25
PTHR11722	776.0	702.26	29609.88	4220.54	3246.28
PTHR10120	3149.4	3001.92	705.28	48.58	37.36
PTHR10122	1333.0	1259.26	3527.32	279.7	215.14
PTHR11451	8714.0	8271.56	2219.24	109.52	84.25
PTHR11831	3496.0	3274.78	26884.94	4399.34	3383.79
PTHR11835	6271.0	6049.78	2885.99	153.15	117.8
PTHR11614	9494.88	9052.44	7010.33	406.24	312.47
PTHR11615	5825.29	5604.21	2176.51	89.28	68.68
PTHR11618	2301.0	2227.26	165.0	7.39	5.68
PTHR32419	3363.99	3216.52	1421.0	79.86	61.43
PTHR10231	1743.68	1669.94	336.0	20.07	15.44
PTHR10233	5012.0	4717.06	496.52	40.16	30.89
PTHR31503	5987.16	5692.27	1307.02	74.18	57.05
PTHR23147	2910.76	2763.28	4970.73	352.5	271.13
PTHR23140	2273.0	2125.53	324.0	32.0	24.61
PTHR23142	3145.55	2998.07	1638.84	94.49	72.67
PTHR23149	7485.62	7338.14	1207.17	24.54	18.87
PTHR23148	1395.58	1321.84	304.0	22.96	17.66
PTHR11817	5650.25	5502.77	2897.51	126.8	97.53
PTHR11056	4765.0	4691.26	3358.77	71.32	54.85
PTHR11055	6318.0	6096.78	4537.63	176.26	135.56
PTHR11363	1441.0	1367.26	97386.93	7110.53	5469.16
PTHR32523	7581.0	7286.05	605.0	26.96	20.73
PTHR31695	1779.96	1706.22	401.0	23.45	18.03
PTHR11819	7590.3	7295.34	1644.86	118.34	91.02
PTHR22765	3295.21	3221.47	191.01	5.91	4.54
PTHR12629	1696.0	1622.26	365.0	22.45	17.27
PTHR18945	3638.8	3417.58	244.0	19.54	15.03
PTHR26402	18385.0	17647.63	3310.34	150.52	115.76
PTHR19384	7625.9	7183.46	5048.04	287.51	221.15
PTHR12714	6107.05	5885.83	1756.0	92.19	70.91
PTHR32251	4050.19	3902.71	854.0	41.94	32.26
PTHR12570	7371.68	7076.72	2993.34	174.03	133.87
PTHR21494	1178.0	1030.55	21.0	4.07	3.13
PTHR21145	1284.64	1210.9	191.01	15.75	12.12
PTHR21496	3420.65	3199.43	3384.6	348.45	268.01
PTHR21493	25000.15	23672.97	4148.17	175.66	135.08
PTHR21499	4482.46	4335.01	1926.08	80.05	61.57
PTHR21148	1449.0	1301.52	63.0	11.8	9.08
PTHR12083	2183.98	2036.51	1314.03	88.67	68.19
PTHR13355	2697.0	2549.52	339.0	18.39	14.15
PTHR30535	685.0	611.26	6.0	0.98	0.76
PTHR19852	2499.0	2425.26	463.0	19.03	14.64
PTHR12406	12525.61	12083.17	5668.42	164.39	126.44
PTHR16128	2444.33	2223.14	461.0	48.5	37.31
PTHR12400	3052.0	2978.26	741.0	24.8	19.07
PTHR12403	2728.0	2580.52	1580.0	114.43	88.02
PTHR13572	1481.51	1407.77	740.0	52.47	40.36
PTHR30314	4067.0	3919.52	622.04	30.4	23.38
PTHR12882	1887.0	1813.26	283.01	15.57	11.98
PTHR12883	1540.0	1466.26	198.02	13.48	10.37
PTHR16255	4094.0	3725.32	322.0	35.64	27.41
PTHR16254	6561.0	6266.04	617.0	43.54	33.49
PTHR22960	1799.0	1651.52	61.0	7.01	5.39
PTHR13373	1275.0	1127.53	67.0	10.82	8.32
PTHR22967	3311.51	3090.3	484.95	47.2	36.31
PTHR19858	1175.0	1101.26	85.0	7.71	5.93
PTHR30222	1348.0	1274.26	55.0	4.31	3.31
PTHR13115	1733.0	1659.26	165.0	9.92	7.63
PTHR13117	538.0	464.26	9.0	1.95	1.5
PTHR12975	3982.61	3613.97	200.0	24.32	18.72
PTHR13285	1664.07	1516.59	105.0	14.46	11.12
PTHR13288	3467.59	3320.12	467.01	27.57	21.21
PTHR10953	17211.75	16400.61	3337.73	115.32	88.7
PTHR10954	533.0	459.26	5.0	1.09	0.84
PTHR21726	1892.0	1818.26	1713.1	93.98	72.29
PTHR10956	900.0	752.54	23148.2	5825.69	4480.9
PTHR11538	2368.0	2294.26	590.0	25.64	19.72
PTHR10826	2397.0	2323.26	1435.0	61.58	47.37
PTHR11533	6968.71	6452.59	668.05	58.03	44.64
PTHR11532	939.0	791.54	9.0	2.28	1.75
PTHR10000	1999.0	1851.52	151.0	16.3	12.53
PTHR13021	1324.98	1251.24	823.42	65.71	50.54
PTHR11706	2059.07	1911.82	156.0	16.3	12.54
PTHR24007	4124.5	3903.28	1267.08	73.12	56.25
PTHR24003	24156.08	22755.56	3313.3	156.37	120.26
PTHR31446	2020.01	1872.53	145.0	16.71	12.85
PTHR31442	1879.87	1806.14	251.96	13.91	10.7
PTHR11441	1002.0	928.26	59.0	6.35	4.89
PTHR11440	3160.17	2865.28	225.0	21.56	16.59
PTHR11999	10591.65	10370.44	13058.94	287.59	221.21
PTHR11449	515.73	441.99	23090.27	5244.88	4034.17
PTHR11994	980.0	832.64	27185.3	4545.06	3495.89
PTHR10137	2422.0	2348.26	581.0	24.67	18.97
PTHR10133	3773.0	3330.62	162.0	21.39	16.46
PTHR13620	4821.07	4452.52	1047.32	75.55	58.11
PTHR11847	390.0	316.28	1.0	0.32	0.24
PTHR11843	699.0	625.26	25609.91	4102.59	3155.56
PTHR11661	5502.62	5281.4	29655.45	4899.94	3768.85
PTHR11662	24570.4	23464.38	5140.48	269.06	206.95
PTHR11669	7593.34	7298.39	1881.6	91.55	70.41
PTHR11668	14909.15	14392.98	4327.84	193.36	148.73
PTHR20856	7320.0	6730.15	359.99	39.01	30.02
PTHR20854	7165.22	6649.07	969.01	70.65	54.33
PTHR20855	3318.0	3170.52	320.0	20.84	16.03
PTHR20852	6546.57	6030.41	9533.78	516.03	396.91
PTHR32404	4495.81	4274.59	1904.0	83.29	64.06
PTHR20858	1733.0	1438.16	15.0	4.27	3.28
PTHR30603	5894.0	5746.52	2756.5	89.01	68.46
PTHR11709	3217.27	3143.53	1284.0	40.7	31.31
PTHR14237	5220.03	4851.4	338.0	31.3	24.07
PTHR10738	1197.0	1049.53	19.0	3.65	2.81
PTHR11143	1041.0	967.26	30239.56	3124.72	2403.42
PTHR23155	21884.95	20410.27	5714.76	380.27	292.47
PTHR23153	6362.0	5919.56	2437.98	128.28	98.66
PTHR23151	10876.39	10360.23	3476.02	211.21	162.45
PTHR11063	5769.18	5547.96	386.96	23.43	18.02
PTHR11062	45125.51	43355.8	22470.77	818.49	629.54
PTHR11061	8801.86	8285.69	472.07	41.85	32.19
PTHR11065	5540.4	5392.92	3328.93	172.82	132.93
PTHR11064	2836.0	2614.78	609.0	63.44	48.8
PTHR11260	12394.18	11878.19	3672.47	215.69	165.91
PTHR11264	885.49	811.75	99.0	12.2	9.38
PTHR11266	13188.72	12672.54	6976.0	328.41	252.6
PTHR31998	3479.0	3405.26	6560.08	191.96	147.65
PTHR31221	2766.0	2692.26	1122.0	41.54	31.95
PTHR15838	1064.0	916.52	67.0	14.53	11.18
PTHR32338	2168.0	2094.26	886.0	42.19	32.45
PTHR23270	4602.58	4012.85	212.0	33.85	26.03
PTHR31155	4289.0	4141.52	7794.75	365.21	280.9
PTHR12363	3558.0	3115.57	141.0	26.01	20.0
PTHR18952	4631.46	4410.24	3883.86	235.44	181.08
PTHR12765	1976.09	1754.96	232.0	36.3	27.92
PTHR12505	2087.0	1939.52	1477.86	128.22	98.62
PTHR22603	3448.21	3227.01	373.0	30.06	23.12
PTHR22604	1585.29	1437.82	107.0	14.38	11.06
PTHR21481	2646.71	2499.31	340.87	26.9	20.69
PTHR22778	4884.0	4515.32	192.0	17.13	13.16
PTHR12169	2715.0	2346.45	74.0	14.61	11.25
PTHR19446	11694.63	10957.31	7454.55	263.99	203.06
PTHR12219	1060.58	986.85	129.0	13.06	10.05
PTHR13561	3187.26	3039.78	232.0	11.9	9.14
PTHR13563	1376.0	1228.52	36.0	5.75	4.42
PTHR12210	15394.22	14878.25	4952.99	205.96	158.41
PTHR12215	2187.0	2039.52	94.99	10.64	8.18
PTHR12214	793.0	719.26	15.0	2.09	1.61
PTHR22915	12410.83	11747.18	2245.3	137.39	105.69
PTHR22911	2454.19	2232.98	155.9	17.34	13.33
PTHR22912	15109.61	14593.43	6906.61	266.05	204.63
PTHR12497	2124.0	1976.59	112.0	8.87	6.82
PTHR12183	4806.0	4584.87	863.0	41.37	31.82
PTHR19849	2539.28	2391.8	152.0	12.68	9.76
PTHR31783	654.0	580.26	12.0	2.07	1.59
PTHR22594	8329.45	8034.49	2194.78	97.65	75.1
PTHR21152	5916.0	5768.52	8391.6	308.53	237.3
PTHR23291	833.0	759.26	811.8	106.98	82.29
PTHR13102	1440.0	1366.26	135.0	9.86	7.59
PTHR12984	3680.35	3385.57	220.0	20.21	15.55
PTHR12001	3768.0	3620.52	1861.99	98.18	75.52
PTHR11630	16335.72	15524.61	2353.09	130.74	100.56
PTHR12302	3984.0	3836.52	1396.53	63.82	49.08
PTHR13299	1847.0	1773.26	541.0	30.44	23.41
PTHR12652	2089.19	2015.45	547.02	27.07	20.82
PTHR10925	2509.0	2214.09	76.0	14.06	10.82
PTHR21737	1826.0	1604.82	123.0	18.18	13.98
PTHR10920	5205.61	4836.92	629.0	66.77	51.35
PTHR10855	1581.0	1507.26	290.0	19.2	14.77
PTHR10584	21685.26	20726.65	5347.22	258.56	198.88
PTHR11528	9311.9	8943.21	62852.41	2283.28	1756.21
PTHR11527	3064.6	2843.4	7483.98	568.57	437.31
PTHR11525	2837.09	2763.35	277.0	9.99	7.68
PTHR10859	3234.49	3087.01	460.0	28.71	22.08
PTHR10589	1032.89	959.2	202.39	21.08	16.22
PTHR10588	25835.61	24508.67	3950.42	223.15	171.64
PTHR13038	1606.0	1458.52	69.0	9.45	7.28
PTHR13748	12165.94	11723.51	3032.88	117.63	90.5
PTHR13743	1858.0	1710.52	82.0	9.73	7.48
PTHR24015	21262.57	20377.71	4427.18	208.99	160.75
PTHR24012	25179.72	24000.04	33940.65	1938.86	1491.29
PTHR24011	33481.06	32153.89	25599.69	935.27	719.36
PTHR31187	2906.0	2832.26	5516.03	194.11	149.31
PTHR10459	771.0	623.66	5.0	1.64	1.27
PTHR10458	1384.81	1311.07	58.0	4.42	3.4
PTHR10108	43991.96	42074.78	21681.94	640.87	492.94
PTHR11986	12030.0	11292.62	1931.01	116.71	89.76
PTHR11455	6699.0	6182.95	593.0	39.52	30.4
PTHR10102	1369.62	1222.16	367.23	41.36	31.81
PTHR11458	1866.24	1792.5	4669.41	259.86	199.87
PTHR10106	990.0	916.26	79.0	8.62	6.63
PTHR31057	1350.47	1203.04	85.56	11.57	8.89
PTHR21141	4295.93	3927.36	69769.0	12240.82	9415.18
PTHR11851	26028.97	24554.3	3879.84	186.84	143.71
PTHR23092	3575.47	3280.53	560.74	46.43	35.71
PTHR23091	15853.24	15042.21	1449.01	95.35	73.37
PTHR11673	1190.0	1116.26	17394.78	1556.66	1197.33
PTHR11670	8986.77	8765.55	12166.62	423.85	326.01
PTHR11671	1262.0	1188.26	755.0	63.46	48.81
PTHR20863	4740.03	4518.81	6937.78	509.54	391.91
PTHR20861	4330.43	4182.95	552.07	26.59	20.45
PTHR11679	9863.83	9568.94	2058.0	93.8	72.15
PTHR14009	3921.62	3700.41	2201.95	168.19	129.37
PTHR10217	24399.09	22924.55	1662.54	94.45	72.67
PTHR14005	3923.0	3849.26	1301.15	33.68	25.9
PTHR10210	2034.96	1961.22	267.0	13.58	10.44
PTHR31522	1829.22	1755.48	414.59	23.56	18.12
PTHR14221	2202.03	2054.55	842.89	74.38	57.2
PTHR11079	4890.13	4521.46	254.51	22.54	17.33
PTHR11076	7388.91	6578.32	2769.08	193.29	148.7
PTHR11070	2208.0	1986.86	59.0	7.32	5.63
PTHR11071	27127.71	25284.45	5782.02	391.94	301.44
PTHR11278	1788.0	1566.93	23197.08	2289.88	1761.3
PTHR11276	778.0	704.26	14.0	1.99	1.53
PTHR11274	2287.0	2139.52	113.0	10.01	7.69
PTHR31984	4635.05	4414.05	2546.16	145.63	112.01
PTHR15350	2639.8	2492.32	637.4	52.33	40.25
PTHR15606	3825.45	3530.49	517.99	42.99	33.06
PTHR12374	2378.0	2304.26	258.0	11.16	8.59
PTHR12375	1216.17	1142.43	1000.0	87.43	67.25
PTHR12378	6376.71	6081.75	1486.33	82.45	63.41
PTHR18929	12737.0	12220.82	9604.74	775.83	596.73
PTHR13976	8040.96	7819.74	5459.81	199.25	153.26
PTHR12777	2422.02	2348.28	2852.27	121.1	93.14
PTHR12775	5545.11	5397.63	1277.0	46.93	36.1
PTHR16092	432.0	358.27	5.0	1.4	1.08
PTHR19211	20360.88	19328.65	134485.0	3399.11	2614.45
PTHR22298	969.44	895.71	287.97	32.14	24.72
PTHR12174	3607.0	3459.52	433.0	29.44	22.65
PTHR12175	2156.53	2009.05	516.0	49.97	38.44
PTHR12176	6454.16	6159.21	1448.51	99.76	76.75
PTHR22769	13358.98	12842.81	4564.26	297.46	228.81
PTHR22767	1297.75	1224.01	193.0	15.75	12.11
PTHR22762	3781.0	3707.26	1716.88	46.14	35.49
PTHR22763	560.0	486.26	62.0	12.79	9.84
PTHR22761	5489.45	5268.24	5666.98	285.82	219.84
PTHR21231	2122.0	2048.26	1495.0	72.79	55.99
PTHR21230	3742.06	3594.58	1212.0	69.8	53.69
PTHR21234	2677.0	2455.78	183.0	22.83	17.56
PTHR21237	3448.0	3300.52	2696.68	203.81	156.76
PTHR12202	1636.0	1414.92	47.0	7.73	5.95
PTHR12203	36495.1	34430.44	7922.06	458.07	352.35
PTHR19857	1038.83	965.25	126.97	13.15	10.11
PTHR22904	21317.57	19769.12	6476.66	344.72	265.16
PTHR19855	2351.57	2277.83	151.0	6.61	5.08
PTHR13353	4144.56	3923.34	626.33	35.14	27.04
PTHR12197	12331.32	11446.55	2334.11	144.02	110.78
PTHR11932	8088.0	7793.05	2474.01	72.8	56.01
PTHR13822	1954.0	1880.26	2235.86	118.61	91.23
PTHR13138	2187.0	2039.52	128.0	14.02	10.78
PTHR10732	1058.0	984.26	21604.76	2193.76	1687.36
PTHR10739	1637.0	1563.26	273.0	17.43	13.4
PTHR12992	2385.22	2311.48	411.87	17.77	13.66
PTHR22838	2686.0	2464.78	236.0	25.47	19.59
PTHR22881	5400.36	5252.88	1032.0	48.97	37.67
PTHR22836	1456.0	1382.26	99.0	7.15	5.5
PTHR10693	3635.0	3561.26	2021.21	56.55	43.5
PTHR10938	1521.0	1373.52	202.0	30.72	23.62
PTHR13375	3945.06	3871.32	918.93	23.65	18.19
PTHR10934	1209.0	1061.53	11616.97	1740.79	1338.95
PTHR11510	2895.0	2821.26	10747.92	379.71	292.06
PTHR11516	6459.0	6164.05	2848.0	117.22	90.16
PTHR10025	3962.31	3741.1	662.99	54.09	41.6
PTHR10026	13029.83	12661.13	8754.9	232.32	178.69
PTHR10027	1482.12	1334.64	67.0	9.9	7.61
PTHR13009	3338.01	3116.79	899.05	84.04	64.64
PTHR13007	2571.0	2497.26	571.0	22.79	17.53
PTHR30115	2506.0	2358.52	389.0	20.82	16.02
PTHR10598	2155.8	2082.06	3307.87	158.44	121.86
PTHR17901	1713.64	1639.91	107.0	6.51	5.01
PTHR24351	13660.0	13438.78	3308.39	70.4	54.14
PTHR20981	1064.0	916.53	17246.71	3036.48	2335.54
PTHR20982	1959.0	1811.52	471.0	50.29	38.67
PTHR24352	8199.66	7978.44	2874.0	95.68	73.59
PTHR11467	1894.17	1820.43	1468.0	80.44	61.87
PTHR10119	9142.94	8921.72	4820.54	166.92	128.39
PTHR10110	7001.0	6411.11	229.0	24.97	19.2
PTHR11469	3504.0	3430.26	3139.74	91.2	70.15
PTHR11863	5462.0	5314.52	2307.88	71.03	54.64
PTHR24286	9982.41	9539.97	2488.94	119.13	91.63
PTHR11864	4602.0	4380.78	860.0	46.78	35.99
PTHR23426	4832.0	4537.04	2762.6	213.69	164.37
PTHR10593	3110.51	2963.03	498.0	27.06	20.82
