GeneFamily	length	effective_length	expected_count	TPM	FPKM
PTHR11649	19644.93	19009.67	5552.4	259.3	199.37
PTHR31089	793.0	750.65	73.29	5.87	4.52
PTHR31085	5319.17	5107.42	811.0	44.72	34.38
PTHR11647	3233.14	3148.43	727.0	27.17	20.89
PTHR11645	1330.29	1287.94	1503.0	69.92	53.76
PTHR11885	2326.0	2283.65	16163.63	423.14	325.31
PTHR10209	9630.6	9334.15	2593.22	84.02	64.6
PTHR32429	4907.0	4779.95	19054.28	602.11	462.91
PTHR31423	605.0	562.65	235.0	25.2	19.38
PTHR31551	787.0	744.65	215.0	17.37	13.36
PTHR32195	2088.0	2003.3	310.98	19.02	14.62
PTHR11081	4979.0	4809.61	189.0	8.55	6.57
PTHR11080	5471.73	5302.37	1190.0	54.45	41.87
PTHR11082	10098.75	9802.27	2524.9	103.36	79.46
PTHR11085	7603.09	7349.05	2229.99	95.08	73.1
PTHR11089	7593.15	7169.7	1215.0	95.94	73.77
PTHR32518	6548.9	6421.84	8004.27	169.56	130.36
PTHR11247	4607.0	4479.95	2265.87	57.43	44.14
PTHR11246	6552.07	6425.02	2616.88	64.57	49.64
PTHR32512	3508.15	3381.12	665.71	36.0	27.68
PTHR23088	6098.66	5971.6	2722.06	83.07	63.86
PTHR23089	4269.26	4142.21	1394.71	43.64	33.55
PTHR23081	2820.36	2650.96	251.0	22.57	17.35
PTHR23083	38584.38	37398.68	5997.62	245.6	188.8
PTHR23084	7541.77	7203.0	969.01	39.75	30.56
PTHR23086	9346.45	9134.7	4791.91	132.61	101.96
PTHR18806	5177.1	5092.4	4200.02	95.52	73.43
PTHR11880	2798.0	2713.3	15332.97	725.05	557.42
PTHR31953	7714.3	7333.17	910.0	59.34	45.6
PTHR15184	9501.09	9289.34	20782.67	487.99	375.16
PTHR15341	647.21	604.86	76.0	7.58	5.82
PTHR32357	1332.68	1205.64	425.0	64.17	49.34
PTHR15169	2392.96	2308.25	805.98	37.92	29.15
PTHR12341	10767.23	10386.08	1227.36	59.11	45.44
PTHR15160	2294.14	2209.42	2070.0	89.0	68.41
PTHR18937	19416.32	18950.49	3838.0	95.47	73.37
PTHR18934	22031.88	21142.62	4628.97	198.9	152.91
PTHR10997	15501.73	15035.86	5364.01	214.45	164.87
PTHR12742	4383.33	4256.28	2141.0	88.12	67.76
PTHR12741	1313.0	1270.65	231.0	10.9	8.38
PTHR16557	918.0	875.65	18.0	1.24	0.95
PTHR19288	7331.3	7119.54	691.0	30.71	23.61
PTHR13902	6453.62	6199.52	2175.05	97.95	75.31
PTHR13903	2109.45	2024.83	382.0	28.99	22.28
PTHR22753	7522.0	7394.95	1159.0	27.6	21.21
PTHR22939	22785.2	22192.29	6335.89	220.54	169.55
PTHR16266	2557.18	2430.15	103.0	7.58	5.83
PTHR30612	3209.99	3125.34	1132.98	27.98	21.51
PTHR22932	1231.0	1188.65	1527.99	77.07	59.25
PTHR22931	13201.69	13032.28	89049.68	2409.23	1852.22
PTHR12233	4359.0	4316.65	2041.0	28.22	21.7
PTHR10993	1010.61	968.26	69.0	4.28	3.29
PTHR31038	998.0	955.65	644.0	40.46	31.11
PTHR13832	67141.33	65870.84	32355.74	663.93	510.43
PTHR21139	1812.0	1769.65	4840.98	163.69	125.84
PTHR21136	7992.58	7696.16	4284.01	184.33	141.71
PTHR12526	57192.99	55922.58	17609.26	465.86	358.15
PTHR13120	1814.0	1771.65	991.0	33.47	25.73
PTHR22809	2113.29	2028.58	82.0	4.92	3.78
PTHR22807	7399.76	7060.95	928.0	46.18	35.5
PTHR20661	1817.26	1690.22	186.0	18.83	14.47
PTHR10900	4753.14	4668.44	1172.0	27.05	20.79
PTHR10906	5723.0	5595.95	2814.63	64.03	49.22
PTHR10909	16186.29	15805.25	11695.01	433.13	332.99
PTHR10055	1434.0	1391.65	346.0	14.89	11.45
PTHR10057	4822.59	4653.17	3589.03	192.58	148.07
PTHR10052	948.0	905.65	22991.38	1524.88	1172.34
PTHR13017	1210.0	1167.65	86.0	4.42	3.4
PTHR13018	17137.8	16756.64	4131.87	93.19	71.65
PTHR10694	9294.65	8871.15	1452.0	91.38	70.27
PTHR12839	3126.18	2999.11	542.09	32.52	25.0
PTHR12835	3635.0	3507.95	880.0	41.15	31.64
PTHR24031	73253.43	70755.03	81203.76	2723.32	2093.7
PTHR24032	1330.0	1245.3	74.0	7.26	5.58
PTHR24349	48358.26	47087.85	34249.55	743.28	571.45
PTHR24619	2714.97	2587.95	663.0	57.45	44.17
PTHR24343	28731.1	27841.78	19077.29	600.57	461.7
PTHR11472	8427.63	8131.35	885.2	40.05	30.78
PTHR11476	983.0	940.65	91.0	5.81	4.47
PTHR11477	1289.08	1204.37	136.0	11.42	8.77
PTHR24305	13900.3	13434.45	4823.89	215.83	165.94
PTHR10476	3716.0	3631.3	2404.17	79.15	60.85
PTHR11538	4773.0	4688.3	5571.96	156.45	120.28
PTHR24290	5623.64	5454.27	1281.0	30.86	23.73
PTHR23413	1226.51	1141.81	29889.67	2334.56	1794.83
PTHR23417	1881.19	1796.47	325.0	22.85	17.57
PTHR23415	1625.0	1582.65	184.0	6.96	5.35
PTHR10871	1421.0	1336.3	27993.32	2491.32	1915.35
PTHR10877	6193.26	5897.06	736.0	28.96	22.27
PTHR11879	6201.09	6074.06	10716.61	271.31	208.59
PTHR24316	9516.7	9262.6	12506.24	475.18	365.32
PTHR31096	6843.08	6716.01	1152.99	26.89	20.67
PTHR31098	6111.0	6026.3	4536.45	85.42	65.68
PTHR11655	3231.61	3104.56	27343.83	1938.08	1490.01
PTHR11652	1951.0	1823.95	24657.73	2439.7	1875.65
PTHR10436	8747.89	8366.74	1093.48	69.93	53.76
PTHR20883	6227.5	6058.09	1217.03	44.35	34.1
PTHR11895	9879.9	9625.82	5009.37	109.6	84.28
PTHR10277	6808.29	6723.58	7682.09	147.6	113.48
PTHR14027	2376.23	2333.88	1166.99	29.89	22.98
PTHR12049	4742.17	4572.78	678.0	38.33	29.48
PTHR24095	7907.22	7610.82	44469.72	896.83	689.5
PTHR23180	9340.03	9001.28	7636.4	249.9	192.12
PTHR14593	3170.79	3043.75	561.0	29.54	22.72
PTHR11093	2398.68	2356.33	1295.0	32.85	25.26
PTHR11096	2135.6	2050.9	315.0	21.31	16.38
PTHR23346	8898.66	8771.61	1912.0	31.45	24.19
PTHR10309	2059.0	2016.65	1463.0	43.39	33.36
PTHR11252	2360.63	2275.97	1255.0	68.03	52.31
PTHR11254	19784.84	19149.61	5653.03	189.3	145.54
PTHR11255	4284.0	4199.3	1430.95	36.48	28.04
PTHR14110	5033.0	4863.6	4879.99	209.11	160.76
PTHR14374	1623.0	1580.65	83.0	3.14	2.42
PTHR18838	2143.73	2101.37	1500.01	42.69	32.82
PTHR12687	3312.31	3227.64	388.0	10.63	8.17
PTHR15157	4956.26	4744.57	1223.0	57.85	44.49
PTHR18901	10662.31	10365.94	6220.2	164.11	126.16
PTHR12755	810.0	767.65	67.0	5.25	4.04
PTHR12750	7028.0	6646.86	1070.01	90.05	69.26
PTHR12753	1132.0	1089.65	318.0	17.51	13.46
PTHR15574	6951.62	6612.92	1147.01	64.56	49.65
PTHR24007	1664.0	1579.3	143.0	10.26	7.88
PTHR13931	8111.64	7899.88	1537.0	61.7	47.45
PTHR31811	1601.0	1516.3	107.0	8.48	6.53
PTHR12358	4856.73	4602.73	328.0	24.6	18.91
PTHR22748	3752.93	3583.53	597.13	37.56	28.88
PTHR12356	3120.0	2993.0	78.0	3.74	2.88
PTHR12221	1652.89	1568.2	412.0	28.12	21.62
PTHR12226	1327.0	1284.65	1604.16	74.83	57.53
PTHR19876	5525.0	5397.95	4666.0	142.54	109.58
PTHR19877	2683.0	2598.3	21422.98	894.47	687.67
PTHR31190	9040.0	8870.61	2514.9	39.68	30.51
PTHR13803	7022.0	6852.6	3720.49	89.07	68.48
PTHR12537	1455.0	1412.65	162.0	6.87	5.28
PTHR12532	2379.0	2336.65	225.0	5.76	4.43
PTHR13486	1307.0	1264.65	104.0	4.93	3.79
PTHR20275	2347.39	2262.74	908.0	33.81	25.99
PTHR13489	600.0	557.65	37.0	4.0	3.08
PTHR17583	4488.63	4234.53	445.0	40.6	31.22
PTHR13572	1602.0	1559.65	107.0	4.11	3.16
PTHR24198	25703.26	24983.35	4937.27	183.27	140.9
PTHR10048	3293.88	3082.15	528.0	36.74	28.25
PTHR10046	5174.68	4962.96	1764.0	80.14	61.63
PTHR10044	3742.58	3615.53	673.0	29.15	22.41
PTHR13060	1202.36	1160.01	108.0	5.58	4.29
PTHR10687	1323.65	1281.29	1462.0	68.38	52.57
PTHR13069	1933.82	1806.78	212.0	20.85	16.02
PTHR13068	6069.3	5942.24	2332.0	51.25	39.4
PTHR10682	1088.0	1045.65	505.0	28.98	22.28
PTHR10683	6705.66	6536.26	16947.68	507.62	390.27
PTHR12829	1279.0	1236.65	54.0	2.62	2.01
PTHR12820	2659.0	2574.3	380.0	17.69	13.6
PTHR12826	1629.0	1586.65	449.0	16.94	13.02
PTHR12827	4002.61	3748.58	246.0	21.82	16.77
PTHR17920	2042.0	1957.3	234.0	13.19	10.14
PTHR10137	2088.0	2045.65	1056.0	30.87	23.73
PTHR11405	11112.69	10900.95	11839.83	272.35	209.38
PTHR11404	3332.4	3247.69	8614.34	269.73	207.38
PTHR11406	3541.54	3456.84	69585.63	2148.65	1651.9
PTHR13468	1521.96	1437.34	222.0	15.43	11.86
PTHR23406	13204.3	12823.21	4558.86	126.98	97.62
PTHR10869	25285.66	24481.02	8021.44	376.16	289.2
PTHR31717	486.0	443.65	97.0	13.23	10.17
PTHR13393	461.55	419.21	33.0	4.77	3.67
PTHR12696	5703.4	5661.05	2620.0	27.61	21.23
PTHR11315	2695.94	2611.25	2611.99	131.32	100.96
PTHR10139	2053.42	1968.72	137.0	8.51	6.55
PTHR10956	1320.0	1193.02	17207.39	1829.07	1406.21
PTHR10263	3898.0	3813.3	5239.86	149.4	114.87
PTHR31155	5909.0	5697.26	9712.44	240.21	184.67
PTHR32170	2542.63	2415.58	336.0	24.77	19.05
PTHR23350	1299.0	1256.65	53.0	2.53	1.94
PTHR23354	5210.88	5083.82	966.0	25.26	19.42
PTHR23355	8937.24	8683.14	2759.0	78.62	60.45
PTHR23359	11997.74	11701.37	4798.09	186.08	143.06
PTHR11227	3497.65	3370.62	1190.0	63.02	48.45
PTHR11220	8059.84	7721.06	3667.2	182.81	140.55
PTHR11223	6140.05	6013.01	1469.0	37.86	29.1
PTHR11229	1921.0	1836.3	3052.33	208.39	160.22
PTHR10314	17896.89	17473.37	24006.49	830.8	638.73
PTHR14303	1079.0	1036.65	310.0	17.94	13.8
PTHR11139	31748.52	31028.65	4691.97	116.91	89.9
PTHR15362	1236.99	1194.63	174.0	8.73	6.71
PTHR11132	34048.84	33159.6	14201.06	443.64	341.06
PTHR11134	6151.39	5981.98	3665.0	152.04	116.89
PTHR32374	5158.6	4989.2	3653.52	129.79	99.78
PTHR31579	16522.76	16310.98	13190.54	196.71	151.24
PTHR32379	801.8	759.45	199.0	15.76	12.12
PTHR18919	4242.0	4114.95	3400.75	107.73	82.82
PTHR32002	3172.59	3003.33	475.0	40.53	31.17
PTHR21368	1967.0	1882.3	2894.97	180.05	138.43
PTHR10778	5818.36	5691.31	4016.66	127.64	98.13
PTHR13789	24715.96	23995.96	7741.99	215.04	165.32
PTHR12786	2956.47	2871.77	2354.0	113.13	86.97
PTHR11706	5642.71	5430.95	1682.0	65.35	50.26
PTHR12782	1320.0	1235.3	301.0	29.09	22.36
PTHR11742	5101.85	4974.8	728.0	28.07	21.58
PTHR24188	6561.74	6307.64	1232.06	53.6	41.21
PTHR21213	1168.0	1125.65	1216.0	64.79	49.81
PTHR10182	2842.94	2800.58	1058.0	22.57	17.35
PTHR13923	3542.98	3458.28	3135.12	118.86	91.38
PTHR12321	3659.0	3574.3	959.0	32.92	25.31
PTHR12320	15663.68	15409.59	7864.69	181.32	139.4
PTHR12323	824.0	781.65	68.0	5.23	4.02
PTHR16201	2936.0	2808.95	699.9	32.18	24.74
PTHR21015	3517.68	3433.02	508.0	17.92	13.78
PTHR16196	1864.06	1779.51	599.0	37.25	28.65
PTHR20855	6231.0	6146.3	1488.99	29.3	22.52
PTHR16193	2701.9	2617.19	97.0	4.63	3.56
PTHR22792	5705.67	5536.26	2813.0	95.76	73.63
PTHR22790	1377.95	1335.59	698.0	31.31	24.07
PTHR21680	2234.0	2191.65	383.91	10.47	8.05
PTHR14152	1826.0	1741.3	386.0	26.64	20.48
PTHR21689	2779.0	2694.3	193.0	7.76	5.97
PTHR21113	10705.28	10493.52	714.0	18.91	14.54
PTHR19316	4072.79	3988.09	3076.56	92.97	71.47
PTHR21663	3898.0	3728.6	462.0	30.25	23.26
PTHR13253	13184.78	12718.9	9571.82	450.44	346.28
PTHR12446	2496.0	2368.95	582.0	30.97	23.81
PTHR21206	1043.89	1001.53	207.0	12.41	9.54
PTHR10072	3823.0	3695.95	921.0	59.89	46.05
PTHR10071	6492.18	6195.8	1822.0	59.23	45.55
PTHR13780	13222.82	12926.37	16453.61	539.26	414.58
PTHR10677	1472.0	1429.65	1039.14	43.53	33.47
PTHR13078	7453.63	7199.56	15470.65	529.19	406.84
PTHR11693	3271.0	3186.3	40293.93	1409.52	1083.65
PTHR12815	5458.0	5330.95	2771.23	77.35	59.47
PTHR12814	1516.0	1431.3	94.0	7.91	6.08
PTHR24361	15328.18	14735.53	1294.18	58.05	44.64
PTHR24362	25676.95	24618.23	4676.17	138.35	106.39
PTHR10416	2034.0	1991.65	603.0	18.11	13.92
PTHR10410	5717.53	5548.13	4110.15	149.65	115.06
PTHR10783	8565.21	8184.08	5676.67	291.24	223.9
PTHR10782	2765.0	2637.96	292.0	17.95	13.8
PTHR13476	1688.0	1603.3	539.0	42.64	32.78
PTHR10788	8534.7	8407.65	4872.52	105.94	81.45
PTHR10891	22652.65	21932.68	25093.17	899.73	691.7
PTHR10890	3645.0	3517.95	904.53	45.02	34.61
PTHR20426	680.0	637.65	50.0	4.72	3.63
PTHR23213	2570.0	2485.3	196.0	8.62	6.63
PTHR10520	6564.54	6352.86	4739.08	165.61	127.32
PTHR10250	615.85	573.5	296.0	31.14	23.94
PTHR22854	4112.0	3984.95	2475.01	96.89	74.5
PTHR10527	12194.09	12024.68	7728.01	129.16	99.3
PTHR31384	2223.0	2180.65	440.0	12.06	9.28
PTHR10098	3541.68	3414.63	2144.1	64.76	49.78
PTHR10091	4585.13	4415.81	2657.08	186.09	143.07
PTHR31142	2243.89	2201.53	3884.32	105.49	81.1
PTHR31140	7081.0	6953.95	4813.74	117.13	90.05
PTHR31412	4790.6	4705.9	1669.04	41.13	31.63
PTHR11787	1449.0	1321.96	395.0	57.99	44.58
PTHR11785	28268.74	27718.23	13624.93	301.33	231.68
PTHR11782	8448.45	8194.35	1423.97	60.38	46.43
PTHR31419	4070.0	3942.95	189.0	8.35	6.42
PTHR11780	2227.99	2185.63	8886.05	243.09	186.89
PTHR21141	3064.88	2937.83	72635.35	7402.91	5691.4
PTHR32148	10101.77	9847.65	63257.15	3666.92	2819.15
PTHR23324	10697.63	10443.51	1309.01	45.44	34.95
PTHR23327	2412.0	2242.68	97.0	10.67	8.2
PTHR23326	3913.32	3786.27	2313.0	106.67	82.01
PTHR23321	630.0	587.65	3465.13	355.63	273.41
PTHR23323	8793.12	8539.01	2611.65	90.28	69.4
PTHR23322	2553.58	2426.53	1041.0	63.86	49.09
PTHR23329	2238.09	2153.39	449.0	21.98	16.9
PTHR11236	6064.64	5810.56	529.0	24.14	18.55
PTHR20932	4484.15	4399.44	2712.4	73.94	56.84
PTHR10322	11349.08	10840.94	1497.99	67.01	51.53
PTHR11239	5684.78	5557.72	1404.0	60.47	46.49
PTHR10803	4065.67	3980.97	2628.3	85.12	65.43
PTHR31964	12811.23	12472.4	14977.98	624.3	479.97
PTHR23030	2398.86	2356.51	1302.0	33.03	25.39
PTHR11129	2240.0	2155.32	742.0	29.57	22.74
PTHR11122	5129.1	4959.69	4665.04	242.2	186.2
PTHR15316	4860.75	4648.99	2926.76	176.17	135.42
PTHR11127	627.0	584.65	16436.41	1695.66	1303.64
PTHR11125	2889.0	2846.65	543.0	11.4	8.76
PTHR31566	2666.0	2538.95	791.98	55.49	42.66
PTHR31567	1776.0	1733.65	3097.8	106.93	82.21
PTHR31561	24132.69	23243.47	27441.15	991.43	762.23
PTHR30615	1475.0	1390.3	331.0	31.36	24.1
PTHR15137	1358.82	1274.13	137.0	11.15	8.58
PTHR22938	2776.04	2648.97	344.0	23.4	17.99
PTHR15952	2978.0	2850.95	323.0	19.0	14.61
PTHR21319	4883.42	4671.69	596.0	39.33	30.24
PTHR11482	11979.58	11683.23	17965.11	421.64	324.16
PTHR13887	1547.0	1504.65	179.19	7.13	5.48
PTHR19271	2884.53	2757.51	336.0	22.05	16.96
PTHR21228	89124.54	86033.37	25001.48	828.33	636.85
PTHR11361	20399.83	19679.94	2750.99	113.03	86.91
PTHR13343	5819.39	5692.33	2594.57	73.3	56.35
PTHR12029	11890.36	11297.5	865.0	62.72	48.22
PTHR21220	719.0	676.65	39.0	3.47	2.67
PTHR22780	8522.1	8310.34	1658.0	54.0	41.52
PTHR21477	4600.0	4515.3	1264.0	31.92	24.54
PTHR19308	6415.0	6330.3	7855.76	98.03	75.37
PTHR16301	2571.65	2486.95	391.0	19.42	14.93
PTHR22870	21392.98	20588.4	5743.49	208.11	160.01
PTHR17630	6855.59	6643.92	7174.0	229.22	176.22
PTHR10064	578.0	535.65	19033.73	2145.47	1649.45
PTHR10066	11278.72	10940.0	2912.06	89.41	68.74
PTHR10060	1406.0	1321.3	148.0	13.35	10.26
PTHR10663	16546.77	16080.9	5186.05	195.88	150.59
PTHR10666	8780.05	8441.26	53852.76	2783.62	2140.07
PTHR10668	16110.71	15729.74	3412.0	136.6	105.02
PTHR12265	2253.93	2169.23	1881.99	85.15	65.45
PTHR12801	7516.58	7304.82	6880.83	162.83	125.19
PTHR12802	4613.0	4316.72	391.0	29.12	22.39
PTHR12805	1436.0	1351.3	259.0	23.33	17.94
PTHR12806	764.0	721.65	66.56	5.55	4.27
PTHR21091	17374.51	16993.36	7612.43	226.93	174.46
PTHR21090	1459.75	1417.4	1254.0	52.99	40.74
PTHR24315	1237.0	1194.65	695.06	34.88	26.82
PTHR24314	5461.48	5334.43	801.0	26.04	20.04
PTHR11933	2218.21	2091.16	188.0	14.05	10.81
PTHR11932	8088.17	7876.47	5525.32	151.17	116.22
PTHR11426	2717.0	2589.96	9086.42	477.79	367.32
PTHR11937	10385.0	10003.86	15081.37	505.87	388.92
PTHR11938	15425.7	15213.95	10102.95	214.14	164.64
PTHR31057	3522.32	3395.25	678.18	37.72	29.01
PTHR13683	5265.14	5095.73	3977.75	164.41	126.4
PTHR24089	67016.87	64941.7	66610.61	2398.53	1844.03
PTHR10796	4122.66	4037.95	963.0	26.97	20.74
PTHR10794	4095.94	3926.53	504.0	25.42	19.54
PTHR10795	56333.59	55020.77	12393.12	345.56	265.66
PTHR10792	720.0	677.65	20803.51	1848.73	1421.31
PTHR10799	46482.62	44407.72	5673.02	317.94	244.44
PTHR10882	1399.0	1356.65	130.0	5.74	4.41
PTHR10887	37847.98	36619.94	7390.4	231.23	177.8
PTHR11686	1915.97	1831.27	282.0	18.79	14.45
PTHR11685	6583.31	6329.26	1937.45	56.41	43.38
PTHR11680	6690.0	6562.95	8402.96	205.76	158.19
PTHR24221	25821.69	25228.85	5145.86	180.34	138.65
PTHR24220	7053.32	6756.87	1332.07	92.28	70.95
PTHR24223	31325.92	30606.1	4361.84	127.0	97.66
PTHR11689	13845.53	13633.78	1920.99	38.49	29.58
PTHR10252	3450.0	3322.96	572.48	28.51	21.92
PTHR13082	1710.0	1667.65	905.0	32.48	24.97
PTHR13124	1131.0	1046.3	170.0	18.03	13.86
PTHR31173	5288.99	5077.24	792.0	47.06	36.18
PTHR12538	693.0	650.65	35432.97	3280.82	2522.31
PTHR31606	1903.66	1861.3	2360.0	75.85	58.32
PTHR31356	4595.52	4468.6	13622.74	459.65	353.38
PTHR31352	2705.0	2620.3	871.01	38.78	29.81
PTHR31350	6387.61	6175.85	1868.92	67.81	52.13
PTHR11758	1501.0	1416.3	17041.18	1333.74	1025.38
PTHR23333	667.0	624.65	491.0	47.38	36.42
PTHR11751	23908.44	23230.91	13201.64	394.13	303.01
PTHR11753	2150.0	2022.95	544.0	49.5	38.06
PTHR11752	34746.28	34026.33	6812.06	154.99	119.17
PTHR24423	7667.3	7497.9	1212.0	36.73	28.24
PTHR11206	21485.95	20935.43	2748.09	107.51	82.65
PTHR11757	11429.02	11047.93	3742.68	152.6	117.31
PTHR24420	87363.63	85034.49	22630.1	636.39	489.31
PTHR10332	9238.45	8984.35	3776.4	124.76	95.92
PTHR14145	2036.88	1994.53	1951.03	58.5	44.98
PTHR17695	4820.0	4523.57	338.0	29.68	22.8
PTHR13600	5797.65	5585.88	2157.99	100.75	77.46
PTHR12363	8547.96	8251.52	1390.0	50.59	38.89
PTHR23029	12801.77	12420.62	4633.53	172.54	132.64
PTHR23023	7992.35	7695.91	1133.0	74.23	57.05
PTHR31385	3824.8	3697.74	394.0	19.97	15.36
PTHR21294	1328.0	1285.65	599.0	27.92	21.47
PTHR11119	6144.22	5974.82	2710.0	87.9	67.58
PTHR31595	4513.8	4302.04	343.0	24.24	18.64
PTHR31596	1671.56	1586.86	66.0	5.0	3.84
PTHR15948	803.0	760.65	130.0	10.28	7.9
PTHR32026	2167.7	2125.34	373.0	10.49	8.07
PTHR31829	1491.0	1448.65	7584.16	313.55	241.06
PTHR14898	2757.34	2672.63	830.08	41.23	31.7
PTHR19241	48904.85	47803.77	26360.27	580.45	446.27
PTHR14894	1615.21	1530.5	413.0	32.63	25.09
PTHR15239	6639.65	6427.93	943.0	34.97	26.89
PTHR32497	4927.0	4799.95	1502.0	47.37	36.42
PTHR12497	3789.0	3661.95	819.52	21.23	16.31
PTHR12302	4056.0	4013.65	8788.46	130.72	100.5
PTHR12304	2459.0	2374.3	284.25	13.94	10.72
PTHR30540	3975.43	3679.07	88.0	10.74	8.26
PTHR30544	5690.13	5436.05	1066.97	53.44	41.09
PTHR13302	1102.0	1017.31	251.0	28.66	22.03
PTHR12472	2362.65	2277.95	91.0	4.24	3.26
PTHR13308	3870.14	3743.08	5198.04	196.66	151.2
PTHR12477	5977.0	5807.6	1349.0	71.26	54.77
PTHR13878	21189.18	20681.03	2840.0	81.54	62.69
PTHR21461	1816.0	1773.65	216.0	7.29	5.6
PTHR13872	7370.0	7158.25	28601.71	1186.97	912.54
PTHR22849	6087.36	5791.01	935.0	63.41	48.74
PTHR21314	2257.12	2172.41	443.0	25.35	19.49
PTHR13271	31725.0	30623.91	6420.08	223.24	171.66
PTHR22841	6916.81	6747.44	6323.56	155.25	119.37
PTHR22847	51590.52	49854.51	9367.95	346.0	265.98
PTHR22844	14789.47	14238.97	1834.0	68.66	52.8
PTHR23284	1064.0	1021.65	283.0	16.62	12.78
PTHR21266	19777.36	19099.98	10337.94	270.1	207.64
PTHR12271	4640.0	4470.6	347.98	18.96	14.59
PTHR12277	5385.48	5216.06	2192.82	101.81	78.27
PTHR12276	2322.51	2195.46	478.0	44.54	34.23
PTHR10657	2599.0	2514.3	1581.98	73.54	56.54
PTHR10655	2716.0	2631.3	1564.0	92.23	70.91
PTHR10652	1817.0	1732.3	719.0	47.52	36.53
PTHR17972	2158.03	2030.97	127.0	11.28	8.67
PTHR10751	9894.55	9725.2	3607.0	81.63	62.75
PTHR21085	2658.0	2615.65	2899.74	66.25	50.93
PTHR11922	5485.02	5315.64	4327.58	155.82	119.79
PTHR10438	38865.46	37933.77	52399.43	2021.76	1554.35
PTHR11926	13342.27	12961.11	2054.59	85.78	65.95
PTHR11431	1865.64	1780.96	5299.01	337.87	259.76
PTHR10430	5266.13	5096.72	17468.18	754.75	580.26
PTHR10434	1274.0	1231.65	452.0	22.0	16.91
PTHR24096	18474.32	17839.44	6381.0	257.74	198.17
PTHR13693	6411.33	6241.92	1874.0	59.4	45.67
PTHR13691	2526.0	2441.3	300.01	16.56	12.73
PTHR24092	11308.41	11139.01	4640.0	65.14	50.07
PTHR24093	61630.16	59809.57	28265.74	882.83	678.73
PTHR22936	5822.0	5652.6	1051.92	42.18	32.42
PTHR13451	1837.61	1752.96	365.32	20.78	15.97
PTHR13452	1835.0	1750.3	622.99	46.93	36.07
PTHR10759	1126.0	1083.65	17653.87	977.31	751.36
PTHR12901	2924.72	2882.36	206.0	4.27	3.28
PTHR12903	1872.0	1787.3	4719.44	291.81	224.34
PTHR13992	1355.0	1270.3	100.0	10.05	7.72
PTHR23237	504.0	461.65	270.0	35.38	27.2
PTHR10501	5383.0	5340.65	4325.12	48.33	37.15
PTHR31169	1987.0	1902.3	548.0	35.26	27.11
PTHR14087	544.0	501.65	36.0	4.34	3.33
PTHR23309	5016.38	4931.67	3083.15	66.22	50.91
PTHR23308	6573.57	6277.22	8404.06	251.3	193.2
PTHR31344	3934.0	3891.65	493.0	7.56	5.81
PTHR31619	2306.0	2263.65	6298.0	166.33	127.88
PTHR23306	2138.0	2095.65	410.0	11.7	8.99
PTHR23305	8615.88	8446.47	4165.8	153.45	117.97
PTHR14089	1380.35	1337.99	138.0	6.18	4.75
PTHR11748	7153.36	6899.24	2622.0	117.44	90.3
PTHR11214	1503.0	1460.65	1255.0	51.45	39.56
PTHR11216	5737.0	5567.6	2108.03	83.54	64.23
PTHR11210	2091.49	2006.85	1955.14	102.15	78.54
PTHR14154	14024.39	13600.89	9841.9	505.02	388.26
PTHR14155	7316.85	7020.41	2171.68	139.9	107.55
PTHR10343	3019.0	2934.3	1557.01	64.19	49.35
PTHR11699	12238.29	11899.51	6002.42	268.65	206.54
PTHR11692	2700.0	2657.65	1401.0	31.5	24.22
PTHR12403	2770.26	2685.56	822.24	36.29	27.9
PTHR11695	25778.49	25016.21	12350.05	419.15	322.25
PTHR31760	560.72	518.38	228.1	26.58	20.43
PTHR31906	11840.29	11459.14	3234.77	135.34	104.05
PTHR21419	1779.52	1737.17	874.72	30.13	23.17
PTHR23012	22411.38	21903.26	26663.47	593.28	456.11
PTHR11101	10061.09	9807.01	1490.08	29.17	22.43
PTHR11102	5197.71	5070.66	1703.0	55.92	42.98
PTHR11106	2287.24	2202.53	1914.48	115.75	89.0
PTHR31585	4524.22	4354.81	934.0	53.43	41.09
PTHR32125	2226.0	2141.3	1844.0	95.72	73.59
PTHR31588	667.0	624.65	26.0	2.51	1.93
PTHR32120	1566.35	1481.64	189.0	14.94	11.48
PTHR10288	16508.0	16253.87	33390.88	589.84	453.47
PTHR15680	640.0	597.65	2030.0	204.82	157.47
PTHR11374	2415.92	2373.56	4521.7	113.87	87.55
PTHR11808	11075.88	10864.2	6630.85	146.26	112.44
PTHR24347	8987.0	8648.21	3602.85	150.01	115.31
PTHR18895	3491.39	3364.34	463.0	20.39	15.68
PTHR12486	773.0	688.36	12.0	2.25	1.73
PTHR21262	4231.57	4104.52	700.04	27.8	21.37
PTHR12480	3665.69	3454.02	187.0	9.83	7.57
PTHR12482	3548.53	3379.15	206.0	12.22	9.41
PTHR11042	6536.0	6281.94	1431.0	75.59	58.11
PTHR12317	16161.71	15865.28	7864.71	173.49	133.38
PTHR12649	1308.0	1265.65	231.0	10.94	8.41
PTHR12461	6537.1	6155.98	537.01	38.54	29.62
PTHR12466	2320.0	2235.3	458.0	23.65	18.18
PTHR13847	13342.98	12665.47	5009.99	219.05	168.42
PTHR12000	3100.0	2972.95	1654.0	109.17	83.93
PTHR12001	8243.0	8115.95	4532.94	93.39	71.8
PTHR21327	4602.5	4433.11	2171.89	126.64	97.37
PTHR21631	6103.63	5934.23	49941.84	1871.63	1438.92
PTHR22855	11064.0	10852.25	14077.57	353.6	271.86
PTHR22850	11424.52	11043.49	4274.44	143.29	110.16
PTHR22504	3574.69	3532.34	1915.0	32.37	24.89
PTHR12965	2914.0	2871.65	404.0	8.4	6.46
PTHR22915	13106.96	12768.16	4557.28	147.58	113.44
PTHR21256	3134.05	3049.34	2126.51	81.87	62.94
PTHR12266	6481.96	6312.56	871.05	28.38	21.82
PTHR10648	4814.0	4686.95	2826.0	71.09	54.65
PTHR10641	22925.79	22078.82	3434.02	176.65	135.82
PTHR19842	1239.0	1196.65	264.0	13.23	10.17
PTHR10644	10811.9	10642.5	2544.4	45.79	35.21
PTHR12864	5101.96	4890.27	650.0	35.05	26.95
PTHR12860	1924.43	1882.08	1356.0	43.1	33.14
PTHR13194	1565.0	1522.65	410.0	16.12	12.4
PTHR13190	4377.25	4292.54	610.02	21.71	16.69
PTHR13193	1279.0	1236.65	189.0	9.16	7.04
PTHR23416	4265.0	4137.95	1914.04	82.92	63.75
PTHR11913	2771.0	2728.65	1808.01	39.59	30.44
PTHR11911	9617.0	9405.25	12995.0	459.57	353.32
PTHR11910	3328.0	3243.3	56629.01	2320.58	1784.08
PTHR14950	7244.67	6821.19	799.15	58.04	44.63
PTHR11918	6462.5	6293.1	847.0	29.89	22.99
PTHR12919	1989.0	1904.3	4556.47	371.36	285.5
PTHR12910	1529.28	1444.57	1460.0	138.91	106.8
PTHR12917	1155.39	1113.04	332.0	17.89	13.75
PTHR15954	3186.0	3143.65	682.0	12.96	9.96
PTHR11351	7546.42	7377.02	977.0	19.18	14.74
PTHR11353	35196.09	34476.13	51160.35	1420.41	1092.03
PTHR11599	20523.98	19888.72	25750.76	1165.71	896.2
PTHR10516	21243.78	20439.14	17619.74	955.31	734.45
PTHR11592	4810.0	4640.6	2951.53	160.74	123.58
PTHR13273	1055.0	1012.65	1664.07	98.63	75.82
PTHR31724	2592.85	2508.15	3407.24	142.36	109.45
PTHR13734	2273.0	2145.96	93.0	6.87	5.27
PTHR31620	6766.0	6638.95	16114.26	334.13	256.88
PTHR23315	32118.18	31229.02	8505.84	212.14	163.11
PTHR23316	3950.0	3907.65	6018.33	91.95	70.69
PTHR11778	4352.59	4267.9	9049.36	238.06	183.02
PTHR11774	2977.2	2892.49	839.0	34.96	26.87
PTHR11773	4364.0	4321.65	5267.11	72.75	55.93
PTHR11772	7665.56	7453.82	11992.7	397.13	305.33
PTHR10357	34553.11	33960.26	24441.84	436.9	335.88
PTHR10353	9063.76	8852.0	3002.52	83.02	63.83
PTHR10350	2520.0	2477.65	567.9	13.7	10.53
PTHR10351	3634.0	3549.3	6138.98	484.08	372.17
PTHR32557	1843.0	1800.65	3292.0	109.39	84.1
PTHR10359	2433.26	2263.87	187.0	21.78	16.75
PTHR32442	2505.0	2462.65	1437.0	34.88	26.81
PTHR31750	1088.0	1003.32	49.0	5.83	4.49
PTHR23418	674.0	631.65	1179.35	112.52	86.51
PTHR14189	2233.0	2148.3	148.0	8.36	6.43
PTHR21021	1882.67	1755.83	369.6	37.28	28.67
PTHR32228	2194.0	2151.65	271.0	7.53	5.79
PTHR31245	2011.0	1968.65	1610.74	48.94	37.62
PTHR23001	2093.0	2008.3	1462.0	77.79	59.82
PTHR23002	1849.0	1721.96	161.0	19.71	15.16
PTHR30178	2163.0	2120.65	28541.83	804.8	618.74
PTHR22904	33483.33	32170.64	8754.12	355.9	273.63
PTHR11177	3108.85	3024.14	773.0	29.65	22.79
PTHR11178	5468.36	5341.31	3774.9	103.88	79.86
PTHR31808	1590.0	1505.3	323.0	25.07	19.28
PTHR31803	2858.0	2815.65	1401.61	29.74	22.87
PTHR11009	2466.0	2381.3	1090.0	52.85	40.63
PTHR10099	4329.0	4286.65	4824.97	67.19	51.65
PTHR19229	26070.27	25096.41	5694.14	211.93	162.92
PTHR11005	12687.76	12306.81	1635.0	74.93	57.6
PTHR11006	9435.74	9096.94	3434.31	126.86	97.54
PTHR18640	3739.38	3612.32	287.0	10.72	8.24
PTHR18866	22934.56	22553.39	272874.65	5080.29	3905.76
PTHR12022	1114.0	1071.65	4807.0	269.11	206.9
PTHR15074	2411.7	2326.98	186.0	9.57	7.36
PTHR15588	1153.38	1068.7	314.0	43.4	33.37
PTHR12677	12247.9	11909.26	3674.17	132.94	102.21
PTHR19134	3706.28	3579.25	1377.99	34.41	26.46
PTHR19139	9938.76	9684.77	25621.27	803.96	618.08
PTHR12456	1365.97	1281.28	108.0	10.05	7.74
PTHR12452	1269.57	1227.22	489.0	23.89	18.36
PTHR23240	2602.91	2475.86	194.0	11.81	9.08
PTHR19359	3112.0	2984.95	927.13	75.76	58.24
PTHR12072	4393.4	4223.99	595.0	30.41	23.38
PTHR13218	480.77	438.5	86.0	11.87	9.13
PTHR13215	1055.91	971.22	76.0	9.47	7.28
PTHR13213	3045.0	2917.95	518.46	30.78	23.67
PTHR12290	2636.56	2551.84	748.0	38.96	29.96
PTHR21530	6638.0	6468.6	1356.74	45.29	34.82
PTHR12295	7631.33	7419.57	2034.01	74.51	57.29
PTHR12298	4148.88	3937.14	285.0	24.59	18.9
PTHR10638	9019.22	8892.15	4997.0	89.89	69.11
PTHR10631	2487.89	2403.22	1256.87	47.85	36.79
PTHR10984	2795.0	2752.65	1107.0	24.03	18.47
PTHR12858	4270.79	4101.39	2133.0	108.91	83.75
PTHR13505	896.0	853.65	650.0	45.76	35.18
PTHR12856	911.88	869.53	176.0	12.16	9.35
PTHR12855	1661.19	1618.84	3311.93	122.46	94.15
PTHR12854	1107.0	1064.65	540.0	30.43	23.4
PTHR13182	1831.0	1746.3	665.97	45.24	34.78
PTHR10855	4232.0	4147.3	1947.95	56.21	43.21
PTHR10585	3146.58	3061.87	5125.04	198.86	152.88
PTHR10743	1680.27	1637.91	544.0	19.88	15.28
PTHR10742	26196.84	25476.88	12058.96	309.86	238.22
PTHR10745	3471.0	3428.65	1668.21	29.06	22.34
PTHR10744	3318.28	3191.23	24963.85	1839.05	1413.87
PTHR10746	3098.32	3013.61	7290.93	366.58	281.83
PTHR11099	4519.0	4476.65	1401.0	18.68	14.36
PTHR12924	1706.0	1663.65	10179.3	366.22	281.55
PTHR11659	1643.26	1600.93	453.0	16.94	13.02
PTHR11349	4364.0	4152.25	16115.06	1259.72	968.48
PTHR10566	40140.99	38912.88	8025.57	294.41	226.33
PTHR10293	4056.37	3886.97	2894.31	191.81	147.46
PTHR10291	4822.0	4652.6	1216.0	45.0	34.6
PTHR11584	9695.12	9441.01	3019.0	90.99	69.95
PTHR11586	2840.0	2712.95	833.0	56.25	43.25
PTHR11909	6804.62	6592.97	4610.61	196.04	150.71
PTHR24320	9736.96	9398.17	2499.09	107.36	82.54
PTHR24322	30975.47	29959.06	20544.53	780.0	599.67
PTHR11907	4214.21	4087.16	2080.0	74.76	57.47
PTHR11760	3309.0	3181.95	27820.86	1678.81	1290.67
PTHR11761	2767.91	2683.2	35849.6	3652.52	2808.08
PTHR11766	1735.0	1650.3	631.96	39.06	30.03
PTHR11767	3176.25	3091.55	120.0	4.85	3.73
PTHR10361	1344.56	1260.0	796.0	80.37	61.78
PTHR10366	32106.13	31216.79	38463.38	1199.81	922.44
PTHR10169	9321.59	9067.57	2351.0	70.14	53.91
PTHR10168	4649.0	4437.25	3622.77	197.89	152.13
PTHR20973	2291.42	2249.06	445.0	11.83	9.09
PTHR10165	6644.17	6474.77	2165.67	80.51	61.9
PTHR31032	1069.0	1026.65	390.0	22.8	17.53
PTHR23257	118065.84	113747.21	42031.21	1467.96	1128.58
PTHR23253	4890.67	4678.91	2441.66	155.26	119.37
PTHR14190	3697.0	3612.3	520.0	17.52	13.47
PTHR14194	5304.0	5134.6	2895.99	138.59	106.55
PTHR31251	20289.56	19230.98	6345.54	384.86	295.88
PTHR23074	12448.11	11982.23	2963.03	118.22	90.88
PTHR23077	14864.2	14313.75	8704.0	217.16	166.95
PTHR23076	28641.55	28133.35	26748.2	607.92	467.37
PTHR30239	1608.0	1565.65	748.0	28.6	21.99
PTHR23073	8277.0	8022.93	9525.97	388.59	298.73
PTHR23078	2898.0	2855.65	1462.0	30.59	23.52
PTHR11165	1454.0	1411.65	5399.75	229.12	176.15
PTHR10772	2860.0	2732.95	7641.06	500.09	384.48
PTHR32100	9047.21	8793.16	92666.71	2290.69	1761.11
PTHR14445	3857.0	3645.37	588.0	40.84	31.41
PTHR23109	334.0	291.7	11.0	2.3	1.77
PTHR23102	3241.32	3114.38	1093.76	70.84	54.46
PTHR23105	7759.0	7420.2	61026.36	3255.92	2503.17
PTHR11010	9485.36	9273.73	2079.92	96.68	74.32
PTHR11014	10171.88	9833.1	2781.0	123.6	95.02
PTHR12668	3655.18	3528.14	1454.02	62.15	47.78
PTHR12661	1383.0	1340.65	311.0	13.9	10.69
PTHR12663	7058.0	6888.6	1244.0	47.21	36.29
PTHR12664	1287.0	1244.65	212.0	10.21	7.85
PTHR16166	17821.76	17101.92	1376.0	58.17	44.71
PTHR12111	2949.0	2864.3	414.0	18.83	14.48
PTHR12447	1997.0	1912.3	105.01	6.45	4.96
PTHR15481	1382.0	1339.65	748.0	33.45	25.72
PTHR26379	3943.68	3858.98	4354.51	113.13	86.97
PTHR12599	2050.0	1965.3	2987.99	182.38	140.21
PTHR12596	7589.61	7377.87	1387.86	49.7	38.19
PTHR12590	3473.5	3346.44	3018.62	114.4	87.95
PTHR12066	2739.61	2485.81	78.0	11.66	8.98
PTHR12064	9479.86	9098.71	1385.59	69.22	53.2
PTHR13226	3750.11	3623.06	282.0	13.22	10.17
PTHR13889	4423.0	4338.3	1963.0	43.86	33.71
PTHR21181	2792.11	2665.08	561.12	27.02	20.77
PTHR12412	3362.0	3319.65	656.02	11.8	9.07
PTHR12146	806.0	763.65	22808.62	1796.61	1381.25
PTHR10458	630.0	587.65	118.0	12.11	9.31
PTHR19306	4823.98	4739.26	2198.0	53.71	41.3
PTHR21506	1054.69	1012.35	338.0	20.04	15.4
PTHR12280	4918.0	4748.63	312.92	15.92	12.25
PTHR12281	2925.32	2840.61	1626.89	49.95	38.41
PTHR12286	4528.88	4359.51	467.0	20.71	15.92
PTHR30573	2874.0	2789.3	966.0	40.85	31.41
PTHR22983	6922.29	6752.89	1801.41	66.19	50.89
PTHR22981	9141.02	8971.61	2102.13	66.74	51.31
PTHR30191	1271.0	1144.08	523.0	78.13	60.07
PTHR10629	11725.59	11386.83	3953.0	115.4	88.72
PTHR10994	5401.44	5232.03	3429.99	174.26	133.96
PTHR10996	12326.31	12072.2	10547.58	231.75	178.18
PTHR10625	18906.91	18314.01	6253.02	215.29	165.52
PTHR10992	54427.13	52860.3	12056.25	385.56	296.4
PTHR12848	2752.0	2667.3	524.0	23.36	17.95
PTHR12849	1806.25	1721.54	285.0	21.31	16.38
PTHR10943	7069.27	6857.52	4646.95	209.31	160.91
PTHR12847	4787.32	4617.92	2441.99	132.02	101.5
PTHR12841	1391.0	1348.65	590.99	26.25	20.18
PTHR21290	1033.4	991.04	72.0	4.36	3.35
PTHR21349	1093.0	1008.3	2751.83	289.75	222.77
PTHR21347	2000.0	1957.65	1516.0	46.32	35.61
PTHR19861	1360.9	1318.55	475.0	21.59	16.6
PTHR21343	1952.18	1825.16	50.0	5.19	4.0
PTHR10196	5257.94	5088.56	517.48	23.88	18.37
PTHR10192	734.0	691.65	136.0	11.84	9.1
PTHR10755	4243.35	4158.64	6393.01	146.02	112.26
PTHR10758	5063.81	4979.13	2442.45	55.61	42.75
PTHR13152	1613.71	1571.36	6428.0	244.88	188.27
PTHR12932	4050.0	3965.3	1422.01	42.53	32.69
PTHR12934	2409.11	2324.41	5043.05	316.22	243.11
PTHR13265	1182.0	1139.65	298.0	15.68	12.06
PTHR11800	4302.0	4217.3	1003.0	29.21	22.45
PTHR11802	14744.71	14278.95	7105.83	261.42	200.98
PTHR11804	15109.93	14686.44	9014.49	242.92	186.76
PTHR11807	1331.0	1288.65	33.0	1.53	1.18
PTHR10281	1827.88	1743.17	1358.0	95.53	73.44
PTHR10283	21231.9	20808.4	19706.78	478.95	368.22
PTHR10285	10409.41	10070.6	25888.95	863.78	664.09
PTHR10286	3212.95	3085.9	37527.42	1896.63	1458.14
PTHR11579	6759.74	6632.68	2464.0	72.56	55.78
PTHR13718	4596.0	4468.95	31717.6	1689.78	1299.11
PTHR13711	6826.62	6572.58	22160.19	889.09	683.55
PTHR13710	13056.0	12590.15	791.0	40.32	31.01
PTHR11977	3851.93	3767.28	1719.08	36.68	28.19
PTHR22970	2309.54	2224.84	786.77	42.95	33.02
PTHR11972	4128.28	4043.58	214.13	5.79	4.46
PTHR31480	1785.6	1743.24	335.0	11.5	8.84
PTHR31485	3869.0	3784.3	583.0	19.18	14.74
PTHR11715	1110.0	1067.65	6887.11	387.02	297.54
PTHR11717	3469.99	3300.63	1169.0	59.41	45.67
PTHR11711	11169.65	10873.2	14190.0	544.15	418.33
PTHR11712	7148.66	6979.34	7921.5	238.29	183.19
PTHR10374	3290.36	3205.65	4298.19	148.57	114.23
PTHR10178	33427.04	32622.43	42197.35	776.72	597.15
PTHR20961	9100.04	8888.29	1367.64	53.67	41.28
PTHR10173	8352.0	8097.9	5792.88	274.83	211.29
PTHR10177	29248.43	28697.88	19728.15	384.85	295.86
PTHR10174	9701.96	9490.2	8545.06	298.57	229.56
PTHR23249	3532.12	3447.42	1386.41	50.6	38.9
PTHR23244	25209.75	24574.56	6221.83	181.53	139.55
PTHR23245	1590.0	1505.31	54.22	3.65	2.81
PTHR14614	10960.87	10452.75	6413.47	248.03	190.69
PTHR31268	2684.0	2472.31	320.24	37.47	28.81
PTHR31262	1907.0	1822.3	541722.83	27143.11	20867.8
PTHR23063	4060.81	3933.79	723.21	31.37	24.11
PTHR11620	1353.0	1268.3	23255.3	1706.08	1311.65
PTHR11624	11972.0	11760.26	105207.92	2850.03	2191.11
PTHR11627	11448.26	11236.5	155587.54	5509.61	4235.82
PTHR26312	4949.55	4780.15	476.01	24.16	18.59
PTHR11390	6466.43	6254.68	863.03	30.58	23.5
PTHR31319	3436.0	3393.65	10060.77	177.04	136.11
PTHR14052	2394.0	2351.65	240.0	6.1	4.69
PTHR32118	1627.0	1584.65	3523.92	133.13	102.35
PTHR23117	3906.45	3737.15	2100.6	107.45	82.61
PTHR23115	40880.92	39822.35	188947.65	5181.93	3983.94
PTHR11028	1997.0	1954.65	1315.0	40.24	30.94
PTHR11024	2743.0	2700.65	1232.0	27.26	20.96
PTHR15081	4254.76	4170.05	830.0	28.3	21.76
PTHR11777	6391.19	6264.13	6668.58	181.74	139.72
PTHR12616	2692.0	2607.3	241.0	10.77	8.27
PTHR12613	3941.19	3898.84	1351.62	20.7	15.91
PTHR12612	801.0	758.65	1546.67	122.64	94.29
PTHR32060	5125.21	4998.17	492.06	20.77	15.97
PTHR12126	4672.0	4587.3	3664.0	127.02	97.65
PTHR12124	5098.35	4886.95	727.0	52.89	40.67
PTHR22734	1557.0	1514.65	156.0	6.17	4.74
PTHR12121	10478.78	10013.03	1981.83	72.06	55.39
PTHR12438	782.86	740.52	50.0	4.06	3.12
PTHR15492	694.0	651.65	14.0	1.29	1.0
PTHR21426	2255.0	2212.65	616.0	16.64	12.8
PTHR21427	683.71	641.39	138.0	12.96	9.97
PTHR13161	2567.17	2524.81	444.0	10.51	8.08
PTHR19372	2027.37	1985.02	1367.09	41.19	31.67
PTHR19370	5450.71	5281.35	2992.53	107.06	82.3
PTHR19376	6778.46	6609.05	1042.98	35.56	27.34
PTHR19375	15247.93	14782.17	55644.36	1466.44	1127.42
PTHR12050	1234.0	1191.65	274.0	13.79	10.6
PTHR12725	10730.62	10518.87	2523.5	63.41	48.74
PTHR22884	17874.06	17196.43	2672.7	139.45	107.2
PTHR22881	549.0	506.65	134.0	15.98	12.29
PTHR22880	6819.23	6480.53	1934.92	113.55	87.3
PTHR12542	2413.38	2328.66	677.0	34.83	26.77
PTHR12547	5374.0	5204.6	12873.75	419.33	322.39
PTHR12436	7286.08	7116.68	3183.0	135.0	103.77
PTHR21512	1121.0	1078.65	29.0	1.61	1.24
PTHR30508	3098.35	2971.33	2002.6	139.02	106.88
PTHR14744	1129.0	1086.65	106.0	5.85	4.5
PTHR30502	2904.11	2819.41	1315.73	55.91	42.98
PTHR10617	11795.0	11540.9	19679.26	547.12	420.63
PTHR10615	7245.01	7117.96	1752.0	50.42	38.77
PTHR12189	1248.84	1206.48	133.0	6.61	5.08
PTHR13527	1137.0	1094.65	328.0	17.97	13.82
PTHR22958	3716.0	3673.65	6715.98	109.16	83.92
PTHR14534	651.0	608.65	62.0	6.14	4.72
PTHR22951	861.0	818.65	67.0	4.92	3.78
PTHR22950	42641.0	41540.03	26123.91	759.77	584.12
PTHR22953	13666.26	13454.52	2060.59	46.7	35.91
PTHR22952	5553.97	5342.22	5418.13	198.87	152.9
PTHR22957	15539.84	15031.62	2827.56	109.85	84.46
PTHR21600	4272.42	4187.71	4518.0	80.28	61.72
PTHR24056	12132.04	11666.24	3528.0	167.88	129.07
PTHR24054	3304.0	3219.3	2320.0	85.24	65.54
PTHR24055	7581.28	7284.82	1703.92	86.44	66.45
PTHR24058	1995.36	1910.66	230.0	18.62	14.32
PTHR10766	9128.09	8831.69	8292.73	333.58	256.45
PTHR10762	2338.0	2168.61	202.0	23.03	17.7
PTHR30031	8821.24	8397.82	13212.52	369.96	284.43
PTHR12945	1375.0	1290.3	102.0	9.73	7.48
PTHR12944	1510.44	1468.09	145.0	5.91	4.55
PTHR23163	3217.0	3174.65	1176.0	22.13	17.01
PTHR24128	6393.52	6139.41	1079.0	54.49	41.88
PTHR13096	3659.58	3574.88	299.0	7.97	6.12
PTHR11364	3260.6	3133.53	2744.16	123.71	95.1
PTHR11365	5445.0	5360.3	786.0	16.8	12.92
PTHR10548	5295.68	5168.61	8775.03	281.43	216.36
PTHR11817	12443.17	12231.41	7201.95	167.53	128.8
PTHR11814	7362.75	7235.72	1039.0	25.04	19.26
PTHR11363	1553.0	1510.65	30420.95	1205.82	927.04
PTHR10543	11137.0	10840.58	2112.23	55.6	42.76
PTHR11819	15064.32	14852.57	5007.0	116.01	89.19
PTHR10544	627.0	584.65	18344.25	1892.48	1454.95
PTHR11562	1052.29	1009.93	38.0	2.26	1.74
PTHR11566	11459.0	11247.25	9501.16	193.86	149.05
PTHR11567	5941.7	5730.08	913.98	54.93	42.23
PTHR11564	5559.91	5348.15	1136.48	68.79	52.89
PTHR11962	3819.42	3650.04	1134.18	56.27	43.26
PTHR11963	4261.97	4134.91	2757.0	82.99	63.8
PTHR10381	11513.68	11132.53	25299.58	1057.94	813.36
PTHR10383	4081.0	4038.65	814.0	12.03	9.25
PTHR11705	7225.02	7055.63	1795.54	47.9	36.82
PTHR11702	11205.84	10909.4	3469.01	104.14	80.06
PTHR11700	1751.0	1666.3	30558.56	2761.24	2122.86
PTHR10388	1377.0	1334.65	8357.06	375.17	288.44
PTHR10145	5626.0	5541.3	1098.65	25.79	19.83
PTHR23273	4353.17	4268.46	1596.0	37.28	28.67
PTHR23270	3266.41	3139.37	1207.0	53.24	40.93
PTHR23050	5554.7	5258.25	10667.25	680.81	523.41
PTHR23056	2010.11	1925.4	392.0	23.47	18.05
PTHR23054	1520.0	1477.65	278.0	11.27	8.66
PTHR11638	21367.06	20774.24	18628.89	364.39	280.15
PTHR31783	5095.0	4967.95	893.0	32.97	25.35
PTHR23291	9814.11	9602.36	9511.98	359.57	276.43
PTHR11630	9330.51	9034.06	1216.0	49.65	38.17
PTHR11140	8583.0	8498.3	3282.14	46.67	35.88
PTHR11141	3596.0	3553.65	4624.19	77.7	59.74
PTHR11142	8671.46	8375.0	1154.0	58.86	45.26
PTHR11143	825.0	782.65	18548.3	1425.25	1095.74
PTHR11380	517.0	474.65	97.0	12.36	9.5
PTHR11384	5635.15	5508.12	1629.0	45.78	35.19
PTHR32477	2067.0	1939.95	135.0	12.38	9.51
PTHR14043	779.0	736.65	37.0	3.02	2.32
PTHR32472	2558.94	2431.89	301.0	21.81	16.77
PTHR31658	1140.0	1097.65	192.0	10.49	8.07
PTHR13890	9004.73	8623.56	1890.78	111.54	85.76
PTHR14269	2803.29	2676.26	838.0	44.51	34.21
PTHR22883	12614.97	12276.26	1863.74	55.71	42.81
PTHR23125	50885.93	49573.39	5866.98	163.72	125.89
PTHR19879	2603.4	2518.69	1222.0	51.8	39.82
PTHR19211	22515.78	21753.54	221264.35	3319.01	2551.66
PTHR23338	1425.0	1382.65	2126.05	92.11	70.82
PTHR12608	2398.0	2313.3	1034.0	54.44	41.86
PTHR12604	5592.55	5465.49	1548.0	55.5	42.67
PTHR12603	3059.29	2974.59	2344.88	76.17	58.56
PTHR32091	1852.33	1767.63	523.0	36.83	28.32
PTHR32098	5538.04	5241.61	628.0	43.87	33.73
PTHR18763	456.0	413.65	51.0	7.47	5.74
PTHR22726	2890.68	2763.62	603.0	32.48	24.97
PTHR22727	17001.83	16705.38	35621.0	799.29	614.52
PTHR12428	8826.98	8615.24	4508.52	160.97	123.76
PTHR18968	8392.48	8180.79	13713.5	312.03	239.88
PTHR14456	328.0	285.71	7.0	1.49	1.15
PTHR12730	3609.78	3525.09	392.0	13.32	10.25
PTHR12736	2343.19	2258.49	587.01	23.28	17.9
PTHR12735	5195.18	5025.76	2809.98	134.85	103.68
PTHR15020	13141.14	12802.33	5958.89	245.12	188.44
PTHR12558	5979.74	5767.99	733.0	37.63	28.94
PTHR12553	10152.06	9770.91	3633.0	128.03	98.42
PTHR10497	559.0	516.65	14848.02	1735.99	1334.64
PTHR10496	369.0	326.68	7.0	1.3	1.0
PTHR21569	2434.82	2307.77	17941.16	1619.48	1245.07
PTHR21567	5666.91	5497.5	821.0	37.84	29.1
PTHR13950	2223.0	2138.3	286.0	13.18	10.14
PTHR12133	2154.67	2069.97	153.0	8.69	6.69
PTHR10972	6076.41	5864.66	2120.0	108.06	83.07
PTHR21704	4733.57	4648.87	290.0	8.35	6.42
PTHR10606	1291.86	1249.51	1115.88	53.52	41.15
PTHR13743	3598.0	3428.6	302.0	15.64	12.03
PTHR22942	9633.61	9379.51	1310.0	49.84	38.3
PTHR13395	1839.74	1797.39	462.41	15.39	11.83
PTHR22891	7834.96	7707.98	6630.69	109.02	83.8
PTHR22893	3529.96	3402.9	902.22	31.95	24.55
PTHR24067	24053.08	23333.13	17437.82	680.63	523.25
PTHR24064	8849.4	8468.42	1517.29	110.76	85.16
PTHR24063	37813.41	36712.27	29284.95	769.64	591.7
PTHR21011	1399.0	1356.65	686.0	30.29	23.29
PTHR25040	7887.44	7718.02	2787.39	94.43	72.6
PTHR10774	13782.28	13274.09	1507.86	81.5	62.64
PTHR24068	2860.07	2775.37	14987.8	538.41	413.94
PTHR19980	2565.0	2480.3	343.0	16.61	12.77
PTHR12959	2218.9	2049.55	289.49	32.14	24.71
PTHR24115	60382.27	58857.67	10649.98	258.62	198.82
PTHR10961	1520.68	1478.32	1097.0	44.44	34.16
PTHR11825	9513.29	9259.2	4737.71	166.07	127.66
PTHR10809	619.88	577.64	1942.98	202.85	155.96
PTHR11822	2094.39	2052.04	2067.0	60.24	46.31
PTHR10555	4365.82	4238.78	1522.0	72.92	56.06
PTHR10806	1147.52	1105.16	1016.0	55.14	42.39
PTHR10804	15624.69	15328.23	12516.54	383.95	295.18
PTHR11556	6271.0	6059.25	69268.74	2404.78	1848.81
PTHR11558	3449.0	3364.3	1263.23	44.99	34.59
PTHR13773	6289.68	6204.98	2066.23	45.58	35.05
PTHR10537	1678.18	1635.83	532.0	19.47	14.97
PTHR11953	2680.75	2596.05	444.0	16.56	12.73
PTHR11952	11396.41	11227.07	7479.11	104.61	80.41
PTHR11956	2330.0	2287.65	1098.0	28.69	22.06
PTHR11959	2497.0	2454.65	1380.0	33.6	25.83
PTHR11739	5798.27	5671.21	15945.52	1122.65	863.1
PTHR11732	28114.57	27183.05	9425.29	345.99	265.96
PTHR11731	12351.39	12012.77	3048.01	106.52	81.88
PTHR11730	10747.26	10493.17	3564.61	86.32	66.36
PTHR11735	2515.72	2346.32	105.0	10.86	8.35
PTHR10394	1003.0	960.65	40774.9	2548.4	1959.23
PTHR20941	3403.0	3360.65	106.0	1.88	1.45
PTHR10150	3644.97	3475.74	169.0	10.93	8.4
PTHR31065	11059.09	10847.37	9394.85	135.95	104.52
PTHR10159	17513.45	17089.93	10549.06	292.5	224.87
PTHR31066	504.0	461.65	4.0	0.52	0.4
PTHR13604	685.0	642.65	39.0	3.66	2.81
PTHR23264	3774.55	3647.49	700.0	34.3	26.37
PTHR23269	1768.0	1725.65	300.0	10.4	8.0
PTHR31204	1075.03	1032.67	624.84	36.31	27.92
PTHR31201	1253.0	1210.65	366.0	18.12	13.93
PTHR31209	2504.97	2377.92	251.0	19.26	14.81
PTHR11607	7804.63	7465.89	410.0	25.25	19.4
PTHR11606	6870.53	6743.47	21231.85	442.53	340.21
PTHR11601	9174.61	8920.51	2089.0	73.72	56.66
PTHR32467	20953.19	20106.43	3947.0	165.56	127.3
PTHR14255	9301.29	8962.52	946.0	42.13	32.4
PTHR31840	494.0	451.65	32.0	4.29	3.3
PTHR23130	9174.88	8963.18	1526.98	65.72	50.53
PTHR23133	951.0	908.65	278.0	18.38	14.13
PTHR23135	3819.64	3734.93	902.55	29.08	22.37
PTHR23138	3330.0	3245.3	3521.68	155.02	119.18
PTHR23139	17203.75	16737.89	10014.94	388.78	298.91
PTHR31682	1731.0	1688.65	869.85	30.83	23.7
PTHR11040	4517.15	4305.49	859.0	66.93	51.46
PTHR11043	1331.0	1288.65	1206.0	56.08	43.12
PTHR11048	10306.39	10052.28	5005.72	184.76	142.04
PTHR14005	2375.0	2332.65	2072.0	53.1	40.82
PTHR15818	760.0	717.65	91.0	7.63	5.87
PTHR12636	2740.0	2697.65	588.0	13.02	10.01
PTHR14490	1894.0	1766.98	109.0	10.27	7.9
PTHR14493	36401.56	34919.37	10990.89	431.94	332.06
PTHR15651	533.0	490.65	118.0	14.54	11.18
PTHR12380	4130.97	3961.56	1550.0	98.09	75.41
PTHR12385	1273.66	1231.31	1971.21	95.96	73.78
PTHR12706	10896.39	10388.24	1803.87	71.61	55.04
PTHR12709	1577.79	1535.44	327.97	12.79	9.83
PTHR19957	6784.32	6572.55	4382.63	192.39	147.91
PTHR12561	777.0	734.65	20.0	1.64	1.26
PTHR12560	9677.87	9466.12	7185.74	161.54	124.2
PTHR11203	6678.47	6509.06	1071.0	35.09	26.98
PTHR12097	6675.0	6590.3	2885.5	46.83	36.0
PTHR11200	11703.86	11322.74	4386.01	154.11	118.48
PTHR21576	12263.16	11839.69	1505.0	72.93	56.08
PTHR24193	6646.17	6265.09	1961.19	117.96	90.68
PTHR12419	6602.07	6390.35	1542.03	56.94	43.78
PTHR30525	1519.0	1476.65	1683.52	68.28	52.49
PTHR12413	2679.36	2509.98	532.0	50.17	38.57
PTHR12411	17976.56	17341.35	10840.58	553.68	425.69
PTHR23339	7528.16	7274.05	2222.98	97.05	74.61
PTHR12415	1324.0	1239.34	46.0	3.92	3.01
PTHR10947	1400.0	1315.32	204.0	22.11	17.0
PTHR21717	1952.71	1868.0	407.0	25.75	19.8
PTHR21712	3147.17	3062.46	804.0	33.72	25.92
PTHR12897	2843.97	2759.27	11937.13	322.24	247.74
PTHR12894	4391.6	4179.85	594.0	38.29	29.45
PTHR12891	1482.0	1439.65	48.0	2.0	1.54
PTHR22976	11632.25	11378.12	17269.53	362.13	278.4
PTHR22975	4373.0	4245.95	1169.0	43.11	33.15
PTHR20922	2626.49	2499.44	843.0	51.23	39.38
PTHR21377	2739.41	2654.7	1063.13	47.27	36.35
PTHR21371	2411.0	2368.65	19983.68	504.31	387.71
PTHR21373	4338.5	4169.11	804.34	24.75	19.03
PTHR22573	11091.36	10879.61	6709.98	199.89	153.67
PTHR22572	11993.29	11612.13	17028.76	682.51	524.72
PTHR30566	3681.56	3554.66	1062.0	43.5	33.44
PTHR21000	2793.0	2750.65	6517.0	141.56	108.83
PTHR10701	2181.0	2096.3	1765.0	101.27	77.85
PTHR13162	8129.0	7959.6	4762.63	143.19	110.09
PTHR13165	3819.32	3776.97	3107.54	49.12	37.77
PTHR21396	523.0	480.65	61.0	7.67	5.9
PTHR12459	1442.0	1399.65	287.0	12.28	9.44
PTHR10681	12681.05	12384.57	6725.01	259.25	199.31
PTHR24106	9642.7	9176.89	748.99	42.27	32.5
PTHR24103	2826.54	2741.83	894.0	32.12	24.69
PTHR11540	3784.68	3699.97	24598.4	864.76	664.84
PTHR10836	2729.0	2644.3	93203.7	3375.7	2595.27
PTHR10835	3203.0	3160.65	989.08	18.69	14.37
PTHR11545	3658.0	3530.95	26244.79	1912.37	1470.25
PTHR10012	911.53	869.18	466.05	32.22	24.77
PTHR13768	1648.54	1563.85	589.0	45.38	34.89
PTHR24078	7433.31	7136.93	881.0	46.1	35.44
PTHR11946	26232.97	25555.38	12766.61	433.16	333.01
PTHR11947	6674.9	6463.15	4215.0	112.14	86.21
PTHR11941	9491.88	9153.05	5054.25	231.56	178.03
PTHR24072	1846.0	1761.3	266.17	18.25	14.04
PTHR24073	20416.17	19738.57	19532.0	770.52	592.38
PTHR10491	1492.18	1407.47	176.84	15.83	12.17
PTHR24076	18467.88	18002.02	10326.13	326.69	251.16
PTHR24077	21110.08	20347.76	4561.95	229.38	176.33
PTHR11728	7751.85	7582.45	1541.98	49.31	37.92
PTHR11726	1447.0	1362.35	28450.0	1600.69	1230.63
PTHR11727	668.0	625.65	47.0	4.53	3.48
PTHR11721	789.0	746.65	28511.32	2297.41	1766.26
PTHR11722	1332.0	1247.3	17352.5	1677.02	1289.31
PTHR10120	1194.35	1152.0	683.0	35.55	27.33
PTHR10122	4633.0	4590.65	8319.73	108.17	83.16
PTHR11451	10874.0	10577.56	6687.89	232.65	178.87
PTHR11831	850.0	807.65	13.0	0.97	0.74
PTHR11835	6440.0	6270.6	3892.82	126.47	97.23
PTHR11614	5314.72	5187.66	4643.67	152.29	117.08
PTHR11615	9182.12	8970.41	28521.41	791.56	608.55
PTHR11618	4667.57	4582.86	1141.0	29.59	22.75
PTHR14140	2888.0	2803.3	509.0	18.5	14.22
PTHR32419	5216.0	5088.93	1174.0	41.01	31.52
PTHR10231	1670.0	1627.65	208.0	7.65	5.88
PTHR10233	8227.0	8015.25	2243.0	81.57	62.7
PTHR31503	11316.0	11188.95	9861.48	155.0	119.17
PTHR23147	632.0	589.65	144.0	14.73	11.32
PTHR23140	2159.04	2116.68	713.0	20.14	15.49
PTHR23142	2950.52	2865.81	972.0	34.63	26.63
PTHR23149	1302.76	1260.42	357.81	17.01	13.08
PTHR23148	1419.0	1376.65	155.63	6.77	5.21
PTHR31695	3066.21	2981.51	754.95	30.88	23.74
PTHR11056	1425.03	1382.68	305.0	13.21	10.16
PTHR11055	4633.1	4506.05	14073.38	509.95	392.05
PTHR32523	5166.16	5039.11	994.04	33.14	25.47
PTHR10670	6949.0	6906.65	479.0	4.14	3.18
PTHR10540	6068.66	5941.6	3940.54	139.68	107.39
PTHR12629	1152.0	1109.65	1011.01	54.65	42.01
PTHR18945	5005.15	4920.45	738.96	15.25	11.73
PTHR26402	7197.95	6986.2	3478.15	110.74	85.14
PTHR19384	14842.38	14334.23	47813.07	1990.09	1529.99
PTHR12714	5663.78	5494.37	1565.61	70.88	54.49
PTHR32251	2312.1	2269.74	916.0	24.13	18.55
PTHR12570	3177.29	3092.58	222.0	9.75	7.49
PTHR21494	1126.18	1041.48	32.0	3.66	2.82
PTHR21496	6555.07	6343.31	6714.33	355.7	273.47
PTHR21493	34128.81	33112.43	14929.93	505.01	388.26
PTHR21499	4284.38	4157.36	1829.92	86.75	66.69
PTHR21148	2263.0	2178.3	459.0	25.26	19.42
PTHR12083	2473.5	2388.79	462.0	22.92	17.62
PTHR13355	1507.0	1422.3	243.0	19.12	14.7
PTHR13976	24040.91	23744.45	18390.24	294.83	226.68
PTHR19852	2656.0	2613.65	1058.0	24.19	18.6
PTHR12406	8942.12	8645.67	1846.8	72.77	55.95
PTHR16128	2945.0	2817.95	514.0	29.79	22.91
PTHR12400	939.24	896.88	133.0	8.91	6.85
PTHR30314	5965.48	5796.08	3735.0	158.9	122.16
PTHR12882	1357.0	1314.65	723.99	33.0	25.37
PTHR12883	1743.0	1700.65	690.0	24.28	18.67
PTHR16255	5138.56	4969.18	1937.04	89.6	68.88
PTHR16254	10425.98	10298.93	6457.78	104.09	80.02
PTHR22960	1270.0	1227.65	95.0	4.64	3.57
PTHR13373	2525.76	2483.4	698.0	16.8	12.91
PTHR13375	2923.59	2838.88	557.0	21.9	16.84
PTHR22967	1062.0	1019.65	102.0	6.0	4.62
PTHR23407	1540.22	1497.86	159.41	6.37	4.9
PTHR30222	1130.44	1088.09	212.0	11.69	8.99
PTHR13115	781.0	738.65	91.0	7.41	5.7
PTHR13117	2103.15	2060.8	373.0	10.82	8.32
PTHR12975	2791.8	2664.77	320.0	17.97	13.82
PTHR13285	3843.0	3800.65	465.0	7.3	5.62
PTHR13288	1110.0	1067.65	229.0	12.87	9.89
PTHR10953	12855.91	12474.74	3349.61	137.19	105.45
PTHR10954	2361.18	2276.48	825.94	43.57	33.49
PTHR21726	1891.0	1806.3	184.0	11.02	8.47
PTHR10826	1353.0	1310.65	1469.0	67.16	51.63
PTHR11533	8167.56	7955.8	6180.67	210.86	162.11
PTHR11532	7173.65	7004.25	2698.42	78.69	60.5
PTHR10971	4840.46	4713.41	1701.58	62.37	47.96
PTHR10000	5663.77	5536.69	1075.9	36.38	27.97
PTHR13021	1321.0	1278.65	644.0	30.18	23.21
PTHR24006	30063.79	28836.02	4090.0	226.69	174.28
PTHR24003	14387.57	13879.4	1639.0	77.86	59.84
PTHR31446	2721.78	2637.12	723.0	33.8	25.99
PTHR31442	1445.9	1361.2	93.0	8.96	6.89
PTHR11441	2052.0	2009.65	1025.0	30.5	23.45
PTHR11440	13080.39	12783.94	4877.26	131.31	100.93
PTHR11999	8516.95	8220.55	5062.94	168.15	129.27
PTHR11998	4872.0	4787.3	1824.0	45.05	34.64
PTHR11449	696.0	653.65	38332.66	3532.85	2716.08
PTHR11994	5207.0	5122.3	27911.0	368.42	283.25
PTHR10133	6345.2	6006.42	494.0	37.41	28.77
PTHR21649	16495.98	15733.75	1008862.1	91242.89	70148.12
PTHR13620	5384.64	5088.38	398.0	27.82	21.38
PTHR11847	872.0	829.65	16998.18	1231.53	946.81
PTHR11843	819.0	776.65	33268.07	2576.24	1980.63
PTHR11661	3052.0	2924.95	26970.69	2516.46	1934.67
PTHR11662	43720.17	42534.37	156976.57	3045.55	2341.44
PTHR11669	4772.26	4645.21	1409.0	56.03	43.08
PTHR11668	15003.73	14580.23	7815.87	284.35	218.59
PTHR20856	12868.86	12657.1	3064.04	77.48	59.57
PTHR20854	6202.4	6032.99	3758.84	168.74	129.72
PTHR20852	8000.0	7703.66	17184.1	558.19	429.14
PTHR32404	1145.94	1103.58	193.0	10.49	8.06
PTHR20858	2238.71	2111.9	260.32	22.21	17.07
PTHR10634	1765.0	1722.65	9342.0	324.54	249.51
PTHR30603	2360.0	2317.65	3282.98	84.68	65.1
PTHR11709	5041.18	4956.47	494.0	7.1	5.46
PTHR14237	12465.53	11957.43	5897.13	180.77	138.97
PTHR10738	2252.0	2124.98	205.99	14.07	10.82
PTHR10264	2267.0	2224.65	921.0	24.75	19.03
PTHR23155	61173.65	59395.06	8795.83	324.28	249.27
PTHR23153	5495.51	5241.41	558.0	44.71	34.35
PTHR23151	13908.09	13526.93	24112.66	746.56	573.96
PTHR11063	1355.92	1313.57	579.0	26.41	20.31
PTHR11062	1216.0	1131.3	5.0	0.48	0.37
PTHR11061	9100.03	8591.82	3445.24	292.09	224.56
PTHR11065	12088.36	11791.98	7323.31	209.78	161.28
PTHR11064	4194.98	4067.93	8831.81	209.52	161.08
PTHR11260	19153.73	18645.51	15112.11	489.79	376.55
PTHR11264	1939.66	1897.31	510.0	16.08	12.36
PTHR11266	18082.81	17616.95	10154.01	288.91	222.12
PTHR13501	1443.31	1358.61	3754.0	288.3	221.64
PTHR31998	4499.0	4414.38	43154.36	621.62	477.9
PTHR31221	1636.0	1551.3	123.0	10.43	8.02
PTHR15838	1728.0	1643.3	158.0	11.85	9.11
PTHR12850	666.11	623.76	28091.39	2714.37	2086.82
PTHR32338	1321.0	1278.65	2018.0	94.58	72.72
PTHR31407	4121.84	3994.79	2831.0	106.34	81.76
PTHR15744	2831.41	2704.36	778.99	48.65	37.4
PTHR18952	4523.49	4396.43	1796.99	61.87	47.56
PTHR10552	800.0	757.65	598.0	47.48	36.5
PTHR21597	3544.17	3417.12	503.0	25.99	19.98
PTHR12765	442.0	399.66	38.0	5.76	4.43
PTHR12505	1895.31	1810.6	302.65	18.13	13.94
PTHR22603	6170.73	6001.32	1139.0	39.56	30.41
PTHR12506	4079.06	3909.66	562.0	32.54	25.02
PTHR22604	3620.49	3493.45	1608.02	56.44	43.39
PTHR21481	1219.0	1176.65	70.0	3.57	2.74
PTHR22778	3479.83	3352.78	3043.0	132.39	101.78
PTHR12169	4774.34	4520.26	1170.0	76.26	58.64
PTHR19446	39557.29	38794.92	48783.34	1060.01	814.94
PTHR12219	1479.0	1436.65	2923.99	121.9	93.72
PTHR13561	1431.57	1346.86	268.0	19.41	14.93
PTHR13563	1743.35	1658.67	183.0	13.1	10.07
PTHR12210	19602.27	19305.81	9915.43	158.73	122.03
PTHR12215	1199.95	1115.26	73.0	8.95	6.88
PTHR12214	1032.0	947.31	63.0	8.03	6.18
PTHR22911	9126.75	8745.59	1484.81	87.91	67.59
PTHR22912	19414.92	18737.34	18886.69	903.77	694.81
PTHR12183	5154.0	5027.01	1209.0	38.08	29.27
PTHR19849	2661.0	2576.3	411.0	19.91	15.3
PTHR22594	10976.46	10637.71	6942.25	272.94	209.83
PTHR11864	4145.03	3975.62	691.0	41.39	31.81
PTHR21152	11490.55	11321.16	13647.76	394.76	303.49
PTHR30075	2072.8	1988.1	653.29	39.49	30.37
PTHR11632	14294.85	14083.12	18918.26	372.89	286.67
PTHR13102	3060.1	2933.05	774.03	45.32	34.85
PTHR12984	1952.0	1909.65	233.0	7.3	5.61
PTHR23293	3858.77	3731.76	7129.0	220.28	169.34
PTHR13299	2923.63	2838.93	983.0	42.46	32.65
PTHR12652	1044.0	1001.65	2625.99	157.36	120.98
PTHR10925	4200.0	4030.6	381.0	21.95	16.87
PTHR21737	3136.0	2966.6	594.0	49.99	38.44
PTHR10920	3452.32	3282.92	602.23	40.84	31.39
PTHR10584	19465.54	18745.63	6307.84	227.21	174.69
PTHR11528	8086.0	7916.6	18666.83	584.13	449.08
PTHR11527	2216.0	2173.65	2588.99	71.22	54.75
PTHR11525	2496.0	2453.65	895.0	21.8	16.76
PTHR10859	4288.0	4160.95	802.0	30.17	23.2
PTHR10589	1534.0	1449.3	896.0	66.09	50.81
PTHR10588	15644.97	14925.06	567.01	31.61	24.3
PTHR13038	2038.98	1954.27	214.0	13.22	10.17
PTHR13748	18213.3	17705.09	19608.1	429.6	330.26
PTHR10026	4253.0	4125.95	1378.01	56.22	43.22
PTHR24015	28239.7	27519.81	5543.18	173.17	133.13
PTHR24012	40682.85	39708.78	118988.88	4431.16	3406.7
PTHR24011	39466.67	38111.63	24946.74	744.65	572.47
PTHR31187	16381.75	15915.89	44354.1	915.32	703.71
PTHR13948	1432.28	1389.96	701.0	30.21	23.23
PTHR21145	841.81	799.45	238.0	17.9	13.76
PTHR10459	5818.08	5606.33	749.26	32.31	24.84
PTHR11453	1861.68	1776.98	99.0	6.75	5.19
PTHR10108	50047.84	48396.25	22017.76	812.64	624.73
PTHR11986	13729.08	13305.57	11693.08	361.93	278.24
PTHR11455	10103.84	9722.7	3099.49	144.71	111.25
PTHR10102	4048.66	3963.95	358.0	10.21	7.84
PTHR11458	1367.0	1324.65	3770.18	170.54	131.11
PTHR10106	1138.0	1095.65	129.0	7.06	5.43
PTHR11851	25429.79	24752.18	14830.86	447.47	344.03
PTHR23092	7639.23	7342.84	3093.8	89.94	69.15
PTHR23091	13754.63	13204.15	2566.99	136.11	104.65
PTHR11673	1683.0	1640.65	22524.79	821.78	631.79
PTHR11670	3897.33	3812.62	10897.26	325.22	250.03
PTHR11671	1433.0	1390.65	1093.0	47.08	36.2
PTHR20863	2806.0	2678.95	30636.8	1768.29	1359.47
PTHR20861	3259.78	3132.73	1994.99	121.19	93.17
PTHR11679	7921.84	7710.09	1627.98	56.53	43.45
PTHR14009	6880.5	6795.8	3307.01	58.71	45.14
PTHR10217	16844.31	16336.09	2433.71	85.49	65.75
PTHR10210	1586.0	1543.65	886.0	34.36	26.42
PTHR11588	10207.65	9953.57	135721.11	4426.09	3402.81
PTHR31522	1415.0	1372.65	423.0	18.46	14.19
PTHR14221	1293.0	1208.34	271.0	23.52	18.08
PTHR11079	6001.49	5747.44	564.94	34.07	26.2
PTHR11076	14386.53	13878.32	1097.09	52.86	40.66
PTHR11070	1561.0	1476.35	97.0	6.32	4.85
PTHR11071	23542.61	22695.67	38587.33	2051.61	1577.27
PTHR11278	751.0	708.65	21347.21	1813.26	1394.05
PTHR14107	484.0	441.65	120.1	16.46	12.66
PTHR11276	2724.0	2639.3	87.0	3.79	2.91
PTHR11274	1186.9	1144.55	913.0	47.83	36.77
PTHR14136	6079.99	5910.59	6194.16	271.16	208.48
PTHR31984	5746.03	5618.98	1547.02	37.11	28.54
PTHR15350	3492.25	3407.55	1820.84	60.75	46.71
PTHR15606	907.25	864.89	262.0	18.2	13.99
PTHR12374	1681.19	1596.5	467.0	37.73	29.01
PTHR12375	1025.11	982.76	321.0	19.61	15.07
PTHR12378	663.58	621.22	71.0	6.89	5.3
PTHR18929	8603.35	8349.24	61324.88	2075.81	1595.9
PTHR30535	3235.96	3151.25	779.0	24.64	18.94
PTHR12777	1174.0	1131.65	1741.0	92.27	70.94
PTHR12775	2948.2	2778.84	1110.0	91.15	70.08
PTHR12770	8444.64	8232.88	2932.93	114.2	87.8
PTHR14085	2340.0	2297.65	325.0	8.46	6.5
PTHR16092	3908.59	3823.89	1890.0	52.91	40.68
PTHR10938	2282.0	2239.65	822.0	21.94	16.87
PTHR11035	1756.0	1671.3	2498.81	154.49	118.78
PTHR22298	31032.82	30313.2	6286.99	174.68	134.3
PTHR12174	3745.32	3618.27	2202.99	115.18	88.56
PTHR12175	1440.0	1397.65	516.79	22.15	17.03
PTHR12176	11195.02	10898.55	4032.0	85.4	65.65
PTHR22769	7530.55	7276.54	1406.11	77.23	59.37
PTHR22767	4446.11	4192.02	794.0	65.79	50.57
PTHR22765	9973.3	9761.58	3206.02	84.63	65.07
PTHR22762	16012.16	15546.36	6872.28	228.38	175.6
PTHR22763	1159.0	1074.31	49.0	4.52	3.48
PTHR22761	2556.79	2472.09	1209.0	56.71	43.6
PTHR21231	5580.0	5410.6	974.0	71.36	54.88
PTHR21230	4553.7	4426.65	1200.0	50.11	38.52
PTHR21234	4299.0	4214.3	709.0	22.63	17.4
PTHR21237	3321.0	3193.95	1984.02	112.27	86.31
PTHR12202	2877.06	2707.65	249.0	19.39	14.91
PTHR12203	5530.41	5403.35	926.0	31.54	24.25
PTHR19857	1985.0	1900.38	109.0	4.76	3.66
PTHR19854	4361.36	4149.61	198.0	13.42	10.32
PTHR19855	1382.49	1297.79	190.0	17.6	13.53
PTHR13353	6064.09	5894.69	846.82	31.78	24.43
PTHR19853	3677.0	3507.6	159.0	11.62	8.93
PTHR11136	1918.34	1791.36	485.01	44.83	34.48
PTHR12197	29026.95	28095.55	15457.04	428.32	329.3
PTHR19858	2642.27	2557.57	403.0	17.29	13.29
PTHR13822	1767.63	1725.28	4574.1	158.66	121.98
PTHR10344	2031.43	1989.07	842.23	25.32	19.47
PTHR13138	783.34	740.98	208.0	16.89	12.98
PTHR10732	572.0	529.65	17110.41	1950.79	1499.78
PTHR10739	3390.52	3263.48	1401.0	75.26	57.86
PTHR22846	1893.64	1808.94	349.0	20.84	16.02
PTHR12992	2688.0	2603.3	321.0	14.85	11.42
PTHR22838	1961.5	1919.14	441.0	13.75	10.57
PTHR22836	1561.0	1518.65	177.0	6.98	5.37
PTHR11934	1195.0	1152.65	362.0	18.83	14.48
PTHR10693	619.0	576.65	305.02	31.91	24.53
PTHR10934	1009.0	966.65	23584.82	1464.82	1126.16
PTHR11510	3237.0	3194.65	4225.99	79.01	60.74
PTHR11516	5291.4	5122.0	11613.0	630.94	485.06
PTHR10025	8019.45	7765.39	1917.61	82.38	63.32
PTHR10027	7532.87	7278.77	386.0	20.13	15.48
PTHR13009	6514.0	6344.6	1732.99	58.73	45.14
PTHR13007	1684.0	1641.65	366.0	13.34	10.26
PTHR30115	1252.0	1209.65	2162.31	107.16	82.39
PTHR10598	1595.0	1552.65	765.18	29.51	22.68
PTHR17901	3132.67	3047.98	659.67	26.6	20.45
PTHR14413	1465.0	1380.3	1780.02	128.01	98.41
PTHR24351	4674.51	4589.8	1169.0	30.08	23.13
PTHR20981	831.0	788.65	21781.33	1660.83	1276.86
PTHR20982	3008.0	2923.3	1688.11	77.09	59.27
PTHR24352	5750.0	5665.3	2033.0	42.66	32.8
PTHR11467	796.0	753.65	22.0	1.76	1.35
PTHR10119	8482.07	8185.6	4486.3	180.99	139.15
PTHR10114	676.0	633.65	26829.96	2551.6	1961.69
PTHR10110	12023.45	11727.01	2173.0	76.93	59.13
PTHR11469	2233.0	2190.65	5689.96	155.3	119.39
PTHR10445	885.0	842.65	456.0	32.52	25.0
PTHR11863	2534.0	2449.3	631.0	30.7	23.61
PTHR24286	25360.71	24810.12	19293.81	540.81	415.77
PTHR23429	4926.88	4799.82	3928.81	133.71	102.81
PTHR23426	3831.25	3704.2	3943.0	171.29	131.7
PTHR10593	3609.0	3481.95	513.97	27.93	21.47
