GeneFamily	length	effective_length	expected_count	TPM	FPKM
PTHR11649	9281.19	8951.45	3900.87	177.52	127.04
PTHR31089	3675.16	3633.95	665.86	12.93	9.25
PTHR31085	404.0	362.8	45.0	8.91	6.37
PTHR11647	4046.0	3963.56	571.0	20.19	14.45
PTHR11645	3438.98	3397.77	1901.0	39.49	28.26
PTHR10209	3168.0	3085.56	489.0	20.9	14.96
PTHR32429	4034.0	3951.56	30249.06	1154.31	826.04
PTHR31423	806.0	764.78	292.17	27.16	19.44
PTHR31551	750.0	708.78	1018.79	102.28	73.19
PTHR32195	973.0	890.61	25.0	3.61	2.59
PTHR11081	3279.0	3114.14	167.0	13.32	9.53
PTHR11080	2824.38	2741.94	850.0	38.67	27.68
PTHR11082	10987.37	10657.67	1593.84	74.67	53.43
PTHR11085	3218.0	3094.35	537.12	25.04	17.92
PTHR13501	1760.0	1718.78	308.0	12.68	9.07
PTHR11089	10531.5	10119.33	2598.32	121.42	86.89
PTHR12271	3399.0	3234.15	172.0	13.93	9.97
PTHR32518	3536.0	3494.78	844.0	17.04	12.2
PTHR11247	2081.22	1998.78	674.09	38.23	27.35
PTHR11246	10516.0	10351.12	2229.0	47.37	33.9
PTHR32512	1450.0	1408.78	136.0	6.83	4.89
PTHR23088	4460.0	4295.13	973.3	53.06	37.97
PTHR23089	2380.0	2256.35	800.0	84.85	60.72
PTHR23081	5582.01	5499.57	687.99	17.47	12.5
PTHR23083	36930.21	35817.46	12083.86	417.41	298.72
PTHR23084	6500.84	6253.53	3821.31	226.27	161.93
PTHR23086	4038.43	3873.55	601.0	48.68	34.83
PTHR18806	1353.88	1312.67	826.37	44.59	31.91
PTHR11880	2225.0	2142.57	22249.98	2722.48	1948.26
PTHR31953	4427.76	4304.11	1784.58	50.3	36.0
PTHR15184	9103.58	8856.28	15736.2	426.32	305.08
PTHR11885	1409.0	1326.57	20298.06	1845.89	1320.95
PTHR15341	780.0	738.78	93.0	8.95	6.41
PTHR32357	932.09	849.69	59.01	9.43	6.75
PTHR12696	4806.0	4764.78	2557.01	37.85	27.09
PTHR12341	4889.45	4683.38	707.0	54.12	38.74
PTHR10168	7263.0	7098.12	31604.99	630.35	451.1
PTHR15160	11174.21	10968.13	8989.81	296.63	212.27
PTHR18937	22251.34	21880.38	6050.58	150.02	107.33
PTHR18934	15258.1	14681.17	6808.93	173.13	123.9
PTHR12742	4026.33	3902.69	1361.0	77.17	55.23
PTHR12741	3673.0	3590.56	1458.3	61.72	44.17
PTHR19288	8401.01	8194.92	4927.31	146.55	104.86
PTHR13902	6732.89	6609.24	1594.0	40.63	29.08
PTHR13903	2219.98	2137.55	507.0	33.34	23.86
PTHR22753	4558.0	4434.34	933.39	27.89	19.96
PTHR30615	1901.5	1777.87	398.0	45.0	32.2
PTHR21220	935.0	852.58	21.0	3.53	2.52
PTHR22938	5065.77	4983.33	1737.0	49.32	35.29
PTHR16266	7223.0	7016.93	665.0	19.84	14.2
PTHR30612	2783.25	2700.82	458.0	18.3	13.1
PTHR22932	623.0	581.79	2321.67	284.56	203.64
PTHR21228	56769.05	54873.31	14647.94	447.0	319.91
PTHR31038	981.0	939.78	285.0	21.53	15.4
PTHR13832	45045.1	44055.94	27316.0	782.33	559.88
PTHR21139	2424.0	2382.78	998.0	29.59	21.18
PTHR21136	2700.0	2617.56	1794.0	83.71	59.91
PTHR12526	34670.5	33969.89	16504.46	428.86	306.9
PTHR13120	2209.0	2167.78	747.0	24.35	17.43
PTHR22809	1880.0	1715.18	36.0	5.62	4.01
PTHR22807	10156.13	9867.7	2171.0	64.42	46.11
PTHR20661	2040.0	1957.56	188.28	14.41	10.31
PTHR10900	15509.6	15097.46	7944.88	237.72	170.12
PTHR10906	2232.0	2190.78	138.0	4.45	3.19
PTHR10909	17859.73	17529.98	16424.8	429.88	307.61
PTHR10055	4483.0	4359.34	1515.0	61.33	43.89
PTHR10057	2151.92	2069.49	804.0	55.43	39.67
PTHR10052	394.0	352.8	0.0	0.0	0.0
PTHR13017	1207.0	1165.78	138.0	8.39	6.0
PTHR13018	18286.59	17874.46	6800.72	166.0	118.81
PTHR10694	7828.0	7498.28	1573.01	98.1	70.21
PTHR12839	1771.0	1647.37	85.0	9.99	7.14
PTHR12835	2330.0	2247.57	210.0	9.31	6.66
PTHR24031	66036.58	63522.87	75357.24	2545.56	1821.65
PTHR24032	676.0	634.78	18.0	2.02	1.45
PTHR11922	4520.0	4396.35	3911.0	105.86	75.75
PTHR24349	73304.84	71532.63	45869.21	1276.42	913.44
PTHR24619	5677.0	5306.18	505.77	50.85	36.38
PTHR24343	23657.38	22997.96	8319.76	368.17	263.46
PTHR11472	6233.86	5945.34	521.0	35.52	25.42
PTHR11476	5164.0	5040.34	730.0	23.77	17.01
PTHR11477	3096.85	3014.41	1106.0	53.03	37.94
PTHR24305	2891.93	2685.87	277.0	35.18	25.17
PTHR10476	5662.8	5497.93	4469.08	249.6	178.62
PTHR24290	2182.0	2099.58	357.0	21.95	15.71
PTHR23413	870.0	787.66	28631.23	3771.97	2699.29
PTHR23417	4415.1	4250.22	928.43	55.9	40.01
PTHR23416	3627.0	3544.56	1288.0	41.03	29.35
PTHR23415	1476.0	1434.78	793.97	39.17	28.03
PTHR10871	4741.54	4576.67	53834.91	3695.5	2644.57
PTHR23418	716.0	674.78	657.0	69.32	49.6
PTHR10877	30261.52	29602.06	5953.67	144.52	103.41
PTHR11879	5022.56	4898.9	6785.33	235.55	168.57
PTHR10430	2624.0	2541.56	2333.05	155.97	111.62
PTHR31724	6098.59	5933.72	843.0	39.96	28.6
PTHR31098	6908.14	6784.49	3695.69	54.2	38.79
PTHR11655	2949.0	2825.4	61139.11	4053.75	2900.94
PTHR11652	863.86	822.64	24.0	2.07	1.48
PTHR10436	7866.32	7330.58	467.0	53.26	38.12
PTHR20883	1827.12	1785.9	187.0	7.41	5.3
PTHR11895	4393.89	4146.61	481.98	37.08	26.54
PTHR10277	1448.67	1407.45	1107.98	55.74	39.89
PTHR14027	3090.0	2966.37	293.0	17.75	12.71
PTHR13691	966.0	883.59	4.0	0.7	0.5
PTHR23180	16820.71	16490.98	3429.04	84.02	60.11
PTHR14593	2623.78	2500.14	335.0	23.83	17.05
PTHR11093	2487.23	2404.8	2841.04	124.15	88.85
PTHR11096	2483.0	2359.35	345.0	27.4	19.6
PTHR23346	5473.0	5308.17	415.0	18.2	13.02
PTHR11099	1018.71	977.5	507.0	36.81	26.34
PTHR10309	3074.0	3032.78	786.66	18.31	13.1
PTHR14107	1941.0	1899.78	774.01	28.81	20.61
PTHR11252	1957.0	1874.56	216.0	16.58	11.87
PTHR11254	25548.72	25054.1	7575.5	202.46	144.88
PTHR11255	1551.11	1509.9	426.76	20.0	14.31
PTHR14110	7148.0	6983.12	5469.96	200.66	143.6
PTHR14374	853.0	811.78	52.0	4.55	3.26
PTHR18838	712.0	670.78	42.0	4.46	3.19
PTHR12687	941.0	858.62	25.0	4.03	2.88
PTHR15157	3430.59	3224.59	860.0	46.78	33.48
PTHR18901	6872.03	6624.72	2120.58	107.54	76.97
PTHR12755	3564.87	3441.22	412.0	21.04	15.06
PTHR12750	5749.0	5707.78	2240.0	27.67	19.8
PTHR12753	1909.0	1867.78	232.0	8.78	6.29
PTHR15081	2439.0	2397.78	1866.97	55.01	39.36
PTHR15574	6692.0	6403.5	1452.0	84.53	60.48
PTHR12506	2452.66	2411.44	233.83	6.85	4.9
PTHR23109	623.72	582.51	75.0	9.18	6.57
PTHR13931	7166.0	7001.13	4213.88	107.08	76.62
PTHR24006	26244.18	25296.35	4932.15	189.86	135.89
PTHR12358	4587.0	4504.56	1637.0	51.55	36.89
PTHR22748	3556.11	3473.68	553.0	20.04	14.34
PTHR12356	4860.0	4736.35	3383.07	129.97	93.01
PTHR12221	2281.0	2157.39	390.0	39.97	28.6
PTHR21213	1425.0	1383.78	797.01	40.78	29.18
PTHR19879	1887.3	1763.73	169.0	18.44	13.19
PTHR12226	1589.0	1506.56	54.0	5.11	3.66
PTHR19876	4120.77	4038.34	1989.0	55.91	40.01
PTHR19877	9874.0	9791.56	6610.53	98.01	70.14
PTHR21689	3898.17	3815.73	555.99	17.76	12.71
PTHR31190	3723.15	3599.57	1105.99	43.69	31.26
PTHR13803	11598.0	11433.12	80159.63	1293.32	925.53
PTHR19980	3253.0	3170.56	422.0	18.55	13.28
PTHR12537	2899.52	2817.08	1252.99	61.87	44.27
PTHR12532	1749.0	1707.78	86.0	3.56	2.55
PTHR13486	1181.0	1139.78	165.0	10.26	7.34
PTHR13489	1273.0	1231.78	217.0	12.48	8.93
PTHR17583	2484.0	2277.97	93.0	14.3	10.24
PTHR24198	29567.14	28578.0	9415.05	431.38	308.72
PTHR10048	5931.0	5724.92	707.0	41.47	29.69
PTHR24193	15638.22	15185.0	6615.23	328.7	235.24
PTHR10044	1798.27	1674.69	391.63	40.48	28.97
PTHR11998	7860.91	7737.25	3472.42	96.65	69.16
PTHR13060	2104.0	2062.78	236.12	8.09	5.79
PTHR10687	1962.0	1920.78	2199.2	80.95	57.93
PTHR10681	22316.67	21780.83	21226.35	866.73	620.25
PTHR10682	2894.47	2853.26	1327.0	32.84	23.5
PTHR10683	3506.0	3423.56	3081.06	145.31	103.99
PTHR12829	2436.0	2312.44	574.0	26.0	18.6
PTHR12820	6149.98	6108.76	3103.01	35.82	25.63
PTHR12826	826.0	784.78	1041.0	94.3	67.48
PTHR12827	1190.0	1066.41	23.0	4.23	3.03
PTHR17920	1281.0	1198.57	35.0	3.86	2.76
PTHR11405	10127.0	9962.12	7710.21	216.64	155.02
PTHR11404	4749.18	4584.32	3161.43	162.6	116.36
PTHR11406	3481.0	3398.56	1489.97	56.8	40.65
PTHR14744	1086.0	1044.78	60.0	4.07	2.91
PTHR13468	1598.19	1556.98	551.0	25.04	17.92
PTHR23406	12582.41	12293.96	6368.77	142.04	101.63
PTHR23407	830.0	788.78	77.0	6.94	4.97
PTHR10869	16432.16	16061.19	45274.7	982.92	703.4
PTHR31717	9654.0	9489.13	4970.46	114.81	82.17
PTHR13393	2938.84	2897.63	873.0	21.27	15.22
PTHR15169	930.0	847.58	7.0	1.18	0.84
PTHR11315	5014.0	4931.56	19204.58	549.33	393.11
PTHR10139	1748.0	1624.38	113.0	13.96	9.99
PTHR10264	1657.47	1575.04	342.97	41.48	29.69
PTHR10263	5318.0	5235.56	9886.1	238.23	170.47
PTHR31407	5165.0	5041.34	382.0	14.86	10.63
PTHR32170	1633.0	1550.57	110.0	8.59	6.14
PTHR23350	3927.7	3804.09	1436.96	41.64	29.8
PTHR23354	3721.47	3597.83	584.0	30.34	21.71
PTHR23355	7928.63	7516.5	596.24	42.33	30.27
PTHR23359	10729.71	10317.68	10401.85	630.52	451.21
PTHR11227	2669.0	2627.78	1163.04	31.26	22.37
PTHR11220	10504.8	10298.7	10028.1	331.63	237.31
PTHR11223	1224.72	1142.29	74.0	9.02	6.46
PTHR11229	2439.0	2356.56	1254.0	81.64	58.42
PTHR10314	18586.96	18009.97	20174.12	830.55	594.37
PTHR14303	3093.0	3051.78	864.0	19.99	14.3
PTHR14085	1243.58	1202.37	556.0	32.77	23.45
PTHR11139	19174.53	18309.17	2231.73	150.33	107.6
PTHR15362	3596.95	3514.52	1563.0	54.58	39.06
PTHR11132	35327.04	34420.23	12361.43	489.96	350.63
PTHR11134	3758.0	3716.78	1159.0	22.01	15.75
PTHR11136	1373.0	1331.78	118.0	6.27	4.49
PTHR32374	4760.87	4596.0	13372.5	416.04	297.72
PTHR31579	20128.18	19716.07	15518.89	373.34	267.17
PTHR32379	2271.0	2188.57	502.0	24.87	17.81
PTHR18919	6597.47	6473.81	22485.04	600.25	429.55
PTHR32002	6032.0	5867.13	676.0	24.67	17.67
PTHR14413	5288.89	5206.46	4224.77	208.86	149.46
PTHR14089	4427.0	4303.35	1767.0	52.26	37.39
PTHR22893	6485.31	6402.88	2174.0	46.38	33.19
PTHR24067	17703.7	17209.08	14326.3	706.72	505.73
PTHR10072	1903.09	1861.88	903.0	34.29	24.54
PTHR12786	2979.87	2938.66	1192.0	28.64	20.5
PTHR12782	572.0	530.79	31.0	4.17	2.98
PTHR11742	2751.0	2627.4	203.0	9.29	6.65
PTHR11216	3342.0	3259.56	497.0	19.26	13.78
PTHR13923	4774.35	4733.14	731.0	10.89	7.8
PTHR11210	1428.0	1386.78	1028.0	52.49	37.56
PTHR12321	1969.0	1927.78	2601.01	95.39	68.26
PTHR12320	12243.85	11914.1	7961.67	255.76	183.03
PTHR12323	1449.0	1407.78	249.0	12.52	8.96
PTHR16201	1004.41	963.2	593.0	43.69	31.27
PTHR21015	1866.0	1783.56	195.96	15.54	11.12
PTHR16196	3918.35	3835.92	942.0	24.61	17.6
PTHR16193	1432.0	1349.57	226.0	23.28	16.66
PTHR22792	7382.0	7217.15	3107.04	76.37	54.64
PTHR22790	3392.61	3268.95	280.0	18.03	12.91
PTHR21680	1078.0	1036.78	722.0	49.4	35.35
PTHR10343	3633.92	3551.48	1546.02	53.13	38.01
PTHR21113	1849.67	1767.24	887.0	130.05	93.07
PTHR19316	1546.39	1505.18	470.0	22.1	15.82
PTHR21663	896.0	813.63	37.0	6.09	4.35
PTHR13253	10520.91	10191.18	3397.17	160.31	114.73
PTHR12446	712.0	670.78	12.0	1.27	0.91
PTHR21206	1008.0	966.78	150.0	11.01	7.88
PTHR13789	23969.33	23392.28	19360.69	457.12	327.15
PTHR10071	25273.28	24819.91	37381.46	873.0	624.74
PTHR24188	11184.04	10854.32	4170.89	146.15	104.59
PTHR13780	7354.9	7190.02	9652.01	257.51	184.26
PTHR10670	4398.54	4068.9	306.0	38.78	27.76
PTHR10677	4810.2	4727.77	5432.79	104.16	74.54
PTHR13078	7076.76	6911.96	2994.53	172.02	123.1
PTHR12815	4462.0	4379.56	755.11	24.83	17.76
PTHR12814	1442.0	1359.56	102.0	10.46	7.48
PTHR24361	22100.7	21729.8	13501.52	274.97	196.78
PTHR24362	34465.76	33600.22	15706.28	597.6	427.62
PTHR10416	2045.0	2003.78	158.0	5.57	3.99
PTHR10410	6425.0	6301.34	3124.0	102.65	73.45
PTHR10783	12929.26	12599.54	6215.51	247.97	177.43
PTHR10782	985.0	943.78	40.0	3.01	2.15
PTHR13476	3342.1	3259.67	1504.02	73.48	52.58
PTHR10788	8067.7	7944.04	4585.25	149.72	107.14
PTHR10891	56974.31	55408.07	36275.95	1305.92	934.53
PTHR10890	1570.8	1529.58	422.08	19.53	13.97
PTHR20426	1104.71	1063.49	341.0	22.74	16.27
PTHR23213	12856.5	12444.36	4503.0	193.09	138.18
PTHR10520	7002.09	6837.23	4296.55	135.21	96.75
PTHR10250	1635.0	1593.78	1908.0	84.71	60.62
PTHR10527	16588.1	16258.38	10218.06	184.46	132.0
PTHR31384	3414.0	3372.78	793.0	16.6	11.88
PTHR31385	4107.0	4024.56	917.0	23.83	17.05
PTHR10091	1482.0	1440.78	898.0	44.12	31.57
PTHR31142	1594.0	1552.78	841.01	38.33	27.43
PTHR31140	2504.23	2463.01	1264.0	36.25	25.94
PTHR11787	5056.0	5014.78	4814.74	67.72	48.46
PTHR11785	10240.0	9951.54	1543.0	46.22	33.08
PTHR11782	9464.39	9258.34	1852.0	29.11	20.83
PTHR31419	1581.64	1417.02	17.0	3.46	2.48
PTHR11780	3793.0	3710.56	7389.0	204.94	146.66
PTHR32148	10089.1	9759.37	18927.15	914.14	654.18
PTHR23324	9856.29	9691.41	3524.11	96.51	69.06
PTHR23327	3699.0	3616.56	1479.48	45.49	32.55
PTHR23326	5044.0	4920.34	931.12	48.79	34.92
PTHR23321	4356.83	4192.0	2952.96	162.43	116.24
PTHR23323	5434.0	5104.31	982.0	99.31	71.07
PTHR23322	3004.5	2839.67	282.0	26.98	19.31
PTHR23329	1072.36	1031.14	311.0	21.39	15.31
PTHR11236	5178.97	4972.94	879.2	40.84	29.22
PTHR20932	2633.0	2591.78	669.0	18.23	13.05
PTHR10322	9107.18	8777.49	1943.79	91.97	65.81
PTHR11239	1765.0	1682.56	1178.64	85.86	61.45
PTHR10803	4973.06	4849.4	896.0	35.39	25.32
PTHR31964	10525.04	10318.95	22202.72	981.86	702.63
PTHR10552	1059.0	1017.78	242.67	16.91	12.1
PTHR23030	3228.0	3186.78	494.0	10.94	7.83
PTHR11129	3384.87	3261.22	1124.04	54.08	38.7
PTHR15316	3746.47	3581.6	752.0	58.96	42.2
PTHR11127	1073.0	990.58	26662.54	2973.23	2127.7
PTHR11125	2413.03	2289.38	313.0	25.25	18.08
PTHR31566	547.0	505.79	29.0	4.1	2.93
PTHR31567	1662.0	1620.78	979.73	42.77	30.61
PTHR31561	4026.3	3943.86	6474.16	217.02	155.31
PTHR15137	2494.0	2370.35	243.0	20.67	14.79
PTHR14950	413.0	371.79	5.0	0.97	0.69
PTHR15954	1819.0	1736.57	158.0	12.71	9.1
PTHR15952	2757.0	2674.56	235.0	11.91	8.52
PTHR21319	7252.49	7128.84	907.0	35.37	25.3
PTHR21597	2515.3	2391.65	136.0	12.62	9.03
PTHR19271	876.63	794.27	4.0	0.66	0.47
PTHR22931	8041.33	7587.99	2733.0	280.62	200.81
PTHR12022	1317.0	1275.78	2850.24	158.26	113.25
PTHR13343	7237.79	7114.14	4349.87	96.14	68.8
PTHR12233	750.85	709.63	1022.0	102.47	73.33
PTHR12029	8613.04	8242.21	1347.98	64.11	45.87
PTHR22936	9212.5	8923.98	3187.78	113.5	81.23
PTHR22780	8309.08	8144.22	2128.9	57.13	40.89
PTHR21477	3403.19	3320.75	1459.0	67.3	48.16
PTHR19308	3433.0	3350.57	17847.69	448.57	321.0
PTHR22870	22097.32	21314.3	5176.01	212.69	152.19
PTHR17630	10869.13	10621.83	9818.47	279.28	199.84
PTHR10064	601.0	559.79	43499.28	5543.74	3967.2
PTHR10066	4957.35	4751.28	609.0	39.64	28.36
PTHR10060	3857.07	3733.45	839.71	49.28	35.27
PTHR10663	11696.69	11284.53	1760.0	83.27	59.57
PTHR10666	711.0	669.78	43469.04	4620.7	3306.66
PTHR10668	10059.0	9646.9	1927.0	83.09	59.45
PTHR12265	936.0	853.58	21.0	3.48	2.49
PTHR12801	6936.74	6771.86	11553.96	227.65	162.91
PTHR12802	4198.0	3950.78	347.0	31.37	22.43
PTHR12805	1329.17	1287.96	188.0	10.34	7.4
PTHR12806	1302.37	1261.15	470.0	26.4	18.89
PTHR21091	13454.22	13124.51	4117.83	150.56	107.74
PTHR21090	5469.0	5386.56	2981.29	80.18	57.37
PTHR24314	3497.31	3414.88	804.0	33.39	23.9
PTHR11933	825.0	783.78	50.0	4.53	3.25
PTHR24316	13439.87	12986.49	4296.69	147.19	105.32
PTHR11426	5307.29	5183.64	16637.67	837.7	599.47
PTHR11937	9987.08	9781.0	1776.0	72.86	52.15
PTHR11938	14414.0	14290.34	18558.81	182.84	130.85
PTHR13683	925.21	884.0	258.0	20.73	14.83
PTHR24089	58408.29	56801.0	105861.62	3211.15	2297.99
PTHR10796	12363.0	11992.11	3435.6	78.82	56.4
PTHR10794	5864.77	5699.91	1315.55	87.33	62.5
PTHR10795	36893.87	36069.67	16406.73	280.23	200.54
PTHR10792	1033.0	950.59	25252.54	3073.78	2199.65
PTHR10799	56314.58	54048.02	9559.23	454.62	325.26
PTHR10882	1079.0	1037.78	88.0	6.01	4.3
PTHR10887	25882.5	24728.59	6764.59	252.81	180.92
PTHR11686	1325.0	1283.78	207.0	11.42	8.17
PTHR11685	6423.42	6258.55	1871.0	84.18	60.25
PTHR11680	5606.91	5483.26	8203.69	243.87	174.52
PTHR24221	12479.94	12026.66	7183.89	257.31	184.13
PTHR24220	5750.79	5627.15	2360.0	87.6	62.68
PTHR24223	13502.32	12760.62	721.95	64.42	46.12
PTHR11689	17681.9	17352.24	12886.33	153.41	109.79
PTHR10252	1783.0	1700.56	349.0	29.09	20.81
PTHR10537	566.0	524.79	38.0	5.17	3.7
PTHR13124	2770.0	2687.56	495.03	26.03	18.63
PTHR31173	2525.0	2442.56	162.98	9.42	6.74
PTHR12538	603.0	561.79	33729.28	4283.11	3065.07
PTHR10997	12812.0	12441.03	2353.0	90.89	65.04
PTHR10098	1479.0	1437.78	825.0	40.62	29.07
PTHR31356	7046.0	6839.9	7954.18	418.22	299.29
PTHR31352	9023.0	8899.34	12155.36	275.17	196.92
PTHR31350	4175.0	3968.94	357.02	22.31	15.96
PTHR11758	675.0	633.78	27014.78	3036.53	2173.0
PTHR23333	2749.0	2666.56	1617.99	78.45	56.14
PTHR11751	8876.09	8628.78	2349.28	101.57	72.68
PTHR11753	3242.48	3160.05	3026.0	135.43	96.91
PTHR11200	14158.0	13745.84	5704.85	161.97	115.91
PTHR11206	24413.57	23754.17	5363.28	159.01	113.79
PTHR11757	14080.09	13791.6	5140.46	95.94	68.66
PTHR23339	12397.29	12108.79	6084.79	105.11	75.22
PTHR10332	6751.56	6586.69	1741.99	53.9	38.58
PTHR32557	4341.0	4299.78	1477.0	24.23	17.34
PTHR14145	4972.0	4889.56	2740.93	76.44	54.71
PTHR17695	2161.0	1954.97	141.0	25.3	18.11
PTHR13600	2280.0	2238.78	160.0	5.05	3.61
PTHR15744	954.0	912.78	44.0	3.42	2.45
PTHR23029	14176.51	13805.6	10294.71	187.91	134.47
PTHR23023	9956.55	9462.02	892.99	68.41	48.97
PTHR21294	1257.12	1215.9	316.0	18.42	13.18
PTHR11119	5706.0	5623.56	1283.0	37.77	27.04
PTHR12841	1625.0	1583.79	1847.83	82.56	59.08
PTHR31595	9393.0	9063.26	2425.81	101.98	72.98
PTHR31596	1316.98	1234.58	77.0	9.1	6.51
PTHR15948	1637.47	1555.03	135.0	12.36	8.85
PTHR31412	5275.0	5192.56	1339.0	32.4	23.19
PTHR32026	4416.51	4334.07	2949.97	96.36	68.96
PTHR22939	21322.59	20704.38	3786.57	134.93	96.55
PTHR31829	1193.0	1151.78	2596.0	159.76	114.33
PTHR30191	3723.0	3681.78	44379.12	850.62	608.72
PTHR14898	3160.0	3077.56	363.0	17.36	12.42
PTHR19241	41550.9	40108.59	16997.87	460.16	329.29
PTHR14894	3366.07	3324.85	1489.0	31.61	22.62
PTHR15239	2179.19	2014.41	680.09	52.56	37.63
PTHR19854	3732.21	3526.16	951.3	60.17	43.06
PTHR32497	4010.0	3927.56	551.0	19.16	13.72
PTHR12304	1660.21	1577.79	332.55	25.77	18.44
PTHR30540	4928.61	4887.4	3528.77	50.93	36.44
PTHR30544	7132.46	6967.62	1884.0	46.82	33.5
PTHR13302	2446.37	2322.76	382.08	37.91	27.12
PTHR12472	428.0	386.79	9.0	1.67	1.19
PTHR13308	2201.98	2078.33	298.04	27.57	19.74
PTHR12477	1161.0	1119.78	110.0	6.96	4.98
PTHR13878	4538.0	4414.34	427.97	19.57	14.0
PTHR21461	973.65	932.43	209.0	15.91	11.39
PTHR13872	856.0	773.59	21122.04	3437.63	2460.03
PTHR22849	19722.0	19145.02	5214.32	198.96	142.36
PTHR21314	2888.33	2805.9	463.0	23.93	17.13
PTHR21649	12171.45	11677.37	20134.56	1326.76	949.46
PTHR22841	6801.0	6636.15	1955.03	69.28	49.58
PTHR22847	67660.81	65435.41	12887.52	633.08	453.01
PTHR22846	2088.0	2005.56	409.0	29.92	21.41
PTHR22844	16208.53	15796.35	3385.57	111.98	80.12
PTHR31606	927.0	885.78	172.0	13.79	9.87
PTHR23284	1435.0	1393.78	513.0	26.06	18.65
PTHR21266	12629.2	12258.3	1614.99	63.26	45.26
PTHR12277	2875.55	2793.11	1495.74	70.77	50.64
PTHR12276	1737.0	1695.78	189.0	7.88	5.64
PTHR10657	7017.59	6935.16	5047.79	85.89	61.47
PTHR16557	1875.0	1792.57	143.01	10.26	7.34
PTHR10655	1480.0	1438.78	761.0	37.44	26.8
PTHR10652	1071.76	1030.55	336.0	23.13	16.55
PTHR17972	2450.79	2285.96	485.23	59.74	42.75
PTHR21085	1447.0	1405.78	481.0	24.22	17.34
PTHR10438	21896.34	21401.7	36056.82	1479.92	1059.03
PTHR11926	3041.0	2999.78	582.96	13.72	9.82
PTHR11431	2527.0	2485.78	17179.68	488.2	349.36
PTHR10434	2393.0	2310.56	380.16	24.32	17.4
PTHR24096	8112.55	7947.68	5784.2	180.22	128.96
PTHR13693	5853.0	5646.97	5686.63	158.68	113.56
PTHR24095	5047.95	4841.93	3782.62	129.65	92.78
PTHR24092	7047.27	6923.62	4628.91	75.38	53.94
PTHR24093	45320.04	44083.6	54871.74	930.29	665.74
PTHR13451	1399.0	1316.62	82.0	7.81	5.59
PTHR13452	1053.59	971.17	232.0	33.99	24.32
PTHR10759	923.0	840.62	31223.38	3957.77	2832.25
PTHR12901	1256.0	1214.78	949.0	55.36	39.61
PTHR12903	3250.0	3167.56	3087.99	105.3	75.35
PTHR13992	1105.0	1022.58	114.0	16.52	11.82
PTHR23237	759.0	717.78	562.0	55.71	39.86
PTHR10501	5168.64	5086.21	2888.96	80.8	57.83
PTHR31169	1263.0	1221.78	159.0	9.22	6.6
PTHR11122	1635.59	1594.37	429.0	19.04	13.62
PTHR14087	679.0	637.78	26.0	2.9	2.08
PTHR23309	1536.0	1494.78	1233.19	58.39	41.79
PTHR23308	3114.0	2907.98	224.0	22.09	15.82
PTHR31344	379.0	337.8	14.0	2.98	2.13
PTHR31619	3517.0	3475.78	5271.0	107.03	76.59
PTHR23306	2792.12	2709.68	1172.05	59.88	42.85
PTHR23305	2670.0	2505.18	179.0	15.85	11.34
PTHR11748	16562.01	16232.26	10993.78	303.21	216.98
PTHR11214	4487.0	4404.56	1193.87	35.97	25.73
PTHR14154	18470.13	17893.15	8373.02	448.05	320.62
PTHR10344	1265.41	1224.2	340.0	19.68	14.08
PTHR14152	1100.0	1017.58	111.0	15.61	11.16
PTHR11699	19954.27	19542.14	9918.38	248.47	177.81
PTHR11692	1821.12	1779.9	1283.0	50.98	36.48
PTHR11693	4161.0	4078.56	27191.81	925.37	662.21
PTHR11695	19093.21	18722.3	16915.59	491.56	351.77
PTHR31760	700.48	659.32	38.0	4.1	2.94
PTHR31906	10651.93	10281.04	2156.43	108.51	77.65
PTHR13847	16131.84	15513.67	8505.87	408.57	292.38
PTHR23012	16152.64	15699.35	20767.52	726.9	520.2
PTHR11101	8302.58	8137.75	55592.33	1708.62	1222.72
PTHR11102	1831.0	1748.57	139.0	9.25	6.62
PTHR11106	6161.31	5955.25	1770.33	103.24	73.88
PTHR31585	6289.96	6166.3	711.6	31.94	22.85
PTHR32125	2704.0	2621.56	841.06	46.04	32.95
PTHR31588	1610.0	1568.78	192.0	8.66	6.2
PTHR32120	307.0	265.84	3.0	0.82	0.58
PTHR10288	10697.83	10532.95	12384.75	301.12	215.49
PTHR15680	3208.0	3125.56	1906.93	120.99	86.59
PTHR10281	7488.62	7323.74	3802.09	134.8	96.46
PTHR24347	20560.02	20106.64	9107.7	283.64	202.97
PTHR18895	3185.0	3020.13	311.0	26.99	19.32
PTHR12486	2862.08	2779.64	999.09	54.52	39.01
PTHR21262	9587.03	9422.15	17954.26	348.07	249.08
PTHR12480	5855.9	5649.84	417.38	25.16	18.0
PTHR12482	3107.0	2942.13	166.0	15.39	11.02
PTHR12317	8472.19	8224.9	1417.99	81.54	58.34
PTHR12649	2854.93	2813.71	823.01	20.65	14.78
PTHR12461	3651.93	3487.13	494.91	37.46	26.8
PTHR12466	1362.0	1238.38	77.0	13.33	9.55
PTHR21419	1609.0	1567.78	134.0	6.05	4.33
PTHR22854	2389.0	2306.56	358.0	20.51	14.68
PTHR26312	3118.0	2911.95	205.0	16.1	11.53
PTHR12000	3559.0	3435.35	439.0	23.56	16.86
PTHR21327	1833.0	1791.78	152.0	6.0	4.29
PTHR21631	11746.88	11540.79	79840.88	1596.03	1142.15
PTHR22855	1839.0	1797.78	647.0	25.45	18.21
PTHR22850	7138.08	6808.44	2422.01	127.73	91.39
PTHR22504	1192.0	1150.78	377.98	23.28	16.66
PTHR12189	1091.42	1050.2	246.0	16.61	11.89
PTHR21256	3924.7	3883.49	1290.0	23.44	16.77
PTHR12266	9595.48	9471.84	3305.85	56.57	40.49
PTHR10648	5248.0	5206.78	4626.0	62.66	44.84
PTHR30178	2677.0	2594.57	12064.65	393.13	281.33
PTHR10641	28186.72	27197.54	8591.55	355.59	254.47
PTHR19842	1161.0	1119.78	276.79	17.52	12.54
PTHR10644	10184.0	9854.28	1734.42	52.21	37.38
PTHR12864	5077.53	4912.68	1513.0	88.62	63.42
PTHR12860	1645.0	1603.78	265.0	11.69	8.37
PTHR13194	3070.0	3028.78	1579.75	36.82	26.35
PTHR13190	4512.0	4429.56	320.0	11.02	7.88
PTHR13193	504.0	462.79	113.0	17.46	12.5
PTHR11913	3354.0	3312.78	793.0	16.9	12.09
PTHR11911	2831.0	2789.78	1765.0	44.68	31.97
PTHR11910	2759.0	2676.56	16085.37	863.74	618.11
PTHR11918	7814.0	7649.12	1477.83	48.64	34.81
PTHR12919	3278.3	3195.87	3648.42	159.8	114.36
PTHR13271	33034.54	32086.7	12696.32	431.63	308.88
PTHR12910	2791.0	2708.56	1772.0	81.1	58.03
PTHR12917	1285.0	1243.78	614.0	34.97	25.03
PTHR11351	4913.11	4830.67	6666.96	138.34	99.0
PTHR11353	18800.23	18223.2	43331.73	1487.94	1064.8
PTHR11599	16267.96	15773.32	15635.6	821.49	587.87
PTHR10516	30820.21	29995.85	26760.69	1326.7	949.41
PTHR11592	4194.0	4070.34	1443.0	75.43	53.98
PTHR11659	2215.0	2173.78	486.85	15.83	11.33
PTHR13273	1632.67	1591.45	2250.37	100.05	71.6
PTHR31096	1769.0	1686.56	81.0	6.82	4.88
PTHR13734	2849.0	2684.17	1407.86	93.03	66.57
PTHR31620	7769.0	7645.34	16110.53	394.26	282.14
PTHR23315	13602.53	13231.6	4131.4	115.32	82.53
PTHR23316	3680.58	3556.92	927.01	52.26	37.4
PTHR11778	4446.0	4363.56	6901.89	173.23	123.96
PTHR11777	5840.0	5633.98	1467.95	48.12	34.45
PTHR11774	3014.75	2891.16	592.0	36.7	26.25
PTHR11773	5132.0	5090.78	1982.0	27.46	19.65
PTHR11772	7867.52	7702.65	16826.17	743.9	532.35
PTHR10357	22462.3	22050.12	11318.63	287.75	205.92
PTHR10353	925.71	884.5	752.77	60.44	43.25
PTHR10350	2512.0	2347.17	139.0	15.74	11.26
PTHR10351	7658.75	7452.65	30817.14	1204.79	862.17
PTHR10359	3410.57	3286.99	672.0	40.55	29.02
PTHR32442	1233.0	1191.78	13.0	0.77	0.55
PTHR31750	1158.0	1116.78	37.0	2.35	1.68
PTHR14189	2240.16	2198.95	1161.04	37.31	26.7
PTHR21021	569.0	527.79	75.0	10.15	7.26
PTHR32228	1305.0	1222.56	112.0	13.07	9.36
PTHR31245	1969.0	1927.78	838.0	30.73	21.99
PTHR23001	4121.0	4038.56	7801.69	262.75	188.03
PTHR23002	1464.0	1422.78	93.0	4.63	3.31
PTHR11177	4301.14	4177.52	1593.01	80.82	57.83
PTHR10445	1550.0	1508.78	797.4	37.41	26.77
PTHR11178	3255.0	3172.56	1703.0	64.21	45.95
PTHR14456	1064.0	1022.78	86.0	5.96	4.27
PTHR31808	2608.0	2566.78	10857.81	298.78	213.81
PTHR31803	2691.0	2649.78	7921.73	211.14	151.1
PTHR11009	1020.0	978.78	36.0	2.61	1.87
PTHR30075	4293.0	4251.78	491.79	8.16	5.84
PTHR10099	5398.0	5356.78	2666.02	35.1	25.12
PTHR19229	14530.93	13748.21	4092.13	185.96	133.09
PTHR20961	15625.0	15336.48	3819.42	104.56	74.83
PTHR11005	3708.0	3543.13	153.0	11.76	8.42
PTHR11006	9624.11	9335.67	2559.99	77.1	55.18
PTHR18640	9409.43	9203.34	3257.46	111.84	80.03
PTHR18866	18641.42	18394.17	9098.26	134.82	96.5
PTHR15074	687.0	604.64	25.0	5.65	4.05
PTHR15588	2438.89	2356.46	825.97	49.16	35.18
PTHR12677	5279.0	5155.34	1468.0	58.48	41.86
PTHR19134	4014.2	3931.77	2326.66	55.86	39.98
PTHR19139	2247.0	2205.78	891.0	28.54	20.43
PTHR12459	1293.0	1251.78	101.0	5.72	4.09
PTHR12456	431.0	389.79	38.0	6.99	5.0
PTHR12452	1645.43	1604.21	687.0	30.3	21.68
PTHR19359	568.0	526.79	128.0	17.35	12.41
PTHR12072	3732.0	3567.22	456.0	24.88	17.8
PTHR13218	1141.0	1099.78	410.0	26.43	18.92
PTHR13215	2806.97	2724.54	992.0	38.19	27.33
PTHR13213	670.0	628.78	47.0	5.33	3.81
PTHR10809	2933.0	2891.78	1328.0	32.43	23.2
PTHR12290	3805.05	3681.43	509.0	22.89	16.38
PTHR21530	1975.0	1892.56	181.0	12.52	8.96
PTHR12295	6130.55	5965.69	1135.0	59.26	42.41
PTHR12298	7578.07	7330.78	2225.05	93.06	66.58
PTHR10638	2221.0	2138.56	140.0	9.31	6.66
PTHR10634	3257.0	3215.78	8364.94	183.62	131.4
PTHR10631	3197.89	3033.05	249.0	22.82	16.33
PTHR10984	6017.0	5893.34	2573.95	83.28	59.6
PTHR12858	2943.6	2778.73	438.0	43.55	31.16
PTHR13505	1023.0	981.78	133.0	9.61	6.88
PTHR12850	428.0	386.79	18977.1	3518.91	2518.2
PTHR12856	317.0	275.83	4.0	1.05	0.75
PTHR12855	964.0	922.78	437.73	33.68	24.1
PTHR12854	4527.44	4486.23	2725.31	42.85	30.67
PTHR13182	2000.0	1958.78	1096.0	39.56	28.31
PTHR10182	2288.0	2246.78	5085.01	159.92	114.44
PTHR10585	1581.0	1539.78	554.98	25.51	18.25
PTHR10743	1227.0	1185.78	135.0	8.07	5.77
PTHR10742	16959.94	16424.26	7896.06	188.01	134.53
PTHR10745	1214.4	1173.19	1483.52	89.61	64.13
PTHR10744	943.0	860.59	28353.61	3756.13	2687.95
PTHR10746	5200.0	5117.56	4039.21	93.46	66.89
PTHR12924	1379.0	1337.78	722.87	38.27	27.38
PTHR11349	4668.0	4461.91	37855.56	2521.49	1804.42
PTHR10566	28691.06	27907.97	8610.09	234.34	167.68
PTHR11588	9106.61	8818.11	164709.82	6804.33	4869.31
PTHR10291	972.0	930.78	225.0	17.16	12.28
PTHR11584	14916.56	14463.18	5866.97	166.74	119.32
PTHR11586	6628.7	6463.83	1782.0	66.44	47.55
PTHR11909	6446.16	6363.72	11773.83	231.66	165.78
PTHR23429	4987.27	4904.84	3141.66	86.56	61.94
PTHR24320	6873.82	6585.34	535.94	36.68	26.25
PTHR24322	11744.8	11291.4	2633.0	165.14	118.18
PTHR11907	3382.31	3299.87	2007.2	62.3	44.59
PTHR11760	1746.0	1663.56	38323.09	3462.48	2477.81
PTHR11761	2052.0	1969.57	54943.9	7858.83	5623.92
PTHR11766	1688.0	1646.78	245.0	10.53	7.53
PTHR11767	3300.0	3176.36	398.0	20.95	14.99
PTHR10361	2304.0	2221.56	289.0	16.26	11.64
PTHR10366	32280.33	31538.48	14626.31	404.94	289.82
PTHR10169	6874.94	6668.85	1297.0	56.88	40.71
PTHR20973	2849.07	2807.85	1963.34	49.38	35.33
PTHR10165	2250.0	2167.56	214.0	13.39	9.58
PTHR31032	3545.0	3503.78	4922.91	99.16	70.96
PTHR23257	265257.42	257097.55	79379.37	2996.74	2144.45
PTHR23253	10770.0	10646.35	6840.25	116.28	83.21
PTHR14190	2858.37	2734.72	371.0	28.57	20.44
PTHR14155	7729.07	7523.0	5077.96	196.49	140.62
PTHR14194	5204.0	5080.34	571.0	23.75	17.0
PTHR31251	30851.5	29903.6	15782.36	479.11	342.84
PTHR23074	10299.07	9845.72	57314.1	1776.49	1271.27
PTHR23077	7197.5	6744.14	1251.01	133.18	95.3
PTHR23076	32908.55	32125.51	24611.78	488.83	349.81
PTHR12561	1744.0	1661.57	274.0	20.55	14.71
PTHR23073	4862.0	4738.34	2274.32	109.13	78.09
PTHR10293	5742.11	5618.46	9398.23	324.15	231.98
PTHR23078	5025.0	4983.78	2600.0	36.8	26.33
PTHR11165	1707.0	1665.78	3740.0	158.83	113.66
PTHR10772	3132.0	3049.56	2124.01	95.49	68.34
PTHR32100	2810.87	2728.43	476.0	26.61	19.05
PTHR14534	1417.0	1375.78	365.07	18.79	13.45
PTHR14445	5995.0	5912.56	1497.48	35.72	25.56
PTHR31811	925.0	883.78	48.0	3.86	2.76
PTHR23102	3430.0	3347.56	2941.89	83.17	59.52
PTHR23105	4658.11	4410.88	8815.55	972.38	695.85
PTHR11010	3478.0	3395.56	611.77	25.4	18.18
PTHR11014	7130.35	6883.14	1692.02	82.08	58.75
PTHR12668	3507.75	3425.31	3293.21	111.54	79.82
PTHR12661	1278.0	1195.59	97.0	11.95	8.56
PTHR12663	336.0	294.82	5.0	1.22	0.87
PTHR12664	1801.0	1759.78	755.0	30.34	21.71
PTHR16166	7798.63	7551.37	3397.98	89.55	64.08
PTHR12111	4304.27	4221.83	1111.89	40.91	29.28
PTHR12447	3093.0	2928.16	207.0	16.8	12.02
PTHR15481	784.0	742.78	490.0	46.92	33.58
PTHR26379	11523.0	11152.12	2289.72	109.37	78.26
PTHR12599	3901.53	3819.09	2727.0	94.01	67.27
PTHR12596	4938.0	4896.78	658.0	9.48	6.78
PTHR12590	1560.36	1519.14	127.0	5.92	4.23
PTHR12066	396.0	354.8	18.0	3.64	2.61
PTHR12064	4969.17	4845.51	1253.74	54.35	38.89
PTHR13226	5176.07	5052.42	638.11	18.3	13.09
PTHR13889	4583.0	4376.93	2066.14	86.37	61.81
PTHR13887	3982.0	3858.39	2536.01	62.1	44.43
PTHR21181	1114.28	1073.06	601.0	39.72	28.42
PTHR12413	482.0	440.79	11.0	1.79	1.28
PTHR13948	469.0	427.79	29.0	4.85	3.47
PTHR12146	939.0	897.78	27962.13	2211.56	1582.64
PTHR11453	959.0	876.59	5.0	0.81	0.59
PTHR19306	6792.6	6627.73	1800.0	68.81	49.23
PTHR21506	1969.14	1927.92	553.29	20.29	14.52
PTHR12280	5247.0	5040.91	586.03	35.87	25.68
PTHR12281	5144.04	5061.61	2192.79	60.4	43.22
PTHR12286	2278.0	2236.78	343.0	10.84	7.75
PTHR12415	1134.63	1093.41	237.0	15.37	11.0
PTHR30573	2486.0	2444.78	423.08	12.22	8.75
PTHR22983	4905.45	4781.8	1854.0	58.8	42.07
PTHR22981	16861.3	16696.43	4670.8	82.15	58.79
PTHR11024	3096.0	3013.56	788.24	36.77	26.32
PTHR13082	834.0	792.78	223.0	19.99	14.31
PTHR10629	9076.6	8705.72	944.12	45.7	32.72
PTHR10994	23454.83	22960.21	7009.24	234.58	167.86
PTHR10996	11630.82	11383.5	4275.9	162.66	116.4
PTHR10625	24367.33	23501.77	8518.83	391.43	280.13
PTHR10992	27154.74	25959.53	5101.78	340.5	243.68
PTHR10993	4721.2	4597.56	784.0	36.01	25.77
PTHR12848	4460.59	4378.16	1528.0	54.16	38.76
PTHR12849	1532.93	1450.5	151.84	12.69	9.08
PTHR21712	4262.0	4220.78	886.01	14.81	10.6
PTHR12847	4016.81	3893.16	845.29	35.47	25.38
PTHR21290	2153.0	2111.78	136.0	4.55	3.26
PTHR21349	2892.36	2809.93	2990.86	129.87	92.94
PTHR21347	1882.0	1840.78	275.0	10.56	7.56
PTHR19861	393.0	351.8	12.0	2.45	1.75
PTHR21343	537.0	495.79	30.0	4.32	3.09
PTHR10196	4657.53	4451.47	622.4	36.7	26.26
PTHR10192	4287.08	4204.64	1048.0	35.19	25.19
PTHR10751	4314.0	4190.34	834.84	35.74	25.57
PTHR16301	1784.0	1660.36	110.63	13.99	10.01
PTHR10755	1910.0	1868.78	1800.99	68.14	48.76
PTHR10758	1466.0	1424.78	89.0	4.42	3.16
PTHR13152	1170.0	1087.58	61.0	7.77	5.56
PTHR12932	8480.31	8315.44	22536.1	772.21	552.6
PTHR12934	2785.03	2702.59	3633.97	234.64	167.91
PTHR13265	2617.36	2534.95	1150.99	63.07	45.13
PTHR11800	4030.51	3948.07	1993.07	58.02	41.52
PTHR11802	3583.06	3418.24	579.0	45.94	32.87
PTHR11804	6616.59	6328.14	2052.99	59.3	42.46
PTHR11807	3241.0	3158.58	466.0	13.86	9.92
PTHR11374	3551.36	3427.71	1068.51	60.71	43.45
PTHR11808	8239.69	8116.03	5940.22	152.44	109.09
PTHR10283	22290.72	21919.77	11646.23	300.89	215.33
PTHR10285	6377.29	6171.2	1923.01	105.03	75.17
PTHR10286	1481.0	1439.78	1285.0	63.18	45.21
PTHR11579	3031.0	2907.35	741.9	48.65	34.82
PTHR13718	6969.6	6804.77	51420.5	3501.96	2506.07
PTHR13711	13153.12	12864.6	14212.94	575.46	411.81
PTHR13710	5987.31	5740.01	574.0	35.22	25.22
PTHR11977	2419.0	2336.57	108.0	5.74	4.11
PTHR11972	4330.44	4206.79	2757.71	167.02	119.52
PTHR31480	1318.0	1276.78	327.0	18.14	12.98
PTHR31485	2357.0	2315.78	132.0	4.03	2.88
PTHR11715	1682.0	1640.78	3196.01	137.81	98.62
PTHR11717	1233.0	1191.78	46.02	2.74	1.96
PTHR11711	13868.75	13497.79	9740.36	359.51	257.27
PTHR11712	5702.0	5495.91	1751.03	66.07	47.27
PTHR10374	5060.16	4936.52	11246.23	313.97	224.69
PTHR10178	43699.63	42875.45	90364.15	1546.79	1106.92
PTHR11482	4391.66	4309.22	6864.56	165.92	118.74
PTHR10173	5762.36	5597.49	2875.94	145.48	104.11
PTHR10177	21188.16	20776.06	18869.81	431.35	308.68
PTHR10174	12376.55	12088.03	7011.31	260.88	186.68
PTHR23249	2635.54	2553.11	749.0	43.94	31.44
PTHR23244	27842.97	26936.2	3945.99	211.14	151.08
PTHR23245	4827.06	4662.23	1868.0	75.96	54.36
PTHR23240	3941.0	3858.56	1297.44	30.98	22.17
PTHR14614	4737.56	4531.53	575.0	37.95	27.16
PTHR31268	3062.94	2939.3	441.0	30.04	21.49
PTHR31262	3727.08	3562.24	159489.17	5987.72	4284.92
PTHR23063	12055.75	11808.45	4169.21	132.48	94.81
PTHR11620	579.0	537.79	21397.59	2839.97	2032.34
PTHR11624	10557.14	10392.26	8598.58	204.72	146.5
PTHR11627	4255.03	4131.38	16054.4	722.7	517.18
PTHR11390	5451.3	5245.21	520.48	34.96	25.02
PTHR31319	4390.5	4308.06	16279.8	426.77	305.4
PTHR14052	1147.0	1105.78	155.0	9.94	7.11
PTHR32118	2737.0	2695.78	1172.0	30.7	21.97
PTHR23117	6523.0	6399.34	891.0	29.8	21.33
PTHR23115	51540.44	50386.43	56806.05	1444.38	1033.58
PTHR11028	1789.0	1747.78	1416.04	57.3	41.01
PTHR14140	1803.0	1720.56	139.0	11.41	8.17
PTHR12616	2967.79	2844.18	695.0	45.25	32.38
PTHR12613	2093.0	2051.78	552.0	19.02	13.61
PTHR12612	1084.0	1042.78	4965.0	337.71	241.67
PTHR32060	3172.63	3048.98	449.0	25.97	18.57
PTHR12124	2976.0	2728.75	96.0	14.63	10.45
PTHR22734	1347.0	1305.78	204.0	11.07	7.92
PTHR12121	13057.0	12686.06	1486.84	54.5	39.01
PTHR12438	6650.0	6526.35	2821.67	44.23	31.65
PTHR15492	631.0	589.79	43.0	5.2	3.72
PTHR21426	1014.0	931.61	65.0	9.65	6.91
PTHR21427	981.69	940.48	5456.55	411.82	294.71
PTHR13161	1246.0	1204.78	149.0	8.76	6.27
PTHR19372	1889.0	1847.78	636.99	24.38	17.44
PTHR19370	8760.83	8513.52	8078.93	435.51	311.66
PTHR19375	21627.17	20926.49	144088.51	2653.85	1899.14
PTHR12725	5417.0	5293.34	2691.31	78.87	56.45
PTHR13890	7969.7	7598.79	5882.99	236.4	169.16
PTHR22884	22107.54	21695.37	4711.26	88.25	63.17
PTHR12542	5262.04	5179.61	2174.0	54.25	38.82
PTHR12547	1088.0	1005.58	84.93	10.52	7.53
PTHR12436	6561.71	6479.27	9681.51	228.87	163.78
PTHR10114	432.0	390.79	33001.73	6055.82	4333.65
PTHR21512	1355.0	1231.42	42.0	7.26	5.2
PTHR30508	2102.37	2061.15	325.56	11.16	7.99
PTHR30502	851.63	810.42	233.0	20.43	14.62
PTHR10961	1136.0	1053.57	45.0	5.76	4.12
PTHR10617	7469.0	7345.34	8807.0	246.6	176.47
PTHR10615	8498.0	8333.12	4240.04	90.09	64.48
PTHR13527	965.0	923.78	102.0	7.84	5.61
PTHR22958	2775.0	2733.78	15605.01	403.11	288.47
PTHR22951	3836.0	3753.56	1076.04	40.95	29.3
PTHR22950	6723.0	6475.72	1199.0	53.82	38.51
PTHR22953	5231.06	5148.63	28595.53	783.25	560.51
PTHR22952	5914.26	5749.4	4497.76	184.89	132.31
PTHR22957	20791.24	20255.44	10687.41	377.97	270.49
PTHR21600	3627.0	3544.56	538.99	22.81	16.32
PTHR24056	18844.51	18185.13	5313.22	240.56	172.15
PTHR24054	3020.0	2978.78	2741.0	64.97	46.49
PTHR24055	33156.65	32579.6	14741.84	376.21	269.23
PTHR24058	14638.77	14391.46	7919.38	162.18	116.06
PTHR10766	7380.6	7256.94	11942.07	342.62	245.18
PTHR10762	758.0	716.78	37.0	3.67	2.63
PTHR12945	1381.0	1298.58	207.0	20.09	14.37
PTHR12944	1737.65	1696.43	2620.9	109.28	78.21
PTHR24128	13137.71	12849.19	3758.75	85.32	61.05
PTHR13096	945.0	903.78	279.0	21.92	15.69
PTHR11364	2319.74	2237.31	919.0	68.01	48.67
PTHR11365	3310.85	3228.43	724.54	32.34	23.14
PTHR10548	4309.37	4185.74	6723.0	274.13	196.17
PTHR11361	9302.39	8766.7	869.0	71.14	50.92
PTHR11814	7789.1	7665.44	11364.85	274.81	196.67
PTHR10543	4776.8	4570.71	543.0	38.55	27.59
PTHR10540	3404.0	3280.34	1861.99	119.98	85.86
PTHR12965	1882.0	1799.59	77.0	5.54	3.97
PTHR10544	926.0	843.59	51910.9	7117.65	5093.52
PTHR11562	4075.86	3952.2	893.0	47.84	34.23
PTHR11566	8790.11	8542.81	3109.03	105.25	75.33
PTHR11567	5813.74	5648.88	2043.86	88.21	63.12
PTHR11564	7721.65	7556.78	5973.3	156.69	112.13
PTHR11962	2525.47	2401.83	250.0	23.7	16.96
PTHR11963	4108.0	4025.56	896.14	32.85	23.51
PTHR24315	953.06	911.84	450.0	35.04	25.07
PTHR19376	13903.2	13697.1	4722.09	105.88	75.76
PTHR10381	14661.0	14372.47	9731.99	303.27	217.02
PTHR10383	1752.39	1711.19	1750.02	72.34	51.77
PTHR11705	3371.0	3288.56	1508.0	60.28	43.13
PTHR11702	8809.75	8521.28	1987.0	109.47	78.33
PTHR11700	1148.05	1065.64	35523.0	5381.98	3851.44
PTHR10388	1275.0	1233.78	7550.99	433.63	310.31
PTHR11934	1406.0	1364.78	2553.2	132.47	94.8
PTHR10145	4817.62	4735.19	738.99	23.39	16.74
PTHR23273	4979.0	4814.12	660.0	40.84	29.23
PTHR23163	2355.31	2314.1	959.56	29.3	20.97
PTHR23050	26147.01	25446.35	38450.0	1616.29	1156.65
PTHR23056	3350.0	3308.78	1418.0	30.25	21.65
PTHR23054	951.21	868.8	85.9	14.31	10.24
PTHR11638	15776.1	15405.17	29051.33	757.2	541.86
PTHR11632	5815.57	5691.91	5277.45	124.43	89.04
PTHR23293	4910.0	4745.13	3430.28	116.98	83.71
PTHR11140	8052.0	8010.78	3766.1	33.14	23.72
PTHR11141	6405.0	6322.56	1288.95	28.35	20.28
PTHR11142	5953.05	5582.19	401.0	44.66	31.95
PTHR11380	1647.0	1605.78	252.0	11.1	7.95
PTHR11384	6708.16	6584.5	1419.0	39.15	28.02
PTHR32477	3920.2	3796.54	226.92	12.75	9.12
PTHR14043	3297.0	3090.93	134.0	14.07	10.07
PTHR32472	1294.55	1253.34	131.0	7.4	5.3
PTHR31658	1720.0	1596.37	128.0	15.68	11.22
PTHR14269	9076.69	8870.59	3789.45	97.31	69.63
PTHR22883	11931.56	11643.03	15133.37	562.78	402.74
PTHR23125	37355.98	36037.16	6209.74	302.38	216.41
PTHR12050	2205.0	2163.78	1975.85	64.53	46.18
PTHR11035	996.0	954.78	361.0	26.83	19.2
PTHR22880	16493.43	16122.5	10730.75	356.76	255.3
PTHR14136	4137.0	3972.13	2076.22	132.04	94.49
PTHR23338	3373.0	3290.56	1690.0	68.66	49.13
PTHR12608	3638.0	3555.56	1159.94	48.3	34.56
PTHR12604	2753.0	2588.15	161.77	17.87	12.8
PTHR12603	3288.0	3246.78	3241.0	70.46	50.42
PTHR32091	1284.0	1242.78	654.0	37.28	26.68
PTHR19853	1885.0	1802.58	115.0	7.56	5.41
PTHR32098	2546.0	2463.57	103.0	5.33	3.81
PTHR18763	2354.7	2313.48	890.22	27.19	19.46
PTHR22726	1200.84	1159.63	412.0	25.18	18.02
PTHR22727	2522.0	2480.78	5604.75	159.59	114.21
PTHR12428	5788.75	5623.87	2610.02	102.8	73.56
PTHR18968	7181.81	6975.8	19008.22	461.5	330.26
PTHR12730	1723.0	1640.57	159.0	12.35	8.85
PTHR12736	1627.0	1585.78	154.0	6.87	4.92
PTHR12735	2866.0	2783.56	1559.95	61.56	44.05
PTHR15020	5785.82	5620.95	1088.97	31.35	22.42
PTHR12049	3684.41	3519.56	399.0	26.3	18.82
PTHR12558	4627.64	4421.56	460.0	33.84	24.22
PTHR12553	5456.42	5209.12	801.0	62.49	44.72
PTHR24072	1480.29	1439.08	356.0	17.51	12.53
PTHR24073	13013.07	12642.15	7415.9	354.41	253.62
PTHR21569	2697.0	2614.56	28553.52	1577.47	1128.86
PTHR10491	849.0	807.78	77.0	6.77	4.85
PTHR21567	7107.02	6983.37	2561.09	77.49	55.45
PTHR13950	786.0	744.78	30.0	2.86	2.05
PTHR12133	1559.0	1517.78	282.0	13.15	9.41
PTHR10972	1703.0	1661.78	727.45	30.97	22.16
PTHR21704	4442.3	4195.04	110.0	10.25	7.32
PTHR10606	4683.58	4559.93	1887.52	68.04	48.69
PTHR10971	5454.0	5289.12	1996.0	78.47	56.15
PTHR22942	6622.45	6416.36	4052.08	149.49	106.98
PTHR13395	1755.0	1713.78	234.0	9.66	6.91
PTHR22891	4310.25	4145.45	1849.0	45.34	32.43
PTHR21368	3454.81	3372.37	2635.44	112.26	80.33
PTHR10778	6916.23	6792.57	3088.9	91.39	65.4
PTHR24064	10191.23	9943.92	16357.2	544.77	389.86
PTHR24063	6868.09	6662.07	2750.29	145.84	104.36
PTHR21011	1755.0	1713.78	2836.96	117.09	83.79
PTHR25040	12382.0	12093.47	16077.0	440.04	314.89
PTHR10774	38168.86	37220.94	18844.48	963.06	689.21
PTHR24068	3728.0	3645.56	13900.59	599.04	428.68
PTHR12959	1567.5	1526.28	745.0	34.54	24.72
PTHR24115	61864.28	59844.83	23850.83	900.5	644.39
PTHR11825	5541.0	5458.56	1243.0	21.34	15.27
PTHR11822	2605.38	2564.16	10293.36	283.54	202.91
PTHR10555	10086.3	9921.43	9885.03	212.67	152.18
PTHR10806	1066.0	1024.78	487.0	33.71	24.12
PTHR10804	12880.18	12591.66	5942.23	187.02	133.83
PTHR11556	6293.0	6169.34	4685.27	181.82	130.11
PTHR11558	3036.0	2953.56	498.0	20.22	14.47
PTHR13773	2054.21	2013.0	4512.76	158.47	113.4
PTHR20275	5270.0	5105.16	1935.06	70.1	50.17
PTHR11953	2641.05	2558.61	1177.11	69.55	49.77
PTHR11952	5252.96	5129.36	658.0	27.41	19.62
PTHR11956	2090.0	2007.56	406.0	29.68	21.24
PTHR11959	2576.0	2534.78	1637.08	45.62	32.65
PTHR11739	3971.0	3888.56	5452.41	188.51	134.9
PTHR11732	24340.26	23598.42	6814.44	264.16	189.05
PTHR11731	6978.29	6689.81	966.16	59.16	42.34
PTHR11730	13061.02	12772.48	10044.84	269.11	192.59
PTHR11735	2375.0	2210.18	149.0	21.46	15.36
PTHR10394	731.0	689.78	63648.31	6567.58	4699.88
PTHR20941	2719.0	2636.57	566.0	22.75	16.28
PTHR10150	2280.0	2197.56	333.0	16.49	11.8
PTHR31065	6175.66	6052.01	2754.97	74.25	53.14
PTHR10159	9426.36	9096.66	2386.97	100.48	71.89
PTHR31066	1881.0	1798.57	825.96	45.13	32.3
PTHR13604	649.0	607.78	28.0	3.28	2.35
PTHR23264	1340.0	1298.78	202.0	11.02	7.88
PTHR23269	1756.0	1714.78	100.0	4.12	2.95
PTHR31204	1427.0	1385.78	427.0	21.82	15.61
PTHR31201	2821.0	2779.78	328.03	8.33	5.96
PTHR31209	1911.0	1828.56	162.0	12.04	8.62
PTHR11607	2137.36	2055.01	580.0	40.6	29.06
PTHR11606	4926.0	4843.56	8672.02	235.21	168.32
PTHR11601	4939.17	4733.1	872.93	50.12	35.86
PTHR32467	6656.0	6367.54	554.53	28.93	20.7
PTHR14255	1160.0	1077.57	57.0	7.17	5.13
PTHR31840	2722.0	2680.78	1435.0	37.8	27.05
PTHR23130	5697.79	5615.36	2911.94	69.49	49.73
PTHR23133	1005.0	963.78	449.04	33.06	23.66
PTHR23135	4134.0	4092.78	1295.13	22.33	15.98
PTHR23138	4295.0	4253.78	3531.0	58.56	41.91
PTHR23139	14230.91	13860.0	5734.96	206.57	147.81
PTHR31682	1720.58	1679.37	4727.62	199.12	142.5
PTHR11040	4610.29	4486.66	824.01	49.25	35.25
PTHR11043	2705.49	2623.07	2101.12	107.44	76.89
PTHR11042	4948.98	4742.93	550.0	27.78	19.87
PTHR11048	5779.19	5655.55	2682.05	86.0	61.55
PTHR15818	1126.0	1043.6	82.0	11.32	8.11
PTHR12636	2737.0	2695.78	3166.7	82.96	59.37
PTHR12126	2987.0	2904.56	4056.03	180.09	128.87
PTHR14490	2967.94	2885.5	286.0	12.92	9.25
PTHR14493	13679.0	13472.92	34483.96	544.93	389.96
PTHR15651	1277.0	1194.57	99.0	12.9	9.24
PTHR12380	3631.63	3507.98	5095.12	227.07	162.5
PTHR12385	5678.62	5554.97	9151.35	265.17	189.76
PTHR12706	6920.0	6549.07	386.01	33.02	23.64
PTHR12709	1377.18	1335.96	643.0	34.09	24.39
PTHR19957	8045.73	7839.64	9671.7	294.38	210.66
PTHR30239	1621.0	1579.78	477.0	21.37	15.29
PTHR12560	7915.25	7668.02	3937.26	172.02	123.1
PTHR11203	9870.32	9664.23	2908.92	75.98	54.38
PTHR12770	8315.01	8026.6	1918.0	101.12	72.36
PTHR12097	4303.0	4220.56	752.9	24.39	17.46
PTHR11752	15108.64	14532.08	4563.88	189.19	135.38
PTHR21576	2565.0	2400.18	213.0	22.89	16.37
PTHR24423	11484.11	11071.97	1925.92	112.35	80.39
PTHR10046	3624.0	3500.34	768.0	44.65	31.95
PTHR12419	6318.24	6153.38	4250.89	144.5	103.41
PTHR30525	2789.0	2747.78	920.0	23.64	16.92
PTHR12412	3485.53	3361.89	556.06	33.41	23.91
PTHR12411	22058.67	21481.64	50727.1	1239.39	886.92
PTHR24420	23831.33	23130.74	4761.27	135.78	97.18
PTHR10947	2225.0	2183.78	924.0	29.9	21.4
PTHR21717	1984.0	1942.78	547.0	19.91	14.24
PTHR10943	8541.36	8458.92	3082.87	45.97	32.89
PTHR12897	1012.0	929.59	100.0	14.07	10.07
PTHR12894	4332.0	4208.38	4379.0	105.86	75.76
PTHR12891	339.0	297.82	11.0	2.66	1.91
PTHR22976	4648.0	4483.13	546.0	35.33	25.28
PTHR22975	4363.0	4239.35	697.0	38.13	27.29
PTHR22970	843.0	801.78	72.0	6.38	4.57
PTHR20922	5244.88	5121.24	2976.11	109.79	78.57
PTHR21377	1829.0	1746.56	1061.0	100.34	71.81
PTHR21371	2616.0	2574.78	12267.48	336.52	240.82
PTHR21373	2514.23	2349.39	237.0	26.9	19.25
PTHR22573	10222.0	10015.9	4666.46	149.12	106.71
PTHR22572	16097.56	15726.6	10650.44	331.77	237.42
PTHR30566	6262.81	6180.37	709.0	19.37	13.86
PTHR21000	2589.0	2547.78	2498.36	69.26	49.57
PTHR10701	1849.0	1807.78	1244.07	48.67	34.83
PTHR30031	3539.53	3457.09	20560.51	548.53	392.54
PTHR13162	9193.0	9069.34	3481.95	81.5	58.33
PTHR13165	4177.08	4135.86	3485.33	59.46	42.55
PTHR21396	738.0	696.78	680.0	69.45	49.7
PTHR13069	3979.42	3773.36	759.0	49.94	35.74
PTHR13068	656.48	615.27	365.76	42.36	30.31
PTHR24106	19112.7	18412.07	2735.87	138.06	98.82
PTHR24103	3028.0	2904.4	414.0	21.63	15.47
PTHR11540	2431.0	2389.78	4862.0	143.73	102.86
PTHR10836	7089.0	6841.72	22965.63	1133.3	811.0
PTHR10835	1887.08	1845.86	254.0	9.73	6.96
PTHR11545	2364.0	2240.35	19290.25	2079.75	1488.31
PTHR10012	2053.17	2011.96	779.08	27.37	19.59
PTHR13768	1175.0	1133.78	217.0	13.57	9.71
PTHR24078	11763.28	11268.72	1138.0	67.68	48.44
PTHR11946	19708.31	19378.58	6079.31	166.14	118.87
PTHR11947	2140.85	2058.42	796.0	41.88	29.97
PTHR11941	6999.24	6834.36	3335.25	139.0	99.47
PTHR10497	567.0	525.79	32687.69	4438.73	3176.44
PTHR10496	528.0	486.79	23929.89	3513.44	2514.28
PTHR24076	15873.08	15337.26	5667.34	226.8	162.29
PTHR24077	28183.52	27400.43	25934.91	931.54	666.63
PTHR11728	8029.0	7905.34	4767.41	114.2	81.72
PTHR11726	2805.0	2722.59	50906.22	1489.47	1065.9
PTHR11727	1552.0	1510.78	174.0	8.15	5.83
PTHR11721	323.0	281.83	0.0	0.0	0.0
PTHR11722	776.0	734.78	52333.82	5066.22	3625.48
PTHR10120	3147.43	3065.0	1231.0	59.53	42.6
PTHR10122	1333.0	1291.78	5011.09	274.78	196.63
PTHR11451	8714.0	8466.7	3868.95	129.8	92.89
PTHR11831	3496.0	3372.34	32632.75	3571.24	2555.64
PTHR11835	6271.0	6147.34	3744.0	135.66	97.08
PTHR11614	9698.55	9451.25	14518.88	598.84	428.54
PTHR11615	5719.07	5595.49	3431.08	98.94	70.8
PTHR11618	2301.0	2259.78	206.0	6.44	4.61
PTHR32419	3490.54	3408.12	2829.99	106.22	76.01
PTHR10231	1758.31	1717.09	509.0	20.97	15.0
PTHR10233	5012.0	4847.14	746.0	42.93	30.72
PTHR31503	6009.33	5844.46	2822.23	112.14	80.25
PTHR23147	2902.28	2819.85	10422.69	506.25	362.29
PTHR23140	2273.0	2190.57	523.95	34.0	24.33
PTHR23142	3183.09	3100.66	2282.91	88.75	63.51
PTHR23149	7460.38	7377.94	2063.0	27.93	19.98
PTHR23148	1361.68	1320.46	337.0	18.07	12.93
PTHR11817	5601.0	5518.58	4202.0	135.08	96.67
PTHR11056	4765.0	4723.78	6079.81	90.79	64.97
PTHR11055	6318.0	6194.34	4949.81	133.06	95.22
PTHR11363	1441.0	1399.78	134486.99	6802.45	4867.96
PTHR32523	7581.0	7416.13	842.0	28.58	20.45
PTHR31695	1764.26	1723.05	674.0	27.67	19.8
PTHR11819	7401.35	7236.51	2741.01	145.21	103.91
PTHR22765	3234.5	3193.29	277.0	6.12	4.38
PTHR12629	1696.0	1654.78	559.0	23.9	17.1
PTHR18945	3627.29	3503.63	405.0	22.87	16.37
PTHR26402	18385.0	17972.83	5428.29	170.55	122.05
PTHR19384	7588.31	7341.0	2708.22	123.6	88.44
PTHR12714	6053.05	5929.39	3467.9	131.21	93.89
PTHR32251	4310.39	4227.95	1317.0	43.82	31.36
PTHR12570	7226.75	7061.88	4281.47	176.08	126.01
PTHR21494	1017.08	934.67	25.0	3.55	2.54
PTHR21145	1278.6	1237.38	239.76	13.73	9.82
PTHR21496	3405.07	3281.41	4797.0	338.45	242.2
PTHR21493	24833.78	24091.96	5790.58	185.25	132.57
PTHR21499	4641.51	4559.08	3060.96	87.69	62.76
PTHR21148	1449.0	1366.57	126.3	14.84	10.62
PTHR12083	2254.1	2171.66	2458.09	114.8	82.15
PTHR13355	2697.0	2614.57	460.0	17.19	12.3
PTHR30535	685.0	643.78	10.0	1.11	0.79
PTHR19852	2499.0	2457.78	841.99	24.2	17.32
PTHR12406	12762.74	12515.42	7934.79	170.24	121.82
PTHR16128	2203.96	2080.33	747.0	64.34	46.05
PTHR12400	3052.0	3010.78	990.0	23.22	16.61
PTHR12403	2728.0	2645.56	2166.0	117.72	84.25
PTHR13572	1489.93	1448.71	1593.0	77.84	55.7
PTHR30314	4067.0	3984.56	2150.0	74.41	53.25
PTHR12882	1887.0	1845.78	454.0	17.39	12.45
PTHR12883	1540.0	1498.78	193.85	9.15	6.55
PTHR16255	4084.43	3878.35	557.04	40.9	29.27
PTHR16254	6561.0	6396.13	1502.0	76.5	54.74
PTHR22960	1799.0	1716.56	103.0	8.62	6.17
PTHR13373	1275.0	1192.57	103.0	10.9	7.8
PTHR22967	3483.35	3359.69	652.75	41.45	29.66
PTHR19858	1175.0	1133.78	219.0	13.69	9.8
PTHR30222	1348.0	1306.78	117.0	6.34	4.54
PTHR13115	1733.0	1691.78	134.98	5.64	4.04
PTHR13117	538.0	496.79	13.0	1.87	1.34
PTHR12975	3637.09	3431.05	249.0	21.95	15.71
PTHR13285	1686.88	1604.45	249.0	21.99	15.73
PTHR13288	3237.77	3155.33	819.0	34.36	24.58
PTHR10953	17376.25	16922.88	6752.64	150.12	107.46
PTHR10954	533.0	491.79	17.0	2.47	1.77
PTHR21726	1892.0	1850.78	2957.96	113.01	80.87
PTHR10956	900.0	817.58	29152.46	4833.84	3459.18
PTHR11538	2368.0	2326.78	618.0	18.77	13.43
PTHR10826	2397.0	2355.78	3318.19	99.51	71.21
PTHR11533	6889.83	6601.34	1102.0	70.34	50.35
PTHR11532	939.0	856.58	2.0	0.33	0.24
PTHR10000	1999.0	1916.56	332.0	24.56	17.58
PTHR13021	1341.39	1300.18	1283.0	69.89	50.02
PTHR11706	2330.85	2248.45	497.0	33.94	24.29
PTHR24007	4036.16	3912.52	1809.0	78.02	55.83
PTHR24003	24088.18	23305.22	5507.02	176.62	126.41
PTHR31446	1969.71	1887.28	142.0	11.68	8.36
PTHR31442	2672.9	2631.69	1927.02	51.71	37.01
PTHR11441	1002.0	960.78	173.0	12.78	9.14
PTHR11440	3257.07	3092.24	927.0	42.68	30.54
PTHR11999	10361.13	10237.48	14949.88	244.81	175.19
PTHR11449	510.31	469.09	28845.16	4397.11	3146.65
PTHR11994	980.0	897.62	36990.77	4173.92	2986.93
PTHR10137	2422.0	2380.78	740.03	21.96	15.71
PTHR10133	3773.0	3525.76	266.0	23.94	17.14
PTHR13620	5044.49	4838.48	1672.97	79.81	57.1
PTHR11847	390.0	348.8	14.0	2.88	2.06
PTHR11843	699.0	657.78	40946.03	4432.75	3172.16
PTHR11661	5503.84	5380.18	35474.0	3908.83	2797.23
PTHR11662	24637.94	24019.72	8852.27	326.21	233.43
PTHR11669	7613.33	7448.47	4281.29	141.57	101.31
PTHR11668	14911.87	14623.33	7763.93	240.66	172.22
PTHR20856	7320.0	6990.31	822.88	57.99	41.5
PTHR20854	7258.81	6970.31	1676.63	84.08	60.18
PTHR20855	3318.0	3235.56	347.0	15.62	11.18
PTHR20852	6545.16	6256.67	16646.3	633.18	453.12
PTHR32404	4375.76	4252.11	2591.21	78.46	56.14
PTHR20858	1733.0	1568.2	57.0	10.59	7.57
PTHR30603	5894.0	5811.56	3739.89	85.65	61.29
PTHR11709	3223.93	3182.72	3014.42	66.86	47.85
PTHR14237	5131.57	4925.49	554.0	35.69	25.54
PTHR10738	1197.0	1114.57	48.0	6.76	4.84
PTHR11143	1041.0	999.78	41838.0	2969.01	2124.68
PTHR23155	22121.77	21297.48	9884.8	450.74	322.56
PTHR23153	6362.0	6114.69	2648.0	104.96	75.12
PTHR23151	10889.07	10600.55	6301.01	266.41	190.65
PTHR11063	5724.0	5600.34	618.94	26.93	19.29
PTHR11062	44952.74	43963.57	33286.14	861.14	616.23
PTHR11061	8805.07	8516.55	1085.0	60.88	43.57
PTHR11065	5562.57	5480.14	6142.73	224.49	160.65
PTHR11064	2835.66	2712.01	880.0	61.1	43.72
PTHR11260	12157.21	11868.83	5243.22	206.04	147.44
PTHR11264	918.6	877.39	145.0	11.74	8.4
PTHR11266	12865.35	12576.83	8525.31	292.13	209.07
PTHR31998	3479.0	3437.78	16132.1	331.2	237.01
PTHR31221	2766.0	2724.78	1962.36	50.86	36.4
PTHR15838	1064.0	981.58	104.0	15.04	10.77
PTHR32338	2168.0	2126.78	1119.24	37.19	26.62
PTHR23270	4582.43	4252.8	592.0	67.48	48.31
PTHR31155	4289.0	4206.56	4102.93	134.56	96.29
PTHR12363	3558.0	3310.72	165.0	20.94	14.98
PTHR18952	4638.75	4515.1	6261.02	256.07	183.24
PTHR12765	2096.76	1973.13	534.04	48.84	34.96
PTHR12505	2087.0	2004.56	2036.74	121.63	87.05
PTHR22603	3453.13	3329.5	520.0	29.85	21.36
PTHR22604	1617.82	1535.39	230.91	19.98	14.3
PTHR21481	2638.06	2555.66	525.0	28.7	20.53
PTHR22778	4884.0	4677.93	363.45	22.43	16.04
PTHR12169	2715.0	2509.0	95.0	12.14	8.68
PTHR19446	11905.8	11493.76	13468.13	307.26	219.88
PTHR12219	1180.11	1138.89	304.0	18.92	13.54
PTHR13561	3782.34	3699.9	386.0	13.19	9.44
PTHR13563	1376.0	1293.57	108.0	11.58	8.28
PTHR12210	15373.39	15084.89	6418.18	190.92	136.64
PTHR12215	2187.0	2104.56	113.0	9.45	6.76
PTHR12214	793.0	751.78	30.0	2.84	2.03
PTHR22915	12521.14	12150.17	4993.76	206.12	147.52
PTHR22911	2318.61	2194.96	170.0	13.83	9.89
PTHR22912	15092.12	14803.58	9933.07	278.75	199.47
PTHR12497	2124.0	2041.6	142.88	6.18	4.42
PTHR12183	4806.0	4682.39	1204.0	39.51	28.27
PTHR19849	2518.57	2436.14	241.0	14.05	10.06
PTHR31783	654.0	612.78	26.0	3.02	2.16
PTHR22594	8298.94	8134.06	5301.24	168.02	120.24
PTHR21152	5916.0	5833.56	10069.0	252.17	180.46
PTHR23291	833.0	791.78	1341.2	120.41	86.16
PTHR13102	1440.0	1398.78	426.05	21.57	15.43
PTHR12984	3667.36	3502.57	344.0	25.98	18.59
PTHR12001	3768.0	3685.56	1623.65	60.72	43.45
PTHR11630	16254.44	15801.05	4563.77	168.0	120.22
PTHR12302	3984.0	3901.56	3622.07	115.48	82.64
PTHR13299	1847.0	1805.78	831.0	32.54	23.29
PTHR12652	2047.71	2006.49	918.0	32.34	23.14
PTHR10925	2509.0	2344.17	159.0	19.13	13.69
PTHR21737	1826.0	1702.37	173.0	19.26	13.78
PTHR10920	5205.35	4999.26	1441.57	101.74	72.82
PTHR10855	1581.0	1539.78	522.0	23.99	17.17
PTHR10584	22049.54	21513.71	10071.99	333.03	238.3
PTHR11528	9311.77	9105.69	151588.27	3864.74	2765.68
PTHR11527	3232.3	3108.67	22880.69	1171.96	838.67
PTHR11525	2845.0	2803.78	349.0	8.79	6.29
PTHR10859	3448.44	3366.01	657.99	27.41	19.61
PTHR10589	1352.65	1311.44	364.02	19.66	14.07
PTHR10588	25642.19	24900.41	6836.88	281.22	201.24
PTHR13038	1606.0	1523.57	109.0	9.63	6.9
PTHR13748	12618.73	12371.42	7240.03	185.04	132.42
PTHR13743	1858.0	1775.56	141.0	11.5	8.23
PTHR24015	21284.73	20790.13	8043.68	273.03	195.38
PTHR24012	25162.0	24502.59	73175.06	2945.28	2107.72
PTHR24011	32935.31	32193.5	42329.86	1176.15	841.68
PTHR31187	2906.0	2864.78	12950.36	319.2	228.42
PTHR10459	771.0	688.63	7.0	1.5	1.07
PTHR10458	1377.57	1336.35	91.0	4.82	3.45
PTHR10108	43313.53	42241.88	23170.49	589.5	421.89
PTHR11986	12030.0	11617.85	2613.0	100.6	71.97
PTHR11455	6699.0	6410.54	1082.0	47.92	34.3
PTHR10102	1276.16	1193.79	697.07	58.84	42.1
PTHR11458	1736.48	1695.26	2824.63	117.86	84.34
PTHR10106	990.0	948.78	87.0	6.51	4.66
PTHR31057	1328.52	1246.11	402.0	38.22	27.35
PTHR21141	4295.4	4089.38	98558.08	12268.73	8779.73
PTHR11851	25997.99	25173.74	7287.74	248.74	177.99
PTHR23092	3534.68	3369.84	878.43	51.67	36.97
PTHR23091	15668.52	15215.17	2353.32	122.29	87.51
PTHR11673	1190.0	1148.78	19249.36	1187.73	849.96
PTHR11670	8982.41	8858.76	21407.3	490.09	350.72
PTHR11671	1262.0	1220.78	941.0	54.62	39.09
PTHR20863	4556.41	4432.76	8026.46	400.39	286.54
PTHR20861	4371.0	4288.56	901.92	30.7	21.96
PTHR11679	9880.13	9715.28	2931.0	94.82	67.85
PTHR14009	3893.29	3769.64	3293.82	180.24	128.98
PTHR10217	24338.79	23514.58	2288.36	93.31	66.79
PTHR14005	3923.0	3881.78	2951.83	53.66	38.4
PTHR10210	2015.1	1973.88	570.0	20.41	14.61
PTHR31522	1847.45	1806.24	819.0	32.07	22.95
PTHR14221	2209.64	2127.21	2089.04	127.47	91.22
PTHR11079	5102.0	4895.92	308.0	18.7	13.38
PTHR11076	7495.15	7041.86	4081.92	188.82	135.12
PTHR11070	2208.0	2084.38	54.0	5.6	4.01
PTHR11071	27163.43	26133.13	10379.1	487.81	349.06
PTHR11278	1788.0	1664.42	29132.99	1976.38	1414.34
PTHR11276	778.0	736.78	35.0	3.38	2.42
PTHR11274	2287.0	2204.56	179.0	10.79	7.72
PTHR31984	4805.16	4681.54	3413.22	135.22	96.77
PTHR15350	2653.8	2571.36	1568.82	85.72	61.34
PTHR15606	3763.37	3598.5	985.0	58.64	41.96
PTHR12374	2378.0	2336.78	399.0	12.06	8.63
PTHR12375	1242.67	1201.45	1657.02	97.73	69.94
PTHR12378	6468.0	6303.12	2401.02	93.84	67.15
PTHR18929	12737.0	12448.46	16644.69	918.57	657.35
PTHR13976	8108.85	7985.2	5741.24	163.89	117.29
PTHR12777	2414.18	2372.97	4108.7	122.33	87.54
PTHR12775	5711.41	5628.98	2309.02	57.3	41.01
PTHR16092	432.0	390.79	22.0	4.04	2.89
PTHR19211	20448.99	19872.01	141088.47	2555.4	1828.67
PTHR22298	1077.57	1036.35	436.95	29.9	21.4
PTHR12174	3607.0	3524.56	564.0	26.69	19.1
PTHR12175	2200.61	2118.18	1007.93	63.62	45.53
PTHR12176	6695.9	6531.04	3610.12	159.29	113.98
PTHR22769	13300.55	13012.02	7063.44	327.88	234.64
PTHR22767	1371.71	1330.5	438.0	23.31	16.68
PTHR22762	3781.0	3739.78	2508.05	47.33	33.87
PTHR22763	560.0	518.79	117.0	16.1	11.52
PTHR22761	5502.68	5379.03	9887.73	346.56	248.02
PTHR21231	2122.0	2080.78	2323.0	78.91	56.47
PTHR21230	3973.9	3891.47	1870.05	66.64	47.68
PTHR21234	2677.0	2553.34	275.0	23.7	16.95
PTHR21237	3448.0	3365.56	5693.98	305.29	218.47
PTHR12202	1636.0	1512.41	120.0	12.45	8.9
PTHR12203	36326.51	35172.44	13544.05	533.41	381.71
PTHR19857	1051.99	1010.82	192.0	13.47	9.64
PTHR22904	21201.26	20335.77	14219.02	508.16	363.67
PTHR19855	2441.14	2399.92	238.0	7.01	5.01
PTHR13353	3856.37	3732.72	916.0	38.86	27.8
PTHR12197	12294.65	11800.11	4091.48	184.66	132.15
PTHR11932	8088.0	7923.13	3687.13	79.34	56.78
PTHR13822	1954.0	1912.78	3960.01	146.37	104.75
PTHR13138	2187.0	2104.56	170.0	12.15	8.69
PTHR10732	1058.0	1016.78	29389.48	2050.49	1467.37
PTHR10739	1637.0	1595.78	448.98	19.91	14.25
PTHR12992	2766.28	2725.06	581.52	15.07	10.78
PTHR22838	2686.0	2562.35	352.0	26.63	19.06
PTHR22881	5380.63	5298.19	1713.98	53.94	38.6
PTHR22836	1456.0	1414.78	114.0	5.7	4.08
PTHR10693	3635.0	3593.78	3101.94	60.91	43.59
PTHR10938	1521.0	1438.56	340.0	34.87	24.95
PTHR13375	4049.69	4008.48	1568.89	27.62	19.76
PTHR10934	1209.0	1126.57	17069.22	1733.57	1240.57
PTHR11510	2895.0	2853.78	21680.5	536.44	383.89
PTHR11516	6459.0	6294.13	3462.0	104.24	74.6
PTHR10025	4022.58	3898.93	842.99	45.82	32.79
PTHR10026	12967.88	12761.79	14832.14	276.36	197.79
PTHR10027	1479.07	1396.63	197.0	19.82	14.18
PTHR13009	3320.67	3197.02	1279.07	77.73	55.63
PTHR13007	2571.0	2529.78	880.1	24.57	17.59
PTHR30115	2506.0	2423.57	664.42	24.18	17.3
PTHR10598	2155.05	2113.83	4925.29	164.68	117.85
PTHR17901	1716.49	1675.27	211.0	8.91	6.38
PTHR24351	13660.0	13536.34	5371.71	79.9	57.17
PTHR20981	1064.0	981.57	22366.25	2649.25	1895.85
PTHR20982	1959.0	1876.56	553.0	40.97	29.32
PTHR24352	8190.93	8067.27	4765.97	111.99	80.15
PTHR11467	1891.04	1849.83	994.0	38.0	27.19
PTHR10119	9154.59	9030.95	8492.26	215.6	154.29
PTHR10110	7001.0	6671.29	460.0	33.19	23.75
PTHR11469	3504.0	3462.78	4532.98	92.39	66.12
PTHR11863	5462.0	5379.56	3223.85	71.19	50.95
PTHR24286	10216.22	9968.9	3134.85	116.73	83.54
PTHR11864	4602.0	4478.35	1206.0	45.41	32.49
PTHR23426	4832.0	4667.13	4460.4	231.02	165.32
PTHR10593	3182.7	3100.27	1277.04	47.4	33.91
