GeneFamily	length	effective_length	expected_count	TPM	FPKM
PTHR11649	9832.11	9385.62	500.0	205.34	222.62
PTHR31089	487.0	446.41	8.0	7.69	8.34
PTHR31085	2585.0	2463.23	152.0	76.75	83.22
PTHR11647	1594.0	1553.41	86.0	23.49	25.46
PTHR11645	551.0	510.41	52.0	43.64	47.31
PTHR11880	1204.0	1122.82	2572.0	1912.31	2073.35
PTHR11885	1070.0	1029.41	1004.0	414.79	449.72
PTHR10209	3636.0	3514.23	48.0	13.97	15.14
PTHR32429	3342.0	3179.65	2568.0	770.26	835.13
PTHR12403	2228.4	2147.22	115.0	41.34	44.82
PTHR31423	4228.0	4146.82	349.32	43.04	46.66
PTHR31551	417.0	376.41	41.0	46.88	50.83
PTHR32195	2769.0	2647.23	64.0	16.81	18.23
PTHR11081	5554.0	5351.05	92.0	37.47	40.63
PTHR11080	2157.0	2075.82	257.0	85.06	92.22
PTHR11082	5759.0	5515.48	71.0	30.63	33.22
PTHR11085	4941.0	4738.05	583.86	212.76	230.69
PTHR11089	8423.02	8057.7	297.97	128.2	139.01
PTHR32518	3100.0	3018.82	179.0	45.61	49.45
PTHR11247	1447.0	1406.41	233.0	70.32	76.24
PTHR32512	811.0	729.82	29.99	35.09	38.05
PTHR23088	6341.0	6138.05	492.0	174.37	189.05
PTHR23089	1470.0	1388.82	333.0	196.7	213.26
PTHR23081	5269.12	4984.99	82.11	41.12	44.6
PTHR23083	23816.57	22964.17	487.0	174.19	188.88
PTHR23084	5600.0	5397.05	307.0	73.04	79.2
PTHR23086	3422.0	3219.09	34.0	19.15	20.78
PTHR18806	1385.0	1303.82	9.0	4.32	4.69
PTHR31953	4871.25	4708.88	616.62	127.75	138.5
PTHR15184	10296.95	10012.82	3924.79	921.92	999.54
PTHR15341	530.0	489.41	0.0	0.0	0.0
PTHR32357	543.0	502.41	15.0	12.79	13.87
PTHR15169	1588.0	1506.82	9.0	5.71	6.19
PTHR12341	8404.82	8120.69	126.0	47.2	51.19
PTHR15160	4140.88	4019.11	200.0	96.4	104.52
PTHR18937	8513.11	8147.8	232.0	102.16	110.77
PTHR18934	17790.82	16979.07	977.88	281.94	305.69
PTHR12742	2132.26	2051.08	110.0	45.67	49.52
PTHR12741	731.0	690.41	64.0	39.56	42.89
PTHR19288	5147.0	4903.46	379.0	126.64	137.29
PTHR12975	3436.0	3233.05	20.0	17.16	18.59
PTHR13902	2860.4	2698.04	196.0	110.71	120.03
PTHR13903	889.58	848.99	37.0	18.56	20.13
PTHR22753	4360.0	4197.64	35.0	14.68	15.93
PTHR30615	684.0	643.41	17.0	11.28	12.24
PTHR22939	14567.16	14039.49	402.0	143.83	155.95
PTHR22938	3664.0	3501.65	54.0	18.73	20.32
PTHR16266	2709.0	2587.23	38.0	21.38	23.18
PTHR30612	6003.0	5881.23	254.0	46.55	50.48
PTHR22932	645.7	605.11	232.0	163.87	177.66
PTHR21228	52080.22	49604.35	2002.0	727.38	788.63
PTHR13343	5405.0	5161.46	430.0	182.82	198.21
PTHR12233	2608.0	2567.41	89.0	14.68	15.91
PTHR22936	3569.0	3447.23	283.92	65.04	70.52
PTHR10993	1412.0	1330.82	16.0	8.18	8.86
PTHR31038	1011.0	970.41	30.0	13.15	14.26
PTHR13832	25496.93	24319.85	1505.22	661.49	717.23
PTHR21139	1426.27	1385.67	358.0	109.67	118.9
PTHR21136	4634.67	4472.31	857.98	323.59	350.82
PTHR12526	37501.63	36405.7	5365.0	1166.34	1264.57
PTHR13124	565.0	524.41	21.0	17.15	18.59
PTHR13120	548.0	507.41	33.0	27.86	30.21
PTHR22809	1551.0	1469.82	9.0	4.43	4.8
PTHR22807	6403.0	5997.11	50.0	35.27	38.23
PTHR20661	286.67	246.22	0.0	0.0	0.0
PTHR10900	17253.08	16685.02	5598.55	1883.71	2042.34
PTHR10906	3444.0	3362.82	1066.63	291.79	316.37
PTHR10909	18573.0	18045.33	1606.93	488.81	529.99
PTHR10055	2360.93	2279.75	169.01	64.11	69.52
PTHR10057	2814.17	2692.48	705.09	322.58	349.74
PTHR10052	736.0	695.41	3589.03	2202.44	2387.91
PTHR13017	981.0	940.41	67.0	30.32	32.87
PTHR13018	15308.82	14862.34	892.0	157.0	170.21
PTHR10694	2282.06	2160.3	421.0	142.68	154.71
PTHR12839	2403.31	2240.96	26.0	16.81	18.23
PTHR10954	979.0	938.41	2.0	0.91	0.98
PTHR12835	2032.0	1950.82	22.0	8.75	9.49
PTHR24031	51884.99	49652.69	11208.46	3371.49	3655.41
PTHR24032	1032.0	991.41	4.14	1.78	1.93
PTHR24349	42694.23	40989.52	3038.09	1017.6	1103.37
PTHR24619	1968.0	1886.82	54.0	16.85	18.27
PTHR24343	15328.13	14597.51	2886.06	777.23	842.69
PTHR11472	5502.0	5299.06	76.0	16.54	17.92
PTHR24347	7207.7	6842.43	196.0	93.13	100.97
PTHR11476	4764.0	4642.23	490.0	90.11	97.71
PTHR11477	1107.0	1025.82	43.0	28.26	30.63
PTHR10438	16402.0	15752.56	2987.0	1596.01	1730.4
PTHR10476	2397.0	2275.24	320.0	181.65	196.95
PTHR11538	3173.0	3091.82	316.0	87.35	94.71
PTHR24290	2474.32	2352.55	31.0	15.54	16.87
PTHR12730	2753.0	2631.23	41.0	20.14	21.83
PTHR23413	849.0	767.86	3032.72	2586.41	2804.22
PTHR23417	4595.1	4473.33	41.0	12.86	13.95
PTHR23416	5082.0	4879.05	516.0	187.47	203.24
PTHR23415	1631.0	1549.82	330.0	160.43	173.94
PTHR12736	1530.34	1489.75	85.0	24.21	26.25
PTHR10871	4428.0	4265.64	4486.8	2929.46	3176.17
PTHR23418	744.0	703.41	270.0	163.78	177.58
PTHR10877	6256.0	5931.31	36.0	20.33	22.04
PTHR31096	5528.0	5203.28	1273.96	626.76	679.57
PTHR11655	2081.0	1959.23	6225.36	3810.32	4131.2
PTHR11652	2441.54	2279.18	5548.43	3569.77	3870.39
PTHR20883	3299.0	3217.82	153.0	41.71	45.22
PTHR11895	8737.29	8371.98	316.0	103.44	112.16
PTHR10277	3245.0	3163.82	393.0	92.41	100.19
PTHR14027	2837.0	2674.65	61.0	34.67	37.59
PTHR13691	1193.54	1112.36	45.0	32.34	35.06
PTHR11246	5887.0	5724.64	182.0	53.56	58.08
PTHR23180	6955.0	6549.1	311.99	164.71	178.59
PTHR14593	2681.0	2478.06	17.0	12.98	14.08
PTHR11093	3316.0	3234.82	348.0	88.99	96.48
PTHR11096	2734.0	2652.82	15.0	4.82	5.23
PTHR23346	7911.0	7789.23	94.0	12.72	13.79
PTHR10309	1233.0	1192.41	18.0	6.41	6.95
PTHR14107	2241.37	2119.61	42.0	22.24	24.12
PTHR11252	4512.0	4349.64	53.0	18.41	19.97
PTHR11254	13505.88	13018.82	665.61	224.32	243.2
PTHR11255	2621.0	2539.82	211.0	69.35	75.2
PTHR14110	1682.0	1600.82	64.0	32.88	35.65
PTHR14374	1423.0	1382.41	16.0	4.91	5.33
PTHR18838	2224.0	2102.24	56.0	23.93	25.94
PTHR14534	663.0	622.41	13.0	8.92	9.68
PTHR12687	1197.0	1156.41	5.0	1.84	1.99
PTHR15157	4490.0	4327.65	117.0	40.19	43.57
PTHR18901	9420.54	9055.23	347.0	129.78	140.7
PTHR12755	1466.24	1385.09	78.0	32.13	34.84
PTHR12750	5421.71	5056.43	378.0	217.18	235.47
PTHR12753	1329.0	1288.41	73.0	24.06	26.09
PTHR15081	883.0	801.82	4.0	4.18	4.53
PTHR15574	8998.33	8592.44	134.0	51.0	55.29
PTHR12506	2739.07	2617.3	171.0	64.41	69.84
PTHR24006	20311.55	19418.63	784.0	282.89	306.72
PTHR12358	305.0	264.45	1.0	1.64	1.78
PTHR22748	3812.99	3610.04	84.0	46.16	50.04
PTHR12356	1571.42	1490.24	142.43	71.82	77.87
PTHR12221	1276.0	1235.41	39.0	13.41	14.54
PTHR21213	860.0	819.41	123.0	63.96	69.34
PTHR19879	2242.71	2080.36	64.0	42.31	45.87
PTHR12226	1034.0	993.41	70.0	29.98	32.5
PTHR19876	3861.9	3780.72	460.0	91.16	98.84
PTHR19877	1376.0	1335.41	211.0	67.08	72.73
PTHR31190	1797.09	1715.91	289.0	136.25	147.72
PTHR12538	515.0	474.41	3166.62	2861.99	3103.01
PTHR12537	2209.0	2127.82	82.99	33.42	36.24
PTHR12532	1801.0	1760.41	43.0	10.36	11.23
PTHR13486	1254.0	1213.41	60.0	21.01	22.78
PTHR20275	3890.86	3728.51	669.0	261.32	283.33
PTHR13489	498.0	457.41	1.0	0.94	1.02
PTHR17583	2530.0	2408.23	31.0	16.16	17.52
PTHR24198	12263.57	11735.92	340.0	114.06	123.65
PTHR10048	4698.63	4495.67	262.0	113.42	122.97
PTHR10046	3072.0	2909.64	72.0	41.15	44.62
PTHR10044	964.0	923.41	60.0	27.66	29.99
PTHR11998	5209.35	5006.4	488.0	186.99	202.74
PTHR13060	846.0	805.41	2.0	1.06	1.15
PTHR10687	1801.0	1719.82	206.0	117.95	127.87
PTHR13069	3207.98	3045.62	34.0	17.38	18.84
PTHR10681	4116.03	3913.1	2267.93	1045.73	1133.79
PTHR10682	1586.0	1545.41	107.0	29.37	31.85
PTHR10683	4699.52	4577.74	1898.33	472.63	512.43
PTHR12829	1579.0	1457.26	58.0	35.6	38.6
PTHR12820	2704.0	2582.23	62.0	27.81	30.15
PTHR12826	1011.0	970.41	52.0	22.8	24.72
PTHR12827	2097.0	1934.67	14.0	11.96	12.96
PTHR17920	1717.0	1635.84	72.0	22.54	24.43
PTHR10137	1736.0	1695.41	248.0	62.03	67.25
PTHR11405	3203.11	3121.93	1676.97	384.62	417.01
PTHR11404	2975.52	2894.34	4766.87	1744.81	1891.75
PTHR11406	2397.0	2315.82	3067.92	830.25	900.16
PTHR14744	922.0	881.41	3.0	1.45	1.57
PTHR13468	1434.28	1393.69	34.0	10.36	11.23
PTHR23406	10248.78	10005.25	1569.9	321.28	348.34
PTHR23407	1208.33	1167.74	18.0	6.55	7.1
PTHR10869	11397.08	11072.36	669.0	216.38	234.59
PTHR31717	492.74	452.15	55.0	52.19	56.59
PTHR13393	1238.0	1156.82	39.06	29.15	31.61
PTHR12696	3541.12	3419.35	926.03	439.89	476.94
PTHR11315	4015.34	3852.98	423.0	155.09	168.15
PTHR10139	1636.0	1554.82	15.0	7.0	7.59
PTHR10264	3904.46	3782.69	1502.26	470.64	510.27
PTHR10263	1585.0	1503.82	727.77	392.96	426.05
PTHR31155	1092.23	1011.05	6.0	4.52	4.9
PTHR32170	2952.0	2830.23	20.0	8.59	9.32
PTHR23350	1601.01	1519.83	18.0	9.58	10.39
PTHR23354	2582.0	2460.23	115.0	52.38	56.8
PTHR23355	5610.14	5407.18	202.0	91.14	98.81
PTHR23359	7048.99	6765.06	385.98	147.27	159.66
PTHR11227	2874.0	2792.82	101.0	38.84	42.11
PTHR11220	6765.0	6521.46	766.36	245.82	266.52
PTHR11223	4321.0	4199.23	101.0	30.92	33.52
PTHR11229	2483.0	2401.82	254.0	100.25	108.7
PTHR10314	17191.42	16663.75	4684.95	1323.13	1434.56
PTHR14303	650.0	609.41	79.0	55.4	60.07
PTHR23308	4409.0	4165.47	173.0	83.78	90.83
PTHR11139	23511.69	22659.34	535.0	141.13	153.02
PTHR15362	1242.0	1160.82	2.0	1.39	1.51
PTHR11132	18048.53	17399.1	1035.99	310.03	336.13
PTHR11134	3945.0	3863.82	422.12	92.15	99.9
PTHR11136	2397.76	2316.57	38.0	14.03	15.22
PTHR32374	1866.0	1744.23	52.0	39.7	43.06
PTHR31579	5734.0	5328.1	276.0	197.14	213.75
PTHR32379	1031.0	990.41	19.0	8.16	8.85
PTHR18919	1585.0	1503.82	19.0	7.78	8.44
PTHR32002	1342.09	1260.91	47.0	31.27	33.91
PTHR14413	1228.0	1146.82	161.0	104.57	113.38
PTHR22891	1943.68	1821.92	42.0	31.03	33.65
PTHR22893	1703.0	1662.41	88.0	22.45	24.34
PTHR10778	3615.11	3493.34	497.0	172.55	187.07
PTHR10072	4831.65	4669.29	433.0	165.16	179.07
PTHR12786	3057.49	2976.31	286.0	79.3	85.98
PTHR12782	1345.0	1263.82	55.0	36.33	39.39
PTHR11214	1255.0	1214.41	34.0	11.89	12.9
PTHR24063	27937.05	27125.25	2532.12	522.51	566.5
PTHR10182	1141.0	1100.41	125.0	48.29	52.35
PTHR13923	3267.0	3104.64	225.0	117.83	127.75
PTHR12321	2839.0	2757.82	355.0	138.41	150.07
PTHR12320	5562.64	5278.53	459.0	239.48	259.63
PTHR12323	1120.0	1038.82	11.0	9.37	10.16
PTHR16201	1857.0	1775.82	38.0	20.72	22.46
PTHR21015	1332.0	1291.41	185.16	60.89	66.01
PTHR16196	1027.0	945.82	40.0	31.4	34.05
PTHR16193	899.0	858.41	7.0	3.47	3.77
PTHR22792	2650.53	2488.17	174.0	105.25	114.12
PTHR22790	1999.0	1917.82	12.0	5.25	5.7
PTHR21680	1520.0	1479.41	166.0	47.61	51.62
PTHR21689	664.0	623.41	5.0	3.43	3.72
PTHR21113	2863.62	2741.84	115.0	45.77	49.62
PTHR19316	693.0	611.85	13.0	18.92	20.52
PTHR21663	2353.0	2231.23	14.0	6.28	6.81
PTHR13253	5472.0	5187.87	410.0	233.43	253.09
PTHR22603	1856.0	1734.24	27.0	19.08	20.68
PTHR21206	840.0	799.41	3.0	1.6	1.73
PTHR13789	12157.67	11630.03	1206.96	286.09	310.18
PTHR10071	2085.01	1922.65	27.0	22.59	24.49
PTHR24188	5175.0	5053.23	175.0	43.65	47.34
PTHR13780	5599.34	5315.21	646.0	303.04	328.57
PTHR10670	6519.0	6275.46	16.09	5.94	6.44
PTHR10677	1550.0	1468.82	276.0	156.23	169.39
PTHR13078	2002.0	1920.82	11.0	6.6	7.16
PTHR12815	5445.0	5282.64	372.0	107.48	116.54
PTHR12814	1397.0	1315.82	69.0	45.54	49.37
PTHR24361	9576.9	9252.18	826.22	229.9	249.24
PTHR24362	7349.19	6983.88	962.99	305.86	331.62
PTHR10416	1689.27	1567.57	18.0	15.11	16.38
PTHR10410	4005.0	3883.23	278.0	97.56	105.77
PTHR10783	6638.01	6313.31	7922.0	1998.3	2166.59
PTHR10782	1177.0	1136.41	17.0	6.36	6.89
PTHR13476	2598.62	2517.43	119.0	34.01	36.87
PTHR10788	7961.01	7758.06	910.03	244.12	264.68
PTHR10891	8246.3	7880.98	3783.85	1520.78	1648.85
PTHR10890	2461.0	2379.82	81.95	26.56	28.81
PTHR20426	1012.57	971.97	25.0	10.94	11.86
PTHR23213	2645.0	2482.64	33.0	22.41	24.3
PTHR10520	4945.0	4823.23	406.43	86.2	93.46
PTHR10250	1465.0	1383.82	1857.07	1138.92	1234.84
PTHR10527	11501.67	11217.54	721.01	155.06	168.13
PTHR10099	5006.0	4965.41	681.03	57.99	62.87
PTHR31385	5159.74	4997.38	677.67	155.48	168.57
PTHR10091	1342.0	1301.41	59.0	19.25	20.87
PTHR31142	1664.0	1623.41	284.0	74.2	80.45
PTHR31140	537.81	497.22	15.0	12.93	14.01
PTHR11787	2927.0	2845.82	265.0	63.38	68.72
PTHR11785	13456.0	13212.46	937.0	154.07	167.05
PTHR11782	6531.42	6247.29	181.0	57.43	62.27
PTHR31419	711.0	670.41	2.0	1.27	1.38
PTHR11780	1981.0	1940.41	1183.9	258.58	280.36
PTHR23151	7108.39	6702.51	1075.0	561.34	608.62
PTHR21141	2987.0	2784.09	10424.8	9273.98	10054.97
PTHR32148	4370.5	4167.55	300.0	109.75	119.01
PTHR23324	6529.35	6366.99	386.0	85.15	92.33
PTHR23326	3334.0	3212.23	425.44	190.06	206.07
PTHR23321	830.0	789.41	28.0	15.12	16.39
PTHR23323	4379.36	4135.83	150.0	86.32	93.6
PTHR23322	3424.0	3221.05	103.0	79.7	86.43
PTHR23329	1769.0	1647.23	18.0	12.05	13.06
PTHR11236	2739.0	2617.23	134.0	56.4	61.15
PTHR20932	3652.0	3530.23	187.0	48.24	52.3
PTHR10322	9830.0	9464.69	69.0	28.87	31.29
PTHR11239	963.0	881.82	74.0	74.46	80.73
PTHR10555	6846.0	6602.46	310.0	91.63	99.35
PTHR31964	9747.49	9463.35	1717.39	650.0	704.74
PTHR23030	3880.47	3799.29	918.0	186.36	202.06
PTHR11129	2279.0	2157.25	116.0	64.47	69.91
PTHR11122	5131.95	4969.58	492.0	152.01	164.8
PTHR15316	2419.0	2256.64	189.0	145.06	157.28
PTHR11127	581.0	540.41	3602.31	2853.0	3093.26
PTHR11125	2229.0	2147.82	45.0	12.75	13.82
PTHR31566	1674.0	1633.41	47.0	12.2	13.23
PTHR31567	1245.0	1204.41	889.99	313.93	340.37
PTHR31561	8505.06	8018.25	744.58	239.56	259.74
PTHR15137	496.0	455.41	5.0	4.71	5.11
PTHR15954	898.0	816.83	11.0	10.33	11.2
PTHR15952	3943.0	3740.05	36.0	17.64	19.13
PTHR21597	2302.0	2220.82	62.0	24.83	26.92
PTHR19271	4042.0	3920.23	21.0	8.29	8.99
PTHR22931	14142.84	13655.86	12207.47	1784.14	1934.39
PTHR11361	15634.77	15066.55	126.0	33.86	36.71
PTHR12029	4452.0	4127.29	32.0	18.36	19.92
PTHR21220	1363.0	1322.41	169.0	54.26	58.83
PTHR31588	1678.38	1597.2	232.0	129.79	140.73
PTHR22780	2657.0	2575.82	170.0	43.87	47.55
PTHR21477	1616.64	1535.45	22.0	12.6	13.66
PTHR19308	3253.0	3131.23	792.99	267.53	290.06
PTHR19306	3682.0	3600.82	74.0	16.97	18.4
PTHR16301	2175.0	2053.23	12.0	6.21	6.73
PTHR13265	1136.0	1095.41	19.0	7.37	7.99
PTHR22870	27156.73	26263.78	2048.23	524.8	568.98
PTHR17630	6775.33	6612.96	370.0	74.07	80.31
PTHR10064	550.6	510.03	2573.0	2160.7	2342.66
PTHR10066	10986.0	10701.87	671.65	122.04	132.33
PTHR10060	2186.0	2023.64	58.0	46.09	49.98
PTHR10663	14139.0	13570.75	257.0	100.7	109.18
PTHR10666	1785.39	1663.61	12922.97	8823.23	9566.26
PTHR10668	10105.04	9658.55	450.0	214.03	232.05
PTHR12801	2886.27	2723.91	72.0	41.6	45.11
PTHR12802	4217.0	4054.64	66.0	21.56	23.38
PTHR12805	1234.0	1152.82	15.0	9.62	10.44
PTHR12806	1024.0	983.41	14.0	6.06	6.57
PTHR21091	7657.69	7373.55	382.01	120.15	130.28
PTHR21090	1816.0	1775.41	321.0	76.66	83.11
PTHR12281	2328.0	2246.82	55.06	19.74	21.4
PTHR13734	3010.0	2888.23	163.0	85.38	92.57
PTHR24315	953.0	912.41	179.0	83.51	90.54
PTHR24314	2142.16	1979.96	105.93	72.05	78.12
PTHR11933	1687.0	1565.23	16.0	11.72	12.71
PTHR24316	4609.21	4406.27	320.0	123.49	133.88
PTHR11426	1962.0	1880.82	211.0	97.76	105.98
PTHR11937	8592.79	8186.9	3928.17	2513.27	2724.9
PTHR11938	17882.0	17557.28	3287.85	392.4	425.44
PTHR13683	8054.66	7648.81	502.0	300.25	325.53
PTHR24089	39565.66	37779.81	5672.57	1981.81	2148.66
PTHR10796	4195.0	4073.23	149.0	54.82	59.43
PTHR10794	3933.7	3811.93	82.0	28.27	30.65
PTHR10795	14418.6	13931.54	693.0	201.27	218.23
PTHR10792	586.0	545.41	2726.07	2138.98	2319.11
PTHR10799	57337.85	54902.54	1326.81	408.15	442.55
PTHR10882	866.0	825.41	26.0	13.42	14.55
PTHR10887	18484.59	17510.47	401.91	162.91	176.64
PTHR11686	2019.0	1897.23	20.0	14.63	15.86
PTHR11685	4292.25	4129.99	79.0	28.94	31.37
PTHR11680	3438.82	3276.46	1589.37	432.85	469.3
PTHR24221	18368.63	17840.96	529.0	152.13	164.94
PTHR24220	7122.0	6878.46	717.0	222.38	241.09
PTHR24223	28091.97	27320.76	12328.55	2362.47	2561.41
PTHR11689	11130.0	10805.28	358.0	105.33	114.18
PTHR10252	2051.0	1888.64	42.0	34.15	37.02
PTHR10537	1738.0	1697.41	6.0	1.5	1.63
PTHR31173	3687.0	3524.66	69.0	24.97	27.07
PTHR10997	12342.0	12057.87	282.0	67.35	73.04
PTHR31606	644.0	603.41	27.0	19.13	20.74
PTHR31356	2765.0	2683.82	1623.0	533.61	578.55
PTHR31352	7233.88	6990.34	329.0	95.59	103.63
PTHR31350	3617.0	3495.23	53.0	20.52	22.25
PTHR11758	623.0	582.41	2711.01	1990.38	2158.0
PTHR23333	1227.0	1186.41	166.08	59.48	64.49
PTHR11203	4399.14	4236.77	175.0	49.1	53.22
PTHR11753	2396.0	2274.23	333.0	179.97	195.12
PTHR11200	13896.84	13409.81	453.0	125.22	135.77
PTHR24423	5495.59	5333.23	153.0	50.68	54.95
PTHR11206	14842.09	14273.9	341.0	92.63	100.44
PTHR11757	9145.0	8820.28	419.0	87.26	94.59
PTHR24420	51441.0	50182.78	1591.04	392.27	425.3
PTHR10332	5800.0	5637.64	339.0	74.83	81.13
PTHR32557	992.0	951.41	69.0	30.86	33.46
PTHR14145	2949.0	2867.82	476.0	137.74	149.34
PTHR13600	4493.74	4290.78	143.0	60.22	65.28
PTHR31384	2065.0	1983.82	39.0	17.35	18.81
PTHR15744	1407.0	1325.82	24.0	19.54	21.18
PTHR23029	7655.5	7411.96	754.97	195.34	211.79
PTHR23023	3139.0	2936.05	26.0	15.74	17.07
PTHR21294	1602.0	1561.41	131.81	35.81	38.83
PTHR11119	2835.0	2713.23	27.0	13.38	14.52
PTHR31595	3927.0	3724.05	96.0	41.18	44.64
PTHR31596	1813.0	1772.41	36.25	8.67	9.4
PTHR21290	916.0	875.41	16.0	7.78	8.44
PTHR15948	1348.0	1266.82	20.22	14.18	15.37
PTHR31412	3794.0	3712.82	276.0	61.82	67.03
PTHR32026	1319.0	1278.41	124.94	41.5	45.0
PTHR31829	1129.0	1088.41	713.99	278.88	302.36
PTHR14898	1437.0	1396.41	23.19	7.05	7.64
PTHR19241	38077.21	36453.62	1707.91	615.78	667.63
PTHR15239	3329.21	3166.85	54.0	25.88	28.06
PTHR19854	4038.27	3875.9	935.93	304.87	330.53
PTHR32497	3914.0	3792.23	251.0	96.72	104.85
PTHR12497	2185.0	2022.64	24.0	19.63	21.28
PTHR12302	1543.0	1502.41	585.43	165.34	179.26
PTHR12652	2228.0	2187.41	244.0	47.26	51.23
PTHR12304	1193.0	1152.41	14.0	5.16	5.6
PTHR30540	2168.0	2086.82	22.0	10.44	11.32
PTHR30544	4658.49	4455.53	101.0	45.17	48.95
PTHR13302	2405.0	2242.65	45.0	29.97	32.49
PTHR12472	1222.0	1140.83	11.0	8.13	8.81
PTHR13308	978.0	937.41	588.0	266.95	289.43
PTHR12477	2693.0	2571.23	32.0	12.97	14.06
PTHR13878	9461.83	9055.93	205.0	59.26	64.24
PTHR21461	3876.0	3754.23	166.0	48.75	52.85
PTHR13872	5806.08	5521.98	2062.95	1560.48	1691.9
PTHR23327	3973.0	3770.05	305.0	133.24	144.46
PTHR22849	5033.2	4749.07	246.0	141.18	153.07
PTHR21314	1027.0	986.41	43.0	18.55	20.11
PTHR13271	17744.27	16973.22	1019.95	439.94	476.98
PTHR22841	3878.0	3675.06	81.0	34.44	37.34
PTHR13273	1056.0	1015.41	147.05	61.6	66.78
PTHR22847	21790.54	20897.58	598.0	234.35	254.09
PTHR22846	2370.0	2288.82	77.0	26.34	28.56
PTHR22844	9563.0	9238.28	317.0	101.17	109.69
PTHR13890	4722.94	4438.81	278.0	177.3	192.25
PTHR23284	1406.0	1365.41	21.0	6.53	7.08
PTHR21266	14927.41	14359.18	734.41	251.22	272.38
PTHR12271	2724.0	2642.82	53.0	16.21	17.58
PTHR21262	5467.0	5182.87	251.0	120.31	130.43
PTHR12276	1078.0	996.84	35.0	22.14	24.02
PTHR10657	1538.0	1416.23	156.0	128.8	139.66
PTHR16557	348.0	307.42	1.0	1.41	1.52
PTHR10655	414.0	373.41	2.0	2.31	2.5
PTHR10652	1290.0	1208.82	74.0	50.78	55.06
PTHR17972	3555.76	3393.4	41.0	17.52	19.01
PTHR21085	1224.0	1183.41	97.0	34.83	37.76
PTHR11922	4524.0	4361.64	523.0	165.07	178.99
PTHR11926	6301.09	6057.56	228.0	70.2	76.11
PTHR11431	1990.0	1949.41	528.0	114.79	124.46
PTHR10430	3697.64	3535.27	2136.05	787.49	853.81
PTHR10436	5501.0	5135.75	111.0	60.64	65.73
PTHR10434	1159.0	1118.41	21.0	7.98	8.65
PTHR24096	20005.39	19274.77	1767.93	582.32	631.35
PTHR13693	6169.0	5966.05	300.0	86.03	93.26
PTHR24095	11562.92	11157.03	3812.94	625.27	677.92
PTHR24092	9944.64	9619.92	451.0	153.88	166.84
PTHR24093	53915.72	51683.4	8449.45	2428.96	2633.53
PTHR13451	1609.0	1568.41	8.0	2.16	2.35
PTHR13452	1004.0	922.82	48.0	38.88	42.16
PTHR10759	583.0	542.41	2172.0	1713.78	1858.11
PTHR12901	784.0	743.41	79.0	45.32	49.13
PTHR12903	660.0	619.41	21.0	14.49	15.71
PTHR23237	935.0	894.41	78.0	37.13	40.26
PTHR10501	619.0	578.41	30.0	22.18	24.05
PTHR31169	663.0	622.41	1.0	0.69	0.74
PTHR12277	3411.0	3289.23	143.0	55.71	60.4
PTHR14087	510.0	469.41	6.0	5.48	5.94
PTHR23309	3633.0	3551.82	982.02	262.54	284.66
PTHR14085	1918.0	1877.41	46.0	10.39	11.26
PTHR31344	2287.31	2206.13	44.0	18.39	19.94
PTHR31619	1937.0	1896.41	1078.0	240.94	261.23
PTHR23306	1209.0	1127.82	38.18	24.97	27.08
PTHR23305	2079.52	1998.33	765.81	241.58	261.92
PTHR14089	1949.0	1867.82	69.0	24.79	26.88
PTHR11748	9443.19	9240.24	1242.84	188.85	204.73
PTHR11742	3317.0	3154.66	76.0	33.75	36.59
PTHR11216	5379.0	5135.46	205.99	75.8	82.18
PTHR11210	1646.0	1564.82	172.0	77.63	84.17
PTHR14154	4831.0	4587.46	706.84	371.04	402.28
PTHR14155	2294.0	2172.23	33.02	16.33	17.72
PTHR10343	3922.0	3759.64	193.0	82.3	89.24
PTHR11699	10774.0	10489.87	1264.0	298.34	323.46
PTHR11692	2029.0	1988.41	254.0	54.13	58.69
PTHR11693	1356.0	1315.41	2305.0	744.05	806.71
PTHR11695	17440.39	16790.97	1846.83	588.83	638.43
PTHR31760	375.0	334.42	0.0	0.0	0.0
PTHR31840	311.0	270.44	4.0	6.41	6.95
PTHR31906	9003.86	8638.55	348.0	129.71	140.64
PTHR21419	1735.0	1694.41	170.0	42.55	46.13
PTHR23012	10745.47	10339.56	2326.54	717.78	778.22
PTHR11101	8563.37	8360.44	6826.4	1060.64	1149.96
PTHR11102	3860.0	3697.66	126.0	88.92	96.42
PTHR11106	1475.0	1434.41	39.0	11.54	12.51
PTHR31585	1148.0	1066.82	4.0	3.01	3.25
PTHR32125	1689.0	1607.82	57.38	30.87	33.47
PTHR32120	660.0	619.41	5.0	3.45	3.74
PTHR15680	756.0	715.41	55.0	32.8	35.56
PTHR11374	2727.0	2686.41	319.51	50.35	54.59
PTHR11808	4051.0	3969.82	341.98	55.67	60.36
PTHR26312	2131.39	2009.61	65.0	33.82	36.68
PTHR12000	3589.0	3467.23	254.0	70.29	76.21
PTHR18895	5197.0	4994.05	77.0	26.73	28.99
PTHR12486	310.0	269.44	0.0	0.0	0.0
PTHR12480	3356.0	3234.23	68.0	20.38	22.1
PTHR12482	2648.0	2485.64	26.0	12.99	14.08
PTHR11042	2720.98	2558.63	44.0	23.68	25.67
PTHR12317	11480.0	11155.28	499.01	161.2	174.77
PTHR12649	1133.0	1051.83	28.0	19.39	21.01
PTHR13992	1010.0	969.41	30.0	13.17	14.28
PTHR12461	5325.84	5001.15	89.0	62.83	68.12
PTHR12466	1409.0	1327.82	18.0	11.79	12.79
PTHR10098	834.49	793.89	81.81	43.92	47.62
PTHR13847	10117.24	9711.42	1038.73	455.46	493.8
PTHR22854	2025.0	1943.82	280.03	95.62	103.67
PTHR12001	2508.0	2426.82	129.0	29.62	32.11
PTHR21327	2148.0	2066.82	132.0	55.79	60.49
PTHR21631	7102.2	6899.26	4729.54	1004.59	1089.19
PTHR22855	4752.65	4630.87	741.23	224.4	243.28
PTHR22850	7916.0	7672.46	640.0	223.25	242.05
PTHR22504	1288.81	1248.22	253.0	86.09	93.34
PTHR12189	1077.0	1036.41	34.0	13.95	15.13
PTHR21256	3501.0	3419.82	181.0	44.69	48.45
PTHR12265	725.43	684.84	8.0	4.99	5.41
PTHR12266	2769.42	2647.64	45.0	22.39	24.27
PTHR10648	5349.72	5227.94	518.0	167.0	181.06
PTHR30178	670.37	629.78	3117.01	2114.4	2292.46
PTHR10641	13710.04	12938.88	404.03	267.25	289.76
PTHR10644	8696.0	8371.31	387.0	88.18	95.61
PTHR12864	4445.0	4242.05	152.89	59.76	64.8
PTHR12860	2162.0	2121.41	78.0	15.58	16.89
PTHR13194	3785.52	3582.57	132.0	63.76	69.14
PTHR13190	407.0	366.41	6.0	7.05	7.64
PTHR13193	487.0	446.41	15.0	14.42	15.63
PTHR11913	1080.82	1040.23	145.0	59.28	64.27
PTHR11911	6979.0	6816.64	2790.99	971.68	1053.5
PTHR11910	1744.0	1662.82	3392.99	1699.39	1842.5
PTHR14950	832.03	791.44	14.0	7.54	8.17
PTHR11918	4955.0	4752.05	191.99	72.55	78.67
PTHR12919	714.0	673.41	273.0	173.06	187.63
PTHR12910	894.0	853.41	236.25	117.9	127.83
PTHR12917	2083.0	2001.82	45.0	18.02	19.53
PTHR11879	4955.0	4792.64	641.94	190.77	206.84
PTHR11351	4307.91	4104.98	89.97	40.11	43.5
PTHR11353	18852.6	18162.58	6399.73	2022.97	2193.32
PTHR11599	14014.0	13486.33	2465.0	1017.56	1103.25
PTHR10516	16745.11	15973.9	3890.94	2452.9	2659.45
PTHR11592	1720.0	1598.23	527.0	371.84	403.14
PTHR11659	1719.0	1678.41	151.0	38.15	41.37
PTHR31098	6203.0	6121.82	763.98	81.4	88.26
PTHR23315	6339.3	6176.93	496.0	248.39	269.31
PTHR23316	5872.0	5750.23	426.0	58.54	63.47
PTHR11778	1348.0	1307.41	47.99	15.59	16.9
PTHR11774	3154.0	3072.82	139.0	33.64	36.46
PTHR11773	3408.0	3367.41	895.0	112.45	121.92
PTHR11772	5546.92	5343.97	1515.08	499.17	541.21
PTHR10357	16049.99	15725.27	2972.18	404.25	438.28
PTHR10353	12019.18	11735.04	1167.0	258.74	280.52
PTHR10350	2882.0	2719.65	28.0	16.48	17.86
PTHR10351	5845.0	5682.67	471.0	280.22	303.8
PTHR10359	1104.59	1023.41	20.0	17.71	19.19
PTHR31750	1356.0	1274.82	23.0	14.07	15.25
PTHR14189	761.0	679.84	44.0	62.55	67.82
PTHR32228	999.0	958.41	9.0	4.0	4.33
PTHR31245	628.0	587.41	54.0	39.3	42.61
PTHR23001	1826.0	1744.82	167.0	75.38	81.73
PTHR23002	823.0	782.41	12.0	6.54	7.09
PTHR11177	1128.0	1046.83	7.0	5.67	6.15
PTHR10445	1394.55	1313.37	99.0	60.89	66.01
PTHR11178	3282.0	3160.23	535.0	234.58	254.32
PTHR14456	938.0	856.83	1.0	0.78	0.85
PTHR31808	1868.0	1746.24	433.0	289.99	314.4
PTHR31803	1768.0	1686.82	232.0	105.85	114.78
PTHR11009	2106.0	2024.82	328.38	113.76	123.34
PTHR30075	948.0	907.41	17.0	7.98	8.65
PTHR19229	7776.54	7492.41	138.0	53.49	58.01
PTHR11482	7555.0	7392.64	1405.03	316.01	342.62
PTHR11005	10329.7	9964.4	523.0	188.1	203.93
PTHR11006	6206.47	6003.52	575.0	164.37	178.21
PTHR18640	4014.67	3811.73	26.0	12.73	13.8
PTHR18866	19066.29	18741.57	4079.47	425.93	461.78
PTHR12022	852.0	811.41	285.0	149.67	162.27
PTHR15074	510.0	469.41	2.0	1.83	1.98
PTHR15588	1355.0	1273.82	122.0	80.82	87.63
PTHR12677	4392.24	4189.29	257.0	129.51	140.41
PTHR19134	2603.33	2481.56	257.0	70.58	76.51
PTHR19139	1681.0	1599.82	471.04	246.93	267.73
PTHR30566	3656.88	3535.11	163.0	56.36	61.1
PTHR12459	1207.36	1166.77	48.0	17.48	18.95
PTHR12456	924.0	842.82	6.0	6.21	6.74
PTHR12452	716.55	675.96	21.0	13.26	14.38
PTHR11632	7366.0	7244.23	991.24	163.83	177.62
PTHR12072	3189.0	3026.64	126.0	62.85	68.15
PTHR13218	566.0	525.41	24.0	19.56	21.2
PTHR13215	570.0	529.41	3.0	2.43	2.63
PTHR13213	695.0	613.85	1.0	1.3	1.41
PTHR12290	1953.0	1871.82	155.0	69.23	75.05
PTHR21530	2807.0	2604.1	35.0	29.38	31.86
PTHR12295	3233.0	3030.11	9.0	5.94	6.45
PTHR12298	1806.47	1725.29	213.19	85.23	92.4
PTHR10638	6866.58	6704.22	292.0	60.15	65.21
PTHR10631	4339.0	4176.64	148.0	43.98	47.69
PTHR10984	5972.5	5769.55	280.0	92.09	99.86
PTHR13501	1118.0	1036.82	227.0	153.98	166.94
PTHR13505	822.0	781.41	27.0	14.73	15.97
PTHR12856	444.0	403.41	10.0	10.66	11.55
PTHR12855	1744.0	1662.82	126.0	64.57	70.0
PTHR12854	978.0	937.41	160.0	72.64	78.76
PTHR13182	1686.0	1604.82	91.0	48.08	52.12
PTHR10743	1136.0	1095.41	44.0	17.08	18.51
PTHR10742	15567.21	14998.95	895.0	230.3	249.7
PTHR10745	2893.33	2812.15	434.0	83.25	90.26
PTHR10744	1698.0	1576.26	3236.42	2354.14	2552.39
PTHR10746	1776.0	1694.82	442.0	216.19	234.41
PTHR11099	2539.0	2498.41	58.0	9.83	10.66
PTHR12924	1958.0	1917.41	437.08	96.62	104.75
PTHR11349	1658.0	1576.82	1340.43	900.26	976.08
PTHR10566	20399.26	19425.11	659.99	246.48	267.22
PTHR10293	4148.0	3945.05	385.0	216.3	234.54
PTHR10291	1673.89	1552.12	38.0	29.5	31.98
PTHR11584	10176.49	9932.95	480.0	101.6	110.16
PTHR11586	1415.0	1333.82	36.0	22.98	24.92
PTHR11909	4987.57	4825.23	1065.0	233.8	253.49
PTHR24320	7712.0	7387.28	167.0	86.32	93.59
PTHR24322	15397.55	14788.71	1597.99	519.63	563.35
PTHR11907	846.0	805.41	21.0	11.11	12.05
PTHR11760	881.0	840.41	4288.91	2173.89	2356.96
PTHR11761	1550.36	1469.18	6431.94	5039.98	5464.41
PTHR11766	1511.99	1471.39	78.0	22.5	24.39
PTHR11767	3406.0	3324.82	108.0	28.05	30.41
PTHR10361	1432.0	1391.41	164.0	50.03	54.24
PTHR10366	24484.52	23632.13	3684.22	1227.92	1331.32
PTHR10169	8687.0	8362.28	97.0	40.99	44.44
PTHR10168	3057.0	2894.64	183.0	81.87	88.75
PTHR20973	462.0	421.41	4.0	4.08	4.42
PTHR10165	583.0	542.41	15.0	11.84	12.83
PTHR31032	1629.0	1588.41	1152.0	307.65	333.55
PTHR23257	88125.03	84593.88	7421.86	2336.71	2533.52
PTHR13743	2158.22	2077.05	129.0	41.09	44.55
PTHR23253	1348.0	1266.82	131.0	92.8	100.62
PTHR14190	2378.0	2296.82	121.0	42.75	46.35
PTHR14194	7145.49	6861.36	337.04	152.05	164.88
PTHR31251	805.0	764.41	6.0	3.35	3.63
PTHR23074	8139.02	7692.56	470.0	255.79	277.33
PTHR23077	5506.0	5140.71	71.0	34.79	37.74
PTHR23076	10695.0	10289.13	456.32	194.15	210.5
PTHR12561	888.0	847.41	33.0	16.59	17.98
PTHR23073	5587.0	5302.87	1037.0	631.25	684.4
PTHR23078	2296.0	2255.41	120.0	22.54	24.44
PTHR10804	14893.59	14325.34	1625.77	526.51	570.85
PTHR11165	840.0	799.41	571.0	304.4	330.03
PTHR32100	1168.0	1127.41	24.0	9.05	9.81
PTHR14445	1177.51	1096.33	80.0	75.6	81.98
PTHR23109	4497.71	4416.53	901.97	101.67	110.24
PTHR31811	1124.95	1043.78	57.0	37.2	40.32
PTHR23102	1356.0	1274.82	23.0	17.28	18.73
PTHR23105	7471.98	7147.3	8662.19	4161.33	4511.78
PTHR11010	3212.0	3049.64	144.0	82.84	89.81
PTHR11014	5996.15	5793.2	652.0	192.22	208.4
PTHR12668	2111.0	1989.23	335.77	218.25	236.63
PTHR12661	1245.0	1204.41	28.0	9.88	10.71
PTHR12663	3577.28	3455.51	29.0	14.42	15.63
PTHR12664	737.0	696.41	32.0	19.61	21.26
PTHR16166	17347.68	16373.55	315.0	202.59	219.61
PTHR12446	2028.0	1865.65	7.0	6.46	7.01
PTHR12447	2178.0	2096.82	82.0	34.24	37.12
PTHR15481	749.0	708.41	30.0	18.07	19.59
PTHR26379	595.0	554.41	35.0	27.01	29.29
PTHR12599	1451.0	1369.82	156.0	87.64	95.01
PTHR12596	4251.0	4129.24	137.0	17.86	19.36
PTHR12590	637.0	596.41	7.0	5.02	5.44
PTHR12066	1662.0	1580.82	1.0	0.37	0.4
PTHR12064	6776.65	6533.11	161.0	52.14	56.57
PTHR13226	3405.0	3283.23	87.0	43.1	46.73
PTHR13889	1796.0	1755.41	174.0	42.03	45.57
PTHR13887	877.44	836.84	97.0	49.38	53.53
PTHR21181	451.0	410.41	22.0	23.04	24.98
PTHR13948	1350.0	1268.82	33.0	21.82	23.65
PTHR12146	565.0	524.41	2712.97	2215.09	2401.63
PTHR10458	638.0	597.41	12.0	8.59	9.31
PTHR21506	2112.0	1990.25	31.0	18.4	19.95
PTHR12280	2686.49	2524.14	22.0	18.19	19.73
PTHR12286	3371.0	3289.82	88.0	22.75	24.66
PTHR22983	2832.0	2669.64	8.0	5.25	5.68
PTHR22981	7126.48	6923.52	842.97	252.79	274.08
PTHR30191	3495.0	3454.41	4079.48	499.64	541.71
PTHR13082	367.0	326.42	5.0	6.61	7.17
PTHR10629	9371.0	9005.69	162.0	51.2	55.49
PTHR10994	6285.0	6041.46	634.0	238.3	258.38
PTHR10996	6555.42	6352.47	2951.0	781.75	847.6
PTHR10625	15230.58	14581.14	1112.05	360.23	390.6
PTHR10992	33530.57	32109.95	1542.0	584.14	633.32
PTHR17695	2779.09	2616.74	21.0	11.72	12.72
PTHR12848	5110.0	4947.64	203.12	76.28	82.69
PTHR12849	1501.0	1419.82	76.0	40.55	43.96
PTHR10943	4220.0	4098.23	360.0	117.14	127.0
PTHR12847	1684.0	1562.23	39.03	28.99	31.43
PTHR21349	1287.0	1205.82	381.0	243.14	263.62
PTHR21347	2089.0	2048.41	251.0	51.92	56.29
PTHR19861	868.0	827.41	35.0	18.02	19.54
PTHR21343	747.0	665.83	3.0	3.94	4.27
PTHR10196	5283.21	5120.84	190.0	47.9	51.94
PTHR10192	1858.09	1776.91	121.0	68.88	74.68
PTHR10751	6313.66	6110.71	188.0	56.62	61.4
PTHR10755	3311.0	3229.82	407.74	98.13	106.39
PTHR10758	3118.67	3037.49	439.0	115.87	125.63
PTHR13152	1530.0	1448.82	45.0	27.27	29.56
PTHR12932	2669.28	2547.51	189.0	61.89	67.11
PTHR12934	1630.0	1548.82	380.32	185.74	201.37
PTHR11451	8780.0	8577.05	994.43	215.24	233.37
PTHR10288	6600.69	6316.66	2241.48	755.03	818.63
PTHR11800	2444.0	2362.82	146.0	51.64	55.99
PTHR11802	9320.27	8995.55	852.97	266.42	288.85
PTHR11804	12664.37	12299.06	631.01	139.47	151.21
PTHR11807	944.0	903.41	7.0	3.3	3.58
PTHR10281	1514.0	1432.82	90.0	43.09	46.71
PTHR10283	21995.96	21508.87	4092.52	773.42	838.55
PTHR10285	6100.79	5897.84	1763.0	574.58	622.97
PTHR10286	3232.0	3110.23	875.13	356.02	386.01
PTHR11579	2633.0	2511.23	221.0	116.21	125.99
PTHR13718	3122.81	3041.63	5469.51	2653.8	2877.29
PTHR13711	4157.0	3913.48	69.0	56.82	61.61
PTHR13710	7941.83	7495.39	65.0	31.01	33.6
PTHR11977	538.0	497.41	70.0	60.3	65.38
PTHR22970	2277.0	2236.41	154.0	29.17	31.63
PTHR11972	847.0	806.41	0.0	0.0	0.0
PTHR31480	1102.0	1061.41	98.0	39.26	42.56
PTHR31485	3822.0	3700.23	138.0	45.68	49.53
PTHR11715	924.95	884.36	682.0	328.35	356.0
PTHR11717	1394.31	1313.12	45.0	39.03	42.32
PTHR11711	5624.16	5380.61	1740.16	886.12	960.74
PTHR11712	8045.16	7761.03	988.0	277.56	300.92
PTHR10374	2329.0	2247.82	413.0	139.17	150.9
PTHR10178	10343.61	10181.25	171.0	26.21	28.41
PTHR20961	5772.08	5609.72	87.98	29.67	32.16
PTHR10173	4030.0	3827.05	588.0	323.52	350.77
PTHR10177	10634.29	10228.39	565.94	146.91	159.28
PTHR10174	11256.86	10850.97	1668.86	495.51	537.25
PTHR23249	769.21	728.62	48.0	28.1	30.47
PTHR23244	11694.0	11085.23	216.0	93.11	100.94
PTHR23245	1549.0	1467.82	30.0	16.45	17.83
PTHR23240	4361.0	4158.05	26.0	12.91	14.0
PTHR14614	5831.88	5588.56	74.0	26.33	28.54
PTHR31268	2923.0	2801.24	211.0	91.21	98.9
PTHR31262	1827.0	1705.24	10457.64	5671.8	6149.44
PTHR23063	4765.0	4643.23	315.0	86.94	94.26
PTHR11620	578.0	537.41	3565.89	2840.13	3079.31
PTHR11624	5769.82	5648.04	3455.17	673.5	730.21
PTHR11627	2836.0	2714.26	118.0	45.55	49.39
PTHR11390	4154.59	3911.08	77.0	38.19	41.41
PTHR31620	2429.0	2307.27	883.0	343.47	372.39
PTHR31319	2644.0	2562.82	260.0	69.92	75.8
PTHR14052	586.0	545.41	2.0	1.57	1.7
PTHR32118	1672.0	1631.41	360.99	93.85	101.75
PTHR14152	378.0	337.41	4.0	5.11	5.54
PTHR23117	3538.0	3335.05	109.0	65.57	71.1
PTHR23115	36813.23	35595.54	31928.74	7906.71	8572.51
PTHR11028	1872.0	1831.41	679.98	157.4	170.65
PTHR12111	2792.0	2710.82	76.0	24.45	26.5
PTHR11024	1761.0	1679.82	73.0	24.64	26.71
PTHR12841	836.0	795.41	37.0	19.82	21.49
PTHR11777	6230.0	6027.05	570.0	123.7	134.12
PTHR12616	2786.12	2704.94	137.0	40.07	43.45
PTHR12613	1210.0	1169.41	110.0	39.97	43.34
PTHR12612	814.0	773.41	267.95	147.69	160.13
PTHR32060	5537.89	5334.94	79.0	26.62	28.85
PTHR12126	2759.0	2677.82	295.0	90.3	97.9
PTHR12124	3749.91	3547.0	73.0	30.2	32.75
PTHR22734	2731.23	2650.05	121.0	41.18	44.66
PTHR12121	7333.04	6886.55	275.0	86.63	93.94
PTHR12438	1484.0	1402.82	12.0	8.08	8.76
PTHR15492	1066.05	1025.46	21.0	8.71	9.44
PTHR21426	419.0	378.41	5.0	5.69	6.16
PTHR21427	517.0	476.41	4.0	3.6	3.9
PTHR19372	1954.0	1913.41	110.0	24.37	26.42
PTHR19370	7254.0	7010.46	1156.99	367.43	398.38
PTHR19376	12971.49	12606.18	450.0	161.24	174.81
PTHR19375	4401.0	4238.64	617.01	218.6	237.02
PTHR12725	2141.0	2059.82	31.0	12.73	13.79
PTHR22884	17902.87	17050.51	481.38	204.73	221.96
PTHR22883	7264.67	7021.13	180.0	63.91	69.3
PTHR22880	7756.0	7390.71	174.0	63.27	68.6
PTHR12542	3513.47	3472.88	253.0	30.82	33.42
PTHR12547	3426.0	3304.23	144.0	85.08	92.25
PTHR12436	3147.0	3025.23	40.0	19.62	21.27
PTHR21512	1101.63	1061.04	7.0	2.81	3.04
PTHR19980	1933.0	1851.82	23.0	9.95	10.78
PTHR30508	3717.0	3635.82	1129.17	254.47	275.91
PTHR30502	816.0	775.41	14.0	7.7	8.34
PTHR10617	8286.38	8002.26	1571.05	420.39	455.8
PTHR10615	2457.33	2376.15	286.0	78.3	84.89
PTHR13527	671.42	630.83	48.0	32.5	35.24
PTHR22958	1770.0	1648.23	437.0	337.54	365.96
PTHR22951	1795.73	1714.56	130.0	49.64	53.83
PTHR22950	24064.56	23252.78	1745.18	423.57	459.24
PTHR22953	12894.53	12610.39	984.0	244.35	264.91
PTHR22952	4071.67	3868.76	740.02	202.63	219.7
PTHR22957	9351.0	9026.28	379.97	122.01	132.27
PTHR21600	2156.0	2034.25	135.0	51.2	55.51
PTHR24056	14353.0	13663.02	420.98	180.68	195.89
PTHR24054	2431.69	2350.51	618.53	224.85	243.79
PTHR24055	12629.33	12182.84	805.0	265.4	287.77
PTHR24058	5995.05	5751.52	307.0	127.36	138.08
PTHR10766	6416.0	6131.87	679.0	243.78	264.3
PTHR10762	4245.0	4163.82	129.0	19.32	20.94
PTHR30031	2104.88	1983.17	1241.0	624.37	676.95
PTHR12945	1138.0	1056.82	13.0	11.12	12.06
PTHR12944	1815.0	1693.26	25.0	12.91	14.0
PTHR24128	2943.0	2821.23	127.0	62.66	67.95
PTHR13096	1951.0	1869.82	18.0	6.03	6.54
PTHR11364	2409.52	2287.75	194.0	108.69	117.84
PTHR11365	3652.0	3530.23	76.0	25.42	27.56
PTHR10548	2642.79	2439.9	168.0	155.6	168.71
PTHR11814	5997.0	5753.5	228.85	77.08	83.57
PTHR11363	2138.0	2097.41	6612.06	1335.7	1448.18
PTHR10543	3672.0	3550.23	97.0	29.93	32.46
PTHR11819	4581.0	4418.66	320.0	95.32	103.34
PTHR13931	5601.0	5519.82	134.0	21.03	22.8
PTHR10544	529.0	488.41	921.98	809.06	877.2
PTHR11562	972.0	931.41	11.0	5.03	5.45
PTHR11566	10157.54	9914.0	754.94	178.89	193.96
PTHR11567	3528.0	3446.82	106.0	26.04	28.23
PTHR11564	8011.0	7767.46	469.91	135.41	146.82
PTHR11962	2778.0	2615.65	64.0	56.33	61.08
PTHR11963	3703.0	3621.82	173.0	38.67	41.93
PTHR10381	9739.0	9414.28	2061.97	778.73	844.32
PTHR10383	2864.0	2742.23	609.99	357.1	387.18
PTHR11932	5646.67	5484.31	795.95	132.74	143.92
PTHR11702	7764.0	7561.05	472.53	134.85	146.21
PTHR11700	1942.0	1820.23	10543.85	7863.32	8525.51
PTHR10388	695.0	654.41	430.0	280.59	304.22
PTHR11709	2647.0	2565.82	37.0	13.16	14.27
PTHR10145	4272.96	4151.19	144.0	46.4	50.3
PTHR23273	3224.0	3142.82	138.0	40.43	43.84
PTHR23270	5407.29	5163.89	627.01	149.5	162.1
PTHR24305	9500.7	9175.97	506.0	156.4	169.57
PTHR23163	359.0	318.42	10.0	13.56	14.7
PTHR23050	3828.2	3665.84	1858.51	586.36	635.74
PTHR23056	1191.0	1150.41	17.0	6.28	6.81
PTHR23054	1148.0	1107.41	94.0	36.08	39.12
PTHR11638	5352.95	5068.83	1795.89	634.16	687.56
PTHR31783	3329.02	3166.65	52.0	26.51	28.74
PTHR23291	4570.0	4407.64	421.0	157.55	170.83
PTHR11630	14316.4	13788.73	94.0	32.18	34.89
PTHR11140	7296.0	7133.64	737.17	227.95	247.14
PTHR11141	2469.0	2387.82	320.0	127.03	137.72
PTHR11142	7232.0	6907.28	103.0	55.08	59.72
PTHR11143	588.0	547.41	2649.91	2071.53	2245.98
PTHR11380	486.0	445.41	14.0	13.49	14.63
PTHR11384	8188.0	7741.55	492.13	111.43	120.8
PTHR32477	3007.0	2925.82	21.0	4.87	5.27
PTHR14043	1925.58	1844.44	32.0	23.66	25.65
PTHR32472	1592.35	1470.6	30.0	21.5	23.31
PTHR31658	1356.0	1234.25	12.0	10.96	11.87
PTHR14269	1947.0	1825.23	29.0	13.52	14.66
PTHR23125	28806.54	27629.45	1120.32	323.28	350.49
PTHR12050	961.0	920.41	174.0	80.47	87.24
PTHR19211	14374.7	13765.85	566.99	244.05	264.61
PTHR12608	2853.74	2731.97	186.0	77.21	83.72
PTHR12604	638.0	597.41	18.0	12.88	13.96
PTHR12603	891.0	850.41	101.0	50.59	54.85
PTHR32091	729.0	688.41	88.0	54.56	59.15
PTHR32098	3096.0	2893.08	64.0	35.17	38.14
PTHR18763	535.0	494.41	16.0	13.87	15.04
PTHR22726	2516.0	2394.23	115.0	53.41	57.9
PTHR22727	3608.0	3486.23	53.0	14.2	15.39
PTHR12428	3060.3	2898.08	300.0	122.32	132.63
PTHR18968	8275.75	8032.21	1961.26	354.61	384.48
PTHR12735	3620.0	3457.64	201.0	82.17	89.09
PTHR15020	9670.75	9346.03	498.01	159.96	173.42
PTHR12049	2875.11	2712.76	47.0	28.84	31.26
PTHR12558	4131.0	3887.49	17.0	7.05	7.66
PTHR12553	6704.34	6298.45	146.0	85.83	93.07
PTHR10497	523.85	483.26	2880.0	2554.58	2769.71
PTHR10496	965.0	883.83	2310.08	1796.92	1948.24
PTHR21569	618.0	577.41	10.0	7.41	8.03
PTHR10491	1471.0	1430.41	578.0	171.5	185.94
PTHR21567	6330.06	6005.36	95.0	28.26	30.64
PTHR13950	1384.0	1302.82	16.0	10.98	11.91
PTHR12133	1106.0	1065.41	23.0	9.18	9.95
PTHR10972	3941.0	3819.23	47.0	15.7	17.01
PTHR21704	2841.0	2678.64	15.0	10.26	11.14
PTHR10606	3303.0	3221.82	121.0	31.85	34.53
PTHR10971	1203.0	1162.41	23.0	8.41	9.12
PTHR22942	6395.0	6151.48	364.01	110.9	120.23
PTHR13395	1006.0	924.82	0.0	0.0	0.0
PTHR13803	7276.0	7032.46	371.76	87.17	94.5
PTHR21368	783.0	742.41	282.02	162.0	175.65
PTHR24067	12092.78	11443.4	1005.65	673.84	730.6
PTHR24064	13195.92	12830.61	1106.0	149.28	161.86
PTHR21011	511.0	470.41	33.0	30.08	32.62
PTHR10772	2083.0	1961.23	1140.95	744.33	807.02
PTHR10774	7056.0	6812.46	480.99	95.49	103.52
PTHR24068	1109.0	1027.82	684.0	474.41	514.36
PTHR12959	923.0	841.85	9.0	9.23	10.01
PTHR24115	27590.91	26454.74	273.0	140.15	151.98
PTHR10961	1448.42	1407.83	53.0	15.98	17.32
PTHR11825	6675.67	6472.72	759.0	220.16	238.69
PTHR10809	2215.0	2133.82	230.01	64.1	69.5
PTHR11822	2193.18	2152.59	2784.69	548.06	594.21
PTHR10803	3784.0	3621.64	329.0	133.58	144.83
PTHR10806	744.0	703.41	11.0	6.67	7.23
PTHR10552	987.0	946.41	68.0	30.58	33.15
PTHR11556	6635.0	6432.05	1045.79	345.47	374.56
PTHR11558	1136.0	1095.41	125.0	48.51	52.59
PTHR13773	2729.12	2607.51	169.01	60.29	65.36
PTHR11953	2514.0	2392.23	71.0	36.43	39.5
PTHR11952	9168.0	8883.87	939.01	202.24	219.28
PTHR11956	2271.0	2230.41	192.0	36.46	39.54
PTHR11959	1518.0	1436.82	50.0	24.49	26.55
PTHR11739	4759.06	4596.7	679.91	305.1	330.8
PTHR11732	20022.67	19292.05	1444.0	478.55	518.85
PTHR11731	6934.97	6732.02	304.0	89.97	97.55
PTHR11730	7544.02	7259.89	161.0	76.28	82.69
PTHR11735	2456.0	2334.23	47.0	21.32	23.11
PTHR10394	770.0	729.41	6152.33	3597.69	3900.66
PTHR20941	3243.26	3162.08	90.0	24.07	26.09
PTHR10150	1897.0	1815.82	9.0	4.29	4.66
PTHR31065	3067.45	2905.09	294.0	173.81	188.45
PTHR10159	6955.5	6549.63	184.0	104.34	113.13
PTHR31066	1107.03	1066.43	32.0	12.76	13.83
PTHR13604	843.0	802.41	37.0	19.65	21.3
PTHR23264	2622.0	2459.64	191.0	87.6	94.98
PTHR23269	347.0	306.42	4.0	5.64	6.12
PTHR31204	749.0	708.41	38.0	22.89	24.81
PTHR31201	1423.68	1301.91	36.0	35.25	38.21
PTHR31209	1201.55	1160.99	43.0	15.74	17.06
PTHR11607	2459.41	2256.52	52.0	41.42	44.93
PTHR11606	3595.41	3473.64	647.05	196.69	213.26
PTHR11601	5065.0	4862.05	419.0	126.15	136.78
PTHR32467	9511.36	8983.7	495.06	231.49	250.98
PTHR14255	4482.0	4238.47	99.0	55.1	59.73
PTHR23130	6692.93	6530.57	954.0	219.56	238.05
PTHR23133	719.0	678.41	50.0	31.46	34.11
PTHR23135	1814.0	1773.41	123.0	29.41	31.88
PTHR23138	2623.58	2542.39	716.0	257.13	278.79
PTHR23139	3248.24	3045.29	246.0	130.37	141.35
PTHR31682	2723.0	2560.67	91.01	52.32	56.71
PTHR11040	5167.0	4882.91	149.0	75.02	81.34
PTHR11043	1483.0	1401.82	91.0	60.56	65.65
PTHR11048	6365.0	6121.46	251.0	64.75	70.21
PTHR15818	1445.0	1363.82	11.0	7.17	7.77
PTHR12636	903.0	862.41	63.0	31.11	33.73
PTHR14493	33815.21	32353.96	5250.46	1829.11	1983.16
PTHR15651	1896.0	1814.82	25.0	11.88	12.88
PTHR12380	2078.0	1956.23	387.99	311.88	338.14
PTHR12385	3979.0	3857.23	507.0	106.57	115.54
PTHR12706	8402.0	8117.88	249.0	63.44	68.78
PTHR30573	2261.0	2220.41	12.0	2.29	2.48
PTHR12709	1771.0	1689.82	86.0	48.66	52.75
PTHR19957	5269.0	4944.32	313.0	193.15	209.43
PTHR30239	2001.0	1960.41	519.0	112.2	121.65
PTHR12560	5221.0	5058.64	127.0	49.77	53.96
PTHR11751	18747.08	18138.23	3496.12	786.89	853.14
PTHR12770	6350.0	6147.05	228.0	49.47	53.64
PTHR12097	3976.0	3894.82	330.0	44.2	47.93
PTHR19842	1329.0	1288.41	118.0	38.89	42.17
PTHR11752	19844.92	19195.5	570.0	243.72	264.24
PTHR21576	4666.18	4422.64	124.0	71.2	77.19
PTHR24193	8044.0	7597.51	211.0	131.83	142.93
PTHR12419	4303.0	4140.64	97.0	46.56	50.48
PTHR23338	3603.39	3481.62	438.0	151.19	163.92
PTHR30525	1647.0	1606.41	91.99	24.29	26.34
PTHR12413	2992.51	2870.78	28.0	12.94	14.01
PTHR12412	2966.0	2844.23	50.0	14.62	15.85
PTHR12411	9077.74	8753.01	1726.99	671.99	728.58
PTHR23339	3237.0	3074.64	326.0	120.15	130.27
PTHR12415	1028.0	946.82	2.0	2.5	2.71
PTHR10947	2171.0	2089.82	176.0	71.24	77.23
PTHR21717	1894.0	1772.25	68.0	45.02	48.81
PTHR21712	1614.0	1532.82	40.0	16.11	17.47
PTHR12897	832.0	750.85	4.0	5.04	5.45
PTHR12894	4180.78	3937.26	29.0	16.8	18.22
PTHR12891	987.0	946.41	3.0	1.35	1.46
PTHR22976	5405.64	5324.46	1410.0	135.58	147.0
PTHR22975	1279.74	1198.58	56.0	29.16	31.6
PTHR20922	2124.0	2002.25	189.0	83.49	90.52
PTHR21377	1384.0	1302.82	120.0	71.9	77.95
PTHR21371	1784.0	1743.41	1363.16	331.53	359.45
PTHR21373	2454.0	2291.67	20.0	12.88	13.95
PTHR22573	8061.06	7858.11	1883.96	404.64	438.7
PTHR22572	8291.59	7966.87	4239.93	1032.88	1119.86
PTHR21000	3048.0	3007.41	753.39	106.02	114.95
PTHR10701	907.83	867.24	61.0	29.95	32.48
PTHR13161	642.0	601.41	6.0	4.26	4.62
PTHR13162	5437.05	5315.29	238.0	94.03	101.95
PTHR13165	749.0	708.41	48.0	28.91	31.34
PTHR21396	676.0	635.41	35.0	23.53	25.51
PTHR12965	2221.0	2139.82	19.0	7.48	8.11
PTHR13068	6475.0	6231.46	153.0	68.34	74.11
PTHR24106	8411.59	8127.46	384.0	103.5	112.2
PTHR24103	2986.0	2783.05	11.0	7.77	8.43
PTHR11540	5586.0	5423.64	2192.98	611.18	662.64
PTHR10836	3072.0	2909.64	3432.96	2690.19	2916.74
PTHR10835	1541.0	1500.41	29.0	8.2	8.89
PTHR11545	1576.0	1494.82	2974.73	1675.04	1816.11
PTHR10012	1188.0	1147.41	72.0	26.67	28.91
PTHR13768	2811.0	2729.82	82.0	25.78	27.96
PTHR24078	8272.0	7947.28	146.01	84.97	92.11
PTHR11946	24237.17	23547.18	1288.94	338.12	366.61
PTHR11947	5221.0	5058.64	561.0	149.47	162.05
PTHR11941	5927.63	5724.68	498.0	178.18	193.19
PTHR24072	2293.0	2211.82	195.0	67.63	73.33
PTHR24073	11407.01	10838.77	1829.9	1017.31	1102.98
PTHR24076	12684.57	11994.61	1393.0	831.91	901.97
PTHR24077	7798.18	7432.87	363.0	167.15	181.22
PTHR11728	5891.0	5769.23	457.0	102.21	110.83
PTHR11726	1210.0	1128.83	3059.04	1612.45	1748.24
PTHR11727	2105.0	1983.23	60.0	38.17	41.38
PTHR11721	578.93	538.34	3000.65	2385.74	2586.65
PTHR11722	812.0	771.41	2828.49	1563.11	1694.74
PTHR10120	1541.0	1500.41	79.0	22.34	24.22
PTHR10122	753.0	712.41	601.65	360.31	390.65
PTHR11831	1426.27	1345.09	6683.7	4412.57	4784.16
PTHR11835	4293.0	4130.64	723.06	283.34	307.19
PTHR11614	4025.0	3903.23	595.0	110.36	119.65
PTHR11615	7388.85	7145.34	4703.86	1216.13	1318.55
PTHR11618	1207.0	1166.41	30.0	10.93	11.85
PTHR14140	2095.47	2054.88	24.0	4.95	5.37
PTHR32419	2402.0	2320.82	259.0	92.78	100.6
PTHR10231	881.0	840.41	48.0	24.33	26.38
PTHR10233	6024.0	5821.08	197.0	79.22	85.89
PTHR31503	6118.59	5956.22	493.96	117.58	127.48
PTHR23147	1732.49	1651.3	185.0	86.63	93.93
PTHR23140	1254.0	1213.41	66.0	23.11	25.05
PTHR23142	2677.55	2596.37	67.0	23.68	25.67
PTHR23149	541.41	500.81	10.0	8.55	9.28
PTHR23148	908.0	867.41	28.0	13.75	14.9
PTHR31695	2548.0	2507.41	306.0	51.68	56.03
PTHR11056	1918.21	1877.62	69.0	15.58	16.89
PTHR11055	1427.33	1386.74	927.95	284.04	307.96
PTHR32523	1866.27	1704.05	42.0	43.72	47.4
PTHR10540	951.0	910.41	110.0	51.43	55.76
PTHR19359	2017.0	1935.82	110.0	79.19	85.86
PTHR12629	941.0	900.41	71.0	33.57	36.4
PTHR18945	1828.0	1787.41	50.0	11.86	12.86
PTHR26402	9173.55	8848.81	3146.86	468.87	508.38
PTHR19384	8444.17	8078.86	2530.77	747.5	810.45
PTHR12714	2302.0	2220.82	270.0	95.45	103.49
PTHR32251	1284.0	1243.41	238.0	81.3	88.15
PTHR12570	1832.0	1750.82	40.0	16.94	18.36
PTHR21494	335.0	294.43	2.0	2.94	3.19
PTHR21496	3815.31	3652.94	541.0	254.61	276.06
PTHR21493	18654.0	18004.59	1076.0	244.23	264.78
PTHR21499	5073.01	4951.24	956.01	159.89	173.35
PTHR21148	3068.0	2986.82	68.0	20.67	22.41
PTHR12083	2585.0	2503.82	344.0	76.8	83.27
PTHR22904	13438.99	12748.95	2352.99	1507.49	1634.43
PTHR13976	3383.0	3180.05	63.0	29.51	31.99
PTHR13353	2898.0	2776.23	60.0	20.91	22.68
PTHR12406	13301.69	12895.79	527.18	189.39	205.33
PTHR16128	3193.0	2949.47	37.0	27.49	29.81
PTHR12400	844.0	803.41	8.0	4.24	4.6
PTHR13572	3551.83	3430.05	192.0	63.04	68.35
PTHR30314	3096.0	2933.68	88.0	33.76	36.6
PTHR12882	532.0	491.41	19.0	16.57	17.97
PTHR12883	1361.0	1320.41	99.99	32.15	34.86
PTHR16255	6306.0	6103.05	537.16	175.35	190.13
PTHR16254	5776.96	5574.05	148.0	50.86	55.14
PTHR22960	2954.0	2872.82	173.06	50.48	54.73
PTHR13373	1719.0	1637.82	27.0	15.13	16.4
PTHR13375	2150.99	2029.23	54.0	19.85	21.52
PTHR22967	3191.0	3028.68	20.0	17.15	18.61
PTHR19858	2601.0	2479.23	63.0	29.56	32.05
PTHR30222	624.0	583.41	3.0	2.2	2.38
PTHR13115	1677.0	1636.41	37.0	9.59	10.4
PTHR13117	1505.0	1464.41	6.0	1.74	1.89
PTHR13285	1765.0	1724.41	31.0	7.62	8.26
PTHR13288	781.0	740.41	14.0	8.06	8.74
PTHR10953	14179.27	13692.21	1456.92	275.65	298.85
PTHR21726	1386.0	1304.82	13.0	8.7	9.44
PTHR10956	813.0	731.84	4652.18	4527.51	4908.78
PTHR10826	1826.0	1744.82	352.06	173.81	188.44
PTHR11533	8098.83	7977.06	637.07	98.05	106.3
PTHR11532	1563.98	1523.39	49.0	13.65	14.8
PTHR10000	1901.0	1819.82	35.0	16.29	17.67
PTHR13021	932.0	891.41	27.0	12.9	13.98
PTHR24007	2042.0	1920.25	44.0	25.5	27.65
PTHR24003	16057.47	15489.21	3567.08	918.31	995.64
PTHR31446	1604.0	1522.82	143.04	63.78	69.15
PTHR31442	1583.1	1461.33	99.0	96.18	104.28
PTHR11441	883.15	842.56	19.0	9.61	10.41
PTHR11440	3104.3	2982.53	177.0	99.83	108.24
PTHR11999	6986.69	6783.73	524.0	82.0	88.91
PTHR11449	1060.0	978.82	4146.99	3181.22	3449.11
PTHR11994	1296.0	1255.41	59.0	19.96	21.64
PTHR11706	3603.0	3521.82	63.0	15.02	16.28
PTHR10133	8295.68	7970.98	167.0	55.6	60.27
PTHR21649	11588.35	11020.2	94780.24	50404.72	54649.44
PTHR13620	8320.98	7955.68	145.0	53.86	58.41
PTHR11705	4630.0	4508.26	46.0	8.44	9.15
PTHR11847	817.22	776.63	4073.72	2235.98	2424.28
PTHR11843	798.0	757.41	2981.24	1678.27	1819.6
PTHR13138	1573.0	1491.82	15.0	8.3	9.0
PTHR11661	1836.0	1714.23	3775.54	2690.22	2916.77
PTHR11662	33395.14	32015.21	1861.81	429.21	465.39
PTHR11669	4829.0	4666.64	148.69	56.19	60.92
PTHR11668	12208.81	11802.91	1730.71	634.42	687.84
PTHR20856	11544.67	11341.72	642.02	106.4	115.34
PTHR20854	4820.0	4657.64	379.0	125.03	135.57
PTHR20855	3546.0	3464.82	275.0	55.78	60.48
PTHR20852	5273.0	5029.5	2405.0	695.28	753.81
PTHR32404	1455.0	1373.83	22.0	8.95	9.7
PTHR20858	2638.0	2516.23	50.0	22.1	23.97
PTHR10634	341.08	300.51	34.0	48.91	53.03
PTHR30603	2030.0	1948.82	198.0	62.32	67.58
PTHR11817	12691.83	12326.52	2386.99	496.11	537.88
PTHR14237	6285.13	6122.76	827.0	237.78	257.8
PTHR10738	348.0	307.42	4.0	5.62	6.1
PTHR23155	13659.27	13293.96	341.0	82.01	88.93
PTHR23153	2864.0	2701.64	29.0	14.58	15.81
PTHR14894	1775.0	1693.82	43.0	20.62	22.35
PTHR11063	4104.0	4022.82	161.0	36.13	39.17
PTHR11062	6935.23	6569.95	62.0	22.75	24.66
PTHR11061	6413.39	6088.67	102.0	56.73	61.52
PTHR11065	3942.91	3780.54	94.0	49.81	54.0
PTHR11064	2175.0	2053.23	122.0	67.26	72.92
PTHR11260	9573.55	9208.24	2233.76	779.08	844.69
PTHR11264	1027.0	986.41	13.0	5.61	6.08
PTHR11266	10565.06	10159.16	386.0	169.33	183.6
PTHR12858	3933.0	3770.64	78.0	41.2	44.64
PTHR31998	2816.0	2775.41	4692.52	715.72	775.99
PTHR31221	1802.73	1680.96	62.0	47.23	51.21
PTHR15838	1069.0	947.27	17.0	23.68	25.68
PTHR12850	512.0	471.41	2883.2	2622.66	2843.52
PTHR22836	1265.0	1224.41	20.0	6.94	7.52
PTHR32338	1555.0	1514.41	306.0	85.73	92.95
PTHR31407	4492.0	4289.05	688.0	289.52	313.9
PTHR12363	5605.36	5280.64	125.0	63.2	68.52
PTHR18952	988.0	947.41	4.0	1.8	1.95
PTHR25040	3586.3	3505.11	488.13	149.34	161.92
PTHR12765	523.0	482.41	9.0	8.0	8.67
PTHR12505	1855.63	1774.45	78.0	38.01	41.22
PTHR22604	2994.0	2912.82	59.0	17.1	18.53
PTHR21481	1125.0	1084.41	23.0	9.02	9.78
PTHR22778	3786.42	3624.07	41.0	25.81	27.97
PTHR12169	2720.55	2558.21	54.0	20.79	22.54
PTHR19446	2182.0	2060.23	9.0	5.34	5.79
PTHR12219	1398.0	1316.82	404.0	185.66	201.29
PTHR13561	1947.0	1825.24	1.0	0.39	0.42
PTHR13563	1499.0	1417.82	23.0	10.97	11.9
PTHR12210	6186.11	5902.14	472.01	246.54	267.32
PTHR12215	1590.21	1468.45	11.0	8.2	8.88
PTHR12214	1132.0	1050.83	13.0	13.37	14.5
PTHR22915	10730.67	10405.96	976.15	163.6	177.37
PTHR22911	3328.0	3165.64	40.0	19.09	20.69
PTHR22912	15800.28	15394.38	3340.52	796.75	863.85
PTHR12183	610.0	569.41	11.98	9.0	9.76
PTHR19849	895.0	813.82	24.0	23.17	25.12
PTHR22594	7644.0	7319.29	619.0	237.07	257.05
PTHR21152	4751.32	4629.55	2176.22	580.51	629.39
PTHR21021	1425.0	1343.82	9.0	5.57	6.04
PTHR13102	2074.0	1992.82	41.0	18.4	19.95
PTHR12984	2738.0	2656.82	30.07	9.08	9.85
PTHR23293	4769.0	4647.23	1010.0	260.44	282.37
PTHR13299	1039.0	998.41	53.0	22.58	24.48
PTHR10925	1718.0	1636.82	100.0	52.15	56.55
PTHR21737	1782.0	1700.82	50.0	24.7	26.79
PTHR10920	3368.0	3165.05	87.0	52.96	57.43
PTHR10855	2935.84	2854.66	248.0	67.94	73.66
PTHR10585	2342.0	2260.82	470.0	183.8	199.29
PTHR10584	13240.72	12713.1	374.0	139.39	151.14
PTHR11528	7856.0	7531.32	5849.77	2192.06	2376.67
PTHR11527	3361.46	3199.1	757.3	373.94	405.43
PTHR11525	1433.0	1392.41	53.0	16.16	17.52
PTHR10859	2294.31	2091.38	37.0	39.21	42.51
PTHR10589	2126.46	2045.28	88.0	39.13	42.42
PTHR10588	7001.0	6716.87	195.0	69.73	75.6
PTHR13038	1727.32	1686.73	48.0	12.07	13.08
PTHR13748	13870.47	13424.0	2142.71	515.22	558.61
PTHR10026	2965.07	2802.71	52.0	35.06	38.02
PTHR24015	14840.82	14313.14	506.0	165.86	179.82
PTHR24012	25729.35	24430.5	8081.17	4058.39	4400.16
PTHR24011	25202.38	23863.09	2727.61	1189.03	1289.19
PTHR31187	3785.0	3582.05	79.0	48.24	52.3
PTHR21145	717.0	676.41	23.0	14.51	15.74
PTHR10459	7122.97	6879.42	195.0	43.55	47.21
PTHR11453	1494.0	1372.24	5.0	4.04	4.38
PTHR10108	34462.61	33082.59	6162.77	1117.38	1211.5
PTHR11986	10354.79	10070.66	1675.06	453.6	491.81
PTHR11455	9285.0	8879.12	701.0	167.2	181.29
PTHR10102	2174.0	2092.82	42.0	18.1	19.62
PTHR11458	1512.0	1471.41	189.83	54.75	59.36
PTHR10106	839.0	798.41	10.0	5.34	5.79
PTHR31057	1637.81	1516.04	22.0	19.23	20.86
PTHR30115	905.0	864.41	107.0	52.72	57.16
PTHR11851	21799.0	20906.04	1955.92	559.27	606.36
PTHR23092	6495.0	6251.46	71.0	31.69	34.35
PTHR23091	11621.03	11012.2	526.76	254.26	275.67
PTHR11673	808.0	767.41	2333.85	1296.54	1405.73
PTHR11670	6974.58	6852.81	3968.26	730.41	791.92
PTHR11671	993.0	952.41	410.0	183.19	198.61
PTHR20863	2102.0	2020.82	409.0	202.97	220.07
PTHR20861	602.0	561.41	5.0	3.81	4.13
PTHR11679	7617.41	7292.72	349.0	100.25	108.68
PTHR14009	3523.0	3441.82	216.0	51.66	56.01
PTHR10217	14525.91	14079.42	469.0	164.8	178.69
PTHR14005	2778.0	2737.41	433.0	66.96	72.6
PTHR10210	3946.0	3783.65	201.0	74.31	80.56
PTHR31522	1274.0	1233.41	119.0	40.98	44.43
PTHR14221	1577.0	1495.82	43.0	24.0	26.03
PTHR11079	4628.0	4384.49	76.0	46.81	50.75
PTHR11076	7941.56	7454.48	108.0	36.59	39.67
PTHR11070	3533.48	3371.11	38.0	18.48	20.04
PTHR11071	21463.68	20367.81	3487.72	2027.31	2198.03
PTHR11278	1118.0	1036.83	2847.0	1713.93	1858.26
PTHR11276	2434.0	2312.23	34.0	14.55	15.77
PTHR11274	2483.0	2401.82	127.0	38.93	42.2
PTHR14136	3866.0	3703.64	466.0	228.62	247.86
PTHR31984	3263.71	3141.93	277.0	127.47	138.2
PTHR15350	2237.0	2155.82	176.0	60.53	65.63
PTHR15606	3041.0	2878.66	39.0	22.45	24.33
PTHR12374	1688.0	1566.23	27.0	20.35	22.06
PTHR12375	1179.0	1138.41	50.0	18.67	20.24
PTHR12378	3318.0	3155.64	288.0	149.87	162.48
PTHR18929	7483.0	7117.69	3216.06	1307.12	1417.23
PTHR31724	1770.54	1689.36	19.0	10.72	11.62
PTHR30535	1460.0	1419.41	4.0	1.2	1.3
PTHR12777	907.0	866.41	235.0	115.51	125.24
PTHR12775	1480.01	1398.83	22.0	14.9	16.15
PTHR24352	4243.19	4121.42	285.0	93.75	101.65
PTHR16092	733.0	692.41	69.0	42.53	46.11
PTHR11035	890.0	849.41	113.0	56.66	61.44
PTHR22298	7183.0	6939.48	378.0	63.24	68.57
PTHR12174	2796.0	2674.23	70.0	32.82	35.58
PTHR12175	920.0	879.41	71.0	34.38	37.27
PTHR12176	5229.0	4985.46	163.0	92.16	99.91
PTHR22769	8313.0	7947.69	310.0	127.32	138.04
PTHR22767	3842.0	3639.06	70.0	28.05	30.41
PTHR22765	10076.59	9792.45	436.0	134.49	145.82
PTHR22762	5756.0	5634.23	155.0	29.03	31.48
PTHR22763	2233.47	2111.7	186.0	93.24	101.1
PTHR22761	2638.84	2517.07	552.0	235.23	255.03
PTHR21231	2425.0	2343.82	88.0	32.13	34.83
PTHR21230	1491.0	1409.82	284.0	119.86	129.96
PTHR21234	2558.35	2477.16	43.0	14.62	15.85
PTHR21237	4012.94	3891.17	686.01	223.41	242.22
PTHR12202	838.0	756.84	8.0	9.59	10.39
PTHR12203	2042.09	1960.91	59.0	16.65	18.04
PTHR19857	1223.0	1182.41	38.0	13.65	14.8
PTHR13355	654.0	613.41	14.0	9.75	10.57
PTHR19855	1731.71	1691.12	23.0	5.77	6.25
PTHR19852	400.0	359.41	6.0	7.19	7.8
PTHR19853	3673.0	3470.06	36.0	22.27	24.14
PTHR12197	11250.1	10560.14	369.0	146.79	159.15
PTHR13822	1158.0	1117.41	301.0	114.49	124.14
PTHR32442	1726.0	1685.41	100.0	25.16	27.28
PTHR10344	740.0	699.41	2.0	1.22	1.32
PTHR21319	6025.14	5822.19	803.94	204.0	221.18
PTHR10732	598.0	557.41	3777.15	2899.09	3143.23
PTHR10739	3201.44	3079.67	459.0	204.46	221.67
PTHR12992	774.0	733.41	11.0	6.4	6.94
PTHR22838	1785.0	1744.41	32.0	7.78	8.43
PTHR22881	1455.0	1373.82	46.0	29.34	31.8
PTHR11588	3106.26	2984.49	3490.52	828.38	898.14
PTHR11934	1832.0	1750.82	267.0	124.29	134.75
PTHR10693	978.63	938.04	41.0	18.6	20.17
PTHR10938	1703.0	1662.41	717.0	182.92	198.32
PTHR10934	918.0	877.41	2896.0	1405.46	1523.81
PTHR14490	892.0	810.82	4.0	4.07	4.41
PTHR11510	2448.0	2407.41	284.94	50.12	54.35
PTHR11516	5008.49	4846.12	892.91	373.8	405.29
PTHR10025	3154.0	2951.06	192.51	132.4	143.57
PTHR10027	4815.0	4612.05	103.0	47.89	51.94
PTHR13009	1712.0	1671.41	173.0	43.9	47.59
PTHR13007	785.0	744.41	52.0	29.79	32.3
PTHR11863	2241.0	2159.82	23.0	10.59	11.48
PTHR17901	673.0	632.41	18.0	12.16	13.18
PTHR24351	1664.0	1582.82	9.0	5.68	6.16
PTHR20981	688.0	647.41	3421.65	2257.13	2447.21
PTHR20982	865.0	824.41	18.0	9.3	10.09
PTHR11864	4402.76	4240.4	123.0	47.38	51.37
PTHR11467	580.0	539.41	205.0	162.66	176.36
PTHR10119	8240.0	8077.64	400.95	69.02	74.84
PTHR10114	441.0	400.41	2566.7	2755.83	2987.91
PTHR10110	8123.68	7961.32	363.0	77.45	83.97
PTHR11469	2800.0	2718.82	1141.0	234.4	254.13
PTHR10598	2549.29	2508.7	178.0	30.04	32.57
PTHR24286	7936.0	7651.88	346.0	96.37	104.47
PTHR23429	3602.26	3521.08	1099.29	263.56	285.76
PTHR23426	2079.51	1957.74	97.43	57.97	62.86
PTHR10593	2340.73	2259.55	106.0	40.39	43.8
