GeneFamily	length	effective_length	expected_count	TPM	FPKM
PTHR11649	9040.53	8717.4	214.0	91.66	101.48
PTHR31089	3599.0	3558.61	56.0	9.75	10.8
PTHR31085	404.0	363.61	4.0	6.94	7.69
PTHR11647	4046.0	3965.22	31.37	9.75	10.8
PTHR11645	3440.0	3399.61	101.0	18.41	20.39
PTHR10209	3168.0	3087.22	15.0	5.63	6.23
PTHR32429	4034.0	3953.22	1411.86	472.88	523.67
PTHR31423	806.0	765.61	15.0	12.24	13.56
PTHR31551	750.0	709.61	51.0	44.93	49.75
PTHR32195	973.0	892.24	1.0	1.05	1.17
PTHR11081	3279.0	3117.45	9.0	6.01	6.65
PTHR11080	2770.17	2689.38	23.0	9.61	10.65
PTHR11082	10998.0	10674.9	62.0	23.63	26.16
PTHR11085	3218.0	3096.83	22.0	10.68	11.82
PTHR13501	1760.0	1719.61	24.0	8.67	9.6
PTHR11089	10569.49	10165.59	113.0	49.42	54.75
PTHR12271	3399.0	3237.44	10.0	5.21	5.77
PTHR32518	3536.0	3495.61	49.0	8.69	9.62
PTHR11247	2167.64	2086.85	17.0	8.83	9.79
PTHR11246	10516.0	10354.44	143.0	26.23	29.04
PTHR32512	1450.0	1409.61	5.0	2.21	2.44
PTHR23088	4460.0	4298.44	54.0	25.07	27.76
PTHR23089	2380.0	2258.83	33.0	31.25	34.61
PTHR23081	5595.0	5514.22	42.0	10.13	11.21
PTHR23083	36596.82	35506.34	626.0	187.34	207.49
PTHR23084	6307.14	6064.79	187.0	99.02	109.63
PTHR23086	3933.28	3771.71	25.0	16.74	18.54
PTHR18806	1584.49	1544.09	28.0	11.27	12.48
PTHR11880	2225.0	2144.22	1170.03	1267.06	1403.16
PTHR31953	4471.37	4350.19	85.0	21.13	23.39
PTHR15184	8940.49	8698.14	615.0	156.49	173.29
PTHR11885	1409.0	1328.22	899.33	725.15	803.04
PTHR15341	780.0	739.61	3.0	2.53	2.81
PTHR32357	929.5	848.74	0.0	0.0	0.0
PTHR12696	4806.0	4765.61	122.0	15.86	17.56
PTHR12341	4759.0	4557.06	32.0	21.66	23.99
PTHR10168	7263.0	7101.44	1218.0	244.58	270.85
PTHR15160	11124.94	10922.98	389.0	118.64	131.38
PTHR18937	22160.01	21796.48	350.0	74.01	81.94
PTHR18934	15185.77	14620.34	310.07	71.42	79.11
PTHR12742	4067.37	3946.2	67.0	31.15	34.49
PTHR12741	3673.0	3592.22	62.0	23.66	26.2
PTHR19288	8425.3	8223.35	214.0	52.63	58.3
PTHR13902	6790.67	6669.5	65.0	15.54	17.2
PTHR13903	2417.0	2336.22	22.0	11.9	13.18
PTHR22753	4558.0	4436.83	34.0	9.35	10.36
PTHR30615	1913.12	1791.95	15.0	16.05	17.78
PTHR21220	935.0	854.22	0.0	0.0	0.0
PTHR22938	6211.63	6130.85	86.0	18.19	20.15
PTHR16266	7223.0	7021.06	42.0	11.5	12.73
PTHR30612	2815.6	2734.82	60.0	17.56	19.44
PTHR22932	623.0	582.61	93.0	100.01	110.75
PTHR21228	56465.31	54607.45	751.99	207.22	229.45
PTHR31038	981.0	940.61	21.0	13.92	15.42
PTHR13832	44206.63	43237.28	1423.31	357.26	395.67
PTHR21139	2424.0	2383.61	32.0	8.33	9.22
PTHR21136	2700.0	2619.22	103.0	43.19	47.83
PTHR12526	34330.94	33644.33	708.0	165.37	183.16
PTHR13120	2209.0	2168.61	39.0	11.16	12.36
PTHR22809	1835.0	1673.46	2.0	2.59	2.87
PTHR22807	9855.7	9573.02	114.0	28.99	32.09
PTHR20661	2040.0	1959.22	1.0	0.87	0.96
PTHR10900	15244.56	14840.67	309.0	83.87	92.88
PTHR10906	2232.0	2191.61	9.0	2.55	2.82
PTHR10909	17812.58	17489.45	842.62	185.73	205.66
PTHR10055	4483.0	4361.83	71.0	22.98	25.43
PTHR10057	2153.0	2072.22	27.0	15.24	16.88
PTHR10052	394.0	353.61	1.0	1.79	1.98
PTHR13017	1207.0	1166.61	5.0	2.67	2.95
PTHR13018	16939.6	16535.67	332.0	80.24	88.86
PTHR10694	7828.0	7504.88	96.0	53.67	59.43
PTHR12839	1771.0	1649.83	7.0	6.45	7.15
PTHR12835	2330.0	2249.22	6.0	2.03	2.25
PTHR24031	66194.64	63731.18	4603.51	1418.8	1571.19
PTHR24032	676.0	635.61	1.0	0.98	1.09
PTHR11922	4520.0	4398.83	141.0	33.47	37.06
PTHR24349	73001.42	71264.65	2112.01	510.7	565.58
PTHR24619	5612.0	5248.55	21.0	20.27	22.44
PTHR24343	23306.37	22660.13	405.95	153.8	170.32
PTHR11472	5422.0	5139.27	20.0	16.09	17.81
PTHR11476	5164.0	5042.83	31.0	11.0	12.19
PTHR11477	2900.75	2819.97	44.0	19.45	21.54
PTHR24305	2772.69	2570.73	15.0	16.15	17.9
PTHR10476	5700.37	5538.81	225.0	106.46	117.9
PTHR24290	2182.0	2101.22	15.0	8.32	9.22
PTHR23413	876.98	796.25	1467.93	1712.74	1896.7
PTHR23417	4447.83	4286.26	44.99	23.48	25.99
PTHR23416	3627.0	3546.22	48.0	13.07	14.48
PTHR23415	1476.0	1435.61	40.0	17.32	19.19
PTHR10871	4691.81	4530.25	2254.01	1353.99	1499.42
PTHR23418	716.0	675.61	26.0	24.07	26.66
PTHR10877	29765.57	29119.53	261.01	59.8	66.21
PTHR11879	5041.11	4919.93	293.0	87.6	97.01
PTHR10430	2624.0	2543.22	113.0	68.24	75.56
PTHR31724	6367.46	6205.9	39.0	15.69	17.37
PTHR31098	6909.62	6788.45	217.14	28.2	31.23
PTHR11655	2949.0	2827.87	2492.73	1453.66	1609.8
PTHR11652	925.0	884.61	2.0	1.41	1.56
PTHR10436	7862.0	7336.95	13.0	13.47	14.93
PTHR20883	1727.0	1686.61	3.0	1.11	1.22
PTHR11895	4238.93	3996.6	20.0	13.71	15.19
PTHR10277	1445.75	1405.36	58.05	25.69	28.45
PTHR14027	3090.0	2968.84	16.0	13.65	15.12
PTHR13691	966.0	885.23	1.0	1.93	2.14
PTHR23180	16503.52	16180.41	200.0	42.58	47.15
PTHR14593	3057.0	2935.83	19.0	10.28	11.39
PTHR11093	2107.83	2027.05	226.11	103.49	114.61
PTHR11096	2483.0	2361.83	14.0	7.68	8.49
PTHR23346	5473.0	5311.47	20.0	8.39	9.29
PTHR11099	1020.37	979.98	27.0	17.17	19.02
PTHR10309	3074.0	3033.61	46.0	9.4	10.41
PTHR14107	1941.0	1900.61	45.0	14.7	16.28
PTHR11252	1957.0	1876.22	7.0	4.8	5.31
PTHR11254	25459.74	24975.05	411.0	102.55	113.57
PTHR11255	1735.26	1694.87	21.0	7.7	8.52
PTHR14110	7148.0	6986.44	221.0	71.49	79.16
PTHR14374	853.0	812.61	2.0	1.54	1.7
PTHR18838	712.0	671.61	3.0	2.79	3.09
PTHR12687	941.0	860.25	4.0	4.32	4.79
PTHR15157	4088.14	3886.21	35.0	12.87	14.25
PTHR18901	6945.99	6703.64	75.0	32.82	36.35
PTHR12755	3643.0	3521.83	14.0	5.97	6.61
PTHR12750	5749.0	5708.61	98.0	10.63	11.77
PTHR12753	1909.0	1868.61	9.0	2.99	3.31
PTHR15081	2439.0	2398.61	91.0	23.54	26.07
PTHR15574	6692.0	6409.28	71.0	38.16	42.25
PTHR12506	2471.68	2431.28	30.0	7.66	8.48
PTHR23109	614.0	573.61	5.0	5.46	6.05
PTHR13931	7166.0	7004.44	115.0	30.52	33.79
PTHR24006	25796.17	24867.32	231.05	85.72	94.94
PTHR12358	4587.0	4506.22	79.0	21.92	24.28
PTHR22748	3752.44	3671.66	18.0	5.32	5.89
PTHR12356	4848.0	4726.83	176.0	59.46	65.84
PTHR12221	2281.0	2159.85	9.0	10.91	12.08
PTHR21213	1425.0	1384.61	30.0	13.47	14.92
PTHR19879	2070.0	1948.86	13.0	11.63	12.88
PTHR12226	1589.0	1508.22	1.0	0.78	0.87
PTHR19876	4139.94	4059.15	142.0	33.08	36.64
PTHR19877	9874.0	9793.22	314.0	42.33	46.87
PTHR21689	5284.24	5203.45	23.0	4.29	4.75
PTHR31190	4402.0	4280.87	43.0	12.55	13.9
PTHR13803	11598.0	11436.44	3061.11	434.18	480.82
PTHR19980	3253.0	3172.22	24.0	9.06	10.03
PTHR12537	2982.22	2901.43	70.0	28.66	31.75
PTHR12532	1749.0	1708.61	3.0	1.09	1.21
PTHR13486	1181.0	1140.61	7.0	3.82	4.23
PTHR13489	1273.0	1232.61	3.0	1.51	1.68
PTHR17583	2484.0	2282.06	6.0	6.92	7.67
PTHR24198	29608.56	28639.24	512.0	181.59	201.09
PTHR10048	5931.0	5729.05	64.0	30.71	34.02
PTHR24193	15507.84	15063.68	340.08	157.46	174.35
PTHR10044	2027.26	1906.09	27.0	20.56	22.75
PTHR11998	7943.7	7822.53	196.0	48.23	53.42
PTHR13060	2104.0	2063.61	9.0	2.71	3.0
PTHR10687	1962.0	1921.61	111.0	35.87	39.72
PTHR10681	22055.2	21530.1	873.89	319.11	353.4
PTHR10682	2580.38	2539.99	58.0	14.16	15.69
PTHR10683	3506.0	3425.22	155.0	64.64	71.59
PTHR12829	2436.0	2314.89	28.0	9.91	10.97
PTHR12820	6517.36	6476.96	137.0	13.1	14.5
PTHR12826	826.0	785.61	48.0	38.16	42.25
PTHR12827	1190.0	1068.86	2.0	3.53	3.91
PTHR17920	1281.0	1200.22	1.0	0.76	0.84
PTHR11405	9995.0	9833.44	356.32	95.39	105.62
PTHR11404	4498.28	4336.72	141.0	67.59	74.86
PTHR11406	3481.0	3400.22	86.23	29.35	32.5
PTHR14744	1086.0	1045.61	1.0	0.6	0.66
PTHR13468	1508.68	1468.29	37.0	15.67	17.35
PTHR23406	12626.57	12343.87	392.0	69.79	77.3
PTHR23407	830.0	789.61	6.0	4.75	5.25
PTHR10869	16514.82	16151.29	2393.22	441.61	489.04
PTHR31717	9654.0	9492.44	380.0	71.09	78.74
PTHR13393	2888.44	2848.04	37.0	8.06	8.92
PTHR15169	930.0	849.22	0.0	0.0	0.0
PTHR11315	5014.0	4933.22	838.0	210.53	233.14
PTHR10139	1748.0	1626.84	9.0	9.05	10.02
PTHR10264	1671.0	1590.22	26.0	30.85	34.16
PTHR10263	5318.0	5237.22	544.0	115.6	128.02
PTHR31407	5165.0	5043.83	8.0	2.93	3.24
PTHR32170	1633.0	1552.22	4.0	2.12	2.35
PTHR23350	4165.0	4043.85	56.0	13.8	15.29
PTHR23354	3688.0	3566.83	25.0	13.02	14.42
PTHR23355	8006.66	7602.77	40.0	27.04	29.95
PTHR23359	11161.89	10757.99	765.38	326.42	361.48
PTHR11227	2669.0	2628.61	65.0	15.34	16.99
PTHR11220	10578.7	10376.73	370.0	103.48	114.6
PTHR11223	946.71	865.94	3.0	4.4	4.88
PTHR11229	2439.0	2358.22	60.0	34.22	37.9
PTHR10314	18266.49	17701.07	970.35	341.41	378.09
PTHR14303	3093.0	3052.61	62.0	12.59	13.94
PTHR14085	1340.36	1299.97	21.0	10.05	11.13
PTHR11139	19155.95	18307.85	119.01	68.41	75.76
PTHR15362	3585.81	3505.03	92.0	28.02	31.03
PTHR11132	34424.59	33536.14	609.0	206.66	228.85
PTHR11134	3758.0	3717.61	122.0	20.34	22.52
PTHR11136	1373.0	1332.61	2.0	0.93	1.03
PTHR32374	4788.21	4626.65	999.43	265.8	294.35
PTHR31579	20088.04	19684.18	710.0	141.59	156.8
PTHR32379	2271.0	2190.22	19.0	7.96	8.81
PTHR18919	6401.75	6280.58	1208.12	284.86	315.46
PTHR32002	6032.0	5870.44	30.85	10.57	11.7
PTHR14413	5127.95	5047.16	167.0	69.25	76.69
PTHR14089	4427.0	4305.83	74.0	17.94	19.86
PTHR22893	6498.0	6417.22	106.0	19.93	22.07
PTHR24067	17938.46	17453.77	717.0	314.43	348.2
PTHR10072	1916.55	1876.16	39.0	12.91	14.3
PTHR12786	2980.0	2939.61	93.0	19.62	21.72
PTHR12782	572.0	531.61	2.99	3.52	3.9
PTHR11742	2751.0	2629.86	17.0	6.73	7.45
PTHR11216	3342.0	3261.22	25.0	7.39	8.19
PTHR13923	4775.0	4734.61	37.0	4.84	5.36
PTHR11210	1428.0	1387.61	60.0	26.89	29.78
PTHR12321	1969.0	1928.61	161.0	51.83	57.4
PTHR12320	12295.0	11971.88	397.0	109.78	121.57
PTHR12323	1449.0	1408.61	11.0	4.86	5.38
PTHR16201	899.83	859.44	25.0	18.15	20.1
PTHR21015	1866.0	1785.22	9.77	6.49	7.18
PTHR16196	3998.23	3917.44	48.0	9.83	10.89
PTHR16193	1432.0	1351.22	4.0	3.76	4.17
PTHR22792	7382.0	7220.45	174.0	41.84	46.33
PTHR22790	3384.0	3262.83	11.0	6.28	6.94
PTHR21680	1078.0	1037.61	38.0	22.82	25.27
PTHR10343	3670.87	3590.09	106.0	31.71	35.12
PTHR21113	1887.14	1806.36	32.0	36.39	40.31
PTHR19316	1536.36	1495.97	38.0	15.79	17.49
PTHR21663	896.0	815.25	4.0	7.01	7.77
PTHR13253	10560.77	10237.64	204.0	89.98	99.64
PTHR12446	712.0	671.61	1.0	0.93	1.03
PTHR21206	1008.0	967.61	5.0	3.22	3.57
PTHR13789	23850.97	23285.51	700.0	146.5	162.24
PTHR10071	25353.38	24909.08	1726.59	352.56	390.43
PTHR24188	11047.62	10724.49	227.63	67.46	74.72
PTHR13780	7120.42	6958.85	336.0	81.33	90.06
PTHR10670	4328.42	4005.35	12.0	15.61	17.28
PTHR10677	4834.34	4753.55	226.0	38.88	43.06
PTHR13078	7166.55	7004.99	119.0	58.33	64.6
PTHR12815	4462.0	4381.22	21.0	6.11	6.77
PTHR12814	1442.0	1361.22	2.0	1.97	2.18
PTHR24361	22159.83	21796.35	486.0	90.19	99.87
PTHR24362	34782.33	33934.28	861.0	252.66	279.81
PTHR10416	2045.0	2004.61	12.0	3.72	4.12
PTHR10410	6425.0	6303.83	144.73	40.48	44.83
PTHR10783	12934.57	12611.46	364.14	125.61	139.11
PTHR10782	985.0	944.61	4.0	2.64	2.92
PTHR13476	3321.54	3240.75	80.0	36.24	40.13
PTHR10788	8067.33	7946.16	193.0	56.88	62.99
PTHR10891	56777.81	55242.97	1594.93	500.77	554.59
PTHR10890	1426.86	1386.46	20.0	8.97	9.93
PTHR20426	1114.0	1073.61	18.0	10.44	11.57
PTHR23213	12779.9	12375.99	162.09	59.18	65.52
PTHR10520	7100.34	6938.78	213.0	54.78	60.67
PTHR10250	1635.0	1594.61	63.0	24.55	27.19
PTHR10527	16683.06	16359.93	414.0	64.42	71.34
PTHR31384	3414.0	3373.61	26.0	4.78	5.29
PTHR31385	4107.0	4026.22	56.0	15.9	17.61
PTHR10091	1482.0	1441.61	50.0	21.57	23.88
PTHR31142	1594.0	1553.61	62.0	24.8	27.47
PTHR31140	2499.02	2458.62	54.0	13.63	15.09
PTHR11787	5045.0	5004.61	187.41	23.19	25.69
PTHR11785	10157.0	9874.31	91.0	22.26	24.64
PTHR11782	9511.0	9309.07	115.0	15.33	16.98
PTHR31419	1580.0	1418.64	4.0	8.12	9.0
PTHR11780	3793.0	3712.22	333.0	80.52	89.15
PTHR32148	10065.21	9742.09	580.91	249.49	276.3
PTHR23324	10139.37	9977.8	209.0	47.02	52.06
PTHR23327	3699.0	3618.22	98.0	23.18	25.66
PTHR23326	5044.0	4922.83	87.0	36.43	40.35
PTHR23321	5102.0	4940.44	219.0	102.63	113.64
PTHR23323	5392.5	5069.45	42.0	38.47	42.61
PTHR23322	2635.0	2473.46	11.0	10.6	11.74
PTHR23329	1039.49	999.1	14.0	8.73	9.67
PTHR11236	5396.37	5194.44	38.0	14.26	15.79
PTHR20932	2633.0	2592.61	60.0	14.35	15.9
PTHR10322	9311.28	8988.19	68.0	25.46	28.19
PTHR11239	1765.0	1684.22	73.0	44.1	48.83
PTHR10803	4975.47	4854.29	41.0	14.96	16.57
PTHR31964	10594.0	10392.05	1686.97	655.87	726.31
PTHR10552	1059.0	1018.61	20.0	12.24	13.55
PTHR23030	3077.01	3036.61	26.0	5.31	5.88
PTHR11129	3304.49	3183.31	53.0	23.28	25.78
PTHR15316	3706.08	3544.51	41.0	27.99	31.01
PTHR11127	1073.0	992.22	1769.01	1730.92	1916.84
PTHR11125	2528.32	2407.15	19.0	12.23	13.55
PTHR31566	547.0	506.61	1.0	1.24	1.37
PTHR31567	1662.0	1621.61	40.0	15.33	16.97
PTHR31561	3963.17	3882.39	148.0	44.91	49.72
PTHR15137	2494.0	2372.83	20.0	14.89	16.49
PTHR14950	413.0	372.61	0.0	0.0	0.0
PTHR15954	1819.0	1738.22	9.0	5.29	5.86
PTHR15952	2757.0	2676.22	19.0	10.74	11.89
PTHR21319	7406.75	7285.57	53.0	14.11	15.61
PTHR21597	2854.0	2732.83	5.0	3.06	3.38
PTHR19271	1076.0	995.22	2.0	1.97	2.18
PTHR22931	8040.94	7596.68	122.65	109.0	120.71
PTHR12022	1317.0	1276.61	151.0	73.59	81.5
PTHR13343	7218.13	7096.96	194.0	39.33	43.56
PTHR12233	753.47	713.08	51.0	44.7	49.51
PTHR12029	8724.12	8360.66	65.0	21.91	24.27
PTHR22936	8977.04	8694.3	145.31	42.33	46.89
PTHR22780	8833.67	8672.1	131.01	28.0	31.02
PTHR21477	3500.47	3419.68	71.0	24.97	27.65
PTHR19308	3433.0	3352.22	1002.0	217.36	240.71
PTHR22870	22187.9	21420.52	232.0	74.72	82.75
PTHR17630	10736.76	10494.41	244.0	66.15	73.25
PTHR10064	601.0	560.61	1986.0	2220.62	2459.13
PTHR10066	4885.84	4683.89	17.0	9.11	10.09
PTHR10060	3637.76	3516.61	40.0	22.48	24.89
PTHR10663	10819.45	10415.55	103.0	44.11	48.84
PTHR10666	711.0	670.61	2127.11	1984.06	2197.16
PTHR10668	9697.0	9293.2	114.01	38.01	42.07
PTHR12265	936.0	855.22	2.0	3.14	3.47
PTHR12801	6908.62	6747.05	524.99	94.07	104.16
PTHR12802	4198.0	3955.7	12.0	10.84	12.01
PTHR12805	974.8	934.4	3.0	2.0	2.22
PTHR12806	1256.16	1215.76	22.0	11.26	12.47
PTHR21091	13481.7	13158.58	203.2	60.78	67.31
PTHR21090	5469.0	5388.22	123.0	30.09	33.33
PTHR24314	3530.0	3449.22	30.0	10.2	11.29
PTHR11933	825.0	784.61	5.0	3.98	4.41
PTHR24316	13405.84	12961.54	168.49	48.56	53.76
PTHR11426	5595.92	5474.73	796.0	304.82	337.56
PTHR11937	10294.0	10092.05	97.0	33.51	37.12
PTHR11938	14414.0	14292.83	912.96	81.75	90.53
PTHR13683	948.0	907.61	17.0	11.68	12.94
PTHR24089	57175.7	55600.66	5347.41	1423.82	1576.75
PTHR10796	12110.0	11746.59	69.0	17.46	19.32
PTHR10794	5776.44	5614.89	65.0	41.25	45.7
PTHR10795	37520.06	36712.33	1021.0	129.95	143.91
PTHR10792	1033.0	952.22	1169.56	1249.06	1383.22
PTHR10799	55800.53	53579.19	487.15	196.83	217.99
PTHR10882	1079.0	1038.61	1.0	0.6	0.66
PTHR10887	26202.8	25071.92	264.98	101.23	112.12
PTHR11686	1325.0	1284.61	4.0	1.94	2.15
PTHR11685	6496.38	6334.82	99.0	33.78	37.41
PTHR11680	5488.79	5367.62	391.03	107.51	119.05
PTHR24221	12800.75	12356.5	251.0	76.19	84.37
PTHR24220	5776.67	5655.5	100.0	31.55	34.93
PTHR24223	13175.0	12448.08	27.74	19.24	21.29
PTHR11689	17695.0	17371.92	469.0	50.64	56.08
PTHR10252	1783.0	1702.22	26.0	19.89	22.03
PTHR10537	566.0	525.61	2.0	2.39	2.64
PTHR13124	2770.0	2689.22	33.0	15.74	17.43
PTHR31173	2218.64	2137.86	4.0	2.2	2.43
PTHR12538	603.0	562.61	2164.26	2411.22	2670.21
PTHR10997	12812.0	12448.49	113.0	40.96	45.37
PTHR10098	1479.0	1438.61	27.0	11.67	12.92
PTHR31356	6617.23	6415.27	249.0	119.45	132.27
PTHR31352	9023.0	8901.83	732.0	151.98	168.3
PTHR31350	4175.0	3973.06	10.0	4.57	5.07
PTHR11758	675.0	634.61	1468.99	1448.82	1604.44
PTHR23333	2749.0	2668.22	76.0	32.68	36.18
PTHR11751	8838.0	8595.66	79.0	27.11	30.03
PTHR11753	3159.29	3078.5	173.0	69.65	77.13
PTHR11200	14158.0	13754.11	308.0	62.18	68.86
PTHR11206	24411.01	23764.87	243.0	61.72	68.38
PTHR11757	13821.21	13538.47	281.0	44.9	49.7
PTHR23339	11830.66	11547.91	265.0	42.88	47.49
PTHR10332	7056.0	6894.44	120.0	35.49	39.3
PTHR32557	4341.0	4300.61	57.0	8.21	9.09
PTHR14145	4972.0	4891.22	114.0	28.18	31.21
PTHR17695	2161.0	1959.06	4.0	6.89	7.63
PTHR13600	2280.0	2239.61	6.0	1.66	1.84
PTHR15744	954.0	913.61	0.0	0.0	0.0
PTHR23029	14200.97	13837.48	488.78	65.64	72.71
PTHR23023	10842.72	10358.05	25.0	15.07	16.7
PTHR21294	1282.0	1241.61	26.0	13.03	14.43
PTHR11119	5706.0	5625.22	131.0	29.13	32.26
PTHR12841	1621.88	1581.49	96.0	37.72	41.78
PTHR31595	9378.0	9054.89	182.0	63.36	70.18
PTHR31596	1420.0	1339.22	1.0	0.9	1.0
PTHR15948	1692.0	1611.22	6.0	4.68	5.18
PTHR31412	5275.0	5194.22	56.0	11.71	12.97
PTHR32026	4249.26	4168.48	176.96	54.37	60.2
PTHR22939	21659.85	21054.02	158.0	48.83	54.05
PTHR31829	1193.0	1152.61	111.0	59.96	66.4
PTHR30191	3723.0	3682.61	2020.0	339.93	376.44
PTHR14898	3160.0	3079.22	22.0	9.3	10.29
PTHR19241	41238.11	39824.58	542.33	131.68	145.85
PTHR14894	3085.83	3045.44	87.0	17.71	19.61
PTHR15239	2156.69	1995.17	41.0	33.25	36.82
PTHR19854	3503.77	3301.82	40.0	23.78	26.32
PTHR32497	4010.0	3929.22	19.0	5.82	6.44
PTHR12304	1677.93	1597.15	17.0	12.98	14.37
PTHR30540	5100.03	5059.63	122.0	14.93	16.54
PTHR30544	6847.05	6685.5	108.0	23.8	26.36
PTHR13302	2494.28	2373.14	23.0	18.49	20.48
PTHR12472	428.0	387.61	1.0	1.63	1.8
PTHR13308	2024.49	1903.31	11.0	11.56	12.81
PTHR12477	1161.0	1120.61	5.0	2.78	3.08
PTHR13878	4538.0	4416.83	23.0	10.31	11.41
PTHR21461	925.0	884.61	7.0	4.94	5.47
PTHR13872	856.0	775.23	1054.91	1505.95	1667.7
PTHR22849	20778.45	20213.02	228.0	69.97	77.49
PTHR21314	3009.83	2929.04	24.0	10.21	11.31
PTHR21649	12309.81	11825.42	1051.59	975.34	1080.1
PTHR22841	6801.0	6639.45	107.0	30.39	33.64
PTHR22847	67881.66	65700.8	669.97	268.1	296.88
PTHR22846	2088.0	2007.22	19.0	10.34	11.45
PTHR22844	16171.9	15768.0	177.0	48.34	53.55
PTHR31606	927.0	886.61	7.0	4.93	5.45
PTHR23284	1435.0	1394.61	17.0	7.58	8.39
PTHR21266	12702.35	12338.83	80.0	19.78	21.9
PTHR12277	2879.91	2799.12	64.0	26.01	28.81
PTHR12276	1737.0	1696.61	11.0	4.03	4.46
PTHR10657	6825.05	6744.25	235.04	37.85	41.91
PTHR16557	1667.74	1586.95	13.0	6.79	7.52
PTHR10655	1480.0	1439.61	33.0	14.25	15.78
PTHR10652	1098.84	1058.45	10.0	5.89	6.52
PTHR17972	2321.76	2160.21	12.0	11.93	13.21
PTHR21085	1447.0	1406.61	28.0	12.38	13.71
PTHR10438	21878.54	21393.86	1610.68	597.97	662.2
PTHR11926	3041.0	3000.61	29.0	5.99	6.64
PTHR11431	2527.0	2486.61	220.0	54.89	60.78
PTHR10434	2393.0	2312.22	15.0	8.38	9.27
PTHR24096	8095.06	7933.47	290.27	74.21	82.17
PTHR13693	5853.0	5651.07	253.0	57.07	63.2
PTHR24095	4633.99	4432.11	134.99	49.23	54.52
PTHR24092	6752.93	6631.75	233.0	34.19	37.86
PTHR24093	45455.39	44243.71	2431.0	365.96	405.24
PTHR13451	1399.0	1318.26	2.0	3.01	3.33
PTHR13452	1064.0	983.22	7.0	8.97	9.94
PTHR10759	923.0	842.25	1599.96	1779.33	1970.45
PTHR12901	1256.0	1215.61	52.0	26.62	29.48
PTHR12903	3250.0	3169.22	162.0	43.99	48.71
PTHR13992	1105.0	1024.22	7.0	8.56	9.49
PTHR23237	759.0	718.61	33.0	28.7	31.79
PTHR10501	5226.7	5145.91	141.0	34.57	38.28
PTHR31169	1263.0	1222.61	4.0	2.04	2.25
PTHR11122	1722.0	1681.61	27.0	9.98	11.05
PTHR14087	679.0	638.61	2.0	1.96	2.17
PTHR23309	1536.0	1495.61	44.0	18.29	20.25
PTHR23308	3114.0	2912.08	15.0	16.47	18.23
PTHR31344	379.0	338.61	2.0	3.73	4.13
PTHR31619	3517.0	3476.61	261.98	46.71	51.72
PTHR23306	2635.13	2554.35	89.0	42.43	46.99
PTHR23305	2475.57	2314.03	9.0	8.45	9.36
PTHR11748	16683.75	16360.62	339.04	85.58	94.77
PTHR11214	4486.03	4405.24	56.0	15.07	16.69
PTHR14154	18270.07	17704.71	479.0	200.28	221.81
PTHR10344	1279.0	1238.61	5.0	2.51	2.78
PTHR14152	1100.0	1019.22	4.0	4.81	5.33
PTHR11699	19700.97	19297.07	478.0	105.28	116.56
PTHR11692	1782.69	1742.29	60.0	21.39	23.69
PTHR11693	4161.0	4080.22	1177.04	361.7	400.55
PTHR11695	19214.16	18850.64	724.98	204.39	226.34
PTHR31760	389.0	348.91	0.0	0.0	0.0
PTHR31906	10245.86	9882.38	95.0	47.65	52.77
PTHR13847	15824.12	15218.3	428.0	177.6	196.67
PTHR23012	16211.32	15767.04	921.0	306.83	339.79
PTHR11101	8310.71	8149.16	1592.99	424.37	469.95
PTHR11102	1831.0	1750.22	12.0	7.55	8.37
PTHR11106	6167.94	5965.99	92.0	35.79	39.64
PTHR31585	6253.72	6132.54	52.0	17.32	19.19
PTHR32125	2704.0	2623.22	37.0	17.83	19.75
PTHR31588	1610.0	1569.61	12.0	4.75	5.26
PTHR32120	307.0	266.65	0.0	0.0	0.0
PTHR10288	10633.32	10471.76	475.35	101.18	112.03
PTHR15680	3208.0	3127.22	88.0	50.16	55.55
PTHR10281	7621.89	7460.33	201.0	59.56	65.95
PTHR24347	20054.04	19609.75	472.86	131.79	145.94
PTHR18895	3185.0	3023.44	8.0	6.75	7.48
PTHR12486	2945.27	2864.48	15.0	8.83	9.79
PTHR21262	10590.8	10429.23	836.0	133.39	147.71
PTHR12480	5628.31	5426.36	16.0	8.08	8.95
PTHR12482	3107.0	2945.44	6.0	4.92	5.44
PTHR12317	8397.11	8154.77	49.0	21.07	23.34
PTHR12649	2815.92	2775.52	45.0	10.05	11.13
PTHR12461	3773.41	3611.89	14.0	16.19	17.93
PTHR12466	1362.0	1240.83	7.0	9.84	10.9
PTHR21419	1609.0	1568.61	8.0	3.17	3.51
PTHR22854	2281.0	2200.22	18.0	8.59	9.51
PTHR26312	3118.0	2916.06	11.0	9.74	10.79
PTHR12000	3559.0	3437.83	21.0	9.56	10.59
PTHR21327	1833.0	1792.61	5.0	1.73	1.92
PTHR21631	11680.16	11478.21	3671.81	637.79	706.3
PTHR22855	1839.0	1798.61	22.0	7.6	8.41
PTHR22850	7429.56	7106.44	146.0	55.42	61.39
PTHR22504	1192.0	1151.61	23.0	12.43	13.77
PTHR12189	1120.84	1080.44	20.0	11.53	12.77
PTHR21256	4181.5	4141.11	59.0	8.83	9.78
PTHR12266	8754.55	8633.36	150.0	28.85	31.96
PTHR10648	5248.0	5207.61	263.0	31.28	34.64
PTHR30178	2677.0	2596.22	626.0	179.08	198.31
PTHR10641	28329.23	27359.88	415.0	152.11	168.42
PTHR19842	1161.0	1120.61	14.0	7.78	8.62
PTHR10644	10184.0	9860.89	111.0	24.17	26.77
PTHR12864	5094.55	4933.0	100.0	47.01	52.06
PTHR12860	1645.0	1604.61	7.0	2.71	3.0
PTHR13194	3070.0	3029.61	72.0	14.73	16.32
PTHR13190	4512.0	4431.22	19.0	5.83	6.46
PTHR13193	504.0	463.61	5.0	6.78	7.51
PTHR11913	3354.0	3313.61	36.0	6.73	7.46
PTHR11911	2831.0	2790.61	53.0	11.78	13.04
PTHR11910	2759.0	2678.22	799.17	376.79	417.26
PTHR11918	7814.0	7652.44	77.0	21.57	23.89
PTHR12919	3275.64	3194.85	197.0	75.85	83.99
PTHR13271	31995.87	31066.94	559.0	163.82	181.38
PTHR12910	2791.0	2710.22	90.0	36.39	40.3
PTHR12917	1285.0	1244.61	35.0	17.5	19.38
PTHR11351	4913.0	4832.22	427.94	77.6	85.94
PTHR11353	18787.81	18222.34	1780.18	567.42	628.34
PTHR11599	16191.3	15706.62	707.86	330.05	365.5
PTHR10516	29995.45	29187.64	1297.0	569.32	630.46
PTHR11592	4194.0	4072.83	83.0	36.93	40.9
PTHR11659	2215.0	2174.61	20.0	5.71	6.32
PTHR13273	1637.98	1597.59	119.0	46.29	51.26
PTHR31096	1769.0	1688.22	3.0	2.22	2.46
PTHR13734	3108.74	2947.18	90.0	48.11	53.28
PTHR31620	7769.0	7647.83	1123.0	234.26	259.41
PTHR23315	14214.18	13850.68	225.9	55.2	61.15
PTHR23316	3378.05	3256.88	41.0	23.55	26.07
PTHR11778	4446.0	4365.22	363.0	81.05	89.75
PTHR11777	5840.0	5638.09	74.93	22.64	25.07
PTHR11774	2920.4	2799.25	26.0	14.67	16.24
PTHR11773	5132.0	5091.61	79.0	9.61	10.64
PTHR11772	8047.49	7885.92	933.0	362.89	401.87
PTHR10357	22335.48	21931.57	522.58	108.97	120.68
PTHR10353	890.6	850.21	19.0	13.95	15.44
PTHR10350	2512.0	2350.45	3.0	2.21	2.45
PTHR10351	7480.69	7278.73	1239.86	423.23	468.69
PTHR10359	2709.67	2588.55	21.0	12.71	14.07
PTHR32442	1233.0	1192.61	1.0	0.52	0.58
PTHR31750	1158.0	1117.61	1.0	0.56	0.62
PTHR14189	2261.82	2221.42	45.0	12.57	13.92
PTHR21021	569.0	528.61	5.0	5.93	6.57
PTHR32228	1305.0	1224.22	6.0	6.15	6.81
PTHR31245	1969.0	1928.61	46.0	14.81	16.4
PTHR23001	4121.0	4040.22	445.0	128.32	142.1
PTHR23002	1464.0	1423.61	2.0	0.87	0.97
PTHR11177	4961.79	4840.61	43.0	14.84	16.44
PTHR10445	1550.0	1509.61	32.0	13.18	14.59
PTHR11178	3255.0	3174.22	89.0	30.31	33.57
PTHR14456	1055.5	1015.11	0.0	0.0	0.0
PTHR31808	2608.0	2567.61	326.0	78.76	87.22
PTHR31803	2691.0	2650.61	275.0	64.35	71.26
PTHR11009	1020.0	979.61	3.0	1.91	2.11
PTHR30075	4293.0	4252.61	24.0	3.5	3.87
PTHR10099	5398.0	5357.61	150.17	17.36	19.22
PTHR19229	14170.65	13403.49	124.0	59.59	66.0
PTHR20961	15799.3	15516.55	185.99	41.14	45.56
PTHR11005	3708.0	3546.44	16.0	10.9	12.07
PTHR11006	9591.0	9308.31	122.0	30.04	33.26
PTHR18640	9437.0	9235.05	134.0	39.27	43.5
PTHR18866	18589.92	18347.61	592.0	79.83	88.4
PTHR15074	646.5	565.88	0.0	0.0	0.0
PTHR15588	2386.0	2305.22	41.0	20.85	23.09
PTHR12677	5279.0	5157.83	83.0	29.09	32.22
PTHR19134	3968.45	3887.67	106.99	23.93	26.5
PTHR19139	2247.0	2206.61	33.0	9.28	10.28
PTHR12459	1293.0	1252.61	2.0	0.99	1.1
PTHR12456	431.0	390.61	0.0	0.0	0.0
PTHR12452	1575.22	1534.82	23.0	9.31	10.31
PTHR19359	568.0	527.61	5.0	5.95	6.58
PTHR12072	3732.0	3570.5	32.0	18.33	20.3
PTHR13218	1141.0	1100.61	21.0	11.88	13.16
PTHR13215	2600.27	2519.48	66.0	24.95	27.63
PTHR13213	670.0	629.61	4.0	3.98	4.4
PTHR10809	2933.0	2892.61	77.0	16.51	18.28
PTHR12290	3799.82	3678.66	19.0	7.08	7.84
PTHR21530	1975.0	1894.22	17.0	10.69	11.85
PTHR12295	6300.41	6138.85	63.0	28.9	32.0
PTHR12298	7405.63	7163.28	92.0	38.89	43.07
PTHR10638	2221.0	2140.22	11.0	5.75	6.35
PTHR10634	3257.0	3216.61	505.19	97.36	107.82
PTHR10631	2964.0	2802.52	17.0	13.11	14.52
PTHR10984	6017.0	5895.83	106.0	31.19	34.55
PTHR12858	2945.38	2783.82	13.0	10.73	11.88
PTHR13505	1023.0	982.61	4.0	2.54	2.81
PTHR12850	428.0	387.61	955.0	1553.06	1719.87
PTHR12856	317.0	276.64	0.0	0.0	0.0
PTHR12855	964.0	923.61	25.0	16.88	18.69
PTHR12854	4527.07	4486.67	116.0	16.02	17.74
PTHR13182	2000.0	1959.61	68.0	21.55	23.86
PTHR10182	2288.0	2247.61	125.0	34.51	38.22
PTHR10585	1581.0	1540.61	37.0	14.93	16.53
PTHR10743	1227.0	1186.61	12.0	6.3	6.97
PTHR10742	17103.12	16578.1	460.89	95.94	106.22
PTHR10745	1203.58	1163.19	62.0	33.18	36.74
PTHR10744	943.0	862.23	1580.0	1837.12	2034.44
PTHR10746	5200.0	5119.22	243.0	48.63	53.86
PTHR12924	1379.0	1338.61	31.0	14.41	15.95
PTHR11349	4668.0	4466.05	1104.0	647.49	717.04
PTHR10566	29040.38	28272.97	477.27	106.6	118.04
PTHR11588	8817.6	8534.85	6101.55	2183.43	2417.94
PTHR10291	972.0	931.61	9.0	6.02	6.67
PTHR11584	14936.45	14492.15	253.0	70.78	78.37
PTHR11586	6612.77	6451.22	62.04	24.01	26.58
PTHR11909	6417.11	6336.33	657.0	113.28	125.44
PTHR23429	5023.0	4942.22	90.99	23.07	25.54
PTHR24320	6884.33	6601.62	22.0	10.99	12.18
PTHR24322	11782.0	11337.71	137.0	75.57	83.67
PTHR11907	2861.91	2781.13	60.0	22.61	25.04
PTHR11760	1746.0	1665.22	1724.0	1366.86	1513.67
PTHR11761	2052.0	1971.22	2660.0	3324.28	3681.33
PTHR11766	1688.0	1647.61	9.0	3.39	3.76
PTHR11767	3300.0	3178.84	21.0	11.04	12.23
PTHR10361	2304.0	2223.22	14.0	6.7	7.42
PTHR10366	32209.49	31482.48	771.35	179.12	198.39
PTHR10169	7355.87	7153.9	69.93	23.87	26.43
PTHR20973	2827.81	2787.41	49.0	10.9	12.07
PTHR10165	2250.0	2169.22	20.0	10.91	12.08
PTHR31032	3545.0	3504.61	145.2	25.68	28.44
PTHR23257	264140.14	256143.53	4045.13	1307.92	1448.42
PTHR23253	10770.0	10648.83	286.0	39.97	44.27
PTHR14190	2865.0	2743.83	20.0	14.51	16.07
PTHR14155	7557.12	7355.19	155.97	57.58	63.76
PTHR14194	5204.0	5082.83	17.0	5.55	6.14
PTHR31251	31180.93	30251.95	850.0	207.62	229.91
PTHR23074	10334.95	9890.66	3013.63	803.2	889.48
PTHR23077	7175.49	6731.25	40.0	42.49	47.05
PTHR23076	32995.28	32227.91	1231.18	214.01	237.0
PTHR12561	1744.0	1663.22	13.0	8.41	9.31
PTHR23073	4862.0	4740.83	113.01	45.55	50.45
PTHR10293	5318.43	5197.26	357.99	124.76	138.16
PTHR23078	5025.0	4984.61	105.0	13.05	14.45
PTHR11165	1707.0	1666.61	218.0	81.27	90.0
PTHR10772	3132.0	3051.22	102.0	40.17	44.47
PTHR32100	2950.49	2869.7	36.0	15.93	17.64
PTHR14534	1417.0	1376.61	20.0	9.04	10.01
PTHR14445	5995.0	5914.22	102.0	21.5	23.81
PTHR31811	925.0	884.61	4.0	2.82	3.12
PTHR23102	3430.0	3349.22	148.94	36.01	39.87
PTHR23105	4601.84	4359.58	480.0	582.31	644.87
PTHR11010	3314.44	3233.65	10.0	3.85	4.26
PTHR11014	7423.31	7180.97	66.0	24.54	27.17
PTHR12668	3488.64	3407.86	221.0	64.77	71.71
PTHR12661	1278.0	1197.23	5.0	4.83	5.35
PTHR12663	336.0	295.63	1.0	2.14	2.37
PTHR12664	1801.0	1760.61	44.0	15.52	17.19
PTHR16166	7454.18	7211.85	186.0	38.88	43.06
PTHR12111	4858.16	4777.38	62.0	15.23	16.88
PTHR12447	3093.0	2931.45	8.0	7.12	7.89
PTHR15481	784.0	743.61	21.0	17.65	19.54
PTHR26379	11523.0	11159.53	122.0	55.82	61.81
PTHR12599	3907.58	3826.8	111.0	32.21	35.67
PTHR12596	4938.0	4897.61	22.0	2.78	3.08
PTHR12590	1574.0	1533.61	6.0	2.43	2.69
PTHR12066	396.0	355.61	0.0	0.0	0.0
PTHR12064	5191.0	5069.83	77.99	28.55	31.62
PTHR13226	4869.0	4747.83	30.0	8.45	9.36
PTHR13889	4583.0	4381.05	121.0	44.72	49.53
PTHR13887	3999.5	3878.35	175.0	35.38	39.18
PTHR21181	1125.56	1085.16	41.0	23.53	26.06
PTHR12413	482.0	441.61	0.0	0.0	0.0
PTHR13948	469.0	428.61	3.0	4.4	4.88
PTHR12146	939.0	898.61	1414.93	982.15	1087.64
PTHR11453	822.0	741.25	0.0	0.0	0.0
PTHR19306	6915.91	6754.35	110.0	36.35	40.27
PTHR21506	1459.98	1419.58	34.0	14.89	16.49
PTHR12280	5247.0	5045.05	28.0	15.15	16.78
PTHR12281	5133.55	5052.77	128.0	29.72	32.91
PTHR12286	2278.0	2237.61	16.0	4.44	4.91
PTHR12415	1029.21	988.82	8.0	5.04	5.58
PTHR30573	2486.0	2445.61	13.0	3.3	3.65
PTHR22983	5506.99	5385.82	100.0	23.85	26.41
PTHR22981	16860.0	16698.44	211.0	34.06	37.72
PTHR11024	3096.0	3015.22	43.0	17.71	19.62
PTHR13082	834.0	793.61	11.0	8.66	9.58
PTHR10629	8547.13	8183.67	43.0	20.84	23.09
PTHR10994	23378.18	22893.49	340.0	102.58	113.6
PTHR10996	11346.54	11104.2	168.0	55.63	61.61
PTHR10625	23510.66	22662.46	288.0	114.16	126.4
PTHR10992	27205.97	26034.66	296.0	172.06	190.52
PTHR10993	4559.66	4438.53	35.99	17.24	19.09
PTHR12848	4064.26	3983.47	75.0	28.73	31.82
PTHR12849	1609.0	1528.22	8.0	5.44	6.01
PTHR21712	4262.0	4221.61	46.0	6.75	7.48
PTHR12847	3996.0	3874.83	42.0	15.61	17.29
PTHR21290	2153.0	2112.61	6.0	1.76	1.95
PTHR21349	2877.06	2796.28	175.0	67.66	74.93
PTHR21347	1882.0	1841.61	16.0	5.4	5.98
PTHR19861	393.0	352.61	2.0	3.58	3.97
PTHR21343	537.0	496.61	1.0	1.26	1.4
PTHR10196	4534.17	4332.22	23.0	10.87	12.04
PTHR10192	4287.33	4206.55	43.0	12.65	14.01
PTHR10751	4078.5	3957.32	43.0	17.36	19.21
PTHR16301	1784.0	1662.83	4.0	4.42	4.89
PTHR10755	1910.0	1869.61	141.05	46.85	51.88
PTHR10758	1466.0	1425.61	3.0	1.31	1.45
PTHR13152	1170.0	1089.22	3.0	3.19	3.54
PTHR12932	8477.0	8315.44	809.89	239.38	265.08
PTHR12934	2807.0	2726.22	169.0	97.69	108.18
PTHR13265	2489.98	2409.24	67.0	35.08	38.84
PTHR11800	4054.0	3973.22	72.0	19.05	21.1
PTHR11802	3636.0	3474.45	32.0	20.11	22.27
PTHR11804	6547.97	6265.25	75.0	27.62	30.59
PTHR11807	3241.0	3160.22	40.0	8.85	9.8
PTHR11374	4067.17	3945.99	168.0	77.97	86.34
PTHR11808	8349.79	8228.62	212.0	47.96	53.11
PTHR10283	22806.85	22443.34	642.83	148.38	164.31
PTHR10285	6365.33	6163.38	54.0	26.12	28.93
PTHR10286	1481.0	1440.61	111.0	47.91	53.05
PTHR11579	3004.0	2882.83	28.0	17.86	19.78
PTHR13718	6961.26	6799.71	2475.39	1483.7	1643.07
PTHR13711	12668.18	12385.45	764.01	264.4	292.83
PTHR13710	6468.96	6226.61	19.0	10.19	11.28
PTHR11977	2419.0	2338.22	5.0	4.27	4.73
PTHR11972	4958.0	4836.83	24.0	9.09	10.05
PTHR31480	1318.0	1277.61	15.0	7.31	8.09
PTHR31485	2357.0	2316.61	23.0	6.16	6.82
PTHR11715	1682.0	1641.61	143.06	54.15	59.97
PTHR11717	1233.0	1192.61	2.0	1.04	1.16
PTHR11711	13838.07	13474.55	579.85	186.75	206.81
PTHR11712	5702.0	5500.05	103.0	32.8	36.31
PTHR10374	4920.0	4798.82	420.0	105.79	117.15
PTHR10178	42057.47	41249.73	3373.43	565.72	626.48
PTHR11482	4308.12	4227.34	188.8	43.59	48.27
PTHR10173	5740.0	5578.44	167.0	73.03	80.87
PTHR10177	21622.86	21218.95	943.0	186.38	206.4
PTHR10174	12441.78	12159.05	270.68	89.63	99.25
PTHR23249	2725.12	2644.34	49.0	24.33	26.94
PTHR23244	27005.26	26116.68	166.0	82.68	91.58
PTHR23245	4863.0	4701.46	65.0	24.38	27.01
PTHR23240	3941.0	3860.22	62.0	13.64	15.11
PTHR14614	4511.57	4309.66	28.0	19.38	21.45
PTHR31268	3097.0	2975.83	33.0	20.4	22.59
PTHR31262	3735.22	3573.67	9204.94	3869.42	4285.03
PTHR23063	11961.86	11719.51	225.0	61.27	67.85
PTHR11620	579.0	538.61	951.0	1107.36	1226.3
PTHR11624	10563.0	10401.44	552.32	112.72	124.84
PTHR11627	4124.61	4003.44	1072.25	422.43	467.81
PTHR11390	5458.57	5256.62	27.0	12.4	13.74
PTHR31319	4711.65	4630.87	633.0	146.36	162.08
PTHR14052	1147.0	1106.61	10.0	5.63	6.23
PTHR32118	2737.0	2696.61	66.0	15.18	16.81
PTHR23117	6523.0	6401.83	38.0	11.02	12.21
PTHR23115	51007.0	49876.08	3102.93	716.17	793.11
PTHR11028	1789.0	1748.61	83.0	29.49	32.65
PTHR14140	1803.0	1722.22	10.0	7.22	7.99
PTHR12616	3764.73	3643.55	21.0	9.4	10.41
PTHR12613	2093.0	2052.61	23.0	6.96	7.7
PTHR12612	1084.0	1043.61	211.0	125.97	139.5
PTHR32060	2903.43	2782.26	20.0	11.29	12.49
PTHR12124	2941.0	2698.68	3.0	3.38	3.75
PTHR22734	1281.53	1241.13	18.0	9.02	9.99
PTHR12121	12846.0	12482.49	85.0	24.24	26.84
PTHR12438	6650.0	6528.83	96.0	15.89	17.6
PTHR15492	631.0	590.61	1.0	1.06	1.17
PTHR21426	1014.0	933.25	3.0	2.86	3.17
PTHR21427	991.81	951.42	263.0	172.34	190.85
PTHR13161	1246.0	1205.61	9.0	4.65	5.15
PTHR19372	1889.0	1848.61	29.0	9.74	10.79
PTHR19370	8730.36	8488.01	425.0	172.33	190.86
PTHR19375	21779.3	21092.67	8163.98	1337.4	1481.07
PTHR12725	5417.0	5295.83	154.0	36.35	40.25
PTHR13890	7891.11	7527.58	178.41	66.39	73.52
PTHR22884	22485.0	22081.1	253.0	43.01	47.62
PTHR12542	5263.0	5182.22	103.0	23.2	25.7
PTHR12547	1088.0	1007.22	4.0	3.86	4.28
PTHR12436	6817.0	6736.21	392.03	85.22	94.37
PTHR10114	432.0	391.61	1543.0	2483.21	2749.93
PTHR21512	1355.0	1233.87	0.0	0.0	0.0
PTHR30508	1971.62	1931.22	14.0	4.5	4.98
PTHR30502	529.2	488.81	7.0	8.99	9.96
PTHR10961	1136.0	1055.22	1.0	0.92	1.02
PTHR10617	7469.0	7347.83	526.51	128.68	142.49
PTHR10615	8498.0	8336.44	201.0	39.74	44.0
PTHR13527	965.0	924.61	8.0	5.4	5.98
PTHR22958	2775.0	2734.61	673.0	152.63	169.02
PTHR22951	3836.0	3755.22	63.0	17.35	19.22
PTHR22950	6723.0	6480.68	57.0	22.09	24.48
PTHR22953	4964.12	4883.34	1782.85	476.68	527.88
PTHR22952	5921.43	5759.87	241.0	83.77	92.78
PTHR22957	21290.31	20765.25	599.0	189.12	209.44
PTHR21600	3627.0	3546.22	26.0	9.63	10.68
PTHR24056	18588.3	17942.12	172.0	65.38	72.4
PTHR24054	3020.0	2979.61	157.0	32.67	36.18
PTHR24055	33187.18	32621.7	735.18	156.74	173.59
PTHR24058	14546.93	14304.58	368.0	63.39	70.19
PTHR10766	7412.19	7291.01	545.32	136.63	151.31
PTHR10762	758.0	717.61	1.0	0.87	0.96
PTHR12945	1381.0	1300.22	8.0	7.45	8.25
PTHR12944	1645.19	1604.79	121.0	46.85	51.89
PTHR24128	13115.38	12832.65	221.0	44.38	49.13
PTHR13096	945.0	904.61	10.0	6.89	7.64
PTHR11364	1538.29	1457.5	34.0	25.96	28.76
PTHR11365	3593.24	3512.45	34.0	12.62	13.99
PTHR10548	4128.84	4007.66	235.0	89.26	98.85
PTHR11361	9328.41	8803.39	43.0	34.65	38.36
PTHR11814	8057.67	7936.49	276.98	53.98	59.79
PTHR10543	4661.63	4459.67	22.0	14.91	16.51
PTHR10540	3404.0	3282.83	93.0	50.84	56.29
PTHR12965	1882.0	1801.23	5.0	3.74	4.14
PTHR10544	926.0	845.23	2783.23	3347.91	3707.5
PTHR11562	4132.0	4010.83	17.0	7.32	8.11
PTHR11566	8310.12	8067.77	145.0	45.46	50.36
PTHR11567	5281.9	5120.34	73.0	31.94	35.37
PTHR11564	7686.91	7525.35	190.0	47.11	52.18
PTHR11962	2617.0	2495.83	10.0	8.52	9.44
PTHR11963	4108.0	4027.22	42.0	13.88	15.37
PTHR24315	937.0	896.61	27.0	18.78	20.8
PTHR19376	13898.4	13696.45	265.0	54.42	60.26
PTHR10381	14660.5	14377.77	431.1	112.17	124.22
PTHR10383	1844.03	1803.63	88.0	30.3	33.56
PTHR11705	3371.0	3290.22	78.0	27.99	30.99
PTHR11702	8838.0	8555.29	100.0	50.39	55.8
PTHR11700	1288.83	1208.06	1606.0	2132.25	2361.27
PTHR10388	1275.0	1234.61	350.0	176.42	195.37
PTHR11934	1406.0	1365.61	93.0	42.36	46.91
PTHR10145	4816.0	4735.22	45.0	13.07	14.47
PTHR23273	4979.0	4817.44	30.18	15.36	17.03
PTHR23163	2566.76	2526.37	33.0	8.1	8.97
PTHR23050	26332.31	25645.69	2111.94	812.56	899.85
PTHR23056	3350.0	3309.61	62.0	11.61	12.86
PTHR23054	964.0	883.22	2.0	2.91	3.22
PTHR11638	15985.24	15621.73	1259.42	281.12	311.32
PTHR11632	5886.0	5764.83	207.0	40.91	45.3
PTHR23293	4910.0	4748.44	146.0	43.4	48.06
PTHR11140	8052.0	8011.61	924.1	71.4	79.07
PTHR11141	6405.0	6324.22	60.0	11.47	12.7
PTHR11142	5756.98	5393.49	7.0	5.92	6.56
PTHR11380	1647.0	1606.61	4.0	1.55	1.71
PTHR11384	6282.45	6161.27	79.0	21.29	23.58
PTHR32477	3910.0	3788.83	13.0	5.65	6.26
PTHR14043	3297.0	3095.05	8.0	7.27	8.04
PTHR32472	1796.0	1755.61	4.0	1.42	1.57
PTHR31658	1720.0	1598.83	6.0	8.78	9.73
PTHR14269	9079.66	8877.71	206.0	40.53	44.9
PTHR22883	11681.87	11399.13	769.0	254.44	281.78
PTHR23125	38153.64	36861.19	276.0	132.2	146.39
PTHR12050	2205.0	2164.61	114.0	32.69	36.2
PTHR11035	996.0	955.61	12.0	7.83	8.67
PTHR22880	16876.14	16512.63	635.0	188.12	208.32
PTHR14136	4137.0	3975.44	130.0	70.74	78.34
PTHR23338	3373.0	3292.22	148.0	51.33	56.85
PTHR12608	3638.0	3557.22	57.0	20.73	22.95
PTHR12604	2753.0	2591.44	5.0	5.85	6.48
PTHR12603	3288.0	3247.61	159.0	30.35	33.61
PTHR32091	1284.0	1243.61	17.0	8.51	9.42
PTHR19853	1885.0	1804.23	7.0	5.92	6.56
PTHR32098	2546.0	2465.22	4.0	2.4	2.66
PTHR18763	2210.43	2170.03	25.0	7.15	7.92
PTHR22726	1336.0	1295.61	16.0	7.68	8.51
PTHR22727	2522.0	2481.61	178.0	44.5	49.28
PTHR12428	5813.83	5652.26	195.0	64.9	71.87
PTHR18968	7384.88	7182.96	1084.2	228.38	252.9
PTHR12730	1723.0	1642.22	6.0	4.89	5.41
PTHR12736	1627.0	1586.61	8.0	3.13	3.47
PTHR12735	2866.0	2785.22	68.0	25.95	28.75
PTHR15020	5809.0	5647.44	47.0	10.29	11.39
PTHR12049	3750.0	3588.44	25.83	15.0	16.6
PTHR12558	4645.0	4443.05	21.0	12.35	13.67
PTHR12553	5325.08	5082.73	38.0	27.2	30.12
PTHR24072	1174.32	1133.94	11.0	6.04	6.69
PTHR24073	13332.56	12969.04	347.34	141.35	156.52
PTHR21569	2697.0	2616.22	1519.98	737.05	816.22
PTHR10491	849.0	808.61	5.0	3.86	4.28
PTHR21567	6957.75	6836.58	139.0	38.32	42.44
PTHR13950	786.0	745.61	0.0	0.0	0.0
PTHR12133	1559.0	1518.61	12.0	4.91	5.44
PTHR10972	1703.0	1662.61	21.0	7.85	8.69
PTHR21704	4443.0	4200.66	4.0	2.15	2.38
PTHR10606	4660.85	4539.68	91.0	28.88	31.98
PTHR10971	5454.0	5292.44	102.0	34.75	38.49
PTHR22942	6659.95	6458.0	216.0	67.32	74.55
PTHR13395	1755.0	1714.61	11.0	3.99	4.41
PTHR22891	4386.12	4224.59	131.67	27.56	30.52
PTHR21368	3518.53	3437.74	148.0	54.02	59.82
PTHR10778	6912.99	6791.81	160.0	42.11	46.64
PTHR24064	10336.35	10093.99	638.0	145.27	160.88
PTHR24063	7078.0	6876.08	90.0	39.26	43.47
PTHR21011	1755.0	1714.61	106.0	38.41	42.53
PTHR25040	12382.0	12099.27	305.0	82.24	91.08
PTHR10774	38737.6	37808.63	856.0	318.77	352.98
PTHR24068	3728.0	3647.22	472.0	175.39	194.23
PTHR12959	1819.31	1778.92	32.0	11.17	12.37
PTHR24115	61270.74	59291.69	1249.0	419.36	464.39
PTHR11825	5541.0	5460.22	65.0	9.21	10.2
PTHR11822	2614.91	2574.51	411.0	99.03	109.66
PTHR10555	10086.66	9925.09	485.0	89.21	98.78
PTHR10806	1066.0	1025.61	34.0	20.66	22.88
PTHR10804	12395.17	12112.43	188.0	63.14	69.93
PTHR11556	6293.0	6171.83	250.15	89.81	99.46
PTHR11558	3036.0	2955.22	28.0	9.89	10.95
PTHR13773	2137.13	2096.74	157.0	46.48	51.47
PTHR20275	5270.0	5108.45	105.0	30.48	33.76
PTHR11953	2620.0	2539.22	45.0	23.95	26.52
PTHR11952	3919.8	3798.73	28.38	15.51	17.18
PTHR11956	2090.0	2009.22	15.0	9.87	10.93
PTHR11959	2576.0	2535.61	108.15	26.46	29.3
PTHR11739	3971.0	3890.22	250.01	75.66	83.79
PTHR11732	24834.12	24107.12	449.0	130.61	144.63
PTHR11731	7393.56	7110.83	35.0	18.2	20.12
PTHR11730	13017.81	12735.07	788.0	174.01	192.67
PTHR11735	2375.0	2213.46	6.0	3.83	4.24
PTHR10394	731.0	690.61	2817.0	2550.64	2824.6
PTHR20941	2719.0	2638.22	22.99	7.65	8.47
PTHR10150	2280.0	2199.22	25.0	10.47	11.59
PTHR31065	6357.54	6236.35	120.0	28.65	31.72
PTHR10159	9400.73	9077.63	142.0	47.76	52.88
PTHR31066	1881.0	1800.22	55.0	25.62	28.37
PTHR13604	649.0	608.61	1.0	1.03	1.14
PTHR23264	1340.0	1299.61	2.0	0.96	1.06
PTHR23269	1756.0	1715.61	5.0	1.81	2.01
PTHR31204	1427.0	1386.61	19.0	8.52	9.44
PTHR31201	2821.0	2780.61	21.0	4.68	5.19
PTHR31209	1911.0	1830.22	6.0	4.34	4.8
PTHR11607	2658.0	2577.22	16.0	8.92	9.88
PTHR11606	4926.0	4845.22	417.0	101.47	112.36
PTHR11601	5120.0	4918.05	38.0	17.0	18.82
PTHR32467	5851.3	5568.6	46.0	20.12	22.28
PTHR14255	1160.0	1079.22	4.0	3.8	4.21
PTHR31840	2722.0	2681.61	69.08	15.98	17.69
PTHR23130	5609.52	5528.73	164.0	35.93	39.78
PTHR23133	1005.0	964.61	30.0	19.39	21.47
PTHR23135	4134.0	4093.61	73.0	11.05	12.24
PTHR23138	4295.0	4254.61	158.17	23.03	25.51
PTHR23139	13928.76	13565.26	246.0	84.6	93.69
PTHR31682	1766.89	1726.51	445.29	160.21	177.42
PTHR11040	4891.0	4769.83	27.0	10.7	11.84
PTHR11043	2482.33	2401.55	102.0	51.6	57.14
PTHR11042	4968.0	4766.05	26.0	9.85	10.91
PTHR11048	5644.83	5523.66	80.0	23.48	26.01
PTHR15818	1126.0	1045.24	11.0	11.83	13.1
PTHR12636	2737.0	2696.61	142.0	32.66	36.17
PTHR12126	2987.0	2906.22	190.0	74.13	82.1
PTHR14490	2977.0	2896.22	22.0	8.43	9.33
PTHR14493	13688.09	13486.14	1611.84	216.13	239.36
PTHR15651	1277.0	1196.22	7.0	8.05	8.92
PTHR12380	3628.67	3507.49	292.0	116.4	128.9
PTHR12385	5692.45	5571.27	462.86	118.03	130.71
PTHR12706	6920.0	6556.49	16.0	12.87	14.25
PTHR12709	1407.0	1366.61	24.0	10.92	12.1
PTHR19957	8111.42	7909.46	389.0	103.28	114.39
PTHR30239	1621.0	1580.61	20.0	7.86	8.71
PTHR12560	8051.35	7809.05	169.0	65.15	72.16
PTHR11203	9703.34	9501.38	133.0	32.93	36.47
PTHR12770	8201.53	7918.86	95.0	42.66	47.23
PTHR12097	4303.0	4222.22	170.65	43.08	47.71
PTHR11752	14729.49	14164.03	274.0	96.18	106.5
PTHR21576	2565.0	2403.47	7.0	5.97	6.61
PTHR24423	11410.97	11007.08	95.0	57.98	64.22
PTHR10046	3624.0	3502.83	47.93	24.34	26.96
PTHR12419	6293.35	6131.8	198.0	64.76	71.71
PTHR30525	2789.0	2748.61	69.54	15.69	17.37
PTHR12412	3443.86	3322.69	33.0	15.1	16.71
PTHR12411	21829.32	21263.88	2166.98	479.46	530.93
PTHR24420	23800.0	23113.42	206.0	54.36	60.2
PTHR10947	2225.0	2184.61	31.0	8.81	9.75
PTHR21717	1984.0	1943.61	41.0	13.1	14.5
PTHR10943	8494.57	8413.79	133.0	17.21	19.05
PTHR12897	1012.0	931.22	3.0	3.28	3.63
PTHR12894	4332.0	4210.85	243.0	50.29	55.69
PTHR12891	339.0	298.63	0.0	0.0	0.0
PTHR22976	4648.0	4486.44	13.0	7.2	7.97
PTHR22975	4363.0	4241.83	49.0	23.39	25.89
PTHR22970	843.0	802.61	5.0	3.89	4.31
PTHR20922	5429.87	5308.69	132.0	42.72	47.31
PTHR21377	1829.0	1748.22	46.0	35.1	38.87
PTHR21371	2616.0	2575.61	330.0	79.48	88.01
PTHR21373	2449.0	2287.45	2.0	1.61	1.78
PTHR22573	8829.0	8627.05	169.0	51.44	56.97
PTHR22572	16081.13	15717.62	648.99	172.99	191.58
PTHR30566	5618.91	5538.13	37.0	8.57	9.49
PTHR21000	2589.0	2548.61	75.0	18.25	20.22
PTHR10701	1849.0	1808.61	73.0	25.07	27.76
PTHR30031	3510.45	3429.66	1440.84	374.44	414.66
PTHR13162	9193.0	9071.83	217.0	44.31	49.07
PTHR13165	3697.69	3657.29	113.0	19.15	21.2
PTHR21396	738.0	697.61	29.0	25.99	28.78
PTHR13069	4102.45	3900.52	48.0	28.18	31.21
PTHR13068	554.33	513.94	21.0	25.64	28.39
PTHR24106	19017.08	18330.45	159.0	66.89	74.05
PTHR24103	3028.0	2906.86	21.0	8.62	9.55
PTHR11540	2431.0	2390.61	215.0	55.8	61.79
PTHR10836	7089.0	6846.67	2218.99	1074.62	1190.06
PTHR10835	1902.0	1861.61	5.0	1.67	1.85
PTHR11545	2364.0	2242.83	881.14	833.49	923.01
PTHR10012	2058.0	2017.61	32.0	9.85	10.9
PTHR13768	1175.0	1134.61	8.0	4.39	4.86
PTHR24078	11112.02	10627.34	57.0	32.17	35.63
PTHR11946	19286.31	18963.22	240.48	60.16	66.62
PTHR11947	1932.53	1851.74	31.0	16.18	17.92
PTHR11941	7193.19	7031.62	154.86	54.94	60.84
PTHR10497	567.0	526.61	1724.99	2055.0	2275.72
PTHR10496	528.0	487.61	1299.9	1674.24	1854.07
PTHR24076	15743.76	15218.69	262.0	93.97	104.05
PTHR24077	28287.39	27519.95	1115.0	362.8	401.76
PTHR11728	8029.0	7907.83	231.1	48.26	53.45
PTHR11726	2805.0	2724.23	3102.11	812.89	900.2
PTHR11727	1552.0	1511.61	5.0	2.06	2.28
PTHR11721	323.0	282.64	6.0	13.47	14.91
PTHR11722	776.0	735.61	1863.0	1582.62	1752.61
PTHR10120	3105.0	3024.22	48.0	20.5	22.71
PTHR10122	1333.0	1292.61	280.0	134.77	149.24
PTHR11451	8714.0	8471.66	127.0	38.48	42.62
PTHR11831	3496.0	3374.83	1485.33	1430.38	1584.02
PTHR11835	6271.0	6149.83	196.0	60.21	66.68
PTHR11614	9528.61	9286.27	685.98	234.93	260.16
PTHR11615	6539.0	6417.87	181.04	44.15	48.9
PTHR11618	2301.0	2260.61	11.0	3.02	3.34
PTHR32419	3566.75	3485.97	93.0	29.46	32.62
PTHR10231	1583.54	1543.14	23.0	9.26	10.26
PTHR10233	5012.0	4850.44	50.0	26.55	29.41
PTHR31503	6154.81	5993.24	130.0	48.1	53.27
PTHR23147	2863.78	2782.98	502.0	214.48	237.53
PTHR23140	2273.0	2192.22	9.0	4.23	4.69
PTHR23142	3072.25	2991.46	111.0	37.53	41.56
PTHR23149	7569.5	7488.71	95.0	10.7	11.84
PTHR23148	1061.26	1020.87	19.0	11.6	12.84
PTHR11817	5665.77	5584.98	264.11	74.24	82.22
PTHR11056	4765.0	4724.61	332.06	43.53	48.21
PTHR11055	6318.0	6196.83	341.0	102.02	112.98
PTHR11363	1441.0	1400.61	5205.88	2311.4	2559.66
PTHR32523	7581.0	7419.44	46.0	10.97	12.14
PTHR31695	1603.45	1563.06	42.0	16.7	18.49
PTHR11819	7709.16	7547.58	140.94	61.14	67.72
PTHR22765	3317.0	3276.61	14.0	2.65	2.93
PTHR12629	1696.0	1655.61	25.0	9.38	10.39
PTHR18945	3717.5	3596.33	20.0	9.92	10.99
PTHR26402	18385.0	17981.11	318.0	96.57	106.95
PTHR19384	7594.79	7352.45	165.0	58.08	64.31
PTHR12714	5980.69	5859.52	174.85	58.32	64.59
PTHR32251	4545.7	4464.92	63.0	17.85	19.77
PTHR12570	6996.34	6834.77	304.0	111.25	123.21
PTHR21494	1003.59	922.83	3.0	4.02	4.45
PTHR21145	1241.29	1200.89	10.0	5.18	5.74
PTHR21496	3416.1	3294.93	152.02	93.97	104.07
PTHR21493	24873.14	24146.14	285.07	77.88	86.24
PTHR21499	4282.97	4202.19	122.0	34.09	37.74
PTHR21148	1449.0	1368.22	4.0	4.74	5.25
PTHR12083	2275.0	2194.22	166.0	65.74	72.8
PTHR13355	2697.0	2616.22	28.0	9.26	10.25
PTHR30535	685.0	644.61	0.0	0.0	0.0
PTHR19852	2499.0	2458.61	39.0	9.84	10.9
PTHR12406	12682.13	12439.78	557.0	94.74	104.92
PTHR16128	2135.31	2014.14	44.0	35.32	39.1
PTHR12400	3052.0	3011.61	74.0	15.23	16.87
PTHR12403	2728.0	2647.22	156.0	65.43	72.46
PTHR13572	1377.85	1337.46	67.0	31.16	34.51
PTHR30314	4067.0	3986.22	59.0	17.93	19.85
PTHR12882	1887.0	1846.61	21.0	7.06	7.82
PTHR12883	1540.0	1499.61	7.0	2.9	3.21
PTHR16255	4040.0	3838.05	20.0	15.42	17.07
PTHR16254	6561.0	6399.44	42.0	21.04	23.3
PTHR22960	1799.0	1718.22	5.0	3.93	4.35
PTHR13373	1275.0	1194.22	7.0	7.0	7.75
PTHR22967	3909.53	3788.35	32.0	15.83	17.55
PTHR19858	1175.0	1134.61	8.0	4.39	4.86
PTHR30222	1348.0	1307.61	8.0	3.81	4.21
PTHR13115	1733.0	1692.61	9.0	3.3	3.66
PTHR13117	538.0	497.61	1.0	1.26	1.4
PTHR12975	3942.76	3740.82	19.0	12.53	13.88
PTHR13285	1702.41	1621.63	9.0	6.74	7.47
PTHR13288	3126.49	3045.7	47.0	19.41	21.48
PTHR10953	17524.89	17080.58	267.0	52.22	57.83
PTHR10954	533.0	492.61	0.0	0.0	0.0
PTHR21726	1892.0	1851.61	125.0	41.93	46.43
PTHR10956	900.0	819.22	1583.88	2303.74	2551.19
PTHR11538	2368.0	2327.61	26.86	7.16	7.93
PTHR10826	2397.0	2356.61	118.93	31.31	34.68
PTHR11533	7164.52	6881.8	40.7	22.0	24.35
PTHR11532	939.0	858.22	0.0	0.0	0.0
PTHR10000	1999.0	1918.22	10.0	6.51	7.2
PTHR13021	1348.74	1308.34	77.0	36.61	40.55
PTHR11706	2641.65	2560.87	15.0	7.68	8.51
PTHR24007	4071.1	3949.92	92.0	34.15	37.82
PTHR24003	24018.0	23250.7	248.09	65.74	72.8
PTHR31446	1925.89	1845.1	6.99	4.18	4.63
PTHR31442	2822.36	2781.97	119.98	26.75	29.62
PTHR11441	1002.0	961.61	6.0	3.89	4.31
PTHR11440	3338.0	3176.45	21.0	8.35	9.24
PTHR11999	10556.26	10435.09	996.02	136.68	151.35
PTHR11449	517.93	477.53	1530.1	2012.91	2229.11
PTHR11994	980.0	899.26	1892.39	1885.38	2087.89
PTHR10137	2422.0	2381.61	58.0	15.11	16.73
PTHR10133	3773.0	3530.67	15.0	13.36	14.79
PTHR13620	4997.99	4796.09	80.0	32.6	36.11
PTHR11847	390.0	349.61	1.0	1.81	2.0
PTHR11843	699.0	658.61	1363.99	1295.7	1434.86
PTHR11661	5484.6	5363.43	1830.0	1772.28	1962.63
PTHR11662	24442.61	23836.77	428.19	129.97	143.93
PTHR11669	7647.39	7485.82	215.0	62.19	68.86
PTHR11668	14887.0	14604.27	389.01	104.86	116.12
PTHR20856	7320.0	6996.9	25.0	15.63	17.31
PTHR20854	6997.12	6714.38	104.0	45.64	50.55
PTHR20855	3318.0	3237.22	10.0	3.71	4.11
PTHR20852	6526.78	6244.04	111073.59	71546.01	79230.68
PTHR32404	4619.04	4497.87	114.06	36.89	40.85
PTHR20858	1733.0	1571.47	2.0	3.39	3.75
PTHR30603	5894.0	5813.22	225.0	45.04	49.88
PTHR11709	3381.4	3341.0	185.0	34.32	38.01
PTHR14237	4883.92	4681.98	33.0	16.03	17.76
PTHR10738	1197.0	1116.22	3.0	3.3	3.66
PTHR11143	1041.0	1000.61	2001.48	1246.61	1380.51
PTHR23155	22023.81	21216.06	553.98	207.33	229.6
PTHR23153	6362.0	6119.66	150.0	52.68	58.35
PTHR23151	10733.85	10451.11	332.0	120.82	133.8
PTHR11063	5724.0	5602.83	42.0	15.33	16.98
PTHR11062	45294.48	44325.11	1855.63	413.75	458.18
PTHR11061	8756.0	8473.27	47.0	20.12	22.29
PTHR11065	5571.22	5490.43	280.0	86.19	95.45
PTHR11064	2836.0	2714.83	54.0	34.37	38.06
PTHR11260	12710.43	12427.69	275.02	94.22	104.34
PTHR11264	675.67	635.28	7.0	6.9	7.64
PTHR11266	12760.49	12477.75	475.0	143.04	158.38
PTHR31998	3479.0	3438.61	540.85	97.49	107.96
PTHR31221	2766.0	2725.61	78.0	17.75	19.65
PTHR15838	1064.0	983.22	6.0	7.58	8.4
PTHR32338	2168.0	2127.61	71.0	20.71	22.94
PTHR23270	4599.38	4276.31	28.0	24.45	27.08
PTHR31155	4289.0	4208.22	316.15	91.02	100.79
PTHR12363	3558.0	3315.66	10.0	11.16	12.36
PTHR18952	4619.0	4497.83	357.0	114.44	126.73
PTHR12765	1988.99	1867.82	17.0	15.14	16.77
PTHR12505	2087.0	2006.22	130.0	67.77	75.05
PTHR22603	3438.0	3316.84	26.0	9.14	10.12
PTHR22604	1442.31	1361.53	10.0	9.23	10.22
PTHR21481	2593.17	2512.39	27.0	13.3	14.73
PTHR22778	4856.0	4654.05	23.0	13.83	15.3
PTHR12169	2715.0	2513.09	6.0	6.42	7.11
PTHR19446	11658.26	11254.55	504.0	120.47	133.41
PTHR12219	1207.0	1166.61	13.0	6.94	7.68
PTHR13561	3017.46	2936.67	14.0	4.61	5.11
PTHR13563	1376.0	1295.22	6.0	5.52	6.11
PTHR12210	15092.69	14810.13	348.0	103.33	114.41
PTHR12215	1805.5	1724.72	5.99	4.99	5.53
PTHR12214	793.0	752.61	0.0	0.0	0.0
PTHR22915	12630.0	12266.49	236.0	82.14	90.98
PTHR22911	2794.0	2672.83	12.0	6.86	7.6
PTHR22912	15113.83	14831.1	398.0	100.05	110.81
PTHR12497	2124.0	2043.24	2.0	0.71	0.78
PTHR12183	4806.0	4684.86	66.0	19.79	21.91
PTHR19849	2531.69	2450.9	15.0	7.78	8.62
PTHR31783	654.0	613.61	3.0	3.06	3.39
PTHR22594	8301.05	8139.48	151.0	42.52	47.09
PTHR21152	5916.0	5835.22	554.0	120.26	133.18
PTHR23291	833.0	792.61	67.0	52.79	58.45
PTHR13102	1440.0	1399.61	21.0	9.33	10.33
PTHR12984	3572.5	3411.0	14.0	9.69	10.73
PTHR12001	3768.0	3687.22	98.0	31.83	35.26
PTHR11630	16916.44	16472.15	166.0	61.93	68.56
PTHR12302	3984.0	3903.22	134.0	35.59	39.41
PTHR13299	1847.0	1806.61	62.0	21.32	23.6
PTHR12652	2087.38	2046.99	45.0	13.65	15.11
PTHR10925	2509.0	2347.46	4.67	4.38	4.85
PTHR21737	1815.5	1694.34	5.0	3.29	3.65
PTHR10920	5204.5	5002.54	65.0	41.15	45.56
PTHR10855	1581.0	1540.61	11.0	4.44	4.91
PTHR10584	22065.1	21540.02	375.0	103.85	115.0
PTHR11528	9310.78	9108.83	6298.91	1406.41	1557.46
PTHR11527	3361.3	3240.13	1199.11	533.63	590.94
PTHR11525	2845.0	2804.61	10.0	2.21	2.45
PTHR10859	3988.0	3907.22	28.0	8.86	9.81
PTHR10589	1752.0	1711.61	12.0	4.36	4.82
PTHR10588	26021.01	25294.02	341.0	110.13	121.96
PTHR13038	1606.0	1525.22	2.0	1.76	1.94
PTHR13748	11914.43	11672.08	297.0	67.35	74.59
PTHR13743	1858.0	1777.22	12.0	8.25	9.14
PTHR24015	21276.55	20791.86	349.0	99.13	109.79
PTHR24012	25162.0	24515.8	2793.0	961.17	1064.42
PTHR24011	33028.11	32301.12	1705.49	389.13	430.93
PTHR31187	2906.0	2865.61	639.0	138.28	153.13
PTHR10459	771.0	690.26	0.0	0.0	0.0
PTHR10458	1401.0	1360.61	6.0	2.74	3.04
PTHR10108	44497.46	43447.31	3178.0	482.97	534.85
PTHR11986	12009.54	11605.64	191.0	71.03	78.68
PTHR11455	6699.0	6416.31	44.0	14.39	15.93
PTHR10102	1361.98	1281.2	40.0	26.77	29.65
PTHR11458	1706.88	1666.49	107.0	39.89	44.18
PTHR10106	836.0	795.61	2.0	1.57	1.74
PTHR31057	1325.07	1244.3	9.0	5.97	6.61
PTHR21141	4296.0	4094.09	3897.29	4198.07	4649.0
PTHR11851	26183.29	25375.48	323.0	93.0	102.98
PTHR23092	3256.72	3095.15	50.0	30.73	34.03
PTHR23091	15828.73	15384.43	128.0	53.91	59.72
PTHR11673	1190.0	1149.61	873.0	472.8	523.59
PTHR11670	8999.79	8878.61	1149.93	238.76	264.41
PTHR11671	1262.0	1221.61	62.0	31.59	34.98
PTHR20863	4185.71	4064.54	370.0	165.46	183.23
PTHR20861	4371.0	4290.22	36.45	10.84	12.0
PTHR11679	9842.3	9680.75	189.0	54.69	60.57
PTHR14009	3892.55	3771.38	155.0	72.76	80.58
PTHR10217	23308.84	22501.11	119.0	48.83	54.08
PTHR14005	3923.0	3882.61	101.0	16.12	17.85
PTHR10210	1685.21	1644.82	18.0	6.8	7.53
PTHR31522	1865.0	1824.61	56.0	19.06	21.11
PTHR14221	2195.53	2114.74	35.0	18.85	20.88
PTHR11079	5102.0	4900.05	16.0	7.47	8.27
PTHR11076	7390.37	6946.25	205.01	85.8	95.02
PTHR11070	2208.0	2086.85	4.0	2.98	3.29
PTHR11071	27147.01	26137.32	473.02	194.49	215.4
PTHR11278	1788.0	1666.87	1453.41	871.79	965.43
PTHR11276	778.0	737.61	1.0	0.85	0.94
PTHR11274	2287.0	2206.22	26.28	13.83	15.31
PTHR31984	4792.67	4671.52	190.0	68.13	75.45
PTHR15350	2665.87	2585.08	56.0	27.41	30.35
PTHR15606	3863.77	3702.21	58.0	27.52	30.48
PTHR12374	2378.0	2337.61	23.0	6.11	6.76
PTHR12375	1224.93	1184.53	56.0	29.43	32.59
PTHR12378	6468.0	6306.44	109.0	36.79	40.76
PTHR18929	12737.0	12454.27	753.97	387.17	428.79
PTHR13976	7855.65	7734.46	437.45	103.69	114.83
PTHR12777	2395.73	2355.33	192.0	50.58	56.01
PTHR12775	5841.7	5760.91	114.0	24.68	27.33
PTHR16092	432.0	391.61	1.0	1.61	1.78
PTHR19211	20197.72	19632.28	40354.95	37473.91	41498.93
PTHR22298	1036.85	996.45	13.0	8.13	9.0
PTHR12174	3607.0	3526.22	22.0	9.27	10.27
PTHR12175	2351.38	2270.59	46.0	24.25	26.86
PTHR12176	6106.58	5945.01	81.0	36.35	40.25
PTHR22769	13206.02	12923.29	432.0	178.77	197.96
PTHR22767	794.83	754.56	11.0	9.1	10.08
PTHR22762	3781.0	3740.61	129.99	21.54	23.85
PTHR22763	560.0	519.61	11.0	13.28	14.71
PTHR22761	5371.9	5250.73	468.0	155.3	171.97
PTHR21231	2122.0	2081.61	138.0	41.15	45.57
PTHR21230	3346.93	3266.14	95.0	41.51	45.97
PTHR21234	2677.0	2555.83	9.0	6.67	7.39
PTHR21237	3448.0	3367.22	191.0	87.84	97.27
PTHR12202	1636.0	1514.87	3.0	2.23	2.47
PTHR12203	36172.82	35041.89	628.06	207.0	229.22
PTHR19857	718.78	678.55	9.0	8.29	9.18
PTHR22904	21276.49	20428.31	652.0	190.6	211.08
PTHR19855	2267.13	2226.74	13.0	3.62	4.01
PTHR13353	3912.07	3790.89	58.0	22.96	25.43
PTHR12197	12245.68	11761.03	175.0	70.28	77.82
PTHR11932	8088.0	7926.44	185.31	33.43	37.01
PTHR13822	1954.0	1913.61	185.0	60.03	66.48
PTHR13138	2187.0	2106.22	7.0	4.91	5.44
PTHR10732	1058.0	1017.61	1447.0	886.09	981.26
PTHR10739	1637.0	1596.61	31.0	12.07	13.36
PTHR12992	2868.72	2828.32	23.0	5.04	5.58
PTHR22838	2686.0	2564.83	31.0	20.79	23.03
PTHR22881	5397.02	5316.23	82.0	23.68	26.22
PTHR22836	1456.0	1415.61	6.0	2.64	2.92
PTHR10693	3635.0	3594.61	177.91	30.67	33.97
PTHR10938	1521.0	1440.22	20.0	18.31	20.28
PTHR13375	3968.88	3928.49	47.0	7.41	8.21
PTHR10934	1209.0	1128.22	869.0	774.37	857.54
PTHR11510	2895.0	2854.61	712.0	154.67	171.28
PTHR11516	6459.0	6297.44	133.33	40.02	44.32
PTHR10025	4038.87	3917.7	34.0	19.19	21.26
PTHR10026	12850.46	12648.51	675.0	111.85	123.87
PTHR10027	1389.0	1308.22	9.0	7.97	8.82
PTHR13009	3332.34	3211.17	49.0	26.45	29.29
PTHR13007	2571.0	2530.61	42.0	10.3	11.4
PTHR30115	2506.0	2425.22	39.0	15.41	17.07
PTHR10598	2156.27	2115.88	292.0	85.66	94.86
PTHR17901	1717.0	1676.61	6.0	2.22	2.46
PTHR24351	13660.0	13538.83	286.0	38.79	42.95
PTHR20981	1064.0	983.22	1316.3	1368.62	1515.61
PTHR20982	1959.0	1878.22	39.0	25.2	27.92
PTHR24352	8191.88	8070.7	227.0	46.9	51.93
PTHR11467	1867.97	1827.57	84.0	28.55	31.61
PTHR10119	9171.3	9050.11	354.0	77.83	86.19
PTHR10110	7001.0	6677.88	23.0	19.71	21.82
PTHR11469	3504.0	3463.61	203.0	36.33	40.23
PTHR11863	5462.0	5381.22	152.0	28.87	31.98
PTHR24286	9733.78	9491.43	163.0	46.95	51.99
PTHR11864	4602.0	4480.83	90.0	29.83	33.03
PTHR23426	4775.0	4613.44	245.14	113.17	125.33
PTHR10593	3206.48	3125.69	47.62	15.25	16.9
