GeneFamily	length	effective_length	expected_count	TPM	FPKM
PTHR11649	10610.78	10185.31	4718.5	273.44	243.01
PTHR31089	2072.0	2029.45	1043.93	30.23	26.86
PTHR31085	10684.07	10343.7	3900.87	183.83	163.37
PTHR11647	3372.02	3286.93	4238.13	153.88	136.76
PTHR11645	1758.0	1715.45	4175.67	143.13	127.21
PTHR11880	1740.0	1654.9	5353.15	390.65	347.18
PTHR11885	933.0	890.45	9327.97	618.37	549.57
PTHR10209	9431.22	9175.94	6192.56	183.39	163.0
PTHR32429	2829.65	2744.58	16185.77	714.28	634.82
PTHR31423	867.72	825.18	154.9	11.09	9.85
PTHR31551	608.02	565.47	57.0	5.98	5.31
PTHR32195	3591.57	3463.94	486.99	21.71	19.29
PTHR11081	2753.2	2583.05	582.06	31.25	27.78
PTHR11080	2421.49	2293.88	228.0	16.26	14.45
PTHR11082	4792.08	4579.44	864.07	53.93	47.94
PTHR11085	6783.69	6570.95	767.38	34.64	30.79
PTHR11089	9569.94	9144.56	3540.07	219.83	195.36
PTHR32518	4119.61	4077.06	2010.0	28.92	25.7
PTHR11247	3486.23	3358.58	796.0	34.43	30.6
PTHR11246	11198.67	10943.37	5004.26	144.34	128.28
PTHR32512	4942.89	4857.79	1222.0	33.39	29.67
PTHR23088	4871.2	4701.02	1573.56	82.57	73.39
PTHR23089	2075.0	1989.9	3972.14	230.19	204.58
PTHR23081	4018.63	3848.45	491.81	24.46	21.75
PTHR23083	39221.44	37987.76	23965.89	842.6	748.83
PTHR23084	3878.6	3793.66	875.0	23.08	20.51
PTHR23086	3096.36	2926.17	1770.77	144.98	128.84
PTHR18806	2824.54	2739.45	2080.59	90.85	80.74
PTHR31953	2784.36	2699.28	473.03	26.14	23.24
PTHR15184	6365.51	6195.31	29850.89	983.45	874.03
PTHR15341	1450.51	1407.96	620.0	25.92	23.03
PTHR32357	3460.71	3375.61	3563.07	123.53	109.79
PTHR12696	1619.55	1577.01	2184.89	81.49	72.43
PTHR12341	3537.96	3452.87	1987.39	70.03	62.23
PTHR15160	5169.77	5042.12	25935.74	789.42	701.6
PTHR18937	12623.17	12282.81	3066.37	86.62	76.99
PTHR18934	27018.02	25997.23	7394.47	347.86	309.16
PTHR12742	2052.0	2009.45	1510.16	44.16	39.25
PTHR12741	14465.02	14082.09	3995.87	141.27	125.55
PTHR19288	2523.49	2438.4	901.99	45.03	40.01
PTHR13903	3098.61	3013.51	3974.15	161.08	143.16
PTHR22753	5013.11	4842.97	589.93	27.61	24.55
PTHR30615	725.0	682.45	737.77	63.97	56.85
PTHR22939	18114.17	17646.14	11305.83	399.84	355.35
PTHR22938	1255.04	1169.98	262.77	28.16	25.03
PTHR30612	5393.55	5265.91	6362.03	157.47	139.96
PTHR22932	1057.0	1014.45	9137.55	531.19	472.09
PTHR22931	11868.81	11656.09	18129.35	333.53	296.42
PTHR12233	1203.31	1160.78	1366.27	69.34	61.63
PTHR22936	12519.43	12179.04	4780.72	143.73	127.74
PTHR31038	3682.01	3596.91	5451.3	130.86	116.31
PTHR13832	36270.4	35036.64	28137.2	1138.49	1011.79
PTHR21139	1255.91	1213.37	4593.01	222.98	198.17
PTHR21136	7900.57	7645.3	5396.98	270.12	240.07
PTHR12526	40793.46	39857.63	49942.1	1516.96	1348.2
PTHR13124	1218.0	1175.45	315.0	15.79	14.03
PTHR13120	578.21	535.67	726.98	80.52	71.56
PTHR22809	2483.47	2398.37	475.48	23.44	20.83
PTHR22807	8125.64	7870.41	2878.67	112.52	100.01
PTHR20661	1021.57	979.05	263.95	15.9	14.13
PTHR10900	5192.05	4936.78	4973.41	313.18	278.34
PTHR10906	4940.35	4812.7	4112.12	128.74	114.42
PTHR10909	15629.76	15289.38	16381.76	445.93	396.32
PTHR10055	3127.32	3042.23	694.39	26.79	23.81
PTHR10057	2635.1	2550.01	6762.25	319.78	284.2
PTHR10052	422.0	379.47	2760.41	433.75	385.5
PTHR13017	1658.88	1616.33	1046.69	38.09	33.85
PTHR10693	1898.0	1855.45	1188.0	37.64	33.45
PTHR10694	14371.49	14073.78	4920.29	88.61	78.75
PTHR12839	2846.71	2719.07	685.02	37.71	33.51
PTHR12835	1497.21	1454.66	468.99	18.97	16.86
PTHR24031	51709.33	49795.03	43064.51	1864.1	1656.73
PTHR24032	1577.0	1491.9	272.76	21.37	18.98
PTHR24349	148932.97	142552.47	75823.73	3339.12	2967.58
PTHR24619	5961.54	5706.26	3048.09	171.86	152.74
PTHR24343	7433.88	7136.13	8162.46	338.67	300.98
PTHR11472	3513.52	3343.38	336.77	24.72	21.97
PTHR24347	22021.84	21256.08	11657.11	532.89	473.6
PTHR11476	6199.87	6072.24	2203.21	66.24	58.88
PTHR11477	2624.01	2496.41	810.84	50.77	45.12
PTHR24305	3320.26	3150.11	309.95	19.33	17.19
PTHR10476	4597.92	4427.74	5235.4	289.29	257.11
PTHR24290	4066.21	3938.6	1269.0	52.85	46.97
PTHR23413	1112.49	1027.41	8886.98	831.98	739.41
PTHR23417	5711.01	5540.85	1399.03	78.56	69.82
PTHR23416	6918.58	6705.86	3182.13	146.4	130.1
PTHR23415	1247.3	1204.75	571.0	27.92	24.81
PTHR10871	2443.79	2273.7	8547.51	645.23	573.44
PTHR10877	7082.6	6997.54	5424.34	93.69	83.26
PTHR11879	5041.38	4871.2	39914.5	1705.61	1515.84
PTHR10430	2919.79	2792.23	12885.22	904.13	803.54
PTHR31096	5603.31	5433.11	5929.34	313.57	278.68
PTHR31098	5723.12	5552.93	17986.81	513.79	456.63
PTHR11655	2583.48	2455.85	12617.02	744.06	661.27
PTHR11652	738.0	695.45	8698.04	739.9	657.58
PTHR20883	1800.32	1715.25	4987.13	352.74	313.49
PTHR11895	978.06	935.51	98.0	6.18	5.49
PTHR10277	5199.82	5029.68	6449.01	304.35	270.5
PTHR14027	3394.04	3223.9	739.96	48.2	42.83
PTHR12320	5195.29	5025.2	5548.7	248.16	220.55
PTHR13691	1727.34	1642.25	10924.49	577.47	513.23
PTHR23180	14005.23	13452.08	4665.33	309.41	275.0
PTHR14593	2158.0	2030.37	237.05	19.12	17.0
PTHR11093	4027.5	3942.4	2320.38	60.78	54.02
PTHR11096	1409.0	1323.91	358.0	34.86	30.98
PTHR23346	13631.28	13333.46	103127.16	8071.87	7173.81
PTHR10309	1387.67	1345.14	663.9	29.05	25.82
PTHR14107	2113.53	2070.98	510.18	14.47	12.86
PTHR11252	6515.0	6429.9	1766.0	31.25	27.76
PTHR11254	13024.94	12642.08	5249.23	189.84	168.73
PTHR11255	4762.14	4634.5	2063.92	68.07	60.49
PTHR14110	3022.0	2894.35	4759.05	339.47	301.7
PTHR16201	5943.74	5773.56	2143.57	100.85	89.63
PTHR14374	3024.36	2939.27	184.0	11.36	10.09
PTHR18838	3083.74	2956.1	1967.44	102.82	91.37
PTHR12687	1524.0	1438.9	323.0	26.25	23.32
PTHR15157	4141.74	4014.1	731.0	31.32	27.83
PTHR18901	8817.07	8519.22	10522.61	475.94	422.99
PTHR12755	2649.64	2564.54	420.0	16.38	14.56
PTHR12750	4427.28	4299.64	1127.11	51.23	45.53
PTHR12753	849.61	807.09	357.0	26.13	23.22
PTHR15081	1786.96	1744.42	434.32	14.64	13.01
PTHR15574	3880.75	3710.67	1267.08	82.04	72.9
PTHR13931	1762.37	1677.38	866.0	51.78	46.01
PTHR24006	21223.69	20245.4	5837.22	297.04	263.97
PTHR12358	8137.95	7797.71	4198.36	207.17	184.11
PTHR22748	2511.68	2384.11	545.0	42.1	37.41
PTHR12356	864.17	821.67	227.0	16.32	14.5
PTHR12221	2027.0	1941.9	970.93	59.05	52.48
PTHR30603	6393.68	6266.05	21925.12	579.15	514.71
PTHR12226	2707.26	2622.16	413.93	17.78	15.8
PTHR19876	6794.0	6623.8	5440.95	185.12	164.52
PTHR19877	3160.49	3075.4	3659.47	148.02	131.55
PTHR21689	1829.86	1744.77	144.0	8.97	7.97
PTHR31442	2821.79	2694.14	1731.02	108.22	96.17
PTHR13803	9442.08	9186.87	1857.61	55.5	49.32
PTHR19980	1166.95	1124.44	312.17	16.36	14.54
PTHR12537	2954.0	2868.9	1015.06	41.64	37.01
PTHR12532	1405.17	1362.62	605.0	26.14	23.23
PTHR13486	791.0	748.48	290.0	22.9	20.35
PTHR13489	1713.43	1628.37	657.08	47.73	42.42
PTHR17583	3333.0	3205.44	154.0	10.29	9.13
PTHR24198	1436.0	1350.91	1991.94	143.15	127.23
PTHR10048	11203.78	11076.13	2426.24	53.07	47.17
PTHR24193	4549.97	4337.23	5970.83	262.28	233.1
PTHR10044	2978.1	2850.49	2490.55	146.46	130.16
PTHR11998	7361.21	7063.46	2912.11	136.45	121.28
PTHR11014	6048.47	5878.34	8249.35	339.15	301.42
PTHR10687	3064.63	2979.54	6012.15	233.87	207.85
PTHR13069	4834.4	4621.7	380.0	21.18	18.82
PTHR13068	10555.32	10257.5	3764.84	142.24	126.41
PTHR10682	2528.03	2442.93	3960.87	190.58	169.37
PTHR12829	1423.0	1380.45	590.0	25.16	22.36
PTHR12820	2150.94	2108.39	583.91	16.27	14.46
PTHR12826	860.27	817.83	822.0	59.36	52.76
PTHR12827	2376.0	2163.35	33.0	4.57	4.05
PTHR17920	2387.85	2345.3	592.0	14.83	13.18
PTHR10137	1628.0	1542.9	1259.0	98.46	87.5
PTHR11405	7368.73	7198.55	18169.31	642.29	570.83
PTHR11404	2912.66	2827.56	3404.02	150.76	133.98
PTHR11406	3904.79	3819.7	15859.55	510.35	453.57
PTHR13468	4242.06	4199.51	1964.36	27.44	24.38
PTHR14255	5864.56	5609.31	1805.73	100.56	89.38
PTHR23406	7380.27	7124.99	8807.55	429.85	382.04
PTHR23407	670.37	627.85	289.0	27.25	24.22
PTHR10869	15686.92	15218.91	39685.26	1612.28	1432.91
PTHR31717	5056.63	4928.99	2273.0	93.13	82.77
PTHR13393	2414.21	2286.59	753.0	53.48	47.52
PTHR15169	1165.0	1122.45	63.0	3.31	2.94
PTHR11315	1460.55	1418.01	476.0	19.76	17.56
PTHR10139	1623.7	1581.16	138.0	5.13	4.56
PTHR10264	3956.99	3829.37	4630.98	199.28	177.1
PTHR10263	1598.35	1513.25	20843.28	1419.91	1261.93
PTHR31407	7752.7	7454.96	3175.34	181.34	161.16
PTHR32170	4147.39	4019.77	2252.61	45.97	40.86
PTHR23350	1826.86	1741.77	364.0	22.13	19.67
PTHR23354	5124.32	4911.61	3440.99	226.8	201.56
PTHR23355	10852.12	10469.29	2682.71	86.24	76.67
PTHR23359	8469.18	8256.44	3646.08	162.4	144.32
PTHR11227	3442.5	3314.89	2650.21	137.38	122.1
PTHR11220	8723.26	8382.91	16979.91	915.24	813.42
PTHR11223	6584.26	6499.17	3551.0	70.23	62.41
PTHR11229	2960.11	2875.01	3282.09	139.47	123.95
PTHR10314	14731.57	14306.13	21298.41	841.48	747.84
PTHR14303	706.46	663.91	218.99	19.52	17.35
PTHR23309	880.0	794.93	0.0	0.0	0.0
PTHR23308	3183.02	3012.86	7228.53	453.97	403.47
PTHR11139	24718.74	23995.56	5481.17	221.89	197.18
PTHR11132	31291.65	30398.24	24452.87	893.55	794.12
PTHR11134	6081.85	5911.7	1917.75	68.1	60.52
PTHR11136	2215.83	2088.19	164.29	16.18	14.38
PTHR32374	3448.79	3363.69	6435.82	143.78	127.78
PTHR31579	2913.63	2828.58	11450.09	343.7	305.46
PTHR32379	1501.07	1373.47	110.0	14.71	13.06
PTHR31619	1711.05	1668.55	6065.07	213.75	189.97
PTHR18919	5401.6	5231.41	13024.81	455.14	404.51
PTHR32002	9021.65	8681.27	1554.42	68.37	60.76
PTHR14413	2055.0	1969.9	931.93	55.55	49.37
PTHR14089	1216.02	1173.47	930.68	46.72	41.53
PTHR22893	1951.86	1909.31	10802.88	332.56	295.56
PTHR11661	2839.0	2711.35	6078.62	496.04	440.84
PTHR10778	3189.15	3104.05	1205.92	45.32	40.28
PTHR10072	3682.8	3597.7	3936.13	178.02	158.21
PTHR12786	1162.83	1120.29	2611.02	137.35	122.07
PTHR11706	8095.05	7839.78	1406.0	53.92	47.91
PTHR12782	1637.0	1594.45	105.0	3.87	3.44
PTHR11214	4486.31	4358.66	731.0	29.35	26.08
PTHR24188	4994.55	4824.35	3271.02	95.39	84.77
PTHR21213	1281.0	1238.45	699.68	33.28	29.57
PTHR10182	3399.82	3272.17	1591.48	79.15	70.35
PTHR13923	3241.02	3070.95	723.0	49.75	44.22
PTHR12321	1310.15	1267.61	141.93	6.59	5.86
PTHR12323	595.71	553.19	244.0	26.15	23.24
PTHR14155	19715.21	18907.02	8761.81	527.73	469.02
PTHR21015	4654.41	4484.26	780.18	42.38	37.66
PTHR16196	1600.85	1515.8	272.02	21.99	19.54
PTHR16193	1289.23	1246.68	1069.0	50.5	44.88
PTHR22792	5137.12	4924.4	22442.33	1149.8	1021.87
PTHR22790	4354.33	4184.15	853.0	38.9	34.58
PTHR21680	1134.36	1091.82	1792.22	96.74	85.98
PTHR21113	1572.0	1486.92	49.0	3.46	3.08
PTHR19316	2089.77	2004.69	4232.14	328.93	292.33
PTHR21663	4335.37	4207.73	197.0	8.34	7.42
PTHR13253	7642.24	7344.39	12131.05	601.21	534.31
PTHR21206	1190.66	1148.12	876.01	44.96	39.96
PTHR13789	8888.8	8676.06	28053.34	747.68	664.49
PTHR10071	2763.75	2636.13	1018.86	91.59	81.41
PTHR13780	6962.56	6749.84	7471.66	323.96	287.91
PTHR10670	7531.97	7276.72	912.13	43.05	38.27
PTHR10677	1884.0	1756.36	685.0	68.55	60.92
PTHR13078	2801.59	2716.5	1206.72	53.23	47.3
PTHR12815	5951.62	5781.46	4962.03	230.45	204.8
PTHR12814	1881.97	1796.87	473.0	29.19	25.95
PTHR24361	27744.18	26765.71	11149.94	463.43	411.86
PTHR24362	9897.27	9514.45	2433.04	126.0	112.0
PTHR10416	2129.01	2043.91	196.02	12.79	11.37
PTHR10410	4428.27	4258.14	6125.44	284.46	252.81
PTHR10783	3835.49	3750.39	2439.29	75.77	67.34
PTHR10782	4415.05	4202.37	828.0	42.73	37.97
PTHR13476	1309.0	1266.45	101.0	4.7	4.17
PTHR10788	8348.58	8178.41	3389.36	78.79	70.04
PTHR10891	19288.37	18692.68	28248.84	1335.42	1186.86
PTHR10890	4330.0	4117.3	551.63	28.08	24.96
PTHR20426	709.72	667.26	356.88	31.64	28.12
PTHR23213	11123.69	10783.31	2093.7	82.04	72.92
PTHR10520	6085.15	5915.05	13872.39	567.97	504.78
PTHR10250	2714.0	2586.35	19936.86	1450.27	1288.91
PTHR10527	15869.08	15571.23	10677.41	238.81	212.25
PTHR31384	6773.65	6518.41	852.01	60.06	53.38
PTHR31385	4008.88	3881.24	1421.0	59.02	52.45
PTHR10091	1512.94	1427.85	869.37	72.2	64.17
PTHR31140	965.0	879.93	62.0	8.66	7.7
PTHR31412	7111.5	6898.92	3409.0	162.74	144.63
PTHR11787	4533.16	4405.53	10896.0	340.28	302.43
PTHR11785	15315.01	14761.98	7401.27	320.67	285.0
PTHR11782	5225.46	5055.26	1633.0	60.27	53.56
PTHR31419	3516.55	3346.41	363.19	22.16	19.69
PTHR11780	2262.0	2219.45	4348.81	115.11	102.3
PTHR13902	6145.4	6017.77	2028.51	58.65	52.12
PTHR23324	3326.91	3241.81	2282.01	86.61	76.97
PTHR23327	2655.04	2569.94	2411.36	111.25	98.87
PTHR23326	2966.0	2838.35	604.78	44.6	39.64
PTHR23321	1750.0	1664.9	674.86	53.72	47.75
PTHR23323	6368.99	6156.26	2771.14	132.37	117.64
PTHR23322	4715.21	4459.99	1978.02	145.73	129.51
PTHR23329	2712.5	2542.4	469.01	56.56	50.26
PTHR11236	5921.77	5666.51	939.0	45.03	40.02
PTHR10322	7215.04	6874.83	498.0	24.03	21.34
PTHR11239	2638.33	2510.68	427.05	29.52	26.23
PTHR10803	2240.09	2155.04	1705.57	73.73	65.52
PTHR11101	1128.57	1086.05	740.55	40.19	35.72
PTHR31964	24406.69	23640.91	103823.02	5128.61	4558.03
PTHR23030	2037.49	1994.95	1923.8	56.67	50.36
PTHR11129	3506.3	3378.99	1035.64	61.25	54.45
PTHR11122	3780.66	3653.02	2306.18	99.98	88.85
PTHR15316	2116.04	2030.94	1179.99	77.92	69.25
PTHR11127	1116.0	1030.98	5735.91	440.0	391.05
PTHR11125	2670.78	2543.15	1186.0	93.0	82.65
PTHR31566	2103.0	2060.45	173.0	4.93	4.38
PTHR31567	1352.0	1309.45	3465.01	155.8	138.47
PTHR31561	3209.0	3123.9	915.58	28.14	25.01
PTHR15137	2057.15	1844.63	66.0	10.1	8.97
PTHR14950	3415.0	3202.29	111.0	10.14	9.01
PTHR15954	2542.9	2457.83	566.69	32.09	28.53
PTHR15952	4025.92	3940.84	769.99	25.38	22.55
PTHR16266	3401.64	3274.06	829.0	45.0	40.0
PTHR21597	3068.76	2856.14	324.0	23.66	21.03
PTHR19271	1622.0	1579.45	39.0	1.45	1.29
PTHR19861	1255.13	1212.58	658.99	32.01	28.45
PTHR13343	7090.96	6878.21	9921.27	373.84	332.24
PTHR12029	9466.3	9125.95	1231.24	55.91	49.7
PTHR21220	517.12	474.58	51.0	6.39	5.68
PTHR22780	9407.0	9279.35	4786.16	87.06	77.38
PTHR11952	5838.22	5668.02	1440.35	55.05	48.92
PTHR21477	2740.96	2570.86	603.41	63.32	56.28
PTHR19308	5365.0	5237.35	1191.0	43.33	38.51
PTHR16301	1209.19	1124.1	372.0	38.77	34.46
PTHR13265	1160.12	1117.58	1716.91	90.54	80.46
PTHR22870	19316.91	18508.72	7250.24	414.36	368.26
PTHR17630	2254.47	2169.47	7468.65	366.82	326.0
PTHR10064	1221.17	1136.1	4278.86	325.12	288.94
PTHR10066	3042.49	2957.39	1032.08	40.28	35.81
PTHR10060	2072.36	1987.3	424.01	23.98	21.31
PTHR10663	30595.1	29786.8	5097.76	192.65	171.23
PTHR10666	7788.95	7491.18	52817.07	3252.2	2890.37
PTHR10668	8950.76	8610.41	3397.45	176.88	157.19
PTHR12801	3587.75	3460.11	1735.62	85.24	75.77
PTHR12802	2138.41	2010.78	686.0	62.91	55.92
PTHR12805	1642.01	1599.46	494.63	18.19	16.17
PTHR12806	937.04	894.5	1262.0	83.27	74.01
PTHR21091	11238.75	10940.96	18087.29	591.56	525.74
PTHR21090	5255.06	5127.47	1526.2	50.0	44.43
PTHR21228	3469.02	3341.46	605.0	35.19	31.27
PTHR24314	4266.69	4139.05	1644.14	66.64	59.23
PTHR11933	1357.1	1314.55	190.0	8.51	7.56
PTHR11932	7987.99	7732.8	6185.37	206.27	183.32
PTHR11426	2944.4	2774.25	13515.57	842.13	748.44
PTHR11937	14246.33	13650.72	24330.18	1001.67	890.23
PTHR11938	17530.84	17190.54	77889.85	1739.21	1545.69
PTHR13683	27262.32	26283.81	12757.79	510.3	453.56
PTHR24089	48586.98	47055.6	37185.38	1564.86	1390.78
PTHR10796	3529.0	3443.9	279.74	9.87	8.78
PTHR10794	6929.2	6759.02	3406.43	122.12	108.53
PTHR10795	23337.24	22316.5	18787.61	1116.42	992.2
PTHR10792	2071.2	1943.59	4984.04	366.98	326.14
PTHR10799	45090.01	43005.96	10152.43	567.96	504.78
PTHR10882	937.81	895.28	497.97	32.83	29.18
PTHR10887	26447.29	25086.23	5332.2	265.44	235.92
PTHR11686	4320.25	4192.6	2644.85	112.58	100.05
PTHR11685	9747.25	9407.01	9393.33	419.8	373.09
PTHR11680	6513.17	6300.42	23875.64	813.68	723.16
PTHR24221	29020.79	28042.26	40555.51	1431.96	1272.65
PTHR24220	7784.69	7529.42	4063.99	200.68	178.36
PTHR24223	32098.16	30822.26	14857.92	505.07	448.84
PTHR11689	15699.83	15359.53	2071.32	46.44	41.26
PTHR10252	3122.38	2994.74	4114.23	206.38	183.43
PTHR31173	1706.6	1621.52	675.96	76.26	67.77
PTHR12538	1072.83	987.82	6112.22	499.87	444.26
PTHR10625	9135.61	8795.33	1995.54	120.37	106.97
PTHR31606	740.0	697.45	757.97	64.29	57.14
PTHR31356	6261.08	5963.32	14584.49	1025.6	911.48
PTHR31352	10137.48	9924.75	7425.69	219.1	194.71
PTHR31350	2886.13	2758.48	4329.87	252.59	224.49
PTHR11758	827.0	784.45	3839.32	289.21	257.04
PTHR23333	948.52	905.97	1415.44	92.21	81.95
PTHR11751	17244.25	16563.63	18585.33	1200.73	1067.13
PTHR11753	3734.41	3564.21	2782.3	186.3	165.57
PTHR11752	28828.96	28063.16	11097.36	390.62	347.16
PTHR11206	10307.8	10010.07	6253.99	231.49	205.75
PTHR23338	3471.49	3343.84	3144.11	166.7	148.16
PTHR24420	648202.58	621366.1	233704.67	9759.15	8673.32
PTHR10332	1733.57	1691.07	449.0	15.61	13.88
PTHR14140	2330.75	2203.26	63.0	4.8	4.27
PTHR14145	3559.77	3432.13	3575.7	198.74	176.63
PTHR13600	1416.3	1373.75	697.0	29.87	26.54
PTHR12848	3263.1	3135.49	1282.4	68.18	60.6
PTHR31066	683.0	640.45	39.0	3.61	3.2
PTHR15744	1726.01	1683.46	1254.82	43.83	38.96
PTHR13604	1404.43	1319.35	738.0	66.73	59.31
PTHR23029	10870.37	10402.45	3402.03	201.27	178.85
PTHR23023	1027.46	942.42	5498.15	520.29	462.41
PTHR31142	3004.8	2877.16	2200.04	116.12	103.2
PTHR12847	4511.92	4341.74	671.22	43.49	38.66
PTHR11119	2356.86	2271.78	11404.4	615.68	547.19
PTHR12841	1298.0	1255.45	381.0	17.87	15.88
PTHR31595	3722.21	3594.59	186.0	13.35	11.86
PTHR31596	482.3	439.78	31.0	4.19	3.73
PTHR15948	1447.05	1404.5	754.0	31.6	28.08
PTHR32026	27484.56	26463.54	8249.75	410.67	365.01
PTHR31829	1104.39	1061.84	12944.26	718.64	638.69
PTHR19241	47739.35	46038.07	53783.66	2084.21	1852.33
PTHR14894	2317.0	2274.45	274.0	7.08	6.29
PTHR15239	2919.88	2749.7	553.01	47.61	42.32
PTHR19854	2107.82	2022.73	347.0	20.56	18.27
PTHR32497	2583.0	2540.45	468.9	10.84	9.63
PTHR12497	2002.8	1875.18	920.0	67.46	59.96
PTHR12304	1774.0	1731.45	801.0	27.2	24.18
PTHR30540	7152.34	6854.54	3877.42	134.04	119.11
PTHR13302	2885.0	2799.9	666.31	30.75	27.33
PTHR12472	1412.8	1327.74	268.0	22.31	19.83
PTHR13308	2928.54	2800.91	730.02	46.54	41.37
PTHR12477	4323.31	4195.66	2559.88	113.37	100.76
PTHR32148	1887.3	1802.2	9052.86	686.42	610.05
PTHR13878	2104.16	2061.61	1138.18	32.44	28.83
PTHR21461	33373.11	32394.63	10060.75	391.63	348.04
PTHR13872	6088.53	5875.82	11049.61	1045.81	929.46
PTHR22849	14492.43	14067.02	4514.91	152.2	135.27
PTHR21314	1611.0	1568.45	83.99	3.15	2.8
PTHR13271	36553.4	35277.03	19498.04	715.25	635.67
PTHR22841	2345.95	2260.85	1878.4	97.11	86.31
PTHR13273	1099.53	1056.98	1471.38	82.07	72.94
PTHR22847	26775.38	25839.35	14772.46	628.19	558.29
PTHR22846	1416.14	1331.05	544.0	42.09	37.4
PTHR22844	8775.64	8392.73	2284.18	127.59	113.39
PTHR23284	1576.0	1533.45	2559.98	98.22	87.29
PTHR21266	15144.67	14549.29	16724.02	605.84	538.43
PTHR12271	4065.28	3937.65	1360.95	63.12	56.09
PTHR21262	10775.4	10477.64	7191.62	163.71	145.51
PTHR12276	3409.0	3323.9	1425.19	51.2	45.5
PTHR10657	1392.49	1307.4	3539.08	320.16	284.55
PTHR16557	3455.56	3327.93	682.02	37.77	33.57
PTHR10655	2273.49	2188.39	663.0	30.65	27.24
PTHR10652	3111.79	2984.14	16157.34	764.61	679.54
PTHR17972	2804.53	2719.5	966.99	36.13	32.11
PTHR21085	1493.0	1450.45	902.1	36.6	32.53
PTHR11922	5732.59	5562.4	3171.42	129.27	114.89
PTHR12505	2238.16	2153.06	1163.0	60.26	53.56
PTHR10438	15539.21	14901.03	19539.86	1264.32	1123.66
PTHR11926	7453.07	7197.81	3901.65	132.13	117.43
PTHR11431	2952.87	2867.77	15358.35	609.32	541.53
PTHR10436	8668.01	8242.65	1639.22	99.9	88.79
PTHR10434	3033.55	2948.45	246.0	9.74	8.66
PTHR24096	13100.78	12802.96	29118.06	1008.72	896.51
PTHR13018	17247.16	16906.9	5192.13	115.13	102.34
PTHR24095	19580.34	19069.81	28636.77	798.32	709.53
PTHR24092	20684.08	19876.01	9030.04	387.16	344.1
PTHR24093	54469.29	52852.77	91098.53	2396.17	2129.58
PTHR10758	3656.83	3571.73	5430.01	185.71	165.05
PTHR13451	1021.4	978.87	176.0	10.6	9.42
PTHR13452	746.04	703.49	646.29	54.34	48.3
PTHR10759	841.75	799.21	5639.76	416.93	370.54
PTHR12901	909.0	866.45	154.0	10.49	9.33
PTHR12903	2386.12	2301.02	4498.18	221.05	196.46
PTHR13992	730.0	687.45	34.0	2.93	2.6
PTHR23237	400.0	357.48	637.0	106.36	94.53
PTHR10501	2060.51	1975.42	1213.0	73.91	65.69
PTHR31169	2931.55	2803.91	598.99	39.98	35.52
PTHR12277	5286.25	5158.62	4877.88	162.73	144.63
PTHR14087	782.5	739.96	116.0	9.27	8.24
PTHR14085	2051.0	2008.45	601.99	17.61	15.65
PTHR31344	1755.35	1670.25	305.0	20.43	18.15
PTHR23306	3790.95	3705.85	944.98	27.32	24.29
PTHR23305	1018.73	976.19	655.01	39.58	35.17
PTHR11748	3171.47	3086.39	1755.94	63.92	56.8
PTHR11742	6795.01	6539.78	1248.9	44.53	39.58
PTHR11216	3267.87	3140.24	2494.82	130.28	115.78
PTHR11210	2563.58	2435.96	3489.21	265.34	235.82
PTHR14154	12151.37	11598.35	9663.43	648.87	576.67
PTHR10344	961.09	918.55	20.0	1.28	1.14
PTHR10343	7364.26	7108.97	1701.61	75.97	67.5
PTHR11699	11217.62	10962.36	11713.79	367.97	327.03
PTHR11692	971.59	929.06	6448.64	409.55	363.98
PTHR11693	3046.0	2960.9	17283.58	686.46	610.09
PTHR11695	16475.25	15879.61	52466.49	2358.82	2096.39
PTHR31760	1247.01	1204.46	402.01	19.66	17.47
PTHR31840	762.34	719.8	121.14	9.95	8.84
PTHR31906	10268.41	9928.01	5983.14	281.42	250.1
PTHR21419	1836.0	1793.45	753.0	24.68	21.94
PTHR23012	11115.05	10774.66	6522.17	254.46	226.14
PTHR11102	9715.21	9374.9	7226.4	292.92	260.33
PTHR11106	3810.16	3682.55	3208.83	159.72	141.94
PTHR31585	6051.0	5880.81	1445.96	54.5	48.44
PTHR32125	1332.02	1289.47	1080.26	49.33	43.84
PTHR31588	1975.26	1932.71	1349.99	41.05	36.49
PTHR32120	2092.0	2049.45	535.18	15.34	13.64
PTHR15680	1091.49	1048.94	2980.89	167.55	148.91
PTHR11804	5318.83	5106.13	7835.09	284.38	252.72
PTHR11374	1827.32	1784.77	669.42	22.05	19.6
PTHR11808	9021.32	8766.08	2670.15	101.97	90.63
PTHR12000	3359.5	3231.89	4086.35	310.06	275.56
PTHR18895	4433.22	4263.02	383.0	22.12	19.66
PTHR12169	2141.16	2098.61	177.0	4.96	4.4
PTHR12486	1915.31	1830.22	235.94	15.65	13.91
PTHR12480	4050.67	3880.54	1182.53	60.47	53.75
PTHR12482	5728.24	5558.15	3160.63	118.76	105.55
PTHR12317	7342.51	7129.76	3241.28	132.44	117.7
PTHR12649	947.91	905.36	1886.98	123.02	109.33
PTHR10099	3906.48	3863.95	9142.5	138.8	123.35
PTHR12461	4365.47	4195.3	388.04	18.12	16.1
PTHR12466	1945.77	1860.77	227.0	14.51	12.9
PTHR10098	850.0	764.99	18.0	2.79	2.49
PTHR13847	9509.63	9169.27	6557.94	296.87	263.84
PTHR26312	6648.16	6435.41	24954.49	1036.78	921.45
PTHR12001	5199.47	5029.32	5634.02	260.4	231.44
PTHR21327	2086.84	2044.29	2609.07	75.0	66.65
PTHR21631	6560.34	6347.61	2692.59	86.2	76.62
PTHR22854	2547.94	2462.84	2130.98	89.3	79.36
PTHR22855	6644.45	6516.84	2648.32	92.1	81.85
PTHR22850	15339.32	14913.85	5366.73	206.73	183.72
PTHR22504	1869.0	1826.45	8635.43	277.94	247.02
PTHR22915	13644.67	13091.6	28442.82	1389.08	1234.53
PTHR21256	3001.15	2916.05	1718.98	64.52	57.35
PTHR12265	648.0	605.45	123.0	12.04	10.7
PTHR12266	3682.0	3596.9	1168.0	56.76	50.45
PTHR10648	2954.99	2869.92	6869.47	206.25	183.3
PTHR30178	2815.46	2730.36	3286.34	152.36	135.41
PTHR10641	15215.93	14322.66	7755.62	324.33	288.24
PTHR19842	1065.66	1023.12	2121.93	122.29	108.68
PTHR10644	10320.44	10022.64	4729.64	152.56	135.61
PTHR30535	8288.35	7990.54	4048.74	219.31	194.91
PTHR12864	1834.0	1748.9	231.0	15.34	13.63
PTHR12860	2164.0	2078.9	1738.34	97.61	86.74
PTHR13194	4958.15	4788.0	9833.03	316.84	281.59
PTHR13193	706.29	663.74	291.39	25.98	23.09
PTHR11913	683.0	640.45	3638.38	336.36	298.94
PTHR11911	7515.21	7217.4	15199.63	708.04	629.25
PTHR11910	1844.46	1759.37	6949.01	470.4	418.06
PTHR12919	1213.0	1127.93	819.01	62.27	55.34
PTHR12910	1930.67	1845.57	2240.0	123.11	109.41
PTHR12917	1953.0	1910.45	4214.06	129.65	115.23
PTHR11351	3371.3	3201.17	7497.57	231.15	205.44
PTHR11353	22498.33	21902.78	78616.64	2229.11	1981.13
PTHR11599	10839.86	10414.42	22192.5	1309.76	1164.03
PTHR10516	17926.18	17202.97	48676.37	1919.69	1706.13
PTHR11592	4148.58	4020.97	8213.75	433.76	385.5
PTHR11659	1829.81	1787.28	344.66	11.34	10.08
PTHR31724	2472.29	2387.19	1702.63	58.48	51.98
PTHR13734	3977.67	3850.02	808.09	31.25	27.78
PTHR23315	60940.16	58770.67	12971.88	530.59	471.56
PTHR23316	3886.14	3801.05	7813.67	218.3	194.01
PTHR11778	3842.86	3757.76	2065.27	58.81	52.27
PTHR11777	6790.72	6620.52	4692.74	99.54	88.48
PTHR11774	4209.22	4039.03	1645.14	89.63	79.65
PTHR11773	3617.58	3532.49	869.0	28.8	25.6
PTHR11772	6507.21	6294.48	16680.15	694.68	617.39
PTHR10357	31468.63	30787.94	50676.7	1350.06	1199.84
PTHR10353	14684.86	14046.82	3635.19	137.46	122.19
PTHR10350	2398.07	2270.44	422.0	40.57	36.05
PTHR10351	1102.0	1059.45	9381.64	522.06	463.98
PTHR32557	1532.5	1489.96	832.0	32.85	29.2
PTHR10359	6794.89	6497.08	1981.0	141.64	125.88
PTHR32442	1158.94	1116.39	394.96	20.85	18.53
PTHR31750	3195.6	3068.01	458.78	26.85	23.86
PTHR23418	418.3	375.79	4827.05	766.0	680.78
PTHR14189	1182.22	1139.75	462.25	23.89	21.23
PTHR21021	1391.38	1348.83	535.0	23.35	20.75
PTHR32228	1498.0	1455.45	416.98	16.86	14.98
PTHR31245	1372.86	1330.34	1348.92	59.69	53.05
PTHR23001	2088.0	2045.45	4949.31	142.19	126.37
PTHR23002	3672.24	3544.62	1281.02	65.26	58.0
PTHR11177	5283.98	5156.34	2017.25	71.85	63.86
PTHR11178	3564.74	3437.1	3924.81	200.08	177.83
PTHR14456	1348.17	1263.08	252.0	26.42	23.48
PTHR31808	1500.95	1458.4	4348.7	175.46	155.94
PTHR13693	5457.52	5287.34	3316.82	109.13	96.99
PTHR11009	2967.72	2882.62	1457.26	57.45	51.06
PTHR19229	15094.8	14456.74	9514.17	544.88	484.26
PTHR11482	7659.18	7446.47	10376.45	159.39	141.65
PTHR11005	7616.57	7276.23	1900.9	76.37	67.87
PTHR18640	2387.92	2345.37	104.07	2.61	2.32
PTHR18866	10739.1	10313.65	3701.57	253.04	224.89
PTHR12022	756.0	713.45	3254.58	269.8	239.78
PTHR15074	2983.0	2940.45	3213.24	64.14	57.01
PTHR15588	2658.4	2573.31	1850.64	91.95	81.72
PTHR12677	5378.19	5208.11	2211.4	116.82	103.81
PTHR19134	3082.12	2997.02	411.0	15.5	13.78
PTHR19879	2307.41	2179.81	458.0	34.66	30.8
PTHR30566	2540.71	2455.62	3478.81	174.29	154.9
PTHR12456	807.45	722.4	15.99	2.55	2.27
PTHR12452	719.9	677.37	130.09	11.36	10.1
PTHR19359	1986.66	1901.56	2007.98	134.45	119.49
PTHR12072	4676.21	4506.03	1166.57	60.0	53.32
PTHR13218	1376.0	1333.45	1053.0	46.49	41.32
PTHR13215	1333.25	1290.7	1080.4	49.29	43.81
PTHR13213	1626.1	1541.04	296.0	22.04	19.59
PTHR21530	3674.11	3546.47	639.92	32.48	28.87
PTHR12298	8466.54	8168.72	1272.11	73.98	65.74
PTHR10638	4089.18	3961.58	5315.78	257.29	228.67
PTHR10631	4205.84	4078.19	1177.08	52.15	46.35
PTHR10984	6739.57	6526.84	4565.0	198.94	176.82
PTHR12858	5567.33	5312.07	2114.96	145.72	129.49
PTHR13505	896.47	853.92	1120.0	77.45	68.83
PTHR12856	1716.24	1631.14	792.75	57.59	51.19
PTHR12855	821.93	779.42	216.0	16.38	14.55
PTHR12854	1030.0	944.92	69.0	9.36	8.31
PTHR13190	2164.43	2079.34	459.84	18.56	16.49
PTHR13182	1911.0	1868.45	2003.0	63.02	56.0
PTHR10855	3514.73	3387.09	2935.11	148.23	131.74
PTHR10585	2379.02	2251.39	1233.03	95.33	84.73
PTHR10743	1000.56	958.01	1132.07	69.72	61.96
PTHR10742	20668.1	19987.59	13378.88	465.46	413.66
PTHR10745	2414.2	2371.65	1968.64	48.75	43.33
PTHR10744	1957.85	1830.31	7150.53	644.74	573.01
PTHR10746	2702.82	2617.74	3681.28	167.27	148.66
PTHR11099	2212.0	2169.45	1306.0	35.37	31.43
PTHR12924	1266.05	1223.5	1589.21	76.51	68.0
PTHR11627	3831.17	3703.58	38704.43	1493.68	1327.49
PTHR11525	352.0	309.49	8.0	1.55	1.37
PTHR11349	962.74	920.19	31.0	1.99	1.77
PTHR10566	25402.63	24467.0	13492.23	504.47	448.33
PTHR11588	7411.21	7241.02	4977.43	160.95	143.05
PTHR10291	1789.0	1746.45	178.0	5.99	5.33
PTHR11584	7298.62	7000.89	9363.74	253.65	225.41
PTHR11586	953.41	910.88	415.93	26.95	23.95
PTHR11909	7388.58	7175.83	13175.39	447.9	398.07
PTHR24320	1653.27	1610.76	560.08	20.45	18.18
PTHR24322	18678.29	17912.47	35383.58	2089.82	1857.33
PTHR11907	3514.73	3429.66	4655.83	133.6	118.74
PTHR11760	1273.0	1187.91	15.0	1.39	1.24
PTHR11761	1944.46	1859.36	11187.01	1154.52	1026.07
PTHR11766	2657.92	2572.82	351.0	15.7	13.95
PTHR11767	9928.75	9630.94	2497.21	82.49	73.32
PTHR10361	3640.61	3512.97	549.87	20.93	18.6
PTHR10366	40797.12	39605.95	53107.24	2326.12	2067.37
PTHR10169	9539.43	9284.14	1458.62	52.46	46.62
PTHR10168	4922.84	4710.09	8978.4	669.0	594.57
PTHR20973	1120.14	1077.62	285.0	15.59	13.85
PTHR10165	2311.08	2225.99	2831.52	134.63	119.65
PTHR31032	3151.34	3066.25	2038.84	71.58	63.62
PTHR23257	32472.95	31324.43	11614.18	545.9	485.19
PTHR23253	2071.1	1986.02	2190.71	163.06	144.92
PTHR14190	2768.82	2726.27	269.0	5.79	5.15
PTHR14194	6730.05	6517.39	8411.18	289.46	257.26
PTHR31251	3209.0	3081.37	718.08	29.51	26.22
PTHR23074	13533.39	12810.41	9028.82	521.68	463.64
PTHR23077	13195.2	12727.25	34668.8	878.72	780.96
PTHR23076	17944.53	17476.53	31476.66	1079.03	958.97
PTHR12561	930.9	888.36	27.0	1.79	1.59
PTHR23073	8650.73	8353.0	13419.11	544.4	483.83
PTHR12560	1117.89	1075.35	203.0	11.13	9.89
PTHR23078	2932.0	2889.45	1510.0	30.68	27.26
PTHR11165	2797.06	2669.47	9623.42	557.99	495.91
PTHR10772	3102.32	2974.68	27353.74	1567.17	1392.81
PTHR32100	4738.1	4610.47	3756.0	140.23	124.62
PTHR14534	950.13	907.58	853.0	55.47	49.3
PTHR14445	3299.92	3172.29	1007.8	53.15	47.25
PTHR23109	3482.55	3354.93	800.77	42.89	38.13
PTHR31811	1904.16	1861.61	1003.27	31.68	28.15
PTHR23102	3165.88	3080.81	3789.2	113.89	101.22
PTHR23105	6767.07	6469.27	12517.8	825.89	734.0
PTHR11010	3987.92	3902.82	1212.75	37.01	32.89
PTHR12668	3784.99	3657.35	5524.97	255.16	226.77
PTHR12661	1308.92	1266.38	733.85	34.12	30.33
PTHR12663	4567.0	4481.9	562.0	10.74	9.54
PTHR12664	544.34	501.8	293.0	34.67	30.81
PTHR16166	32198.91	31560.76	9720.39	223.71	198.84
PTHR12111	762.56	720.01	363.0	29.82	26.5
PTHR12446	2859.0	2688.9	382.0	27.36	24.31
PTHR12447	2222.0	2136.9	297.49	16.6	14.75
PTHR15481	850.0	807.45	648.42	47.44	42.16
PTHR26379	2112.09	2069.54	459.27	13.04	11.59
PTHR12599	1360.34	1317.79	840.11	37.53	33.36
PTHR12596	5472.33	5344.68	3135.91	53.95	47.94
PTHR12590	999.07	956.52	459.67	28.35	25.2
PTHR12066	1148.43	1105.88	10.0	0.53	0.47
PTHR12064	6787.11	6489.4	1831.01	144.8	128.7
PTHR13226	512.34	469.81	80.0	10.12	8.99
PTHR13889	1600.34	1557.79	1718.01	64.88	57.66
PTHR13887	1335.69	1293.14	21065.54	959.22	852.5
PTHR21181	1722.41	1637.31	922.19	75.2	66.83
PTHR13948	3128.45	2958.31	1026.55	91.77	81.55
PTHR10459	5693.23	5437.98	586.04	33.92	30.15
PTHR11453	3538.41	3410.76	216.0	12.35	10.98
PTHR19306	4777.91	4650.31	945.0	43.88	39.0
PTHR21506	2640.67	2555.57	641.13	29.5	26.22
PTHR12280	5973.35	5760.6	3596.22	198.73	176.61
PTHR12281	3352.93	3225.29	2900.84	155.69	138.36
PTHR12286	2597.67	2512.59	760.99	34.8	30.93
PTHR30573	2332.0	2289.45	876.0	22.48	19.97
PTHR22983	7858.0	7560.16	380.0	20.44	18.17
PTHR22981	8427.58	8129.75	2925.99	136.6	121.4
PTHR30191	2297.54	2254.99	4142.02	107.9	95.89
PTHR13082	932.0	889.45	469.0	31.13	27.66
PTHR10629	6035.46	5737.68	427.0	30.3	26.91
PTHR10994	35577.01	34470.81	23082.54	944.44	839.37
PTHR10996	10019.13	9678.86	3647.74	160.13	142.3
PTHR10997	13169.17	12828.85	4749.37	167.24	148.62
PTHR10992	47194.74	45663.19	30417.49	1225.71	1089.34
PTHR10993	1579.0	1493.9	75.0	6.05	5.38
PTHR17695	2507.5	2379.88	164.0	14.81	13.16
PTHR12849	1210.06	1167.52	1020.93	51.51	45.78
PTHR21712	1100.6	1058.05	685.48	38.2	33.95
PTHR21294	1127.0	1084.45	664.99	36.15	32.12
PTHR21290	3387.12	3216.97	472.45	33.19	29.51
PTHR21349	2498.13	2413.03	191.06	6.55	5.82
PTHR21347	1297.07	1254.52	1852.75	86.97	77.3
PTHR21343	1951.95	1824.43	412.0	38.57	34.29
PTHR10196	6510.14	6297.4	1294.0	47.43	42.15
PTHR10192	1356.05	1313.5	904.0	40.52	36.01
PTHR10751	10603.0	10220.14	1649.0	61.94	55.05
PTHR10755	2854.0	2768.9	27274.06	974.22	865.83
PTHR13152	1354.44	1311.9	496.01	22.26	19.78
PTHR12932	970.0	927.45	95.0	6.04	5.37
PTHR12934	2521.65	2436.56	3566.95	181.08	160.94
PTHR11451	7470.46	7300.3	5657.2	188.72	167.73
PTHR10288	4100.16	3844.92	1657.04	129.07	114.7
PTHR11800	2640.6	2555.5	687.89	32.05	28.49
PTHR11802	7365.83	7068.03	1314.54	95.06	84.49
PTHR12891	2128.64	2001.01	285.11	22.37	19.89
PTHR11807	3291.38	3163.84	551.0	34.24	30.44
PTHR10281	4538.92	4411.32	4033.33	200.48	178.17
PTHR10283	7208.09	6995.37	1792.13	61.03	54.24
PTHR10285	11433.15	11092.77	3534.59	128.98	114.62
PTHR10286	12583.57	11945.49	4629.81	242.28	215.32
PTHR11579	3175.31	3090.21	6587.2	223.69	198.8
PTHR13718	3718.47	3548.28	7846.1	789.92	702.04
PTHR13711	6825.4	6570.18	3293.2	143.97	127.96
PTHR13710	12616.83	12148.86	1168.05	51.81	46.04
PTHR11977	2857.92	2815.37	655.2	13.66	12.14
PTHR11972	1444.48	1401.93	246.1	10.33	9.18
PTHR31480	1046.35	1003.81	272.01	15.98	14.2
PTHR31485	5979.53	5766.79	1468.82	72.33	64.26
PTHR11715	702.22	659.7	379.71	34.07	30.28
PTHR11717	2162.71	2077.61	1361.65	78.21	69.51
PTHR11711	15376.66	14951.24	38259.62	1932.92	1717.87
PTHR11712	4184.95	4099.85	854.0	25.5	22.66
PTHR10374	4511.31	4383.67	15667.15	770.9	685.13
PTHR10178	7549.91	7209.57	828.14	43.86	38.98
PTHR20961	18755.62	18074.97	4297.05	206.39	183.45
PTHR10173	4594.68	4381.94	8943.24	607.68	540.07
PTHR10177	10770.0	10472.17	811.22	26.64	23.67
PTHR10174	11606.55	11266.21	6221.93	283.29	251.77
PTHR23249	1469.27	1384.17	958.07	85.34	75.84
PTHR23244	11946.52	11521.23	7944.37	309.08	274.71
PTHR23245	5052.32	4839.57	636.47	34.16	30.36
PTHR23240	4235.55	3980.41	68.0	6.07	5.39
PTHR14614	9179.86	8839.65	2274.41	134.24	119.31
PTHR31268	9240.87	8900.57	497.03	13.31	11.82
PTHR31262	1348.27	1221.09	33207.4	2683.44	2384.89
PTHR23063	8199.49	8029.3	5922.68	187.19	166.37
PTHR11620	1060.0	1017.45	6977.16	404.4	359.4
PTHR11624	6730.0	6517.28	20388.42	893.64	794.23
PTHR11390	4018.15	3890.54	326.0	14.97	13.31
PTHR31620	5649.3	5479.12	2585.98	106.33	94.49
PTHR31319	2747.2	2662.11	2952.95	113.33	100.72
PTHR14052	1263.94	1221.39	332.0	16.01	14.23
PTHR32118	2006.0	1963.45	10420.47	311.91	277.21
PTHR14152	430.0	387.47	70.0	10.77	9.57
PTHR23117	2981.23	2896.15	1040.38	57.71	51.29
PTHR23115	31123.92	30230.47	86191.42	2937.53	2610.71
PTHR11028	1331.0	1288.45	4085.22	186.7	165.93
PTHR11024	2816.6	2731.5	1988.79	87.89	78.11
PTHR12616	896.19	853.64	280.0	19.37	17.21
PTHR12613	1293.73	1251.18	2571.01	121.01	107.55
PTHR12612	1093.0	1050.45	7235.83	406.12	360.94
PTHR32060	3340.01	3254.92	1248.13	37.53	33.35
PTHR12126	2794.17	2709.07	2803.96	116.81	103.82
PTHR12124	4507.79	4337.67	333.01	17.56	15.6
PTHR22734	2895.26	2810.16	1671.99	69.25	61.54
PTHR12121	8891.0	8593.21	2610.98	101.7	90.37
PTHR12438	1182.92	1097.83	141.9	14.35	12.75
PTHR15492	2065.84	2023.29	260.02	7.55	6.71
PTHR21426	4727.49	4557.33	1985.57	74.85	66.52
PTHR21427	1131.0	1088.45	597.65	32.37	28.76
PTHR19372	1596.0	1553.45	2017.24	76.39	67.89
PTHR19370	7245.52	6990.31	12435.11	446.19	396.56
PTHR19376	14183.28	13757.98	6759.77	191.01	169.78
PTHR19375	20691.17	20095.66	104867.94	3109.58	2763.63
PTHR12725	2715.79	2630.7	1231.99	54.36	48.31
PTHR22884	25387.71	24281.84	5411.02	261.28	232.18
PTHR22883	18838.02	18327.46	4907.87	203.58	180.94
PTHR22881	1015.02	972.47	522.59	31.7	28.17
PTHR12542	30018.42	29039.95	15394.22	695.38	618.01
PTHR12547	4709.29	4539.16	2392.18	59.5	52.88
PTHR12436	4312.94	4142.75	485.98	32.01	28.45
PTHR21512	4217.6	4047.4	460.0	23.95	21.28
PTHR12965	3246.59	3118.95	432.0	27.24	24.21
PTHR14744	1687.67	1645.12	890.0	31.82	28.28
PTHR30502	1934.28	1891.74	1224.53	38.05	33.81
PTHR10961	1984.4	1941.86	263.48	7.97	7.09
PTHR10617	7911.19	7656.02	26380.7	917.24	815.19
PTHR10615	3383.49	3255.85	1964.0	61.5	54.66
PTHR13527	597.96	555.42	157.0	16.76	14.9
PTHR22958	1575.17	1532.62	537.99	20.65	18.35
PTHR22951	4392.06	4306.96	2729.92	71.6	63.63
PTHR22950	22170.61	21489.95	5049.31	182.22	161.95
PTHR22953	6120.39	5950.19	1182.24	46.52	41.35
PTHR22952	24106.47	23255.7	66810.13	3041.86	2703.44
PTHR22957	18909.31	18228.62	5882.06	289.19	257.0
PTHR21600	2410.0	2324.9	680.17	42.19	37.5
PTHR24056	13905.69	13480.33	6153.6	251.02	223.12
PTHR24054	2354.25	2269.16	2822.0	98.26	87.33
PTHR24055	9953.0	9570.15	8586.34	378.64	336.52
PTHR24058	7561.95	7264.15	5098.66	223.17	198.35
PTHR10766	11458.11	11160.26	18120.18	593.23	527.24
PTHR10762	3883.16	3755.51	158.03	9.0	7.99
PTHR30031	6471.27	6258.57	60024.39	3093.01	2748.89
PTHR12945	1371.55	1329.0	189.88	8.41	7.48
PTHR12944	2066.53	1981.48	880.83	60.34	53.62
PTHR24128	1763.83	1678.73	841.0	69.81	62.05
PTHR13096	3005.0	2919.9	40.0	1.98	1.76
PTHR11364	1649.9	1607.35	1725.0	63.12	56.1
PTHR11365	4046.86	3961.78	11518.07	389.13	345.84
PTHR10548	6050.02	5879.87	12105.81	535.58	475.99
PTHR11817	11202.75	10862.35	9545.81	396.37	352.27
PTHR11814	9584.97	9329.7	6060.19	180.89	160.77
PTHR11363	1942.52	1899.97	10534.99	325.91	289.65
PTHR10543	4129.55	4001.91	260.0	9.67	8.58
PTHR11819	4770.5	4685.4	10840.4	254.66	226.32
PTHR10544	798.95	756.4	3635.04	284.07	252.47
PTHR11562	9013.55	8800.82	3161.18	113.69	101.05
PTHR11566	15203.2	14862.94	4342.95	123.74	109.97
PTHR11567	2333.12	2162.95	677.0	57.22	50.85
PTHR11564	8119.6	7949.42	7424.35	215.45	191.48
PTHR11962	3065.7	2980.6	926.39	36.08	32.06
PTHR11963	2615.0	2529.9	1471.82	64.99	57.76
PTHR24315	1115.0	1072.45	332.0	18.25	16.22
PTHR10381	7153.69	6941.0	14212.7	685.04	608.82
PTHR10383	3234.25	3149.15	2718.98	92.84	82.51
PTHR24316	6214.34	6002.1	9175.97	464.95	413.22
PTHR11702	9798.43	9415.5	5590.23	302.03	268.43
PTHR11700	2789.47	2619.33	8449.26	597.85	531.35
PTHR10388	994.82	952.27	15297.83	947.8	842.35
PTHR11934	2683.0	2597.9	1487.32	64.05	56.93
PTHR10145	2532.92	2447.89	1711.72	61.46	54.62
PTHR23273	2490.32	2405.22	791.63	37.99	33.77
PTHR12050	984.5	941.95	1130.15	70.79	62.92
PTHR23163	3439.0	3396.45	6374.12	110.12	97.87
PTHR23050	1098.03	1055.48	16112.06	899.98	799.85
PTHR23056	2469.87	2384.78	2422.44	111.58	99.17
PTHR23054	8370.44	8030.12	3183.01	160.67	142.8
PTHR11638	14947.79	14692.51	40856.3	983.31	873.89
PTHR31783	3831.11	3703.47	1875.0	79.4	70.57
PTHR23291	4953.14	4782.97	11747.46	591.94	526.07
PTHR23293	5236.75	5109.1	7941.98	313.15	278.31
PTHR11140	5104.0	5018.9	5230.98	146.59	130.29
PTHR11141	5371.04	5200.86	1476.49	64.03	56.91
PTHR11142	8526.87	8186.6	1339.74	71.87	63.86
PTHR11143	839.0	796.45	6162.87	457.19	406.32
PTHR11380	764.09	721.56	596.01	48.84	43.41
PTHR11384	12975.76	12507.76	3019.16	129.66	115.22
PTHR32477	1881.53	1796.6	126.52	8.6	7.65
PTHR14043	5318.82	5106.09	1681.45	93.94	83.48
PTHR32472	1349.0	1306.45	102.0	4.6	4.09
PTHR31658	3067.85	2897.7	1248.94	108.47	96.4
PTHR13890	10826.9	10274.09	3527.06	225.32	200.24
PTHR14269	1437.0	1394.45	88.0	3.71	3.3
PTHR23125	46606.67	45330.35	75314.17	1914.01	1701.03
PTHR19211	14477.52	14009.65	688875.98	15400.72	13687.27
PTHR12608	5366.78	5154.04	2119.02	101.76	90.44
PTHR12604	1177.99	1135.44	411.97	21.38	19.0
PTHR12603	3903.0	3775.36	3924.58	117.22	104.18
PTHR32091	2150.43	2022.8	2486.8	209.63	186.31
PTHR23339	5269.56	5184.46	970.0	16.57	14.73
PTHR32098	2222.51	2179.96	704.08	18.97	16.86
PTHR18763	1343.8	1301.26	515.88	23.34	20.74
PTHR22726	1472.74	1430.2	602.18	24.78	22.02
PTHR22727	9467.0	9339.35	3373.04	53.34	47.4
PTHR12428	4099.76	4014.67	3237.61	91.09	80.96
PTHR18968	5177.04	4921.91	5627.43	217.35	193.18
PTHR12730	1925.0	1882.45	348.95	10.9	9.68
PTHR12736	1409.1	1281.67	131.0	19.41	17.24
PTHR12735	2625.0	2497.35	1130.92	63.39	56.33
PTHR15020	3148.98	3021.33	2652.99	147.77	131.33
PTHR12049	3696.45	3568.8	677.19	35.66	31.68
PTHR12558	8320.94	8065.65	1451.09	72.18	64.15
PTHR12553	13616.5	13276.15	2189.11	70.49	62.65
PTHR10497	1229.12	1144.04	9614.74	779.26	692.57
PTHR24073	19396.87	18758.78	33890.6	1675.05	1488.69
PTHR21569	2954.8	2827.16	8221.13	623.37	554.02
PTHR21567	4262.0	4091.8	201.08	10.24	9.11
PTHR13950	3060.59	2890.41	696.05	60.63	53.88
PTHR12133	1374.13	1331.58	553.84	24.49	21.76
PTHR10972	5035.47	4907.83	4423.08	156.98	139.52
PTHR21704	4794.86	4752.31	1305.24	16.11	14.31
PTHR10606	2498.56	2456.01	242.01	5.79	5.14
PTHR10971	3058.32	2973.22	1687.22	65.25	57.99
PTHR22942	9762.98	9422.65	4230.62	176.69	157.02
PTHR11728	1540.61	1498.06	1111.0	43.63	38.78
PTHR13395	1132.21	1047.16	93.0	10.53	9.36
PTHR31803	1747.24	1704.7	10920.41	376.68	334.77
PTHR22891	9198.84	8943.61	6844.09	281.18	249.89
PTHR21368	1616.0	1530.9	2059.45	141.53	125.79
PTHR30508	3986.53	3901.47	13004.33	394.59	350.69
PTHR24067	21138.96	20330.6	26634.1	1555.39	1382.36
PTHR24064	8092.59	7879.85	4557.93	246.33	218.93
PTHR24063	11155.55	10772.72	2314.81	99.74	88.64
PTHR21011	3104.52	2976.87	3915.02	224.48	199.51
PTHR25040	5907.45	5737.25	5824.53	260.87	231.84
PTHR10774	32501.21	31352.6	71354.47	4614.51	4101.13
PTHR24068	2498.1	2370.47	4934.56	322.31	286.45
PTHR12959	2632.03	2589.49	527.0	11.95	10.62
PTHR24115	28350.44	27414.53	6975.01	256.05	227.56
PTHR11825	8579.57	8366.84	3750.22	134.02	119.1
PTHR10809	1376.64	1334.09	3669.99	161.96	143.94
PTHR11822	2043.0	2000.45	12681.78	372.55	331.1
PTHR10555	4049.28	3921.64	1560.06	67.26	59.77
PTHR10806	1003.0	960.45	539.37	33.13	29.44
PTHR10804	14088.26	13620.27	12252.0	519.5	461.71
PTHR11556	5347.38	5134.64	9355.63	433.64	385.41
PTHR11006	7056.64	6801.38	1638.76	77.21	68.61
PTHR22838	1031.29	988.78	992.66	59.21	52.62
PTHR11558	2543.0	2457.9	6491.14	261.28	232.22
PTHR13773	1792.12	1749.57	415.0	13.95	12.4
PTHR20275	1950.54	1908.0	670.0	20.64	18.34
PTHR10537	1076.51	1033.97	154.37	8.8	7.82
PTHR11953	1151.99	1109.44	429.62	22.82	20.28
PTHR11956	2714.0	2628.9	1327.0	58.29	51.81
PTHR11959	3767.76	3640.11	4437.73	259.12	230.28
PTHR11739	2725.35	2640.25	8119.82	356.51	316.85
PTHR11732	18998.77	18360.69	14013.83	646.72	574.76
PTHR11731	11622.32	11324.62	9174.66	285.77	253.98
PTHR11730	8736.83	8439.11	22864.94	737.76	655.68
PTHR11735	3267.05	3139.44	415.0	23.16	20.58
PTHR10394	1154.52	1111.97	8880.18	470.66	418.3
PTHR20941	1708.95	1623.9	338.0	23.82	21.17
PTHR10150	2814.57	2686.93	544.99	38.82	34.51
PTHR31065	1155.4	1112.87	2538.35	134.41	119.45
PTHR10159	12660.34	12192.44	7176.7	355.56	316.01
PTHR10122	1059.89	1017.34	7209.91	417.93	371.44
PTHR23264	4826.07	4698.42	3235.95	121.74	108.2
PTHR23269	1645.86	1518.26	301.0	34.75	30.89
PTHR31204	720.0	677.45	73.0	6.38	5.67
PTHR31201	3978.48	3893.38	2833.99	91.2	81.06
PTHR31209	970.02	927.49	365.96	23.28	20.69
PTHR11607	12095.18	11584.8	8060.87	361.23	321.02
PTHR11606	2197.0	2154.45	683.92	18.65	16.58
PTHR11601	5591.1	5420.99	4058.67	166.31	147.8
PTHR32467	1611.54	1526.49	222.0	21.84	19.42
PTHR23130	20527.09	19846.39	12748.87	616.71	548.1
PTHR23133	1369.0	1326.45	1341.38	59.54	52.91
PTHR23135	5523.63	5353.45	2058.44	109.29	97.13
PTHR23138	2200.73	2115.63	4798.27	280.91	249.65
PTHR23139	3262.58	3092.4	1821.98	145.15	128.99
PTHR31682	2597.68	2470.08	274.0	17.46	15.53
PTHR11040	6746.31	6533.59	2171.0	91.54	81.35
PTHR11043	2114.19	2029.09	1388.76	77.62	68.98
PTHR11042	4654.66	4442.03	981.2	63.5	56.44
PTHR11048	6676.29	6463.57	4899.16	252.28	224.2
PTHR15818	1706.3	1621.21	133.0	9.67	8.6
PTHR12636	1335.73	1293.18	520.76	23.71	21.07
PTHR14490	820.26	735.21	143.0	22.78	20.24
PTHR14493	6633.4	6420.67	4827.53	223.59	198.71
PTHR15651	4217.3	4132.2	1952.27	55.93	49.72
PTHR12380	2303.08	2217.99	1775.32	94.45	83.94
PTHR12385	2754.31	2711.76	1130.6	24.48	21.75
PTHR12706	5829.0	5488.67	432.0	32.87	29.22
PTHR12709	839.18	796.63	252.01	18.69	16.61
PTHR19957	13393.95	12968.52	4937.89	175.47	155.95
PTHR30239	2246.91	2161.82	1515.36	79.81	70.93
PTHR11203	9947.02	9691.73	3026.42	124.57	110.71
PTHR12770	2210.0	2124.9	204.0	8.94	7.94
PTHR12097	3585.0	3542.45	3397.67	56.27	50.01
PTHR11200	12953.45	12443.01	1980.09	101.02	89.78
PTHR21576	18084.22	17403.63	4579.53	249.28	221.55
PTHR24423	49307.91	47521.37	80043.17	1714.79	1524.0
PTHR10046	5357.71	5187.69	3169.82	74.73	66.43
PTHR12419	7132.12	6834.42	2870.73	193.29	171.78
PTHR11757	444.0	401.47	35.0	5.19	4.62
PTHR30525	1827.29	1784.74	1529.0	50.37	44.76
PTHR12413	2945.8	2860.7	541.76	22.35	19.86
PTHR12412	3000.96	2873.32	2581.06	146.08	129.83
PTHR12411	41409.64	39835.81	25565.8	1087.75	966.76
PTHR12146	1060.0	1017.45	5926.27	343.49	305.27
PTHR12415	1257.32	1172.31	160.0	15.96	14.19
PTHR10947	1796.03	1753.48	2000.88	67.09	59.63
PTHR21717	4218.0	4090.36	1471.96	61.73	54.86
PTHR10943	6532.95	6362.75	5767.82	218.58	194.27
PTHR12897	626.46	583.91	239.0	24.26	21.56
PTHR12894	3287.14	3159.54	1306.57	80.82	71.83
PTHR22976	5501.2	5331.0	7786.55	229.29	203.78
PTHR22975	918.0	875.45	366.0	24.68	21.94
PTHR22970	1020.0	977.45	514.0	31.02	27.57
PTHR20922	2899.5	2814.4	3831.83	149.62	132.97
PTHR21377	2488.0	2402.9	4337.95	199.99	177.74
PTHR21371	1990.23	1947.69	7166.58	216.25	192.19
PTHR21373	3371.0	3285.91	347.0	10.22	9.08
PTHR22573	8684.29	8429.0	14149.63	422.62	375.59
PTHR22572	19590.01	18951.86	27694.24	901.31	801.02
PTHR13060	890.0	847.45	53.99	3.76	3.34
PTHR21000	2377.67	2335.12	1346.85	33.88	30.11
PTHR10701	750.0	707.45	457.45	38.25	33.99
PTHR13161	768.93	726.44	262.99	21.4	19.02
PTHR13162	5831.97	5576.89	6017.34	273.52	243.08
PTHR13165	2651.04	2565.94	637.0	29.42	26.15
PTHR21396	1200.0	1157.45	456.96	23.26	20.67
PTHR12459	3640.67	3513.04	1100.0	29.38	26.11
PTHR10681	4511.86	4341.67	17152.27	994.6	883.94
PTHR24106	4220.41	4135.32	2504.99	72.12	64.09
PTHR24103	2083.78	2041.23	576.0	16.58	14.74
PTHR10683	3267.98	3182.88	20346.47	757.81	673.5
PTHR11540	1477.7	1392.64	542.0	45.0	40.0
PTHR10836	7487.16	7061.84	169281.81	7751.75	6889.29
PTHR10835	1746.81	1704.34	344.84	11.9	10.57
PTHR11545	3430.38	3260.24	11253.03	663.34	589.53
PTHR10012	784.23	741.73	148.3	11.82	10.5
PTHR13768	1171.17	1128.62	1354.89	70.75	62.87
PTHR24078	17436.09	16925.6	5684.21	224.32	199.33
PTHR11946	22829.43	22191.43	12321.99	446.76	397.06
PTHR11947	2491.75	2406.65	351.0	20.5	18.22
PTHR11941	9686.2	9388.38	5658.31	249.34	221.6
PTHR24072	3137.23	3052.14	4828.24	204.43	181.68
PTHR10496	437.0	394.47	1.0	0.15	0.13
PTHR10491	1538.06	1495.51	180.0	7.08	6.29
PTHR24076	17928.92	17248.23	19500.36	849.94	755.39
PTHR24077	13400.36	12889.81	15766.53	1054.68	937.35
PTHR11726	1403.19	1318.14	16179.45	942.7	837.82
PTHR11727	2183.02	2097.93	1010.86	54.38	48.33
PTHR11721	895.58	853.03	9035.17	625.45	555.86
PTHR11722	1179.0	1136.45	10733.64	556.57	494.65
PTHR10120	3787.8	3702.71	1330.17	41.45	36.85
PTHR11831	3152.03	2939.45	14001.52	883.76	785.45
PTHR11835	4951.99	4824.34	3852.11	142.53	126.67
PTHR11614	14079.79	13739.41	16735.46	549.8	488.62
PTHR11615	4756.33	4628.69	7133.97	169.5	150.64
PTHR11618	3429.66	3259.46	1334.16	105.76	93.99
PTHR32419	6878.12	6707.92	22467.48	834.43	741.59
PTHR10231	5908.07	5737.88	11794.85	487.94	433.66
PTHR10233	4580.16	4410.02	2740.75	149.44	132.82
PTHR31503	3403.45	3318.38	1141.05	43.15	38.35
PTHR23147	1594.0	1508.91	2311.22	184.78	164.22
PTHR23140	2589.44	2504.43	881.0	42.28	37.57
PTHR23142	1764.57	1679.47	511.41	36.07	32.06
PTHR23149	720.37	677.83	261.0	22.78	20.25
PTHR23148	1424.22	1381.67	213.03	9.08	8.07
PTHR11361	21451.13	20600.32	5242.1	284.7	253.03
PTHR11056	3009.18	2924.08	3352.45	90.71	80.61
PTHR11055	3229.77	3144.67	971.87	34.01	30.22
PTHR32523	2076.79	1991.69	1819.15	99.5	88.43
PTHR10540	3329.8	3202.15	3328.72	165.84	147.39
PTHR22767	6690.98	6605.88	3879.2	84.57	75.16
PTHR12629	2360.48	2275.4	1187.81	40.61	36.09
PTHR18945	10671.09	10288.2	3096.68	143.75	127.76
PTHR26402	6173.67	5918.43	5933.26	186.44	165.69
PTHR19384	9445.02	8977.04	11795.66	676.19	600.99
PTHR12714	3715.39	3587.78	5688.71	289.08	256.92
PTHR32251	2960.02	2832.37	7323.87	333.9	296.75
PTHR12570	2165.66	2080.56	396.0	22.55	20.04
PTHR21494	2227.33	2142.31	120.0	5.94	5.28
PTHR21496	3774.13	3646.49	2473.28	133.99	119.09
PTHR21141	3958.68	3788.48	22637.94	1448.11	1287.0
PTHR21499	8425.77	8170.49	3455.34	77.33	68.72
PTHR21148	2092.2	2007.1	668.0	39.55	35.15
PTHR12083	1561.2	1518.65	93.0	3.6	3.2
PTHR13355	3638.04	3510.41	3131.05	160.36	142.53
PTHR13976	4161.47	3991.28	5913.65	363.2	322.78
PTHR19852	2679.0	2593.9	1407.48	60.81	54.05
PTHR16128	3545.03	3459.94	367.91	12.94	11.49
PTHR12400	1135.19	1092.65	1257.96	67.86	60.31
PTHR12403	1682.2	1597.1	918.02	71.36	63.42
PTHR13572	1737.81	1695.26	451.84	15.67	13.93
PTHR30314	3870.94	3785.85	1561.0	47.25	41.99
PTHR12882	921.44	878.9	53.0	3.56	3.16
PTHR12883	1599.46	1556.92	539.63	20.39	18.12
PTHR16255	548.6	506.06	163.03	19.13	17.0
PTHR16254	8780.61	8525.31	2911.64	106.39	94.55
PTHR22960	2195.09	2109.99	1039.33	64.6	57.41
PTHR13373	635.0	592.45	92.0	9.2	8.18
PTHR13375	1373.0	1287.9	199.0	18.4	16.34
PTHR22967	3965.2	3837.55	635.0	24.73	21.98
PTHR19858	3293.15	3208.07	1208.01	41.24	36.65
PTHR30222	875.02	832.47	131.0	9.29	8.26
PTHR13115	1873.77	1788.67	523.0	34.72	30.86
PTHR13117	2310.13	2267.58	862.17	22.33	19.85
PTHR12975	3466.0	3295.83	87.0	6.88	6.12
PTHR13285	716.0	673.45	42.0	3.69	3.28
PTHR13288	1197.55	1155.03	385.87	19.68	17.49
PTHR10953	19161.75	18481.15	11760.54	502.56	446.63
PTHR10954	2193.54	2108.47	743.65	44.88	39.89
PTHR21726	4072.01	3901.91	1697.1	61.95	55.04
PTHR10956	1433.0	1305.44	5327.37	460.19	408.99
PTHR11538	3393.1	3265.47	2706.97	188.74	167.73
PTHR10826	1054.79	969.72	932.13	89.18	79.26
PTHR21493	19328.26	18732.73	6104.83	246.8	219.34
PTHR11533	5718.05	5590.43	20479.71	571.58	507.99
PTHR11532	1568.51	1525.97	846.45	32.63	29.0
PTHR10000	4980.66	4810.49	1057.14	51.45	45.72
PTHR13021	732.72	690.18	267.0	22.89	20.34
PTHR12290	605.52	563.06	155.0	16.32	14.5
PTHR12295	7192.0	6936.71	1933.61	100.58	89.4
PTHR24007	4082.05	3869.38	657.0	51.16	45.46
PTHR24003	14838.08	14285.15	7111.92	315.7	280.57
PTHR31446	3280.54	3152.95	761.0	39.98	35.54
PTHR31190	6667.99	6455.27	5332.56	196.08	174.26
PTHR11441	1393.4	1350.85	157.0	6.84	6.08
PTHR11440	5772.37	5559.7	4045.05	148.53	132.0
PTHR11999	9321.44	8981.09	22464.32	633.69	563.18
PTHR11449	1313.0	1227.93	5253.9	351.83	312.69
PTHR11994	2135.96	2008.49	10215.06	611.36	543.34
PTHR10133	7055.33	6885.28	1292.23	54.19	48.14
PTHR21649	11305.73	10752.85	222806.75	14034.07	12472.68
PTHR13620	4198.06	4027.91	1024.71	40.95	36.4
PTHR11705	1142.92	1100.38	113.0	6.05	5.38
PTHR11847	1287.0	1244.45	5470.91	258.92	230.12
PTHR11843	1325.73	1240.65	20526.89	1417.14	1259.46
PTHR13138	597.0	554.46	75.0	8.02	7.13
PTHR11662	12886.51	12503.59	3230.73	193.35	171.83
PTHR11669	4965.72	4752.97	919.48	60.37	53.66
PTHR11668	19201.66	18691.11	18992.52	668.37	594.0
PTHR20856	12894.11	12638.87	5010.76	120.85	107.39
PTHR20854	7577.87	7322.57	3564.11	139.09	123.62
PTHR20855	3960.34	3832.72	1442.31	55.53	49.34
PTHR20852	5582.19	5284.45	212893.52	16532.13	14692.8
PTHR32404	4844.76	4632.04	2384.51	136.57	121.37
PTHR20858	322.0	279.51	80.0	17.17	15.26
PTHR11918	4870.05	4699.85	986.0	40.52	36.02
PTHR10634	3106.94	3021.84	11845.73	463.01	411.5
PTHR11709	20471.13	19790.45	3721.79	130.11	115.64
PTHR14898	1815.0	1772.45	757.0	25.11	22.32
PTHR14237	4359.38	4189.19	2216.83	122.08	108.49
PTHR23155	208292.77	200126.48	33308.54	1639.56	1457.17
PTHR23153	3191.53	3063.9	1811.48	99.07	88.04
PTHR23151	12554.05	12043.49	8215.07	471.91	419.4
PTHR11063	2831.31	2746.21	1191.8	48.35	42.97
PTHR11062	69364.09	66642.0	16017.2	798.49	709.66
PTHR11061	4610.24	4270.25	697.0	76.2	67.71
PTHR11065	3751.4	3666.31	2230.06	60.26	53.56
PTHR11064	1804.86	1719.76	3372.73	219.12	194.74
PTHR11260	15381.33	14785.77	65661.48	3698.0	3286.59
PTHR11264	1584.3	1541.75	276.0	10.53	9.36
PTHR11266	6010.97	5755.73	4945.59	341.23	303.27
PTHR13501	1394.52	1351.98	471.19	20.52	18.23
PTHR31998	5338.89	5211.25	20873.61	455.65	404.96
PTHR31221	22469.27	21533.36	11591.83	520.34	462.46
PTHR15838	505.16	462.62	74.0	9.51	8.45
PTHR12850	1047.04	961.98	9275.83	867.8	771.25
PTHR32338	1635.0	1592.45	8243.0	304.48	270.6
PTHR23270	5939.06	5641.22	1083.01	68.29	60.67
PTHR31155	1587.43	1544.88	32401.01	1233.83	1096.55
PTHR12363	5278.81	5151.16	1382.01	44.56	39.6
PTHR20932	743.0	700.45	358.15	30.25	26.88
PTHR18952	3662.0	3534.41	271.0	11.77	10.46
PTHR10552	1030.28	987.73	290.95	17.37	15.44
PTHR12765	768.75	726.2	684.03	55.7	49.5
PTHR22603	1420.56	1378.02	1278.61	54.62	48.54
PTHR12506	2025.0	1897.39	378.0	31.61	28.09
PTHR22604	7431.24	7175.94	1219.26	56.2	49.95
PTHR21481	3921.19	3836.09	1177.4	38.49	34.21
PTHR22778	686.67	644.12	107.0	9.84	8.74
PTHR19446	472.0	429.46	0.0	0.0	0.0
PTHR12219	750.91	708.36	2096.0	175.02	155.54
PTHR13561	598.34	555.84	50.0	5.33	4.74
PTHR13563	1928.23	1885.68	520.05	16.21	14.41
PTHR12210	9217.47	8962.19	8534.75	366.03	325.31
PTHR12215	1573.21	1488.13	611.03	40.9	36.34
PTHR12214	1875.83	1790.74	468.0	28.7	25.51
PTHR12189	1998.11	1913.01	349.95	21.75	19.33
PTHR22911	6511.0	6340.8	2515.68	68.78	61.12
PTHR22912	13474.68	13176.87	27538.81	971.13	863.09
PTHR12183	8856.23	8473.4	2527.17	137.71	122.38
PTHR19849	2486.0	2358.36	756.04	53.8	47.81
PTHR22594	11040.91	10743.08	5428.2	190.61	169.4
PTHR11864	2731.58	2561.61	580.11	35.03	31.13
PTHR21152	5606.73	5479.08	4343.44	144.37	128.3
PTHR30075	2131.2	2046.15	1042.0	45.64	40.56
PTHR11632	3807.32	3679.68	5012.29	197.92	175.9
PTHR13102	2054.69	1969.6	850.22	47.94	42.6
PTHR12984	3832.34	3747.25	1857.93	72.55	64.48
PTHR11630	12795.69	12242.77	4452.88	213.53	189.76
PTHR12302	874.67	832.12	322.42	22.88	20.34
PTHR13299	833.39	790.84	485.0	36.24	32.2
PTHR12652	4585.0	4457.35	4698.76	188.71	167.71
PTHR10925	2935.91	2765.81	927.89	75.34	66.95
PTHR21737	3977.58	3850.03	1099.9	38.7	34.4
PTHR10920	7658.53	7360.71	974.62	66.24	58.85
PTHR10584	12464.44	12124.11	4470.52	171.03	152.03
PTHR11528	8117.0	7946.8	97127.24	3338.49	2967.06
PTHR11527	8231.34	7805.95	101030.99	6907.62	6139.1
PTHR10859	7001.24	6703.59	2781.94	169.95	151.04
PTHR10589	2105.6	2020.52	1592.58	92.79	82.47
PTHR10588	1796.49	1711.46	1439.07	129.49	115.08
PTHR13038	1110.0	1024.91	98.0	11.95	10.63
PTHR13748	6602.1	6389.42	5853.27	238.31	211.78
PTHR13743	13853.17	13300.14	3819.85	166.12	147.65
PTHR24015	91870.61	88680.11	29511.29	1151.64	1023.52
PTHR24012	21683.71	20747.77	32112.28	1669.41	1483.66
PTHR24011	29847.28	28656.17	21223.0	940.64	835.97
PTHR31187	2142.0	2099.45	1735.04	48.56	43.16
PTHR19139	1554.0	1511.45	268.89	10.47	9.3
PTHR21145	1572.68	1530.13	466.0	17.92	15.92
PTHR10458	814.45	771.91	342.0	26.18	23.27
PTHR10108	32986.32	31880.14	24109.28	1085.98	965.15
PTHR11986	11357.49	11102.21	32242.88	1015.94	902.91
PTHR11455	7538.49	7240.72	5382.88	226.17	201.01
PTHR10102	2404.0	2361.45	1368.98	34.05	30.26
PTHR11458	681.0	638.45	2709.17	251.25	223.3
PTHR10106	1074.0	988.92	1171.42	140.64	125.0
PTHR30544	5028.18	4857.99	1452.79	73.52	65.34
PTHR31057	2464.86	2294.69	364.0	39.83	35.39
PTHR20982	1206.07	1163.57	1473.28	74.6	66.3
PTHR11851	23622.19	23026.54	21756.52	766.02	680.81
PTHR23092	7473.81	7176.06	2855.12	186.58	165.82
PTHR23091	11615.94	11105.54	4270.23	257.06	228.47
PTHR11673	1623.44	1538.35	7150.46	457.24	406.37
PTHR11670	8806.37	8593.63	22439.92	770.53	684.79
PTHR11671	1199.0	1156.45	3326.01	169.46	150.61
PTHR20863	2610.43	2482.79	4839.05	363.1	322.7
PTHR20861	3607.82	3480.27	1912.45	78.94	70.16
PTHR11679	13492.52	13152.16	4635.06	104.98	93.31
PTHR14009	5636.65	5509.01	5383.48	137.52	122.22
PTHR10217	21983.91	21515.88	14770.47	318.31	282.89
PTHR14005	2708.14	2623.09	3224.62	114.49	101.75
PTHR10210	4399.37	4229.2	3712.66	210.31	186.9
PTHR31522	1540.03	1497.48	305.0	11.98	10.65
PTHR14221	915.73	830.72	42.0	5.65	5.02
PTHR11079	7045.87	6833.14	6317.9	396.04	351.98
PTHR11076	5051.77	4881.67	894.7	35.65	31.67
PTHR11070	4759.04	4588.85	605.23	32.04	28.47
PTHR11071	20554.56	19746.22	59499.37	3456.78	3072.16
PTHR11278	964.0	921.45	6335.13	405.73	360.59
PTHR11276	1265.87	1180.82	198.0	21.29	18.92
PTHR11274	2575.0	2489.97	1484.33	39.38	35.0
PTHR14136	3278.62	3150.97	2948.44	163.02	144.89
PTHR31984	6075.6	5905.4	4344.1	149.07	132.5
PTHR15350	2856.82	2771.72	3727.59	172.56	153.36
PTHR31695	2985.3	2942.75	595.39	11.88	10.55
PTHR15606	2452.99	2367.89	2462.8	122.44	108.81
PTHR12374	1517.95	1432.86	573.0	55.32	49.16
PTHR12375	1286.29	1243.74	238.0	11.27	10.02
PTHR12378	2273.72	2188.68	2144.02	111.66	99.24
PTHR18929	12668.7	12243.29	48490.8	2534.88	2252.85
PTHR12777	619.0	576.45	3623.76	372.64	331.18
PTHR12775	2063.25	1978.17	2083.0	93.53	83.13
PTHR16092	2886.0	2843.45	3023.0	62.41	55.47
PTHR12406	1480.95	1438.4	800.01	32.73	29.09
PTHR11035	1072.0	1029.45	394.51	22.6	20.08
PTHR22298	14965.0	14454.52	4909.07	184.51	163.97
PTHR12174	4776.15	4605.95	1262.7	74.49	66.2
PTHR12175	2292.74	2207.65	2030.59	101.21	89.95
PTHR12176	9114.21	8816.36	2112.85	98.91	87.92
PTHR22769	2800.91	2673.26	1251.34	81.77	72.68
PTHR10293	5373.16	5202.96	10726.47	462.25	410.83
PTHR22765	3801.54	3716.44	6433.83	201.0	178.64
PTHR22762	5818.67	5733.57	2590.62	51.11	45.42
PTHR22763	3430.76	3303.2	1231.28	52.75	46.89
PTHR22761	2547.91	2462.83	6772.26	332.77	295.74
PTHR21231	3182.19	3054.59	1370.83	85.98	76.4
PTHR21230	4102.87	3932.68	1917.17	134.61	119.62
PTHR21234	1024.0	981.45	135.0	8.11	7.21
PTHR21237	2793.75	2708.65	4415.51	199.37	177.19
PTHR12202	1629.81	1502.19	345.41	41.43	36.82
PTHR12203	3884.07	3713.88	286.0	14.51	12.89
PTHR19857	501.0	458.46	390.82	50.68	45.04
PTHR22904	25065.2	24086.85	21444.38	1074.8	955.23
PTHR19855	1788.05	1745.5	913.0	30.76	27.33
PTHR13353	522.35	479.84	103.0	12.75	11.33
PTHR19853	1603.92	1518.82	140.0	10.25	9.11
PTHR15362	2565.73	2480.64	1474.37	76.31	67.82
PTHR12197	10849.08	10253.49	2593.18	186.4	165.67
PTHR13822	766.77	724.24	3965.01	323.71	287.7
PTHR21319	5063.5	4935.85	1159.98	40.92	36.36
PTHR10732	889.0	846.45	4507.96	314.5	279.51
PTHR10738	1256.12	1213.64	395.0	19.17	17.04
PTHR10739	1639.79	1554.69	521.0	43.97	39.08
PTHR12992	1131.0	1088.45	56.0	3.03	2.7
PTHR22836	2194.0	2108.9	146.0	8.04	7.14
PTHR22880	7397.91	7227.72	2792.04	73.05	64.93
PTHR10938	2379.08	2293.98	1723.32	89.95	79.94
PTHR10934	1262.54	1177.48	15936.61	1103.35	980.6
PTHR11510	1614.71	1572.18	631.81	23.64	21.01
PTHR11516	6523.32	6310.58	5633.85	209.38	186.08
PTHR10025	3489.77	3319.62	1954.02	138.6	123.18
PTHR10026	9825.64	9612.99	9143.4	183.66	163.23
PTHR10027	3691.41	3521.25	1693.43	94.95	84.4
PTHR13009	2790.0	2662.35	4065.99	292.73	260.17
PTHR13007	937.0	894.45	559.0	36.89	32.79
PTHR30115	1972.83	1887.74	2034.0	91.96	81.73
PTHR10598	923.0	880.45	56.0	3.75	3.34
PTHR17901	766.0	723.45	11.0	0.9	0.8
PTHR24351	656.0	613.45	16.0	1.54	1.37
PTHR20981	1264.18	1179.09	5605.23	469.95	417.66
PTHR24352	550.0	507.46	47.0	5.5	4.89
PTHR11467	2244.95	2159.88	9902.35	528.89	470.05
PTHR10119	7078.2	6865.46	7144.52	258.6	229.83
PTHR10114	768.43	725.88	5189.98	422.8	375.76
PTHR10110	8203.13	7990.44	7793.16	291.76	259.29
PTHR11469	4149.37	4064.31	6765.31	195.12	173.41
PTHR10445	779.0	736.45	709.0	56.92	50.59
PTHR11863	5763.64	5550.93	3866.94	172.7	153.5
PTHR24286	4091.0	3963.35	5422.29	191.36	170.07
PTHR23429	3801.51	3716.41	51834.62	1600.71	1422.62
PTHR23426	2320.59	2235.5	1574.06	96.06	85.38
PTHR10593	4705.04	4534.87	2049.0	95.94	85.27
