GeneFamily	length	effective_length	expected_count	TPM	FPKM
PTHR11649	19700.12	19068.65	4275.0	252.79	187.49
PTHR31089	793.0	750.9	73.0	7.26	5.39
PTHR31085	5311.63	5101.17	549.0	38.54	28.58
PTHR11647	3345.04	3260.85	841.0	30.29	22.47
PTHR11645	1291.29	1249.21	928.0	55.29	41.01
PTHR11885	2326.0	2283.9	16669.16	541.83	401.89
PTHR10209	9182.21	8887.55	2272.88	102.57	76.09
PTHR32429	4842.2	4715.9	15101.19	594.84	441.21
PTHR31423	605.0	562.91	158.0	21.04	15.6
PTHR31551	787.0	744.9	246.97	24.78	18.38
PTHR32195	2101.22	2017.03	219.44	16.59	12.31
PTHR11081	4979.0	4810.62	152.0	8.44	6.26
PTHR11080	5508.45	5340.1	1232.05	70.53	52.33
PTHR11082	10001.47	9706.81	2801.62	134.95	100.1
PTHR11085	7591.32	7338.96	3344.02	162.76	120.73
PTHR11089	7620.09	7199.21	1306.99	128.55	95.34
PTHR32518	6843.44	6717.14	3937.13	131.75	97.73
PTHR11247	4607.0	4480.7	1662.89	53.88	39.96
PTHR11246	6285.38	6159.1	2153.15	69.64	51.65
PTHR32512	3432.97	3306.7	620.6	45.21	33.54
PTHR23088	5685.87	5559.59	2952.69	123.05	91.26
PTHR23089	4321.18	4194.89	1038.0	43.02	31.9
PTHR23081	2784.22	2615.84	281.0	31.82	23.6
PTHR23083	38110.48	36932.06	5508.26	291.61	216.28
PTHR23084	7459.75	7123.08	807.01	45.97	34.12
PTHR23086	9400.82	9190.32	5555.99	179.4	133.08
PTHR18806	5442.93	5358.74	4493.86	123.32	91.48
PTHR11880	2798.0	2713.8	10647.62	623.27	462.3
PTHR31953	7492.24	7113.51	930.75	77.1	57.19
PTHR15184	9401.23	9190.74	10624.21	331.54	245.92
PTHR15341	586.11	544.02	113.0	15.57	11.55
PTHR32357	1332.87	1206.62	307.0	57.33	42.52
PTHR15169	2444.93	2360.74	955.1	57.14	42.38
PTHR12341	10653.57	10274.71	834.87	54.65	40.53
PTHR15160	2307.98	2223.79	1154.0	61.5	45.61
PTHR18937	19204.48	18741.46	2870.29	89.28	66.23
PTHR18934	21798.51	20914.65	4255.94	244.58	181.41
PTHR10997	15085.81	14622.76	3604.01	185.69	137.74
PTHR12742	4482.55	4356.25	2016.21	97.02	71.97
PTHR12741	1252.93	1210.84	347.0	21.34	15.83
PTHR16557	918.0	875.9	26.0	2.21	1.64
PTHR19288	7335.55	7125.05	840.95	46.96	34.83
PTHR13902	6513.31	6260.73	2027.49	111.3	82.55
PTHR13903	1955.04	1870.96	403.0	43.91	32.58
PTHR22753	7522.0	7395.7	801.0	22.7	16.83
PTHR22939	22777.86	22188.49	4671.51	206.39	153.09
PTHR16266	2475.7	2349.44	147.0	15.08	11.18
PTHR30612	2700.84	2616.75	780.94	29.92	22.19
PTHR22932	1231.0	1188.9	1296.0	81.17	60.2
PTHR22931	11221.22	11052.84	30802.37	1002.98	743.94
PTHR12233	3574.87	3532.78	1753.44	36.8	27.3
PTHR10993	929.84	887.74	139.0	11.68	8.67
PTHR31038	998.0	955.9	316.0	24.65	18.28
PTHR13832	66568.38	65305.52	25186.11	648.5	481.02
PTHR21139	1812.0	1769.9	4151.99	174.32	129.3
PTHR21136	7861.79	7567.15	3999.24	241.66	179.26
PTHR12526	56293.52	55030.87	14930.87	491.94	364.93
PTHR13120	1814.0	1771.9	908.98	38.12	28.27
PTHR22809	2077.68	1993.49	133.0	9.83	7.29
PTHR22807	7434.71	7097.95	873.37	61.5	45.61
PTHR20661	1836.9	1710.63	201.0	27.2	20.18
PTHR10900	4760.46	4676.26	1669.01	45.73	33.93
PTHR10906	5723.0	5596.7	1775.0	56.64	42.0
PTHR10909	15960.25	15581.49	5979.13	256.35	190.15
PTHR10055	1434.0	1391.9	338.98	18.12	13.44
PTHR10057	4827.61	4659.21	4051.09	263.82	195.7
PTHR10052	948.0	905.9	19200.64	1581.13	1172.78
PTHR13017	1210.0	1167.9	148.0	9.44	7.0
PTHR13018	16850.17	16471.28	4707.26	122.68	91.01
PTHR10694	9224.22	8803.23	1108.09	86.05	63.84
PTHR12839	2959.98	2833.69	411.32	31.66	23.47
PTHR12835	3554.38	3428.09	701.0	40.96	30.38
PTHR24031	74175.32	71691.87	59851.3	2367.53	1756.07
PTHR24032	1306.87	1222.69	88.0	10.87	8.06
PTHR24349	47545.99	46283.2	27747.76	802.77	595.46
PTHR24619	3633.81	3507.54	442.0	40.68	30.17
PTHR24343	28783.93	27899.92	27340.51	927.96	688.32
PTHR11472	8286.73	7992.32	776.65	52.35	38.83
PTHR11476	983.0	940.9	93.0	7.37	5.47
PTHR11477	1341.48	1257.3	154.0	15.04	11.16
PTHR24305	13478.23	13015.18	4505.0	226.08	167.69
PTHR10476	3716.0	3631.8	2649.16	107.28	79.58
PTHR11538	4773.0	4688.8	3864.83	132.52	98.29
PTHR24290	5625.14	5456.82	447.0	13.99	10.38
PTHR23413	1228.63	1144.45	28562.19	2762.66	2049.16
PTHR23417	1893.41	1809.21	316.2	27.69	20.54
PTHR23415	1625.0	1582.9	449.0	21.09	15.64
PTHR10871	1421.0	1336.8	21531.6	2378.83	1764.46
PTHR10877	6768.4	6474.01	957.68	35.78	26.55
PTHR11879	6139.68	6013.41	4489.48	151.6	112.45
PTHR24316	9531.44	9278.86	10089.22	421.25	312.45
PTHR31096	6711.51	6585.22	992.05	33.68	24.98
PTHR31098	6111.0	6026.8	3136.95	72.67	53.9
PTHR11655	2950.11	2823.81	23625.97	2097.08	1555.48
PTHR11652	1951.0	1824.72	22920.41	2815.75	2088.55
PTHR10436	8748.75	8369.91	1032.87	82.01	60.84
PTHR20883	6020.79	5852.44	1269.05	63.36	46.99
PTHR11895	9906.29	9653.75	5668.69	157.3	116.66
PTHR10277	6841.31	6757.11	5923.01	137.41	101.92
PTHR14027	1672.28	1630.19	898.0	40.94	30.37
PTHR12049	4658.45	4490.08	441.0	29.77	22.07
PTHR24095	7836.51	7542.11	12060.45	335.41	248.78
PTHR23180	9277.33	8940.66	6499.32	262.6	194.77
PTHR14593	3007.2	2880.94	566.0	39.15	29.04
PTHR11093	2495.88	2453.78	1463.0	44.25	32.82
PTHR11096	2067.66	1983.48	331.0	30.72	22.78
PTHR23346	8798.54	8672.24	1467.21	32.21	23.89
PTHR10309	2059.0	2016.9	960.0	35.35	26.22
PTHR11252	2182.59	2098.5	583.07	46.43	34.43
PTHR11254	19289.8	18658.47	4562.18	198.2	147.01
PTHR11255	4284.0	4199.8	1053.0	34.03	25.24
PTHR14110	5033.0	4864.61	3835.61	203.99	151.31
PTHR14374	1623.0	1580.9	85.0	4.0	2.96
PTHR18838	2156.69	2114.59	868.0	30.48	22.61
PTHR12687	3350.69	3266.53	486.0	15.56	11.54
PTHR15157	4948.53	4738.12	1023.0	59.69	44.27
PTHR18901	11281.94	10987.32	5692.41	190.98	141.67
PTHR12755	810.0	767.9	59.0	5.74	4.26
PTHR12750	6970.66	6591.81	843.0	90.04	66.78
PTHR12753	1132.0	1089.9	232.0	15.86	11.76
PTHR15574	6940.75	6604.08	685.0	49.76	36.91
PTHR24007	1664.0	1579.81	173.0	15.85	11.75
PTHR13931	8105.86	7895.37	2073.98	81.45	60.43
PTHR31811	1601.0	1516.8	90.0	8.8	6.52
PTHR12358	4730.74	4478.33	272.0	26.59	19.72
PTHR22748	3815.39	3647.01	634.0	54.71	40.58
PTHR12356	3120.0	2993.76	214.0	11.68	8.66
PTHR12221	1686.7	1602.51	562.0	47.13	34.95
PTHR12226	1327.0	1284.9	764.67	44.29	32.85
PTHR19876	5525.0	5398.71	2507.16	98.43	73.01
PTHR19877	2683.0	2598.8	24847.42	1274.75	945.53
PTHR31190	9040.0	8871.62	2892.86	60.1	44.58
PTHR13803	7022.0	6853.61	2491.19	83.08	61.63
PTHR12537	1455.0	1412.9	214.0	11.27	8.36
PTHR12532	2379.0	2336.9	318.0	10.1	7.49
PTHR13486	1307.0	1264.9	177.0	10.42	7.73
PTHR20275	2359.11	2274.98	582.18	27.01	20.03
PTHR13489	600.0	557.91	59.0	7.93	5.88
PTHR17583	4468.81	4216.26	388.0	43.08	31.96
PTHR13572	1602.0	1559.9	76.0	3.62	2.69
PTHR24198	25613.31	24897.81	5079.04	243.24	180.41
PTHR10048	3256.42	3046.01	487.0	43.57	32.32
PTHR10046	5218.69	5008.23	1232.02	75.9	56.29
PTHR10044	3734.97	3608.67	665.0	38.11	28.28
PTHR13060	1320.0	1277.9	102.0	5.94	4.41
PTHR10687	1259.6	1217.51	854.0	52.22	38.73
PTHR13069	1900.71	1774.48	268.0	35.18	26.1
PTHR13068	6192.71	6066.41	1123.0	35.46	26.3
PTHR10682	1088.0	1045.9	536.0	38.19	28.33
PTHR10683	6836.71	6668.31	8721.33	324.96	241.03
PTHR12829	1279.0	1236.9	56.0	3.37	2.5
PTHR12820	2659.0	2574.8	316.84	18.31	13.58
PTHR12826	1629.0	1586.9	624.8	29.27	21.71
PTHR12827	3988.8	3736.32	189.0	20.74	15.39
PTHR17920	2042.0	1957.8	272.91	19.06	14.14
PTHR10137	2088.0	2045.9	1022.18	37.1	27.52
PTHR11405	11007.56	10797.09	6498.0	205.13	152.14
PTHR11404	3379.46	3295.27	7378.54	295.18	218.95
PTHR11406	3415.39	3331.19	43171.89	1660.08	1231.33
PTHR13468	1499.68	1415.58	211.0	20.41	15.14
PTHR23406	13373.7	12994.91	5328.61	158.51	117.58
PTHR10869	25232.03	24432.19	7135.05	372.3	276.16
PTHR31717	486.0	443.91	70.0	11.86	8.79
PTHR13393	453.65	411.57	65.0	11.89	8.82
PTHR12696	5715.59	5673.49	1969.85	25.72	19.08
PTHR11315	2322.45	2238.29	2097.67	138.23	102.53
PTHR10139	2054.38	1970.19	161.0	12.14	9.0
PTHR10956	1320.0	1193.81	15859.36	2094.26	1553.39
PTHR10263	3898.0	3813.8	4100.73	138.08	102.41
PTHR31155	5909.0	5698.54	7442.7	205.17	152.18
PTHR32170	2533.3	2407.01	282.0	25.07	18.59
PTHR23350	1299.0	1256.9	117.03	6.93	5.14
PTHR23354	5211.01	5084.72	993.0	32.22	23.91
PTHR23355	8945.33	8692.75	1464.89	54.01	40.07
PTHR23359	11975.7	11681.11	3873.1	165.57	122.81
PTHR11227	3508.78	3382.52	1007.0	64.84	48.09
PTHR11220	8046.31	7709.58	4045.08	253.35	187.92
PTHR11223	6166.26	6039.97	1301.99	40.66	30.16
PTHR11229	1921.0	1836.8	2080.45	175.95	130.51
PTHR10314	17887.26	17466.26	16855.51	720.46	534.4
PTHR14303	1079.0	1036.9	390.0	28.03	20.79
PTHR11139	31205.69	30490.14	3065.07	100.69	74.7
PTHR15362	1248.2	1206.1	226.0	13.95	10.35
PTHR11132	34269.83	33385.97	10241.76	410.65	304.6
PTHR11134	6101.95	5933.56	2786.99	141.25	104.76
PTHR32374	5116.63	4948.27	2417.02	115.53	85.71
PTHR31579	16454.7	16244.22	14165.58	216.0	160.21
PTHR32379	894.63	852.54	269.0	23.55	17.47
PTHR18919	4242.0	4115.71	2035.87	80.47	59.68
PTHR32002	3402.6	3234.38	469.0	47.82	35.46
PTHR21368	1967.0	1882.8	2151.22	166.35	123.39
PTHR10778	5532.68	5406.39	3100.0	131.17	97.29
PTHR13789	24881.7	24166.05	5685.33	228.7	169.62
PTHR12786	2954.77	2870.58	1605.55	97.35	72.2
PTHR11706	5663.47	5452.99	1630.0	78.86	58.49
PTHR12782	1320.0	1235.81	181.0	21.83	16.19
PTHR11742	5031.36	4905.06	561.07	26.78	19.86
PTHR24188	6564.92	6312.34	1407.98	72.7	53.93
PTHR21213	1168.0	1125.9	1362.0	90.1	66.83
PTHR10182	2534.69	2492.59	643.3	19.15	14.21
PTHR13923	3537.75	3453.55	2299.34	108.4	80.41
PTHR12321	3659.0	3574.8	1243.0	48.87	36.24
PTHR12320	15943.9	15691.31	6310.89	161.82	120.01
PTHR12323	824.0	781.9	61.0	5.83	4.32
PTHR16201	2936.0	2809.71	425.01	23.8	17.65
PTHR21015	3812.34	3728.17	512.0	20.97	15.55
PTHR16196	1684.63	1600.62	462.02	40.55	30.08
PTHR20855	6111.15	6026.95	1475.0	36.48	27.05
PTHR16193	2703.46	2619.26	161.0	8.31	6.17
PTHR22792	5782.04	5613.69	2580.84	106.71	79.15
PTHR22790	1295.09	1252.99	540.0	32.08	23.79
PTHR21680	2234.0	2191.9	627.0	21.24	15.75
PTHR14152	1826.0	1741.8	291.0	24.92	18.49
PTHR21689	2779.0	2694.8	139.0	6.94	5.15
PTHR21113	10888.99	10678.49	3135.99	117.41	87.08
PTHR19316	4630.79	4546.6	4559.53	158.69	117.71
PTHR21663	3830.41	3662.04	419.0	33.81	25.08
PTHR13253	13133.67	12670.59	8747.3	545.28	404.45
PTHR12446	2496.0	2369.72	820.18	52.13	38.67
PTHR21206	1017.87	975.77	248.0	18.95	14.06
PTHR10072	3768.88	3642.59	1087.41	85.42	63.36
PTHR10071	5879.35	5584.83	1795.07	76.52	56.75
PTHR13780	13272.95	12978.27	10684.37	440.81	326.96
PTHR10677	1472.0	1429.9	949.17	49.37	36.62
PTHR13078	7435.26	7182.71	11596.03	451.96	335.22
PTHR11693	3271.0	3186.8	28099.66	1215.3	901.43
PTHR12815	5458.0	5331.7	1846.66	65.88	48.87
PTHR12814	1516.0	1431.8	200.0	20.9	15.51
PTHR24361	15147.46	14558.42	1238.0	73.16	54.27
PTHR24362	25006.63	23954.29	3509.39	152.87	113.38
PTHR10416	2034.0	1991.9	476.0	17.75	13.17
PTHR10410	5693.36	5524.97	3078.71	142.48	105.69
PTHR10783	8609.04	8230.22	6122.93	398.99	295.94
PTHR10782	2765.0	2638.72	360.0	28.59	21.22
PTHR13476	1688.0	1603.8	441.0	41.85	31.04
PTHR10788	8615.12	8488.83	3402.98	89.31	66.24
PTHR10891	22703.29	21987.62	15908.73	809.52	600.45
PTHR10890	3645.0	3518.7	655.14	40.74	30.21
PTHR20426	680.0	637.9	54.0	6.34	4.7
PTHR23213	2570.0	2485.8	145.0	7.79	5.78
PTHR10520	6498.25	6287.84	3201.75	142.83	105.95
PTHR10250	599.21	557.12	183.0	24.62	18.26
PTHR22854	4112.0	3985.7	1769.0	89.53	66.4
PTHR10527	12195.33	12026.93	5264.49	108.97	80.83
PTHR31384	2223.0	2180.9	582.28	19.82	14.7
PTHR10098	3091.93	2965.65	2000.33	95.44	70.8
PTHR10091	4588.17	4419.85	3600.51	310.34	230.19
PTHR31142	2244.0	2201.9	2495.21	84.14	62.41
PTHR31140	7081.0	6954.71	6469.02	153.87	114.14
PTHR31412	4683.35	4599.15	1502.98	46.02	34.14
PTHR11787	1449.0	1322.75	217.57	38.96	28.9
PTHR11785	27990.15	27442.98	9054.24	235.01	174.29
PTHR11782	8186.29	7933.71	1386.99	75.97	56.35
PTHR31419	4070.0	3943.7	264.0	13.18	9.78
PTHR11780	2127.48	2085.38	6081.0	216.55	160.62
PTHR21141	3067.15	2940.86	57821.7	7210.34	5348.17
PTHR32148	10014.58	9761.98	36668.39	2620.42	1943.64
PTHR23324	10498.81	10246.22	1332.34	55.14	40.89
PTHR23327	2412.0	2243.72	76.99	8.56	6.35
PTHR23326	3826.79	3700.51	2252.01	127.39	94.48
PTHR23321	630.0	587.91	2490.1	317.29	235.35
PTHR23323	8811.28	8558.69	2643.51	111.7	82.85
PTHR23322	2594.82	2468.55	1124.02	75.58	56.06
PTHR23329	2169.07	2084.88	451.0	29.52	21.9
PTHR11236	6077.01	5824.45	605.0	35.67	26.44
PTHR20932	4535.66	4451.48	2522.53	82.04	60.85
PTHR10322	10801.67	10296.61	1328.0	86.14	63.9
PTHR11239	5891.93	5765.65	2363.0	99.62	73.9
PTHR10803	3934.87	3850.68	2073.19	86.83	64.4
PTHR31964	12653.57	12316.77	11179.98	583.75	433.0
PTHR23030	2213.08	2170.98	715.0	24.45	18.14
PTHR11129	2240.0	2155.84	638.0	35.39	26.26
PTHR11122	5074.43	4906.03	2741.94	179.07	132.82
PTHR15316	4885.7	4675.24	2553.17	192.12	142.5
PTHR11127	627.0	584.91	17368.45	2224.58	1650.05
PTHR11125	2889.0	2846.9	398.13	10.38	7.7
PTHR31566	2666.0	2539.7	577.0	49.71	36.87
PTHR31567	1776.0	1733.9	2292.83	98.27	72.89
PTHR31561	23979.7	23095.82	22453.96	960.69	712.57
PTHR30615	1475.0	1390.81	229.0	26.81	19.89
PTHR15137	1323.15	1238.98	138.0	13.95	10.35
PTHR22938	2769.64	2643.35	279.37	23.92	17.74
PTHR15952	2978.0	2851.71	393.87	28.41	21.08
PTHR21319	4826.26	4615.81	772.13	66.2	49.12
PTHR11482	11737.02	11442.47	14035.0	410.76	304.66
PTHR13887	1547.0	1504.9	284.0	14.03	10.41
PTHR19271	2939.93	2813.66	667.36	50.66	37.57
PTHR21228	89478.0	86405.41	21931.4	940.75	697.76
PTHR11361	19503.15	18787.63	2586.45	124.18	92.12
PTHR13343	5834.07	5707.78	1476.63	54.43	40.38
PTHR12029	11746.93	11157.71	979.48	95.73	71.01
PTHR21220	719.0	676.9	29.0	3.2	2.38
PTHR22780	8433.39	8222.91	1484.92	61.37	45.53
PTHR21477	4600.0	4515.8	806.0	25.26	18.73
PTHR19308	6415.0	6330.8	6016.51	95.94	71.16
PTHR16301	2427.41	2343.22	495.64	32.13	23.83
PTHR22870	21575.13	20775.41	6151.13	245.37	181.99
PTHR17630	6740.74	6530.34	3814.9	183.25	135.92
PTHR10064	578.0	535.91	15449.01	2161.96	1603.6
PTHR10066	11050.63	10713.93	2719.98	115.71	85.81
PTHR10060	1406.0	1321.8	134.0	14.97	11.1
PTHR10663	16453.52	15990.48	4185.86	198.97	147.57
PTHR10666	8758.7	8421.95	52420.68	3246.9	2408.34
PTHR10668	15710.72	15331.96	3703.27	189.66	140.68
PTHR12265	2300.87	2216.69	1716.97	95.12	70.55
PTHR12801	7522.98	7312.48	4004.56	147.35	109.3
PTHR12802	4661.15	4366.62	625.0	57.37	42.55
PTHR12805	1436.9	1352.71	198.0	21.99	16.3
PTHR12806	764.0	721.9	63.0	6.52	4.84
PTHR21091	17329.17	16950.28	5140.33	230.52	170.99
PTHR21090	1427.99	1385.9	963.81	51.74	38.37
PTHR24315	1237.0	1194.9	682.16	42.51	31.53
PTHR24314	5460.76	5334.46	997.89	43.71	32.42
PTHR11933	2247.55	2121.27	203.0	19.17	14.22
PTHR11932	7890.42	7680.0	4927.34	175.45	130.13
PTHR11426	2717.0	2590.73	11857.12	772.52	573.0
PTHR11937	10385.0	10006.15	8278.8	352.25	261.29
PTHR11938	15628.36	15417.87	6405.16	142.44	105.66
PTHR31057	3504.4	3378.12	469.22	31.55	23.39
PTHR13683	5407.45	5239.06	2190.76	108.35	80.37
PTHR24089	67069.59	65006.89	43940.16	2113.7	1567.84
PTHR10796	4207.09	4122.89	781.49	25.78	19.12
PTHR10794	3938.28	3769.89	531.01	37.23	27.62
PTHR10795	55159.34	53854.39	11495.1	408.68	303.15
PTHR10792	720.0	677.9	17139.48	1891.04	1402.65
PTHR10799	46836.37	44773.99	4769.4	325.16	241.2
PTHR10882	1399.0	1356.9	134.0	7.35	5.45
PTHR10887	36997.52	35776.96	6303.19	250.39	185.75
PTHR11686	1853.57	1769.4	343.0	29.24	21.69
PTHR11685	6477.18	6224.7	2125.88	82.41	61.12
PTHR11680	6690.0	6563.7	5185.74	159.64	118.42
PTHR24221	25628.41	25039.11	4383.08	167.3	124.1
PTHR24220	7067.66	6773.01	1540.0	130.97	97.14
PTHR24223	31289.72	30574.21	9227.98	205.77	152.6
PTHR11689	13766.43	13555.95	2323.82	57.94	42.99
PTHR10252	3442.78	3316.5	595.0	31.01	23.01
PTHR13082	1710.0	1667.9	870.06	38.77	28.76
PTHR13124	1131.0	1046.82	134.0	17.37	12.89
PTHR31173	5276.9	5066.4	594.0	41.47	30.76
PTHR12538	693.0	650.9	34357.52	3949.66	2929.6
PTHR31606	1950.5	1908.41	2376.0	92.49	68.6
PTHR31356	4651.49	4525.31	7667.05	330.3	245.0
PTHR31352	2705.0	2620.8	620.45	35.05	26.0
PTHR31350	6392.93	6182.47	1729.06	79.76	59.14
PTHR11758	1501.0	1416.8	14136.96	1373.95	1019.1
PTHR23333	667.0	624.91	329.0	39.41	29.23
PTHR11751	23549.79	22876.33	10922.68	413.63	306.83
PTHR11753	2150.0	2023.7	670.0	76.13	56.47
PTHR11752	34298.65	33583.04	5446.94	148.01	109.79
PTHR24423	7780.31	7611.95	1682.96	59.55	44.16
PTHR11206	21480.84	20933.62	3124.37	144.56	107.23
PTHR11757	11296.22	10917.46	2679.92	130.26	96.62
PTHR24420	88890.18	86575.21	36707.81	912.22	676.64
PTHR10332	9119.23	8866.65	4124.74	189.4	140.48
PTHR14145	2202.52	2160.43	1661.96	57.12	42.37
PTHR17695	4820.0	4525.36	233.0	25.24	18.71
PTHR13600	5885.79	5675.3	2970.95	145.11	107.64
PTHR12363	8512.58	8217.92	1135.0	51.5	38.19
PTHR23029	12744.42	12365.57	4433.82	178.64	132.49
PTHR23023	7944.61	7649.94	866.0	73.38	54.43
PTHR31385	3861.05	3734.76	388.0	24.43	18.13
PTHR21294	1328.0	1285.9	419.0	24.25	17.99
PTHR11119	5965.5	5797.1	1448.0	56.78	42.12
PTHR31595	4535.59	4325.12	380.0	27.01	20.04
PTHR31596	1769.87	1685.68	142.0	12.47	9.25
PTHR15948	803.0	760.9	92.0	9.03	6.7
PTHR32026	1899.86	1857.76	288.0	11.52	8.54
PTHR31829	1491.0	1448.9	4194.92	215.34	159.72
PTHR14898	2810.15	2725.95	1110.0	66.49	49.32
PTHR19241	47608.42	46514.01	17604.78	519.75	385.53
PTHR14894	1599.35	1515.16	247.0	24.84	18.42
PTHR15239	6402.94	6192.49	900.25	44.28	32.85
PTHR32497	4927.0	4800.7	931.0	40.13	29.76
PTHR12497	3763.63	3637.37	1022.67	35.28	26.17
PTHR12302	4056.0	4013.9	4292.82	79.28	58.81
PTHR12304	2459.0	2374.8	236.86	14.52	10.77
PTHR30540	3982.32	3687.77	91.0	11.46	8.49
PTHR30544	5749.59	5497.05	1490.39	93.4	69.27
PTHR13302	1102.0	1017.83	190.0	26.65	19.76
PTHR12472	2257.64	2173.46	147.95	8.72	6.47
PTHR13308	3938.28	3811.98	2644.12	125.02	92.73
PTHR12477	5977.0	5808.6	965.93	58.81	43.62
PTHR13878	20319.86	19814.77	2488.0	94.94	70.41
PTHR21461	1816.0	1773.9	261.0	10.93	8.11
PTHR13872	7370.0	7159.51	25354.56	1310.42	971.98
PTHR22849	6237.64	5943.08	1386.0	112.01	83.08
PTHR21314	2258.63	2174.43	359.0	25.28	18.75
PTHR13271	31544.85	30450.46	5304.74	259.21	192.25
PTHR22841	7013.13	6844.79	10248.58	273.72	203.03
PTHR22847	51869.2	50143.67	7775.45	372.74	276.45
PTHR22844	14816.34	14269.15	1904.57	89.16	66.12
PTHR23284	1064.0	1021.9	281.0	20.49	15.2
PTHR21266	19234.26	18561.03	10608.68	343.56	254.83
PTHR12271	4566.56	4398.16	428.0	29.78	22.09
PTHR12277	5278.71	5110.31	1617.97	95.4	70.76
PTHR12276	2288.54	2162.26	337.0	34.03	25.24
PTHR10657	2599.0	2514.8	1274.0	74.93	55.59
PTHR10655	2716.0	2631.8	1076.0	77.38	57.39
PTHR10652	1817.0	1732.8	443.0	36.34	26.96
PTHR17972	2205.01	2078.71	181.0	19.57	14.52
PTHR10751	9953.41	9785.06	2282.0	65.75	48.77
PTHR21085	2658.0	2615.9	1755.99	49.81	36.95
PTHR11922	5554.03	5385.69	2635.98	123.54	91.64
PTHR10438	38933.97	38007.86	41958.68	2135.16	1583.72
PTHR11926	13519.21	13140.34	1740.0	79.11	58.66
PTHR11431	1832.5	1748.34	3077.81	243.47	180.59
PTHR10430	5263.43	5095.04	14000.96	771.35	572.14
PTHR10434	1274.0	1231.9	419.41	25.34	18.8
PTHR24096	19230.19	18598.96	3544.07	200.02	148.37
PTHR13693	6401.27	6232.88	1175.0	49.09	36.42
PTHR13691	2526.0	2441.8	207.0	14.79	10.98
PTHR24092	11306.64	11138.25	3922.88	66.48	49.3
PTHR24093	61874.83	60065.22	24820.97	1033.05	766.21
PTHR22936	5829.54	5661.14	1383.0	68.58	50.87
PTHR13451	1974.9	1890.73	287.97	18.68	13.86
PTHR13452	1835.0	1750.8	509.0	45.26	33.56
PTHR10759	1126.0	1083.9	15569.25	1070.16	793.77
PTHR12901	2124.34	2082.25	458.98	16.37	12.14
PTHR12903	1872.0	1787.8	3375.34	258.85	192.0
PTHR13992	1355.0	1270.81	110.0	13.71	10.17
PTHR23237	504.0	461.91	310.0	50.43	37.41
PTHR10501	5383.0	5340.9	4588.92	63.67	47.22
PTHR31169	1987.0	1902.8	309.0	24.68	18.3
PTHR14087	544.0	501.91	36.0	5.38	3.99
PTHR23309	5009.25	4925.05	1640.33	47.29	35.07
PTHR23308	6452.81	6158.28	6905.09	246.93	183.19
PTHR31344	3934.0	3891.9	311.0	5.92	4.39
PTHR31619	2306.0	2263.9	4039.99	132.48	98.27
PTHR23306	2138.0	2095.9	382.0	13.53	10.04
PTHR23305	8618.2	8449.81	4501.96	204.94	152.01
PTHR14089	1448.64	1406.55	129.0	6.82	5.06
PTHR11748	8665.18	8412.6	2080.49	107.13	79.46
PTHR11214	1464.99	1422.9	792.05	41.4	30.71
PTHR11216	5682.36	5514.02	1119.45	56.36	41.8
PTHR11210	2056.84	1972.71	2376.07	154.63	114.69
PTHR14154	14029.4	13608.41	6119.25	351.09	260.41
PTHR14155	7250.02	6955.38	2010.72	169.09	125.41
PTHR10343	3019.0	2934.8	958.05	47.99	35.6
PTHR11699	12204.81	11868.07	3691.96	183.1	135.82
PTHR11692	2700.0	2657.9	759.0	21.19	15.72
PTHR12403	2794.39	2710.2	960.03	52.4	38.86
PTHR11695	24963.78	24206.14	9073.67	411.47	305.21
PTHR31760	538.63	496.56	200.0	30.23	22.42
PTHR31906	11544.39	11165.53	2606.14	137.36	101.89
PTHR21419	1795.35	1753.25	625.04	26.49	19.65
PTHR23012	21412.84	20907.82	23072.07	758.47	562.58
PTHR11101	10057.9	9805.35	1831.78	48.94	36.3
PTHR11102	5106.03	4979.74	2333.02	96.99	71.94
PTHR11106	2279.85	2195.65	1189.0	88.14	65.38
PTHR31585	4662.21	4493.81	664.0	43.35	32.16
PTHR32125	2226.0	2141.8	1707.9	109.9	81.52
PTHR31588	667.0	624.91	29.0	3.47	2.58
PTHR32120	1563.62	1479.43	260.0	25.58	18.97
PTHR10288	16126.85	15874.26	19440.69	487.79	361.81
PTHR15680	640.0	597.91	1829.0	229.11	169.94
PTHR11374	2456.7	2414.61	2916.94	89.67	66.51
PTHR11808	10757.05	10546.65	6303.09	183.0	135.73
PTHR24347	8987.0	8650.23	1967.0	119.21	88.43
PTHR18895	3429.4	3303.17	532.9	30.53	22.64
PTHR12486	773.0	688.88	10.99	2.37	1.76
PTHR21262	4604.83	4478.53	487.0	22.75	16.88
PTHR12480	3521.23	3310.9	216.0	15.44	11.46
PTHR12482	3626.01	3457.64	195.0	15.01	11.13
PTHR11042	6536.0	6283.48	713.01	38.63	28.66
PTHR12317	16234.04	15939.35	5841.74	157.11	116.52
PTHR12649	1308.0	1265.9	230.99	13.58	10.07
PTHR12461	6378.72	5999.94	538.51	53.25	39.49
PTHR12466	2320.0	2235.8	454.0	29.59	21.94
PTHR13847	13537.12	12863.78	4083.49	241.19	178.89
PTHR12000	3054.92	2928.62	667.96	54.63	40.53
PTHR12001	8243.0	8116.7	4210.53	108.37	80.38
PTHR21327	4594.38	4426.02	1657.0	104.58	77.56
PTHR21631	6129.58	5961.18	4830.47	238.39	176.83
PTHR22855	11042.55	10832.05	9803.56	302.37	224.28
PTHR22850	11750.68	11371.98	4657.76	184.09	136.55
PTHR22504	3592.72	3550.63	2247.89	46.94	34.82
PTHR12965	2914.0	2871.9	327.0	8.45	6.27
PTHR22915	13257.72	12920.96	2314.06	83.42	61.88
PTHR21256	3115.75	3031.55	1958.09	91.54	67.9
PTHR12266	6494.35	6325.96	2127.08	84.04	62.35
PTHR10648	4814.0	4687.7	1810.74	60.98	45.23
PTHR10641	23419.08	22577.2	3976.14	241.34	179.0
PTHR19842	1239.0	1196.9	301.0	18.72	13.89
PTHR10644	10835.09	10666.69	2401.55	54.13	40.15
PTHR12864	5108.26	4897.83	1031.9	58.21	43.18
PTHR12860	2052.58	2010.48	1216.0	44.92	33.32
PTHR13194	1565.0	1522.9	318.0	15.53	11.52
PTHR13190	4425.15	4340.96	687.0	27.13	20.13
PTHR13193	1279.0	1236.9	184.0	11.07	8.21
PTHR23416	4265.0	4138.7	1439.98	77.56	57.53
PTHR11913	2771.0	2728.9	1336.41	36.34	26.95
PTHR11911	9617.0	9406.5	9074.86	398.28	295.42
PTHR11910	3328.0	3243.8	36932.34	1870.3	1387.27
PTHR14950	7193.38	6772.48	913.85	78.2	57.99
PTHR11918	6395.2	6226.81	1276.6	52.48	38.93
PTHR12919	1989.0	1904.8	3139.81	309.01	229.21
PTHR12910	1558.48	1474.29	1255.32	146.76	108.86
PTHR12917	1154.78	1112.69	331.0	22.16	16.44
PTHR15954	3073.65	3031.55	594.98	14.56	10.8
PTHR11351	6855.6	6687.22	1108.74	37.19	27.58
PTHR11353	35170.8	34455.14	36742.65	1188.32	881.44
PTHR11599	20569.4	19937.9	20777.96	1147.17	850.87
PTHR10516	21187.94	20388.11	13262.03	870.06	645.33
PTHR11592	4810.0	4641.6	1897.53	143.17	106.2
PTHR13273	1055.0	1012.9	1209.08	88.97	65.99
PTHR31724	2555.97	2471.78	4235.31	224.08	166.21
PTHR13734	2273.0	2146.73	133.07	13.74	10.18
PTHR31620	6766.0	6639.7	7453.67	196.42	145.68
PTHR23315	32461.4	31577.52	8861.6	276.72	205.26
PTHR23316	3950.0	3907.9	3233.88	61.35	45.51
PTHR11778	4362.65	4278.46	8481.56	273.92	203.18
PTHR11774	2984.9	2900.7	718.69	36.96	27.42
PTHR11773	4364.0	4321.9	3941.06	67.59	50.13
PTHR11772	7647.63	7437.16	7794.62	309.17	229.33
PTHR10357	34167.69	33578.39	13090.8	321.42	238.41
PTHR10353	9225.1	9014.61	4247.34	156.84	116.34
PTHR10350	2520.0	2477.9	600.0	17.97	13.33
PTHR10351	3634.0	3549.8	4781.69	455.64	337.96
PTHR32557	1843.0	1800.9	1656.35	68.34	50.69
PTHR10359	2431.66	2263.3	193.0	27.72	20.56
PTHR32442	2505.0	2462.9	1404.0	42.31	31.38
PTHR31750	1088.0	1003.83	91.0	14.2	10.53
PTHR23418	684.81	642.71	823.0	95.83	71.08
PTHR14189	2233.0	2148.8	193.0	13.55	10.06
PTHR21021	1870.52	1744.42	416.08	52.05	38.61
PTHR32228	2194.0	2151.9	207.0	7.14	5.3
PTHR31245	2011.0	1968.9	1110.0	41.87	31.06
PTHR23001	2093.0	2008.8	2190.0	143.66	106.56
PTHR23002	1849.0	1722.73	167.12	23.31	17.28
PTHR30178	2163.0	2120.9	6989.29	244.71	181.51
PTHR22904	34065.58	32760.81	8320.73	406.62	301.61
PTHR11177	3090.55	3006.36	559.99	28.21	20.92
PTHR11178	5950.32	5824.02	3798.16	126.33	93.71
PTHR31808	1570.85	1486.66	327.01	32.2	23.89
PTHR31803	2858.0	2815.9	855.98	22.55	16.73
PTHR11009	2466.0	2381.8	1162.09	66.69	49.47
PTHR10099	4329.0	4286.9	3319.09	57.39	42.57
PTHR19229	25294.88	24326.93	4565.05	242.83	180.09
PTHR11005	12903.45	12524.72	2447.88	113.17	83.93
PTHR11006	9351.42	9014.68	2157.02	111.14	82.44
PTHR18640	3583.3	3457.03	279.0	14.21	10.54
PTHR18866	22534.48	22155.6	155544.2	3939.65	2922.17
PTHR12022	1114.0	1071.9	3964.59	275.58	204.41
PTHR15074	2420.47	2336.28	206.0	13.06	9.69
PTHR15588	1185.56	1101.39	332.0	52.24	38.75
PTHR12677	12288.01	11951.34	3004.14	133.97	99.36
PTHR19134	3739.04	3612.79	1555.04	52.82	39.18
PTHR19139	10426.74	10174.27	19437.37	797.43	591.48
PTHR12456	1428.99	1344.81	151.0	14.98	11.11
PTHR12452	1259.29	1217.19	460.0	28.14	20.87
PTHR23240	2521.18	2394.9	125.0	10.44	7.74
PTHR19359	3112.0	2985.71	747.0	78.53	58.26
PTHR12072	4223.51	4055.12	427.0	29.07	21.57
PTHR13218	489.96	447.93	121.0	20.3	15.06
PTHR13215	1027.2	943.03	42.0	6.81	5.05
PTHR13213	3045.0	2918.71	389.14	28.47	21.11
PTHR12290	2637.14	2552.94	887.95	57.32	42.52
PTHR21530	6638.0	6469.6	811.94	34.53	25.62
PTHR12295	7688.08	7477.59	1201.88	50.33	37.34
PTHR12298	4093.28	3882.83	433.0	39.13	29.03
PTHR10638	8537.65	8411.35	4927.03	116.56	86.45
PTHR10631	2266.67	2182.51	1222.73	63.12	46.82
PTHR10984	2795.0	2752.9	678.74	18.29	13.57
PTHR12858	4546.2	4377.84	1206.0	73.96	54.86
PTHR13505	896.0	853.9	459.0	40.12	29.76
PTHR12856	911.63	869.54	97.0	8.32	6.17
PTHR12855	1536.07	1493.97	1702.99	84.76	62.87
PTHR12854	1107.0	1064.9	288.53	20.19	14.97
PTHR13182	1831.0	1746.8	643.17	54.79	40.64
PTHR10855	4232.0	4147.8	2031.88	72.79	53.99
PTHR10585	3156.67	3072.47	3163.03	152.53	113.14
PTHR10743	1702.72	1660.62	617.96	27.66	20.52
PTHR10742	26879.7	26164.06	8300.05	264.54	196.2
PTHR10745	3471.0	3428.9	1323.01	28.61	21.22
PTHR10744	3325.62	3199.33	23697.8	2196.89	1629.52
PTHR10746	2874.74	2790.55	5128.47	318.14	235.98
PTHR11099	4519.0	4476.9	1062.9	17.6	13.05
PTHR12924	1706.0	1663.9	4545.15	203.04	150.6
PTHR11659	1504.7	1462.64	296.16	15.06	11.17
PTHR11349	4364.0	4153.51	12766.57	1240.0	919.75
PTHR10566	39715.47	38494.75	6366.42	309.13	229.3
PTHR10293	4045.74	3877.36	2490.99	200.73	148.89
PTHR10291	4768.91	4600.57	1526.0	68.77	51.01
PTHR11584	9959.64	9707.05	2529.47	87.31	64.76
PTHR11586	2840.0	2713.7	757.07	63.64	47.2
PTHR11909	6804.15	6593.76	4274.89	224.35	166.4
PTHR24320	10005.71	9668.94	2426.97	135.32	100.39
PTHR24322	30849.22	29838.93	15351.94	748.44	555.17
PTHR11907	4172.88	4046.6	1428.98	64.98	48.2
PTHR11760	3309.0	3182.7	22610.73	1692.42	1255.33
PTHR11761	2777.08	2692.89	33661.73	4265.78	3164.09
PTHR11766	1735.0	1650.81	642.0	48.34	35.86
PTHR11767	3072.28	2988.09	167.94	9.91	7.35
PTHR10361	1387.97	1303.92	868.0	115.06	85.34
PTHR10366	32128.52	31244.51	25280.02	1025.83	760.9
PTHR10169	7496.45	7244.25	1127.0	59.2	43.93
PTHR10168	4649.0	4438.52	3384.84	228.57	169.54
PTHR20973	2319.17	2277.08	339.0	11.05	8.2
PTHR10165	6788.07	6619.68	4364.93	174.32	129.29
PTHR31032	1069.0	1026.9	418.0	30.34	22.5
PTHR23257	115097.5	110804.94	34671.04	1615.76	1198.47
PTHR23253	4847.36	4636.87	1782.85	142.53	105.72
PTHR14190	3697.0	3612.8	407.09	16.96	12.59
PTHR14194	5304.0	5135.6	1427.0	80.69	59.85
PTHR31251	20673.21	19620.99	6144.16	435.28	322.85
PTHR23074	12404.53	11941.46	2365.99	112.98	83.8
PTHR23077	14998.45	14451.35	4564.1	171.37	127.11
PTHR23076	28775.67	28270.5	13462.21	402.89	298.85
PTHR30239	1608.0	1565.9	413.0	19.61	14.54
PTHR23073	8277.0	8024.44	6547.34	331.06	245.56
PTHR23078	2898.0	2855.9	1013.0	26.32	19.52
PTHR11165	1454.0	1411.9	4917.91	259.1	192.18
PTHR10772	2860.0	2733.7	5410.54	442.94	328.54
PTHR32100	9024.0	8771.49	73256.5	2268.08	1682.31
PTHR14445	3857.0	3646.65	408.32	36.62	27.16
PTHR23109	334.0	291.97	10.0	2.59	1.92
PTHR23102	3239.93	3113.77	1129.07	85.48	63.4
PTHR23105	7741.82	7405.03	48307.18	3225.48	2392.45
PTHR11010	9439.34	9228.95	2007.99	118.94	88.23
PTHR11014	10342.51	10005.78	2839.0	145.11	107.63
PTHR12668	3657.62	3531.34	1430.5	75.58	56.06
PTHR12661	1383.0	1340.9	402.0	22.31	16.55
PTHR12663	7058.0	6889.6	918.0	44.91	33.32
PTHR12664	1287.0	1244.9	270.0	16.14	11.97
PTHR16166	17721.57	17006.07	1039.48	53.74	39.86
PTHR12111	2949.0	2864.8	1015.95	44.76	33.2
PTHR12447	1997.0	1912.8	149.0	11.21	8.31
PTHR15481	1382.0	1339.9	420.0	23.32	17.3
PTHR26379	4807.21	4723.02	2657.69	76.73	56.91
PTHR12599	2050.0	1965.8	2468.0	187.04	138.73
PTHR12596	7263.09	7052.62	1209.97	57.89	42.95
PTHR12590	3550.03	3423.75	6295.84	262.5	194.7
PTHR12066	2707.93	2455.72	125.0	26.22	19.44
PTHR12064	9416.36	9037.53	1169.0	76.88	57.03
PTHR13226	3551.41	3425.12	259.63	15.56	11.53
PTHR13889	4423.0	4338.8	1455.68	43.43	32.22
PTHR21181	2754.33	2628.16	681.0	41.74	30.96
PTHR12412	3362.0	3319.9	656.0	14.65	10.87
PTHR12146	806.0	763.9	22962.6	2245.68	1665.7
PTHR10458	630.0	587.91	108.0	13.76	10.21
PTHR19306	4867.66	4783.47	2526.54	75.32	55.87
PTHR21506	982.95	940.86	396.0	31.39	23.28
PTHR12280	4797.5	4629.15	299.0	20.23	15.01
PTHR12281	2930.61	2846.41	1582.01	64.04	47.5
PTHR12286	4636.61	4468.25	637.08	36.92	27.38
PTHR30573	2874.0	2789.8	676.0	36.61	27.15
PTHR22983	6982.75	6814.36	1457.76	67.51	50.07
PTHR22981	9304.52	9136.13	1610.95	56.5	41.92
PTHR30191	1271.0	1144.86	198.0	37.55	27.85
PTHR10629	11195.83	10859.12	2754.04	112.43	83.39
PTHR10994	5401.71	5233.32	2497.12	156.2	115.86
PTHR10996	12257.98	12005.42	6537.69	186.28	138.16
PTHR10625	18474.72	17885.36	5856.88	275.82	204.58
PTHR10992	53877.26	52319.82	11178.84	453.24	336.2
PTHR12848	2752.0	2667.8	251.02	13.92	10.32
PTHR12849	1816.57	1732.38	197.0	17.89	13.27
PTHR10943	7066.76	6856.26	2722.0	154.66	114.71
PTHR12847	4821.36	4652.97	1815.12	116.09	86.11
PTHR12841	1391.0	1348.9	572.0	31.55	23.4
PTHR21290	1072.57	1030.48	87.0	6.29	4.67
PTHR21349	1093.0	1008.82	1857.5	243.64	180.72
PTHR21347	2000.0	1957.9	477.0	18.1	13.42
PTHR19861	1349.36	1307.27	532.0	30.28	22.46
PTHR21343	1868.67	1742.44	66.0	9.27	6.88
PTHR10196	4842.81	4674.47	682.96	38.7	28.71
PTHR10192	734.0	691.9	129.0	13.94	10.34
PTHR10755	4124.27	4040.07	3731.1	113.42	84.13
PTHR10758	4719.63	4635.52	2338.34	73.01	54.15
PTHR13152	1524.81	1482.72	10789.45	541.11	401.36
PTHR12932	4050.0	3965.8	414.6	15.38	11.41
PTHR12934	2393.42	2309.23	3423.59	264.24	195.99
PTHR13265	1182.0	1139.9	147.0	9.6	7.12
PTHR11800	4302.0	4217.8	1051.02	37.48	27.79
PTHR11802	14726.84	14263.88	5313.09	236.13	175.14
PTHR11804	14787.63	14366.72	9614.78	321.25	238.29
PTHR11807	1239.16	1197.06	103.0	6.41	4.75
PTHR10281	1963.48	1879.28	1986.87	156.81	116.31
PTHR10283	20827.24	20406.28	12896.65	395.27	293.17
PTHR10285	10393.44	10056.65	16451.47	700.36	519.48
PTHR10286	3213.09	3086.8	40381.74	2534.16	1879.68
PTHR11579	6672.5	6546.21	1852.85	72.0	53.4
PTHR13718	4596.0	4469.7	22630.42	1542.35	1144.02
PTHR13711	6831.65	6579.13	12547.96	623.59	462.53
PTHR13710	13056.0	12592.93	570.0	39.67	29.44
PTHR11977	3059.16	2975.15	989.0	36.23	26.87
PTHR22970	2260.36	2176.16	543.71	38.18	28.32
PTHR11972	4102.67	4018.47	304.0	10.56	7.83
PTHR31480	1792.14	1750.05	476.59	20.24	15.01
PTHR31485	3869.0	3784.8	686.0	27.14	20.14
PTHR11715	1110.0	1067.9	5367.75	374.52	277.79
PTHR11717	3413.6	3245.32	1264.0	81.66	60.57
PTHR11711	11155.58	10860.89	11397.25	543.66	403.26
PTHR11712	7049.47	6881.17	5774.83	210.78	156.34
PTHR10374	3337.06	3252.86	3602.55	154.13	114.32
PTHR10178	32883.94	32084.28	79662.75	2109.34	1564.57
PTHR20961	8889.25	8678.76	1298.97	58.72	43.55
PTHR10173	8352.0	8099.4	4414.12	260.76	193.43
PTHR10177	28856.58	28309.32	12170.9	278.0	206.17
PTHR10174	9819.59	9609.12	6627.08	288.83	214.24
PTHR23249	3481.25	3397.06	1175.92	65.94	48.9
PTHR23244	25008.71	24377.35	4815.41	185.27	137.42
PTHR23245	1481.87	1397.71	98.0	9.64	7.15
PTHR14614	11210.11	10705.06	7970.23	388.19	287.93
PTHR31268	2653.75	2443.36	146.66	22.34	16.58
PTHR31262	1907.0	1822.81	370419.89	23043.6	17092.26
PTHR23063	4003.74	3877.52	696.0	38.03	28.21
PTHR11620	1353.0	1268.81	21703.21	1976.76	1466.24
PTHR11624	11842.17	11631.69	77479.2	2613.88	1938.8
PTHR11627	11257.68	11047.18	113750.79	4967.76	3684.75
PTHR26312	5073.36	4904.97	734.0	45.16	33.51
PTHR11390	6431.52	6221.02	637.0	28.23	20.94
PTHR31319	3436.0	3393.9	5167.56	112.91	83.75
PTHR14052	2394.0	2351.9	255.0	8.05	5.97
PTHR32118	1627.0	1584.9	1942.25	91.11	67.58
PTHR23117	3882.96	3714.68	1150.87	87.73	65.06
PTHR23115	41206.02	40153.73	98953.86	3389.19	2513.92
PTHR11028	1997.0	1954.9	1219.99	46.35	34.38
PTHR11024	2743.0	2700.9	1366.14	37.53	27.84
PTHR15081	4285.76	4201.56	955.22	37.05	27.49
PTHR11777	6243.56	6117.27	5409.23	206.37	153.07
PTHR12616	2692.0	2607.81	201.0	10.2	7.56
PTHR12613	3959.75	3917.66	831.0	15.73	11.66
PTHR12612	801.0	758.9	1251.72	123.23	91.4
PTHR32060	4569.84	4443.59	576.0	24.7	18.32
PTHR12126	4672.0	4587.8	2719.96	109.07	80.9
PTHR12124	5257.75	5047.48	749.0	65.6	48.65
PTHR22734	1557.0	1514.9	156.0	7.66	5.68
PTHR12121	10396.34	9933.41	1673.65	84.62	62.76
PTHR12438	861.11	819.02	60.0	5.47	4.06
PTHR15492	694.0	651.9	21.0	2.41	1.79
PTHR21426	2255.0	2212.9	522.24	17.52	13.0
PTHR21427	657.4	615.33	102.0	12.41	9.2
PTHR13161	2578.13	2536.03	703.26	20.58	15.27
PTHR19372	2016.92	1974.82	682.83	25.68	19.05
PTHR19370	5529.09	5360.7	1956.74	92.19	68.37
PTHR19376	6889.21	6720.83	841.02	31.54	23.39
PTHR19375	15355.09	14892.14	32789.9	1077.22	799.0
PTHR12050	1234.0	1191.9	387.0	24.18	17.93
PTHR12725	10611.33	10400.83	2120.0	72.76	53.97
PTHR22884	17645.93	16972.37	3731.59	215.27	159.69
PTHR22881	549.0	506.91	89.0	13.18	9.77
PTHR22880	6945.2	6608.53	2470.18	159.82	118.55
PTHR12542	2410.8	2326.6	642.03	41.13	30.5
PTHR12547	5383.42	5215.04	12064.89	482.19	357.66
PTHR12436	7303.41	7135.01	3927.79	185.91	137.89
PTHR21512	1121.0	1078.9	37.0	2.56	1.9
PTHR30508	3115.75	2989.5	1625.41	130.99	97.16
PTHR14744	1129.0	1086.9	175.0	12.0	8.9
PTHR30502	3006.03	2921.83	940.84	49.06	36.39
PTHR10617	11795.0	11542.41	6662.29	223.92	166.09
PTHR10615	7246.0	7119.7	2091.01	64.36	47.74
PTHR12189	1226.5	1184.4	124.0	7.8	5.78
PTHR13527	1137.0	1094.9	200.0	13.61	10.09
PTHR22958	3716.0	3673.9	5267.17	106.3	78.85
PTHR14534	651.0	608.91	62.0	7.62	5.66
PTHR22951	861.0	818.9	144.0	13.13	9.74
PTHR22950	42396.0	41301.72	15238.03	676.79	502.01
PTHR22953	13484.83	13274.36	2575.6	71.24	52.85
PTHR22952	5555.92	5345.43	4412.21	211.47	156.86
PTHR22957	15424.03	14918.86	2872.1	142.91	105.98
PTHR21600	4247.16	4162.96	2676.79	60.33	44.75
PTHR24056	11799.28	11336.29	2915.88	174.79	129.65
PTHR24054	3304.0	3219.8	2076.56	94.9	70.39
PTHR24055	7659.05	7364.37	1195.27	70.74	52.47
PTHR24058	1961.57	1877.38	215.0	21.48	15.93
PTHR10766	9070.78	8776.19	4919.78	257.93	191.29
PTHR10762	2338.0	2169.65	191.0	25.47	18.89
PTHR30031	8811.47	8390.63	2226.95	96.73	71.74
PTHR12945	1375.0	1290.82	105.0	12.91	9.57
PTHR12944	1445.72	1403.63	133.0	7.05	5.23
PTHR23163	3217.0	3174.9	1021.0	23.85	17.69
PTHR24128	6444.51	6191.94	1031.79	66.22	49.13
PTHR13096	3665.81	3581.61	438.0	13.7	10.16
PTHR11364	3289.52	3163.23	2473.81	133.51	99.02
PTHR11365	5445.0	5360.8	964.0	25.3	18.77
PTHR10548	5625.06	5498.77	8744.92	327.65	243.02
PTHR11817	12403.39	12192.91	7997.07	227.05	168.41
PTHR11814	7243.98	7117.73	1008.85	28.86	21.41
PTHR11363	1553.0	1510.9	23523.21	1157.73	858.73
PTHR10543	11137.0	10842.36	1921.77	66.57	49.36
PTHR11819	15108.57	14898.07	3215.29	78.11	57.93
PTHR10544	627.0	584.91	17400.2	2228.65	1653.07
PTHR11562	991.22	949.13	45.29	3.56	2.64
PTHR11566	11459.0	11248.5	6933.46	179.53	133.15
PTHR11567	5867.46	5657.09	1383.0	115.9	85.96
PTHR11564	5544.26	5333.79	1354.05	97.17	72.08
PTHR11962	3966.72	3798.37	1185.89	80.04	59.37
PTHR11963	4264.73	4138.43	1420.96	57.8	42.88
PTHR10381	11560.4	11181.53	18580.96	945.53	701.33
PTHR10383	4081.0	4038.9	511.21	9.38	6.96
PTHR11705	7602.85	7434.5	1499.0	54.25	40.25
PTHR11702	11171.46	10876.8	2921.73	108.66	80.61
PTHR11700	1751.0	1666.81	30892.22	3621.97	2686.55
PTHR10388	1377.0	1334.9	7418.86	413.53	306.73
PTHR10145	5626.0	5541.8	952.0	26.93	19.97
PTHR23273	4023.13	3938.93	770.35	26.06	19.34
PTHR23270	3038.07	2911.8	692.01	41.56	30.83
PTHR23050	5440.83	5146.19	7547.1	603.35	447.51
PTHR23056	1992.63	1908.44	284.0	21.46	15.91
PTHR23054	1520.0	1477.9	238.0	11.98	8.88
PTHR11638	21127.17	20537.91	10397.83	263.03	195.09
PTHR31783	5095.0	4968.71	413.0	18.82	13.96
PTHR23291	9754.74	9544.24	9046.91	409.04	303.4
PTHR11630	9335.55	9040.88	1103.03	51.7	38.35
PTHR11140	8583.0	8498.8	2145.1	37.86	28.08
PTHR11141	3596.0	3553.9	2468.92	51.51	38.21
PTHR11142	8700.4	8405.7	1156.7	70.93	52.59
PTHR11143	825.0	782.9	15075.06	1438.2	1066.76
PTHR11380	517.0	474.91	73.0	11.55	8.56
PTHR11384	5650.09	5523.84	1420.08	48.35	35.87
PTHR32477	2067.0	1940.72	148.0	16.75	12.43
PTHR14043	779.0	736.9	42.0	4.26	3.16
PTHR32472	2601.66	2475.38	224.0	18.58	13.78
PTHR31658	1140.0	1097.9	151.0	10.25	7.6
PTHR13890	9155.21	8776.35	2011.04	143.11	106.14
PTHR14269	2731.61	2605.35	780.23	45.87	34.03
PTHR22883	12939.74	12603.01	2443.54	92.49	68.61
PTHR23125	50249.4	48944.76	5791.71	214.46	159.05
PTHR19879	2522.05	2437.85	795.0	44.39	32.93
PTHR19211	22541.23	21783.58	240010.24	4431.85	3287.27
PTHR23338	1425.0	1382.9	1668.9	89.78	66.59
PTHR12608	2398.0	2313.8	888.99	56.71	42.06
PTHR12604	5357.7	5231.41	1424.0	66.01	48.96
PTHR12603	3075.01	2990.81	1592.94	65.04	48.24
PTHR32091	1849.56	1765.36	281.0	26.01	19.29
PTHR32098	5765.0	5470.36	415.0	35.81	26.57
PTHR18763	456.0	413.92	36.0	6.55	4.86
PTHR22726	2905.06	2778.76	540.0	38.28	28.39
PTHR22727	17110.55	16815.87	92040.72	2544.62	1887.43
PTHR12428	8821.57	8611.08	3938.22	186.18	138.09
PTHR18968	8359.35	8148.94	8646.02	249.34	184.94
PTHR14456	328.0	285.97	17.0	4.51	3.34
PTHR12730	3512.61	3428.41	651.0	28.22	20.93
PTHR12736	2349.87	2265.68	736.53	38.78	28.77
PTHR12735	5064.4	4896.0	2444.48	150.21	111.42
PTHR15020	13108.88	12772.09	5493.5	262.46	194.67
PTHR12558	5597.64	5387.15	495.0	32.58	24.18
PTHR12553	10059.69	9680.86	2470.14	123.34	91.49
PTHR10497	559.0	516.91	13875.21	2014.02	1493.87
PTHR10496	369.0	326.94	10.0	2.31	1.71
PTHR21569	2315.43	2189.14	16413.8	1841.27	1365.73
PTHR21567	5666.86	5498.46	527.69	29.74	22.06
PTHR13950	2223.0	2138.81	273.98	15.39	11.41
PTHR12133	2047.54	1963.34	179.0	13.68	10.15
PTHR10972	6075.78	5865.28	1092.0	67.67	50.19
PTHR21704	4676.6	4592.42	278.0	9.3	6.9
PTHR10606	1476.96	1434.87	832.0	43.13	31.99
PTHR13743	3598.0	3429.63	228.0	16.52	12.25
PTHR22942	9377.21	9124.64	1062.69	52.36	38.85
PTHR13395	1545.85	1503.77	487.0	24.08	17.86
PTHR22891	7684.72	7558.52	5855.9	118.5	87.89
PTHR22893	3780.4	3654.12	965.0	43.3	32.11
PTHR24067	24107.66	23391.97	16792.15	785.78	582.83
PTHR24064	8558.09	8179.38	1227.96	107.1	79.41
PTHR24063	37631.19	36536.76	21723.16	741.96	550.34
PTHR21011	1399.0	1356.9	530.0	29.06	21.56
PTHR25040	7882.67	7714.28	4130.5	146.29	108.52
PTHR10774	13794.7	13289.58	1971.56	144.34	107.07
PTHR24068	2861.21	2777.01	10044.61	448.71	332.83
PTHR19980	2565.0	2480.8	395.0	23.69	17.57
PTHR12959	2229.14	2060.83	405.0	55.54	41.2
PTHR24115	59819.88	58304.39	5098.95	171.69	127.33
PTHR10961	1586.45	1544.36	1067.0	51.37	38.1
PTHR11825	9401.49	9148.93	2940.18	127.95	94.91
PTHR10809	602.01	560.02	986.0	131.93	97.86
PTHR11822	1858.4	1816.31	1509.36	61.74	45.8
PTHR10555	4367.73	4241.45	1456.83	81.66	60.57
PTHR10806	1135.15	1093.05	710.0	48.39	35.89
PTHR10804	15211.44	14916.81	7976.07	312.03	231.46
PTHR11556	6271.0	6060.51	46635.68	2022.28	1499.98
PTHR11558	3449.0	3364.8	1079.99	47.73	35.4
PTHR13773	5877.98	5793.78	1429.0	38.81	28.79
PTHR10537	1651.55	1609.46	338.0	15.61	11.58
PTHR11953	2689.95	2605.75	577.0	27.67	20.52
PTHR11952	11246.98	11078.65	5964.11	107.4	79.67
PTHR11956	2330.0	2287.9	771.0	25.02	18.56
PTHR11959	2497.0	2454.9	808.39	24.44	18.13
PTHR11739	5793.31	5667.02	3639.07	292.78	217.16
PTHR11732	29164.69	28238.77	8533.14	396.19	293.87
PTHR11731	12299.23	11962.57	2282.5	101.42	75.22
PTHR11730	10267.25	10014.69	2643.97	83.21	61.72
PTHR11735	2508.37	2340.01	155.0	20.32	15.07
PTHR10394	1003.0	960.9	34879.26	2706.62	2007.59
PTHR20941	2729.51	2687.42	163.02	4.5	3.34
PTHR10150	3608.57	3440.37	155.99	13.0	9.66
PTHR31065	12424.54	12214.11	9729.57	151.46	112.34
PTHR10159	17200.39	16779.41	6321.1	230.14	170.7
PTHR31066	504.0	461.91	5.0	0.81	0.6
PTHR13604	685.0	642.9	29.0	3.38	2.5
PTHR23264	3736.37	3610.07	903.0	52.9	39.24
PTHR23269	1768.0	1725.9	236.0	10.16	7.54
PTHR31204	1068.66	1026.57	352.0	25.56	18.96
PTHR31201	1253.0	1210.9	330.0	20.29	15.05
PTHR31209	2504.91	2378.63	268.97	25.24	18.72
PTHR11607	7817.46	7480.79	490.0	34.45	25.55
PTHR11606	6956.22	6829.93	15443.48	370.1	274.52
PTHR11601	9077.73	8825.14	2531.69	107.27	79.57
PTHR32467	21516.02	20674.27	4478.9	193.22	143.3
PTHR14255	9242.51	8905.78	876.0	51.13	37.93
PTHR31840	494.0	451.91	45.0	7.49	5.55
PTHR23130	9301.36	9090.93	1791.27	86.08	63.85
PTHR23133	951.0	908.9	220.0	18.06	13.39
PTHR23135	3723.12	3638.92	793.94	32.64	24.21
PTHR23138	3330.0	3245.8	3045.43	163.82	121.51
PTHR23139	17565.13	17102.08	10286.43	474.84	352.22
PTHR31682	1731.0	1688.9	798.56	35.14	26.07
PTHR11040	4406.0	4195.65	921.0	88.86	65.92
PTHR11043	1331.0	1288.9	1186.0	68.48	50.8
PTHR11048	10313.08	10060.49	4602.4	208.93	154.98
PTHR14005	2375.0	2332.9	1339.04	42.61	31.6
PTHR15818	760.0	717.9	102.07	10.63	7.88
PTHR12636	2740.0	2697.9	847.05	23.3	17.28
PTHR14490	1833.91	1707.67	122.22	16.95	12.57
PTHR14493	36415.53	34942.31	10525.91	477.14	353.92
PTHR15651	533.0	490.91	80.0	12.24	9.08
PTHR12380	4332.32	4163.92	1888.87	129.44	96.01
PTHR12385	1176.54	1134.46	1708.95	112.19	83.22
PTHR12706	10961.67	10456.59	1901.98	87.62	65.0
PTHR12709	1342.85	1300.76	215.0	12.3	9.12
PTHR19957	6742.56	6532.06	3937.02	217.93	161.64
PTHR12561	777.0	734.9	47.0	4.78	3.55
PTHR12560	9634.64	9424.15	4535.83	137.66	102.11
PTHR11203	6771.29	6602.91	665.01	30.06	22.3
PTHR12097	6675.0	6590.8	2395.1	42.42	31.46
PTHR11200	11491.5	11112.65	3873.54	181.0	134.25
PTHR21576	12438.26	12017.35	1372.0	76.94	57.09
PTHR24193	6464.36	6085.6	1806.87	138.91	103.04
PTHR12419	6121.14	5910.72	793.89	53.53	39.72
PTHR30525	1519.0	1476.9	1766.12	88.93	65.96
PTHR12413	2690.4	2522.05	254.0	31.46	23.33
PTHR12411	17871.29	17239.92	6991.09	405.87	301.05
PTHR23339	7532.63	7280.03	1831.25	102.41	75.97
PTHR12415	1324.0	1239.86	65.0	7.4	5.49
PTHR10947	1400.0	1315.83	251.0	29.89	22.17
PTHR21717	1951.19	1867.0	306.0	23.92	17.74
PTHR21712	3140.06	3055.87	727.0	38.08	28.25
PTHR12897	2778.05	2693.86	4879.67	174.94	129.76
PTHR12894	4366.11	4155.65	368.0	30.84	22.88
PTHR12891	1482.0	1439.9	76.0	3.93	2.91
PTHR22976	11355.28	11102.7	7377.36	194.09	143.97
PTHR22975	4373.0	4246.71	1149.0	49.76	36.91
PTHR20922	2626.14	2499.85	657.04	50.26	37.28
PTHR21377	2654.03	2569.83	1236.65	74.04	54.92
PTHR21371	2411.0	2368.9	15735.45	493.07	365.73
PTHR21373	4691.52	4523.17	643.0	21.51	15.95
PTHR22573	10830.86	10620.4	5232.14	206.72	153.33
PTHR22572	12028.01	11649.14	9778.15	509.55	377.96
PTHR30566	3920.92	3794.78	1215.02	65.61	48.66
PTHR21000	2793.0	2750.9	3989.66	107.61	79.82
PTHR10701	2181.0	2096.8	1139.0	81.33	60.32
PTHR13162	8129.0	7960.6	2415.99	93.2	69.12
PTHR13165	3865.69	3823.59	3348.59	64.93	48.16
PTHR21396	523.0	480.91	71.0	11.09	8.22
PTHR12459	1442.0	1399.9	194.0	10.31	7.65
PTHR10681	12646.0	12351.32	4870.08	225.18	167.03
PTHR24106	9421.51	8958.52	1022.02	75.87	56.27
PTHR24103	2869.45	2785.25	685.0	31.52	23.38
PTHR11540	3695.52	3611.32	15257.52	714.78	530.18
PTHR10836	2729.0	2644.8	58397.61	2628.19	1949.42
PTHR10835	3203.0	3160.9	478.21	11.22	8.32
PTHR11545	3658.0	3531.7	23945.57	2152.86	1596.85
PTHR10012	908.45	866.35	272.0	23.43	17.38
PTHR13768	1649.93	1565.75	586.78	55.71	41.32
PTHR24078	7371.3	7076.69	740.0	48.0	35.62
PTHR11946	25503.23	24829.73	7726.75	327.23	242.72
PTHR11947	6710.14	6499.67	3926.28	127.72	94.74
PTHR11941	9456.1	9119.34	3474.13	194.95	144.6
PTHR24072	1846.0	1761.8	270.02	23.06	17.1
PTHR24073	20310.2	19636.65	19059.29	932.65	691.78
PTHR10491	1519.07	1434.88	228.01	25.17	18.67
PTHR24076	18444.89	17981.83	9140.44	357.65	265.29
PTHR24077	21110.53	20352.79	3521.93	229.03	169.89
PTHR11728	7878.92	7710.53	1258.23	49.23	36.52
PTHR11726	1447.0	1362.86	26137.11	1826.29	1354.63
PTHR11727	668.0	625.91	65.99	7.89	5.85
PTHR11721	789.0	746.9	25417.77	2542.9	1886.16
PTHR11722	1332.0	1247.82	14579.97	1749.42	1297.6
PTHR10120	1219.95	1177.85	282.0	17.83	13.22
PTHR10122	4633.0	4590.9	5429.97	87.66	65.02
PTHR11451	10876.4	10581.73	4707.07	206.57	153.22
PTHR11831	850.0	807.9	24.0	2.22	1.65
PTHR11835	6416.74	6248.35	2536.89	106.05	78.65
PTHR11614	5376.68	5250.4	3228.99	131.39	97.46
PTHR11615	8897.22	8686.79	13848.71	516.48	383.09
PTHR11618	5103.33	5019.13	1249.99	35.94	26.66
PTHR14140	2888.0	2803.8	448.01	20.0	14.84
PTHR32419	5153.34	5027.05	914.01	39.87	29.58
PTHR10231	1670.0	1627.9	189.0	8.63	6.4
PTHR10233	8227.0	8016.51	2149.88	97.54	72.35
PTHR31503	11316.0	11189.7	7643.74	145.07	107.6
PTHR23147	632.0	589.91	104.0	13.21	9.8
PTHR23140	2042.1	2000.01	1049.42	38.97	28.91
PTHR23142	2995.26	2911.07	818.0	38.72	28.72
PTHR23149	1142.89	1100.8	461.0	31.19	23.14
PTHR23148	1408.56	1366.46	208.0	11.32	8.4
PTHR31695	3096.18	3011.98	600.0	30.74	22.8
PTHR11056	1418.23	1376.13	173.0	9.35	6.94
PTHR11055	4638.31	4512.01	10434.67	482.38	357.81
PTHR32523	5187.51	5061.22	871.24	37.41	27.75
PTHR10670	6949.0	6906.9	427.03	4.58	3.4
PTHR10540	5689.19	5562.9	3387.97	149.38	110.8
PTHR12629	1152.0	1109.9	918.01	61.61	45.7
PTHR18945	5235.51	5151.34	1093.94	27.75	20.59
PTHR26402	7314.06	7103.58	3680.47	136.87	101.51
PTHR19384	14842.01	14336.93	26630.43	1393.47	1033.57
PTHR12714	5616.91	5448.52	1358.83	73.81	54.74
PTHR32251	2193.38	2151.29	606.0	20.92	15.51
PTHR12570	3197.17	3112.98	273.0	11.86	8.8
PTHR21494	1127.17	1042.99	47.0	6.77	5.02
PTHR21496	6374.98	6164.49	5508.28	366.11	271.56
PTHR21493	33758.01	32747.71	11258.47	513.83	381.11
PTHR21499	4264.13	4137.86	1172.52	67.97	50.42
PTHR21148	2263.0	2178.8	697.03	46.15	34.23
PTHR12083	2320.61	2236.44	1184.74	74.79	55.47
PTHR13355	1507.0	1422.81	218.0	22.27	16.51
PTHR13976	23873.35	23578.68	10399.48	212.28	157.47
PTHR19852	2656.0	2613.9	717.8	20.38	15.12
PTHR12406	8831.19	8536.52	1378.02	74.38	55.18
PTHR16128	2945.0	2818.71	355.0	27.63	20.49
PTHR12400	924.86	882.76	225.0	19.02	14.11
PTHR30314	5944.29	5775.89	1541.0	82.55	61.22
PTHR12882	1357.0	1314.9	589.0	33.33	24.72
PTHR12883	1743.0	1700.9	422.0	18.44	13.68
PTHR16255	5183.59	5015.22	1604.62	91.33	67.73
PTHR16254	9654.6	9528.3	4542.61	98.14	72.79
PTHR22960	1270.0	1227.9	69.0	4.18	3.1
PTHR13373	2303.55	2261.45	476.99	15.66	11.61
PTHR13375	2925.03	2840.84	477.0	22.41	16.62
PTHR22967	1062.0	1019.9	104.0	7.6	5.64
PTHR23407	1469.77	1427.67	153.0	7.97	5.91
PTHR30222	1184.28	1142.19	228.98	14.93	11.07
PTHR13115	781.0	738.9	119.0	12.04	8.93
PTHR13117	1869.4	1827.3	303.0	12.32	9.14
PTHR12975	2620.21	2493.96	213.0	15.55	11.54
PTHR13285	3843.0	3800.9	379.0	7.39	5.48
PTHR13288	1110.0	1067.9	170.0	11.86	8.8
PTHR10953	12743.04	12364.18	2897.98	152.03	112.78
PTHR10954	2373.78	2289.58	433.99	28.37	21.05
PTHR21726	1891.0	1806.81	200.0	13.21	9.81
PTHR10826	1353.0	1310.9	1480.05	84.02	62.32
PTHR11533	7547.56	7337.07	3947.74	168.71	125.13
PTHR11532	7061.91	6893.53	1862.0	69.29	51.4
PTHR10971	4604.95	4478.69	1483.7	72.77	53.97
PTHR10000	5705.57	5579.28	909.98	36.84	27.32
PTHR13021	1321.0	1278.9	463.0	26.94	19.99
PTHR24006	29938.96	28718.58	3611.14	258.03	191.4
PTHR24003	14031.77	13526.69	1860.0	107.05	79.41
PTHR31446	2458.43	2374.42	721.0	51.41	38.14
PTHR31442	1432.17	1347.98	128.0	13.89	10.3
PTHR11441	2052.0	2009.9	681.06	25.17	18.67
PTHR11440	13383.06	13088.37	3385.02	110.41	81.89
PTHR11999	8476.98	8182.4	4642.21	188.63	139.93
PTHR11998	4872.0	4787.8	1491.13	45.46	33.72
PTHR11449	696.0	653.9	36943.46	4227.24	3135.49
PTHR11994	5207.0	5122.81	24886.78	409.24	303.55
PTHR10133	6207.2	5870.51	513.0	47.55	35.28
PTHR21649	16498.91	15741.28	450612.2	50178.08	37218.86
PTHR13620	5660.33	5365.78	431.0	35.88	26.59
PTHR11847	872.0	829.9	14841.07	1335.01	990.22
PTHR11843	819.0	776.9	33096.51	3182.1	2360.28
PTHR11661	3052.0	2925.71	24458.06	2833.74	2101.89
PTHR11662	42840.41	41661.8	46579.87	1354.32	1004.51
PTHR11669	4677.47	4551.18	1382.94	70.91	52.6
PTHR11668	15093.32	14672.35	5695.47	258.88	191.99
PTHR20856	12356.86	12146.37	2775.08	83.51	61.94
PTHR20854	6151.13	5982.74	2552.0	140.38	104.12
PTHR20852	8000.0	7705.45	11319.01	457.14	339.07
PTHR32404	1117.41	1075.31	218.0	15.1	11.2
PTHR20858	2483.01	2356.8	185.02	17.65	13.09
PTHR10634	1765.0	1722.9	6381.74	275.27	204.18
PTHR30603	2360.0	2317.9	1271.0	40.71	30.19
PTHR11709	5058.36	4974.17	555.99	10.17	7.54
PTHR14237	12369.84	11864.8	3204.56	146.07	108.37
PTHR10738	2229.42	2103.2	145.0	12.78	9.48
PTHR10264	2267.0	2224.9	644.0	21.49	15.94
PTHR23155	59871.98	58104.33	12269.6	543.97	403.49
PTHR23153	5526.81	5274.24	516.0	51.71	38.35
PTHR23151	13863.47	13484.61	20203.22	777.13	576.41
PTHR11063	1320.5	1278.4	545.0	31.73	23.53
PTHR11062	1216.0	1131.82	14.0	2.09	1.55
PTHR11061	8961.3	8456.32	2452.96	273.04	202.52
PTHR11065	12379.55	12084.93	6563.88	252.82	187.53
PTHR11064	4177.29	4051.0	5218.47	178.41	132.34
PTHR11260	18993.32	18488.17	9869.12	391.07	290.08
PTHR11264	1901.41	1859.31	463.99	18.54	13.75
PTHR11266	18049.74	17586.66	8981.85	318.18	235.99
PTHR13501	1426.83	1342.64	2796.71	268.98	199.52
PTHR31998	4499.0	4414.9	13528.53	242.15	179.61
PTHR31221	1636.0	1551.81	144.0	13.95	10.35
PTHR15838	1728.0	1643.8	140.0	12.98	9.63
PTHR12850	666.18	624.09	26983.15	3236.67	2400.75
PTHR32338	1321.0	1278.9	1620.97	94.33	69.97
PTHR31407	4114.76	3988.47	2085.47	101.75	75.48
PTHR15744	2831.44	2705.16	882.0	72.14	53.51
PTHR18952	4843.16	4716.89	3308.0	117.0	86.79
PTHR10552	800.0	757.9	438.0	43.18	32.03
PTHR21597	3535.4	3409.1	330.0	21.28	15.78
PTHR12765	417.78	375.72	28.0	5.62	4.17
PTHR12505	1870.32	1786.14	243.0	17.83	13.22
PTHR22603	5863.34	5694.94	1016.99	44.59	33.08
PTHR12506	4118.96	3950.57	658.93	46.84	34.75
PTHR22604	3518.15	3391.91	1032.59	53.24	39.49
PTHR21481	1219.0	1176.9	67.0	4.24	3.14
PTHR22778	3924.78	3798.49	1908.91	88.66	65.77
PTHR12169	4733.05	4480.55	635.49	51.54	38.23
PTHR19446	40792.09	40034.37	67790.61	1779.82	1320.14
PTHR12219	1479.0	1436.9	1990.97	103.06	76.44
PTHR13561	1467.71	1383.52	260.0	23.93	17.76
PTHR13563	1791.81	1707.62	250.0	21.05	15.61
PTHR12210	19811.26	19516.6	8396.54	181.95	134.96
PTHR12215	1326.91	1242.72	65.76	8.09	6.0
PTHR12214	1027.22	943.05	67.0	10.8	8.01
PTHR22911	9093.15	8714.29	1065.95	75.85	56.25
PTHR22912	19408.58	18735.07	13740.2	807.55	598.97
PTHR12183	5154.0	5027.77	1163.0	47.65	35.34
PTHR19849	2661.0	2576.8	409.0	24.68	18.31
PTHR22594	10922.14	10585.44	4510.22	224.33	166.41
PTHR11864	4098.92	3930.53	541.69	40.77	30.24
PTHR21152	11207.31	11038.94	8001.72	300.8	223.11
PTHR30075	2044.74	1960.56	471.0	36.95	27.41
PTHR11632	13259.25	13048.81	29829.25	634.34	470.51
PTHR13102	2959.2	2832.92	700.36	57.48	42.64
PTHR12984	1952.0	1909.9	244.0	9.49	7.04
PTHR23293	3730.81	3604.58	4706.18	182.94	135.69
PTHR13299	3023.87	2939.68	855.69	43.59	32.34
PTHR12652	1044.0	1001.9	989.0	73.58	54.58
PTHR10925	4200.0	4031.6	419.67	30.95	22.95
PTHR21737	3136.0	2967.62	589.88	64.4	47.76
PTHR10920	3456.39	3288.0	615.0	49.65	36.83
PTHR10584	19364.18	18648.63	5275.13	250.54	185.86
PTHR11528	8086.0	7917.61	13504.31	540.74	401.09
PTHR11527	2216.0	2173.9	1141.01	38.97	28.91
PTHR11525	2495.47	2453.38	1003.67	30.36	22.52
PTHR10859	4288.0	4161.7	912.0	44.03	32.67
PTHR10589	1534.0	1449.81	705.0	60.21	44.66
PTHR10588	15511.07	14795.57	650.0	47.72	35.39
PTHR13038	2003.4	1919.2	252.0	19.58	14.53
PTHR13748	18406.98	17901.89	18160.89	469.46	348.23
PTHR10026	4245.61	4119.31	1604.0	80.63	59.8
PTHR24015	28496.36	27780.75	5536.91	219.55	162.86
PTHR24012	40962.52	39994.34	82856.46	3606.33	2674.98
PTHR24011	40646.72	39299.84	23093.78	861.94	639.32
PTHR31187	16381.89	15918.86	22549.11	603.35	447.52
PTHR13948	1277.95	1235.9	990.0	59.62	44.22
PTHR21145	804.6	762.5	221.0	21.65	16.06
PTHR10459	5708.7	5498.24	548.22	41.15	30.52
PTHR11453	1917.32	1833.12	193.0	15.69	11.63
PTHR10108	49453.78	47812.4	14876.08	738.13	547.49
PTHR11986	13785.81	13364.85	7723.13	305.44	226.57
PTHR11455	10105.07	9726.24	2425.0	146.87	108.93
PTHR10102	3961.28	3877.09	409.0	15.3	11.35
PTHR11458	1367.0	1324.9	2374.05	133.34	98.9
PTHR10106	1138.0	1095.9	134.0	9.11	6.76
PTHR11851	25538.42	24864.85	9360.2	351.99	261.08
PTHR23092	6780.07	6485.52	1353.15	70.33	52.17
PTHR23091	13442.09	12895.07	2869.59	188.24	139.62
PTHR11673	1683.0	1640.9	16860.88	763.79	566.53
PTHR11670	3933.03	3848.83	8301.01	316.16	234.51
PTHR11671	1433.0	1390.9	1076.68	57.59	42.71
PTHR20863	2806.0	2679.71	21335.27	1533.31	1137.31
PTHR20861	3242.68	3116.39	1635.0	119.63	88.73
PTHR11679	8261.27	8050.79	1677.0	68.43	50.75
PTHR14009	6947.02	6862.83	2696.67	58.78	43.6
PTHR10217	17924.56	17419.4	3173.8	133.03	98.68
PTHR10210	1586.0	1543.9	571.0	27.5	20.4
PTHR11588	10489.02	10236.44	40741.72	1648.84	1223.01
PTHR31522	1415.0	1372.9	338.0	18.32	13.59
PTHR14221	1293.0	1208.86	177.0	19.61	14.55
PTHR11079	6228.76	5976.25	655.0	46.24	34.3
PTHR11076	14184.8	13679.64	1049.02	62.88	46.65
PTHR11070	1561.0	1476.86	88.0	6.32	4.69
PTHR11071	23753.89	22912.02	33742.34	2277.9	1689.61
PTHR11278	751.0	708.9	19131.7	2017.63	1496.55
PTHR14107	484.0	441.91	80.0	13.61	10.1
PTHR11276	2724.0	2639.8	159.0	8.89	6.6
PTHR11274	1292.07	1249.97	768.0	45.73	33.92
PTHR14136	6136.72	5968.34	3470.85	195.8	145.24
PTHR31984	5624.27	5497.97	2127.09	66.9	49.62
PTHR15350	3485.86	3401.66	1376.37	58.38	43.3
PTHR15606	893.01	850.91	166.0	14.56	10.8
PTHR12374	1672.32	1588.15	405.01	42.39	31.44
PTHR12375	1002.79	960.7	421.0	32.68	24.24
PTHR12378	680.0	637.9	83.0	9.74	7.22
PTHR18929	8492.12	8239.54	28286.87	1370.05	1016.2
PTHR30535	3664.75	3580.57	992.0	29.86	22.15
PTHR12777	1174.0	1131.9	1917.94	126.2	93.61
PTHR12775	2922.93	2754.6	847.99	87.8	65.13
PTHR12770	8559.22	8348.75	2316.89	107.97	80.07
PTHR14085	2340.0	2297.9	457.81	14.79	10.97
PTHR16092	3388.93	3304.73	2565.8	99.8	74.03
PTHR10938	2282.0	2239.9	940.0	31.16	23.11
PTHR11035	1756.0	1671.8	1528.74	119.32	88.5
PTHR22298	30854.59	30139.35	12422.95	279.33	207.21
PTHR12174	3797.15	3670.87	1916.11	121.77	90.31
PTHR12175	1440.0	1397.9	480.99	25.6	18.99
PTHR12176	11163.3	10868.63	2754.5	93.16	69.1
PTHR22769	7730.83	7478.28	1347.0	83.14	61.68
PTHR22767	4385.84	4133.28	731.93	80.17	59.47
PTHR22765	9755.33	9544.89	2174.01	80.15	59.46
PTHR22762	16572.05	16109.07	3140.75	116.32	86.28
PTHR22763	1141.03	1056.85	89.0	11.21	8.32
PTHR22761	2602.0	2517.8	1274.85	75.57	56.06
PTHR21231	5539.53	5371.15	1014.03	91.92	68.18
PTHR21230	4525.24	4398.95	1145.78	59.59	44.19
PTHR21234	4299.0	4214.8	924.99	35.79	26.54
PTHR21237	3321.0	3194.7	1340.54	94.84	70.35
PTHR12202	2864.23	2695.85	445.0	43.05	31.93
PTHR12203	5437.56	5311.26	1059.53	46.52	34.5
PTHR19857	1982.96	1898.86	323.28	16.64	12.34
PTHR19854	4326.02	4115.54	319.0	28.63	21.24
PTHR19855	1379.7	1295.51	411.0	48.14	35.71
PTHR13353	6011.35	5842.98	1635.0	71.17	52.79
PTHR19853	3621.54	3453.16	348.01	31.54	23.4
PTHR11136	2373.8	2247.61	320.87	35.25	26.15
PTHR12197	28554.06	27628.26	14501.87	568.63	421.78
PTHR19858	2495.52	2411.33	367.0	20.24	15.01
PTHR13822	1814.3	1772.21	3080.0	129.14	95.79
PTHR10344	1856.25	1814.16	966.0	39.56	29.34
PTHR13138	814.73	772.64	437.0	42.25	31.34
PTHR10732	572.0	529.91	14684.87	2078.59	1541.76
PTHR10739	3419.19	3292.91	1503.43	96.97	71.93
PTHR22846	1724.84	1640.66	413.0	33.14	24.58
PTHR12992	2542.52	2458.33	274.0	16.63	12.33
PTHR22838	1976.83	1934.74	391.0	15.01	11.13
PTHR22836	1483.23	1441.13	124.0	6.4	4.75
PTHR11934	1195.0	1152.9	284.01	18.35	13.61
PTHR10693	619.0	576.91	148.0	19.22	14.26
PTHR10934	1009.0	966.9	23376.28	1802.65	1337.09
PTHR11510	3237.0	3194.9	3259.0	75.66	56.12
PTHR11516	5152.94	4984.56	8577.16	566.92	420.5
PTHR10025	8019.91	7767.38	1609.98	83.47	61.92
PTHR10027	7408.47	7155.88	311.0	20.15	14.96
PTHR13009	6514.0	6345.61	1471.41	57.91	42.96
PTHR13007	1684.0	1641.9	297.0	13.45	9.97
PTHR30115	1252.0	1209.9	1623.04	99.87	74.08
PTHR10598	1595.0	1552.9	721.0	34.52	25.61
PTHR17901	3034.69	2950.53	831.67	41.55	30.82
PTHR14413	1465.0	1380.81	1255.8	115.52	85.69
PTHR24351	4304.44	4220.25	1599.0	59.14	43.87
PTHR20981	831.0	788.9	22306.76	2111.79	1566.39
PTHR20982	3008.0	2923.8	1436.03	81.31	60.31
PTHR24352	5750.0	5665.8	1679.0	46.26	34.32
PTHR11467	796.0	753.9	22.0	2.18	1.62
PTHR10119	8423.56	8128.89	3078.99	158.9	117.86
PTHR10114	676.0	633.9	21755.12	2568.72	1905.31
PTHR10110	12144.31	11849.68	2304.81	102.52	76.05
PTHR11469	2233.0	2190.9	2846.27	96.46	71.55
PTHR10445	885.0	842.9	342.0	30.29	22.46
PTHR11863	2534.0	2449.8	678.0	40.43	29.99
PTHR24286	24942.96	24395.69	19203.83	667.04	494.77
PTHR23429	5042.52	4916.22	2192.9	88.42	65.59
PTHR23426	3823.75	3697.45	2884.98	157.83	117.07
PTHR10593	3511.69	3385.4	742.02	50.7	37.61
