GeneFamily	length	effective_length	expected_count	TPM	FPKM
PTHR11649	19449.01	18868.94	3558.08	241.97	173.6
PTHR31089	793.0	754.33	65.02	7.53	5.4
PTHR31085	5303.96	5110.62	544.0	43.33	31.09
PTHR11647	3375.9	3298.55	719.0	28.69	20.58
PTHR11645	1183.62	1144.96	761.47	57.86	41.51
PTHR11885	2326.0	2287.33	13742.05	520.96	373.78
PTHR10209	9144.07	8873.37	2002.43	104.5	74.99
PTHR32429	4727.82	4611.8	12768.52	587.57	421.58
PTHR31423	605.0	566.33	122.0	18.87	13.54
PTHR31551	787.0	748.33	159.0	18.55	13.31
PTHR32195	2122.34	2045.0	207.0	18.09	12.98
PTHR11081	4979.0	4824.33	127.9	7.73	5.55
PTHR11080	5486.22	5331.57	944.0	61.93	44.44
PTHR11082	9955.02	9684.33	2141.99	120.02	86.11
PTHR11085	7722.88	7490.93	2800.74	155.22	111.38
PTHR11089	7451.71	7065.06	1000.0	114.21	81.95
PTHR32518	6811.06	6695.04	3928.73	153.51	110.14
PTHR11247	4607.0	4490.99	1393.25	52.49	37.66
PTHR11246	6388.99	6272.97	2005.61	74.65	53.55
PTHR32512	3458.37	3342.38	544.0	46.13	33.09
PTHR23088	5683.45	5567.44	2593.2	122.62	87.98
PTHR23089	4507.46	4391.44	805.89	36.38	26.1
PTHR23081	2807.91	2653.23	240.0	31.76	22.8
PTHR23083	38646.44	37563.79	4636.44	282.75	202.85
PTHR23084	7522.28	7212.94	633.2	42.8	30.68
PTHR23086	9354.35	9160.98	5286.08	198.66	142.53
PTHR18806	5333.58	5256.22	3835.79	126.31	90.62
PTHR11880	2798.0	2720.66	9358.8	638.41	458.04
PTHR31953	7580.45	7232.5	847.67	79.28	56.88
PTHR15184	9401.46	9208.1	9283.64	334.44	239.96
PTHR15341	592.5	553.83	110.0	17.4	12.49
PTHR32357	1333.34	1217.35	300.0	65.25	46.82
PTHR15169	2446.48	2369.14	920.09	62.19	44.62
PTHR12341	10663.34	10315.31	687.0	52.2	37.44
PTHR15160	2335.03	2257.68	1125.0	70.1	50.29
PTHR18937	19290.56	18865.22	2570.13	94.35	67.69
PTHR18934	21583.21	20771.22	3630.07	249.65	179.12
PTHR10997	15196.83	14771.44	3134.91	191.03	137.06
PTHR12742	4477.21	4361.19	1605.69	91.1	65.37
PTHR12741	1276.01	1237.34	228.0	16.02	11.5
PTHR16557	918.0	879.33	17.0	1.69	1.21
PTHR19288	7326.56	7133.2	678.11	43.23	31.02
PTHR13902	6509.17	6277.15	1810.93	114.43	82.1
PTHR13903	2111.1	2033.81	285.0	29.21	20.96
PTHR22753	7522.0	7405.99	628.0	21.59	15.49
PTHR22939	23017.98	22476.6	4124.66	209.51	150.32
PTHR16266	2537.72	2421.71	123.0	13.93	9.98
PTHR30612	2360.51	2283.25	589.06	30.52	21.89
PTHR22932	1231.0	1192.33	1040.0	75.88	54.44
PTHR22931	11542.77	11388.09	29403.45	1103.95	792.07
PTHR12233	3802.21	3763.54	1423.99	32.76	23.51
PTHR10993	947.84	909.17	85.0	8.15	5.85
PTHR31038	998.0	959.33	271.95	24.7	17.72
PTHR13832	66982.03	65821.94	23186.55	684.73	491.28
PTHR21139	1812.0	1773.33	3533.79	172.97	124.1
PTHR21136	7912.47	7641.8	3187.87	223.35	160.25
PTHR12526	56728.7	55568.67	14114.98	528.33	379.08
PTHR13120	1814.0	1775.33	759.0	37.11	26.63
PTHR22809	2055.32	1977.97	108.0	9.62	6.91
PTHR22807	7586.17	7276.82	775.0	59.03	42.35
PTHR20661	1825.17	1709.17	157.0	24.06	17.27
PTHR10900	4761.35	4684.01	1448.0	46.16	33.12
PTHR10906	5723.0	5606.99	1524.86	54.57	39.15
PTHR10909	15774.19	15426.23	5418.98	275.83	197.91
PTHR10055	1434.0	1395.33	266.0	16.57	11.89
PTHR10057	4847.58	4692.89	3270.67	247.58	177.64
PTHR10052	948.0	909.33	16374.66	1569.62	1126.18
PTHR13017	1210.0	1171.33	111.0	8.24	5.92
PTHR13018	17036.48	16688.44	4277.21	126.91	91.06
PTHR10694	9272.97	8886.26	1027.94	95.35	68.41
PTHR12839	2999.25	2883.24	346.0	30.17	21.64
PTHR12835	3595.72	3479.71	613.0	40.98	29.4
PTHR24031	74077.03	71795.61	51881.85	2358.37	1692.07
PTHR24032	1330.0	1252.66	85.0	12.03	8.63
PTHR24349	47900.2	46740.15	24221.39	816.4	585.74
PTHR24619	3619.34	3503.34	357.0	36.26	26.01
PTHR24343	28923.34	28111.27	23228.27	913.08	655.12
PTHR11472	8220.05	7949.43	690.04	54.35	39.0
PTHR11476	879.43	840.81	76.0	7.88	5.66
PTHR11477	1329.18	1251.84	135.0	16.46	11.81
PTHR24305	13468.43	13043.08	3821.03	223.77	160.54
PTHR10476	3716.0	3638.66	2243.19	105.88	75.97
PTHR11538	4773.0	4695.66	3257.42	130.64	93.73
PTHR24290	5635.18	5480.54	425.0	17.43	12.5
PTHR23413	1233.77	1156.43	21020.47	2348.99	1685.36
PTHR23417	1879.62	1802.28	262.09	26.83	19.25
PTHR23415	1625.0	1586.33	344.03	18.83	13.51
PTHR10871	1421.0	1343.66	17044.26	2188.83	1570.44
PTHR10877	6803.01	6532.48	914.83	38.29	27.48
PTHR11879	6094.97	5978.97	4363.51	169.68	121.74
PTHR24316	9376.06	9144.04	9046.75	427.36	306.61
PTHR31096	6519.57	6403.54	881.0	34.41	24.69
PTHR31098	6111.0	6033.66	2917.0	78.65	56.43
PTHR11655	3020.85	2904.84	18987.14	1960.79	1406.83
PTHR11652	1951.0	1834.99	17543.87	2504.16	1796.7
PTHR10436	8708.01	8360.01	829.85	79.65	57.16
PTHR20883	6109.39	5954.74	1104.92	63.48	45.54
PTHR11895	9856.87	9624.87	4926.88	163.98	117.65
PTHR10277	6915.58	6838.23	5148.7	136.41	97.87
PTHR14027	1572.36	1533.69	725.48	41.08	29.48
PTHR12049	4689.14	4534.46	362.0	28.63	20.53
PTHR24095	7743.26	7472.77	11794.35	374.03	268.35
PTHR23180	9271.46	8962.13	5940.11	267.67	192.05
PTHR14593	2965.05	2849.05	452.0	36.81	26.41
PTHR11093	2535.31	2496.64	1155.0	40.1	28.77
PTHR11096	2112.26	2034.92	280.0	28.78	20.65
PTHR23346	8781.63	8665.61	1374.0	35.81	25.7
PTHR10309	2059.0	2020.33	711.2	30.54	21.91
PTHR11252	2255.9	2178.61	509.0	44.88	32.2
PTHR11254	19631.64	19051.63	4285.07	209.66	150.43
PTHR11255	4284.0	4206.66	875.0	32.24	23.13
PTHR14110	5033.0	4878.32	3183.03	197.64	141.8
PTHR14374	1623.0	1584.33	59.0	3.23	2.32
PTHR18838	2164.19	2125.52	822.64	33.57	24.09
PTHR12687	3322.3	3244.97	352.0	13.07	9.39
PTHR15157	4944.09	4750.79	829.64	58.21	41.77
PTHR18901	11006.37	10735.74	5319.02	205.52	147.46
PTHR12755	810.0	771.33	61.0	6.9	4.95
PTHR12750	6948.93	6600.91	766.97	94.04	67.47
PTHR12753	1132.0	1093.33	187.0	14.89	10.68
PTHR15574	6967.3	6658.01	637.0	51.06	36.64
PTHR24007	1664.0	1586.66	158.0	16.77	12.03
PTHR13931	7990.66	7797.3	1779.0	86.01	61.71
PTHR31811	1601.0	1523.66	90.0	10.37	7.44
PTHR12358	4728.69	4496.78	206.0	24.02	17.22
PTHR22748	3824.43	3669.73	596.97	60.71	43.55
PTHR12356	3120.0	3004.02	178.0	11.78	8.46
PTHR12221	1633.32	1555.99	450.0	44.83	32.16
PTHR12226	1327.0	1288.33	625.92	42.24	30.31
PTHR19876	5525.0	5408.99	2209.76	102.0	73.19
PTHR19877	2683.0	2605.66	21953.41	1310.86	940.52
PTHR31190	9040.0	8885.33	2589.01	65.5	46.98
PTHR13803	7022.0	6867.32	2217.97	87.24	62.6
PTHR12537	1455.0	1416.33	178.0	10.92	7.84
PTHR12532	2379.0	2340.33	259.27	9.61	6.89
PTHR13486	1307.0	1268.33	132.0	9.05	6.49
PTHR20275	2356.68	2279.38	612.0	34.04	24.42
PTHR13489	600.0	561.33	30.0	4.68	3.36
PTHR17583	4483.42	4251.4	349.99	44.05	31.61
PTHR13572	1602.0	1563.33	72.0	4.0	2.87
PTHR24198	25506.26	24848.96	4297.82	247.51	177.59
PTHR10048	3282.15	3088.84	444.05	48.52	34.82
PTHR10046	5186.06	4992.73	1067.82	73.55	52.77
PTHR10044	3758.95	3642.94	566.99	35.23	25.28
PTHR13060	1320.0	1281.33	77.0	5.23	3.75
PTHR10687	1254.57	1215.9	643.0	46.0	33.0
PTHR13069	1896.03	1780.05	202.0	30.41	21.81
PTHR13068	6093.46	5977.45	907.0	35.54	25.5
PTHR10682	1088.0	1049.33	475.0	39.41	28.28
PTHR10683	6834.19	6679.51	7578.83	327.97	235.31
PTHR12829	1279.0	1240.33	49.0	3.44	2.47
PTHR12820	2659.0	2581.66	284.15	19.17	13.76
PTHR12826	1629.0	1590.33	420.13	22.94	16.46
PTHR12827	4000.05	3768.08	170.0	20.52	14.73
PTHR17920	2042.0	1964.66	245.0	19.57	14.03
PTHR10137	2088.0	2049.33	860.0	36.4	26.12
PTHR11405	11046.02	10852.69	6212.71	224.66	161.19
PTHR11404	3481.73	3404.39	6492.83	280.32	201.12
PTHR11406	3443.25	3365.91	38000.9	1703.49	1222.23
PTHR13468	1388.44	1311.15	204.92	24.42	17.52
PTHR23406	13318.13	12970.16	4760.89	169.21	121.39
PTHR10869	25225.33	24490.61	5876.04	349.5	250.75
PTHR31717	486.0	447.33	62.0	12.18	8.74
PTHR13393	455.29	416.63	43.0	9.08	6.52
PTHR12696	5712.74	5674.07	1656.98	25.27	18.13
PTHR11315	2397.37	2320.04	1647.61	128.99	92.56
PTHR10139	2062.44	1985.09	128.11	11.32	8.12
PTHR10956	1320.0	1204.04	11153.53	1710.28	1227.11
PTHR10263	3898.0	3820.66	3314.76	128.2	91.99
PTHR31155	5909.0	5715.66	6288.23	200.26	143.68
PTHR32170	2564.76	2448.74	226.0	23.26	16.69
PTHR23350	1299.0	1260.33	123.0	8.49	6.09
PTHR23354	5217.73	5101.72	854.4	31.08	22.3
PTHR23355	8939.32	8707.31	1296.99	56.33	40.42
PTHR23359	11929.7	11659.06	3469.94	167.42	120.11
PTHR11227	3619.25	3503.26	816.0	59.5	42.69
PTHR11220	8017.13	7707.78	3483.01	250.47	179.71
PTHR11223	6156.59	6040.6	1115.11	38.78	27.82
PTHR11229	1921.0	1843.66	1886.54	185.76	133.27
PTHR10314	17928.37	17541.66	14558.46	724.53	519.84
PTHR14303	1079.0	1040.33	349.0	29.21	20.96
PTHR11139	31577.94	30920.61	2991.58	113.46	81.43
PTHR15362	1263.7	1225.03	196.0	13.92	9.98
PTHR11132	34366.98	33555.02	9262.49	427.68	306.87
PTHR11134	6169.29	6014.61	2414.99	140.31	100.67
PTHR32374	5115.39	4960.72	2196.98	122.34	87.78
PTHR31579	16256.94	16063.57	13524.27	243.29	174.55
PTHR32379	858.0	819.33	186.0	19.8	14.21
PTHR18919	4242.0	4125.99	1793.85	84.19	60.4
PTHR32002	3471.68	3317.07	421.01	47.67	34.2
PTHR21368	1967.0	1889.66	1781.01	160.32	115.03
PTHR10778	5392.36	5276.34	2758.7	144.59	103.74
PTHR13789	24817.63	24160.23	5087.01	236.55	169.73
PTHR12786	2951.08	2873.74	1192.01	84.61	60.7
PTHR11706	5651.24	5457.89	1364.0	78.72	56.49
PTHR12782	1320.0	1242.66	134.0	18.82	13.51
PTHR11742	4995.82	4879.8	494.96	27.71	19.88
PTHR24188	6529.74	6297.72	1197.45	73.16	52.48
PTHR21213	1168.0	1129.33	1158.31	89.25	64.04
PTHR10182	2590.85	2552.17	588.0	19.97	14.33
PTHR13923	3537.47	3460.13	2022.56	111.71	80.14
PTHR12321	3659.0	3581.66	955.0	44.44	31.88
PTHR12320	16030.95	15798.92	5527.44	162.03	116.26
PTHR12323	824.0	785.33	54.0	6.0	4.31
PTHR16201	2936.0	2819.99	396.03	25.91	18.58
PTHR21015	3485.22	3407.9	428.0	21.86	15.69
PTHR16196	1581.73	1504.54	369.98	41.81	30.0
PTHR20855	6136.79	6059.44	1281.14	36.81	26.41
PTHR16193	2703.0	2625.66	145.0	7.82	5.61
PTHR22792	5826.69	5672.01	2160.16	102.95	73.88
PTHR22790	1220.71	1182.04	385.82	28.39	20.37
PTHR21680	2234.0	2195.33	523.62	20.69	14.84
PTHR14152	1826.0	1748.66	242.0	24.1	17.29
PTHR21689	2779.0	2701.66	147.0	9.22	6.61
PTHR21113	10809.15	10615.8	2414.01	100.48	72.1
PTHR19316	4312.57	4235.23	4122.27	170.84	122.57
PTHR21663	3875.34	3720.65	374.0	37.22	26.71
PTHR13253	12793.95	12368.56	8633.81	624.33	447.94
PTHR12446	2496.0	2380.0	593.02	44.33	31.8
PTHR21206	1043.37	1004.7	203.82	17.67	12.68
PTHR10072	3783.37	3667.35	841.0	75.35	54.06
PTHR10071	5811.3	5540.67	1741.12	86.42	62.01
PTHR13780	13282.85	13012.15	9380.12	448.32	321.67
PTHR10677	1472.0	1433.33	710.76	43.09	30.92
PTHR13078	7408.35	7176.35	10601.94	473.24	339.54
PTHR11693	3271.0	3193.66	25393.13	1276.84	916.12
PTHR12815	5458.0	5341.99	1447.81	60.6	43.48
PTHR12814	1516.0	1438.66	148.0	17.99	12.91
PTHR24361	15121.12	14579.91	1026.0	69.8	50.09
PTHR24362	25157.91	24191.2	3300.23	163.52	117.32
PTHR10416	2034.0	1995.33	381.0	16.57	11.89
PTHR10410	5700.71	5546.02	2391.89	128.51	92.2
PTHR10783	8576.92	8228.93	5178.33	394.78	283.26
PTHR10782	2765.0	2649.0	333.0	30.91	22.18
PTHR13476	1688.0	1610.66	375.15	41.56	29.82
PTHR10788	8611.89	8495.87	3268.98	99.67	71.51
PTHR10891	22719.33	22061.92	13849.48	828.53	594.48
PTHR10890	3645.0	3528.99	530.0	38.34	27.52
PTHR20426	680.0	641.33	38.0	5.18	3.72
PTHR23213	2570.0	2492.66	147.0	9.22	6.62
PTHR10520	6303.05	6109.75	2615.97	143.78	103.16
PTHR10250	613.95	575.28	134.0	20.4	14.64
PTHR22854	4112.0	3995.99	1306.56	75.54	54.2
PTHR10527	12211.73	12057.05	4697.66	114.14	81.9
PTHR31384	2223.0	2184.33	500.99	19.89	14.27
PTHR10098	3100.03	2984.03	1610.03	89.77	64.41
PTHR10091	4547.05	4392.42	3193.74	316.18	226.84
PTHR31142	2244.0	2205.33	2147.17	84.44	60.58
PTHR31140	7081.0	6964.99	4743.29	136.85	98.18
PTHR31412	4574.58	4497.24	1223.69	45.11	32.37
PTHR11787	1449.0	1333.01	164.0	34.16	24.51
PTHR11785	28095.85	27593.14	7817.44	234.29	168.11
PTHR11782	8358.42	8126.4	1230.0	79.54	57.07
PTHR31419	4070.0	3953.99	228.0	12.9	9.25
PTHR11780	2130.45	2091.78	5334.09	221.19	158.7
PTHR21141	3066.66	2950.65	45214.24	6389.22	4584.16
PTHR32148	10062.26	9830.24	30909.32	2566.36	1841.32
PTHR23324	10706.58	10474.55	1299.0	59.8	42.92
PTHR23327	2412.0	2257.38	58.0	6.53	4.69
PTHR23326	3877.61	3761.61	1973.9	129.83	93.15
PTHR23321	630.0	591.33	1781.93	263.84	189.3
PTHR23323	8808.59	8576.57	2288.01	112.19	80.49
PTHR23322	2637.38	2521.37	914.0	70.04	50.26
PTHR23329	2154.05	2076.7	382.0	29.38	21.09
PTHR11236	6181.25	5949.25	455.0	31.53	22.61
PTHR20932	4435.76	4358.41	2320.51	90.86	65.19
PTHR10322	10711.42	10247.43	1217.19	90.06	64.6
PTHR11239	5871.56	5755.54	1739.0	87.19	62.56
PTHR10803	3918.9	3841.56	1663.05	80.88	58.02
PTHR31964	12486.71	12177.35	9508.62	585.18	419.88
PTHR23030	2245.15	2206.47	701.0	27.55	19.77
PTHR11129	2240.0	2162.68	514.0	30.82	22.12
PTHR11122	5026.86	4872.18	2437.58	185.92	133.39
PTHR15316	4902.53	4709.18	2215.81	186.74	133.97
PTHR11127	627.0	588.33	12812.22	1906.86	1368.14
PTHR11125	2889.0	2850.33	316.08	9.61	6.89
PTHR31566	2666.0	2549.99	498.0	49.64	35.61
PTHR31567	1776.0	1737.33	1777.0	88.79	63.71
PTHR31561	23986.13	23174.14	19616.43	939.91	674.3
PTHR30615	1475.0	1397.66	192.0	26.52	19.04
PTHR15137	1305.43	1228.1	109.0	14.01	10.05
PTHR22938	2783.22	2667.2	233.0	23.56	16.91
PTHR15952	2978.0	2861.99	340.7	29.11	20.89
PTHR21319	4807.38	4614.04	645.0	64.19	46.06
PTHR11482	11668.06	11397.48	11592.61	398.27	285.76
PTHR13887	1547.0	1508.33	199.0	11.46	8.22
PTHR19271	2907.09	2791.09	598.01	54.79	39.31
PTHR21228	88918.5	86095.89	18627.72	952.51	683.43
PTHR11361	19114.02	18456.69	2313.89	129.47	92.87
PTHR13343	5809.22	5693.21	1286.99	54.05	38.78
PTHR12029	11717.76	11176.41	771.21	87.61	62.86
PTHR21220	719.0	680.33	20.94	2.69	1.93
PTHR22780	8464.4	8271.05	1290.0	61.0	43.76
PTHR21477	4600.0	4522.66	719.52	26.7	19.16
PTHR19308	6415.0	6337.66	5610.69	104.31	74.84
PTHR16301	2598.23	2520.89	377.37	26.56	19.05
PTHR22870	21363.29	20628.61	5158.82	242.1	173.74
PTHR17630	6858.05	6664.75	3455.85	188.45	135.2
PTHR10064	578.0	539.33	11297.39	1836.26	1317.49
PTHR10066	11112.02	10802.7	2764.39	130.78	93.83
PTHR10060	1406.0	1328.66	101.0	13.29	9.53
PTHR10663	16247.9	15822.54	3693.64	216.61	155.41
PTHR10666	8540.21	8230.86	41361.73	3063.9	2198.29
PTHR10668	15774.05	15426.05	3267.88	191.73	137.55
PTHR12265	2254.28	2176.94	1469.0	97.68	70.09
PTHR12801	7535.24	7341.88	4215.97	173.01	124.13
PTHR12802	4666.15	4395.53	491.27	50.12	35.96
PTHR12805	1436.0	1358.66	161.0	20.31	14.56
PTHR12806	764.0	725.33	52.0	6.26	4.49
PTHR21091	17355.52	17007.49	4615.97	233.72	167.69
PTHR21090	1416.26	1377.59	822.0	51.86	37.21
PTHR24315	1237.0	1198.33	517.0	37.53	26.93
PTHR24314	5460.33	5344.31	871.0	42.74	30.65
PTHR11933	2271.8	2155.79	159.0	16.45	11.81
PTHR11932	7843.34	7650.02	4447.54	189.79	136.18
PTHR11426	2717.0	2601.0	9147.87	696.33	499.6
PTHR11937	10364.35	10016.33	7546.01	371.49	266.53
PTHR11938	15601.6	15408.24	5837.43	151.3	108.55
PTHR31057	3510.08	3394.07	401.0	31.17	22.37
PTHR13683	5450.13	5295.45	1878.98	106.75	76.6
PTHR24089	67013.88	65119.06	37875.97	2125.31	1524.92
PTHR10796	4090.03	4012.69	769.0	30.38	21.8
PTHR10794	3962.23	3807.55	422.0	34.83	24.99
PTHR10795	55675.57	54476.81	10457.94	453.55	325.41
PTHR10792	720.0	681.33	14294.56	1833.9	1315.79
PTHR10799	46763.93	44869.25	4145.59	340.82	244.48
PTHR10882	1399.0	1360.33	96.0	6.13	4.4
PTHR10887	36788.0	35666.64	5617.63	269.78	193.57
PTHR11686	1924.51	1847.17	299.29	28.66	20.57
PTHR11685	6504.01	6272.03	1763.04	76.42	54.83
PTHR11680	6690.0	6573.99	4278.69	152.51	109.43
PTHR24221	25633.65	25092.28	4023.54	179.34	128.67
PTHR24220	7147.01	6876.32	1325.01	128.17	91.97
PTHR24223	31344.15	30686.82	7669.71	208.79	149.81
PTHR11689	13833.31	13639.96	2048.15	59.4	42.61
PTHR10252	3450.0	3334.0	518.52	30.31	21.75
PTHR13082	1710.0	1671.33	752.0	39.07	28.03
PTHR13124	1131.0	1053.67	123.0	18.23	13.08
PTHR31173	5305.17	5111.82	545.0	43.93	31.51
PTHR12538	693.0	654.33	24377.16	3257.96	2337.53
PTHR31606	1958.91	1920.24	1755.0	79.3	56.9
PTHR31356	4590.87	4474.95	6729.6	343.19	246.24
PTHR31352	2705.0	2627.66	591.0	38.74	27.79
PTHR31350	6360.01	6166.67	1543.12	81.7	58.61
PTHR11758	1501.0	1423.66	10924.63	1235.38	886.36
PTHR23333	667.0	628.33	280.0	38.99	27.97
PTHR11751	23346.34	22727.65	9789.41	414.84	297.63
PTHR11753	2150.0	2033.99	536.0	70.9	50.87
PTHR11752	34101.86	33444.5	4808.06	151.36	108.61
PTHR24423	7805.96	7651.28	1316.5	53.9	38.67
PTHR11206	21178.11	20675.41	2778.0	150.74	108.14
PTHR11757	11593.23	11245.25	2214.19	123.9	88.91
PTHR24420	88944.16	86817.4	32309.98	938.23	673.15
PTHR10332	8995.45	8763.42	3609.28	195.44	140.22
PTHR14145	2182.51	2143.83	1312.02	53.08	38.08
PTHR17695	4820.0	4549.33	194.0	24.24	17.39
PTHR13600	5784.16	5590.8	2140.92	129.26	92.74
PTHR12363	8600.62	8329.94	967.0	51.11	36.67
PTHR23029	12757.13	12409.12	3928.03	176.53	126.65
PTHR23023	7659.16	7388.47	794.26	73.79	52.95
PTHR31385	3802.61	3686.59	302.0	22.27	15.98
PTHR21294	1328.0	1289.33	347.0	23.4	16.79
PTHR11119	5917.55	5762.86	1400.0	65.26	46.82
PTHR31595	4523.53	4330.18	306.03	26.9	19.31
PTHR31596	1790.23	1712.89	116.0	11.81	8.47
PTHR15948	803.0	764.33	70.97	8.11	5.82
PTHR32026	1945.32	1906.65	230.0	10.47	7.51
PTHR31829	1491.0	1452.33	3420.84	204.65	146.84
PTHR14898	2840.66	2763.32	987.98	67.3	48.28
PTHR19241	49410.97	48405.51	15204.6	516.91	370.88
PTHR14894	1627.0	1549.66	172.0	19.55	14.03
PTHR15239	6482.77	6289.44	780.0	42.14	30.23
PTHR32497	4927.0	4810.99	696.0	35.67	25.59
PTHR12497	3789.0	3672.99	760.0	31.08	22.3
PTHR12302	4056.0	4017.33	3707.01	79.89	57.32
PTHR12304	2459.0	2381.66	207.0	14.63	10.5
PTHR30540	3939.34	3668.74	67.0	10.65	7.63
PTHR30544	5738.81	5506.81	1231.23	92.94	66.68
PTHR13302	1102.0	1024.67	149.0	24.16	17.34
PTHR12472	2282.6	2205.25	140.0	10.2	7.32
PTHR13308	3902.36	3786.35	2192.93	121.26	87.0
PTHR12477	5977.0	5822.32	815.53	55.35	39.71
PTHR13878	19960.05	19496.04	2391.75	109.05	78.23
PTHR21461	1816.0	1777.33	202.0	9.87	7.08
PTHR13872	7370.0	7176.65	20462.42	1229.92	882.46
PTHR22849	6084.57	5813.94	892.5	83.33	59.8
PTHR21314	2252.0	2174.66	286.0	23.55	16.9
PTHR13271	31666.74	30661.39	4400.16	242.99	174.37
PTHR22841	6931.47	6776.81	9702.42	288.65	207.12
PTHR22847	51639.05	50053.92	6521.78	355.99	255.43
PTHR22844	14784.36	14281.66	1638.99	88.19	63.27
PTHR23284	1064.0	1025.33	246.0	20.89	14.99
PTHR21266	18984.26	18365.71	9717.24	363.43	260.75
PTHR12271	4396.74	4242.09	324.0	26.64	19.11
PTHR12277	5334.16	5179.47	1307.68	89.11	63.94
PTHR12276	2281.12	2165.11	271.0	34.38	24.67
PTHR10657	2599.0	2521.66	1037.99	71.26	51.13
PTHR10655	2716.0	2638.66	818.92	68.63	49.24
PTHR10652	1817.0	1739.66	481.0	45.37	32.55
PTHR17972	2154.51	2038.5	121.0	15.53	11.13
PTHR10751	9953.46	9798.81	1915.87	64.78	46.48
PTHR21085	2658.0	2619.33	1622.0	53.67	38.51
PTHR11922	5630.9	5476.24	2260.01	122.4	87.82
PTHR10438	38991.44	38140.71	36492.25	2064.62	1481.32
PTHR11926	13381.47	13033.44	1523.74	83.11	59.63
PTHR11431	1752.24	1674.93	2486.06	230.47	165.36
PTHR10430	5264.72	5110.04	11819.21	753.06	540.3
PTHR10434	1274.0	1235.33	386.0	27.17	19.5
PTHR24096	18862.8	18282.93	3135.77	199.93	143.46
PTHR13693	6361.21	6206.53	953.73	48.1	34.5
PTHR13691	2526.0	2448.66	174.0	13.37	9.6
PTHR24092	11284.79	11130.1	3091.5	61.53	44.15
PTHR24093	61489.5	59827.09	21119.44	1010.02	724.64
PTHR22936	5826.68	5672.0	1259.0	71.82	51.55
PTHR13451	1969.2	1891.87	281.0	21.38	15.35
PTHR13452	1835.0	1757.66	430.0	44.96	32.25
PTHR10759	1126.0	1087.33	11543.57	924.1	663.02
PTHR12901	2535.13	2496.46	392.0	13.61	9.77
PTHR12903	1872.0	1794.66	2520.13	225.46	161.76
PTHR13992	1355.0	1277.66	101.0	14.85	10.65
PTHR23237	504.0	465.33	197.0	37.19	26.68
PTHR10501	5383.0	5344.33	4458.14	72.19	51.79
PTHR31169	1987.0	1909.66	224.97	20.91	15.0
PTHR14087	544.0	505.33	20.0	3.47	2.49
PTHR23309	4964.07	4886.72	1479.0	48.1	34.51
PTHR23308	6467.6	6196.99	5912.93	239.82	172.08
PTHR31344	3934.0	3895.33	283.0	6.29	4.51
PTHR31619	2306.0	2267.33	3573.18	136.66	98.05
PTHR23306	2138.0	2099.33	320.0	13.22	9.49
PTHR23305	8619.72	8465.03	3701.14	196.66	141.09
PTHR14089	1471.03	1432.35	141.0	8.55	6.14
PTHR11748	8473.14	8241.11	1682.42	103.89	74.54
PTHR11214	1435.65	1396.97	764.0	47.53	34.1
PTHR11216	5737.0	5582.32	982.0	54.45	39.06
PTHR11210	1957.2	1879.94	1917.51	146.35	105.0
PTHR14154	14019.48	13632.77	4722.74	318.85	228.77
PTHR14155	7220.33	6949.65	1795.17	182.19	130.71
PTHR10343	3019.0	2941.66	836.35	49.09	35.21
PTHR11699	12209.83	11900.5	3266.09	196.7	141.13
PTHR11692	2700.0	2661.33	589.0	19.18	13.76
PTHR12403	2741.85	2664.51	764.09	49.1	35.23
PTHR11695	24836.23	24140.18	7657.03	404.69	290.35
PTHR31760	536.51	497.85	148.0	26.09	18.72
PTHR31906	11361.48	11013.46	2137.01	133.52	95.81
PTHR21419	1800.15	1761.48	580.61	28.61	20.53
PTHR23012	21495.4	21031.45	21352.51	790.18	566.94
PTHR11101	10083.44	9851.44	1841.0	57.65	41.36
PTHR11102	5103.75	4987.73	2046.03	99.36	71.28
PTHR11106	2257.83	2180.49	1037.28	91.52	65.67
PTHR31585	4648.3	4493.62	579.86	45.16	32.39
PTHR32125	2226.0	2148.66	1230.31	91.66	65.77
PTHR31588	667.0	628.33	31.0	4.32	3.1
PTHR32120	1570.0	1492.66	226.0	24.53	17.6
PTHR10288	16452.25	16220.21	17385.79	502.8	360.74
PTHR15680	640.0	601.33	1388.0	202.06	144.97
PTHR11374	2460.63	2421.96	2748.16	98.37	70.58
PTHR11808	10600.69	10407.4	5773.31	199.11	142.85
PTHR24347	8987.0	8677.65	1794.58	119.43	85.69
PTHR18895	3405.46	3289.53	496.0	32.47	23.29
PTHR12486	773.0	695.7	17.0	4.43	3.18
PTHR21262	4421.36	4305.35	466.04	26.65	19.12
PTHR12480	3536.07	3342.8	194.0	19.99	14.35
PTHR12482	3978.37	3823.68	157.0	13.98	10.04
PTHR11042	6536.0	6304.02	694.01	41.43	29.73
PTHR12317	15977.24	15706.56	5722.87	179.69	128.93
PTHR12649	1308.0	1269.33	193.04	13.22	9.49
PTHR12461	6372.14	6024.16	427.0	51.44	36.9
PTHR12466	2320.0	2242.66	402.09	29.36	21.06
PTHR13847	13257.17	12638.59	3336.27	236.31	169.54
PTHR12000	2920.98	2804.97	588.56	56.43	40.49
PTHR12001	8243.0	8126.99	3828.81	114.86	82.41
PTHR21327	4567.28	4412.61	1581.84	116.52	83.61
PTHR21631	6152.78	5998.1	5251.17	297.99	213.81
PTHR22855	11043.88	10850.53	8888.08	319.69	229.38
PTHR22850	11898.63	11550.69	4476.98	199.25	142.96
PTHR22504	3433.44	3394.77	2045.63	52.19	37.45
PTHR12965	2914.0	2875.33	303.0	9.13	6.55
PTHR22915	13095.62	12786.27	2028.0	84.24	60.44
PTHR21256	3112.48	3035.13	1447.98	78.79	56.53
PTHR12266	6532.9	6378.21	1908.24	86.29	61.93
PTHR10648	4814.0	4697.99	1615.02	62.63	44.93
PTHR10641	23153.39	22380.03	3739.91	275.89	197.94
PTHR19842	1239.0	1200.33	271.0	19.64	14.09
PTHR10644	10807.96	10653.28	2007.0	53.23	38.2
PTHR12864	5110.42	4917.11	830.04	53.89	38.67
PTHR12860	2038.75	2000.08	1028.21	44.6	32.0
PTHR13194	1565.0	1526.33	289.0	16.45	11.8
PTHR13190	4357.49	4280.14	648.0	29.26	20.99
PTHR13193	1279.0	1240.33	160.0	11.22	8.05
PTHR23416	4265.0	4148.99	1355.55	85.29	61.21
PTHR11913	2771.0	2732.33	1128.0	35.78	25.67
PTHR11911	9617.0	9423.65	7988.89	401.89	288.35
PTHR11910	3328.0	3250.66	30915.05	1829.58	1312.69
PTHR14950	7162.33	6775.65	869.0	86.48	62.05
PTHR11918	6425.36	6270.68	988.03	47.63	34.17
PTHR12919	1989.0	1911.66	2350.69	266.11	190.92
PTHR12910	1571.24	1493.9	1056.15	143.73	103.12
PTHR12917	1159.71	1121.04	265.0	20.57	14.76
PTHR15954	3035.39	2996.72	539.0	15.58	11.18
PTHR11351	6741.1	6586.42	1055.95	43.89	31.49
PTHR11353	35051.37	34393.98	29756.36	1126.4	808.17
PTHR11599	20560.59	19980.53	16491.02	1057.91	759.04
PTHR10516	21248.08	20513.36	10187.71	780.38	559.94
PTHR11592	4810.0	4655.32	1547.15	134.34	96.38
PTHR13273	1055.0	1016.33	908.0	77.8	55.82
PTHR31724	2620.57	2543.23	3629.72	214.39	153.83
PTHR13734	2273.0	2157.0	88.0	10.06	7.21
PTHR31620	6766.0	6649.99	6768.2	206.19	147.93
PTHR23315	32302.03	31490.07	8363.4	306.21	219.72
PTHR23316	3950.0	3911.33	2887.21	63.91	45.86
PTHR11778	4395.4	4318.06	7428.66	274.49	196.94
PTHR11774	3004.53	2927.19	624.94	37.29	26.76
PTHR11773	4364.0	4325.33	3496.0	69.97	50.2
PTHR11772	7638.46	7445.12	6764.0	313.95	225.27
PTHR10357	34273.15	33731.79	12095.05	340.89	244.58
PTHR10353	9112.39	8919.02	4284.88	184.64	132.48
PTHR10350	2520.0	2481.33	508.0	17.75	12.73
PTHR10351	3634.0	3556.66	3635.26	386.17	277.07
PTHR32557	1843.0	1804.33	1323.0	63.64	45.66
PTHR10359	2433.22	2278.55	186.8	30.86	22.15
PTHR32442	2505.0	2466.33	1124.0	39.51	28.35
PTHR31750	1088.0	1010.68	80.0	14.42	10.35
PTHR23418	679.82	641.15	715.0	97.55	69.99
PTHR14189	2233.0	2155.66	139.0	11.08	7.95
PTHR21021	1815.95	1700.11	323.0	49.7	35.66
PTHR32228	2194.0	2155.33	203.0	8.17	5.86
PTHR31245	2011.0	1972.33	1015.0	44.65	32.03
PTHR23001	2093.0	2015.66	1758.0	135.21	97.01
PTHR23002	1849.0	1733.0	153.0	24.09	17.28
PTHR30178	2163.0	2124.33	5824.16	237.8	170.62
PTHR22904	33844.38	32645.69	7223.89	393.68	282.44
PTHR11177	3122.9	3045.55	450.0	26.06	18.69
PTHR11178	6320.43	6204.41	3433.81	124.62	89.41
PTHR31808	1582.42	1505.08	223.13	25.59	18.36
PTHR31803	2858.0	2819.33	743.08	22.84	16.39
PTHR11009	2466.0	2388.66	926.02	61.3	43.98
PTHR10099	4329.0	4290.33	2944.11	59.41	42.62
PTHR19229	25715.06	24825.77	4207.94	243.04	174.37
PTHR11005	12688.05	12340.18	2041.05	121.27	87.02
PTHR11006	9425.49	9116.13	1726.06	103.89	74.54
PTHR18640	3482.29	3366.29	244.0	15.0	10.77
PTHR18866	22404.01	22055.96	134177.29	3944.74	2830.28
PTHR12022	1114.0	1075.33	3320.65	268.82	192.87
PTHR15074	2325.74	2248.39	175.18	13.57	9.74
PTHR15588	1186.51	1109.19	247.0	46.22	33.16
PTHR12677	12370.95	12061.64	2735.91	140.36	100.71
PTHR19134	3773.39	3657.41	1513.0	55.26	39.65
PTHR19139	10586.35	10354.39	22090.75	980.47	703.47
PTHR12456	1431.0	1353.66	120.0	13.46	9.66
PTHR12452	1258.43	1219.76	298.0	21.25	15.25
PTHR23240	2521.28	2405.26	102.0	10.01	7.18
PTHR19359	3112.0	2995.99	507.0	60.78	43.61
PTHR12072	4266.25	4111.56	357.0	28.48	20.43
PTHR13218	551.39	512.75	76.0	13.0	9.33
PTHR13215	1022.77	945.44	28.0	5.35	3.83
PTHR13213	3045.0	2928.99	294.15	25.12	18.02
PTHR12290	2588.08	2510.74	726.84	55.33	39.69
PTHR21530	6638.0	6483.32	656.0	32.95	23.64
PTHR12295	7677.47	7484.12	1104.99	56.1	40.24
PTHR12298	4076.03	3882.69	338.0	34.02	24.41
PTHR10638	8782.32	8666.29	5341.29	143.07	102.66
PTHR10631	2329.43	2252.11	914.88	53.28	38.22
PTHR10984	2795.0	2756.33	604.0	18.99	13.63
PTHR12858	4373.74	4219.06	1033.51	71.34	51.19
PTHR13505	896.0	857.33	402.01	40.89	29.34
PTHR12856	919.6	880.92	119.0	11.78	8.45
PTHR12855	1488.03	1449.36	1585.0	95.01	68.17
PTHR12854	1107.0	1068.33	210.0	17.11	12.28
PTHR13182	1831.0	1753.66	503.0	49.36	35.41
PTHR10855	4232.0	4154.66	1736.95	72.62	52.1
PTHR10585	3167.92	3090.58	2828.63	158.55	113.76
PTHR10743	1704.42	1665.75	529.08	27.58	19.79
PTHR10742	26782.94	26125.54	7342.88	276.67	198.51
PTHR10745	3471.0	3432.33	1107.0	27.93	20.04
PTHR10744	3253.41	3137.4	18957.05	2056.02	1475.15
PTHR10746	2905.74	2828.39	4012.09	289.5	207.71
PTHR11099	4519.0	4480.33	846.0	16.35	11.73
PTHR12924	1706.0	1667.33	3708.82	193.13	138.57
PTHR11659	1517.01	1478.35	237.0	13.93	9.99
PTHR11349	4364.0	4170.65	10305.09	1164.96	835.85
PTHR10566	40190.03	39068.64	5567.21	306.42	219.87
PTHR10293	4042.84	3888.17	1998.05	192.8	138.33
PTHR10291	4718.51	4563.87	1209.15	61.39	44.05
PTHR11584	9767.48	9535.46	2124.99	88.92	63.8
PTHR11586	2840.0	2723.99	641.0	63.09	45.27
PTHR11909	6803.43	6610.14	3728.59	232.33	166.69
PTHR24320	9811.09	9501.74	2088.04	141.2	101.32
PTHR24322	30963.76	30035.68	12364.75	690.14	495.18
PTHR11907	4194.24	4078.23	1297.97	66.53	47.74
PTHR11760	3309.0	3192.99	16969.06	1478.95	1061.13
PTHR11761	2765.85	2688.51	25808.84	3801.53	2727.53
PTHR11766	1735.0	1657.66	509.86	46.68	33.49
PTHR11767	3118.95	3041.61	153.0	10.63	7.63
PTHR10361	1404.46	1327.18	640.99	101.45	72.79
PTHR10366	32058.46	31246.39	22591.02	1038.18	744.87
PTHR10169	8959.04	8727.11	958.04	51.85	37.19
PTHR10168	4649.0	4455.65	2730.77	213.89	153.47
PTHR20973	2316.93	2278.26	311.0	11.84	8.49
PTHR10165	6730.23	6575.55	2428.43	120.1	86.16
PTHR31032	1069.0	1030.33	385.0	32.54	23.35
PTHR23257	115869.61	111925.92	32652.37	1673.5	1200.71
PTHR23253	4830.89	4637.53	1467.75	137.35	98.56
PTHR14190	3697.0	3619.66	354.0	16.95	12.16
PTHR14194	5304.0	5149.32	1160.88	77.11	55.32
PTHR31251	20623.39	19656.69	5875.15	489.73	351.39
PTHR23074	12395.35	11969.97	1903.79	107.96	77.48
PTHR23077	15242.83	14740.19	3984.97	171.94	123.37
PTHR23076	28879.33	28415.29	12053.94	417.1	299.27
PTHR30239	1608.0	1569.33	291.0	16.1	11.55
PTHR23073	8277.0	8045.0	5583.45	323.21	231.9
PTHR23078	2898.0	2859.33	847.0	25.67	18.42
PTHR11165	1454.0	1415.33	3843.01	235.95	169.29
PTHR10772	2860.0	2743.99	3931.89	374.79	268.92
PTHR32100	9009.42	8777.46	68184.85	2450.76	1758.38
PTHR14445	3857.0	3663.73	341.0	38.74	27.79
PTHR23109	334.0	295.37	21.0	6.3	4.52
PTHR23102	3200.47	3084.58	1018.99	90.81	65.16
PTHR23105	7756.45	7447.09	37403.62	2895.74	2077.64
PTHR11010	9474.04	9280.66	1821.0	123.01	88.26
PTHR11014	10446.68	10137.34	2458.5	142.52	102.26
PTHR12668	3663.12	3547.12	1022.99	64.62	46.37
PTHR12661	1383.0	1344.33	301.0	19.46	13.96
PTHR12663	7058.0	6903.32	847.0	48.53	34.82
PTHR12664	1287.0	1248.33	207.0	14.42	10.35
PTHR16166	17746.35	17089.05	1121.0	65.7	47.14
PTHR12111	2949.0	2871.66	928.0	43.69	31.35
PTHR12447	1997.0	1919.66	94.0	8.12	5.82
PTHR15481	1382.0	1343.33	357.88	23.16	16.62
PTHR26379	4520.65	4443.31	2381.23	81.66	58.59
PTHR12599	2050.0	1972.66	2020.0	178.24	127.88
PTHR12596	7029.01	6835.67	1055.0	57.01	40.9
PTHR12590	3320.84	3204.84	5449.14	284.99	204.47
PTHR12066	2697.45	2465.67	119.0	30.35	21.78
PTHR12064	9301.1	8953.07	1092.0	81.4	58.39
PTHR13226	3536.34	3420.34	232.0	16.63	11.93
PTHR13889	4423.0	4345.66	1133.26	38.72	27.78
PTHR21181	2759.68	2643.69	507.0	36.13	25.91
PTHR12412	3362.0	3323.33	520.0	13.55	9.72
PTHR12146	806.0	767.33	16496.9	1876.9	1346.64
PTHR10458	630.0	591.33	70.0	10.36	7.44
PTHR19306	4873.79	4796.45	2419.08	84.01	60.28
PTHR21506	995.48	956.82	339.0	30.87	22.15
PTHR12280	4918.0	4763.34	251.0	19.34	13.88
PTHR12281	2933.48	2856.13	1170.85	55.36	39.71
PTHR12286	4687.72	4533.06	531.0	35.75	25.65
PTHR30573	2874.0	2796.66	524.0	33.31	23.9
PTHR22983	7032.64	6877.95	1335.6	71.74	51.47
PTHR22981	9273.49	9118.8	1306.03	53.77	38.58
PTHR30191	1271.0	1155.08	180.0	40.49	29.05
PTHR10629	10584.59	10275.27	2364.83	117.61	84.39
PTHR10994	5401.61	5246.93	2237.63	163.23	117.12
PTHR10996	12296.94	12064.9	5545.53	182.61	131.01
PTHR10625	18909.6	18368.23	4918.8	267.67	192.06
PTHR10992	54145.58	52714.88	9517.88	445.66	319.76
PTHR12848	2752.0	2674.66	236.0	15.25	10.94
PTHR12849	1805.57	1728.22	163.0	19.35	13.88
PTHR10943	7061.28	6867.92	2423.29	163.41	117.26
PTHR12847	4820.14	4665.46	1414.0	105.13	75.44
PTHR12841	1391.0	1352.33	464.99	29.89	21.44
PTHR21290	1107.84	1069.16	94.0	7.65	5.49
PTHR21349	1093.0	1015.66	1489.87	228.3	163.8
PTHR21347	2000.0	1961.33	432.0	19.11	13.71
PTHR19861	1355.49	1316.82	455.25	30.06	21.56
PTHR21343	1962.92	1846.93	38.0	5.74	4.13
PTHR10196	5002.69	4848.02	565.0	37.45	26.88
PTHR10192	734.0	695.33	104.0	13.07	9.38
PTHR10755	4186.0	4108.65	3297.02	112.91	81.01
PTHR10758	4611.62	4534.34	1921.36	72.16	51.78
PTHR13152	1581.91	1543.24	9640.33	542.54	389.26
PTHR12932	4050.0	3972.66	427.01	18.38	13.19
PTHR12934	2409.37	2332.03	2778.66	249.65	179.12
PTHR13265	1182.0	1143.33	136.0	10.35	7.43
PTHR11800	4302.0	4224.66	870.0	36.23	26.0
PTHR11802	14675.93	14250.61	4643.11	240.06	172.23
PTHR11804	14749.02	14362.33	8965.8	347.92	249.63
PTHR11807	1256.39	1217.72	73.0	5.21	3.74
PTHR10281	2012.21	1934.87	1785.0	157.85	113.25
PTHR10283	20771.33	20384.63	11940.49	420.9	301.99
PTHR10285	10360.54	10051.15	15431.45	760.62	545.73
PTHR10286	3219.01	3103.0	32984.93	2410.79	1729.7
PTHR11579	6628.2	6512.18	1751.9	76.53	54.91
PTHR13718	4596.0	4479.99	18424.35	1468.51	1053.62
PTHR13711	6685.44	6453.48	10686.37	621.84	446.17
PTHR13710	13056.0	12630.64	492.15	39.74	28.51
PTHR11977	3339.34	3262.09	944.55	36.19	25.97
PTHR22970	2314.38	2237.04	456.0	36.13	25.93
PTHR11972	4217.0	4139.66	278.0	10.74	7.7
PTHR31480	1778.34	1739.67	403.0	20.11	14.43
PTHR31485	3869.0	3791.66	546.0	25.21	18.08
PTHR11715	1110.0	1071.33	4634.81	376.61	270.21
PTHR11717	3521.72	3367.08	986.75	74.27	53.29
PTHR11711	11098.6	10827.92	9055.58	505.42	362.63
PTHR11712	7169.0	7014.38	4888.56	206.32	148.03
PTHR10374	3326.23	3248.89	3012.63	151.16	108.46
PTHR10178	33750.28	33015.57	94063.53	2827.1	2028.43
PTHR20961	8794.54	8601.19	1098.03	59.58	42.76
PTHR10173	8352.0	8119.98	3664.88	249.04	178.68
PTHR10177	28480.06	27977.36	11831.12	334.09	239.69
PTHR10174	9850.07	9656.71	5127.17	248.32	178.16
PTHR23249	3482.45	3405.11	926.95	61.1	43.84
PTHR23244	25287.94	24707.92	4471.95	190.0	136.31
PTHR23245	1437.08	1359.75	50.0	5.92	4.25
PTHR14614	11410.39	10946.38	6799.71	377.2	270.63
PTHR31268	2661.38	2468.07	124.0	21.56	15.47
PTHR31262	1907.0	1829.66	325237.17	23573.67	16913.72
PTHR23063	4123.87	4007.88	580.0	35.44	25.43
PTHR11620	1353.0	1275.66	16059.8	1702.44	1221.48
PTHR11624	11917.25	11723.91	73671.88	2888.19	2072.22
PTHR11627	11316.47	11123.11	102562.6	5220.83	3745.86
PTHR26312	4937.54	4782.86	655.98	47.4	34.01
PTHR11390	6407.88	6214.52	517.2	27.56	19.79
PTHR31319	3436.0	3397.33	4913.35	125.26	89.87
PTHR14052	2394.0	2355.33	208.0	7.66	5.49
PTHR32118	1627.0	1588.33	1725.05	94.32	67.67
PTHR23117	3857.08	3702.47	1015.07	86.33	61.95
PTHR23115	41383.96	40417.28	87098.58	3455.82	2479.51
PTHR11028	1997.0	1958.33	1009.98	44.75	32.11
PTHR11024	2743.0	2704.33	1029.0	32.98	23.66
PTHR15081	4292.18	4214.84	760.0	32.99	23.66
PTHR11777	6234.31	6118.3	4508.21	205.2	147.23
PTHR12616	2692.0	2614.66	173.0	9.98	7.16
PTHR12613	3947.4	3908.73	759.0	16.81	12.06
PTHR12612	801.0	762.33	995.08	113.96	81.77
PTHR32060	5185.55	5069.54	547.0	22.88	16.42
PTHR12126	4672.0	4594.66	2255.2	105.33	75.58
PTHR12124	5185.76	4992.52	599.0	63.28	45.4
PTHR22734	1557.0	1518.33	103.0	5.89	4.23
PTHR12121	10467.31	10042.01	1350.25	78.13	56.06
PTHR12438	894.84	856.17	64.0	6.52	4.68
PTHR15492	694.0	655.33	15.0	2.0	1.44
PTHR21426	2255.0	2216.33	410.0	16.04	11.51
PTHR21427	668.78	630.13	94.0	13.05	9.36
PTHR13161	2542.99	2504.32	688.0	23.81	17.09
PTHR19372	2007.32	1968.65	590.0	26.0	18.66
PTHR19370	5506.17	5351.52	1698.17	94.88	68.06
PTHR19376	6775.68	6621.0	745.0	33.17	23.8
PTHR19375	15374.46	14949.16	25199.7	954.81	685.07
PTHR12050	1234.0	1195.33	290.0	21.1	15.14
PTHR12725	10614.44	10421.09	1813.44	71.49	51.29
PTHR22884	17924.68	17305.94	2963.23	207.63	148.96
PTHR22881	549.0	510.33	101.0	17.36	12.46
PTHR22880	6888.32	6579.02	2069.82	159.46	114.4
PTHR12542	2399.99	2322.64	614.0	46.01	33.01
PTHR12547	5399.12	5244.45	9948.32	461.36	331.02
PTHR12436	7307.44	7152.76	3598.47	192.68	138.24
PTHR21512	1121.0	1082.33	40.0	3.22	2.31
PTHR30508	3144.13	3028.13	1386.0	126.66	90.89
PTHR14744	1129.0	1090.33	138.0	11.02	7.9
PTHR30502	2980.57	2903.23	791.0	48.1	34.51
PTHR10617	11795.0	11562.98	5791.44	223.39	160.29
PTHR10615	7243.53	7127.51	1722.0	62.85	45.1
PTHR12189	1186.45	1147.78	87.99	6.67	4.79
PTHR13527	1137.0	1098.33	144.0	11.41	8.19
PTHR22958	3716.0	3677.33	4514.09	106.3	76.27
PTHR14534	651.0	612.33	54.0	7.72	5.54
PTHR22951	861.0	822.33	126.0	13.37	9.59
PTHR22950	42674.63	41669.33	13532.94	683.71	490.54
PTHR22953	13191.03	12997.68	2402.02	74.47	53.43
PTHR22952	5485.21	5291.85	3785.6	219.28	157.32
PTHR22957	15570.66	15106.62	2487.77	142.47	102.23
PTHR21600	4245.58	4168.23	2487.16	66.07	47.4
PTHR24056	11743.41	11318.11	2687.1	190.4	136.61
PTHR24054	3302.93	3225.59	1696.02	90.38	64.84
PTHR24055	7619.79	7349.08	1154.0	80.7	57.9
PTHR24058	1968.94	1891.6	156.0	17.68	12.68
PTHR10766	9066.71	8796.05	4141.89	247.79	177.77
PTHR10762	2338.0	2183.33	163.01	24.39	17.5
PTHR30031	8652.27	8265.65	2507.57	132.58	95.1
PTHR12945	1375.0	1297.67	64.0	9.37	6.73
PTHR12944	1428.62	1389.95	96.0	6.0	4.31
PTHR23163	3217.0	3178.33	852.0	23.22	16.66
PTHR24128	6385.32	6153.3	933.0	72.14	51.75
PTHR13096	3681.1	3603.76	334.0	12.58	9.03
PTHR11364	3275.51	3159.49	2173.62	141.15	101.27
PTHR11365	5445.0	5367.66	845.01	26.03	18.68
PTHR10548	5699.8	5583.78	7111.58	309.52	222.08
PTHR11817	12314.58	12121.21	7374.15	242.45	173.96
PTHR11814	7070.83	6954.86	839.86	29.41	21.1
PTHR11363	1553.0	1514.33	19444.04	1115.37	800.26
PTHR10543	11137.0	10866.34	1738.13	74.58	53.53
PTHR11819	15108.51	14915.16	2773.7	77.61	55.68
PTHR10544	627.0	588.33	12536.79	1865.87	1338.73
PTHR11562	1046.78	1008.1	32.0	2.76	1.98
PTHR11566	11459.0	11265.65	5931.46	179.14	128.53
PTHR11567	5799.38	5606.11	1224.51	118.99	85.38
PTHR11564	5529.49	5336.14	1128.86	92.4	66.29
PTHR11962	3979.77	3825.1	1083.0	81.6	58.55
PTHR11963	4262.19	4146.17	1295.32	59.44	42.65
PTHR10381	11523.64	11175.61	15240.0	907.38	651.02
PTHR10383	4081.0	4042.33	433.0	9.27	6.65
PTHR11705	7415.75	7261.09	1411.99	59.39	42.61
PTHR11702	11173.76	10903.08	2332.05	101.32	72.7
PTHR11700	1751.0	1673.66	26120.69	3591.14	2576.58
PTHR10388	1377.0	1338.33	5676.18	368.68	264.52
PTHR10145	5626.0	5548.66	821.65	28.4	20.38
PTHR23273	3931.03	3853.68	672.0	27.5	19.74
PTHR23270	3227.38	3111.37	591.0	36.7	26.33
PTHR23050	5396.73	5126.04	6014.12	559.86	401.69
PTHR23056	2023.46	1946.12	246.0	21.13	15.16
PTHR23054	1520.0	1481.33	214.0	12.55	9.0
PTHR11638	20936.52	20395.2	9097.75	269.65	193.47
PTHR31783	5095.0	4978.99	377.0	22.25	15.97
PTHR23291	9816.73	9623.37	7070.14	369.04	264.78
PTHR11630	9179.24	8908.55	941.0	55.13	39.56
PTHR11140	8583.0	8505.66	2029.35	41.94	30.09
PTHR11141	3596.0	3557.33	2228.18	54.25	38.92
PTHR11142	8688.59	8417.89	967.95	70.0	50.24
PTHR11143	825.0	786.33	12003.2	1332.32	955.92
PTHR11380	517.0	478.33	52.0	9.55	6.85
PTHR11384	5667.68	5551.68	1191.25	45.29	32.49
PTHR32477	2067.0	1950.99	128.0	16.77	12.04
PTHR14043	779.0	740.33	42.0	4.95	3.55
PTHR32472	2612.06	2496.06	192.0	20.18	14.48
PTHR31658	1140.0	1101.33	117.0	9.25	6.63
PTHR13890	9203.76	8855.73	1768.05	146.83	105.34
PTHR14269	2654.2	2538.21	763.15	53.4	38.31
PTHR22883	12803.13	12493.81	1989.01	88.65	63.59
PTHR23125	50310.17	49111.67	5153.31	224.02	160.72
PTHR19879	2595.92	2518.58	663.0	41.49	29.76
PTHR19211	22466.82	21770.83	238649.83	5124.71	3676.89
PTHR23338	1425.0	1386.33	1386.98	86.95	62.38
PTHR12608	2398.0	2320.66	717.0	54.18	38.88
PTHR12604	5248.15	5132.14	1202.26	67.59	48.49
PTHR12603	3085.63	3008.28	1521.0	70.67	50.7
PTHR32091	1852.06	1774.72	255.0	26.5	19.01
PTHR32098	5765.0	5494.33	310.0	30.46	21.85
PTHR18763	456.0	417.34	32.57	6.87	4.93
PTHR22726	2892.49	2776.47	441.0	35.4	25.4
PTHR22727	17049.69	16779.01	79488.87	2570.48	1844.26
PTHR12428	8786.44	8593.1	3216.62	177.74	127.52
PTHR18968	8345.33	8152.01	7298.11	247.18	177.32
PTHR14456	328.0	289.37	7.0	2.14	1.54
PTHR12730	3610.35	3533.01	512.0	25.35	18.18
PTHR12736	2498.76	2421.42	607.0	33.83	24.27
PTHR12735	5022.88	4868.19	1956.44	141.5	101.54
PTHR15020	12970.41	12661.05	4175.2	237.36	170.3
PTHR12558	5407.77	5214.44	386.0	31.28	22.44
PTHR12553	10177.12	9829.1	2330.64	127.25	91.3
PTHR10497	559.0	520.33	10810.74	1822.23	1307.42
PTHR10496	260.0	221.47	1.0	0.4	0.29
PTHR21569	2325.27	2209.27	12688.66	1654.41	1187.01
PTHR21567	5652.12	5497.44	506.0	34.44	24.7
PTHR13950	2223.0	2145.66	240.0	16.51	11.85
PTHR12133	2169.68	2092.34	151.0	13.38	9.6
PTHR10972	6074.91	5881.56	1032.73	74.56	53.49
PTHR21704	4707.86	4630.52	219.0	9.75	7.0
PTHR10606	1376.83	1338.16	735.0	47.74	34.26
PTHR13743	3598.0	3443.33	191.0	15.31	10.98
PTHR22942	9450.1	9218.09	893.19	52.2	37.47
PTHR13395	1595.53	1556.87	444.95	24.82	17.81
PTHR22891	7721.99	7606.04	5440.76	126.52	90.78
PTHR22893	4005.91	3889.89	817.0	41.09	29.48
PTHR24067	24106.13	23448.74	14359.69	767.81	550.89
PTHR24064	8963.18	8615.21	1098.21	109.9	78.86
PTHR24063	37048.02	36042.6	17694.42	712.11	510.91
PTHR21011	1399.0	1360.33	431.65	27.58	19.79
PTHR25040	7848.9	7694.22	3666.86	151.15	108.46
PTHR10774	13753.53	13289.48	1727.01	141.58	101.57
PTHR24068	2860.76	2783.41	8357.65	435.28	312.31
PTHR19980	2565.0	2487.66	344.0	24.04	17.26
PTHR12959	2247.6	2092.96	329.93	54.21	38.9
PTHR24115	60300.23	58908.12	4916.65	190.11	136.39
PTHR10961	1570.1	1531.43	903.0	51.22	36.75
PTHR11825	8950.09	8718.08	2342.07	121.71	87.32
PTHR10809	610.18	571.58	780.68	119.61	85.82
PTHR11822	1881.2	1842.52	1222.28	57.57	41.31
PTHR10555	4281.01	4165.01	1233.06	81.79	58.68
PTHR10806	1135.57	1096.9	531.0	42.13	30.23
PTHR10804	15236.51	14965.85	6837.55	307.13	220.35
PTHR11556	6271.0	6077.65	39304.71	1984.33	1423.72
PTHR11558	3449.0	3371.66	816.99	42.1	30.21
PTHR13773	5976.44	5899.09	1377.18	43.3	31.07
PTHR10537	1483.24	1444.56	259.0	15.58	11.18
PTHR11953	2615.59	2538.26	442.0	24.66	17.69
PTHR11952	11267.42	11112.78	5002.98	105.09	75.39
PTHR11956	2330.0	2291.33	654.2	24.76	17.76
PTHR11959	2497.0	2458.33	656.52	23.15	16.61
PTHR11739	5786.07	5670.05	3609.09	346.13	248.34
PTHR11732	28249.0	27398.37	7250.99	395.61	283.83
PTHR11731	12327.1	12017.79	1824.0	92.33	66.26
PTHR11730	10520.01	10288.0	2459.22	83.57	59.96
PTHR11735	2513.57	2358.91	138.0	21.88	15.7
PTHR10394	1003.0	964.33	26674.33	2409.91	1729.07
PTHR20941	3110.11	3071.44	151.0	4.26	3.06
PTHR10150	3719.41	3564.78	161.0	13.49	9.69
PTHR31065	12202.1	12008.78	9230.16	173.08	124.18
PTHR10159	17058.86	16672.15	5932.94	246.28	176.71
PTHR31066	504.0	465.33	7.0	1.32	0.95
PTHR13604	685.0	646.33	22.0	2.98	2.14
PTHR23264	3745.59	3629.57	741.02	50.32	36.1
PTHR23269	1768.0	1729.33	185.0	9.29	6.66
PTHR31204	1009.04	970.37	330.1	29.64	21.26
PTHR31201	1253.0	1214.33	294.0	21.06	15.11
PTHR31209	2506.46	2390.45	248.0	26.26	18.85
PTHR11607	7828.97	7519.65	455.01	43.47	31.19
PTHR11606	6950.01	6833.99	14153.07	392.55	281.65
PTHR11601	9108.6	8876.57	1889.99	95.06	68.2
PTHR32467	21676.67	20903.37	4118.61	208.59	149.68
PTHR14255	9268.35	8959.02	679.61	48.73	34.94
PTHR31840	494.0	455.33	30.0	5.79	4.15
PTHR23130	9449.02	9255.73	1496.01	84.46	60.6
PTHR23133	951.0	912.33	186.0	17.77	12.75
PTHR23135	3729.21	3651.86	665.8	31.59	22.67
PTHR23138	3330.0	3252.66	2235.73	139.99	100.45
PTHR23139	17453.93	17028.55	8811.75	479.28	343.88
PTHR31682	1731.0	1692.33	681.02	34.94	25.07
PTHR11040	4522.27	4328.97	758.0	80.65	57.87
PTHR11043	1331.0	1292.33	865.0	58.19	41.75
PTHR11048	10264.57	10032.54	3531.0	188.89	135.53
PTHR14005	2375.0	2336.33	1067.0	39.6	28.41
PTHR15818	760.0	721.33	67.0	8.11	5.82
PTHR12636	2740.0	2701.33	587.0	18.83	13.51
PTHR14490	1859.08	1743.09	90.0	13.47	9.67
PTHR14493	36599.46	35246.06	10313.83	537.19	385.4
PTHR15651	533.0	494.33	83.0	14.74	10.57
PTHR12380	4297.75	4143.07	1620.62	133.7	95.94
PTHR12385	1169.29	1130.63	1376.39	105.93	76.0
PTHR12706	10757.62	10293.65	1931.0	104.23	74.78
PTHR12709	1288.25	1249.57	182.0	12.67	9.09
PTHR19957	6748.34	6554.97	2999.59	196.33	140.86
PTHR12561	777.0	738.33	53.0	6.27	4.5
PTHR12560	9615.42	9422.06	4047.37	145.94	104.71
PTHR11203	6564.04	6409.36	551.83	30.48	21.86
PTHR12097	6675.0	6597.66	1958.01	39.61	28.42
PTHR11200	11503.72	11155.71	3453.47	189.05	135.64
PTHR21576	12290.44	11903.77	1176.54	78.61	56.4
PTHR24193	6466.36	6118.39	1428.22	130.11	93.34
PTHR12419	6130.58	5937.25	626.0	45.16	32.4
PTHR30525	1519.0	1480.33	1460.0	85.68	61.48
PTHR12413	2697.44	2542.77	184.0	25.61	18.38
PTHR12411	17811.52	17231.49	5863.27	400.15	287.11
PTHR23339	7521.0	7288.98	1658.0	108.23	77.66
PTHR12415	1324.0	1246.69	70.0	9.05	6.49
PTHR10947	1400.0	1322.68	209.0	30.79	22.09
PTHR21717	1952.84	1875.5	278.0	25.03	17.96
PTHR21712	3069.85	2992.5	663.0	42.68	30.63
PTHR12897	2793.38	2716.04	4499.03	183.36	131.55
PTHR12894	4361.06	4167.73	312.0	30.12	21.6
PTHR12891	1482.0	1443.33	69.0	4.15	2.98
PTHR22976	11323.0	11090.96	6957.68	212.84	152.69
PTHR22975	4373.0	4256.99	1071.0	54.06	38.78
PTHR20922	2639.59	2523.58	556.0	48.67	34.91
PTHR21377	2738.07	2660.73	1066.64	72.74	52.19
PTHR21371	2411.0	2372.33	13489.62	493.01	353.72
PTHR21373	4964.85	4810.17	608.0	25.12	18.01
PTHR22573	10816.13	10622.78	4529.61	205.65	147.56
PTHR22572	12030.36	11682.33	8820.05	532.6	382.13
PTHR30566	4115.53	3999.58	1055.0	61.64	44.23
PTHR21000	2793.0	2754.33	3375.26	106.2	76.19
PTHR10701	2181.0	2103.66	832.0	68.59	49.22
PTHR13162	8120.3	7965.61	2239.0	101.58	72.88
PTHR13165	3878.59	3839.92	2943.54	66.38	47.62
PTHR21396	523.0	484.33	67.0	12.15	8.71
PTHR12459	1442.0	1403.33	165.0	10.22	7.33
PTHR10681	12674.0	12403.3	4225.97	232.72	166.97
PTHR24106	9518.51	9093.18	642.96	57.7	41.4
PTHR24103	2860.18	2782.84	566.0	30.53	21.9
PTHR11540	3746.15	3668.8	13569.21	742.41	532.67
PTHR10836	2729.0	2651.66	55510.64	2911.32	2088.83
PTHR10835	3203.0	3164.33	435.0	11.91	8.54
PTHR11545	3658.0	3541.99	18174.52	1900.5	1363.58
PTHR10012	912.72	874.05	269.0	26.84	19.25
PTHR13768	1575.36	1498.03	464.97	54.27	38.94
PTHR24078	7331.14	7060.5	590.0	45.7	32.8
PTHR11946	25187.65	24568.95	6601.61	322.14	231.16
PTHR11947	6675.89	6482.56	3574.46	133.7	95.93
PTHR11941	9459.08	9149.71	2926.66	190.08	136.39
PTHR24072	1846.0	1768.66	260.92	25.77	18.49
PTHR24073	20228.58	19609.87	15830.37	902.47	647.49
PTHR10491	1509.93	1432.58	221.0	27.29	19.58
PTHR24076	18403.16	17977.78	7414.87	338.24	242.68
PTHR24077	20853.25	20157.18	2970.0	222.59	159.71
PTHR11728	7964.12	7809.42	1099.94	48.93	35.1
PTHR11726	1447.0	1369.69	21496.64	1748.62	1254.6
PTHR11727	668.0	629.33	53.0	7.37	5.29
PTHR11721	789.0	750.33	21142.94	2460.55	1765.4
PTHR11722	1332.0	1254.66	12469.53	1739.11	1247.78
PTHR10120	1251.0	1212.33	248.0	17.79	12.77
PTHR10122	4633.0	4594.33	4726.0	89.04	63.88
PTHR11451	10925.0	10654.31	3837.77	196.53	140.99
PTHR11831	850.0	811.33	18.0	1.94	1.39
PTHR11835	6352.14	6197.5	2116.03	103.3	74.13
PTHR11614	5357.79	5241.76	2066.84	97.34	69.84
PTHR11615	8954.35	8761.03	11827.05	503.01	360.89
PTHR11618	5023.82	4946.47	1111.14	37.93	27.21
PTHR14140	2888.0	2810.66	362.0	20.07	14.41
PTHR32419	5167.71	5051.69	880.0	43.56	31.25
PTHR10231	1670.0	1631.33	139.0	7.4	5.31
PTHR10233	8227.0	8033.65	1676.01	88.17	63.24
PTHR31503	11316.0	11199.99	5585.81	124.89	89.61
PTHR23147	632.0	593.33	85.0	12.54	9.0
PTHR23140	2400.06	2361.38	908.02	33.34	23.92
PTHR23142	3034.96	2957.61	600.0	31.82	22.83
PTHR23149	1111.86	1073.19	310.98	25.22	18.1
PTHR23148	1419.0	1380.33	118.0	7.43	5.33
PTHR31695	3078.45	3001.11	550.0	33.32	23.91
PTHR11056	1338.29	1299.62	152.96	10.23	7.34
PTHR11055	4634.97	4518.95	8797.07	474.85	340.69
PTHR32523	5203.6	5087.59	797.0	38.55	27.66
PTHR10670	6949.0	6910.33	353.0	4.42	3.17
PTHR10540	5728.51	5612.5	2775.05	141.0	101.17
PTHR12629	1152.0	1113.33	741.95	58.0	41.61
PTHR18945	4872.19	4794.86	1042.07	34.04	24.42
PTHR26402	7371.98	7178.62	3218.76	137.85	98.91
PTHR19384	14827.94	14363.93	23958.79	1463.36	1049.94
PTHR12714	5683.5	5528.82	1135.0	71.26	51.13
PTHR32251	2296.91	2258.24	462.0	17.74	12.73
PTHR12570	3184.89	3107.55	214.0	11.7	8.4
PTHR21494	1148.0	1070.66	28.1	4.58	3.29
PTHR21496	6398.61	6205.26	4656.51	360.56	258.68
PTHR21493	33756.94	32828.88	9230.93	499.52	358.4
PTHR21499	4372.63	4256.63	918.0	62.21	44.64
PTHR21148	2263.0	2185.66	507.0	38.95	27.94
PTHR12083	2401.75	2324.41	694.13	50.45	36.19
PTHR13355	1507.0	1429.66	171.0	19.97	14.32
PTHR13976	23757.75	23487.07	9323.34	220.26	158.04
PTHR19852	2656.0	2617.33	660.07	21.86	15.68
PTHR12406	8678.63	8407.95	1116.46	71.89	51.59
PTHR16128	2945.0	2828.99	304.15	24.84	17.82
PTHR12400	935.1	896.43	180.0	17.5	12.56
PTHR30314	5935.16	5780.48	1357.77	84.74	60.79
PTHR12882	1357.0	1318.33	491.58	32.42	23.26
PTHR12883	1743.0	1704.33	358.0	18.24	13.08
PTHR16255	5183.47	5028.79	1274.61	85.81	61.56
PTHR16254	10246.08	10130.07	4036.66	97.12	69.68
PTHR22960	1270.0	1231.33	54.0	3.81	2.74
PTHR13373	2441.1	2402.43	366.0	13.21	9.48
PTHR13375	2922.15	2844.81	389.0	21.46	15.39
PTHR22967	1062.0	1023.33	59.0	5.02	3.6
PTHR23407	1422.83	1384.16	150.0	9.42	6.76
PTHR30222	1118.76	1080.09	187.0	15.07	10.81
PTHR13115	781.0	742.33	121.0	14.23	10.21
PTHR13117	1750.63	1711.95	265.6	13.47	9.66
PTHR12975	2598.48	2482.49	190.13	16.2	11.62
PTHR13285	3843.0	3804.33	419.0	9.54	6.84
PTHR13288	1110.0	1071.33	149.0	12.11	8.69
PTHR10953	12823.76	12475.74	2481.96	147.96	106.16
PTHR10954	2391.28	2313.94	410.0	31.16	22.36
PTHR21726	1891.0	1813.66	171.99	13.33	9.56
PTHR10826	1353.0	1314.33	1030.02	68.13	48.88
PTHR11533	7383.4	7190.05	3726.02	185.27	132.92
PTHR11532	7093.14	6938.44	1635.33	70.71	50.73
PTHR10971	4479.23	4363.23	1210.01	72.23	51.82
PTHR10000	5658.69	5542.66	794.88	36.93	26.51
PTHR13021	1321.0	1282.33	337.08	22.86	16.4
PTHR24006	29859.27	28738.11	3100.99	259.36	186.1
PTHR24003	14078.23	13614.25	1517.04	100.45	72.07
PTHR31446	2470.57	2393.32	569.95	46.81	33.59
PTHR31442	1466.35	1389.01	130.0	16.17	11.61
PTHR11441	2052.0	2013.33	617.0	26.59	19.08
PTHR11440	13244.51	12973.82	2925.5	112.85	80.97
PTHR11999	8289.61	8018.98	4302.01	211.6	151.81
PTHR11998	4872.0	4794.66	1310.0	46.51	33.36
PTHR11449	696.0	657.33	31330.23	4167.9	2990.4
PTHR11994	5207.0	5129.66	19333.75	371.01	266.19
PTHR10133	6252.97	5943.62	394.0	42.56	30.54
PTHR21649	16499.67	15803.67	404037.47	52008.98	37315.59
PTHR13620	5203.17	4932.64	337.0	35.59	25.54
PTHR11847	872.0	833.33	12930.3	1353.54	971.14
PTHR11843	819.0	780.33	24583.16	2749.85	1972.97
PTHR11661	3052.0	2935.99	18078.01	2434.51	1746.73
PTHR11662	42837.31	41754.6	47818.0	1562.57	1121.12
PTHR11669	4701.74	4585.72	1095.0	64.44	46.22
PTHR11668	15101.68	14714.96	5157.87	274.06	196.63
PTHR20856	12645.15	12451.8	2230.91	78.78	56.53
PTHR20854	6162.42	6007.74	2040.0	130.78	93.84
PTHR20852	8000.0	7729.38	10290.63	489.48	351.2
PTHR32404	1107.47	1068.8	158.0	12.87	9.23
PTHR20858	2447.42	2331.49	140.0	15.7	11.26
PTHR10634	1765.0	1726.33	5228.0	262.9	188.62
PTHR30603	2360.0	2321.33	1207.85	45.12	32.37
PTHR11709	4965.76	4888.41	494.0	10.46	7.51
PTHR14237	12385.07	11921.09	2867.86	149.94	107.57
PTHR10738	2252.0	2136.01	122.0	11.77	8.44
PTHR10264	2261.72	2223.04	535.97	20.91	15.0
PTHR23155	60423.45	58799.48	11016.52	567.62	407.28
PTHR23153	5518.99	5286.97	454.9	50.81	36.44
PTHR23151	14076.62	13728.58	17781.59	768.49	551.39
PTHR11063	1297.04	1258.37	406.0	28.06	20.13
PTHR11062	1216.0	1138.67	9.0	1.27	0.91
PTHR11061	8615.5	8151.51	2065.9	275.74	197.83
PTHR11065	12585.64	12314.98	5552.69	236.75	169.87
PTHR11064	4181.08	4065.07	3798.41	153.41	110.08
PTHR11260	19133.39	18669.36	8139.52	374.0	268.35
PTHR11264	1849.42	1810.75	386.0	18.5	13.27
PTHR11266	18093.69	17668.3	7878.79	322.26	231.23
PTHR13501	1433.72	1356.38	2015.22	225.57	161.84
PTHR31998	4499.0	4421.71	12310.27	258.38	185.38
PTHR31221	1636.0	1558.66	105.0	11.62	8.34
PTHR15838	1728.0	1650.66	110.0	11.68	8.39
PTHR12850	666.18	627.5	19587.55	2731.08	1959.51
PTHR32338	1321.0	1282.33	1474.35	99.97	71.73
PTHR31407	4119.03	4003.01	1685.95	96.29	69.09
PTHR15744	2846.26	2730.24	796.0	74.09	53.15
PTHR18952	4789.81	4673.8	2792.77	121.16	86.94
PTHR10552	800.0	761.33	334.0	38.3	27.48
PTHR21597	3541.59	3425.57	318.0	23.77	17.05
PTHR12765	442.0	403.34	27.0	5.89	4.23
PTHR12505	1876.3	1798.96	194.76	17.13	12.29
PTHR22603	5996.37	5841.69	918.99	47.21	33.88
PTHR12506	4122.09	3967.41	594.04	51.52	36.96
PTHR22604	3442.2	3326.24	963.01	60.78	43.61
PTHR21481	1219.0	1180.33	43.0	3.17	2.27
PTHR22778	4041.63	3925.61	1615.09	84.21	60.42
PTHR12169	4576.96	4344.96	514.0	52.16	37.42
PTHR19446	41094.32	40398.2	63246.53	1974.18	1416.44
PTHR12219	1479.0	1440.33	1708.55	103.07	73.95
PTHR13561	1482.72	1405.37	256.39	26.2	18.8
PTHR13563	1719.44	1642.13	192.0	20.05	14.39
PTHR12210	19537.8	19267.09	7774.9	196.42	140.93
PTHR12215	1291.86	1214.53	58.0	8.76	6.28
PTHR12214	1032.0	954.67	53.0	9.37	6.73
PTHR22911	9103.87	8755.83	916.0	75.69	54.32
PTHR22912	19443.99	18825.3	11563.53	779.22	559.09
PTHR12183	5154.0	5038.03	947.32	42.89	30.78
PTHR19849	2563.67	2486.33	320.0	23.19	16.64
PTHR22594	10949.29	10639.96	3816.14	220.0	157.85
PTHR11864	4113.13	3958.45	513.0	44.65	32.04
PTHR21152	11209.25	11054.58	7002.16	295.49	212.01
PTHR30075	2067.91	1990.57	340.0	29.49	21.16
PTHR11632	13225.51	13032.19	29428.16	727.21	521.76
PTHR13102	3000.18	2884.17	645.0	59.82	42.91
PTHR12984	1952.0	1913.33	220.15	9.98	7.16
PTHR23293	3770.07	3654.11	3900.0	178.91	128.37
PTHR13299	3017.13	2939.79	882.74	52.46	37.64
PTHR12652	1044.0	1005.33	824.29	71.41	51.24
PTHR10925	4200.0	4045.32	333.0	28.28	20.28
PTHR21737	3136.0	2981.32	433.04	57.12	40.98
PTHR10920	3413.48	3258.8	475.0	46.02	33.02
PTHR10584	19442.03	18784.66	4468.78	248.79	178.51
PTHR11528	8086.0	7931.32	9839.29	469.99	337.2
PTHR11527	2216.0	2177.33	842.99	33.58	24.09
PTHR11525	2495.64	2456.96	861.99	30.41	21.82
PTHR10859	4288.0	4171.99	675.0	36.56	26.23
PTHR10589	1534.0	1456.66	606.11	61.76	44.31
PTHR10588	15362.98	14705.69	568.0	48.4	34.73
PTHR13038	1999.88	1922.53	281.0	25.4	18.22
PTHR13748	18473.04	18009.0	15731.66	476.8	342.11
PTHR10026	4212.66	4096.64	1275.28	76.26	54.72
PTHR24015	28437.93	27780.58	5053.0	230.69	165.53
PTHR24012	41015.68	40126.27	70483.66	3514.81	2521.82
PTHR24011	40339.79	39102.46	20430.41	886.29	635.9
PTHR31187	16607.66	16182.29	21205.04	652.48	468.15
PTHR13948	1344.34	1305.69	791.16	52.67	37.79
PTHR21145	811.82	773.14	201.0	22.69	16.28
PTHR10459	5695.85	5502.5	532.98	48.34	34.69
PTHR11453	1944.92	1867.57	185.0	17.21	12.35
PTHR10108	49862.1	48354.08	13174.49	744.29	534.03
PTHR11986	13912.32	13525.61	6756.43	307.8	220.86
PTHR11455	10063.83	9715.84	2007.0	140.2	100.6
PTHR10102	3929.21	3851.87	326.0	14.5	10.4
PTHR11458	1367.0	1328.33	2033.06	133.05	95.46
PTHR10106	1138.0	1099.33	132.0	10.45	7.5
PTHR11851	25437.48	24818.75	8123.67	358.58	257.28
PTHR23092	6627.44	6356.83	1257.12	76.77	55.08
PTHR23091	13414.36	12911.89	2364.18	186.46	133.77
PTHR11673	1683.0	1644.33	13740.17	725.57	520.58
PTHR11670	3928.12	3850.77	7272.58	313.47	224.91
PTHR11671	1433.0	1394.33	765.75	47.73	34.24
PTHR20863	2806.0	2689.99	17267.85	1446.28	1037.67
PTHR20861	3246.14	3130.13	1358.84	118.19	84.8
PTHR11679	8273.92	8080.56	1383.92	64.17	46.04
PTHR14009	6887.25	6809.91	2502.0	64.08	45.98
PTHR10217	17384.16	16920.1	3001.0	151.1	108.4
PTHR10210	1586.0	1547.33	474.02	26.61	19.09
PTHR11588	10621.2	10389.18	40181.11	1894.3	1359.12
PTHR31522	1415.0	1376.33	206.0	13.01	9.33
PTHR14221	1293.0	1215.69	143.0	18.74	13.45
PTHR11079	6268.67	6036.68	463.0	37.89	27.18
PTHR11076	14429.21	13965.18	845.0	59.67	42.83
PTHR11070	1561.0	1483.69	75.0	8.59	6.16
PTHR11071	23702.97	22929.63	26472.03	2053.54	1473.37
PTHR11278	751.0	712.33	15785.98	1936.17	1389.17
PTHR14107	484.0	445.33	63.0	12.44	8.92
PTHR11276	2724.0	2646.66	129.0	8.07	5.78
PTHR11274	1256.62	1217.94	785.99	56.13	40.27
PTHR14136	6146.47	5991.79	2811.69	195.93	140.57
PTHR31984	5627.75	5511.74	1915.36	70.36	50.48
PTHR15350	3454.53	3377.18	1073.48	53.59	38.45
PTHR15606	874.81	836.14	123.0	12.83	9.21
PTHR12374	1644.21	1566.87	341.0	41.0	29.42
PTHR12375	974.39	935.71	340.0	31.66	22.72
PTHR12378	644.19	605.52	61.0	8.82	6.33
PTHR18929	8210.62	7978.61	23122.4	1272.06	912.68
PTHR30535	3739.64	3662.29	914.0	31.29	22.45
PTHR12777	1174.0	1135.33	1382.0	105.92	76.0
PTHR12775	2916.98	2762.33	689.0	82.26	59.03
PTHR12770	8180.65	7987.31	2035.18	108.91	78.15
PTHR14085	2340.0	2301.33	340.0	12.81	9.19
PTHR16092	3424.37	3347.03	2422.0	109.93	78.87
PTHR10938	2282.0	2243.33	846.0	32.7	23.46
PTHR11035	1756.0	1678.66	1214.95	111.03	79.67
PTHR22298	31710.21	31053.08	13367.28	334.07	239.69
PTHR12174	3709.09	3593.08	1465.97	111.74	80.17
PTHR12175	1440.0	1401.33	324.0	20.09	14.42
PTHR12176	11131.47	10860.75	2521.59	99.29	71.23
PTHR22769	7594.91	7362.93	996.0	73.12	52.47
PTHR22767	4411.46	4179.45	571.0	70.37	50.49
PTHR22765	9747.63	9554.31	2087.63	88.68	63.64
PTHR22762	16569.92	16144.57	3311.97	154.49	110.84
PTHR22763	1112.51	1035.18	75.0	11.54	8.29
PTHR22761	2779.63	2702.29	1159.01	74.74	53.62
PTHR21231	5580.0	5425.32	747.02	78.8	56.54
PTHR21230	4528.99	4412.97	935.26	56.65	40.65
PTHR21234	4299.0	4221.66	826.86	36.39	26.11
PTHR21237	3321.0	3204.99	1141.0	93.56	67.13
PTHR12202	2857.66	2702.98	339.7	38.0	27.26
PTHR12203	5428.2	5312.19	812.0	41.55	29.81
PTHR19857	1970.55	1893.27	217.0	14.08	10.1
PTHR19854	4180.29	3986.94	217.61	23.07	16.55
PTHR19855	1379.14	1301.8	317.0	43.96	31.53
PTHR13353	6042.09	5887.4	1363.26	67.18	48.2
PTHR19853	3499.13	3344.5	271.0	29.19	20.95
PTHR11136	2301.99	2186.06	295.98	37.22	26.71
PTHR12197	28416.96	27566.35	12824.66	585.63	420.2
PTHR19858	2479.3	2401.96	249.0	16.19	11.61
PTHR13822	1808.88	1770.2	2514.77	123.31	88.47
PTHR10344	2005.35	1966.68	775.0	34.19	24.53
PTHR13138	814.27	775.59	311.0	35.0	25.11
PTHR10732	572.0	533.33	11032.11	1813.59	1301.22
PTHR10739	3430.83	3314.82	1262.0	94.48	67.79
PTHR22846	1811.27	1733.93	386.0	34.51	24.76
PTHR12992	2587.63	2510.28	235.0	16.41	11.78
PTHR22838	1955.8	1917.12	359.0	16.25	11.66
PTHR22836	1561.0	1522.33	92.0	5.25	3.77
PTHR11934	1195.0	1156.33	184.52	13.88	9.96
PTHR10693	619.0	580.33	133.0	20.07	14.4
PTHR10934	1009.0	970.33	18300.1	1643.03	1178.85
PTHR11510	3237.0	3198.33	2860.01	77.46	55.58
PTHR11516	5186.91	5032.24	7063.91	530.57	380.68
PTHR10025	8019.28	7787.28	1325.0	80.59	57.82
PTHR10027	7462.61	7230.59	268.1	19.72	14.15
PTHR13009	6514.0	6359.32	1295.86	59.04	42.36
PTHR13007	1684.0	1645.33	244.0	12.88	9.24
PTHR30115	1252.0	1213.33	1496.1	107.25	76.95
PTHR10598	1595.0	1556.33	534.0	29.8	21.38
PTHR17901	3097.76	3020.43	750.0	42.78	30.69
PTHR14413	1465.0	1387.66	903.38	94.91	68.1
PTHR24351	4306.09	4228.74	1511.5	65.15	46.75
PTHR20981	831.0	792.33	17433.84	1920.31	1377.79
PTHR20982	3008.0	2930.66	1034.39	67.4	48.36
PTHR24352	5750.0	5672.66	1584.09	49.37	35.43
PTHR11467	796.0	757.33	25.0	2.88	2.07
PTHR10119	8349.93	8079.23	2510.41	149.37	107.18
PTHR10114	676.0	637.33	14610.87	2005.41	1438.85
PTHR10110	11875.49	11604.84	1986.65	107.89	77.41
PTHR11469	2233.0	2194.33	2650.03	104.74	75.15
PTHR10445	885.0	846.33	256.0	26.38	18.93
PTHR11863	2534.0	2456.66	550.0	38.49	27.62
PTHR24286	25039.68	24536.96	13175.98	533.61	382.84
PTHR23429	5006.97	4890.96	1997.07	90.48	64.92
PTHR23426	3834.97	3718.96	2126.01	135.4	97.14
PTHR10593	3568.79	3452.78	558.15	44.97	32.26
