GeneFamily	length	effective_length	expected_count	TPM	FPKM
PTHR11649	19684.85	19127.36	7325.32	290.39	214.09
PTHR31089	793.0	755.84	66.0	4.55	3.35
PTHR31085	5308.49	5122.67	552.0	28.95	21.34
PTHR11647	3238.51	3164.18	797.0	26.04	19.2
PTHR11645	1265.21	1228.06	1274.0	53.8	39.67
PTHR11885	2326.0	2288.83	27252.41	615.75	454.01
PTHR10209	9655.89	9395.74	2057.83	62.02	45.75
PTHR32429	4758.12	4646.61	22334.08	610.63	450.23
PTHR31423	605.0	567.84	265.01	24.39	17.98
PTHR31551	787.0	749.84	308.0	21.39	15.77
PTHR32195	2114.54	2040.21	316.0	16.41	12.1
PTHR11081	4979.0	4830.33	143.0	5.99	4.41
PTHR11080	5641.0	5492.35	1490.0	59.09	43.56
PTHR11082	10161.12	9900.95	4306.01	137.25	101.19
PTHR11085	7614.92	7392.0	3632.89	124.58	91.86
PTHR11089	7568.49	7196.88	2117.0	137.55	101.4
PTHR32518	6524.59	6413.1	7104.29	143.78	106.01
PTHR11247	4607.0	4495.49	2568.72	55.92	41.23
PTHR11246	6503.76	6392.26	2769.0	58.91	43.43
PTHR32512	3703.41	3591.91	460.0	20.32	14.97
PTHR23088	5902.36	5790.86	2348.04	77.72	57.3
PTHR23089	4366.58	4255.07	1211.0	33.46	24.67
PTHR23081	2817.28	2668.63	322.0	25.05	18.48
PTHR23083	37968.86	36928.34	5522.97	199.67	147.22
PTHR23084	7415.03	7117.76	1058.55	40.12	29.57
PTHR23086	9400.47	9214.64	6843.6	148.97	109.85
PTHR18806	5161.79	5087.47	4301.0	90.01	66.36
PTHR11880	2798.0	2723.66	24285.79	989.49	729.57
PTHR31953	7775.85	7441.38	752.0	40.78	30.07
PTHR15184	9531.45	9345.62	20859.22	422.47	311.5
PTHR15341	643.73	606.57	159.0	13.68	10.09
PTHR32357	1332.57	1221.1	504.0	64.95	47.89
PTHR15169	2417.22	2342.89	873.0	35.04	25.83
PTHR12341	10715.09	10380.61	1094.0	46.76	34.48
PTHR15160	2294.36	2220.04	1803.0	67.75	49.95
PTHR18937	20102.94	19694.15	2900.97	50.51	37.26
PTHR18934	22096.98	21316.63	5644.38	217.39	160.28
PTHR10997	15370.44	14961.61	4701.07	151.6	111.78
PTHR12742	4404.98	4293.48	2468.0	86.88	64.05
PTHR12741	1277.06	1239.9	234.0	9.79	7.22
PTHR16557	918.0	880.83	30.0	1.77	1.31
PTHR19288	7340.04	7154.2	885.07	33.13	24.42
PTHR13902	6434.99	6211.99	2366.0	91.79	67.69
PTHR13903	2067.36	1993.08	516.68	35.63	26.27
PTHR22753	7522.0	7410.49	1013.0	21.18	15.62
PTHR22939	23378.95	22858.62	4757.45	144.9	106.86
PTHR16266	2540.29	2428.8	194.0	13.89	10.24
PTHR30612	3329.21	3254.92	1227.01	24.46	18.04
PTHR22932	1231.0	1193.83	1618.0	70.32	51.85
PTHR22931	12433.61	12284.93	72347.43	1674.16	1234.39
PTHR12233	4214.48	4177.31	2307.45	28.52	21.03
PTHR10993	1039.0	1001.83	113.0	5.86	4.32
PTHR31038	998.0	960.83	540.0	29.21	21.53
PTHR13832	67137.95	66023.0	35935.59	645.34	475.83
PTHR21139	1812.0	1774.83	6091.0	177.66	130.99
PTHR21136	7237.06	6976.93	5158.04	225.65	166.38
PTHR12526	56658.95	55544.06	16919.05	378.4	279.0
PTHR13120	1814.0	1776.83	1383.0	40.29	29.71
PTHR22809	2042.92	1968.59	124.0	6.71	4.95
PTHR22807	7357.61	7060.29	1530.0	67.33	49.65
PTHR20661	1802.2	1690.72	142.0	13.7	10.11
PTHR10900	4738.14	4663.8	689.0	25.11	18.52
PTHR10906	5723.0	5611.49	3612.0	70.49	51.99
PTHR10909	15829.09	15494.68	10030.92	306.48	225.96
PTHR10055	1434.0	1396.83	386.0	14.32	10.56
PTHR10057	4819.25	4670.58	5404.01	249.38	183.87
PTHR10052	948.0	910.83	36455.87	2080.84	1534.25
PTHR13017	1210.0	1172.83	112.0	4.96	3.65
PTHR13018	17013.03	16678.51	3577.0	68.8	50.75
PTHR10694	9258.75	8887.1	1536.0	82.14	60.57
PTHR12839	3016.12	2904.63	591.49	30.6	22.56
PTHR12835	3608.2	3496.69	925.0	36.24	26.72
PTHR24031	74764.94	72572.38	96086.99	2736.86	2017.95
PTHR24032	1330.0	1255.68	116.0	9.82	7.24
PTHR24349	48130.99	47016.03	45601.24	802.23	591.47
PTHR24619	2827.64	2716.16	562.0	40.62	29.95
PTHR24343	28854.54	28074.06	22248.93	583.86	430.5
PTHR11472	8539.21	8279.11	765.0	31.92	23.54
PTHR11476	983.0	945.83	105.0	5.77	4.25
PTHR11477	1309.21	1234.89	154.0	11.06	8.16
PTHR24305	13692.94	13284.13	5751.18	208.58	153.81
PTHR10476	3716.0	3641.66	2374.0	66.16	48.78
PTHR11538	4773.0	4698.66	6595.0	159.25	117.42
PTHR24290	5642.42	5493.78	790.0	17.21	12.69
PTHR23413	1223.78	1149.46	45662.17	3078.1	2269.55
PTHR23417	1885.38	1811.05	652.0	40.67	29.98
PTHR23415	1625.0	1587.83	437.15	14.26	10.51
PTHR10871	1421.0	1346.68	43985.59	3365.84	2481.72
PTHR10877	6242.04	5982.05	830.0	27.91	20.6
PTHR11879	6189.54	6078.06	9548.24	222.55	164.09
PTHR24316	9349.07	9126.06	14939.85	464.95	342.81
PTHR31096	6971.74	6860.24	1349.0	29.43	21.7
PTHR31098	6111.0	6036.66	1834.93	30.01	22.14
PTHR11655	3191.15	3079.64	45185.16	2759.08	2034.33
PTHR11652	1951.0	1839.52	44071.64	3745.59	2761.71
PTHR10436	8787.93	8453.45	1319.0	73.54	54.22
PTHR20883	6168.01	6019.37	1392.0	47.02	34.67
PTHR11895	9856.81	9633.83	5393.93	106.39	78.44
PTHR10277	6633.96	6559.63	8646.78	150.52	110.99
PTHR14027	2349.78	2312.61	1146.0	25.62	18.89
PTHR12049	4670.8	4522.14	750.0	34.34	25.32
PTHR24095	7559.28	7299.28	35366.08	625.66	461.31
PTHR23180	9466.95	9169.67	8191.05	209.95	154.8
PTHR14593	3070.89	2959.4	500.0	22.57	16.65
PTHR11093	2459.09	2421.92	1582.01	33.77	24.9
PTHR11096	2130.34	2056.01	449.0	24.38	17.97
PTHR23346	8784.54	8673.04	1827.0	24.8	18.28
PTHR10309	2059.0	2021.83	1328.0	33.98	25.06
PTHR11252	2375.48	2301.17	1480.36	68.78	50.71
PTHR11254	19402.52	18845.07	4535.48	142.04	104.74
PTHR11255	4284.0	4209.66	1497.02	33.44	24.66
PTHR14110	5033.0	4884.33	6375.55	236.31	174.24
PTHR14374	1623.0	1585.83	69.0	2.25	1.66
PTHR18838	2158.45	2121.29	1265.0	30.85	22.75
PTHR12687	3294.4	3220.09	1949.07	40.23	29.66
PTHR15157	4959.98	4774.18	1400.97	55.91	41.22
PTHR18901	10563.11	10302.99	6732.3	180.44	133.05
PTHR12755	810.0	772.84	128.0	8.62	6.36
PTHR12750	7028.0	6693.54	1230.0	88.84	65.49
PTHR12753	1132.0	1094.83	226.0	10.72	7.9
PTHR15574	6918.16	6620.9	644.0	39.04	28.79
PTHR24007	1664.0	1589.67	159.0	9.46	6.97
PTHR13931	8045.63	7859.82	1986.0	51.83	38.21
PTHR31811	1601.0	1526.67	128.0	8.72	6.43
PTHR12358	4836.94	4614.03	312.0	20.66	15.24
PTHR22748	3846.55	3697.89	637.02	35.42	26.12
PTHR12356	3120.0	3008.53	212.98	8.59	6.33
PTHR12221	1660.45	1586.13	832.0	48.72	35.92
PTHR12226	1327.0	1289.83	1207.65	48.55	35.8
PTHR19876	5525.0	5413.5	3137.0	88.42	65.19
PTHR19877	2683.0	2608.66	33778.39	1211.94	893.59
PTHR31190	9040.0	8891.34	3803.0	49.65	36.61
PTHR13803	7022.0	6873.34	2611.0	54.09	39.88
PTHR12537	1455.0	1417.83	278.0	10.16	7.49
PTHR12532	2379.0	2341.83	238.0	5.26	3.87
PTHR13486	1307.0	1269.83	176.0	7.19	5.3
PTHR20275	2361.3	2287.0	984.38	30.95	22.81
PTHR13489	600.0	562.84	18.0	1.67	1.23
PTHR17583	4479.04	4256.06	392.0	30.01	22.14
PTHR13572	1602.0	1564.83	114.0	3.77	2.78
PTHR24198	25562.26	24930.49	5786.83	183.02	134.95
PTHR10048	3294.33	3108.52	491.14	28.6	21.1
PTHR10046	5205.42	5019.61	1349.07	61.44	45.31
PTHR10044	3752.93	3641.42	692.62	26.35	19.43
PTHR13060	1192.56	1155.4	181.0	8.13	5.99
PTHR10687	1301.07	1263.9	1090.0	44.73	32.98
PTHR13069	1931.07	1819.58	341.0	28.93	21.33
PTHR13068	6345.67	6234.18	1019.0	21.3	15.7
PTHR10682	1088.0	1050.83	369.0	18.23	13.44
PTHR10683	6738.95	6590.28	18207.21	471.71	347.81
PTHR12829	1279.0	1241.83	47.0	1.96	1.45
PTHR12820	2659.0	2584.66	367.0	14.73	10.85
PTHR12826	1629.0	1591.83	781.0	25.41	18.74
PTHR12827	4007.0	3784.07	146.0	10.81	7.97
PTHR17920	2042.0	1967.67	231.0	11.2	8.26
PTHR10137	2088.0	2050.83	969.0	24.44	18.02
PTHR11405	11163.56	10977.73	16557.1	326.05	240.42
PTHR11404	3426.89	3352.57	17402.89	633.24	466.9
PTHR11406	3545.43	3471.09	77757.45	2071.79	1527.58
PTHR13468	1471.12	1396.85	200.0	12.33	9.09
PTHR23406	13251.52	12917.09	6573.57	142.86	105.33
PTHR10869	25262.91	24556.73	8589.83	320.76	236.51
PTHR31717	486.0	448.84	92.0	10.75	7.92
PTHR13393	454.72	417.56	73.0	9.18	6.77
PTHR12696	5715.81	5678.65	2610.97	23.73	17.49
PTHR11315	2678.13	2603.81	2833.0	117.55	86.67
PTHR10139	2066.87	1992.53	149.0	7.88	5.8
PTHR10956	1320.0	1208.56	28750.15	2622.92	1933.94
PTHR10263	3898.0	3823.66	5154.83	121.35	89.47
PTHR31155	5909.0	5723.18	16320.66	309.42	228.15
PTHR32170	2614.55	2503.05	316.0	19.6	14.44
PTHR23350	1299.0	1261.83	121.0	4.97	3.67
PTHR23354	5209.84	5098.34	1003.0	21.87	16.13
PTHR23355	8937.42	8714.42	2438.12	63.43	46.78
PTHR23359	11986.18	11726.06	6138.0	203.72	150.21
PTHR11227	3500.48	3388.99	1085.0	49.02	36.15
PTHR11220	7947.6	7650.29	5267.96	224.13	165.24
PTHR11223	6133.08	6021.59	1779.0	40.67	29.99
PTHR11229	1921.0	1846.66	5053.59	297.1	219.06
PTHR10314	17862.37	17490.69	31522.33	931.06	686.5
PTHR14303	1079.0	1041.83	440.0	21.93	16.17
PTHR11139	31855.01	31223.24	4893.01	103.71	76.47
PTHR15362	1238.07	1200.91	235.0	10.15	7.49
PTHR11132	33938.37	33158.04	13006.29	339.63	250.43
PTHR11134	5949.94	5801.28	3131.0	118.19	87.14
PTHR32374	5171.64	5022.98	3688.78	112.11	82.67
PTHR31579	15171.72	14985.9	17919.05	215.06	158.56
PTHR32379	869.08	831.92	342.0	21.39	15.77
PTHR18919	4242.0	4130.5	2725.99	74.41	54.86
PTHR32002	3333.55	3185.02	420.0	29.77	21.95
PTHR21368	1967.0	1892.66	4997.02	267.45	197.2
PTHR10778	5596.01	5484.5	2711.41	78.4	57.8
PTHR13789	24650.93	24019.11	7271.13	182.06	134.24
PTHR12786	2973.98	2899.65	2630.01	108.2	79.77
PTHR11706	5454.76	5268.93	1649.16	60.5	44.61
PTHR12782	1320.0	1245.68	432.0	35.9	26.47
PTHR11742	5089.91	4978.41	745.0	25.24	18.61
PTHR24188	6530.1	6307.1	1203.02	43.26	31.9
PTHR21213	1168.0	1130.83	2156.0	98.95	72.96
PTHR10182	2792.47	2755.3	1089.56	20.44	15.07
PTHR13923	3426.24	3351.9	2480.01	86.01	63.42
PTHR12321	3659.0	3584.66	1224.0	36.22	26.7
PTHR12320	15672.78	15449.78	9038.9	171.96	126.79
PTHR12323	824.0	786.83	81.33	5.38	3.97
PTHR16201	2936.0	2824.51	576.97	23.63	17.42
PTHR21015	3418.45	3344.15	502.0	15.49	11.43
PTHR16196	1917.72	1843.48	690.0	35.45	26.14
PTHR20855	6180.9	6106.57	2817.0	48.42	35.7
PTHR16193	2700.49	2626.17	231.0	7.88	5.81
PTHR22792	6234.17	6085.53	4512.75	127.06	93.69
PTHR22790	1337.04	1299.87	828.74	33.06	24.38
PTHR21680	2234.0	2196.83	702.0	16.53	12.19
PTHR14152	1826.0	1751.66	353.0	20.96	15.45
PTHR21689	2779.0	2704.66	84.0	2.81	2.07
PTHR21113	10837.32	10651.47	700.0	16.85	12.43
PTHR19316	4929.76	4855.42	5572.06	132.89	97.98
PTHR21663	3898.0	3749.34	350.0	19.59	14.44
PTHR13253	13173.55	12764.69	12505.63	599.45	441.98
PTHR12446	2496.0	2384.51	873.51	38.28	28.22
PTHR21206	1040.33	1003.16	156.0	8.08	5.96
PTHR10072	3797.73	3686.23	1119.0	63.36	46.72
PTHR10071	6447.36	6187.29	2875.99	67.8	49.99
PTHR13780	13206.0	12945.83	17579.26	502.97	370.85
PTHR10677	1472.0	1434.83	989.03	35.72	26.34
PTHR13078	7422.06	7199.11	17808.77	480.29	354.13
PTHR11693	3271.0	3196.66	54683.73	1644.23	1212.33
PTHR12815	5458.0	5346.49	3952.51	92.27	68.03
PTHR12814	1516.0	1441.68	235.0	16.99	12.52
PTHR24361	14993.07	14472.92	1072.0	42.2	31.12
PTHR24362	25216.58	24287.49	4718.98	116.97	86.22
PTHR10416	2034.0	1996.83	501.0	12.98	9.57
PTHR10410	5710.62	5561.94	4297.34	135.61	99.98
PTHR10783	8538.94	8204.47	7130.6	317.69	234.23
PTHR10782	2765.0	2653.5	403.0	21.9	16.14
PTHR13476	1688.0	1613.67	504.0	34.4	25.37
PTHR10788	8699.15	8587.65	4573.96	82.93	61.15
PTHR10891	22752.93	22121.08	26809.16	850.16	626.82
PTHR10890	3645.0	3533.5	887.01	37.47	27.62
PTHR20426	680.0	642.84	100.0	8.12	5.98
PTHR23213	2570.0	2495.66	145.0	5.39	3.98
PTHR10520	6526.82	6341.04	7474.06	223.49	164.8
PTHR10250	625.58	588.42	348.0	30.89	22.78
PTHR22854	4112.0	4000.49	3274.0	110.69	81.61
PTHR10527	12195.46	12046.79	8084.0	114.96	84.77
PTHR31384	2223.0	2185.83	415.0	9.82	7.24
PTHR10098	3262.04	3150.55	3670.93	107.68	79.4
PTHR10091	4466.19	4317.58	3054.48	205.91	151.82
PTHR31142	2244.0	2206.83	3439.98	80.62	59.45
PTHR31140	7081.0	6969.5	4541.71	95.68	70.54
PTHR31412	4671.28	4596.95	1894.61	41.59	30.67
PTHR11787	1449.0	1337.53	346.0	43.33	31.95
PTHR11785	27867.87	27384.73	22084.83	400.88	295.56
PTHR11782	8456.49	8233.5	1489.0	54.19	39.95
PTHR31419	4070.0	3958.49	249.0	8.08	5.95
PTHR11780	2105.6	2068.44	10368.95	259.34	191.22
PTHR21141	3065.75	2954.25	121030.44	10618.56	7829.31
PTHR32148	10024.28	9801.27	67765.98	3439.17	2535.78
PTHR23324	10711.18	10488.17	1453.0	41.64	30.72
PTHR23327	2412.0	2263.4	91.0	5.89	4.34
PTHR23326	3895.68	3784.18	2716.64	106.55	78.55
PTHR23321	630.0	592.84	5596.93	493.06	363.54
PTHR23323	8791.35	8568.35	2355.2	69.53	51.27
PTHR23322	2558.38	2446.89	1384.95	68.82	50.74
PTHR23329	2080.39	2006.05	443.0	19.88	14.66
PTHR11236	6067.85	5844.87	710.0	25.94	19.13
PTHR20932	4419.69	4345.37	3251.34	77.97	57.49
PTHR10322	11295.23	10849.31	1171.47	49.97	36.83
PTHR11239	6037.96	5926.46	2260.26	63.08	46.5
PTHR10803	4051.52	3977.18	2909.06	81.51	60.1
PTHR31964	12745.84	12448.51	18823.12	666.65	491.54
PTHR23030	2371.18	2334.01	871.0	19.3	14.23
PTHR11129	2240.0	2165.68	930.0	32.17	23.72
PTHR11122	5132.55	4983.87	5708.86	251.51	185.45
PTHR15316	4839.86	4654.05	3616.95	190.4	140.4
PTHR11127	627.0	589.84	29648.46	2625.31	1935.7
PTHR11125	2889.0	2851.83	511.0	9.26	6.83
PTHR31566	2666.0	2554.5	1083.0	64.28	47.4
PTHR31567	1776.0	1738.83	4386.0	130.59	96.29
PTHR31561	24462.59	23682.21	29231.86	1010.13	744.8
PTHR30615	1475.0	1400.67	215.0	16.85	12.42
PTHR15137	1434.14	1359.81	153.0	9.45	6.97
PTHR22938	2742.82	2631.32	315.99	18.79	13.86
PTHR15952	2978.0	2866.5	470.0	23.88	17.61
PTHR21319	4875.13	4689.33	742.0	41.77	30.78
PTHR11482	11969.35	11709.28	24331.2	491.59	362.45
PTHR13887	1547.0	1509.83	195.0	6.69	4.93
PTHR19271	2509.12	2397.67	624.03	39.83	29.37
PTHR21228	89507.23	86794.46	28195.2	784.38	578.36
PTHR11361	19808.63	19176.89	2145.0	73.5	54.21
PTHR13343	5805.85	5694.35	2903.7	70.97	52.32
PTHR12029	11919.14	11398.86	1323.0	88.02	64.91
PTHR21220	719.0	681.84	35.0	2.68	1.97
PTHR22780	8413.43	8227.59	1351.0	38.32	28.26
PTHR21477	4600.0	4525.66	1107.98	23.69	17.47
PTHR19308	6415.0	6340.66	9627.96	105.03	77.44
PTHR16301	2487.03	2412.7	658.75	29.6	21.82
PTHR22870	21407.12	20701.04	6191.0	181.23	133.62
PTHR17630	6803.95	6618.17	4178.79	130.41	96.16
PTHR10064	578.0	540.84	30107.17	2910.83	2146.22
PTHR10066	10285.36	9988.14	1250.0	41.48	30.58
PTHR10060	1406.0	1331.68	198.0	15.36	11.33
PTHR10663	16405.0	15996.18	5064.89	177.81	131.11
PTHR10666	9170.81	8873.51	88933.29	3850.12	2838.78
PTHR10668	16112.75	15778.36	3703.63	134.11	98.87
PTHR12265	2390.8	2316.47	4279.93	150.51	110.98
PTHR12801	7444.53	7258.7	3656.0	92.37	68.11
PTHR12802	4620.6	4360.56	488.97	29.25	21.54
PTHR12805	1436.0	1361.67	247.0	19.45	14.34
PTHR12806	764.0	726.84	73.0	5.23	3.86
PTHR21091	17366.5	17031.98	7980.98	210.97	155.57
PTHR21090	1450.9	1413.73	1628.0	59.68	44.01
PTHR24315	1237.0	1199.83	682.0	29.49	21.74
PTHR24314	5460.84	5349.35	1196.18	34.13	25.16
PTHR11933	2173.61	2062.13	195.0	13.41	9.88
PTHR11932	8020.73	7834.93	6152.8	143.68	105.94
PTHR11426	2717.0	2605.51	12473.03	561.69	414.14
PTHR11937	10385.0	10050.54	9698.17	282.32	208.16
PTHR11938	15552.08	15366.24	9925.92	148.61	109.57
PTHR31057	3517.08	3405.59	711.0	34.13	25.17
PTHR13683	5262.66	5114.0	3879.23	139.25	102.65
PTHR24089	66859.95	65038.8	74084.95	2211.36	1630.46
PTHR10796	4148.92	4074.59	626.0	14.87	10.96
PTHR10794	4113.91	3965.24	590.0	25.93	19.12
PTHR10795	56892.51	55740.37	10188.9	223.3	164.61
PTHR10792	720.0	682.84	31520.88	2406.73	1774.54
PTHR10799	46624.43	44803.55	5361.61	283.38	208.95
PTHR10882	1399.0	1361.83	251.0	9.55	7.04
PTHR10887	37367.07	36289.37	8114.78	199.93	147.43
PTHR11686	1906.21	1831.87	306.0	17.77	13.1
PTHR11685	6569.83	6346.9	2321.04	59.87	44.15
PTHR11680	6690.0	6578.49	9576.67	207.29	152.84
PTHR24221	25876.81	25356.49	4106.33	120.12	88.58
PTHR24220	7094.3	6834.15	1888.88	119.4	88.03
PTHR24223	31256.75	30624.99	4932.67	132.29	97.52
PTHR11689	13923.05	13737.22	1929.99	34.06	25.12
PTHR10252	3450.0	3338.5	645.0	23.76	17.52
PTHR13082	1710.0	1672.83	1058.0	32.75	24.15
PTHR13124	1131.0	1056.68	289.0	25.77	19.01
PTHR31173	5302.89	5117.06	902.0	43.71	32.23
PTHR12538	693.0	655.84	62063.5	4936.14	3639.53
PTHR31606	1901.62	1864.46	2576.0	71.51	52.73
PTHR31356	4562.83	4451.43	14199.46	412.67	304.27
PTHR31352	2705.0	2630.66	766.0	29.81	21.98
PTHR31350	5986.28	5800.46	2101.63	66.8	49.26
PTHR11758	1501.0	1426.68	24858.88	1673.32	1233.77
PTHR23333	667.0	629.84	496.0	41.1	30.3
PTHR11751	23740.02	23145.4	15993.23	439.81	324.27
PTHR11753	2150.0	2038.52	611.0	48.04	35.42
PTHR11752	34625.67	33993.88	7037.73	130.08	95.9
PTHR24423	7915.27	7766.63	2137.33	48.05	35.43
PTHR11206	21431.84	20948.68	2839.0	95.08	70.09
PTHR11757	11433.16	11098.7	4020.61	143.85	106.06
PTHR24420	91247.8	89203.81	26015.56	580.8	428.21
PTHR10332	9104.46	8881.48	4710.0	153.98	113.53
PTHR14145	2303.92	2266.75	1450.99	33.1	24.41
PTHR17695	4820.0	4559.87	572.0	42.59	31.39
PTHR13600	5911.98	5726.15	9409.0	304.54	224.55
PTHR12363	8606.85	8346.71	1276.0	44.97	33.15
PTHR23029	12720.26	12385.77	4726.11	145.98	107.63
PTHR23023	8042.99	7782.82	1402.99	80.14	59.09
PTHR31385	3841.5	3730.01	295.0	13.94	10.28
PTHR21294	1328.0	1290.83	476.97	19.16	14.13
PTHR11119	5909.94	5761.27	2820.0	94.72	69.84
PTHR31595	4516.12	4330.31	475.0	22.25	16.4
PTHR31596	1769.5	1695.17	109.98	6.74	4.97
PTHR15948	803.0	765.84	68.0	4.62	3.41
PTHR32026	2071.52	2034.36	281.21	7.15	5.27
PTHR31829	1491.0	1453.83	9320.05	332.2	244.94
PTHR14898	2674.79	2600.46	1034.0	47.74	35.2
PTHR19241	49224.03	48257.74	50775.56	826.52	609.41
PTHR14894	1567.18	1492.85	288.0	20.07	14.79
PTHR15239	6175.56	5989.75	1082.0	38.88	28.65
PTHR32497	4927.0	4815.5	931.0	26.92	19.85
PTHR12497	3789.0	3677.51	1273.0	29.56	21.8
PTHR12302	4056.0	4018.83	6780.0	87.11	64.23
PTHR12304	2459.0	2384.66	225.0	9.73	7.17
PTHR30540	3984.03	3723.95	51.0	4.29	3.18
PTHR30544	5732.97	5510.0	1715.0	71.87	53.0
PTHR13302	1102.0	1027.68	186.0	18.02	13.28
PTHR12472	2391.9	2317.58	141.0	5.64	4.16
PTHR13308	3885.28	3773.77	9137.35	300.1	221.28
PTHR12477	5977.0	5828.33	1549.0	70.21	51.77
PTHR13878	20326.1	19880.14	3145.45	85.63	63.13
PTHR21461	1816.0	1778.83	209.0	6.08	4.48
PTHR13872	7370.0	7184.17	48044.43	1705.89	1257.78
PTHR22849	6261.82	6001.73	1244.88	72.45	53.41
PTHR21314	2252.0	2177.66	441.0	22.51	16.59
PTHR13271	31726.51	30760.21	6923.42	229.35	169.09
PTHR22841	6975.85	6827.21	14771.85	264.06	194.7
PTHR22847	51586.11	50062.51	9382.95	324.52	239.28
PTHR22844	14762.57	14279.44	1604.0	49.58	36.57
PTHR23284	1064.0	1026.83	282.0	14.26	10.52
PTHR21266	18725.23	18130.79	11856.96	273.31	201.5
PTHR12271	4599.15	4450.47	392.0	18.61	13.73
PTHR12277	5256.03	5107.35	3116.12	126.3	93.12
PTHR12276	2273.64	2162.16	377.0	29.7	21.9
PTHR10657	2599.0	2524.66	1772.0	71.5	52.72
PTHR10655	2716.0	2641.66	1469.0	74.26	54.76
PTHR10652	1817.0	1742.67	381.0	21.45	15.82
PTHR17972	2195.9	2084.42	234.0	17.62	12.99
PTHR10751	9999.24	9850.58	2242.0	42.55	31.37
PTHR21085	2658.0	2620.83	3560.24	70.22	51.77
PTHR11922	5699.68	5551.03	4680.0	147.42	108.69
PTHR10438	39151.65	38333.96	52940.97	1762.85	1299.78
PTHR11926	13404.97	13070.49	2111.02	74.32	54.8
PTHR11431	1910.75	1836.43	7691.46	420.32	309.91
PTHR10430	5264.83	5116.17	22555.25	821.74	605.88
PTHR10434	1274.0	1236.83	505.99	21.22	15.65
PTHR24096	19773.15	19215.76	6396.61	243.4	179.47
PTHR13693	6433.82	6285.15	1784.01	48.62	35.84
PTHR13691	2526.0	2451.67	247.0	13.57	10.01
PTHR24092	11310.36	11161.71	9459.43	106.63	78.62
PTHR24093	61549.17	59951.45	33774.12	879.02	648.14
PTHR22936	5826.1	5677.42	1143.92	40.59	29.93
PTHR13451	1994.37	1920.05	193.0	8.8	6.5
PTHR13452	1835.0	1760.67	888.0	55.92	41.24
PTHR10759	1126.0	1088.83	28452.46	1356.61	1000.26
PTHR12901	3004.71	2967.54	216.0	3.76	2.77
PTHR12903	1872.0	1797.66	7936.99	421.0	310.42
PTHR13992	1355.0	1280.68	139.0	11.57	8.53
PTHR23237	504.0	466.84	590.0	66.23	48.83
PTHR10501	5383.0	5345.83	4881.07	47.12	34.74
PTHR31169	1987.0	1912.66	224.0	12.38	9.14
PTHR14087	544.0	506.84	44.0	4.54	3.35
PTHR23309	5010.27	4935.94	2505.01	45.82	33.78
PTHR23308	6695.89	6435.82	8934.83	224.85	165.78
PTHR31344	3934.0	3896.83	485.0	6.43	4.74
PTHR31619	2306.0	2268.83	9178.73	209.22	154.27
PTHR23306	2138.0	2100.83	365.0	8.99	6.63
PTHR23305	8621.9	8473.22	7175.12	230.52	169.96
PTHR14089	1396.46	1359.3	162.0	6.18	4.56
PTHR11748	6932.87	6709.87	2475.0	106.79	78.72
PTHR11214	1548.16	1511.0	927.0	31.78	23.44
PTHR11216	5737.0	5588.33	1117.0	44.14	32.55
PTHR11210	1933.16	1858.91	2605.0	117.55	86.67
PTHR14154	14017.88	13646.21	6864.6	277.75	204.78
PTHR14155	7343.96	7083.82	2223.0	132.76	97.89
PTHR10343	3019.0	2944.66	1231.0	40.88	30.14
PTHR11699	12200.22	11902.9	5717.12	206.54	152.28
PTHR11692	2700.0	2662.83	2498.03	48.49	35.75
PTHR12403	2784.79	2710.45	914.96	34.73	25.61
PTHR11695	25503.25	24834.29	10952.03	343.67	253.39
PTHR31760	533.73	496.58	279.0	29.41	21.69
PTHR31906	11696.67	11362.17	3466.65	119.76	88.29
PTHR21419	1790.69	1753.53	703.01	20.76	15.3
PTHR23012	22021.5	21575.57	28210.25	599.78	442.26
PTHR11101	10054.34	9831.36	6026.72	95.7	70.55
PTHR11102	5160.76	5049.25	2319.0	67.0	49.39
PTHR11106	2275.92	2201.58	1679.0	87.93	64.83
PTHR31585	4624.41	4475.75	739.0	33.56	24.75
PTHR32125	2226.0	2151.66	2982.0	136.61	100.73
PTHR31588	667.0	629.84	30.01	2.49	1.83
PTHR32120	1563.05	1488.73	326.0	22.28	16.42
PTHR10288	16349.36	16126.37	34922.01	557.73	411.24
PTHR15680	640.0	602.84	3658.02	316.84	233.61
PTHR11374	2455.04	2417.87	3298.0	70.53	52.0
PTHR11808	10318.24	10132.47	8931.63	177.12	130.59
PTHR24347	8987.0	8689.68	3334.45	134.26	98.97
PTHR18895	3491.9	3380.4	860.0	31.7	23.37
PTHR12486	773.0	698.71	18.0	2.92	2.15
PTHR21262	5094.62	4983.11	469.99	15.41	11.37
PTHR12480	3689.74	3503.98	252.0	12.71	9.38
PTHR12482	3876.0	3727.33	226.99	10.76	7.93
PTHR11042	6536.0	6313.04	517.0	19.9	14.66
PTHR12317	15971.03	15710.88	8408.6	152.23	112.24
PTHR12649	1308.0	1270.83	277.0	11.3	8.33
PTHR12461	6336.68	6002.25	704.0	46.47	34.27
PTHR12466	2320.0	2245.66	450.0	20.35	15.0
PTHR13847	13358.62	12764.13	5048.29	201.17	148.32
PTHR12000	3010.5	2899.0	1645.0	93.68	69.07
PTHR12001	8243.0	8131.49	4633.46	82.95	61.16
PTHR21327	4570.85	4422.21	1923.0	100.48	74.1
PTHR21631	6109.21	5960.54	21080.12	698.13	514.74
PTHR22855	11064.0	10878.15	19357.57	411.45	303.37
PTHR22850	11717.35	11382.94	5672.22	157.93	116.45
PTHR22504	3725.64	3688.47	2390.62	33.47	24.68
PTHR12965	2914.0	2876.83	302.0	5.42	4.0
PTHR22915	13109.6	12812.28	4100.0	97.75	72.09
PTHR21256	3132.52	3058.18	3375.96	110.81	81.69
PTHR12266	6491.22	6342.55	1373.0	37.74	27.83
PTHR10648	4814.0	4702.49	2453.65	54.2	39.96
PTHR10641	22472.1	21728.83	2813.99	125.67	92.65
PTHR19842	1239.0	1201.83	303.0	13.08	9.64
PTHR10644	10759.52	10610.84	2997.51	46.25	34.09
PTHR12864	5097.3	4911.51	779.99	34.21	25.21
PTHR12860	1894.2	1857.03	1439.61	40.12	29.58
PTHR13194	1565.0	1527.83	462.0	15.67	11.55
PTHR13190	4375.89	4301.56	552.94	17.24	12.7
PTHR13193	1279.0	1241.83	211.02	8.81	6.5
PTHR23416	4265.0	4153.49	1909.0	71.47	52.69
PTHR11913	2771.0	2733.83	959.99	18.15	13.38
PTHR11911	9617.0	9431.15	18197.86	567.45	418.4
PTHR11910	3328.0	3253.66	72431.8	2566.76	1892.53
PTHR14950	7264.4	6892.78	1013.0	63.32	46.7
PTHR11918	6473.33	6324.67	1421.34	42.7	31.47
PTHR12919	1989.0	1914.67	7191.51	513.68	378.75
PTHR12910	1635.21	1560.89	1736.97	141.31	104.19
PTHR12917	1153.01	1115.84	322.0	14.98	11.04
PTHR15954	3167.58	3130.41	564.99	9.32	6.88
PTHR11351	7684.19	7535.53	843.0	14.25	10.5
PTHR11353	35360.81	34728.97	66294.55	1542.04	1136.98
PTHR11599	20548.46	19990.92	22659.28	882.87	650.96
PTHR10516	21178.01	20471.85	19374.54	898.41	662.42
PTHR11592	4810.0	4661.33	2151.0	118.28	87.22
PTHR13273	1055.0	1017.83	2275.0	116.1	85.6
PTHR31724	2558.75	2484.41	3732.19	136.48	100.63
PTHR13734	2273.0	2161.52	111.0	7.97	5.87
PTHR31620	6766.0	6654.49	15372.44	272.7	201.07
PTHR23315	31770.55	30990.17	8049.65	174.03	128.32
PTHR23316	3950.0	3912.83	4629.08	61.09	45.04
PTHR11778	4408.21	4333.89	12521.14	279.16	205.83
PTHR11774	2949.88	2875.54	1046.0	37.74	27.83
PTHR11773	4364.0	4326.83	5326.62	63.56	46.86
PTHR11772	7670.63	7484.81	14949.22	423.75	312.45
PTHR10357	34178.88	33658.6	21231.62	359.32	264.91
PTHR10353	9250.27	9064.43	3741.97	104.92	77.37
PTHR10350	2520.0	2482.83	589.0	12.26	9.04
PTHR10351	3634.0	3559.67	9579.02	688.83	507.89
PTHR32557	1843.0	1805.83	3880.01	111.22	82.01
PTHR10359	2417.81	2269.17	242.0	24.06	17.73
PTHR32442	2505.0	2467.83	1683.0	35.26	26.0
PTHR31750	1088.0	1013.69	49.0	4.86	3.58
PTHR23418	674.76	637.6	1152.3	94.3	69.53
PTHR14189	2233.0	2158.67	172.0	8.44	6.22
PTHR21021	1847.91	1736.56	262.0	23.41	17.26
PTHR32228	2194.0	2156.83	309.88	7.43	5.48
PTHR31245	2011.0	1973.83	1490.99	39.09	28.82
PTHR23001	2093.0	2018.67	2504.9	113.05	83.36
PTHR23002	1849.0	1737.53	143.0	14.71	10.84
PTHR30178	2163.0	2125.83	21402.81	520.81	384.0
PTHR22904	33519.79	32367.84	10655.99	354.21	261.19
PTHR11177	3007.06	2932.73	608.11	21.38	15.77
PTHR11178	4724.82	4613.32	3485.0	109.94	81.07
PTHR31808	1584.65	1510.33	347.98	23.9	17.63
PTHR31803	2858.0	2820.83	1796.0	32.9	24.26
PTHR11009	2466.0	2391.66	1477.98	59.05	43.54
PTHR10099	4329.0	4291.83	8496.22	102.21	75.36
PTHR19229	24796.44	23941.77	3725.35	182.46	134.55
PTHR11005	12479.14	12144.74	2743.95	91.73	67.64
PTHR11006	9436.39	9139.07	4006.95	126.01	92.89
PTHR18640	3732.25	3620.76	430.0	13.51	9.96
PTHR18866	22874.73	22540.22	562953.07	8835.92	6514.93
PTHR12022	1114.0	1076.83	6622.66	319.31	235.44
PTHR15074	2450.7	2376.38	227.0	9.78	7.21
PTHR15588	1179.93	1105.62	482.0	54.84	40.43
PTHR12677	12256.33	11959.07	4063.0	122.55	90.38
PTHR19134	3643.86	3532.39	1581.0	35.32	26.05
PTHR19139	10037.07	9814.15	36513.15	936.4	690.44
PTHR12456	1413.29	1338.97	105.0	7.21	5.32
PTHR12452	1262.04	1224.87	619.09	26.22	19.33
PTHR23240	2512.2	2400.72	94.0	5.84	4.31
PTHR19359	3112.0	3000.5	735.0	50.18	36.99
PTHR12072	4387.44	4238.76	557.07	25.48	18.8
PTHR13218	509.44	472.31	92.0	10.2	7.52
PTHR13215	1067.7	993.39	31.0	3.25	2.39
PTHR13213	3045.0	2933.5	966.0	50.06	36.91
PTHR12290	2634.61	2560.27	930.0	42.53	31.36
PTHR21530	6638.0	6489.32	1104.0	33.22	24.5
PTHR12295	7651.19	7465.37	1698.0	53.04	39.11
PTHR12298	4135.37	3949.57	291.0	20.14	14.86
PTHR10638	8323.54	8212.03	4405.6	73.83	54.43
PTHR10631	2489.24	2414.92	1692.0	53.12	39.16
PTHR10984	2795.0	2757.83	800.0	14.99	11.05
PTHR12858	4424.65	4275.99	2617.19	109.6	80.81
PTHR13505	896.0	858.83	453.6	27.47	20.26
PTHR12856	917.12	879.96	107.0	6.32	4.66
PTHR12855	1357.24	1320.08	3785.0	148.65	109.6
PTHR12854	1107.0	1069.83	406.0	19.7	14.53
PTHR13182	1831.0	1756.66	1139.97	66.38	48.95
PTHR10855	4232.0	4157.66	1781.0	44.33	32.68
PTHR10585	3151.65	3077.32	4406.0	147.45	108.72
PTHR10743	1685.56	1648.4	506.0	15.9	11.72
PTHR10742	26974.4	26342.58	12633.79	272.69	201.05
PTHR10745	3471.0	3433.83	2039.0	30.67	22.61
PTHR10744	3326.69	3215.2	41200.94	2651.8	1955.23
PTHR10746	3077.44	3003.11	10993.84	476.86	351.59
PTHR11099	4519.0	4481.83	1115.0	12.84	9.47
PTHR12924	1706.0	1668.83	7366.42	228.58	168.53
PTHR11659	1626.19	1589.03	499.0	16.26	11.99
PTHR11349	4364.0	4178.17	29610.57	1994.37	1470.51
PTHR10566	40096.18	39018.4	7996.91	259.75	191.52
PTHR10293	4018.07	3869.41	3854.03	221.05	162.98
PTHR10291	4753.57	4604.92	1681.0	53.21	39.24
PTHR11584	9665.1	9442.09	3265.14	86.24	63.59
PTHR11586	2840.0	2728.49	898.0	53.27	39.28
PTHR11909	6805.12	6619.35	4884.56	181.21	133.6
PTHR24320	9822.56	9525.23	2482.68	96.13	70.89
PTHR24322	31247.31	30355.29	22335.23	739.95	545.59
PTHR11907	4227.76	4116.26	2549.0	77.52	57.16
PTHR11760	3309.0	3197.49	44983.45	2337.74	1723.68
PTHR11761	2763.89	2689.57	63485.2	5567.72	4105.2
PTHR11766	1735.0	1660.67	902.94	50.29	37.08
PTHR11767	3290.28	3215.95	91.0	3.07	2.26
PTHR10361	1495.66	1421.41	1390.0	118.09	87.06
PTHR10366	32226.31	31445.81	27182.91	842.71	621.36
PTHR10169	7916.4	7693.59	1168.0	40.56	29.9
PTHR10168	4649.0	4463.17	4137.42	192.43	141.88
PTHR20973	2286.12	2248.96	271.0	6.23	4.6
PTHR10165	6687.45	6538.78	2554.93	79.58	58.68
PTHR31032	1069.0	1031.83	607.0	30.55	22.53
PTHR23257	115683.7	111893.71	50419.07	1524.25	1123.86
PTHR23253	4888.93	4703.09	3213.0	181.54	133.85
PTHR14190	3697.0	3622.66	406.0	11.7	8.62
PTHR14194	5304.0	5155.32	2038.68	81.15	59.84
PTHR31251	21054.62	20125.69	7686.19	352.43	259.87
PTHR23074	12446.81	12037.97	2529.52	77.97	57.49
PTHR23077	14736.3	14253.23	6311.94	151.03	111.36
PTHR23076	28778.14	28332.14	26222.59	530.55	391.17
PTHR30239	1608.0	1570.83	889.0	29.32	21.61
PTHR23073	8277.0	8054.02	7599.03	275.8	203.36
PTHR23078	2898.0	2860.83	1053.0	19.02	14.02
PTHR11165	1454.0	1416.83	6782.99	248.12	182.94
PTHR10772	2860.0	2748.49	12258.0	694.76	512.27
PTHR32100	9060.66	8837.7	121829.08	2581.06	1903.08
PTHR14445	3857.0	3671.25	558.0	35.59	26.23
PTHR23109	334.0	296.87	12.0	2.14	1.58
PTHR23102	3174.28	3062.87	1109.97	62.29	45.94
PTHR23105	7757.65	7460.31	99290.22	4630.18	3413.95
PTHR11010	9059.84	8874.13	1908.17	77.76	57.34
PTHR11014	10288.29	9991.0	3157.08	117.74	86.8
PTHR12668	3660.35	3548.85	1714.0	60.78	44.82
PTHR12661	1383.0	1345.83	549.0	21.15	15.59
PTHR12663	7058.0	6909.32	1013.02	35.17	25.93
PTHR12664	1287.0	1249.83	296.0	12.28	9.06
PTHR16166	17553.44	16921.72	1260.0	46.98	34.64
PTHR12111	2949.0	2874.67	1618.0	45.04	33.21
PTHR12447	1997.0	1922.66	152.0	8.01	5.91
PTHR15481	1382.0	1344.83	624.0	24.06	17.74
PTHR26379	3947.21	3872.88	4100.98	98.29	72.47
PTHR12599	2050.0	1975.66	4545.25	238.82	176.09
PTHR12596	6928.69	6742.87	1381.0	49.25	36.32
PTHR12590	3990.17	3878.69	10657.99	246.87	182.02
PTHR12066	2701.9	2479.15	124.0	18.67	13.75
PTHR12064	9302.91	8968.42	1200.0	51.24	37.76
PTHR13226	3691.91	3580.4	248.0	9.85	7.26
PTHR13889	4423.0	4348.66	2134.14	45.38	33.47
PTHR21181	2780.78	2669.31	682.0	29.45	21.71
PTHR12412	3362.0	3324.83	728.01	11.31	8.34
PTHR12146	806.0	768.84	37194.72	2519.1	1857.39
PTHR10458	630.0	592.84	125.0	11.01	8.12
PTHR19306	4903.92	4829.59	2529.0	52.8	38.93
PTHR21506	1027.64	990.48	270.0	14.16	10.44
PTHR12280	4918.0	4769.35	265.0	11.08	8.17
PTHR12281	2923.19	2848.86	1521.0	41.75	30.78
PTHR12286	4334.38	4185.74	628.01	25.46	18.77
PTHR30573	2874.0	2799.66	999.4	37.16	27.4
PTHR22983	7139.03	6990.36	680.0	21.53	15.87
PTHR22981	9314.51	9165.83	2390.24	62.32	45.96
PTHR30191	1271.0	1159.6	466.0	60.48	44.6
PTHR10629	11225.9	10928.6	3200.0	95.52	70.43
PTHR10994	5401.67	5253.0	2797.01	121.5	89.58
PTHR10996	12411.81	12188.8	12518.09	235.14	173.37
PTHR10625	18932.7	18412.36	6805.76	209.61	154.55
PTHR10992	54760.62	53385.49	19582.33	481.01	354.67
PTHR12848	2752.0	2677.66	396.0	15.28	11.27
PTHR12849	1814.01	1739.68	347.0	22.67	16.72
PTHR10943	7060.97	6875.13	3412.99	135.28	99.74
PTHR12847	4789.94	4641.27	3023.01	143.8	106.02
PTHR12841	1391.0	1353.83	571.02	21.87	16.12
PTHR21290	1100.32	1063.16	78.0	3.81	2.81
PTHR21349	1093.0	1018.68	4284.06	387.96	286.05
PTHR21347	2000.0	1962.83	822.75	21.69	15.99
PTHR19861	1317.43	1280.26	542.0	21.95	16.19
PTHR21343	1953.7	1842.23	79.0	7.13	5.26
PTHR10196	5359.08	5210.42	491.0	20.35	15.0
PTHR10192	734.0	696.84	214.0	16.01	11.8
PTHR10755	4143.66	4069.33	5883.05	121.56	89.63
PTHR10758	4922.4	4848.09	2620.0	53.43	39.39
PTHR13152	1540.73	1503.57	10364.74	357.12	263.31
PTHR12932	4050.0	3975.66	166.0	4.29	3.16
PTHR12934	2398.57	2324.24	7860.77	425.48	313.72
PTHR13265	1182.0	1144.83	249.0	11.29	8.32
PTHR11800	4302.0	4227.66	1488.0	37.04	27.32
PTHR11802	14811.48	14402.72	6863.5	195.31	144.01
PTHR11804	15546.64	15174.99	8173.96	199.93	147.4
PTHR11807	1286.53	1249.37	71.12	2.95	2.18
PTHR10281	1898.48	1824.15	1730.38	98.41	72.56
PTHR10283	20872.16	20500.52	13778.46	309.17	227.96
PTHR10285	10394.65	10097.3	37129.36	1073.82	791.74
PTHR10286	3224.28	3112.78	57956.05	2523.8	1860.86
PTHR11579	6974.81	6863.3	2273.0	70.45	51.94
PTHR13718	4596.0	4484.49	48404.73	2254.49	1662.28
PTHR13711	6779.97	6557.0	7835.48	271.39	200.12
PTHR13710	13056.0	12647.18	427.0	19.38	14.28
PTHR11977	3821.87	3747.57	1182.99	22.19	16.36
PTHR22970	2280.37	2206.03	630.0	30.11	22.2
PTHR11972	4217.0	4142.66	344.95	7.92	5.84
PTHR31480	1787.17	1750.0	425.0	12.57	9.27
PTHR31485	3869.0	3794.66	656.0	18.57	13.7
PTHR11715	1110.0	1072.83	8069.99	390.56	287.97
PTHR11717	3399.97	3251.37	1240.99	75.3	55.51
PTHR11711	11136.79	10876.61	12342.95	410.75	302.84
PTHR11712	7169.0	7020.39	9428.89	244.77	180.48
PTHR10374	3306.52	3232.19	4627.76	139.65	102.97
PTHR10178	33418.6	32712.54	60565.98	1009.89	744.63
PTHR20961	8789.51	8603.67	1069.0	33.75	24.89
PTHR10173	8352.0	8128.98	8000.01	317.48	234.08
PTHR10177	28668.06	28184.9	18319.05	249.87	184.23
PTHR10174	9914.08	9728.24	29851.16	989.24	729.39
PTHR23249	3515.05	3440.71	1729.41	52.85	38.97
PTHR23244	25032.74	24475.3	7189.0	165.77	122.26
PTHR23245	1590.0	1515.68	125.0	8.68	6.4
PTHR14614	11086.62	10640.68	7930.78	267.51	197.26
PTHR31268	2684.0	2498.22	189.0	18.78	13.84
PTHR31262	1907.0	1832.67	550157.73	23748.75	17510.49
PTHR23063	4168.45	4056.96	639.0	22.41	16.52
PTHR11620	1353.0	1278.67	39960.14	2522.54	1859.93
PTHR11624	12078.31	11892.47	137733.66	3222.66	2376.14
PTHR11627	11379.72	11193.87	204849.93	6241.47	4601.98
PTHR26312	5224.67	5075.99	862.94	36.28	26.75
PTHR11390	6443.49	6257.66	668.0	22.78	16.79
PTHR31319	3436.0	3398.83	7215.18	109.65	80.85
PTHR14052	2394.0	2356.83	123.0	2.7	1.99
PTHR32118	1627.0	1589.83	1811.0	59.0	43.5
PTHR23117	3962.95	3814.33	1221.0	55.77	41.12
PTHR23115	41321.54	40392.46	241815.45	5818.72	4290.26
PTHR11028	1997.0	1959.83	1215.0	32.08	23.65
PTHR11024	2743.0	2705.83	1322.0	25.25	18.62
PTHR15081	4260.81	4186.48	771.0	19.04	14.04
PTHR11777	6165.01	6053.51	7217.29	183.33	135.17
PTHR12616	2692.0	2617.67	114.0	4.61	3.4
PTHR12613	3940.67	3903.5	1247.52	16.5	12.17
PTHR12612	801.0	763.84	1817.35	123.9	91.35
PTHR32060	4750.58	4639.11	545.0	15.43	11.37
PTHR12126	4672.0	4597.66	4195.02	115.89	85.45
PTHR12124	4915.31	4729.71	839.0	61.59	45.41
PTHR22734	1557.0	1519.83	277.0	9.44	6.96
PTHR12121	10331.64	9922.91	1943.0	73.32	54.09
PTHR12438	972.03	934.86	51.0	2.84	2.09
PTHR15492	694.0	656.84	30.0	2.38	1.76
PTHR21426	2255.0	2217.83	493.0	11.5	8.48
PTHR21427	774.56	737.41	128.0	9.04	6.67
PTHR13161	2571.14	2533.97	512.87	10.46	7.71
PTHR19372	2034.79	1997.63	924.0	23.93	17.65
PTHR19370	5578.61	5429.95	3178.93	97.06	71.56
PTHR19376	7015.86	6867.19	1465.05	41.09	30.29
PTHR19375	15310.63	14901.88	60207.49	1358.73	1001.82
PTHR12050	1234.0	1196.83	352.0	15.26	11.25
PTHR12725	10697.33	10511.5	3216.84	71.93	53.04
PTHR22884	17830.75	17236.13	3210.82	134.04	98.83
PTHR22881	549.0	511.84	120.0	12.27	9.05
PTHR22880	6816.62	6519.37	1576.0	81.83	60.34
PTHR12542	2402.77	2328.44	720.0	32.03	23.62
PTHR12547	5380.09	5231.43	16116.05	442.49	326.26
PTHR12436	7283.2	7134.52	3650.1	138.7	102.27
PTHR21512	1121.0	1083.83	24.0	1.15	0.85
PTHR30508	3100.05	2988.58	2595.97	154.18	113.69
PTHR14744	1129.0	1091.83	121.0	5.75	4.24
PTHR30502	2911.64	2837.31	414.0	15.1	11.14
PTHR10617	11795.0	11571.99	11194.24	268.62	198.07
PTHR10615	7241.34	7129.83	2003.0	45.92	33.85
PTHR12189	1265.0	1227.83	171.0	7.22	5.33
PTHR13527	1137.0	1099.83	265.0	12.51	9.22
PTHR22958	3716.0	3678.83	11120.99	156.12	115.11
PTHR14534	651.0	613.84	43.0	3.66	2.7
PTHR22951	861.0	823.83	157.0	9.92	7.31
PTHR22950	43386.75	42420.57	24461.36	667.19	491.94
PTHR22953	13628.51	13442.7	4106.0	76.44	56.36
PTHR22952	5566.31	5380.49	6241.41	191.89	141.48
PTHR22957	15800.35	15354.34	2544.0	90.75	66.9
PTHR21600	4250.43	4176.09	3589.91	56.8	41.88
PTHR24056	11978.0	11569.25	3561.97	141.49	104.32
PTHR24054	3304.0	3229.66	2654.0	84.17	62.06
PTHR24055	7121.05	6860.91	1336.0	64.77	47.76
PTHR24058	1944.29	1869.96	210.0	13.68	10.08
PTHR10766	9113.0	8852.89	6747.0	243.91	179.83
PTHR10762	2338.0	2189.36	259.0	25.07	18.48
PTHR30031	8581.56	8209.98	6408.65	160.82	118.57
PTHR12945	1375.0	1300.67	134.99	11.15	8.23
PTHR12944	1571.0	1533.83	140.0	4.73	3.49
PTHR23163	3217.0	3179.83	1398.96	22.73	16.76
PTHR24128	6338.06	6115.07	1113.0	48.91	36.05
PTHR13096	3670.49	3596.16	590.0	12.88	9.49
PTHR11364	3264.62	3153.13	2143.0	84.49	62.3
PTHR11365	5445.0	5370.66	879.0	16.03	11.81
PTHR10548	5309.25	5197.77	10546.25	298.37	220.0
PTHR11817	12444.54	12258.7	9865.42	192.52	141.95
PTHR11814	7290.21	7178.72	877.65	18.72	13.8
PTHR11363	1553.0	1515.83	43155.2	1474.96	1087.52
PTHR10543	11137.0	10876.85	3881.0	67.57	49.83
PTHR11819	15083.18	14897.34	6992.2	130.62	96.32
PTHR10544	627.0	589.84	33415.7	2958.9	2181.66
PTHR11562	1031.93	994.76	55.0	2.87	2.12
PTHR11566	11459.0	11273.15	7583.99	130.73	96.39
PTHR11567	5891.8	5706.05	1152.98	62.57	46.14
PTHR11564	5507.54	5321.72	1301.13	69.98	51.6
PTHR11962	3874.3	3725.66	1406.0	64.73	47.74
PTHR11963	4257.64	4146.13	2668.78	70.71	52.14
PTHR10381	11714.26	11379.76	43627.3	1416.22	1044.2
PTHR10383	4081.0	4043.83	493.0	6.29	4.64
PTHR11705	7040.31	6891.66	2018.27	48.37	35.65
PTHR11702	11190.05	10929.9	4868.95	132.05	97.35
PTHR11700	1751.0	1676.67	56048.03	4396.79	3241.85
PTHR10388	1377.0	1339.83	9807.37	379.49	279.81
PTHR10145	5626.0	5551.66	1315.97	27.92	20.59
PTHR23273	4074.53	4000.19	677.0	16.09	11.85
PTHR23270	3273.66	3162.17	1975.0	74.46	54.9
PTHR23050	5437.17	5177.04	8756.05	481.29	354.86
PTHR23056	1983.26	1908.92	368.0	19.43	14.33
PTHR23054	1520.0	1482.83	272.0	9.5	7.01
PTHR11638	21308.66	20788.4	18436.29	314.39	231.82
PTHR31783	5095.0	4983.5	756.0	23.3	17.18
PTHR23291	9807.31	9621.47	12455.16	404.01	297.89
PTHR11630	9504.54	9244.38	659.0	21.88	16.16
PTHR11140	8583.0	8508.66	3621.0	44.47	32.79
PTHR11141	3596.0	3558.83	3916.0	56.83	41.9
PTHR11142	8667.54	8407.36	1702.1	73.02	53.83
PTHR11143	825.0	787.83	28177.47	1861.91	1372.83
PTHR11380	517.0	479.84	109.0	11.9	8.77
PTHR11384	5626.55	5515.07	1769.97	38.89	28.68
PTHR32477	2067.0	1955.51	116.0	8.96	6.61
PTHR14043	779.0	741.84	25.0	1.76	1.29
PTHR32472	2571.64	2460.15	368.0	22.08	16.28
PTHR31658	1140.0	1102.83	146.0	6.87	5.07
PTHR13890	8881.32	8546.84	1923.0	99.14	73.11
PTHR14269	2798.7	2687.23	760.0	38.86	28.64
PTHR22883	12781.56	12484.26	2053.87	51.86	38.23
PTHR23125	50651.34	49499.39	6731.32	158.37	116.76
PTHR19879	2641.15	2566.81	1378.0	48.71	35.91
PTHR19211	22146.37	21477.42	350731.15	4514.47	3328.63
PTHR23338	1425.0	1387.83	2455.67	91.72	67.62
PTHR12608	2398.0	2323.66	695.0	30.87	22.76
PTHR12604	5593.58	5482.09	1872.0	57.32	42.27
PTHR12603	2884.4	2810.06	2092.0	64.92	47.86
PTHR32091	1852.3	1777.96	556.98	33.85	24.96
PTHR32098	5415.09	5154.96	672.0	39.36	29.01
PTHR18763	456.0	418.84	46.0	5.77	4.25
PTHR22726	2902.41	2790.92	728.0	33.23	24.49
PTHR22727	16986.73	16726.56	26998.54	538.01	396.69
PTHR12428	8858.72	8672.88	5571.46	166.25	122.58
PTHR18968	8325.77	8139.99	19186.28	377.29	278.19
PTHR14456	328.0	290.88	8.0	1.45	1.07
PTHR12730	3555.48	3481.16	561.0	16.74	12.34
PTHR12736	2223.21	2148.89	458.0	18.1	13.34
PTHR12735	5152.17	5003.52	2818.2	130.34	96.1
PTHR15020	13066.2	12768.86	15072.79	475.13	350.33
PTHR12558	5725.22	5539.39	511.0	24.06	17.73
PTHR12553	10153.06	9818.57	3292.71	107.25	79.09
PTHR10497	559.0	521.84	24958.35	2502.15	1844.89
PTHR10496	369.0	331.86	5.0	0.79	0.59
PTHR21569	2381.17	2269.69	28673.18	2226.29	1641.5
PTHR21567	5655.57	5506.89	227.0	9.53	7.03
PTHR13950	2223.0	2148.67	299.0	10.77	7.94
PTHR12133	2148.43	2074.1	202.0	10.52	7.74
PTHR10972	6077.05	5891.2	1540.05	67.01	49.41
PTHR21704	4704.66	4630.34	164.0	4.06	3.0
PTHR10606	1469.46	1432.3	1044.78	37.8	27.87
PTHR13743	3598.0	3449.34	272.0	12.04	8.86
PTHR22942	9427.69	9204.69	954.0	36.05	26.59
PTHR13395	1796.87	1759.71	345.0	10.15	7.48
PTHR22891	7794.61	7683.17	6521.91	91.55	67.51
PTHR22893	3252.96	3141.46	1000.0	29.23	21.56
PTHR24067	24070.3	23438.45	19538.64	658.01	485.19
PTHR24064	9000.33	8665.93	1692.01	101.77	75.01
PTHR24063	38572.03	37605.73	36464.22	767.97	566.24
PTHR21011	1399.0	1361.83	908.0	34.56	25.48
PTHR25040	7851.6	7702.93	4042.0	119.58	88.18
PTHR10774	13768.61	13322.62	1587.0	79.08	58.29
PTHR24068	2860.39	2786.05	20476.2	626.45	461.9
PTHR19980	2565.0	2490.66	516.0	21.51	15.85
PTHR12959	2248.5	2099.9	326.0	30.83	22.73
PTHR24115	59468.54	58130.54	3017.78	62.73	46.27
PTHR10961	1535.7	1498.54	1261.0	43.6	32.15
PTHR11825	9448.12	9225.13	5812.91	172.4	127.12
PTHR10809	612.07	574.98	2554.0	232.01	171.07
PTHR11822	2011.29	1974.13	1106.98	29.01	21.39
PTHR10555	4336.07	4224.57	1517.98	60.5	44.61
PTHR10806	1145.65	1108.48	910.0	42.61	31.42
PTHR10804	15468.17	15208.0	13681.2	365.44	269.45
PTHR11556	6271.0	6085.17	91856.69	2764.66	2038.44
PTHR11558	3449.0	3374.66	1973.38	60.56	44.65
PTHR13773	6310.35	6236.02	1885.23	32.59	24.03
PTHR10537	1542.35	1505.18	277.0	9.53	7.03
PTHR11953	2685.71	2611.38	589.62	19.62	14.47
PTHR11952	11158.06	11009.44	8632.46	101.5	74.84
PTHR11956	2330.0	2292.83	1568.66	35.38	26.09
PTHR11959	2497.0	2459.83	868.0	18.24	13.45
PTHR11739	5787.18	5675.69	10341.53	608.21	448.45
PTHR11732	27937.99	27120.47	7632.0	270.74	199.61
PTHR11731	12316.89	12019.66	2630.0	81.23	59.89
PTHR11730	10661.87	10438.88	2862.99	55.94	41.24
PTHR11735	2503.14	2354.5	171.0	15.49	11.41
PTHR10394	1003.0	965.83	62895.01	3383.84	2494.99
PTHR20941	3403.0	3365.83	189.05	2.9	2.14
PTHR10150	3575.25	3426.74	156.0	8.87	6.54
PTHR31065	11612.67	11426.88	12041.75	141.73	104.51
PTHR10159	17489.45	17117.77	10740.18	259.48	191.35
PTHR31066	504.0	466.84	0.0	0.0	0.0
PTHR13604	685.0	647.84	51.0	4.11	3.03
PTHR23264	3752.94	3641.43	898.0	37.77	27.84
PTHR23269	1768.0	1730.83	348.0	10.41	7.68
PTHR31204	1098.03	1060.87	421.0	20.61	15.19
PTHR31201	1253.0	1215.83	356.0	15.19	11.2
PTHR31209	2521.39	2409.9	419.05	24.61	18.15
PTHR11607	7792.98	7495.72	487.0	26.58	19.6
PTHR11606	6833.9	6722.4	38315.4	627.14	462.41
PTHR11601	9150.09	8927.07	2996.0	89.9	66.28
PTHR32467	20962.16	20218.96	4440.65	136.56	100.68
PTHR14255	9435.51	9138.21	1075.0	41.31	30.46
PTHR31840	494.0	456.84	56.0	6.43	4.74
PTHR23130	8866.92	8681.12	1819.0	76.23	56.2
PTHR23133	951.0	913.83	328.0	18.66	13.76
PTHR23135	3744.44	3670.11	1319.0	36.66	27.03
PTHR23138	3330.0	3255.66	4248.86	161.81	119.31
PTHR23139	17103.9	16695.08	11547.19	378.04	278.75
PTHR31682	1731.0	1693.83	839.0	25.65	18.91
PTHR11040	4504.91	4319.16	1034.0	65.52	48.31
PTHR11043	1331.0	1293.83	1050.0	42.08	31.03
PTHR11048	10346.39	10123.38	18132.02	595.95	439.4
PTHR14005	2375.0	2337.83	2170.49	48.01	35.4
PTHR15818	760.0	722.84	103.0	7.42	5.47
PTHR12636	2740.0	2702.83	1092.0	20.88	15.4
PTHR14490	1892.81	1781.33	259.0	22.17	16.35
PTHR14493	36008.11	34707.48	15119.44	412.39	304.11
PTHR15651	533.0	495.84	142.0	14.99	11.06
PTHR12380	4394.01	4245.34	1860.0	84.08	62.0
PTHR12385	1252.67	1215.51	2365.18	100.94	74.42
PTHR12706	10896.31	10450.39	1595.0	54.19	39.93
PTHR12709	1467.39	1430.22	284.0	10.29	7.59
PTHR19957	6760.72	6574.88	4080.0	167.13	123.23
PTHR12561	777.0	739.84	26.0	1.83	1.35
PTHR12560	9469.15	9283.31	10422.31	160.55	118.38
PTHR11203	6598.09	6449.41	1050.97	32.4	23.9
PTHR12097	6675.0	6600.66	2918.04	41.05	30.27
PTHR11200	11557.57	11223.09	4316.74	136.1	100.34
PTHR21576	12353.85	11982.21	1781.79	67.26	49.58
PTHR24193	6644.5	6310.08	3149.01	158.35	116.77
PTHR12419	6296.16	6110.37	1681.0	66.15	48.77
PTHR30525	1519.0	1481.83	2826.0	98.82	72.86
PTHR12413	2677.0	2528.36	250.0	20.68	15.25
PTHR12411	17964.11	17406.66	12352.21	517.64	381.66
PTHR23339	7521.0	7298.0	2137.0	80.12	59.08
PTHR12415	1324.0	1249.7	54.0	3.8	2.8
PTHR10947	1400.0	1325.68	326.0	23.83	17.57
PTHR21717	1872.61	1798.28	220.0	12.43	9.15
PTHR21712	3083.66	3009.32	733.0	27.24	20.09
PTHR12897	2850.74	2776.41	17691.28	405.22	298.79
PTHR12894	4317.8	4131.97	339.0	22.32	16.46
PTHR12891	1482.0	1444.83	90.0	3.23	2.38
PTHR22976	11337.27	11114.29	16877.27	300.44	221.52
PTHR22975	4373.0	4261.5	1567.97	45.47	33.52
PTHR20922	2611.68	2500.19	956.0	50.55	37.28
PTHR21377	2681.22	2606.89	1509.0	58.86	43.4
PTHR21371	2411.0	2373.83	34426.09	749.89	552.91
PTHR21373	4206.28	4057.65	673.0	21.47	15.84
PTHR22573	11165.44	10979.61	7857.21	208.78	153.95
PTHR22572	12020.63	11686.13	17230.22	623.22	459.51
PTHR30566	3826.87	3715.52	1152.81	48.8	35.98
PTHR21000	2793.0	2755.83	11197.13	209.99	154.83
PTHR10701	2181.0	2106.66	2101.0	103.84	76.56
PTHR13162	8126.37	7977.71	3537.0	91.34	67.35
PTHR13165	3861.61	3824.44	2952.66	39.87	29.4
PTHR21396	523.0	485.84	101.0	10.89	8.03
PTHR12459	1442.0	1404.83	303.99	11.22	8.27
PTHR10681	12661.24	12401.06	6503.31	208.49	153.72
PTHR24106	9689.79	9281.0	566.0	32.2	23.75
PTHR24103	2840.53	2766.21	1319.0	39.76	29.32
PTHR11540	3714.36	3640.03	24973.53	799.13	589.21
PTHR10836	2729.0	2654.66	164046.51	5118.55	3774.03
PTHR10835	3203.0	3165.83	538.0	8.78	6.47
PTHR11545	3658.0	3546.5	41184.8	2578.47	1901.16
PTHR10012	908.28	871.12	512.0	30.57	22.54
PTHR13768	1656.66	1582.35	539.0	35.25	25.98
PTHR24078	7425.45	7165.32	748.0	33.13	24.42
PTHR11946	25911.57	25316.92	14452.23	414.52	305.65
PTHR11947	6670.28	6484.46	4991.49	111.94	82.54
PTHR11941	9468.46	9171.11	4114.96	163.58	120.61
PTHR24072	1846.0	1771.66	186.0	10.97	8.09
PTHR24073	20435.08	19840.41	21541.2	749.39	552.53
PTHR10491	1534.28	1459.95	124.95	9.43	6.96
PTHR24076	18280.87	17872.02	10769.97	298.15	219.82
PTHR24077	21119.42	20450.45	4266.05	191.84	141.45
PTHR11728	8064.77	7916.1	1484.01	36.35	26.8
PTHR11726	1447.0	1372.7	45986.58	2228.55	1643.17
PTHR11727	668.0	630.84	108.0	8.93	6.59
PTHR11721	789.0	751.84	45911.73	3180.51	2345.06
PTHR11722	1332.0	1257.68	28584.23	2372.21	1749.08
PTHR10120	1197.97	1160.81	402.0	17.97	13.25
PTHR10122	4633.0	4595.83	11156.5	125.31	92.4
PTHR11451	10925.0	10664.82	9363.32	279.33	205.94
PTHR11831	850.0	812.83	43.0	2.75	2.03
PTHR11835	6428.33	6279.65	5272.93	146.93	108.34
PTHR11614	5276.04	5164.53	7772.62	221.16	163.06
PTHR11615	8908.87	8723.06	27693.63	706.3	520.77
PTHR11618	5200.33	5126.0	1343.0	26.56	19.58
PTHR14140	2888.0	2813.66	260.0	8.13	6.0
PTHR32419	5207.38	5095.87	1035.0	32.75	24.15
PTHR10231	1670.0	1632.83	155.0	4.92	3.62
PTHR10233	8227.0	8041.16	3541.9	117.04	86.29
PTHR31503	11316.0	11204.49	9800.55	140.28	103.43
PTHR23147	632.0	594.84	112.0	9.83	7.25
PTHR23140	2087.42	2050.26	769.0	19.4	14.31
PTHR23142	2912.46	2838.13	940.0	31.41	23.16
PTHR23149	1268.34	1231.18	461.0	19.42	14.32
PTHR23148	1419.0	1381.83	203.0	7.61	5.61
PTHR31695	3066.01	2991.67	507.0	18.06	13.31
PTHR11056	1439.0	1401.83	199.0	7.36	5.43
PTHR11055	4653.83	4542.33	17100.25	487.57	359.49
PTHR32523	5151.09	5039.59	898.0	28.22	20.82
PTHR10670	6949.0	6911.83	227.0	1.69	1.25
PTHR10540	5966.26	5854.76	4411.01	134.52	99.18
PTHR12629	1152.0	1114.83	1362.0	63.41	46.76
PTHR18945	4551.87	4477.56	888.98	15.98	11.77
PTHR26402	7272.48	7086.65	3167.81	84.0	61.95
PTHR19384	14846.75	14400.8	57845.8	2073.91	1529.14
PTHR12714	5687.96	5539.3	2050.34	80.03	59.01
PTHR32251	2309.47	2272.3	635.0	14.45	10.66
PTHR12570	3222.0	3147.66	262.0	8.09	5.96
PTHR21494	1148.0	1073.68	53.0	5.1	3.77
PTHR21496	6533.07	6347.23	8890.77	412.75	304.33
PTHR21493	34135.69	33243.68	48542.61	1447.83	1067.5
PTHR21499	4321.59	4210.1	2470.32	104.22	76.84
PTHR21148	2263.0	2188.66	581.0	27.43	20.22
PTHR12083	2292.41	2218.09	549.0	25.43	18.75
PTHR13355	1507.0	1432.67	172.0	12.07	8.9
PTHR13976	23943.84	23683.68	15786.85	238.06	175.52
PTHR19852	2656.0	2618.83	1157.88	22.85	16.85
PTHR12406	8953.14	8692.98	1738.0	62.75	46.26
PTHR16128	2834.66	2723.18	452.0	25.48	18.79
PTHR12400	969.34	932.17	163.0	9.09	6.7
PTHR30314	5962.44	5813.77	1009.3	37.45	27.62
PTHR12882	1357.0	1319.83	787.0	30.92	22.8
PTHR12883	1743.0	1705.83	503.0	15.27	11.26
PTHR16255	5200.86	5052.19	1933.0	76.16	56.15
PTHR16254	10198.17	10086.67	7527.77	104.34	76.94
PTHR22960	1270.0	1232.83	72.0	3.03	2.23
PTHR13373	2456.76	2419.59	610.0	13.04	9.61
PTHR13375	2922.97	2848.65	510.0	16.58	12.22
PTHR22967	1062.0	1024.83	61.0	3.09	2.28
PTHR23407	1624.58	1587.41	217.02	7.08	5.22
PTHR30222	1164.47	1127.3	265.0	12.2	9.0
PTHR13115	781.0	743.84	102.0	7.14	5.27
PTHR13117	1991.95	1954.79	348.0	9.21	6.79
PTHR12975	2796.83	2685.35	287.0	13.55	9.99
PTHR13285	3843.0	3805.83	383.0	5.2	3.83
PTHR13288	1110.0	1072.83	227.0	10.99	8.1
PTHR10953	12573.63	12239.13	3199.0	118.52	87.4
PTHR10954	2369.57	2295.23	426.0	19.35	14.26
PTHR21726	1891.0	1816.67	179.0	8.13	6.0
PTHR10826	1353.0	1315.83	2104.67	82.93	61.15
PTHR11533	7828.26	7642.43	5982.95	185.75	136.96
PTHR11532	7184.97	7036.29	2954.95	74.42	54.87
PTHR10971	4785.05	4673.57	1920.3	61.72	45.51
PTHR10000	5700.1	5588.6	840.0	28.69	21.16
PTHR13021	1321.0	1283.83	664.0	26.82	19.78
PTHR24006	29978.59	28901.06	4214.0	206.12	151.99
PTHR24003	14480.23	14034.26	1639.0	66.57	49.09
PTHR31446	2580.1	2505.82	669.01	31.25	23.04
PTHR31442	1403.48	1329.15	89.0	7.76	5.72
PTHR11441	2052.0	2014.83	662.0	17.0	12.53
PTHR11440	13618.25	13358.09	8455.16	200.5	147.82
PTHR11999	8476.02	8215.91	5686.87	157.6	116.2
PTHR11998	4872.0	4797.66	1596.0	34.16	25.18
PTHR11449	696.0	658.84	74510.38	5898.79	4349.31
PTHR11994	5207.0	5132.67	50149.99	574.94	423.93
PTHR10133	6234.95	5937.68	636.0	39.68	29.25
PTHR21649	16510.14	15841.23	558758.02	41010.93	30238.26
PTHR13620	5449.19	5189.16	363.0	20.59	15.2
PTHR11847	872.0	834.83	25200.55	1570.58	1158.02
PTHR11843	819.0	781.83	55112.4	3669.93	2705.93
PTHR11661	3052.0	2940.51	45050.7	3620.74	2669.65
PTHR11662	44303.52	43262.94	134636.11	2281.62	1682.29
PTHR11669	4696.62	4585.12	1209.0	40.52	29.88
PTHR11668	14965.16	14593.5	6686.42	201.1	148.28
PTHR20856	12978.04	12792.2	4470.0	94.6	69.75
PTHR20854	6170.02	6021.34	3728.99	142.33	104.93
PTHR20852	8000.0	7739.9	20976.16	572.7	422.25
PTHR32404	1102.61	1065.45	244.0	11.89	8.77
PTHR20858	2569.92	2458.48	276.01	17.55	12.93
PTHR10634	1765.0	1727.83	10371.69	310.79	229.15
PTHR30603	2360.0	2322.83	2735.0	60.89	44.89
PTHR11709	5028.11	4953.79	668.0	8.06	5.94
PTHR14237	12468.76	12022.86	4931.93	137.36	101.27
PTHR10738	2252.0	2140.53	302.0	18.21	13.43
PTHR10264	2267.0	2229.83	735.0	17.05	12.57
PTHR23155	60876.61	59315.73	10804.92	343.31	253.12
PTHR23153	5497.4	5274.41	608.0	42.01	30.96
PTHR23151	13737.45	13402.97	25588.56	701.53	517.25
PTHR11063	1343.89	1306.72	879.99	34.92	25.75
PTHR11062	1216.0	1141.68	1.0	0.07	0.05
PTHR11061	9019.85	8573.92	3632.0	282.47	208.28
PTHR11065	12664.51	12404.38	7601.91	186.69	137.66
PTHR11064	4163.61	4052.13	20858.02	402.2	296.54
PTHR11260	19130.92	18684.91	17133.02	467.26	344.53
PTHR11264	1848.69	1811.53	303.0	8.66	6.38
PTHR11266	18004.69	17595.85	12022.97	302.62	223.13
PTHR13501	1420.11	1345.78	6477.95	427.39	315.13
PTHR31998	4499.0	4424.72	34097.07	424.13	312.72
PTHR31221	1636.0	1561.67	41.0	2.62	1.93
PTHR15838	1728.0	1653.67	158.0	10.19	7.51
PTHR12850	666.08	628.92	48504.8	4024.88	2967.64
PTHR32338	1321.0	1283.83	3271.06	132.13	97.42
PTHR31407	4106.45	3994.94	3150.15	105.14	77.52
PTHR15744	2854.27	2742.77	637.0	32.77	24.16
PTHR18952	4843.04	4731.54	2521.93	63.76	47.02
PTHR10552	800.0	762.84	700.0	47.79	35.23
PTHR21597	3549.01	3437.5	427.0	18.88	13.92
PTHR12765	442.0	404.84	43.0	5.58	4.11
PTHR12505	1887.49	1813.16	216.0	11.97	8.83
PTHR22603	6082.54	5933.87	1201.0	37.57	27.71
PTHR12506	4080.34	3931.67	847.0	41.32	30.47
PTHR22604	3309.48	3198.02	1842.0	63.19	46.6
PTHR21481	1219.0	1181.83	58.0	2.55	1.88
PTHR22778	3489.44	3377.94	2489.0	94.11	69.39
PTHR12169	4522.35	4299.41	1082.0	74.42	54.88
PTHR19446	38602.77	37933.82	64448.04	1368.73	1009.2
PTHR12219	1479.0	1441.83	2952.0	106.1	78.23
PTHR13561	1406.89	1332.56	242.0	15.45	11.39
PTHR13563	1778.85	1704.51	419.0	24.65	18.17
PTHR12210	19809.49	19549.33	12208.89	165.53	122.06
PTHR12215	1288.41	1214.09	65.0	5.75	4.24
PTHR12214	1027.64	953.32	72.0	7.8	5.75
PTHR22911	9108.45	8773.96	1873.98	94.07	69.35
PTHR22912	19402.67	18808.03	20173.04	820.1	604.68
PTHR12183	5154.0	5042.54	1583.0	42.74	31.52
PTHR19849	2661.0	2586.66	284.0	12.11	8.93
PTHR22594	10993.25	10695.96	7429.03	241.48	178.06
PTHR11864	4113.36	3964.7	721.0	37.81	27.87
PTHR21152	11455.23	11306.57	16498.29	421.56	310.83
PTHR30075	2076.64	2002.3	940.0	47.9	35.32
PTHR11632	13095.84	12910.01	22677.51	450.48	332.15
PTHR13102	2942.83	2831.34	1008.0	54.31	40.05
PTHR12984	1952.0	1914.83	189.0	5.11	3.77
PTHR23293	3843.83	3732.37	9430.91	248.7	183.37
PTHR13299	3004.75	2930.43	1072.0	38.6	28.45
PTHR12652	1044.0	1006.83	1741.0	89.82	66.23
PTHR10925	4200.0	4051.33	731.85	36.47	26.89
PTHR21737	3136.0	2987.34	709.86	52.26	38.52
PTHR10920	3428.54	3279.9	980.0	56.79	41.87
PTHR10584	19491.25	18859.48	6594.21	204.51	150.79
PTHR11528	8086.0	7937.33	21256.63	555.29	409.41
PTHR11527	2216.0	2178.83	1922.0	45.63	33.64
PTHR11525	2495.9	2458.74	1305.84	27.46	20.25
PTHR10859	4288.0	4176.49	940.0	31.37	23.14
PTHR10589	1534.0	1459.67	952.0	56.81	41.88
PTHR10588	15648.27	15016.49	598.0	27.28	20.12
PTHR13038	2017.53	1943.19	207.0	11.08	8.17
PTHR13748	18588.9	18142.95	21353.4	389.94	287.52
PTHR10026	4238.87	4127.36	1369.09	49.61	36.57
PTHR24015	28710.26	28078.42	6147.57	165.67	122.17
PTHR24012	40723.25	39868.41	163757.89	5278.82	3892.19
PTHR24011	40128.75	38939.61	36546.64	918.74	677.44
PTHR31187	16594.29	16185.48	32346.95	585.04	431.36
PTHR13948	1374.87	1337.71	781.04	30.27	22.32
PTHR21145	818.17	781.01	313.0	20.86	15.38
PTHR10459	5687.3	5501.48	471.98	31.84	23.48
PTHR11453	1820.86	1746.53	181.0	10.87	8.02
PTHR10108	50132.63	48683.27	22265.48	717.65	529.17
PTHR11986	14006.16	13634.5	14016.43	368.5	271.69
PTHR11455	9978.1	9643.63	3200.96	138.23	101.91
PTHR10102	4120.72	4046.38	747.82	18.07	13.33
PTHR11458	1367.0	1329.83	4198.0	163.67	120.68
PTHR10106	1138.0	1100.83	163.0	7.69	5.67
PTHR11851	25781.32	25186.66	15487.78	387.1	285.42
PTHR23092	7491.96	7231.88	2777.01	77.06	56.8
PTHR23091	13795.13	13312.06	3392.84	155.53	114.68
PTHR11673	1683.0	1645.83	31168.31	980.72	723.11
PTHR11670	3900.92	3826.59	15562.48	425.57	313.79
PTHR11671	1433.0	1395.83	1074.0	39.88	29.41
PTHR20863	2806.0	2694.5	40209.21	2002.01	1476.12
PTHR20861	3263.15	3151.65	2206.0	110.33	81.35
PTHR11679	8007.5	7821.68	1383.0	40.27	29.68
PTHR14009	6981.35	6907.02	2990.0	45.1	33.25
PTHR10217	18293.0	17847.02	3196.25	92.96	68.55
PTHR10210	1586.0	1548.83	957.0	32.01	23.6
PTHR11588	10390.58	10167.58	35956.24	1021.19	752.95
PTHR31522	1415.0	1377.83	522.0	19.64	14.48
PTHR14221	1293.0	1218.7	236.0	17.83	13.14
PTHR11079	6338.37	6115.41	684.0	37.26	27.45
PTHR11076	14416.17	13970.16	1051.0	43.45	32.04
PTHR11070	1561.0	1486.7	100.0	5.04	3.71
PTHR11071	23430.88	22687.58	51268.45	2445.21	1802.9
PTHR11278	751.0	713.84	36116.39	2636.57	1944.0
PTHR14107	484.0	446.84	106.0	12.44	9.17
PTHR11276	2724.0	2649.66	121.0	4.74	3.49
PTHR11274	1191.79	1154.62	925.0	41.57	30.65
PTHR14136	6097.02	5948.35	5143.01	220.11	162.29
PTHR31984	5631.99	5520.5	2580.19	54.49	40.18
PTHR15350	3439.8	3365.47	2243.66	65.32	48.16
PTHR15606	903.94	866.77	245.0	14.7	10.84
PTHR12374	1642.85	1568.52	332.0	23.79	17.54
PTHR12375	961.14	923.98	371.0	20.87	15.39
PTHR12378	680.0	642.84	98.0	7.95	5.86
PTHR18929	8499.37	8276.39	52481.34	1617.65	1192.75
PTHR30535	3323.36	3249.04	1113.74	28.8	21.23
PTHR12777	1174.0	1136.83	2461.0	112.35	82.84
PTHR12775	2960.02	2811.38	1275.0	89.23	65.78
PTHR12770	8711.32	8525.5	2613.95	73.53	54.23
PTHR14085	2340.0	2302.83	656.0	14.73	10.86
PTHR16092	4345.2	4270.87	1976.99	44.03	32.47
PTHR10938	2282.0	2244.83	1662.0	38.29	28.23
PTHR11035	1756.0	1681.67	4883.49	256.92	189.43
PTHR22298	31587.32	30955.73	13632.13	188.46	138.97
PTHR12174	3761.54	3650.05	2726.15	119.42	88.04
PTHR12175	1440.0	1402.83	421.44	15.57	11.48
PTHR12176	11200.47	10940.3	5184.0	105.0	77.42
PTHR22769	7626.33	7403.36	1690.02	80.25	59.16
PTHR22767	4423.04	4200.05	1014.01	74.5	54.95
PTHR22765	9707.43	9521.62	2103.0	62.08	45.76
PTHR22762	15759.31	15350.54	3122.0	60.56	44.67
PTHR22763	1132.94	1058.62	73.0	6.45	4.76
PTHR22761	2204.94	2130.6	951.02	46.27	34.11
PTHR21231	5580.0	5431.33	1560.03	99.6	73.43
PTHR21230	4569.0	4457.49	1149.0	41.64	30.69
PTHR21234	4299.0	4224.66	897.04	25.58	18.86
PTHR21237	3321.0	3209.49	2665.0	129.91	95.78
PTHR12202	2847.08	2698.43	392.0	28.07	20.69
PTHR12203	5478.23	5366.72	1175.62	34.34	25.32
PTHR19857	1981.33	1907.06	306.0	12.3	9.07
PTHR19854	4198.65	4012.84	315.0	19.96	14.72
PTHR19855	1382.78	1308.45	470.0	36.77	27.12
PTHR13353	6039.16	5890.5	1013.07	30.87	22.77
PTHR19853	3659.15	3510.48	399.09	24.7	18.21
PTHR11136	2094.53	1983.07	529.0	37.38	27.57
PTHR12197	29064.24	28246.84	18442.93	463.2	341.55
PTHR19858	3022.7	2948.37	622.0	21.65	15.96
PTHR13822	1783.58	1746.42	4960.53	147.05	108.43
PTHR10344	2243.55	2206.39	1029.0	24.12	17.78
PTHR13138	797.46	760.3	216.0	14.79	10.91
PTHR10732	572.0	534.84	29784.91	2912.44	2147.41
PTHR10739	3431.99	3320.49	1739.23	79.27	58.45
PTHR22846	1802.63	1728.31	413.0	23.06	17.0
PTHR12992	2688.0	2613.66	327.0	12.85	9.48
PTHR22838	1941.23	1904.06	462.0	12.56	9.26
PTHR22836	1561.0	1523.83	150.0	5.1	3.76
PTHR11934	1195.0	1157.83	401.0	17.97	13.25
PTHR10693	619.0	581.84	274.0	24.6	18.14
PTHR10934	1009.0	971.83	36038.24	1926.84	1420.71
PTHR11510	3237.0	3199.83	4623.22	74.64	55.04
PTHR11516	5348.0	5199.34	15222.72	710.44	523.82
PTHR10025	8018.96	7796.0	2276.0	93.87	69.22
PTHR10027	7529.4	7306.38	372.0	16.99	12.53
PTHR13009	6514.0	6365.33	1892.97	55.07	40.61
PTHR13007	1684.0	1646.83	363.0	11.41	8.42
PTHR30115	1252.0	1214.83	2381.0	101.67	74.97
PTHR10598	1595.0	1557.83	965.0	32.09	23.66
PTHR17901	3140.43	3066.11	1028.0	34.18	25.2
PTHR14413	1465.0	1390.67	2612.52	161.0	118.71
PTHR24351	4597.43	4523.1	1429.0	32.85	24.22
PTHR20981	831.0	793.83	38039.92	2494.41	1839.19
PTHR20982	3008.0	2933.66	1749.0	69.93	51.56
PTHR24352	5750.0	5675.66	2261.0	41.5	30.59
PTHR11467	796.0	758.84	17.0	1.17	0.86
PTHR10119	8502.09	8241.94	6002.51	208.69	153.87
PTHR10114	676.0	638.84	41703.79	3406.18	2511.45
PTHR10110	11856.0	11595.89	1795.89	65.49	48.29
PTHR11469	2233.0	2195.83	5258.54	123.86	91.33
PTHR10445	885.0	847.83	497.0	30.5	22.48
PTHR11863	2534.0	2459.66	892.0	37.03	27.3
PTHR24286	24836.19	24353.03	101075.05	2380.88	1755.47
PTHR23429	4909.91	4798.42	4414.6	123.87	91.33
PTHR23426	3836.9	3725.39	4485.51	169.48	124.96
PTHR10593	3589.74	3478.24	1243.0	58.72	43.3
