GeneFamily	length	effective_length	expected_count	TPM	FPKM
PTHR11649	19535.66	18909.71	5960.65	311.78	235.88
PTHR31089	793.0	751.27	56.0	5.07	3.84
PTHR31085	5287.65	5079.01	506.0	34.78	26.32
PTHR11647	3210.0	3126.54	584.0	26.95	20.39
PTHR11645	1309.39	1267.66	1149.0	61.45	46.49
PTHR11885	2326.0	2284.27	20480.36	606.32	458.71
PTHR10209	9698.45	9406.34	1469.9	56.93	43.07
PTHR32429	4800.13	4674.94	17873.7	639.89	484.12
PTHR31423	605.0	563.27	220.03	26.68	20.18
PTHR31551	787.0	745.27	231.0	21.1	15.96
PTHR32195	2097.03	2013.57	238.0	16.43	12.43
PTHR11081	4979.0	4812.09	104.0	5.29	3.99
PTHR11080	5480.09	5313.2	1100.0	58.81	44.49
PTHR11082	10138.9	9846.8	2822.0	120.52	91.18
PTHR11085	7482.55	7232.25	2249.02	106.65	80.68
PTHR11089	7546.77	7129.51	1732.98	151.31	114.46
PTHR32518	6572.55	6447.36	5543.0	135.82	102.76
PTHR11247	4607.0	4481.81	1662.0	48.26	36.51
PTHR11246	6514.99	6389.8	2384.16	67.15	50.79
PTHR32512	3533.72	3408.53	481.0	27.35	20.7
PTHR23088	6499.04	6373.86	1543.23	61.42	46.46
PTHR23089	4473.83	4348.64	1156.0	42.51	32.16
PTHR23081	2818.9	2651.98	258.0	26.56	20.09
PTHR23083	38156.22	36987.87	4441.0	206.68	156.39
PTHR23084	7603.13	7269.31	741.0	34.22	25.89
PTHR23086	9378.01	9169.36	5244.82	152.32	115.24
PTHR18806	4762.44	4678.98	2461.0	70.9	53.65
PTHR11880	2798.0	2714.54	19030.36	1016.94	769.36
PTHR31953	7665.99	7290.48	580.0	43.46	32.88
PTHR15184	9560.04	9351.39	18018.92	479.58	362.82
PTHR15341	682.38	640.65	115.0	12.24	9.26
PTHR32357	1332.26	1207.1	321.0	54.45	41.19
PTHR15169	2395.3	2311.84	696.0	36.92	27.92
PTHR12341	10637.35	10261.79	996.02	55.25	41.81
PTHR15160	2277.93	2194.47	1196.0	59.45	44.98
PTHR18937	19977.82	19518.82	2374.02	55.33	41.86
PTHR18934	22256.45	21380.2	4413.88	212.26	160.59
PTHR10997	15517.88	15058.86	3952.02	161.94	122.53
PTHR12742	4396.3	4271.11	1750.0	81.2	61.43
PTHR12741	1313.0	1271.27	174.0	9.28	7.02
PTHR16557	918.0	876.27	22.0	1.71	1.29
PTHR19288	7361.23	7152.58	788.0	37.3	28.22
PTHR13902	6412.27	6161.9	1831.98	93.61	70.82
PTHR13903	2084.64	2001.23	487.0	43.65	33.02
PTHR22753	7522.0	7396.81	849.0	23.56	17.83
PTHR22939	22949.37	22365.15	3861.24	157.97	119.5
PTHR16266	2502.47	2377.3	134.0	12.91	9.77
PTHR30612	3303.06	3219.63	1259.0	33.77	25.55
PTHR22932	1231.0	1189.27	1254.0	71.52	54.11
PTHR22931	12917.39	12750.48	57274.41	1718.42	1300.07
PTHR12233	4051.92	4010.19	1634.01	27.51	20.82
PTHR10993	943.46	901.73	107.0	8.06	6.1
PTHR31038	998.0	956.27	420.0	29.84	22.57
PTHR13832	66442.46	65190.65	25964.42	612.76	463.6
PTHR21139	1812.0	1770.27	5695.7	217.79	164.77
PTHR21136	7385.59	7093.5	3631.0	200.11	151.38
PTHR12526	56934.76	55682.98	13814.91	406.26	307.36
PTHR13120	1814.0	1772.27	919.06	35.1	26.56
PTHR22809	2066.86	1983.4	114.0	7.87	5.95
PTHR22807	7421.15	7087.32	1288.27	73.78	55.79
PTHR20661	1789.41	1664.23	106.0	13.96	10.57
PTHR10900	4770.01	4686.55	690.02	32.34	24.47
PTHR10906	5723.0	5597.81	3032.0	76.61	57.95
PTHR10909	16140.95	15765.46	8081.08	319.58	241.78
PTHR10055	1434.0	1392.27	361.0	17.57	13.29
PTHR10057	4809.48	4642.56	4219.24	254.87	192.82
PTHR10052	948.0	906.27	30917.38	2318.54	1754.09
PTHR13017	1210.0	1168.27	97.0	5.63	4.26
PTHR13018	17347.19	16971.62	2659.0	65.81	49.79
PTHR10694	9243.96	8826.66	1253.0	87.11	65.91
PTHR12839	3136.11	3010.92	467.0	32.03	24.24
PTHR12835	3617.8	3492.61	730.53	37.68	28.52
PTHR24031	74339.03	71877.12	77029.71	2896.52	2191.38
PTHR24032	1330.0	1246.54	82.0	9.15	6.92
PTHR24349	48212.54	46960.7	33546.29	777.26	588.02
PTHR24619	3272.1	3146.93	437.0	39.22	29.68
PTHR24343	28960.33	28084.02	14685.46	522.15	395.01
PTHR11472	8556.1	8264.03	636.0	31.97	24.2
PTHR11476	983.0	941.27	78.0	5.63	4.26
PTHR11477	1308.57	1225.12	147.0	14.38	10.88
PTHR24305	13539.01	13079.99	4798.0	241.35	182.61
PTHR10476	3716.0	3632.54	1893.58	70.0	52.96
PTHR11538	4773.0	4689.54	4545.0	142.5	107.81
PTHR24290	5611.85	5444.96	884.0	25.59	19.36
PTHR23413	1235.07	1151.62	32658.43	2851.99	2157.68
PTHR23417	1889.28	1805.82	545.0	44.66	33.79
PTHR23415	1625.0	1583.27	406.91	17.41	13.17
PTHR10871	1421.0	1337.54	32324.28	3255.47	2462.93
PTHR10877	6376.77	6084.8	699.0	26.88	20.35
PTHR11879	6160.55	6035.36	6502.07	202.53	153.22
PTHR24316	9200.93	8950.55	11863.01	478.39	361.91
PTHR31096	6861.25	6736.06	1047.0	30.41	23.02
PTHR31098	6111.0	6027.54	1750.0	37.85	28.64
PTHR11655	3193.81	3068.62	34526.3	2764.08	2091.16
PTHR11652	1951.0	1825.81	30630.59	3426.4	2592.24
PTHR10436	8768.99	8393.44	1100.0	79.41	60.08
PTHR20883	6095.58	5928.67	977.0	44.12	33.38
PTHR11895	9802.93	9552.56	3598.23	101.82	77.03
PTHR10277	6785.09	6701.63	7149.94	155.92	117.97
PTHR14027	2202.7	2160.97	846.0	26.48	20.03
PTHR12049	4721.75	4554.83	540.0	30.31	22.92
PTHR24095	7492.25	7200.31	18607.0	441.49	334.03
PTHR23180	9216.68	8882.89	6036.77	215.17	162.79
PTHR14593	2981.98	2856.79	391.51	24.71	18.7
PTHR11093	2422.86	2381.13	1329.06	37.74	28.55
PTHR11096	2161.05	2077.59	329.0	22.51	17.03
PTHR23346	8850.81	8725.62	1543.0	26.8	20.28
PTHR10309	2059.0	2017.27	1020.0	34.21	25.88
PTHR11252	2405.91	2322.46	1185.0	70.97	53.7
PTHR11254	19637.22	19011.29	3740.83	153.85	116.41
PTHR11255	4284.0	4200.54	1108.0	30.95	23.42
PTHR14110	5033.0	4866.08	5073.49	244.18	184.74
PTHR14374	1623.0	1581.27	65.0	2.78	2.11
PTHR18838	2149.09	2107.36	920.0	29.53	22.34
PTHR12687	3295.08	3211.64	1436.0	38.13	28.85
PTHR15157	4945.72	4737.1	1008.77	51.48	38.95
PTHR18901	10811.29	10519.23	5138.01	180.81	136.79
PTHR12755	810.0	768.27	118.0	10.45	7.91
PTHR12750	6993.47	6617.91	881.0	87.24	66.01
PTHR12753	1132.0	1090.27	225.0	14.01	10.6
PTHR15574	6918.85	6585.07	555.33	43.15	32.64
PTHR24007	1664.0	1580.54	162.0	12.82	9.7
PTHR13931	8122.34	7913.69	1562.0	53.72	40.64
PTHR31811	1601.0	1517.54	99.0	8.91	6.75
PTHR12358	4740.11	4489.84	236.0	21.28	16.11
PTHR22748	3782.95	3616.03	428.99	31.62	23.92
PTHR12356	3120.0	2994.84	173.0	8.84	6.68
PTHR12221	1667.69	1584.23	706.0	55.91	42.3
PTHR12226	1327.0	1285.27	995.0	52.49	39.71
PTHR19876	5525.0	5399.81	2639.02	95.95	72.58
PTHR19877	2683.0	2599.54	28977.79	1363.81	1031.78
PTHR31190	9040.0	8873.09	2777.0	51.33	38.82
PTHR13803	7022.0	6855.08	2374.36	64.03	48.43
PTHR12537	1455.0	1413.27	251.0	12.03	9.11
PTHR12532	2379.0	2337.27	293.0	8.48	6.41
PTHR13486	1307.0	1265.27	119.0	6.38	4.82
PTHR20275	2350.05	2266.63	821.0	37.75	28.56
PTHR13489	600.0	558.27	15.0	1.84	1.39
PTHR17583	4483.68	4233.31	300.0	30.41	23.02
PTHR13572	1602.0	1560.27	94.0	4.08	3.09
PTHR24198	25732.7	25023.34	4160.99	170.18	128.75
PTHR10048	3303.0	3094.38	430.0	32.86	24.85
PTHR10046	5200.37	4991.74	1225.84	73.75	55.8
PTHR10044	3746.78	3621.59	538.0	27.54	20.84
PTHR13060	1320.0	1278.27	141.0	7.48	5.66
PTHR10687	1305.52	1263.79	853.0	45.77	34.62
PTHR13069	1923.08	1797.91	241.0	27.75	20.99
PTHR13068	6538.92	6413.73	829.79	23.1	17.48
PTHR10682	1088.0	1046.27	218.0	14.15	10.7
PTHR10683	6674.18	6507.26	12874.18	439.71	332.66
PTHR12829	1279.0	1237.27	32.0	1.75	1.33
PTHR12820	2659.0	2575.54	317.0	16.69	12.64
PTHR12826	1629.0	1587.27	684.0	29.18	22.08
PTHR12827	4007.0	3756.66	128.03	12.49	9.45
PTHR17920	2042.0	1958.54	189.0	11.46	8.68
PTHR10137	2088.0	2046.27	787.99	26.05	19.71
PTHR11405	11170.84	10962.21	14108.61	355.3	268.8
PTHR11404	3534.87	3451.41	13583.01	576.47	436.13
PTHR11406	3803.24	3719.78	55922.65	1951.33	1476.28
PTHR13468	1510.25	1426.84	120.0	10.59	8.01
PTHR23406	13363.34	12987.81	4799.7	137.24	103.84
PTHR10869	25098.73	24305.88	6290.32	296.45	224.27
PTHR31717	486.0	444.27	78.0	12.03	9.1
PTHR13393	461.93	420.21	52.0	8.49	6.42
PTHR12696	5695.43	5653.7	2056.98	24.55	18.58
PTHR11315	2793.34	2709.89	2322.02	122.87	92.97
PTHR10139	2069.51	1986.05	112.0	7.73	5.86
PTHR10956	1320.0	1194.85	20156.15	2422.13	1832.46
PTHR10263	3898.0	3814.54	3848.96	119.31	90.27
PTHR31155	5909.0	5700.36	10129.49	251.28	190.1
PTHR32170	2626.64	2501.45	243.0	19.17	14.5
PTHR23350	1299.0	1257.27	109.0	5.88	4.45
PTHR23354	5215.85	5090.66	751.0	21.53	16.29
PTHR23355	8939.74	8689.36	2016.0	67.26	50.89
PTHR23359	12002.3	11710.24	5367.96	227.66	172.23
PTHR11227	3208.53	3083.37	753.0	48.49	36.69
PTHR11220	8021.99	7688.17	4228.17	236.68	179.05
PTHR11223	6129.43	6004.25	1516.0	43.06	32.58
PTHR11229	1921.0	1837.54	4361.24	336.8	254.81
PTHR10314	17826.96	17409.66	25042.38	970.22	734.02
PTHR14303	1079.0	1037.27	299.0	19.57	14.81
PTHR11139	31740.68	31031.31	3571.58	100.29	75.87
PTHR15362	1237.34	1195.61	161.0	9.13	6.91
PTHR11132	33837.04	32960.92	9824.86	345.26	261.18
PTHR11134	5907.59	5740.67	2549.38	126.45	95.66
PTHR32374	5171.94	5005.03	3734.22	147.41	111.52
PTHR31579	15519.02	15310.38	11357.08	183.19	138.59
PTHR32379	857.71	815.98	339.0	28.26	21.38
PTHR18919	4242.0	4116.81	2370.0	84.6	64.0
PTHR32002	3228.24	3061.43	377.0	34.28	25.93
PTHR21368	1967.0	1883.54	4040.01	284.04	214.88
PTHR10778	5771.72	5646.53	2281.0	82.43	62.36
PTHR13789	24753.19	24043.77	5279.96	177.97	134.65
PTHR12786	2970.56	2887.1	1776.7	95.18	72.01
PTHR11706	5457.6	5248.95	1151.0	56.84	42.99
PTHR12782	1320.0	1236.54	340.0	37.21	28.16
PTHR11742	5136.29	5011.1	562.0	24.74	18.72
PTHR24188	6545.18	6294.8	1010.06	48.91	37.0
PTHR21213	1168.0	1126.27	1802.0	108.57	82.14
PTHR10182	2847.96	2806.23	845.0	20.35	15.4
PTHR13923	3487.67	3404.21	2135.92	94.43	71.45
PTHR12321	3659.0	3575.54	882.0	33.11	25.05
PTHR12320	15760.36	15509.98	6791.57	172.09	130.18
PTHR12323	824.0	782.27	58.0	5.05	3.82
PTHR16201	2936.0	2810.81	448.0	23.4	17.69
PTHR21015	3311.72	3228.29	427.0	17.74	13.42
PTHR16196	1922.66	1839.29	454.46	30.21	22.86
PTHR20855	6231.0	6147.54	2152.01	48.14	36.42
PTHR16193	2699.98	2616.52	201.0	8.39	6.35
PTHR22792	6316.86	6149.95	3702.98	135.33	102.38
PTHR22790	1347.95	1306.22	583.0	30.26	22.89
PTHR21680	2234.0	2192.27	478.0	14.75	11.16
PTHR14152	1826.0	1742.54	307.0	23.94	18.11
PTHR21689	2779.0	2695.54	83.0	3.93	2.97
PTHR21113	10803.76	10595.11	586.0	17.65	13.35
PTHR19316	4871.1	4787.65	5643.0	176.5	133.53
PTHR21663	3825.99	3659.08	346.0	26.26	19.86
PTHR13253	13177.09	12718.06	9800.65	625.19	472.99
PTHR12446	2496.0	2370.82	639.0	37.15	28.11
PTHR21206	1034.66	992.93	85.0	5.81	4.4
PTHR10072	3810.12	3684.93	909.99	67.96	51.42
PTHR10071	6562.51	6270.46	2189.89	68.51	51.84
PTHR13780	13312.27	13020.16	14475.62	526.16	398.08
PTHR10677	1472.0	1430.27	747.94	35.43	26.81
PTHR13078	7411.41	7161.06	12106.63	430.59	325.75
PTHR11693	3271.0	3187.54	44305.79	1742.64	1318.39
PTHR12815	5458.0	5332.81	3158.36	96.58	73.07
PTHR12814	1516.0	1432.54	249.08	23.69	17.91
PTHR24361	15088.96	14504.85	878.0	45.54	34.45
PTHR24362	25325.55	24282.34	3338.92	112.48	85.08
PTHR10416	2034.0	1992.27	463.0	15.72	11.9
PTHR10410	5724.0	5557.08	3594.9	149.27	112.93
PTHR10783	8511.59	8136.05	5108.95	302.27	228.67
PTHR10782	2765.0	2639.82	307.0	21.73	16.43
PTHR13476	1688.0	1604.54	399.0	35.91	27.17
PTHR10788	8671.5	8546.31	3487.91	83.39	63.1
PTHR10891	22675.22	21965.81	17368.58	729.57	551.97
PTHR10890	3645.0	3519.81	659.0	37.56	28.41
PTHR20426	680.0	638.27	73.0	7.8	5.9
PTHR23213	2570.0	2486.54	89.0	4.38	3.31
PTHR10520	6490.18	6281.57	5309.01	209.78	158.71
PTHR10250	619.04	577.31	281.0	33.23	25.14
PTHR22854	4112.0	3986.81	2466.0	110.4	83.52
PTHR10527	12192.57	12025.65	6891.0	131.03	99.14
PTHR31384	2223.0	2181.27	354.0	10.98	8.3
PTHR10098	3258.02	3132.84	2883.0	112.14	84.85
PTHR10091	4507.5	4340.63	1921.35	171.59	129.81
PTHR31142	2244.0	2202.27	2379.04	73.06	55.28
PTHR31140	7081.0	6955.81	3623.32	95.95	72.59
PTHR31412	4658.86	4575.4	1523.26	44.0	33.29
PTHR11787	1449.0	1323.83	276.0	46.05	34.83
PTHR11785	28307.39	27764.92	13966.46	333.57	252.36
PTHR11782	8527.62	8277.24	1094.0	49.58	37.52
PTHR31419	4070.0	3944.81	162.0	7.68	5.82
PTHR11780	2190.71	2148.98	7514.98	236.53	178.95
PTHR21141	3064.98	2939.79	92745.41	10530.42	7966.78
PTHR32148	10055.99	9805.61	56681.28	3815.31	2886.48
PTHR23324	10680.7	10430.32	1158.9	45.28	34.26
PTHR23327	2412.0	2245.13	95.0	7.76	5.88
PTHR23326	3907.05	3781.86	1952.19	102.25	77.35
PTHR23321	630.0	588.27	4267.0	495.08	374.55
PTHR23323	8768.91	8518.53	1443.0	58.09	43.94
PTHR23322	2617.79	2492.6	1090.0	65.29	49.39
PTHR23329	2167.52	2084.06	353.0	19.12	14.47
PTHR11236	6003.31	5752.94	693.0	33.93	25.66
PTHR20932	4566.76	4483.3	2378.04	71.5	54.09
PTHR10322	11073.1	10572.4	966.98	52.02	39.34
PTHR11239	5990.93	5865.74	1789.04	68.34	51.7
PTHR10803	4054.94	3971.48	2240.13	82.89	62.71
PTHR31964	12793.9	12460.06	12810.63	585.97	443.31
PTHR23030	2309.81	2268.08	548.0	16.34	12.36
PTHR11129	2240.0	2156.55	811.0	37.34	28.25
PTHR11122	5128.57	4961.65	5262.04	303.54	229.64
PTHR15316	4873.09	4664.45	2511.01	170.9	129.3
PTHR11127	627.0	585.27	20601.71	2402.7	1817.76
PTHR11125	2889.0	2847.27	384.0	9.11	6.9
PTHR31566	2666.0	2540.81	923.0	73.17	55.36
PTHR31567	1776.0	1734.27	3290.0	128.42	97.16
PTHR31561	24306.37	23430.12	23287.82	1010.31	764.32
PTHR30615	1475.0	1391.54	196.0	19.73	14.93
PTHR15137	1424.26	1340.81	120.0	10.95	8.29
PTHR22938	2749.7	2624.51	298.0	23.42	17.72
PTHR15952	2978.0	2852.81	382.0	24.74	18.71
PTHR21319	4833.87	4625.24	629.0	46.59	35.25
PTHR11482	12003.92	11711.87	18710.13	483.3	365.64
PTHR13887	1547.0	1505.27	160.0	7.2	5.45
PTHR19271	2599.99	2474.81	528.0	42.39	32.07
PTHR21228	89299.41	86253.41	22511.73	842.93	637.68
PTHR11361	19512.76	18803.43	1626.0	73.01	55.23
PTHR13343	5810.95	5685.76	2189.0	70.32	53.21
PTHR12029	11831.22	11247.03	1084.05	93.43	70.68
PTHR21220	719.0	677.27	32.0	3.22	2.44
PTHR22780	8490.39	8281.74	1177.95	42.93	32.48
PTHR21477	4600.0	4516.54	929.51	26.56	20.09
PTHR19308	6415.0	6331.54	6620.52	96.34	72.88
PTHR16301	2410.87	2327.42	495.61	29.7	22.47
PTHR22870	21247.16	20454.35	4421.01	171.32	129.63
PTHR17630	6919.0	6710.4	3216.0	129.31	97.85
PTHR10064	578.0	536.27	22046.37	2809.18	2125.29
PTHR10066	10662.64	10328.89	1144.0	49.74	37.63
PTHR10060	1406.0	1322.54	129.0	13.08	9.9
PTHR10663	16512.15	16053.14	4154.0	183.94	139.17
PTHR10666	9378.42	9044.59	67093.92	3871.39	2928.9
PTHR10668	15807.4	15431.98	3130.0	150.39	113.78
PTHR12265	2397.16	2313.7	3343.98	153.67	116.26
PTHR12801	7419.08	7210.43	4749.72	142.37	107.72
PTHR12802	4616.73	4324.72	378.0	31.57	23.88
PTHR12805	1436.53	1353.07	210.0	20.85	15.78
PTHR12806	764.0	722.27	51.0	4.81	3.64
PTHR21091	17352.81	16977.25	6958.01	247.67	187.37
PTHR21090	1474.06	1432.33	1281.0	60.6	45.85
PTHR24315	1237.0	1195.27	457.0	25.93	19.62
PTHR24314	5461.72	5336.53	959.0	36.58	27.68
PTHR11933	2171.63	2046.44	187.0	16.89	12.78
PTHR11932	7954.76	7746.13	5103.04	158.69	120.05
PTHR11426	2717.0	2591.82	9092.97	537.14	406.38
PTHR11937	10385.0	10009.44	8132.26	309.34	234.01
PTHR11938	15609.05	15400.4	7575.02	147.2	111.38
PTHR31057	3508.89	3383.7	471.0	30.39	23.0
PTHR13683	5300.12	5133.2	2986.99	138.37	104.69
PTHR24089	67041.34	64996.6	55617.5	2213.24	1674.42
PTHR10796	4159.14	4075.68	603.0	18.45	13.96
PTHR10794	4085.7	3918.78	473.0	28.22	21.35
PTHR10795	56483.89	55190.31	8346.02	245.95	186.06
PTHR10792	720.0	678.27	26598.19	2672.29	2021.72
PTHR10799	46443.11	44398.5	3992.35	280.41	212.2
PTHR10882	1399.0	1357.27	195.0	9.74	7.37
PTHR10887	37702.59	36492.49	6403.47	205.49	155.47
PTHR11686	1921.68	1838.22	242.0	18.11	13.7
PTHR11685	6600.57	6350.23	1882.32	66.74	50.49
PTHR11680	6690.0	6564.81	7488.28	210.86	159.53
PTHR24221	25897.91	25313.73	3247.27	123.39	93.37
PTHR24220	7098.75	6806.66	1599.0	136.51	103.28
PTHR24223	31856.18	31146.83	5187.91	208.79	157.96
PTHR11689	13906.59	13697.94	1461.12	33.36	25.23
PTHR10252	3450.0	3324.82	515.15	25.78	19.51
PTHR13082	1710.0	1668.27	942.01	38.23	28.92
PTHR13124	1131.0	1047.55	221.0	25.71	19.45
PTHR31173	5282.11	5073.46	663.0	44.06	33.32
PTHR12538	693.0	651.27	40885.87	4279.91	3237.96
PTHR31606	1901.42	1859.69	1682.0	61.21	46.31
PTHR31356	4608.48	4483.39	11829.13	445.09	336.72
PTHR31352	2705.0	2621.54	639.0	32.57	24.65
PTHR31350	6212.2	6003.55	1508.79	61.71	46.69
PTHR11758	1501.0	1417.54	18739.71	1658.81	1254.98
PTHR23333	667.0	625.27	344.0	37.52	28.39
PTHR11751	23639.1	22971.48	13185.64	477.56	361.28
PTHR11753	2150.0	2024.81	469.0	48.47	36.67
PTHR11752	35259.61	34550.23	5805.0	136.91	103.59
PTHR24423	7660.77	7493.87	1433.0	44.41	33.6
PTHR11206	21325.67	20783.21	2040.0	91.56	69.27
PTHR11757	11617.59	11242.06	3406.96	156.54	118.42
PTHR24420	90179.22	87884.22	18294.67	564.37	426.98
PTHR10332	8954.28	8703.91	2482.67	106.1	80.28
PTHR14145	2320.19	2278.46	1150.0	34.13	25.82
PTHR17695	4820.0	4527.9	518.0	49.08	37.12
PTHR13600	6081.75	5873.1	6599.94	265.19	200.64
PTHR12363	8692.23	8400.13	1153.0	54.76	41.42
PTHR23029	12628.1	12252.55	3575.13	146.85	111.08
PTHR23023	8106.74	7814.63	929.0	71.23	53.89
PTHR31385	3846.71	3721.52	222.0	13.38	10.12
PTHR21294	1328.0	1286.27	348.0	18.34	13.88
PTHR11119	5859.29	5692.37	1831.0	76.8	58.11
PTHR31595	4505.2	4296.55	341.0	22.01	16.66
PTHR31596	1691.12	1607.66	95.0	8.02	6.07
PTHR15948	803.0	761.27	62.0	5.54	4.19
PTHR32026	2234.65	2192.92	182.0	5.61	4.25
PTHR31829	1491.0	1449.27	7564.07	353.63	267.54
PTHR14898	2713.46	2630.0	838.0	48.69	36.84
PTHR19241	49713.87	48628.9	35264.7	747.47	565.48
PTHR14894	1627.0	1543.54	235.0	20.67	15.64
PTHR15239	6345.0	6136.37	915.0	42.75	32.34
PTHR32497	4927.0	4801.81	795.0	30.47	23.05
PTHR12497	3757.0	3631.82	915.0	28.95	21.9
PTHR12302	4056.0	4014.27	5899.01	99.23	75.07
PTHR12304	2459.0	2375.54	177.78	9.91	7.5
PTHR30540	3831.0	3539.01	42.0	4.02	3.04
PTHR30544	5729.81	5479.45	1411.0	77.5	58.63
PTHR13302	1102.0	1018.55	159.0	20.36	15.4
PTHR12472	2314.6	2231.14	121.0	6.8	5.15
PTHR13308	3813.05	3687.86	6155.03	264.66	200.23
PTHR12477	5977.0	5810.08	1068.0	61.31	46.38
PTHR13878	20344.16	19843.44	2448.0	87.03	65.85
PTHR21461	1816.0	1774.27	208.0	7.94	6.0
PTHR13872	7370.0	7161.35	37849.27	1767.01	1336.83
PTHR22849	6098.08	5806.03	1019.0	74.01	56.0
PTHR21314	2252.0	2168.54	340.0	22.83	17.27
PTHR13271	31662.69	30577.76	5334.0	235.24	177.99
PTHR22841	6964.07	6797.16	7709.99	209.56	158.54
PTHR22847	51525.45	49814.78	7532.61	330.48	250.07
PTHR22844	14776.04	14233.58	1348.23	53.53	40.5
PTHR23284	1064.0	1022.27	222.0	14.75	11.16
PTHR21266	18540.21	17872.71	9111.87	279.43	211.41
PTHR12271	4640.0	4473.08	317.0	19.52	14.76
PTHR12277	5288.67	5121.75	2349.97	124.54	94.23
PTHR12276	2338.98	2213.8	320.0	31.96	24.19
PTHR10657	2599.0	2515.54	1342.0	70.98	53.7
PTHR10655	2716.0	2632.54	1114.0	73.81	55.84
PTHR10652	1817.0	1733.54	307.0	23.4	17.7
PTHR17972	2125.62	2000.43	213.0	21.72	16.44
PTHR10751	10020.51	9853.61	2001.0	49.54	37.48
PTHR21085	2658.0	2616.27	3126.72	80.78	61.12
PTHR11922	5538.9	5372.01	3811.0	157.55	119.19
PTHR10438	39091.9	38173.86	40836.34	1778.03	1345.17
PTHR11926	13392.95	13017.39	1415.99	64.59	48.87
PTHR11431	1943.22	1859.76	6273.0	449.72	340.24
PTHR10430	5262.08	5095.16	16617.91	805.73	609.58
PTHR10434	1274.0	1232.27	464.99	25.59	19.36
PTHR24096	20092.7	19466.81	4754.01	243.42	184.16
PTHR13693	6379.78	6212.86	1509.0	54.66	41.37
PTHR13691	2526.0	2442.54	227.0	15.87	12.01
PTHR24092	11285.79	11118.87	6813.35	100.7	76.19
PTHR24093	61519.15	59725.22	27272.01	976.83	739.02
PTHR22936	5823.6	5656.68	847.0	39.19	29.65
PTHR13451	2071.54	1988.08	157.0	9.58	7.25
PTHR13452	1835.0	1751.54	642.0	53.74	40.65
PTHR10759	1126.0	1084.27	20523.34	1284.7	971.94
PTHR12901	3692.0	3650.27	292.0	5.4	4.09
PTHR12903	1872.0	1788.54	5364.56	374.31	283.18
PTHR13992	1355.0	1271.54	132.0	15.04	11.37
PTHR23237	504.0	462.27	458.0	67.84	51.32
PTHR10501	5383.0	5341.27	4397.0	55.56	42.04
PTHR31169	1987.0	1903.54	127.0	9.22	6.98
PTHR14087	544.0	502.27	43.0	5.86	4.43
PTHR23309	5027.0	4943.54	2309.0	52.56	39.76
PTHR23308	6521.67	6229.63	6819.84	229.66	173.74
PTHR31344	3934.0	3892.27	346.0	6.0	4.54
PTHR31619	2306.0	2264.27	6999.55	209.06	158.16
PTHR23306	2138.0	2096.27	294.0	9.49	7.18
PTHR23305	8628.44	8461.52	5049.97	203.16	153.7
PTHR14089	1412.29	1370.56	159.0	7.86	5.95
PTHR11748	7130.89	6880.52	2311.99	125.43	94.88
PTHR11214	1460.14	1418.41	769.02	36.74	27.79
PTHR11216	5737.0	5570.08	998.0	49.78	37.66
PTHR11210	2049.67	1966.26	1770.03	105.0	79.44
PTHR14154	14032.79	13615.49	5975.55	313.73	237.35
PTHR14155	7248.36	6956.26	1528.0	121.73	92.08
PTHR10343	3019.0	2935.54	1039.0	46.85	35.45
PTHR11699	12296.18	11962.38	4481.23	202.86	153.48
PTHR11692	2700.0	2658.27	2264.0	57.57	43.55
PTHR12403	2776.83	2693.36	705.0	35.16	26.6
PTHR11695	25510.62	24759.51	8494.81	350.4	265.09
PTHR31760	563.22	521.5	206.0	27.0	20.43
PTHR31906	11743.75	11368.2	2897.53	134.07	101.42
PTHR21419	1793.68	1751.95	561.62	21.7	16.42
PTHR23012	22121.21	21620.5	20580.64	569.89	431.14
PTHR11101	10042.0	9791.64	5771.79	123.64	93.53
PTHR11102	5135.96	5010.77	1978.0	74.85	56.62
PTHR11106	2265.8	2182.34	1257.0	87.46	66.17
PTHR31585	4587.08	4420.16	729.99	44.55	33.7
PTHR32125	2226.0	2142.54	2397.01	143.13	108.28
PTHR31588	667.0	625.27	27.0	2.95	2.23
PTHR32120	1551.62	1468.16	278.0	25.13	19.01
PTHR10288	16218.02	15967.63	24540.37	514.62	389.34
PTHR15680	640.0	598.27	2973.28	339.14	256.58
PTHR11374	2435.45	2393.72	2413.98	68.19	51.59
PTHR11808	10558.73	10350.11	7229.12	183.34	138.7
PTHR24347	8987.0	8653.17	2909.85	147.61	111.67
PTHR18895	3532.63	3407.44	583.0	26.94	20.39
PTHR12486	773.0	689.58	18.0	3.87	2.93
PTHR21262	5090.79	4965.6	352.0	14.78	11.19
PTHR12480	3697.53	3488.93	186.0	12.27	9.28
PTHR12482	3251.82	3084.91	152.0	10.73	8.12
PTHR11042	6536.0	6285.65	453.0	22.82	17.26
PTHR12317	16070.35	15778.25	5013.24	118.71	89.83
PTHR12649	1308.0	1266.27	222.0	11.89	8.99
PTHR12461	6500.54	6125.03	595.0	51.14	38.7
PTHR12466	2320.0	2236.54	436.0	25.16	19.04
PTHR13847	13275.18	12607.62	4539.25	223.99	169.48
PTHR12000	3030.15	2904.96	1064.95	80.61	60.99
PTHR12001	8243.0	8117.81	4121.96	96.97	73.37
PTHR21327	4602.04	4435.12	1544.0	106.56	80.63
PTHR21631	6093.25	5926.33	13669.27	599.31	453.4
PTHR22855	11057.84	10849.19	14293.71	397.36	300.63
PTHR22850	11545.56	11170.07	4136.17	152.88	115.66
PTHR22504	3723.86	3682.13	1748.0	32.06	24.26
PTHR12965	2914.0	2872.27	267.0	6.28	4.75
PTHR22915	13123.87	12790.04	3251.99	104.35	78.96
PTHR21256	3134.89	3051.43	2965.42	127.93	96.79
PTHR12266	6455.56	6288.64	956.03	34.02	25.75
PTHR10648	4814.0	4688.81	2065.0	61.94	46.85
PTHR10641	22930.37	22095.79	2092.28	119.89	90.68
PTHR19842	1239.0	1197.27	267.0	15.13	11.44
PTHR10644	10763.2	10596.28	2513.0	48.9	36.99
PTHR12864	5095.74	4887.12	550.0	31.14	23.56
PTHR12860	2002.74	1961.01	1140.0	39.33	29.76
PTHR13194	1565.0	1523.27	353.0	15.7	11.88
PTHR13190	4542.13	4458.67	401.0	16.22	12.27
PTHR13193	1279.0	1237.27	191.0	10.47	7.92
PTHR23416	4265.0	4139.81	1652.0	82.19	62.18
PTHR11913	2771.0	2729.27	797.0	19.74	14.93
PTHR11911	9617.0	9408.35	13438.64	545.58	412.78
PTHR11910	3328.0	3244.54	49692.05	2298.14	1738.66
PTHR14950	7296.24	6878.95	752.0	59.96	45.38
PTHR11918	6425.04	6258.12	1197.0	41.35	31.29
PTHR12919	1989.0	1905.54	5809.94	543.39	411.11
PTHR12910	1626.62	1543.16	1494.0	160.32	121.29
PTHR12917	1146.15	1104.42	205.0	12.6	9.53
PTHR15954	3044.63	3002.9	443.0	9.97	7.54
PTHR11351	7648.3	7481.38	763.5	16.43	12.43
PTHR11353	35197.13	34487.73	51435.29	1579.22	1194.76
PTHR11599	20522.4	19896.45	17051.73	874.41	661.53
PTHR10516	21142.88	20350.03	16412.48	981.28	742.38
PTHR11592	4810.0	4643.08	1794.01	125.45	94.91
PTHR13273	1055.0	1013.27	1497.42	100.35	75.92
PTHR31724	2545.82	2462.36	2485.01	119.95	90.74
PTHR13734	2273.0	2147.82	88.0	7.96	6.02
PTHR31620	6766.0	6640.81	10834.64	255.92	193.61
PTHR23315	31876.27	31000.03	5630.01	164.19	124.22
PTHR23316	3950.0	3908.27	4009.17	69.27	52.41
PTHR11778	4416.42	4332.96	9296.31	275.42	208.37
PTHR11774	2880.02	2796.56	713.0	34.23	25.89
PTHR11773	4364.0	4322.27	5097.01	79.62	60.24
PTHR11772	7674.06	7465.42	10163.12	398.73	301.65
PTHR10357	33660.75	33076.56	18218.65	394.52	298.48
PTHR10353	9286.93	9078.28	2388.0	86.39	65.36
PTHR10350	2520.0	2478.27	439.0	11.98	9.06
PTHR10351	3634.0	3550.54	7627.02	714.3	540.4
PTHR32557	1843.0	1801.27	3291.0	123.66	93.56
PTHR10359	2453.73	2286.81	210.0	27.03	20.45
PTHR32442	2505.0	2463.27	1488.5	40.85	30.91
PTHR31750	1088.0	1004.55	50.0	6.89	5.21
PTHR23418	672.17	630.44	889.0	96.17	72.76
PTHR14189	2233.0	2149.54	133.0	8.46	6.4
PTHR21021	1840.83	1715.81	247.0	29.79	22.54
PTHR32228	2194.0	2152.27	234.0	7.35	5.56
PTHR31245	2011.0	1969.27	1201.01	41.27	31.22
PTHR23001	2093.0	2009.54	2087.94	122.93	93.01
PTHR23002	1849.0	1723.82	163.0	21.06	15.94
PTHR30178	2163.0	2121.27	16099.32	513.37	388.39
PTHR22904	33969.33	32675.76	7632.97	348.13	263.36
PTHR11177	2857.37	2773.91	406.06	20.17	15.26
PTHR11178	4737.72	4612.53	2821.0	116.56	88.18
PTHR31808	1590.0	1506.54	238.0	21.11	15.97
PTHR31803	2858.0	2816.27	1244.0	29.85	22.58
PTHR11009	2466.0	2382.54	1088.26	56.43	42.7
PTHR10099	4329.0	4287.27	7801.8	122.87	92.96
PTHR19229	25120.79	24161.12	2862.27	169.96	128.61
PTHR11005	13288.07	12912.58	1982.28	94.53	71.51
PTHR11006	9473.7	9139.87	3562.99	144.95	109.68
PTHR18640	3689.44	3564.26	288.0	12.83	9.71
PTHR18866	22622.47	22246.9	266588.97	6101.48	4616.1
PTHR12022	1114.0	1072.27	4941.13	312.79	236.64
PTHR15074	2481.39	2397.93	136.0	7.62	5.76
PTHR15588	1171.58	1088.13	352.0	52.73	39.89
PTHR12677	12304.19	11970.44	3230.43	128.21	96.99
PTHR19134	3658.79	3533.62	1091.0	32.87	24.86
PTHR19139	10115.8	9865.48	28502.99	943.54	713.84
PTHR12456	1365.1	1281.65	75.01	7.26	5.49
PTHR12452	1273.59	1231.86	492.0	27.09	20.49
PTHR23240	2526.07	2400.88	91.0	7.22	5.46
PTHR19359	3112.0	2986.81	629.0	56.35	42.63
PTHR12072	4383.18	4216.26	492.0	29.16	22.06
PTHR13218	474.4	432.72	81.0	12.83	9.7
PTHR13215	1076.79	993.34	30.0	4.08	3.09
PTHR13213	3045.0	2919.81	871.0	57.99	43.88
PTHR12290	2649.82	2566.36	571.0	33.1	25.04
PTHR21530	6638.0	6471.08	837.0	32.87	24.87
PTHR12295	7678.86	7470.21	1153.0	45.26	34.23
PTHR12298	4108.27	3899.63	214.0	20.76	15.69
PTHR10638	8413.86	8288.67	3001.43	65.34	49.44
PTHR10631	2580.41	2496.98	1539.0	59.77	45.22
PTHR10984	2795.0	2753.27	644.0	15.81	11.96
PTHR12858	4471.46	4304.55	2175.0	118.99	90.03
PTHR13505	896.0	854.27	349.0	27.78	21.02
PTHR12856	916.22	874.49	88.0	6.84	5.18
PTHR12855	1441.54	1399.81	2619.99	126.83	95.95
PTHR12854	1107.0	1065.27	360.0	22.94	17.35
PTHR13182	1831.0	1747.54	826.0	64.45	48.76
PTHR10855	4232.0	4148.54	1538.0	50.17	37.95
PTHR10585	3146.36	3062.9	3164.0	139.02	105.17
PTHR10743	1674.9	1633.17	440.25	18.25	13.81
PTHR10742	26946.13	26236.72	10608.06	297.75	225.25
PTHR10745	3471.0	3429.27	1946.0	38.33	29.0
PTHR10744	3367.38	3242.19	28956.89	2427.36	1836.42
PTHR10746	3177.49	3094.03	8873.09	503.74	381.1
PTHR11099	4519.0	4477.27	946.1	14.27	10.79
PTHR12924	1706.0	1664.27	5770.0	234.75	177.6
PTHR11659	1687.33	1645.61	436.0	17.94	13.57
PTHR11349	4364.0	4155.35	20251.37	1788.19	1352.86
PTHR10566	40072.49	38862.37	6653.0	282.93	214.06
PTHR10293	3981.14	3814.22	3079.83	234.14	177.14
PTHR10291	4765.0	4598.09	1198.0	49.02	37.08
PTHR11584	9412.67	9162.29	2477.89	95.42	72.18
PTHR11586	2840.0	2714.81	805.86	62.84	47.55
PTHR11909	6804.51	6595.92	3809.59	175.85	133.04
PTHR24320	10009.93	9676.1	1901.0	95.32	72.12
PTHR24322	31059.95	30058.45	16492.52	717.09	542.52
PTHR11907	4259.28	4134.09	2399.0	98.74	74.71
PTHR11760	3309.0	3183.81	30501.68	2080.89	1574.29
PTHR11761	2766.0	2682.54	47095.22	5449.65	4122.93
PTHR11766	1735.0	1651.54	717.16	48.74	36.88
PTHR11767	3274.0	3190.54	82.0	3.87	2.93
PTHR10361	1496.59	1413.19	967.54	108.74	82.26
PTHR10366	32247.85	31371.53	22638.12	923.25	698.48
PTHR10169	7334.32	7084.21	965.27	49.24	37.24
PTHR10168	4649.0	4440.35	3437.14	209.04	158.15
PTHR20973	2307.53	2265.8	237.0	7.07	5.35
PTHR10165	6608.33	6441.41	1718.06	71.16	53.83
PTHR31032	1069.0	1027.27	546.0	36.09	27.3
PTHR23257	116185.37	111929.59	34638.22	1365.52	1033.08
PTHR23253	4889.88	4681.23	2718.02	202.05	152.87
PTHR14190	3697.0	3613.54	359.0	13.54	10.25
PTHR14194	5304.0	5137.08	1820.59	94.13	71.22
PTHR31251	20891.88	19848.75	5899.23	330.28	249.86
PTHR23074	12478.31	12019.28	1908.03	76.99	58.26
PTHR23077	14757.91	14215.48	5300.02	163.62	123.79
PTHR23076	28947.39	28446.63	22989.28	604.33	457.22
PTHR30239	1608.0	1566.27	767.0	33.17	25.09
PTHR23073	8277.0	8026.64	6112.11	287.47	217.49
PTHR23078	2898.0	2856.27	924.0	21.86	16.54
PTHR11165	1454.0	1412.27	5000.14	239.92	181.51
PTHR10772	2860.0	2734.81	9564.57	711.75	538.48
PTHR32100	9043.73	8793.39	85748.79	2391.65	1809.39
PTHR14445	3857.0	3648.43	523.0	45.76	34.62
PTHR23109	334.0	292.3	15.0	3.54	2.68
PTHR23102	3097.4	2972.31	915.99	69.06	52.24
PTHR23105	7757.3	7423.46	77910.09	4743.92	3589.0
PTHR11010	8841.04	8632.46	1280.0	66.47	50.29
PTHR11014	10384.73	10050.91	2327.94	116.86	88.4
PTHR12668	3656.36	3531.17	1230.19	54.37	41.13
PTHR12661	1383.0	1341.27	458.22	23.16	17.52
PTHR12663	7058.0	6891.08	1009.0	45.74	34.61
PTHR12664	1287.0	1245.27	244.0	13.29	10.05
PTHR16166	17654.02	16944.68	1015.0	45.55	34.48
PTHR12111	2949.0	2865.54	935.0	36.8	27.84
PTHR12447	1997.0	1913.54	116.0	8.09	6.12
PTHR15481	1382.0	1340.27	593.0	29.99	22.69
PTHR26379	3984.55	3901.09	3100.46	91.53	69.25
PTHR12599	2050.0	1966.54	2872.3	198.21	149.96
PTHR12596	7323.39	7114.74	1101.0	49.63	37.55
PTHR12590	4123.61	3998.43	5027.69	170.11	128.68
PTHR12066	2699.68	2449.52	106.0	18.87	14.28
PTHR12064	9357.98	8982.42	888.15	51.4	38.87
PTHR13226	3606.53	3481.34	194.0	10.24	7.75
PTHR13889	4423.0	4339.54	1773.0	49.92	37.77
PTHR21181	2785.7	2660.53	505.0	27.23	20.6
PTHR12412	3362.0	3320.27	618.0	12.57	9.51
PTHR12146	806.0	764.27	26642.98	2372.75	1795.11
PTHR10458	630.0	588.27	138.0	16.01	12.11
PTHR19306	4663.67	4580.21	2049.0	57.61	43.59
PTHR21506	1048.01	1006.28	219.0	14.78	11.18
PTHR12280	4918.0	4751.1	203.0	13.62	10.31
PTHR12281	2927.97	2844.51	1053.0	38.22	28.92
PTHR12286	5060.67	4893.75	515.74	24.28	18.38
PTHR30573	2874.0	2790.54	848.0	41.3	31.24
PTHR22983	7168.0	7001.08	542.0	22.42	16.96
PTHR22981	9314.82	9147.9	1810.7	63.4	47.97
PTHR30191	1271.0	1145.88	367.0	61.62	46.62
PTHR10629	11390.96	11057.15	2427.73	91.68	69.34
PTHR10994	5401.56	5234.64	2317.0	131.64	99.59
PTHR10996	12282.62	12032.24	9999.81	245.95	186.07
PTHR10625	19054.19	18469.97	5048.31	200.25	151.49
PTHR10992	55148.82	53604.85	13395.72	457.98	346.45
PTHR12848	2752.0	2668.54	377.0	19.03	14.4
PTHR12849	1819.52	1736.07	255.0	22.88	17.31
PTHR10943	7070.06	6861.41	2837.02	146.1	110.54
PTHR12847	4783.19	4616.27	2186.0	134.95	102.11
PTHR12841	1391.0	1349.27	385.0	19.34	14.63
PTHR21290	1005.15	963.43	36.0	2.54	1.92
PTHR21349	1093.0	1009.54	3471.44	413.73	313.0
PTHR21347	2000.0	1958.27	778.0	26.88	20.34
PTHR19861	1351.8	1310.07	387.0	20.03	15.15
PTHR21343	1928.01	1802.84	46.0	4.92	3.72
PTHR10196	5354.0	5187.09	389.0	20.2	15.28
PTHR10192	734.0	692.27	162.0	15.94	12.06
PTHR10755	4195.25	4111.79	4869.0	130.26	98.55
PTHR10758	4771.93	4688.51	2118.28	58.98	44.62
PTHR13152	1539.05	1497.32	7496.97	339.15	256.59
PTHR12932	4050.0	3966.54	187.0	6.34	4.8
PTHR12934	2424.99	2341.53	6278.0	445.43	336.99
PTHR13265	1182.0	1140.27	189.0	11.25	8.51
PTHR11800	4302.0	4218.54	1266.14	41.23	31.19
PTHR11802	14780.1	14321.13	5067.34	192.61	145.72
PTHR11804	15543.6	15126.31	6494.63	206.76	156.43
PTHR11807	1273.82	1232.09	60.0	3.3	2.5
PTHR10281	1854.71	1771.25	1223.82	95.1	71.95
PTHR10283	21008.76	20591.48	11658.92	334.09	252.76
PTHR10285	10404.55	10070.71	31829.29	1200.27	908.06
PTHR10286	3218.74	3093.55	42562.05	2434.61	1841.91
PTHR11579	7042.85	6917.66	1541.0	64.89	49.09
PTHR13718	4596.0	4470.81	36049.48	2154.51	1629.99
PTHR13711	6735.77	6485.45	6529.57	297.96	225.44
PTHR13710	13056.0	12596.98	363.0	22.24	16.81
PTHR11977	3278.99	3195.64	958.0	28.8	21.79
PTHR22970	2290.83	2207.37	483.01	30.1	22.78
PTHR11972	4217.0	4133.54	279.0	8.59	6.5
PTHR31480	1795.31	1753.58	373.0	14.4	10.89
PTHR31485	3869.0	3785.54	516.0	19.15	14.48
PTHR11715	1110.0	1068.27	6441.74	409.32	309.67
PTHR11717	3001.07	2834.18	1087.0	85.83	64.94
PTHR11711	11170.36	10878.26	9467.63	410.69	310.71
PTHR11712	7149.22	6982.35	7797.01	265.86	201.12
PTHR10374	3283.97	3200.51	3514.75	140.9	106.59
PTHR10178	33635.32	32842.5	53345.63	1074.33	812.78
PTHR20961	8878.3	8669.65	853.05	34.93	26.42
PTHR10173	8352.0	8101.62	6694.02	351.86	266.19
PTHR10177	28823.35	28280.88	13212.83	238.81	180.69
PTHR10174	9841.85	9633.2	21769.83	944.46	714.53
PTHR23249	3533.07	3449.61	1226.04	50.64	38.31
PTHR23244	25119.72	24493.82	5087.0	160.61	121.51
PTHR23245	1590.0	1506.55	104.01	9.03	6.83
PTHR14614	11154.43	10653.76	5813.0	247.43	187.21
PTHR31268	2684.0	2475.39	138.0	18.16	13.73
PTHR31262	1907.0	1823.54	455005.13	25777.21	19501.73
PTHR23063	4145.48	4020.31	486.0	22.95	17.35
PTHR11620	1353.0	1269.54	25900.34	2149.77	1626.41
PTHR11624	11872.61	11663.96	112234.39	3441.02	2603.3
PTHR11627	11459.0	11250.35	173348.44	6925.81	5239.7
PTHR26312	5122.43	4955.51	688.0	38.07	28.8
PTHR11390	6463.73	6255.08	567.0	23.39	17.7
PTHR31319	3436.0	3394.27	8172.05	162.64	123.04
PTHR14052	2394.0	2352.27	95.0	2.73	2.07
PTHR32118	1627.0	1585.27	1535.98	65.62	49.64
PTHR23117	3892.08	3725.22	912.0	53.5	40.47
PTHR23115	41443.62	40400.45	205474.8	6440.71	4872.73
PTHR11028	1997.0	1955.27	1010.0	34.95	26.44
PTHR11024	2743.0	2701.27	1033.01	25.85	19.55
PTHR15081	4259.18	4175.72	670.37	20.68	15.65
PTHR11777	6249.87	6124.68	5722.87	185.36	140.23
PTHR12616	2692.0	2608.54	102.0	4.74	3.59
PTHR12613	3935.24	3893.51	1134.74	19.68	14.89
PTHR12612	801.0	759.27	1338.03	119.95	90.75
PTHR32060	5002.89	4877.7	435.0	15.99	12.1
PTHR12126	4672.0	4588.54	3563.0	132.3	100.09
PTHR12124	4970.95	4762.53	648.0	59.08	44.7
PTHR22734	1557.0	1515.27	180.0	8.05	6.09
PTHR12121	10434.17	9975.2	1624.22	77.4	58.56
PTHR12438	849.75	808.02	33.0	2.78	2.1
PTHR15492	694.0	652.27	29.0	3.03	2.29
PTHR21426	2255.0	2213.27	412.18	12.6	9.53
PTHR21427	715.48	673.78	105.0	10.62	8.03
PTHR13161	2504.75	2463.01	270.06	7.41	5.61
PTHR19372	2029.79	1988.06	701.0	23.86	18.05
PTHR19370	5562.52	5395.6	2137.99	85.64	64.79
PTHR19376	6996.89	6829.97	1137.12	40.83	30.89
PTHR19375	15278.24	14819.27	49128.84	1478.99	1118.93
PTHR12050	1234.0	1192.27	255.0	14.51	10.98
PTHR12725	10710.78	10502.13	2666.09	82.74	62.59
PTHR22884	17945.68	17278.01	2488.29	136.87	103.55
PTHR22881	549.0	507.27	110.0	14.83	11.22
PTHR22880	6893.48	6559.71	1300.55	85.78	64.88
PTHR12542	2405.89	2322.43	623.57	36.34	27.49
PTHR12547	5382.58	5215.66	11898.6	432.15	326.93
PTHR12436	7277.15	7110.22	2414.59	123.19	93.21
PTHR21512	1121.0	1079.27	16.0	1.01	0.76
PTHR30508	3127.28	3002.11	2191.01	165.18	124.98
PTHR14744	1129.0	1087.27	111.0	6.93	5.24
PTHR30502	2904.5	2821.04	388.0	18.64	14.1
PTHR10617	11795.0	11544.62	12876.55	401.95	304.1
PTHR10615	7246.0	7120.81	1538.0	45.98	34.78
PTHR12189	1265.0	1223.27	119.0	6.6	4.99
PTHR13527	1137.0	1095.27	186.0	11.53	8.72
PTHR22958	3716.0	3674.27	8303.17	152.63	115.47
PTHR14534	651.0	609.27	40.0	4.48	3.39
PTHR22951	861.0	819.27	141.0	11.71	8.86
PTHR22950	42503.8	41418.93	16986.82	648.68	490.8
PTHR22953	13713.66	13505.02	2577.83	64.71	48.94
PTHR22952	5569.4	5360.75	5046.48	192.77	145.84
PTHR22957	15696.3	15195.54	1857.0	88.76	67.15
PTHR21600	4245.63	4162.17	3045.0	64.41	48.73
PTHR24056	11972.13	11513.16	2808.92	147.62	111.68
PTHR24054	3304.0	3220.54	2192.0	91.19	68.99
PTHR24055	7141.95	6849.84	1009.24	63.41	47.98
PTHR24058	1959.42	1875.96	163.0	13.49	10.21
PTHR10766	9130.53	8838.46	5252.01	247.1	186.96
PTHR10762	2338.0	2171.09	229.0	28.6	21.63
PTHR30031	8901.77	8484.52	3094.91	106.25	80.37
PTHR12945	1375.0	1291.55	145.96	15.64	11.83
PTHR12944	1544.69	1502.96	168.0	7.57	5.73
PTHR23163	3217.0	3175.27	1003.0	21.34	16.15
PTHR24128	6327.54	6077.16	829.01	47.29	35.77
PTHR13096	3653.0	3569.54	392.0	11.63	8.79
PTHR11364	3264.16	3138.97	1755.91	87.73	66.36
PTHR11365	5445.0	5361.54	753.0	18.19	13.76
PTHR10548	5114.35	4989.16	7458.54	287.57	217.56
PTHR11817	12427.59	12218.94	7185.39	184.0	139.21
PTHR11814	7645.09	7519.9	784.0	18.48	13.99
PTHR11363	1553.0	1511.27	33669.39	1509.18	1141.77
PTHR10543	11137.0	10844.91	2809.19	69.26	52.4
PTHR11819	15067.22	14858.57	6020.9	150.22	113.65
PTHR10544	627.0	585.27	21312.42	2485.59	1880.47
PTHR11562	1039.27	997.54	40.0	2.72	2.06
PTHR11566	11459.0	11250.35	6079.99	141.11	106.76
PTHR11567	5727.16	5518.62	723.88	48.92	37.0
PTHR11564	5605.0	5396.35	1010.59	67.86	51.34
PTHR11962	3804.18	3637.28	1088.12	65.72	49.72
PTHR11963	4260.0	4134.8	2306.79	75.78	57.33
PTHR10381	11755.78	11380.21	33303.12	1472.76	1114.23
PTHR10383	4081.0	4039.27	440.0	7.36	5.56
PTHR11705	6993.28	6826.37	1504.39	46.01	34.81
PTHR11702	11225.98	10933.87	3899.06	136.83	103.54
PTHR11700	1751.0	1667.54	42132.78	4338.82	3282.53
PTHR10388	1377.0	1335.27	7578.88	384.74	291.07
PTHR10145	5626.0	5542.54	1037.0	28.63	21.66
PTHR23273	4184.18	4100.72	631.0	18.58	14.05
PTHR23270	3344.08	3218.89	1394.01	67.41	51.0
PTHR23050	5477.18	5185.09	5607.28	405.12	306.48
PTHR23056	1982.29	1898.83	256.0	17.77	13.45
PTHR23054	1520.0	1478.27	232.0	10.63	8.04
PTHR11638	21286.32	20702.16	15986.64	357.84	270.71
PTHR31783	5095.0	4969.81	618.0	26.88	20.34
PTHR23291	9834.95	9626.3	8683.86	366.7	277.43
PTHR11630	9536.47	9244.37	568.0	24.75	18.72
PTHR11140	8583.0	8499.54	3174.82	51.07	38.63
PTHR11141	3596.0	3554.27	3037.0	57.71	43.66
PTHR11142	8639.49	8347.38	1638.0	93.32	70.59
PTHR11143	825.0	783.27	20759.32	1803.51	1364.45
PTHR11380	517.0	475.27	57.0	8.21	6.21
PTHR11384	5598.29	5473.11	1376.0	44.99	34.03
PTHR32477	2067.0	1941.81	106.0	10.74	8.13
PTHR14043	779.0	737.27	28.0	2.59	1.96
PTHR32472	2555.17	2429.98	209.0	16.49	12.48
PTHR31658	1140.0	1098.27	104.0	6.43	4.86
PTHR13890	9079.46	8703.89	1525.0	101.0	76.41
PTHR14269	2815.07	2689.9	464.0	31.21	23.62
PTHR22883	12854.95	12521.14	1435.0	50.76	38.41
PTHR23125	51096.22	49802.8	5022.0	151.32	114.5
PTHR19879	2642.97	2559.51	939.98	43.85	33.18
PTHR19211	22218.77	21467.68	281032.55	4747.06	3591.37
PTHR23338	1425.0	1383.27	2011.92	98.57	74.57
PTHR12608	2398.0	2314.54	661.04	38.2	28.9
PTHR12604	5223.37	5098.18	1302.0	55.36	41.88
PTHR12603	2877.93	2794.47	1374.41	55.75	42.18
PTHR32091	1854.13	1770.67	465.0	37.49	28.36
PTHR32098	5452.09	5160.0	494.0	40.06	30.32
PTHR18763	456.0	414.28	56.0	9.27	7.01
PTHR22726	2863.96	2738.77	496.61	31.34	23.71
PTHR22727	17248.84	16956.73	30073.9	773.17	584.94
PTHR12428	8871.11	8662.46	4385.55	168.83	127.74
PTHR18968	8372.79	8164.18	13815.55	355.0	268.57
PTHR14456	328.0	286.3	6.0	1.45	1.1
PTHR12730	3580.45	3496.99	527.0	20.71	15.67
PTHR12736	2292.33	2208.87	317.0	14.95	11.31
PTHR12735	5062.89	4895.97	2267.13	138.38	104.68
PTHR15020	13195.08	12861.24	9825.14	419.43	317.33
PTHR12558	5915.24	5706.59	405.0	24.27	18.36
PTHR12553	10017.08	9641.53	2997.99	119.88	90.69
PTHR10497	559.0	517.27	18923.5	2501.02	1892.14
PTHR10496	314.5	272.85	0.0	0.0	0.0
PTHR21569	2403.85	2278.67	22952.47	2343.39	1772.89
PTHR21567	5666.66	5499.73	202.0	10.8	8.17
PTHR13950	2223.0	2139.54	219.0	10.97	8.29
PTHR12133	2137.19	2053.73	188.0	12.75	9.64
PTHR10972	6076.67	5868.02	1595.72	91.78	69.44
PTHR21704	4725.74	4642.28	132.0	4.05	3.07
PTHR10606	1496.95	1455.22	759.97	35.38	26.77
PTHR13743	3598.0	3431.09	232.0	13.52	10.22
PTHR22942	9513.68	9263.31	838.0	41.4	31.32
PTHR13395	1710.12	1668.39	218.0	8.85	6.69
PTHR22891	7606.73	7481.59	5808.08	107.47	81.31
PTHR22893	3242.37	3117.18	907.0	34.37	26.01
PTHR24067	24084.18	23374.78	14261.89	638.04	482.69
PTHR24064	8873.95	8498.47	996.0	81.19	61.43
PTHR24063	38206.43	37121.47	24605.32	686.37	519.25
PTHR21011	1399.0	1357.27	866.0	43.25	32.72
PTHR25040	7975.24	7808.32	2908.86	114.62	86.72
PTHR10774	13771.54	13270.78	1242.93	77.65	58.73
PTHR24068	2860.03	2776.57	14044.52	564.59	427.14
PTHR19980	2565.0	2481.54	393.0	21.48	16.25
PTHR12959	2206.99	2040.1	272.0	34.43	26.06
PTHR24115	59268.33	57766.07	2767.44	72.26	54.65
PTHR10961	1453.27	1411.54	912.0	43.78	33.12
PTHR11825	8763.6	8513.24	4111.37	167.21	126.5
PTHR10809	624.34	582.69	1716.89	201.07	152.12
PTHR11822	2163.38	2121.65	1485.06	47.35	35.82
PTHR10555	4437.11	4311.92	1205.0	62.8	47.51
PTHR10806	1148.41	1106.68	722.0	44.27	33.5
PTHR10804	15421.96	15129.85	11716.6	415.1	314.03
PTHR11556	6271.0	6062.35	69331.25	2726.89	2063.04
PTHR11558	3449.0	3365.54	1669.0	67.15	50.8
PTHR13773	6459.0	6375.54	1555.99	36.86	27.88
PTHR10537	1533.05	1491.32	219.0	9.95	7.53
PTHR11953	2684.11	2600.65	410.02	18.7	14.15
PTHR11952	11366.45	11199.58	6735.26	97.73	73.94
PTHR11956	2330.0	2288.27	1372.97	40.57	30.7
PTHR11959	2497.0	2455.27	655.0	18.04	13.65
PTHR11739	5794.45	5669.26	6158.77	446.19	337.57
PTHR11732	27502.61	26584.68	5892.34	278.94	211.01
PTHR11731	12333.41	11999.7	2221.0	87.65	66.3
PTHR11730	10611.11	10360.74	2358.72	61.81	46.77
PTHR11735	2506.49	2339.59	178.0	21.24	16.07
PTHR10394	1003.0	961.27	46014.13	3251.74	2460.1
PTHR20941	3106.91	3065.18	138.0	3.04	2.3
PTHR10150	3594.94	3428.17	118.0	7.71	5.83
PTHR31065	11898.46	11689.83	9970.0	151.19	114.38
PTHR10159	17512.29	17094.99	6835.86	212.72	160.93
PTHR31066	504.0	462.27	1.0	0.15	0.11
PTHR13604	685.0	643.27	34.0	3.6	2.73
PTHR23264	3771.5	3646.31	798.04	43.17	32.65
PTHR23269	1768.0	1726.27	255.0	10.0	7.57
PTHR31204	1116.43	1074.7	315.0	19.89	15.05
PTHR31201	1253.0	1211.27	341.0	19.09	14.45
PTHR31209	2487.65	2362.47	305.0	24.28	18.36
PTHR11607	7693.48	7359.68	378.0	29.85	22.58
PTHR11606	6825.32	6700.13	44364.29	912.81	690.59
PTHR11601	9084.32	8833.94	2287.69	88.9	67.26
PTHR32467	21231.06	20396.57	3298.0	146.29	110.68
PTHR14255	9057.35	8723.54	818.0	40.79	30.84
PTHR31840	494.0	452.27	43.0	6.51	4.93
PTHR23130	9024.26	8815.65	1454.54	71.42	54.03
PTHR23133	951.0	909.27	358.0	26.76	20.24
PTHR23135	3694.95	3611.49	1060.0	39.17	29.64
PTHR23138	3330.0	3246.54	3269.32	163.84	123.95
PTHR23139	17632.86	17173.84	8869.28	381.21	288.4
PTHR31682	1731.0	1689.27	684.0	27.41	20.74
PTHR11040	4540.75	4332.16	915.0	75.66	57.25
PTHR11043	1331.0	1289.27	718.01	37.76	28.57
PTHR11048	10311.47	10061.08	10782.99	473.16	357.96
PTHR14005	2375.0	2333.27	1955.11	56.66	42.87
PTHR15818	760.0	718.27	80.0	7.59	5.74
PTHR12636	2740.0	2698.27	941.0	23.57	17.83
PTHR14490	1894.0	1768.83	165.0	18.71	14.16
PTHR14493	35302.09	33841.62	9416.1	397.72	300.89
PTHR15651	533.0	491.27	84.0	11.7	8.85
PTHR12380	4175.67	4008.75	1333.0	90.55	68.51
PTHR12385	1288.91	1247.18	2072.96	112.71	85.27
PTHR12706	10748.81	10248.11	907.0	42.52	32.18
PTHR12709	1491.01	1449.28	266.0	12.44	9.41
PTHR19957	6744.54	6535.89	3243.86	169.97	128.6
PTHR12561	777.0	735.27	20.0	1.85	1.4
PTHR12560	9532.14	9323.49	7358.71	156.84	118.67
PTHR11203	6699.99	6533.07	847.34	33.85	25.61
PTHR12097	6675.0	6591.54	2493.06	45.95	34.76
PTHR11200	11671.22	11295.67	3517.03	139.76	105.73
PTHR21576	12344.98	11927.69	1624.22	78.93	59.72
PTHR24193	6636.62	6261.1	2566.05	168.62	127.57
PTHR12419	6243.77	6035.15	1255.0	65.94	49.88
PTHR30525	1519.0	1477.27	2881.0	132.12	99.96
PTHR12413	2677.0	2510.09	184.0	20.8	15.73
PTHR12411	18023.62	17397.69	8857.92	485.48	367.32
PTHR23339	7521.0	7270.62	1813.32	86.76	65.63
PTHR12415	1324.0	1240.57	70.0	6.16	4.66
PTHR10947	1400.0	1316.55	257.0	25.66	19.41
PTHR21717	1926.44	1842.98	194.0	14.18	10.73
PTHR21712	3071.46	2988.0	718.0	35.56	26.9
PTHR12897	2845.05	2761.59	12847.74	388.81	294.15
PTHR12894	4394.0	4185.37	286.0	24.47	18.5
PTHR12891	1482.0	1440.27	61.0	2.87	2.17
PTHR22976	11510.02	11259.64	11936.79	274.55	207.72
PTHR22975	4373.0	4247.81	1348.71	52.68	39.85
PTHR20922	2611.47	2486.28	665.0	47.09	35.63
PTHR21377	2722.12	2638.66	1215.23	64.75	48.98
PTHR21371	2411.0	2369.27	27311.73	779.45	589.7
PTHR21373	3556.24	3389.33	551.0	30.11	22.78
PTHR22573	11334.8	11126.15	5727.37	197.29	149.27
PTHR22572	11994.91	11619.34	13939.47	645.89	488.65
PTHR30566	3771.46	3646.4	905.81	55.09	41.68
PTHR21000	2793.0	2751.27	10246.62	251.71	190.43
PTHR10701	2181.0	2097.54	1699.0	109.91	83.15
PTHR13162	8129.0	7962.08	3017.83	104.8	79.28
PTHR13165	3720.33	3678.59	1771.0	32.52	24.6
PTHR21396	523.0	481.27	79.0	11.23	8.5
PTHR12459	1442.0	1400.27	225.0	10.89	8.24
PTHR10681	12602.47	12310.36	5258.6	228.9	173.18
PTHR24106	10011.69	9552.68	466.97	33.96	25.69
PTHR24103	2825.46	2742.0	897.0	35.78	27.07
PTHR11540	3751.11	3667.65	20892.58	862.94	652.85
PTHR10836	2729.0	2645.54	118643.4	4856.89	3674.48
PTHR10835	3203.0	3161.27	520.0	11.11	8.41
PTHR11545	3658.0	3532.81	31535.22	2596.69	1964.52
PTHR10012	911.92	870.19	359.0	28.05	21.22
PTHR13768	1596.52	1513.07	371.0	33.33	25.21
PTHR24078	7565.0	7272.94	568.0	32.31	24.45
PTHR11946	26399.93	25732.25	12421.75	469.84	355.45
PTHR11947	6601.24	6392.6	3689.35	113.53	85.89
PTHR11941	9463.56	9129.72	3029.0	154.94	117.22
PTHR24072	1846.0	1762.54	179.0	13.85	10.48
PTHR24073	20468.31	19800.64	15543.98	700.85	530.22
PTHR10491	1533.39	1449.93	79.0	7.79	5.89
PTHR24076	18373.41	17914.39	8989.55	321.64	243.33
PTHR24077	21039.23	20288.08	3200.45	191.45	144.84
PTHR11728	7962.14	7795.22	1280.01	41.78	31.61
PTHR11726	1447.0	1363.57	35378.0	2250.08	1702.3
PTHR11727	668.0	626.27	94.0	10.24	7.74
PTHR11721	789.0	747.27	37165.36	3385.87	2561.58
PTHR11722	1332.0	1248.54	23916.5	2613.08	1976.92
PTHR10120	1251.0	1209.27	334.0	18.73	14.17
PTHR10122	4633.0	4591.27	7884.44	115.93	87.71
PTHR11451	10884.83	10592.73	7137.38	273.85	207.18
PTHR11831	850.0	808.27	40.0	3.37	2.55
PTHR11835	6440.0	6273.08	5025.0	178.48	135.03
PTHR11614	5272.97	5147.78	5465.28	202.6	153.28
PTHR11615	9111.32	8902.7	18998.48	596.33	451.14
PTHR11618	5123.63	5040.17	906.0	23.87	18.06
PTHR14140	2888.0	2804.54	237.0	10.22	7.73
PTHR32419	5216.9	5091.71	876.0	36.67	27.75
PTHR10231	1670.0	1628.27	137.0	5.7	4.31
PTHR10233	8227.0	8018.35	2894.0	122.26	92.49
PTHR31503	11316.0	11190.81	8151.28	148.38	112.24
PTHR23147	632.0	590.27	74.0	8.56	6.47
PTHR23140	2209.16	2167.43	428.0	13.36	10.1
PTHR23142	2894.01	2810.55	604.99	26.69	20.19
PTHR23149	1414.19	1372.46	350.32	17.3	13.09
PTHR23148	1419.0	1377.27	148.0	7.28	5.51
PTHR31695	3061.77	2978.31	433.0	19.83	15.01
PTHR11056	1439.0	1397.27	175.0	8.49	6.42
PTHR11055	4619.53	4494.34	14452.97	533.95	403.95
PTHR32523	5190.14	5064.95	763.0	30.27	22.91
PTHR10670	6949.0	6907.27	206.0	2.01	1.52
PTHR10540	5905.38	5780.2	3702.98	147.61	111.67
PTHR12629	1152.0	1110.27	1035.99	63.32	47.91
PTHR18945	5143.52	5060.07	641.14	13.07	9.9
PTHR26402	7262.76	7054.11	2471.0	88.48	66.93
PTHR19384	14865.07	14364.36	47397.78	2227.67	1685.36
PTHR12714	5729.7	5562.78	1346.68	66.27	50.13
PTHR32251	2303.67	2261.94	597.0	17.85	13.5
PTHR12570	3153.61	3070.15	164.0	6.63	5.02
PTHR21494	1148.0	1064.54	52.0	6.62	5.01
PTHR21496	6549.74	6341.09	6920.54	428.25	323.99
PTHR21493	34299.8	33298.29	30674.77	1190.19	900.42
PTHR21499	4546.75	4421.57	2131.0	112.82	85.36
PTHR21148	2263.0	2179.54	376.01	23.58	17.84
PTHR12083	2381.21	2297.75	427.0	25.09	18.98
PTHR13355	1507.0	1423.54	159.0	14.35	10.86
PTHR13976	23966.02	23673.92	13949.8	263.06	199.01
PTHR19852	2656.0	2614.27	911.0	23.56	17.82
PTHR12406	8644.15	8352.04	1444.1	67.68	51.2
PTHR16128	2945.0	2819.81	382.02	28.81	21.79
PTHR12400	937.49	895.76	133.0	10.09	7.63
PTHR30314	5962.34	5795.42	794.0	38.46	29.1
PTHR12882	1357.0	1315.27	481.0	24.79	18.76
PTHR12883	1743.0	1701.27	415.0	16.52	12.49
PTHR16255	5171.48	5004.57	1550.0	80.47	60.87
PTHR16254	10153.93	10028.74	6836.89	124.11	93.9
PTHR22960	1270.0	1228.27	64.0	3.53	2.67
PTHR13373	2283.71	2241.98	488.0	14.72	11.14
PTHR13375	2923.65	2840.19	459.0	19.13	14.47
PTHR22967	1062.0	1020.27	57.0	3.79	2.87
PTHR23407	1674.39	1632.66	161.0	6.68	5.05
PTHR30222	1185.04	1143.31	201.0	11.93	9.02
PTHR13115	781.0	739.27	72.0	6.63	5.02
PTHR13117	2091.31	2049.58	335.0	11.06	8.37
PTHR12975	2724.45	2599.27	217.0	14.06	10.63
PTHR13285	3843.0	3801.27	375.0	6.66	5.04
PTHR13288	1110.0	1068.27	187.0	11.88	8.99
PTHR10953	12536.44	12160.87	2362.0	110.72	83.77
PTHR10954	2358.06	2274.6	308.0	18.4	13.91
PTHR21726	1891.0	1807.54	135.0	7.79	5.89
PTHR10826	1353.0	1311.27	1690.01	87.37	66.1
PTHR11533	7399.09	7190.44	4416.0	182.53	138.11
PTHR11532	7167.29	7000.37	1979.09	66.53	50.35
PTHR10971	4845.78	4720.6	1537.22	64.11	48.5
PTHR10000	5662.21	5537.02	691.0	32.19	24.34
PTHR13021	1321.0	1279.27	509.0	26.98	20.41
PTHR24006	30182.62	28972.65	3491.0	225.19	170.41
PTHR24003	14314.91	13814.22	1274.94	68.27	51.66
PTHR31446	2543.53	2460.12	484.0	30.06	22.75
PTHR31442	1413.39	1329.93	69.0	7.35	5.56
PTHR11441	2052.0	2010.27	542.45	18.26	13.81
PTHR11440	13714.56	13422.45	6568.95	193.95	146.73
PTHR11999	8524.72	8232.65	4199.33	156.3	118.24
PTHR11998	4872.0	4788.54	1352.0	37.99	28.74
PTHR11449	696.0	654.27	54110.74	5638.03	4265.45
PTHR11994	5207.0	5123.54	36131.14	542.77	410.63
PTHR10133	6143.46	5809.64	459.16	39.23	29.7
PTHR21649	16508.84	15757.76	610122.73	61710.38	46686.93
PTHR13620	5481.28	5189.27	315.0	22.95	17.37
PTHR11847	872.0	830.27	21679.12	1775.87	1343.54
PTHR11843	819.0	777.27	41193.24	3606.64	2728.6
PTHR11661	3052.0	2926.81	32171.91	3401.95	2573.74
PTHR11662	44288.99	43120.63	76605.86	1775.95	1343.61
PTHR11669	4731.93	4606.74	868.0	38.54	29.16
PTHR11668	15006.7	14589.41	5124.62	200.87	151.98
PTHR20856	12619.29	12410.64	3848.27	107.44	81.28
PTHR20854	6265.81	6098.89	2724.51	133.69	101.15
PTHR20852	8000.0	7707.96	17873.95	645.01	487.98
PTHR32404	1105.72	1063.99	187.0	11.93	9.03
PTHR20858	2558.02	2432.89	280.95	23.79	17.99
PTHR10634	1765.0	1723.27	6971.71	273.88	207.21
PTHR30603	2360.0	2318.27	2351.0	68.58	51.88
PTHR11709	4947.51	4864.05	510.0	8.85	6.69
PTHR14237	12491.64	11990.94	4186.51	151.98	115.01
PTHR10738	2252.0	2126.83	251.0	18.64	14.1
PTHR10264	2267.0	2225.27	552.01	16.78	12.69
PTHR23155	60295.28	58542.78	7443.52	312.77	236.62
PTHR23153	5484.72	5234.35	460.0	42.25	31.97
PTHR23151	13622.59	13247.02	19009.44	674.69	510.43
PTHR11063	1358.76	1317.03	741.99	38.19	28.89
PTHR11062	1216.0	1132.55	4.0	0.45	0.34
PTHR11061	9180.04	8679.32	2552.85	253.35	191.68
PTHR11065	12683.01	12390.94	5583.51	182.56	138.11
PTHR11064	4161.46	4036.27	11841.15	305.29	230.97
PTHR11260	18988.38	18487.62	12888.1	470.88	356.24
PTHR11264	1808.3	1766.57	244.0	9.35	7.07
PTHR11266	18080.51	17621.48	9704.51	313.03	236.82
PTHR13501	1415.48	1332.02	5069.0	440.32	333.12
PTHR31998	4499.0	4415.59	27957.81	455.3	344.46
PTHR31221	1636.0	1552.54	40.0	3.74	2.84
PTHR15838	1728.0	1644.54	134.0	11.24	8.51
PTHR12850	666.05	624.32	31590.77	3451.26	2611.04
PTHR32338	1321.0	1279.27	2437.0	129.16	97.72
PTHR31407	4089.23	3964.04	3078.25	135.0	102.14
PTHR15744	2862.06	2736.87	474.0	30.43	23.02
PTHR18952	4664.31	4539.12	1581.96	57.7	43.66
PTHR10552	800.0	758.27	594.0	53.32	40.34
PTHR21597	3540.74	3415.55	320.0	18.64	14.1
PTHR12765	442.0	400.28	48.0	8.23	6.23
PTHR12505	1896.1	1812.64	154.0	10.02	7.58
PTHR22603	6175.67	6008.75	898.0	36.13	27.33
PTHR12506	4061.59	3894.67	624.99	39.99	30.25
PTHR22604	3377.53	3252.4	1370.87	61.56	46.57
PTHR21481	1219.0	1177.27	49.0	2.82	2.14
PTHR22778	3937.38	3812.19	2193.0	87.35	66.08
PTHR12169	4463.87	4213.51	802.01	76.68	58.01
PTHR19446	38679.11	37927.97	39190.5	1123.82	850.22
PTHR12219	1479.0	1437.27	2494.0	117.58	88.95
PTHR13561	1398.62	1315.16	131.0	11.49	8.69
PTHR13563	1784.64	1701.18	279.2	21.44	16.22
PTHR12210	19826.69	19534.58	9660.01	175.95	133.11
PTHR12215	1275.86	1192.41	54.0	6.48	4.9
PTHR12214	1032.0	948.55	71.0	9.78	7.39
PTHR22911	9087.49	8711.92	1256.0	83.47	63.14
PTHR22912	19419.93	18752.28	16519.12	895.54	677.52
PTHR12183	5154.0	5028.84	1012.98	33.25	25.16
PTHR19849	2661.0	2577.54	270.0	15.33	11.6
PTHR22594	10998.71	10664.91	6378.84	277.52	209.97
PTHR11864	4148.21	3981.29	602.01	41.13	31.11
PTHR21152	11600.18	11433.26	13009.98	431.54	326.48
PTHR30075	2083.42	1999.96	713.0	48.69	36.83
PTHR11632	13313.78	13105.13	17464.92	407.74	308.46
PTHR13102	2997.48	2872.29	745.0	52.24	39.53
PTHR12984	1952.0	1910.27	153.0	5.42	4.1
PTHR23293	3814.92	3689.76	7598.67	263.12	199.05
PTHR13299	2945.09	2861.63	695.0	33.59	25.4
PTHR12652	1044.0	1002.27	1419.0	96.15	72.74
PTHR10925	4200.0	4033.08	568.0	37.27	28.19
PTHR21737	3136.0	2969.08	512.94	49.42	37.39
PTHR10920	3468.35	3301.43	745.21	57.32	43.37
PTHR10584	19682.72	18973.34	5334.0	212.38	160.67
PTHR11528	8086.0	7919.08	17590.92	607.87	459.87
PTHR11527	2216.0	2174.27	1663.0	51.73	39.14
PTHR11525	2496.0	2454.27	974.0	26.83	20.3
PTHR10859	4288.0	4162.81	607.99	26.71	20.21
PTHR10589	1534.0	1450.54	771.0	60.85	46.03
PTHR10588	15584.23	14874.85	461.0	29.62	22.42
PTHR13038	2028.6	1945.14	162.0	11.15	8.44
PTHR13748	18663.29	18162.58	15928.72	374.9	283.65
PTHR10026	4243.24	4118.05	922.0	45.08	34.1
PTHR24015	28630.79	27921.42	5138.0	183.83	139.08
PTHR24012	40854.03	39894.25	127411.99	5429.38	4107.61
PTHR24011	40538.29	39203.04	30396.04	1001.05	757.38
PTHR31187	16565.88	16106.86	30097.54	706.95	534.84
PTHR13948	1393.67	1351.95	489.0	24.51	18.55
PTHR21145	831.8	790.07	294.0	25.32	19.16
PTHR10459	5739.88	5531.24	369.0	28.83	21.81
PTHR11453	1819.71	1736.25	127.0	10.09	7.63
PTHR10108	50005.57	48378.17	17134.83	748.76	566.46
PTHR11986	14047.56	13630.27	11474.01	394.86	298.72
PTHR11455	10069.99	9694.43	2617.07	145.13	109.8
PTHR10102	4117.65	4034.19	595.0	19.23	14.55
PTHR11458	1367.0	1325.27	3115.0	159.33	120.54
PTHR10106	1138.0	1096.27	119.0	7.37	5.57
PTHR11851	25836.94	25169.28	13527.35	437.49	330.97
PTHR23092	7026.4	6734.36	1670.61	74.47	56.35
PTHR23091	13861.12	13318.67	2718.0	164.6	124.53
PTHR11673	1683.0	1641.27	24507.66	1011.11	764.95
PTHR11670	3894.54	3811.08	12367.92	435.05	329.14
PTHR11671	1433.0	1391.27	837.0	40.77	30.84
PTHR20863	2806.0	2680.81	28774.3	1880.61	1422.78
PTHR20861	3240.63	3115.45	1622.0	108.84	82.34
PTHR11679	8006.34	7797.69	1120.0	43.68	33.04
PTHR14009	7019.87	6936.41	2518.0	49.66	37.57
PTHR10217	17741.61	17240.85	1780.95	69.98	52.96
PTHR10210	1586.0	1544.27	847.0	37.15	28.11
PTHR11588	11022.95	10772.57	30103.84	1115.44	843.88
PTHR31522	1415.0	1373.27	429.0	21.17	16.02
PTHR14221	1293.0	1209.57	184.0	18.84	14.26
PTHR11079	6219.58	5969.24	504.0	35.05	26.52
PTHR11076	14357.85	13857.1	834.0	46.38	35.08
PTHR11070	1561.0	1477.57	98.0	6.5	4.92
PTHR11071	23538.63	22704.08	40711.79	2502.3	1893.14
PTHR11278	751.0	709.27	25672.93	2465.46	1865.24
PTHR14107	484.0	442.27	48.0	7.44	5.63
PTHR11276	2724.0	2640.54	80.0	3.82	2.89
PTHR11274	1239.13	1197.4	727.0	41.18	31.15
PTHR14136	6111.71	5944.8	4801.79	258.29	195.41
PTHR31984	5657.91	5532.72	1704.0	47.0	35.56
PTHR15350	3564.51	3481.05	1797.33	66.81	50.55
PTHR15606	892.83	851.1	185.0	14.78	11.18
PTHR12374	1676.27	1592.81	275.0	24.8	18.77
PTHR12375	910.64	868.91	222.0	17.37	13.14
PTHR12378	680.0	638.27	74.0	7.91	5.98
PTHR18929	8151.52	7901.13	37204.17	1496.53	1132.19
PTHR30535	3289.66	3206.2	774.0	26.01	19.67
PTHR12777	1174.0	1132.27	1786.0	107.03	80.97
PTHR12775	2952.13	2785.23	861.0	79.18	59.9
PTHR12770	8734.66	8526.01	1912.96	71.13	53.8
PTHR14085	2340.0	2298.27	569.0	16.74	12.67
PTHR16092	4116.31	4032.85	1561.0	47.07	35.61
PTHR10938	2282.0	2240.27	1215.0	36.68	27.75
PTHR11035	1756.0	1672.54	3165.0	219.75	166.26
PTHR22298	31455.24	30745.98	8745.88	167.49	126.74
PTHR12174	3791.98	3666.8	1990.0	112.28	84.95
PTHR12175	1440.0	1398.27	270.0	13.09	9.9
PTHR12176	11131.67	10839.56	3396.99	93.22	70.53
PTHR22769	7465.51	7215.19	1256.0	75.28	56.96
PTHR22767	4467.17	4216.8	992.0	95.81	72.49
PTHR22765	9708.56	9499.93	1434.0	57.01	43.13
PTHR22762	15973.33	15514.35	2623.42	69.65	52.71
PTHR22763	1159.0	1075.55	43.0	4.97	3.76
PTHR22761	2262.1	2178.64	614.29	37.99	28.75
PTHR21231	5570.2	5403.28	1141.0	92.04	69.62
PTHR21230	4537.38	4412.19	773.0	36.82	27.85
PTHR21234	4299.0	4215.54	641.0	24.38	18.44
PTHR21237	3321.0	3195.81	2100.0	134.97	102.11
PTHR12202	2868.42	2701.5	321.0	29.36	22.21
PTHR12203	5544.96	5419.77	1099.02	42.01	31.77
PTHR19857	1985.0	1901.59	202.0	9.46	7.16
PTHR19854	4191.06	3982.43	251.0	19.87	15.04
PTHR19855	1387.33	1303.87	305.0	32.1	24.28
PTHR13353	6108.51	5941.59	704.67	26.22	19.83
PTHR19853	3655.82	3488.9	356.0	29.01	21.95
PTHR11136	2298.41	2173.24	438.99	35.63	26.96
PTHR12197	29087.71	28169.87	13447.99	456.6	345.44
PTHR19858	2838.69	2755.23	542.0	24.0	18.15
PTHR13822	1782.98	1741.25	4076.0	158.46	119.89
PTHR10344	2169.76	2128.03	734.0	23.33	17.65
PTHR13138	753.9	712.17	121.0	11.57	8.75
PTHR10732	572.0	530.27	21454.21	2765.07	2091.91
PTHR10739	3418.81	3293.62	1350.0	81.74	61.84
PTHR22846	1890.81	1807.35	352.0	24.41	18.47
PTHR12992	2688.0	2604.54	260.0	13.54	10.24
PTHR22838	1940.95	1899.22	348.0	12.4	9.38
PTHR22836	1561.0	1519.27	116.0	5.17	3.91
PTHR11934	1195.0	1153.27	337.0	19.82	15.0
PTHR10693	619.0	577.27	243.0	28.74	21.74
PTHR10934	1009.0	967.27	30534.2	2144.31	1622.28
PTHR11510	3237.0	3195.27	3843.13	81.26	61.48
PTHR11516	5005.36	4838.44	11116.24	700.52	529.98
PTHR10025	8018.94	7768.59	1927.0	104.85	79.34
PTHR10027	7530.63	7280.25	304.0	18.31	13.85
PTHR13009	6514.0	6347.08	1448.38	51.81	39.19
PTHR13007	1684.0	1642.27	316.0	13.03	9.86
PTHR30115	1252.0	1210.27	1962.0	109.95	83.18
PTHR10598	1595.0	1553.27	862.0	37.59	28.44
PTHR17901	3190.72	3107.26	827.0	34.59	26.16
PTHR14413	1465.0	1381.54	2086.0	169.61	128.32
PTHR24351	4748.37	4664.91	1079.0	31.43	23.78
PTHR20981	831.0	789.27	28373.15	2446.07	1850.57
PTHR20982	3008.0	2924.54	1592.31	83.66	63.29
PTHR24352	5750.0	5666.54	1715.08	40.54	30.68
PTHR11467	796.0	754.27	14.0	1.26	0.96
PTHR10119	8408.73	8116.62	5468.78	252.89	191.32
PTHR10114	676.0	634.27	27751.78	2983.77	2257.37
PTHR10110	12187.81	11895.72	1170.94	56.98	43.11
PTHR11469	2233.0	2191.27	4230.0	130.56	98.78
PTHR10445	885.0	843.27	385.0	31.05	23.49
PTHR11863	2534.0	2450.54	661.95	36.21	27.4
PTHR24286	24969.69	24427.2	63387.67	1975.25	1494.39
PTHR23429	4895.26	4770.07	3198.0	122.96	93.01
PTHR23426	3829.63	3704.44	3529.0	174.89	132.31
PTHR10593	3609.0	3483.81	1027.99	64.34	48.67
