GeneFamily	length	effective_length	expected_count	TPM	FPKM
PTHR11649	9614.0	9212.39	0.0	0.0	0.0
PTHR31089	487.0	450.49	0.0	0.0	0.0
PTHR31085	2585.0	2475.47	1.0	0.53	0.96
PTHR11647	1594.0	1557.49	0.0	0.0	0.0
PTHR11645	551.0	514.49	0.0	0.0	0.0
PTHR11880	1204.0	1130.98	814.0	539.83	976.2
PTHR11885	1070.0	1033.49	314.38	116.18	210.1
PTHR10209	3636.0	3526.47	1.0	0.41	0.73
PTHR32429	3342.0	3195.96	1336.11	357.7	646.84
PTHR12403	2152.5	2079.48	1.0	0.49	0.89
PTHR31423	4228.0	4154.98	1.0	0.11	0.19
PTHR31551	417.0	380.49	0.0	0.0	0.0
PTHR32195	2769.0	2659.47	1.0	0.23	0.41
PTHR11081	5554.0	5371.45	0.0	0.0	0.0
PTHR11080	2275.0	2201.98	0.0	0.0	0.0
PTHR11082	5759.0	5539.95	2.0	0.53	0.97
PTHR11085	4875.0	4692.45	4.0	1.7	3.07
PTHR11089	8229.0	7900.41	17.0	5.53	10.0
PTHR32518	3100.0	3026.98	1.0	0.17	0.31
PTHR11247	1447.0	1410.49	1.0	0.27	0.49
PTHR32512	811.0	737.98	0.0	0.0	0.0
PTHR23088	6341.0	6158.45	1.0	0.31	0.55
PTHR23089	1470.0	1396.98	0.0	0.0	0.0
PTHR23081	5424.5	5168.93	0.0	0.0	0.0
PTHR23083	23831.0	23064.29	6.0	2.2	3.98
PTHR23084	5600.0	5417.45	12.0	1.69	3.05
PTHR23086	3422.0	3239.47	0.0	0.0	0.0
PTHR18806	1385.0	1311.98	0.0	0.0	0.0
PTHR31953	6127.0	5980.96	2.0	0.2	0.36
PTHR15184	10161.0	9905.43	1016.66	188.66	341.17
PTHR15341	530.0	493.49	0.0	0.0	0.0
PTHR32357	543.0	506.49	0.0	0.0	0.0
PTHR15169	1588.0	1514.98	0.0	0.0	0.0
PTHR12341	8076.5	7820.93	8.0	2.82	5.09
PTHR15160	3697.75	3588.22	0.0	0.0	0.0
PTHR18937	9435.33	9106.74	11.0	2.15	3.9
PTHR18934	18331.28	17601.09	17.0	5.43	9.8
PTHR12742	2137.0	2063.98	0.0	0.0	0.0
PTHR12741	731.0	694.49	0.0	0.0	0.0
PTHR19288	5147.0	4927.94	26.0	6.79	12.27
PTHR12975	3436.0	3253.45	0.0	0.0	0.0
PTHR13902	2878.0	2731.96	23.0	6.84	12.37
PTHR13903	697.5	660.99	0.0	0.0	0.0
PTHR22753	4360.0	4213.96	0.0	0.0	0.0
PTHR30615	684.0	647.49	0.0	0.0	0.0
PTHR22939	14436.23	13961.6	8.0	2.26	4.1
PTHR22938	3664.0	3517.96	0.0	0.0	0.0
PTHR16266	2709.0	2599.47	0.0	0.0	0.0
PTHR30612	6003.0	5893.47	46.0	5.83	10.54
PTHR22932	619.0	582.49	0.0	0.0	0.0
PTHR21228	50972.56	48745.48	5.0	2.42	4.37
PTHR13343	5405.0	5185.94	5.0	1.65	3.0
PTHR12233	2608.0	2571.49	11.0	1.63	2.94
PTHR22936	3441.0	3331.47	0.0	0.0	0.0
PTHR10993	1412.0	1338.98	0.0	0.0	0.0
PTHR31038	624.5	588.04	0.0	0.0	0.0
PTHR13832	25654.5	24595.73	3.0	1.09	1.98
PTHR21139	1003.25	966.74	0.0	0.0	0.0
PTHR21136	4629.0	4482.96	1.0	0.26	0.47
PTHR12526	39360.5	38374.73	34.0	5.43	9.8
PTHR13124	565.0	528.49	0.0	0.0	0.0
PTHR13120	548.0	511.49	5.0	3.76	6.81
PTHR22809	1551.0	1477.98	0.0	0.0	0.0
PTHR22807	6403.0	6037.91	7.0	1.76	3.18
PTHR20661	286.67	250.24	0.0	0.0	0.0
PTHR10900	17592.67	17081.53	15.0	4.65	8.42
PTHR10906	3444.0	3370.98	358.0	88.63	160.28
PTHR10909	18552.0	18077.37	23.47	6.31	11.42
PTHR10055	2991.0	2917.98	16.0	4.66	8.43
PTHR10057	2522.0	2412.47	3.0	1.44	2.59
PTHR10052	736.0	699.49	1185.0	649.5	1174.52
PTHR13017	981.0	944.49	0.0	0.0	0.0
PTHR13018	15404.0	15002.39	2.0	0.44	0.79
PTHR10694	2411.0	2301.48	3.0	0.8	1.45
PTHR12839	2319.0	2172.97	0.0	0.0	0.0
PTHR10954	979.0	942.49	0.0	0.0	0.0
PTHR12835	2032.0	1958.98	0.0	0.0	0.0
PTHR24031	51776.0	49768.04	5050.97	1305.17	2360.21
PTHR24032	1032.0	995.49	0.0	0.0	0.0
PTHR24349	41555.0	40021.6	48.0	15.89	28.74
PTHR24619	1968.0	1894.98	6.0	1.62	2.92
PTHR24343	15192.8	14535.62	65.0	19.31	34.95
PTHR11472	5888.33	5705.78	4.0	0.67	1.22
PTHR24347	6490.67	6162.1	3.0	0.97	1.75
PTHR11476	4764.0	4654.47	42.0	6.19	11.19
PTHR11477	1107.0	1033.98	0.0	0.0	0.0
PTHR10438	16384.0	15799.84	13.0	7.05	12.76
PTHR10476	2397.0	2287.47	10.0	4.98	9.01
PTHR11538	3173.0	3099.98	28.0	6.67	12.06
PTHR24290	2377.0	2267.47	8.0	4.29	7.76
PTHR12730	2753.0	2643.47	2.0	0.97	1.76
PTHR23413	849.0	776.0	79.0	77.3	139.78
PTHR23417	4433.0	4323.47	1.0	0.15	0.27
PTHR23416	5082.0	4899.45	3.0	0.87	1.58
PTHR23415	1631.0	1557.98	0.0	0.0	0.0
PTHR12736	1576.5	1539.99	0.0	0.0	0.0
PTHR10871	4428.0	4281.96	2512.35	1466.16	2651.34
PTHR23418	744.0	707.49	0.0	0.0	0.0
PTHR10877	5858.0	5565.96	1.0	0.18	0.33
PTHR31096	5341.5	5049.42	2.0	0.96	1.74
PTHR11655	2081.0	1971.47	713.0	389.11	703.65
PTHR11652	2209.33	2063.33	7267.83	4300.76	7777.26
PTHR20883	3299.0	3225.98	1.0	0.17	0.32
PTHR11895	8285.0	7956.41	3.0	0.57	1.04
PTHR10277	3245.0	3171.98	84.0	16.34	29.55
PTHR14027	2837.0	2690.96	1.0	1.16	2.09
PTHR13691	1141.0	1067.98	0.0	0.0	0.0
PTHR11246	5887.0	5740.96	3.0	0.91	1.64
PTHR23180	6955.0	6589.9	4.0	2.43	4.39
PTHR14593	2681.0	2498.45	0.0	0.0	0.0
PTHR11093	3316.0	3242.98	33.0	7.69	13.92
PTHR11096	2777.5	2704.48	0.0	0.0	0.0
PTHR23346	7911.0	7801.47	1.0	0.08	0.15
PTHR10309	1233.0	1196.49	0.0	0.0	0.0
PTHR14107	2248.5	2138.98	0.0	0.0	0.0
PTHR11252	4512.0	4365.96	1.0	0.26	0.48
PTHR11254	14139.0	13700.88	45.0	16.0	28.93
PTHR11255	2621.0	2547.98	2.0	0.44	0.8
PTHR14110	1682.0	1608.98	0.0	0.0	0.0
PTHR14374	1423.0	1386.49	0.0	0.0	0.0
PTHR18838	2224.0	2114.47	2.0	0.61	1.11
PTHR14534	663.0	626.49	0.0	0.0	0.0
PTHR12687	1197.0	1160.49	0.0	0.0	0.0
PTHR15157	4347.5	4201.46	0.0	0.0	0.0
PTHR18901	9363.33	9034.74	0.0	0.0	0.0
PTHR12755	1168.6	1095.6	0.0	0.0	0.0
PTHR12750	5774.0	5445.43	3.0	0.68	1.23
PTHR12753	1329.0	1292.49	0.0	0.0	0.0
PTHR15081	883.0	809.98	0.0	0.0	0.0
PTHR15574	8626.5	8261.4	0.0	0.0	0.0
PTHR12506	2696.0	2586.47	2.0	0.54	0.98
PTHR24006	21471.0	20667.8	8.0	2.6	4.71
PTHR12358	305.0	268.51	0.0	0.0	0.0
PTHR22748	3700.0	3517.45	0.0	0.0	0.0
PTHR12356	1825.0	1751.98	0.0	0.0	0.0
PTHR12221	1276.0	1239.49	1.0	0.31	0.56
PTHR21213	860.0	823.49	0.0	0.0	0.0
PTHR19879	2159.5	2013.46	0.0	0.0	0.0
PTHR12226	1034.0	997.49	0.0	0.0	0.0
PTHR19876	3786.02	3712.99	16.0	1.84	3.33
PTHR19877	1376.0	1339.49	19.0	5.41	9.78
PTHR31190	1756.23	1683.21	0.0	0.0	0.0
PTHR12538	515.0	478.49	3.0	2.42	4.37
PTHR12537	2209.0	2135.98	1.0	0.39	0.7
PTHR12532	1801.0	1764.49	0.0	0.0	0.0
PTHR13486	1254.0	1217.49	1.0	0.31	0.57
PTHR20275	3820.0	3673.96	2.0	0.71	1.28
PTHR13489	498.0	461.49	0.0	0.0	0.0
PTHR17583	2530.0	2420.47	0.0	0.0	0.0
PTHR24198	12791.67	12317.04	0.0	0.0	0.0
PTHR10048	4812.58	4630.03	8.0	2.88	5.22
PTHR10046	3072.0	2925.96	9.0	4.24	7.68
PTHR10044	964.0	927.49	4.0	1.65	2.98
PTHR11998	5451.0	5268.45	20.0	5.0	9.04
PTHR13060	846.0	809.49	0.0	0.0	0.0
PTHR10687	1801.0	1727.98	0.0	0.0	0.0
PTHR13069	3223.33	3077.29	0.0	0.0	0.0
PTHR10681	4072.5	3889.96	38.4	29.57	53.47
PTHR10682	910.0	873.55	0.0	0.0	0.0
PTHR10683	4697.51	4587.97	8.0	1.75	3.15
PTHR12829	1579.0	1469.48	0.0	0.0	0.0
PTHR12820	2704.0	2594.47	1.0	0.41	0.74
PTHR12826	1011.0	974.49	3.0	1.18	2.13
PTHR12827	2023.5	1877.48	0.0	0.0	0.0
PTHR17920	1717.0	1643.99	0.0	0.0	0.0
PTHR10137	1736.0	1699.49	3.0	0.67	1.22
PTHR11405	3389.0	3315.98	190.0	37.34	67.51
PTHR11404	2983.0	2909.98	22.0	4.4	7.95
PTHR11406	2397.0	2323.98	3808.0	921.16	1665.78
PTHR14744	922.0	885.49	0.0	0.0	0.0
PTHR13468	1413.5	1376.99	0.0	0.0	0.0
PTHR23406	10388.0	10168.94	4.0	0.67	1.21
PTHR23407	1532.0	1495.49	0.0	0.0	0.0
PTHR10869	11890.0	11597.92	1.0	0.1	0.19
PTHR31717	397.33	360.85	0.0	0.0	0.0
PTHR13393	1238.0	1164.98	0.0	0.0	0.0
PTHR12696	3408.67	3299.13	0.0	0.0	0.0
PTHR11315	4018.0	3871.96	7.0	2.62	4.75
PTHR10139	1183.5	1110.48	0.0	0.0	0.0
PTHR10264	3542.5	3432.97	3.0	0.88	1.59
PTHR10263	1585.0	1511.98	6.0	2.79	5.04
PTHR31155	1078.67	1005.64	0.0	0.0	0.0
PTHR32170	2952.0	2842.47	0.0	0.0	0.0
PTHR23350	1612.0	1538.98	1.0	0.42	0.76
PTHR23354	2582.0	2472.47	0.0	0.0	0.0
PTHR23355	5649.33	5466.78	0.0	0.0	0.0
PTHR23359	7101.2	6845.68	34.0	12.63	22.83
PTHR11227	2874.0	2800.98	1.0	0.35	0.64
PTHR11220	6765.0	6545.94	2.0	0.43	0.78
PTHR11223	4321.0	4211.47	3.0	0.76	1.37
PTHR11229	2493.5	2420.48	72.0	26.15	47.29
PTHR10314	16876.66	16402.07	551.04	128.19	231.81
PTHR14303	650.0	613.49	0.0	0.0	0.0
PTHR23308	4409.0	4189.94	0.0	0.0	0.0
PTHR11139	23240.0	22473.3	13.0	2.04	3.69
PTHR15362	1242.0	1168.98	0.0	0.0	0.0
PTHR11132	17872.5	17288.34	54.0	13.45	24.32
PTHR11134	3945.0	3871.98	48.0	9.23	16.69
PTHR11136	2243.0	2169.98	0.0	0.0	0.0
PTHR32374	1866.0	1756.47	4.0	2.74	4.97
PTHR31579	5776.0	5410.9	2.0	1.57	2.85
PTHR32379	1031.0	994.49	0.0	0.0	0.0
PTHR18919	1585.0	1511.98	1.0	0.37	0.66
PTHR32002	989.0	915.98	2.0	1.72	3.11
PTHR14413	1228.0	1154.98	0.0	0.0	0.0
PTHR22891	1952.0	1842.47	0.0	0.0	0.0
PTHR22893	1703.0	1666.49	1.0	0.23	0.41
PTHR10778	3312.83	3203.3	0.0	0.0	0.0
PTHR10072	4736.0	4589.96	1.0	0.19	0.34
PTHR12786	3027.5	2954.48	23.0	4.41	7.98
PTHR12782	1345.0	1271.98	0.0	0.0	0.0
PTHR11214	1255.0	1218.49	0.0	0.0	0.0
PTHR24063	27443.47	26713.27	3.0	0.47	0.85
PTHR10182	1141.0	1104.49	9.0	3.11	5.63
PTHR13923	3267.0	3120.96	1.0	0.36	0.65
PTHR12321	2839.0	2765.98	1.0	0.22	0.39
PTHR12320	5377.5	5121.95	0.0	0.0	0.0
PTHR12323	1120.0	1046.98	0.0	0.0	0.0
PTHR16201	1857.0	1783.98	0.0	0.0	0.0
PTHR21015	1332.0	1295.49	0.0	0.0	0.0
PTHR16196	1027.0	953.98	0.0	0.0	0.0
PTHR16193	899.0	862.49	0.0	0.0	0.0
PTHR22792	2632.5	2486.46	1.0	0.46	0.84
PTHR22790	1999.0	1925.98	0.0	0.0	0.0
PTHR21680	1520.0	1483.49	0.0	0.0	0.0
PTHR21689	664.0	627.49	0.0	0.0	0.0
PTHR21113	2760.5	2650.97	0.0	0.0	0.0
PTHR19316	693.0	619.99	0.0	0.0	0.0
PTHR21663	2353.0	2243.47	0.0	0.0	0.0
PTHR13253	5472.0	5216.43	1.0	0.45	0.81
PTHR22603	1856.0	1746.47	0.0	0.0	0.0
PTHR21206	840.0	803.49	0.0	0.0	0.0
PTHR13789	11829.5	11354.88	4.0	0.64	1.16
PTHR10071	2079.0	1932.96	0.0	0.0	0.0
PTHR24188	5175.0	5065.47	0.0	0.0	0.0
PTHR13780	6077.67	5822.09	3.0	1.42	2.58
PTHR10670	6519.0	6299.94	7.0	1.75	3.17
PTHR10677	1550.0	1476.98	0.0	0.0	0.0
PTHR13078	1899.0	1826.0	0.0	0.0	0.0
PTHR12815	5404.5	5258.46	26.01	4.7	8.5
PTHR12814	1397.0	1323.98	0.0	0.0	0.0
PTHR24361	9579.17	9287.08	9.0	3.11	5.62
PTHR24362	7477.0	7148.41	4.0	0.96	1.73
PTHR10416	1696.0	1586.53	0.0	0.0	0.0
PTHR10410	4005.0	3895.47	7.62	2.5	4.51
PTHR10783	7240.1	6948.03	44.94	6.46	11.68
PTHR10782	1177.0	1140.49	0.0	0.0	0.0
PTHR13476	2475.0	2402.0	0.0	0.0	0.0
PTHR10788	8254.99	8072.44	28.21	4.81	8.71
PTHR10891	8204.0	7875.41	1.0	0.38	0.69
PTHR10890	2461.0	2387.98	2.0	0.66	1.18
PTHR20426	1042.0	1005.49	0.0	0.0	0.0
PTHR23213	2645.0	2498.96	0.0	0.0	0.0
PTHR10520	4945.0	4835.47	61.0	8.87	16.03
PTHR10250	1465.0	1391.98	4.0	2.2	3.96
PTHR10527	10866.71	10611.14	8.03	2.03	3.67
PTHR10099	5006.0	4969.49	39.0	2.98	5.39
PTHR31385	5107.5	4961.46	0.0	0.0	0.0
PTHR10091	1342.0	1305.49	0.0	0.0	0.0
PTHR31142	1664.0	1627.49	3.0	0.7	1.27
PTHR31140	546.5	509.99	0.0	0.0	0.0
PTHR11787	2816.5	2743.48	12.0	2.54	4.6
PTHR11785	13456.0	13236.94	3.0	0.51	0.91
PTHR11782	6505.5	6249.93	0.0	0.0	0.0
PTHR31419	711.0	674.49	0.0	0.0	0.0
PTHR11780	1981.0	1944.49	207.0	40.5	73.25
PTHR23151	6861.0	6495.9	49.0	24.2	43.77
PTHR21141	2987.0	2804.47	22225.33	28430.95	51412.96
PTHR32148	4108.5	3925.96	0.0	0.0	0.0
PTHR23324	5554.0	5407.96	3.0	0.77	1.39
PTHR23326	3334.0	3224.47	9.0	4.7	8.48
PTHR23321	830.0	793.49	0.0	0.0	0.0
PTHR23323	4367.0	4147.95	0.0	0.0	0.0
PTHR23322	3424.0	3241.45	1.0	0.81	1.47
PTHR23329	1769.0	1659.47	0.0	0.0	0.0
PTHR11236	2748.0	2638.47	4.0	1.35	2.44
PTHR20932	3652.0	3542.47	0.0	0.0	0.0
PTHR10322	9830.0	9501.41	7.63	2.52	4.55
PTHR11239	963.0	889.98	0.0	0.0	0.0
PTHR10555	6846.0	6626.94	0.0	0.0	0.0
PTHR31964	9763.5	9507.93	0.0	0.0	0.0
PTHR23030	3596.75	3523.73	0.0	0.0	0.0
PTHR11129	1959.33	1849.82	0.0	0.0	0.0
PTHR11122	4833.0	4686.96	48.0	13.17	23.81
PTHR15316	2419.0	2272.96	0.0	0.0	0.0
PTHR11127	581.0	544.49	4.0	2.83	5.11
PTHR11125	2229.0	2155.98	0.0	0.0	0.0
PTHR31566	1674.0	1637.49	0.0	0.0	0.0
PTHR31567	1245.0	1208.49	49.0	15.47	27.97
PTHR31561	7229.07	6791.12	96.41	32.68	59.1
PTHR15137	496.0	459.49	0.0	0.0	0.0
PTHR15954	898.0	824.99	0.0	0.0	0.0
PTHR15952	3943.0	3760.45	0.0	0.0	0.0
PTHR21597	2302.0	2228.98	0.0	0.0	0.0
PTHR19271	3766.0	3656.47	47.0	14.13	25.54
PTHR22931	15137.6	14699.54	228.91	45.77	82.78
PTHR11361	14672.0	14160.88	1.21	0.23	0.42
PTHR12029	4452.0	4159.92	1.0	0.44	0.79
PTHR21220	1363.0	1326.49	0.0	0.0	0.0
PTHR31588	2191.0	2117.98	3.0	1.18	2.13
PTHR22780	2657.0	2583.98	0.0	0.0	0.0
PTHR21477	1571.0	1497.98	0.0	0.0	0.0
PTHR19308	3253.0	3143.47	5.0	1.47	2.67
PTHR19306	3682.0	3608.98	0.0	0.0	0.0
PTHR16301	2175.0	2065.47	0.0	0.0	0.0
PTHR13265	1136.0	1099.49	0.0	0.0	0.0
PTHR22870	30181.85	29378.67	9.0	1.05	1.92
PTHR17630	6568.5	6422.46	0.0	0.0	0.0
PTHR10064	578.45	541.94	333.0	236.36	427.43
PTHR10066	10986.0	10730.43	1.0	0.49	0.88
PTHR10060	2186.0	2039.96	0.0	0.0	0.0
PTHR10663	14139.0	13627.86	10.18	2.17	3.92
PTHR10666	1789.0	1679.47	8814.73	5677.12	10266.19
PTHR10668	9845.5	9443.89	0.0	0.0	0.0
PTHR12801	2821.4	2675.36	0.0	0.0	0.0
PTHR12802	4217.0	4070.96	0.0	0.0	0.0
PTHR12805	1234.0	1160.98	0.0	0.0	0.0
PTHR12806	1024.0	987.49	0.0	0.0	0.0
PTHR21091	7757.3	7501.73	181.94	33.97	61.41
PTHR21090	1816.0	1779.49	34.0	7.27	13.15
PTHR12281	2328.0	2254.98	1.0	0.28	0.51
PTHR13734	3010.0	2900.47	0.0	0.0	0.0
PTHR24315	953.0	916.49	0.0	0.0	0.0
PTHR24314	2238.0	2092.03	1.0	0.43	0.78
PTHR11933	1687.0	1577.47	0.0	0.0	0.0
PTHR24316	4671.5	4488.95	45.0	13.13	23.74
PTHR11426	1962.0	1888.98	2.0	0.88	1.59
PTHR11937	8573.22	8208.12	749.98	436.94	790.14
PTHR11938	17882.0	17589.92	63.0	11.9	21.52
PTHR13683	7745.0	7379.93	0.0	0.0	0.0
PTHR24089	40282.0	38675.63	710.09	227.14	410.75
PTHR10796	4195.0	4085.47	0.0	0.0	0.0
PTHR10794	3156.0	3046.47	0.0	0.0	0.0
PTHR10795	14766.0	14327.89	1.0	0.18	0.33
PTHR10792	586.0	549.49	560.0	391.95	708.78
PTHR10799	55861.58	53671.12	65.0	12.67	22.89
PTHR10882	866.0	829.49	0.0	0.0	0.0
PTHR10887	18170.33	17294.11	8.0	2.05	3.7
PTHR11686	2019.0	1909.47	0.0	0.0	0.0
PTHR11685	4295.5	4149.52	0.0	0.0	0.0
PTHR11680	3616.2	3470.15	75.0	16.29	29.46
PTHR24221	18357.5	17882.87	4.0	0.81	1.47
PTHR24220	7122.0	6902.94	7.0	1.92	3.47
PTHR24223	27559.5	26865.81	53.66	9.27	16.76
PTHR11689	11130.0	10837.92	1.0	0.21	0.39
PTHR10252	2051.0	1904.96	0.0	0.0	0.0
PTHR10537	1738.0	1701.49	2.0	0.45	0.81
PTHR31173	3687.0	3540.97	3.0	0.79	1.43
PTHR10997	12342.0	12086.43	1.0	0.11	0.21
PTHR31606	644.0	607.49	1.0	0.63	1.14
PTHR31356	2765.0	2691.98	8.0	2.37	4.28
PTHR31352	7215.5	6996.44	18.0	3.1	5.61
PTHR31350	3617.0	3507.47	0.0	0.0	0.0
PTHR11758	623.0	586.49	547.97	359.01	649.21
PTHR23333	1227.0	1190.49	0.0	0.0	0.0
PTHR11203	4406.0	4259.96	0.0	0.0	0.0
PTHR11753	2396.0	2286.47	23.0	10.71	19.37
PTHR11200	14149.5	13711.4	1.0	0.16	0.29
PTHR24423	5176.0	5029.96	5.0	1.46	2.64
PTHR11206	12849.0	12338.07	0.0	0.0	0.0
PTHR11757	9145.0	8852.92	3.0	0.41	0.74
PTHR24420	51083.5	49951.72	7.0	1.17	2.09
PTHR10332	5800.0	5653.96	0.0	0.0	0.0
PTHR32557	992.0	955.49	13.0	5.2	9.4
PTHR14145	2949.0	2875.98	0.0	0.0	0.0
PTHR13600	4575.48	4392.93	3.0	0.69	1.25
PTHR31384	1630.5	1557.48	0.0	0.0	0.0
PTHR15744	1144.0	1070.98	0.0	0.0	0.0
PTHR23029	7649.5	7430.44	1.0	0.14	0.26
PTHR23023	3139.0	2956.45	0.0	0.0	0.0
PTHR21294	1602.0	1565.49	1.0	0.24	0.44
PTHR11119	2530.0	2420.47	0.0	0.0	0.0
PTHR31595	3745.0	3562.45	0.0	0.0	0.0
PTHR31596	1813.0	1776.49	0.0	0.0	0.0
PTHR21290	916.0	879.49	0.0	0.0	0.0
PTHR15948	1348.0	1274.98	0.0	0.0	0.0
PTHR31412	3794.0	3720.98	4.0	0.63	1.14
PTHR32026	1319.0	1282.49	0.0	0.0	0.0
PTHR31829	1129.0	1092.49	432.0	150.96	272.99
PTHR14898	1338.5	1301.99	0.0	0.0	0.0
PTHR19241	37246.88	35786.51	48.77	12.91	23.34
PTHR15239	3582.0	3435.96	2.0	0.55	0.99
PTHR19854	4112.0	3965.96	1.0	0.27	0.48
PTHR32497	3914.0	3804.47	0.0	0.0	0.0
PTHR12497	2185.0	2038.96	0.0	0.0	0.0
PTHR12302	1543.0	1506.49	2.0	0.51	0.91
PTHR12652	2228.0	2191.49	3.0	0.52	0.94
PTHR12304	1193.0	1156.49	0.0	0.0	0.0
PTHR30540	2065.0	1992.03	0.0	0.0	0.0
PTHR30544	4647.0	4464.45	0.0	0.0	0.0
PTHR13302	2405.0	2258.96	0.0	0.0	0.0
PTHR12472	1222.0	1148.98	0.0	0.0	0.0
PTHR13308	978.0	941.49	1.0	0.41	0.73
PTHR12477	2562.5	2452.97	1.0	0.25	0.46
PTHR13878	8287.5	7922.45	0.0	0.0	0.0
PTHR21461	3876.0	3766.47	1.0	0.25	0.45
PTHR13872	6026.54	5770.99	83.0	47.24	85.41
PTHR23327	3973.0	3790.45	0.0	0.0	0.0
PTHR22849	4663.0	4407.43	2.0	1.41	2.55
PTHR21314	1027.0	990.49	0.0	0.0	0.0
PTHR13271	17396.25	16702.78	4.0	1.31	2.37
PTHR22841	3878.0	3695.45	0.0	0.0	0.0
PTHR13273	1056.0	1019.49	0.0	0.0	0.0
PTHR22847	22032.0	21228.8	1.0	0.35	0.63
PTHR22846	2370.0	2296.98	1.0	0.24	0.43
PTHR22844	9563.0	9270.92	23.0	6.54	11.83
PTHR13890	5215.17	4959.59	2.0	1.15	2.09
PTHR23284	1406.0	1369.49	0.0	0.0	0.0
PTHR21266	14965.5	14454.37	4.05	0.45	0.82
PTHR12271	2724.0	2650.98	0.0	0.0	0.0
PTHR21262	5467.0	5211.43	6.0	1.55	2.8
PTHR12276	1078.0	1004.99	0.0	0.0	0.0
PTHR10657	1538.0	1428.47	1.0	0.99	1.78
PTHR16557	348.0	311.5	0.0	0.0	0.0
PTHR10655	414.0	377.49	0.0	0.0	0.0
PTHR10652	1290.0	1216.98	0.0	0.0	0.0
PTHR17972	2879.5	2733.46	0.0	0.0	0.0
PTHR21085	1224.0	1187.49	13.0	4.18	7.55
PTHR11922	4524.0	4377.96	137.18	30.37	54.91
PTHR11926	6445.83	6226.77	1.0	0.35	0.63
PTHR11431	1927.0	1890.49	2.0	0.4	0.73
PTHR10430	3986.75	3840.71	245.0	93.68	169.4
PTHR10436	5501.0	5172.43	0.0	0.0	0.0
PTHR10434	1159.0	1122.49	0.0	0.0	0.0
PTHR24096	17984.58	17327.47	30.76	10.98	19.85
PTHR13693	5967.0	5784.45	1.0	0.25	0.46
PTHR24095	10683.2	10318.1	149.21	24.72	44.69
PTHR24092	9793.0	9500.93	17.0	4.47	8.08
PTHR24093	53157.63	51149.67	139.83	26.03	47.09
PTHR13451	1609.0	1572.49	0.0	0.0	0.0
PTHR13452	1004.0	930.98	0.0	0.0	0.0
PTHR10759	583.0	546.49	56.46	39.74	71.86
PTHR12901	784.0	747.49	0.0	0.0	0.0
PTHR12903	660.0	623.49	0.0	0.0	0.0
PTHR23237	935.0	898.49	3.0	1.28	2.31
PTHR10501	619.0	582.49	0.0	0.0	0.0
PTHR31169	663.0	626.49	0.0	0.0	0.0
PTHR12277	3411.0	3301.47	0.0	0.0	0.0
PTHR14087	510.0	473.49	0.0	0.0	0.0
PTHR23309	3633.0	3559.98	9.0	2.33	4.21
PTHR14085	1918.0	1881.49	3.0	0.61	1.1
PTHR31344	2403.0	2329.98	0.0	0.0	0.0
PTHR31619	1937.0	1900.49	138.87	27.8	50.28
PTHR23306	1209.0	1135.98	0.0	0.0	0.0
PTHR23305	2050.0	1976.98	9.0	2.5	4.53
PTHR14089	1949.0	1875.98	0.0	0.0	0.0
PTHR11748	9598.0	9415.45	53.0	7.24	13.1
PTHR11742	3317.0	3170.97	1.0	0.3	0.54
PTHR11216	5379.0	5159.94	1.0	0.22	0.4
PTHR11210	1646.0	1572.98	48.0	16.44	29.73
PTHR14154	4831.0	4611.94	0.0	0.0	0.0
PTHR14155	2294.0	2184.47	0.0	0.0	0.0
PTHR10343	3922.0	3775.96	2.0	1.33	2.41
PTHR11699	10774.0	10518.43	30.18	6.13	11.1
PTHR11692	2029.0	1992.49	10.0	1.91	3.45
PTHR11693	1356.0	1319.49	11.0	3.18	5.75
PTHR11695	17069.42	16485.27	11.0	3.09	5.59
PTHR31760	375.0	338.49	0.0	0.0	0.0
PTHR31840	311.0	274.51	0.0	0.0	0.0
PTHR31906	8861.0	8532.41	1.0	0.36	0.65
PTHR21419	1735.0	1698.49	1.0	0.22	0.41
PTHR23012	9825.14	9460.04	9.0	3.87	6.99
PTHR11101	9244.83	9062.29	3.0	0.45	0.81
PTHR11102	3860.0	3713.97	0.0	0.0	0.0
PTHR11106	1475.0	1438.49	0.0	0.0	0.0
PTHR31585	1058.0	984.98	0.0	0.0	0.0
PTHR32125	1689.0	1615.98	35.42	17.44	31.52
PTHR32120	660.0	623.49	0.0	0.0	0.0
PTHR15680	756.0	719.49	0.0	0.0	0.0
PTHR11374	2727.0	2690.49	28.0	3.95	7.15
PTHR11808	4051.0	3977.98	25.0	3.56	6.44
PTHR26312	2119.0	2009.47	1.0	0.43	0.78
PTHR12000	3589.0	3479.47	0.0	0.0	0.0
PTHR18895	5197.0	5014.45	0.0	0.0	0.0
PTHR12486	310.0	273.51	0.0	0.0	0.0
PTHR12480	2931.5	2821.97	0.0	0.0	0.0
PTHR12482	2648.0	2501.96	0.0	0.0	0.0
PTHR11042	2323.8	2177.76	0.0	0.0	0.0
PTHR12317	11480.0	11187.92	2.0	0.51	0.91
PTHR12649	1133.0	1059.98	0.0	0.0	0.0
PTHR13992	1010.0	973.49	0.0	0.0	0.0
PTHR12461	5166.5	4874.45	2.99	1.7	3.07
PTHR12466	1224.0	1151.1	0.0	0.0	0.0
PTHR10098	730.0	693.49	1.0	0.55	1.0
PTHR13847	11345.0	10979.9	6.0	1.27	2.31
PTHR22854	2025.0	1951.98	18.0	5.66	10.24
PTHR12001	2508.0	2434.98	4.0	0.75	1.36
PTHR21327	2092.0	2018.98	1.0	0.41	0.74
PTHR21631	6220.63	6038.14	57.0	12.37	22.37
PTHR22855	4856.0	4746.47	118.0	28.56	51.66
PTHR22850	7916.0	7696.94	4.0	1.24	2.23
PTHR22504	1245.0	1208.49	0.0	0.0	0.0
PTHR12189	1077.0	1040.49	0.0	0.0	0.0
PTHR21256	3501.0	3427.98	32.0	7.01	12.68
PTHR12265	718.5	681.99	0.0	0.0	0.0
PTHR12266	2672.0	2562.47	0.0	0.0	0.0
PTHR10648	4629.17	4519.64	11.0	2.72	4.91
PTHR30178	663.5	626.99	0.0	0.0	0.0
PTHR10641	13854.83	13161.16	8.0	2.43	4.4
PTHR10644	8696.0	8403.93	11.0	1.51	2.73
PTHR12864	4445.0	4262.45	0.0	0.0	0.0
PTHR12860	2162.0	2125.49	0.0	0.0	0.0
PTHR13194	3699.5	3516.95	2.0	0.63	1.14
PTHR13190	407.0	370.49	0.0	0.0	0.0
PTHR13193	487.0	450.49	0.0	0.0	0.0
PTHR11913	1060.0	1023.49	1.0	0.37	0.67
PTHR11911	6979.0	6832.96	9.0	1.63	2.94
PTHR11910	1744.0	1670.98	768.0	369.8	668.72
PTHR14950	1143.0	1106.49	0.0	0.0	0.0
PTHR11918	4955.0	4772.45	11.0	2.96	5.35
PTHR12919	714.0	677.49	3.0	1.7	3.07
PTHR12910	894.0	857.49	1.0	0.45	0.81
PTHR12917	2083.0	2009.98	0.0	0.0	0.0
PTHR11879	4955.0	4808.96	6.96	2.94	5.31
PTHR11351	3773.8	3591.26	3.0	1.98	3.57
PTHR11353	19958.94	19338.29	1516.6	328.92	594.8
PTHR11599	14014.0	13539.37	141.0	53.36	96.47
PTHR10516	16419.0	15725.31	14.0	8.67	15.66
PTHR11592	1720.0	1610.47	1.0	0.63	1.14
PTHR11659	1719.0	1682.49	4.0	0.91	1.64
PTHR31098	6203.0	6129.98	179.0	13.46	24.35
PTHR23315	6809.0	6662.96	3.0	0.96	1.74
PTHR23316	5872.0	5762.47	52.0	4.74	8.57
PTHR11778	1348.0	1311.49	6.0	1.74	3.15
PTHR11774	3154.0	3080.98	2.76	0.87	1.58
PTHR11773	3408.0	3371.49	115.19	12.97	23.46
PTHR11772	5484.5	5301.95	24.0	4.63	8.38
PTHR10357	16114.75	15822.67	175.94	15.76	28.5
PTHR10353	12020.5	11764.93	1.0	0.22	0.39
PTHR10350	2882.0	2735.97	1.0	0.33	0.6
PTHR10351	5845.0	5698.98	1.0	0.74	1.34
PTHR10359	1168.5	1095.48	0.0	0.0	0.0
PTHR31750	1356.0	1282.98	0.0	0.0	0.0
PTHR14189	761.0	687.99	0.0	0.0	0.0
PTHR32228	999.0	962.49	1.0	0.4	0.72
PTHR31245	628.0	591.49	0.0	0.0	0.0
PTHR23001	1826.0	1752.98	44.0	17.75	32.11
PTHR23002	823.0	786.49	0.0	0.0	0.0
PTHR11177	1128.0	1054.98	0.0	0.0	0.0
PTHR10445	1440.0	1366.98	13.0	6.16	11.14
PTHR11178	3282.0	3172.47	6.0	2.82	5.1
PTHR14456	938.0	864.99	0.0	0.0	0.0
PTHR31808	1868.0	1758.47	1.0	1.22	2.21
PTHR31803	1768.0	1694.98	0.0	0.0	0.0
PTHR11009	2106.0	2032.98	7.0	3.46	6.26
PTHR30075	948.0	911.49	42.0	17.62	31.86
PTHR19229	7770.0	7514.43	0.0	0.0	0.0
PTHR11482	7555.0	7408.96	102.01	24.46	44.23
PTHR11005	9856.83	9528.24	2.0	0.6	1.09
PTHR11006	6046.67	5864.11	9.0	2.74	4.96
PTHR18640	3498.0	3315.45	1.0	0.53	0.97
PTHR18866	18934.7	18642.62	187.52	20.35	36.8
PTHR12022	852.0	815.49	0.0	0.0	0.0
PTHR15074	510.0	473.49	0.0	0.0	0.0
PTHR15588	1358.5	1285.48	0.0	0.0	0.0
PTHR12677	4282.0	4099.45	1.0	0.38	0.69
PTHR19134	2604.0	2494.48	0.0	0.0	0.0
PTHR19139	1681.0	1607.98	0.0	0.0	0.0
PTHR30566	3730.0	3620.47	3.0	0.89	1.61
PTHR12459	811.5	774.99	0.0	0.0	0.0
PTHR12456	873.0	799.98	0.0	0.0	0.0
PTHR12452	586.0	549.49	0.0	0.0	0.0
PTHR11632	7366.0	7256.47	115.57	18.77	33.95
PTHR12072	3189.0	3042.96	0.0	0.0	0.0
PTHR13218	566.0	529.49	0.0	0.0	0.0
PTHR13215	570.0	533.49	0.0	0.0	0.0
PTHR13213	745.5	672.49	0.0	0.0	0.0
PTHR12290	1953.0	1879.98	0.0	0.0	0.0
PTHR21530	2807.0	2624.47	0.0	0.0	0.0
PTHR12295	3233.0	3050.49	0.0	0.0	0.0
PTHR12298	1691.5	1618.48	0.0	0.0	0.0
PTHR10638	6629.0	6482.96	10.0	2.58	4.66
PTHR10631	4339.0	4192.96	0.0	0.0	0.0
PTHR10984	5589.23	5406.68	9.0	2.13	3.85
PTHR13501	1118.0	1044.98	2.0	1.17	2.11
PTHR13505	822.0	785.49	0.0	0.0	0.0
PTHR12856	452.5	415.99	0.0	0.0	0.0
PTHR12855	1744.0	1670.98	0.0	0.0	0.0
PTHR12854	978.0	941.49	0.0	0.0	0.0
PTHR13182	1686.0	1612.98	0.0	0.0	0.0
PTHR10743	1136.0	1099.49	1.0	0.35	0.63
PTHR10742	14966.0	14454.87	57.0	12.22	22.11
PTHR10745	2893.33	2820.31	20.0	3.44	6.22
PTHR10744	1698.0	1588.48	694.96	461.66	834.83
PTHR10746	1776.0	1702.98	33.0	14.4	26.04
PTHR11099	2539.0	2502.49	1.0	0.15	0.27
PTHR12924	1210.0	1173.49	0.0	0.0	0.0
PTHR11349	1658.0	1584.98	71.37	39.09	70.68
PTHR10566	19954.88	19078.65	20.0	5.88	10.62
PTHR10293	4148.0	3965.45	6.0	2.1	3.77
PTHR10291	1777.0	1667.47	0.0	0.0	0.0
PTHR11584	10238.0	10018.94	2.0	0.79	1.43
PTHR11586	1415.0	1341.98	0.0	0.0	0.0
PTHR11909	5196.19	5050.16	350.0	66.01	119.36
PTHR24320	7712.0	7419.92	0.0	0.0	0.0
PTHR24322	15205.0	14657.36	6.0	1.91	3.45
PTHR11907	846.0	809.49	0.0	0.0	0.0
PTHR11760	881.0	844.49	505.66	229.1	414.3
PTHR11761	1546.35	1473.32	1501.11	1067.7	1930.77
PTHR11766	1269.0	1232.49	1.0	0.31	0.56
PTHR11767	3296.5	3223.48	0.0	0.0	0.0
PTHR10361	1432.0	1395.49	0.0	0.0	0.0
PTHR10366	24385.0	23618.29	522.46	185.83	336.07
PTHR10169	8687.0	8394.92	4.0	0.75	1.36
PTHR10168	3057.0	2910.96	1.0	0.36	0.65
PTHR20973	462.0	425.49	0.0	0.0	0.0
PTHR10165	583.0	546.49	0.0	0.0	0.0
PTHR31032	1629.0	1592.49	2.0	0.48	0.86
PTHR23257	87009.21	83832.97	32.0	10.32	18.67
PTHR13743	1782.5	1709.48	0.0	0.0	0.0
PTHR23253	1348.0	1274.98	0.0	0.0	0.0
PTHR14190	2378.0	2304.98	1.0	0.21	0.39
PTHR14194	6737.0	6481.43	9.0	5.41	9.79
PTHR31251	805.0	768.49	1.0	0.5	0.9
PTHR23074	8041.73	7640.14	27.0	24.2	43.77
PTHR23077	5506.0	5177.41	0.0	0.0	0.0
PTHR23076	10695.0	10329.91	23.0	7.65	13.83
PTHR12561	888.0	851.49	0.0	0.0	0.0
PTHR23073	5587.0	5331.43	268.4	127.01	229.69
PTHR23078	2296.0	2259.49	7.0	1.18	2.13
PTHR10804	14931.69	14420.54	44.0	11.65	21.06
PTHR11165	840.0	803.49	244.29	116.39	210.48
PTHR32100	1168.0	1131.49	0.0	0.0	0.0
PTHR14445	1211.5	1138.48	0.0	0.0	0.0
PTHR23109	4525.0	4451.98	2.0	0.19	0.35
PTHR31811	1248.5	1175.48	0.0	0.0	0.0
PTHR23102	1356.0	1282.98	1.0	0.42	0.75
PTHR23105	7457.0	7164.94	6367.7	2902.31	5248.35
PTHR11010	3212.0	3065.96	0.0	0.0	0.0
PTHR11014	6120.0	5937.45	3.0	1.46	2.64
PTHR12668	2111.0	2001.47	0.0	0.0	0.0
PTHR12661	1245.0	1208.49	0.0	0.0	0.0
PTHR12663	3451.0	3341.47	0.0	0.0	0.0
PTHR12664	737.0	700.49	0.0	0.0	0.0
PTHR16166	17150.83	16274.6	0.0	0.0	0.0
PTHR12446	2028.0	1881.97	0.0	0.0	0.0
PTHR12447	2178.0	2104.98	0.0	0.0	0.0
PTHR15481	749.0	712.49	0.0	0.0	0.0
PTHR26379	595.0	558.49	19.0	13.08	23.65
PTHR12599	1451.0	1377.98	1.0	0.4	0.73
PTHR12596	4251.0	4141.47	5.0	0.55	0.99
PTHR12590	637.0	600.49	0.0	0.0	0.0
PTHR12066	1662.0	1588.98	0.0	0.0	0.0
PTHR12064	6659.0	6439.94	1.0	0.54	0.98
PTHR13226	3405.0	3295.47	0.0	0.0	0.0
PTHR13889	1796.0	1759.49	0.0	0.0	0.0
PTHR13887	1145.6	1109.09	0.0	0.0	0.0
PTHR21181	451.0	414.49	0.0	0.0	0.0
PTHR13948	1350.0	1276.98	0.0	0.0	0.0
PTHR12146	565.0	528.49	1425.35	1037.85	1876.8
PTHR10458	638.0	601.49	0.0	0.0	0.0
PTHR21506	2112.0	2002.48	1.0	0.4	0.72
PTHR12280	2315.17	2169.13	0.0	0.0	0.0
PTHR12286	3371.0	3297.98	0.0	0.0	0.0
PTHR22983	3051.0	2904.96	4.0	1.41	2.55
PTHR22981	6661.33	6478.78	2.0	0.65	1.18
PTHR30191	3495.0	3458.49	103.98	11.42	20.65
PTHR13082	367.0	330.49	0.0	0.0	0.0
PTHR10629	9371.0	9042.41	1.0	0.27	0.5
PTHR10994	6285.0	6065.94	3.0	0.88	1.61
PTHR10996	7108.98	6926.43	42.0	7.99	14.44
PTHR10625	15241.5	14657.34	5.0	1.68	3.04
PTHR10992	31807.42	30529.57	6.0	3.06	5.53
PTHR17695	2712.5	2566.47	0.0	0.0	0.0
PTHR12848	5110.0	4963.96	8.0	6.33	11.44
PTHR12849	1501.0	1427.98	0.0	0.0	0.0
PTHR10943	4220.0	4110.47	4.0	0.96	1.74
PTHR12847	1677.5	1567.97	0.0	0.0	0.0
PTHR21349	1287.0	1213.98	0.0	0.0	0.0
PTHR21347	2089.0	2052.49	3.0	0.56	1.01
PTHR19861	868.0	831.49	0.0	0.0	0.0
PTHR21343	747.0	673.98	0.0	0.0	0.0
PTHR10196	4975.0	4828.96	0.0	0.0	0.0
PTHR10192	1618.67	1545.65	0.0	0.0	0.0
PTHR10751	5968.5	5785.95	2.0	0.44	0.79
PTHR10755	3311.0	3237.98	32.0	6.51	11.78
PTHR10758	2621.2	2548.19	1.0	0.2	0.36
PTHR13152	1530.0	1456.98	0.0	0.0	0.0
PTHR12932	2809.5	2699.97	0.0	0.0	0.0
PTHR12934	1630.0	1556.98	1.0	0.42	0.77
PTHR11451	8780.0	8597.45	140.99	28.95	52.35
PTHR10288	8122.33	7866.76	6.0	1.58	2.86
PTHR11800	2444.0	2370.98	1.0	0.28	0.5
PTHR11802	9034.0	8741.92	5.0	1.09	1.95
PTHR11804	12546.0	12217.41	8.0	1.81	3.27
PTHR11807	881.0	844.49	0.0	0.0	0.0
PTHR10281	1514.0	1440.98	0.0	0.0	0.0
PTHR10283	21821.0	21382.88	141.0	25.84	46.72
PTHR10285	5909.5	5726.95	3908.06	1137.61	2057.19
PTHR10286	3232.0	3122.47	3405.08	1236.74	2236.46
PTHR11579	2633.0	2523.47	1.0	0.83	1.5
PTHR13718	3246.09	3173.07	621.0	284.89	515.17
PTHR13711	4157.0	3937.95	4.0	5.21	9.43
PTHR13710	7958.5	7556.92	0.0	0.0	0.0
PTHR11977	538.0	501.49	0.0	0.0	0.0
PTHR22970	2277.0	2240.49	0.0	0.0	0.0
PTHR11972	847.0	810.49	0.0	0.0	0.0
PTHR31480	1102.0	1065.49	2.0	0.72	1.3
PTHR31485	3822.0	3712.47	2.0	0.53	0.97
PTHR11715	1494.0	1457.49	2.0	0.52	0.95
PTHR11717	1399.5	1326.48	0.0	0.0	0.0
PTHR11711	5597.0	5377.94	281.0	149.94	271.13
PTHR11712	7821.12	7565.55	165.52	43.52	78.7
PTHR10374	2329.0	2255.98	13.0	3.9	7.03
PTHR10178	10755.4	10609.36	4.0	0.21	0.38
PTHR20961	5778.0	5631.96	0.0	0.0	0.0
PTHR10173	4030.0	3847.45	3.0	1.42	2.56
PTHR10177	9132.67	8767.56	3.0	1.5	2.71
PTHR10174	11014.67	10649.56	26.0	7.93	14.34
PTHR23249	739.0	702.49	1.0	0.55	0.99
PTHR23244	11694.0	11146.39	0.0	0.0	0.0
PTHR23245	1549.0	1475.98	0.0	0.0	0.0
PTHR23240	4361.0	4178.45	0.0	0.0	0.0
PTHR14614	5876.5	5657.57	0.0	0.0	0.0
PTHR31268	2923.0	2813.47	0.0	0.0	0.0
PTHR31262	1827.0	1717.48	87875.47	110195.33	199271.17
PTHR23063	4765.0	4655.47	0.0	0.0	0.0
PTHR11620	578.0	541.49	1291.96	917.82	1659.73
PTHR11624	5602.24	5492.71	7713.07	1312.53	2373.5
PTHR11627	2836.0	2726.49	23.47	7.53	13.61
PTHR11390	4295.67	4076.62	0.0	0.0	0.0
PTHR31620	2429.0	2319.49	2.0	0.79	1.41
PTHR31319	2644.0	2570.98	1.0	0.21	0.39
PTHR14052	586.0	549.49	0.0	0.0	0.0
PTHR32118	1672.0	1635.49	47.0	10.94	19.79
PTHR14152	378.0	341.49	0.0	0.0	0.0
PTHR23117	3538.0	3355.45	0.0	0.0	0.0
PTHR23115	37278.0	36182.7	31182.28	7311.47	13221.7
PTHR11028	1872.0	1835.49	49.0	10.16	18.37
PTHR12111	2792.0	2718.98	2.0	0.68	1.23
PTHR11024	1761.0	1687.98	0.0	0.0	0.0
PTHR12841	836.0	799.49	0.0	0.0	0.0
PTHR11777	6230.0	6047.45	109.0	17.3	31.3
PTHR12616	2027.0	1953.99	0.0	0.0	0.0
PTHR12613	1210.0	1173.49	0.0	0.0	0.0
PTHR12612	814.0	777.49	0.0	0.0	0.0
PTHR32060	5529.0	5346.45	1.0	0.34	0.62
PTHR12126	2759.0	2685.98	0.0	0.0	0.0
PTHR12124	3483.0	3300.47	0.0	0.0	0.0
PTHR22734	2770.0	2696.98	3.0	0.98	1.77
PTHR12121	7224.0	6822.4	7.0	1.15	2.07
PTHR12438	1148.33	1075.34	0.0	0.0	0.0
PTHR15492	1160.5	1123.99	0.0	0.0	0.0
PTHR21426	419.0	382.49	0.0	0.0	0.0
PTHR21427	517.0	480.49	0.0	0.0	0.0
PTHR19372	1954.0	1917.49	0.0	0.0	0.0
PTHR19370	7254.0	7034.94	3.0	0.6	1.09
PTHR19376	13005.5	12676.91	32.0	4.36	7.9
PTHR19375	4401.0	4254.96	14.0	7.08	12.79
PTHR12725	2141.0	2067.98	0.0	0.0	0.0
PTHR22884	17921.3	17154.62	1.0	0.53	0.96
PTHR22883	7190.0	6970.94	0.0	0.0	0.0
PTHR22880	7784.5	7455.92	0.0	0.0	0.0
PTHR12542	4564.0	4527.49	2.0	0.17	0.3
PTHR12547	3426.0	3316.47	0.0	0.0	0.0
PTHR12436	3147.0	3037.47	0.0	0.0	0.0
PTHR21512	1253.33	1216.82	0.0	0.0	0.0
PTHR19980	1933.0	1859.98	0.0	0.0	0.0
PTHR30508	3717.0	3643.98	34.0	6.79	12.27
PTHR30502	816.0	779.49	0.0	0.0	0.0
PTHR10617	7645.25	7389.71	216.0	48.32	87.39
PTHR10615	2398.9	2325.87	22.0	5.19	9.39
PTHR13527	732.0	695.49	1.0	0.55	1.0
PTHR22958	1770.0	1660.47	0.0	0.0	0.0
PTHR22951	1459.0	1386.01	0.0	0.0	0.0
PTHR22950	23763.44	23033.25	5.0	1.76	3.17
PTHR22953	12001.36	11745.79	0.0	0.0	0.0
PTHR22952	4579.5	4396.97	1.0	0.16	0.29
PTHR22957	9351.0	9058.92	6.0	1.56	2.83
PTHR21600	2156.0	2046.48	1.0	0.3	0.54
PTHR24056	14422.5	13801.84	21.0	11.24	20.3
PTHR24054	2375.0	2301.98	52.0	15.46	27.95
PTHR24055	12579.0	12177.39	47.0	11.68	21.11
PTHR24058	5795.5	5576.46	16.0	5.57	10.09
PTHR10766	6416.0	6160.43	28.0	6.2	11.23
PTHR10762	4245.0	4171.98	0.0	0.0	0.0
PTHR30031	2474.86	2365.34	9.0	4.52	8.18
PTHR12945	1138.0	1064.98	0.0	0.0	0.0
PTHR12944	1815.0	1705.49	0.0	0.0	0.0
PTHR24128	2943.0	2833.47	1.0	0.43	0.79
PTHR13096	1951.0	1877.98	0.0	0.0	0.0
PTHR11364	2296.0	2186.47	0.0	0.0	0.0
PTHR11365	3652.0	3542.47	2.0	0.47	0.85
PTHR10548	2830.0	2647.47	1.0	1.15	2.08
PTHR11814	5997.0	5777.96	0.0	0.0	0.0
PTHR11363	2138.0	2101.49	1997.0	361.44	653.62
PTHR10543	3672.0	3562.47	0.0	0.0	0.0
PTHR11819	4581.0	4434.97	0.0	0.0	0.0
PTHR13931	5601.0	5527.98	1.0	0.16	0.29
PTHR10544	529.0	492.49	4.0	3.13	5.66
PTHR11562	972.0	935.49	4.0	1.63	2.96
PTHR11566	10155.5	9936.44	79.0	15.11	27.31
PTHR11567	3528.0	3454.98	0.0	0.0	0.0
PTHR11564	7956.0	7736.94	69.59	16.09	29.09
PTHR11962	2787.5	2641.46	0.0	0.0	0.0
PTHR11963	3703.0	3629.98	1.0	0.24	0.44
PTHR10381	9739.0	9446.92	318.0	104.11	188.29
PTHR10383	2864.0	2754.47	1.91	0.53	0.96
PTHR11932	5780.12	5634.07	72.0	9.11	16.48
PTHR11702	7764.0	7581.45	50.42	13.55	24.5
PTHR11700	1942.0	1832.47	1062.0	709.01	1282.12
PTHR10388	695.0	658.49	62.0	36.12	65.33
PTHR11709	2647.0	2573.98	0.0	0.0	0.0
PTHR10145	4052.5	3942.97	0.0	0.0	0.0
PTHR23273	3224.0	3150.98	1.0	0.27	0.48
PTHR23270	5548.0	5328.94	1.0	0.87	1.57
PTHR24305	9833.67	9541.59	2.0	0.5	0.9
PTHR23163	359.0	322.49	0.0	0.0	0.0
PTHR23050	3523.0	3376.96	108.0	33.51	60.59
PTHR23056	1191.0	1154.49	0.0	0.0	0.0
PTHR23054	1148.0	1111.49	0.0	0.0	0.0
PTHR11638	5301.98	5046.41	346.0	103.37	186.93
PTHR31783	3241.56	3095.52	2.0	0.81	1.47
PTHR23291	4570.0	4423.96	0.0	0.0	0.0
PTHR11630	15900.05	15425.42	24.0	6.12	11.07
PTHR11140	7296.0	7149.96	319.0	75.65	136.82
PTHR11141	2469.0	2395.98	17.51	6.04	10.92
PTHR11142	7221.5	6929.42	0.0	0.0	0.0
PTHR11143	588.0	551.49	174.0	121.34	219.42
PTHR11380	486.0	449.49	0.0	0.0	0.0
PTHR11384	8188.0	7786.42	1.0	0.14	0.26
PTHR32477	3007.0	2933.98	0.0	0.0	0.0
PTHR14043	1978.67	1905.69	0.0	0.0	0.0
PTHR32472	1808.67	1699.14	0.0	0.0	0.0
PTHR31658	1186.5	1077.0	0.0	0.0	0.0
PTHR14269	1947.0	1837.47	0.0	0.0	0.0
PTHR23125	28841.0	27782.22	2.0	1.1	1.98
PTHR12050	961.0	924.49	0.0	0.0	0.0
PTHR19211	14381.0	13833.35	33.0	10.3	18.64
PTHR12608	2515.0	2405.47	2.0	0.73	1.31
PTHR12604	638.0	601.49	0.0	0.0	0.0
PTHR12603	891.0	854.49	0.0	0.0	0.0
PTHR32091	729.0	692.49	0.0	0.0	0.0
PTHR32098	3096.0	2913.47	1.0	0.82	1.48
PTHR18763	535.0	498.49	0.0	0.0	0.0
PTHR22726	2516.0	2406.47	0.0	0.0	0.0
PTHR22727	3608.0	3498.47	0.0	0.0	0.0
PTHR12428	3192.5	3046.57	4.0	1.03	1.86
PTHR18968	8339.0	8119.94	236.9	37.99	68.71
PTHR12735	3620.0	3473.96	1.0	0.29	0.52
PTHR15020	9538.67	9246.58	10.0	3.82	6.93
PTHR12049	2813.5	2667.46	0.0	0.0	0.0
PTHR12558	4131.0	3911.95	0.0	0.0	0.0
PTHR12553	6468.5	6103.41	0.0	0.0	0.0
PTHR10497	541.0	504.49	293.96	224.39	405.77
PTHR10496	965.0	891.98	316.0	220.04	397.92
PTHR21569	618.0	581.49	0.0	0.0	0.0
PTHR10491	1471.0	1434.49	0.0	0.0	0.0
PTHR21567	6736.5	6444.43	1.0	0.2	0.35
PTHR13950	1384.0	1310.98	0.0	0.0	0.0
PTHR12133	1106.0	1069.49	0.0	0.0	0.0
PTHR10972	3941.0	3831.47	0.0	0.0	0.0
PTHR21704	2841.0	2694.96	0.0	0.0	0.0
PTHR10606	3303.0	3229.98	1.0	0.24	0.43
PTHR10971	1203.0	1166.49	0.0	0.0	0.0
PTHR22942	6395.0	6175.95	1.0	0.22	0.4
PTHR13395	1006.0	932.98	0.0	0.0	0.0
PTHR13803	7051.5	6832.44	4.0	0.69	1.25
PTHR21368	783.0	746.49	0.0	0.0	0.0
PTHR24067	12074.8	11490.65	33.0	17.69	31.99
PTHR24064	13096.5	12767.91	1.0	0.1	0.17
PTHR21011	511.0	474.49	0.0	0.0	0.0
PTHR10772	2083.0	1973.47	1.0	0.66	1.2
PTHR10774	6967.33	6748.27	0.0	0.0	0.0
PTHR24068	1109.0	1035.98	310.0	191.52	346.33
PTHR12959	923.0	849.99	0.0	0.0	0.0
PTHR24115	27589.4	26567.28	8.0	1.68	3.05
PTHR10961	1592.0	1555.49	0.0	0.0	0.0
PTHR11825	6422.0	6239.45	16.0	3.79	6.85
PTHR10809	2215.0	2141.98	1.0	0.25	0.45
PTHR11822	2192.0	2155.49	23.0	4.06	7.34
PTHR10803	3784.0	3637.96	13.0	3.6	6.51
PTHR10806	744.0	707.49	0.0	0.0	0.0
PTHR10552	987.0	950.49	1.0	0.4	0.73
PTHR11556	6635.0	6452.45	3361.59	1050.8	1900.2
PTHR11558	1136.0	1099.49	2.0	0.69	1.26
PTHR13773	2675.0	2565.56	0.0	0.0	0.0
PTHR11953	2514.0	2404.47	0.0	0.0	0.0
PTHR11952	8523.17	8267.67	28.0	5.37	9.72
PTHR11956	2271.0	2234.49	8.0	1.36	2.46
PTHR11959	1518.0	1444.98	14.0	5.75	10.4
PTHR11739	4705.81	4559.77	34.0	26.23	47.42
PTHR11732	20154.0	19496.82	0.0	0.0	0.0
PTHR11731	6951.0	6768.45	1.0	0.17	0.31
PTHR11730	7591.0	7335.43	878.0	223.82	404.75
PTHR11735	1937.5	1828.01	0.0	0.0	0.0
PTHR10394	770.0	733.49	1535.0	801.91	1450.12
PTHR20941	2622.5	2549.48	0.0	0.0	0.0
PTHR10150	1897.0	1823.98	0.0	0.0	0.0
PTHR31065	2949.82	2803.78	3.0	1.03	1.86
PTHR10159	6792.0	6426.92	0.0	0.0	0.0
PTHR31066	1629.0	1592.49	1.0	0.24	0.43
PTHR13604	546.0	509.53	0.0	0.0	0.0
PTHR23264	2622.0	2475.96	2.0	1.38	2.5
PTHR23269	347.0	310.5	0.0	0.0	0.0
PTHR31204	749.0	712.49	0.0	0.0	0.0
PTHR31201	1413.0	1303.47	0.0	0.0	0.0
PTHR31209	1684.0	1647.49	1.0	0.23	0.42
PTHR11607	2413.0	2230.49	0.0	0.0	0.0
PTHR11606	3625.0	3515.47	18.0	5.15	9.31
PTHR11601	5065.0	4882.45	19.0	4.79	8.67
PTHR32467	9500.5	9025.87	6.0	1.93	3.49
PTHR14255	4482.0	4262.94	0.0	0.0	0.0
PTHR23130	6246.0	6099.96	3.0	0.68	1.24
PTHR23133	719.0	682.49	3.0	1.69	3.05
PTHR23135	1814.0	1777.49	0.0	0.0	0.0
PTHR23138	3409.5	3336.48	1.0	0.17	0.31
PTHR23139	3213.5	3030.95	1.0	0.46	0.84
PTHR31682	2723.0	2576.98	14.0	4.28	7.73
PTHR11040	4812.5	4556.95	0.0	0.0	0.0
PTHR11043	1483.0	1409.98	2.0	1.22	2.21
PTHR11048	6365.0	6145.94	18.0	3.54	6.4
PTHR15818	1445.0	1371.98	0.0	0.0	0.0
PTHR12636	903.0	866.49	13.0	5.74	10.38
PTHR14493	33868.5	32554.17	14.0	3.25	5.87
PTHR15651	1896.0	1822.98	0.0	0.0	0.0
PTHR12380	2078.0	1968.47	0.0	0.0	0.0
PTHR12385	3979.0	3869.47	2.0	0.37	0.66
PTHR12706	8402.0	8146.44	0.0	0.0	0.0
PTHR30573	2261.0	2224.49	0.0	0.0	0.0
PTHR12709	1771.0	1697.98	0.0	0.0	0.0
PTHR19957	5079.5	4787.44	7.0	4.23	7.65
PTHR30239	2001.0	1964.49	0.0	0.0	0.0
PTHR12560	4765.0	4618.96	0.0	0.0	0.0
PTHR11751	18353.05	17805.4	145.94	33.95	61.4
PTHR12770	6350.0	6167.45	5.0	0.96	1.75
PTHR12097	3976.0	3902.98	148.0	16.67	30.14
PTHR19842	1329.0	1292.49	23.0	6.79	12.27
PTHR11752	19395.14	18811.04	3.0	1.43	2.58
PTHR21576	4772.5	4553.44	1.0	0.51	0.92
PTHR24193	7871.5	7469.89	0.0	0.0	0.0
PTHR12419	4303.0	4156.96	0.0	0.0	0.0
PTHR23338	3052.0	2942.47	12.0	6.3	11.39
PTHR30525	1647.0	1610.49	33.0	7.8	14.11
PTHR12413	2886.0	2776.49	0.0	0.0	0.0
PTHR12412	2966.0	2856.47	1.0	0.24	0.43
PTHR12411	10893.0	10600.92	6.0	1.08	1.95
PTHR23339	3237.0	3090.96	0.0	0.0	0.0
PTHR12415	1028.0	954.98	0.0	0.0	0.0
PTHR10947	2171.0	2097.98	2.98	1.02	1.84
PTHR21717	1894.0	1784.48	0.0	0.0	0.0
PTHR21712	1614.0	1540.98	0.0	0.0	0.0
PTHR12897	832.0	759.0	0.0	0.0	0.0
PTHR12894	3571.17	3352.17	0.0	0.0	0.0
PTHR12891	987.0	950.49	0.0	0.0	0.0
PTHR22976	5470.0	5396.98	36.99	3.13	5.65
PTHR22975	1280.5	1207.49	0.0	0.0	0.0
PTHR20922	2124.0	2014.48	0.0	0.0	0.0
PTHR21377	1384.0	1310.98	0.0	0.0	0.0
PTHR21371	1784.0	1747.49	2238.99	487.74	882.0
PTHR21373	2454.0	2307.98	0.0	0.0	0.0
PTHR22573	8049.0	7866.45	66.99	11.93	21.57
PTHR22572	8190.69	7898.59	157.33	31.46	56.91
PTHR21000	3048.0	3011.49	63.04	7.95	14.38
PTHR10701	669.5	632.99	0.0	0.0	0.0
PTHR13161	642.0	605.49	0.0	0.0	0.0
PTHR13162	6853.0	6743.47	6.0	2.68	4.84
PTHR13165	779.0	742.49	0.0	0.0	0.0
PTHR21396	676.0	639.49	1.0	0.6	1.09
PTHR12965	2221.0	2147.98	0.0	0.0	0.0
PTHR13068	6170.0	5950.94	0.0	0.0	0.0
PTHR24106	8204.33	7948.76	4.0	0.85	1.53
PTHR24103	2986.0	2803.45	0.0	0.0	0.0
PTHR11540	5546.0	5399.96	665.17	157.78	285.33
PTHR10836	3072.0	2925.96	3622.59	2269.54	4104.09
PTHR10835	1541.0	1504.49	0.0	0.0	0.0
PTHR11545	1576.0	1502.98	208.0	105.7	191.15
PTHR10012	1188.0	1151.49	1.0	0.33	0.6
PTHR13768	2811.0	2737.98	0.0	0.0	0.0
PTHR24078	8272.0	7979.92	1.0	0.19	0.35
PTHR11946	24353.0	23732.35	163.33	28.9	52.26
PTHR11947	5221.0	5074.96	6.72	1.46	2.64
PTHR11941	5904.0	5721.45	14.0	4.87	8.82
PTHR24072	2293.0	2219.98	2.0	0.49	0.88
PTHR24073	11493.0	10981.88	173.0	112.62	203.67
PTHR24076	11984.67	11364.1	4.0	2.39	4.32
PTHR24077	8004.5	7675.91	2.0	0.62	1.12
PTHR11728	5891.0	5781.47	11.04	1.98	3.57
PTHR11726	1210.0	1136.98	1287.0	960.45	1736.82
PTHR11727	2105.0	1995.47	11.0	5.29	9.56
PTHR11721	568.0	531.49	2074.0	1501.51	2715.25
PTHR11722	812.0	775.49	19.0	9.38	16.97
PTHR10120	1541.0	1504.49	0.0	0.0	0.0
PTHR10122	753.0	716.49	4.0	2.14	3.87
PTHR11831	1447.0	1373.98	4564.34	2607.3	4714.91
PTHR11835	4293.0	4146.96	81.0	23.9	43.23
PTHR11614	4025.0	3915.47	0.0	0.0	0.0
PTHR11615	7103.46	6884.42	131.06	21.31	38.53
PTHR11618	1207.0	1170.49	0.0	0.0	0.0
PTHR14140	1860.0	1823.49	3.0	0.63	1.13
PTHR32419	2402.0	2328.98	1.0	0.32	0.58
PTHR10231	881.0	844.49	0.0	0.0	0.0
PTHR10233	6024.0	5841.47	5.1	0.84	1.53
PTHR31503	6237.0	6090.96	4.0	1.58	2.85
PTHR23147	1832.57	1759.55	0.0	0.0	0.0
PTHR23140	1254.0	1217.49	0.0	0.0	0.0
PTHR23142	2653.5	2580.48	0.0	0.0	0.0
PTHR23149	520.0	483.49	0.0	0.0	0.0
PTHR23148	908.0	871.49	0.0	0.0	0.0
PTHR31695	2548.0	2511.49	2.0	0.3	0.55
PTHR11056	1646.5	1609.99	0.0	0.0	0.0
PTHR11055	1524.59	1488.07	808.99	207.12	374.55
PTHR32523	2139.5	1993.52	0.0	0.0	0.0
PTHR10540	951.0	914.49	1.0	0.42	0.76
PTHR19359	2017.0	1943.98	0.0	0.0	0.0
PTHR12629	731.5	694.99	0.0	0.0	0.0
PTHR18945	1828.0	1791.49	0.0	0.0	0.0
PTHR26402	9264.5	8972.42	3.0	0.3	0.54
PTHR19384	8442.0	8113.41	2022.29	536.97	971.01
PTHR12714	2205.5	2132.48	0.0	0.0	0.0
PTHR32251	1284.0	1247.49	0.0	0.0	0.0
PTHR12570	1832.0	1758.98	0.0	0.0	0.0
PTHR21494	335.0	298.5	0.0	0.0	0.0
PTHR21496	3603.33	3457.29	7.0	2.97	5.38
PTHR21493	17883.0	17298.89	2.0	0.7	1.28
PTHR21499	5503.0	5393.47	44.41	6.27	11.34
PTHR21148	3068.0	2994.98	2.0	0.41	0.75
PTHR12083	2585.0	2511.98	1.0	0.2	0.36
PTHR22904	13280.13	12659.47	122.0	82.74	149.62
PTHR13976	3383.0	3200.45	1.0	0.3	0.55
PTHR13353	2898.0	2788.47	0.0	0.0	0.0
PTHR12406	13425.5	13060.4	0.9	0.36	0.65
PTHR16128	3193.0	2973.94	0.0	0.0	0.0
PTHR12400	844.0	807.49	0.0	0.0	0.0
PTHR13572	3551.5	3441.97	0.0	0.0	0.0
PTHR30314	3096.0	2949.98	3.0	0.89	1.62
PTHR12882	532.0	495.49	0.0	0.0	0.0
PTHR12883	1361.0	1324.49	0.0	0.0	0.0
PTHR16255	6306.0	6123.45	2.0	0.65	1.17
PTHR16254	5947.5	5764.96	1.0	0.15	0.28
PTHR22960	2954.0	2880.98	0.0	0.0	0.0
PTHR13373	1719.0	1645.98	0.0	0.0	0.0
PTHR13375	1812.78	1703.27	0.0	0.0	0.0
PTHR22967	3191.0	3044.98	0.0	0.0	0.0
PTHR19858	2601.0	2491.47	0.0	0.0	0.0
PTHR30222	624.0	587.49	0.0	0.0	0.0
PTHR13115	1677.0	1640.49	1.0	0.23	0.42
PTHR13117	1505.0	1468.49	0.0	0.0	0.0
PTHR13285	1765.0	1728.49	0.0	0.0	0.0
PTHR13288	781.0	744.49	0.0	0.0	0.0
PTHR10953	13705.5	13267.4	50.66	9.24	16.71
PTHR21726	1386.0	1312.98	0.0	0.0	0.0
PTHR10956	813.0	739.99	191.0	165.9	300.0
PTHR10826	1832.0	1758.98	0.0	0.0	0.0
PTHR11533	7581.6	7472.07	79.0	10.28	18.59
PTHR11532	1548.0	1511.49	0.0	0.0	0.0
PTHR10000	1901.0	1827.98	0.0	0.0	0.0
PTHR13021	932.0	895.49	1.0	0.43	0.77
PTHR24007	2042.0	1932.48	0.0	0.0	0.0
PTHR24003	16050.0	15538.86	3.0	0.98	1.78
PTHR31446	1604.0	1530.98	1.0	0.35	0.64
PTHR31442	1471.0	1361.47	0.0	0.0	0.0
PTHR11441	820.5	783.99	0.0	0.0	0.0
PTHR11440	3164.0	3054.47	0.0	0.0	0.0
PTHR11999	7109.5	6926.95	43.0	4.68	8.46
PTHR11449	1060.0	986.98	6803.85	4476.97	8095.91
PTHR11994	1296.0	1259.49	0.0	0.0	0.0
PTHR11706	3603.0	3529.98	0.0	0.0	0.0
PTHR10133	8084.5	7792.43	4.55	1.05	1.89
PTHR21649	12106.82	11595.74	60786.01	76919.94	139097.8
PTHR13620	8231.5	7902.92	2.0	0.99	1.79
PTHR11705	4630.0	4520.48	0.0	0.0	0.0
PTHR11847	803.23	766.72	1077.94	538.46	973.73
PTHR11843	798.0	761.49	4310.82	2168.34	3921.11
PTHR13138	1573.0	1499.98	0.0	0.0	0.0
PTHR11661	1836.0	1726.47	2044.86	1299.3	2349.6
PTHR11662	33707.33	32466.06	16.0	6.92	12.52
PTHR11669	4829.0	4682.96	15.0	5.38	9.7
PTHR11668	11714.0	11348.88	224.47	62.83	113.6
PTHR20856	11905.95	11723.39	48.99	5.67	10.25
PTHR20854	4820.0	4673.96	2.0	0.53	0.95
PTHR20855	3546.0	3472.98	1.0	0.16	0.28
PTHR20852	5273.0	5053.96	106.0	28.98	52.41
PTHR32404	1129.5	1056.48	0.0	0.0	0.0
PTHR20858	2330.5	2220.97	0.0	0.0	0.0
PTHR10634	444.0	407.49	0.0	0.0	0.0
PTHR30603	2030.0	1956.98	0.0	0.0	0.0
PTHR11817	12674.52	12345.93	83.81	17.4	31.47
PTHR14237	6360.0	6213.96	0.0	0.0	0.0
PTHR10738	348.0	311.5	0.0	0.0	0.0
PTHR23155	13496.67	13168.1	40.0	3.51	6.35
PTHR23153	2864.0	2717.96	1.0	0.39	0.71
PTHR14894	1775.0	1701.98	0.0	0.0	0.0
PTHR11063	4104.0	4030.98	1.0	0.15	0.27
PTHR11062	6905.75	6577.18	0.0	0.0	0.0
PTHR11061	6242.5	5950.42	0.0	0.0	0.0
PTHR11065	3828.0	3681.96	2.0	0.6	1.1
PTHR11064	2175.0	2065.47	1.0	0.47	0.85
PTHR11260	9770.0	9441.41	3.0	1.11	2.02
PTHR11264	1027.0	990.49	0.0	0.0	0.0
PTHR11266	10281.0	9915.9	1.0	0.69	1.25
PTHR12858	3933.0	3786.96	2.0	1.95	3.52
PTHR31998	2816.0	2779.49	130.0	17.77	32.14
PTHR31221	1902.0	1792.47	0.0	0.0	0.0
PTHR15838	1069.0	959.48	0.0	0.0	0.0
PTHR12850	512.0	475.49	877.0	710.94	1285.62
PTHR22836	1265.0	1228.49	0.0	0.0	0.0
PTHR32338	1555.0	1518.49	18.11	4.54	8.22
PTHR31407	4250.5	4067.95	0.0	0.0	0.0
PTHR12363	5264.0	4971.92	0.0	0.0	0.0
PTHR18952	988.0	951.49	0.0	0.0	0.0
PTHR25040	3659.0	3585.98	4.0	0.85	1.54
PTHR12765	523.0	486.49	0.0	0.0	0.0
PTHR12505	1705.5	1632.48	0.0	0.0	0.0
PTHR22604	2994.0	2920.98	1.0	0.23	0.41
PTHR21481	1125.0	1088.49	0.0	0.0	0.0
PTHR22778	3162.5	3016.46	0.0	0.0	0.0
PTHR12169	2484.33	2338.31	0.0	0.0	0.0
PTHR19446	2182.0	2072.47	0.0	0.0	0.0
PTHR12219	1398.0	1324.98	1.0	0.41	0.74
PTHR13561	1947.0	1837.47	0.0	0.0	0.0
PTHR13563	1485.0	1411.98	0.0	0.0	0.0
PTHR12210	6063.0	5807.48	2.0	0.75	1.36
PTHR12215	1633.8	1524.29	0.0	0.0	0.0
PTHR12214	1132.0	1058.98	0.0	0.0	0.0
PTHR22915	10703.5	10411.43	4.0	0.57	1.03
PTHR22911	3328.0	3181.96	0.0	0.0	0.0
PTHR22912	15759.0	15393.9	391.95	82.47	149.13
PTHR12183	610.0	573.49	0.0	0.0	0.0
PTHR19849	895.0	821.98	0.0	0.0	0.0
PTHR22594	7644.0	7351.92	39.0	12.72	23.0
PTHR21152	4694.92	4585.39	44.0	11.86	21.46
PTHR21021	1425.0	1351.98	0.0	0.0	0.0
PTHR13102	2074.0	2000.98	0.0	0.0	0.0
PTHR12984	2738.0	2664.98	0.0	0.0	0.0
PTHR23293	4769.0	4659.47	113.0	27.25	49.27
PTHR13299	1039.0	1002.49	0.0	0.0	0.0
PTHR10925	1718.0	1644.98	0.0	0.0	0.0
PTHR21737	1782.0	1708.98	14.0	5.06	9.16
PTHR10920	3368.0	3185.45	2.0	1.2	2.16
PTHR10855	2934.0	2860.98	1.0	0.2	0.37
PTHR10585	2342.0	2268.98	56.13	19.91	36.0
PTHR10584	12749.0	12274.41	8.0	2.51	4.53
PTHR11528	7856.0	7563.94	1107.67	354.14	640.43
PTHR11527	3319.0	3172.96	4.0	2.29	4.14
PTHR11525	1433.0	1396.49	0.0	0.0	0.0
PTHR10859	2258.5	2075.96	0.0	0.0	0.0
PTHR10589	1895.67	1822.64	1.0	0.34	0.62
PTHR10588	7054.0	6798.43	0.0	0.0	0.0
PTHR13038	2607.0	2570.49	3.0	0.44	0.8
PTHR13748	11726.21	11324.61	9.0	2.9	5.24
PTHR10026	3008.0	2861.96	0.0	0.0	0.0
PTHR24015	14351.4	13876.86	13.0	2.58	4.67
PTHR24012	25499.26	24330.95	14.0	7.27	13.16
PTHR24011	24935.43	23730.71	479.24	118.73	214.7
PTHR31187	3785.0	3602.45	0.0	0.0	0.0
PTHR21145	717.0	680.49	0.0	0.0	0.0
PTHR10459	6943.0	6723.94	0.0	0.0	0.0
PTHR11453	1494.0	1384.47	0.0	0.0	0.0
PTHR10108	34179.0	32937.68	41.0	13.93	25.2
PTHR11986	10385.5	10129.93	305.0	74.34	134.43
PTHR11455	8947.0	8582.02	9.0	2.13	3.86
PTHR10102	2174.0	2100.98	1.0	0.26	0.47
PTHR11458	1512.0	1475.49	39.0	10.07	18.21
PTHR10106	839.0	802.49	0.0	0.0	0.0
PTHR31057	1617.0	1507.47	0.0	0.0	0.0
PTHR30115	905.0	868.49	0.0	0.0	0.0
PTHR11851	21799.0	20995.79	132.0	20.89	37.78
PTHR23092	5598.5	5379.45	0.0	0.0	0.0
PTHR23091	11216.5	10668.97	0.0	0.0	0.0
PTHR11673	808.0	771.49	144.0	71.48	129.27
PTHR11670	6956.01	6846.47	409.0	70.19	126.91
PTHR11671	993.0	956.49	21.0	8.39	15.17
PTHR20863	2102.0	2028.98	0.0	0.0	0.0
PTHR20861	602.0	565.49	0.0	0.0	0.0
PTHR11679	7639.67	7347.59	2.0	0.82	1.48
PTHR14009	3523.0	3449.98	5.0	1.0	1.8
PTHR10217	14112.0	13710.39	1.0	0.19	0.35
PTHR14005	2778.0	2741.49	102.52	14.21	25.7
PTHR10210	3946.0	3799.96	67.0	20.53	37.13
PTHR31522	1274.0	1237.49	0.0	0.0	0.0
PTHR14221	1577.0	1503.98	0.0	0.0	0.0
PTHR11079	4628.0	4408.96	0.0	0.0	0.0
PTHR11076	7789.0	7350.88	0.0	0.0	0.0
PTHR11070	3853.0	3706.96	1.0	0.25	0.45
PTHR11071	20773.59	19787.86	685.69	295.11	533.65
PTHR11278	1118.0	1044.98	1700.46	980.99	1773.97
PTHR11276	2453.0	2343.47	0.0	0.0	0.0
PTHR11274	2483.0	2409.98	2.0	0.47	0.85
PTHR14136	3866.0	3719.96	3.0	1.35	2.45
PTHR31984	3177.5	3067.97	0.0	0.0	0.0
PTHR15350	2237.0	2163.98	0.0	0.0	0.0
PTHR15606	3041.0	2894.97	0.0	0.0	0.0
PTHR12374	1688.0	1578.47	0.0	0.0	0.0
PTHR12375	1179.0	1142.49	0.0	0.0	0.0
PTHR12378	3318.0	3171.96	0.0	0.0	0.0
PTHR18929	7457.77	7129.18	296.29	64.36	116.38
PTHR31724	1774.5	1701.48	0.0	0.0	0.0
PTHR30535	1118.5	1081.99	0.0	0.0	0.0
PTHR12777	907.0	870.49	45.0	19.77	35.76
PTHR12775	1711.0	1637.98	1.0	0.36	0.66
PTHR24352	4244.0	4134.47	6.0	2.1	3.77
PTHR16092	733.0	696.49	0.0	0.0	0.0
PTHR11035	890.0	853.49	0.0	0.0	0.0
PTHR22298	7183.0	6963.94	150.0	16.31	29.5
PTHR12174	2796.0	2686.47	1.0	0.35	0.64
PTHR12175	920.0	883.49	0.0	0.0	0.0
PTHR12176	5229.0	5009.94	0.0	0.0	0.0
PTHR22769	7929.0	7600.41	2.0	0.54	0.98
PTHR22767	3842.0	3659.45	0.0	0.0	0.0
PTHR22765	10029.33	9773.77	0.0	0.0	0.0
PTHR22762	5756.0	5646.47	5.0	0.6	1.09
PTHR22763	2009.0	1899.47	0.0	0.0	0.0
PTHR22761	2682.0	2572.47	9.0	3.4	6.14
PTHR21231	2425.0	2351.98	0.0	0.0	0.0
PTHR21230	1491.0	1417.98	0.0	0.0	0.0
PTHR21234	2538.5	2465.48	0.0	0.0	0.0
PTHR21237	3602.92	3493.38	14.0	5.31	9.61
PTHR12202	838.0	764.99	0.0	0.0	0.0
PTHR12203	1331.0	1257.98	1.0	0.43	0.78
PTHR19857	1223.0	1186.49	0.0	0.0	0.0
PTHR13355	654.0	617.49	0.0	0.0	0.0
PTHR19855	1777.5	1740.99	0.0	0.0	0.0
PTHR19852	400.0	363.49	0.0	0.0	0.0
PTHR19853	3673.0	3490.46	0.0	0.0	0.0
PTHR12197	10777.83	10157.24	2.0	0.83	1.5
PTHR13822	1158.0	1121.49	1.0	0.34	0.62
PTHR32442	1726.0	1689.49	0.0	0.0	0.0
PTHR10344	740.0	703.49	0.0	0.0	0.0
PTHR21319	6273.0	6090.45	8.0	1.91	3.45
PTHR10732	598.0	561.49	2155.37	1475.87	2668.89
PTHR10739	3321.0	3211.47	8.0	3.6	6.51
PTHR12992	538.0	501.5	0.0	0.0	0.0
PTHR22838	1785.0	1748.49	0.0	0.0	0.0
PTHR22881	1455.0	1381.98	1.0	0.65	1.17
PTHR11588	3081.0	2971.47	1528.0	327.77	592.72
PTHR11934	1832.0	1758.98	98.0	40.62	73.45
PTHR10693	980.5	943.99	0.0	0.0	0.0
PTHR10938	1703.0	1666.49	2.0	0.46	0.83
PTHR10934	918.0	881.49	74.0	32.11	58.06
PTHR14490	892.0	818.98	0.0	0.0	0.0
PTHR11510	2448.0	2411.49	13.0	2.05	3.71
PTHR11516	4644.5	4498.46	258.19	118.55	214.39
PTHR10025	3154.0	2971.45	1.0	0.67	1.22
PTHR10027	4664.0	4481.45	0.0	0.0	0.0
PTHR13009	1712.0	1675.49	0.0	0.0	0.0
PTHR13007	785.0	748.49	1.0	0.51	0.93
PTHR11863	2241.0	2167.98	1.0	0.46	0.82
PTHR17901	673.0	636.49	0.0	0.0	0.0
PTHR24351	1664.0	1590.98	2.0	0.72	1.3
PTHR20981	688.0	651.49	913.46	538.01	972.91
PTHR20982	865.0	828.49	0.0	0.0	0.0
PTHR11864	3993.0	3846.96	1.0	0.26	0.46
PTHR11467	580.0	543.49	0.0	0.0	0.0
PTHR10119	8240.0	8093.96	41.99	8.45	15.27
PTHR10114	441.0	404.49	4.0	3.82	6.91
PTHR10110	7028.5	6882.46	0.0	0.0	0.0
PTHR11469	2800.0	2726.98	146.95	27.44	49.62
PTHR10598	2522.5	2485.99	0.0	0.0	0.0
PTHR24286	7936.0	7680.44	7.0	1.46	2.64
PTHR23429	3475.0	3401.98	12.11	2.76	4.99
PTHR23426	1911.5	1801.97	0.0	0.0	0.0
PTHR10593	2730.0	2656.98	2.0	0.59	1.05
