GeneFamily	length	effective_length	expected_count	TPM	FPKM
PTHR11649	19542.55	18909.74	2923.39	234.24	176.42
PTHR31089	793.0	750.81	51.0	6.91	5.2
PTHR31085	5326.99	5116.08	467.01	41.38	31.17
PTHR11647	3291.52	3207.15	702.0	33.14	24.96
PTHR11645	1348.18	1306.0	633.03	49.07	36.97
PTHR11885	2326.0	2283.81	13490.14	596.51	449.33
PTHR10209	9023.23	8727.94	1547.85	102.99	77.58
PTHR32429	4907.0	4780.43	9613.02	515.27	388.14
PTHR31423	605.0	562.82	83.0	15.05	11.34
PTHR31551	787.0	744.81	166.0	22.67	17.08
PTHR32195	2094.87	2010.49	179.0	18.83	14.19
PTHR11081	4979.0	4810.26	90.0	6.36	4.79
PTHR11080	5635.24	5466.5	942.0	69.43	52.31
PTHR11082	10117.74	9822.44	1552.25	100.41	75.62
PTHR11085	7662.1	7409.11	2147.88	140.51	105.83
PTHR11089	7607.25	7185.43	684.0	94.38	71.1
PTHR32518	6957.04	6830.49	3640.05	165.26	124.47
PTHR11247	4607.0	4480.43	1226.81	52.88	39.83
PTHR11246	6455.31	6328.75	1376.0	58.88	44.35
PTHR32512	3435.68	3309.13	458.71	47.53	35.8
PTHR23088	6126.62	6000.09	2718.28	128.0	96.41
PTHR23089	4604.92	4478.35	808.0	41.94	31.6
PTHR23081	2810.6	2641.86	174.0	26.67	20.08
PTHR23083	38520.91	37339.78	3888.51	271.83	204.75
PTHR23084	7366.79	7029.34	559.97	47.14	35.5
PTHR23086	9511.27	9300.33	5759.04	242.78	182.88
PTHR18806	5150.16	5065.79	2664.86	105.48	79.46
PTHR11880	2798.0	2713.62	9499.26	757.91	570.9
PTHR31953	7764.83	7385.21	644.68	68.82	51.85
PTHR15184	9367.04	9156.1	7931.21	336.1	253.18
PTHR15341	583.15	540.98	82.0	15.48	11.66
PTHR32357	1333.12	1206.58	203.0	51.65	38.9
PTHR15169	2461.15	2376.77	599.08	47.38	35.68
PTHR12341	10574.94	10195.27	572.0	49.87	37.57
PTHR15160	2326.43	2242.07	991.51	70.4	53.03
PTHR18937	19732.67	19268.65	2054.74	75.41	56.79
PTHR18934	21906.66	21020.88	2590.32	215.31	162.17
PTHR10997	15297.55	14833.49	2256.11	164.56	123.96
PTHR12742	4482.94	4356.37	1177.0	77.26	58.19
PTHR12741	1165.83	1123.65	158.05	14.26	10.74
PTHR16557	918.0	875.81	11.0	1.28	0.96
PTHR19288	7286.72	7075.79	556.0	43.05	32.42
PTHR13902	6530.73	6277.61	1408.05	104.49	78.7
PTHR13903	2127.85	2043.52	316.0	37.12	27.96
PTHR22753	7522.0	7395.43	622.34	23.67	17.82
PTHR22939	22895.82	22305.21	2871.0	171.8	129.41
PTHR16266	2605.14	2478.58	106.01	14.9	11.22
PTHR30612	3257.85	3173.52	470.0	19.5	14.7
PTHR22932	1231.0	1188.81	721.02	61.45	46.29
PTHR22931	10674.15	10505.4	18899.95	803.84	605.5
PTHR12233	3837.84	3795.65	1195.0	31.75	23.91
PTHR10993	975.61	933.44	62.0	6.74	5.08
PTHR31038	998.0	955.81	172.82	18.35	13.82
PTHR13832	66848.81	65583.29	18735.41	646.03	486.62
PTHR21139	1812.0	1769.81	3217.15	183.77	138.43
PTHR21136	7720.5	7425.23	2789.76	233.25	175.69
PTHR12526	55826.37	54560.95	12380.27	550.46	414.63
PTHR13120	1814.0	1771.81	467.0	26.65	20.07
PTHR22809	2070.53	1986.16	108.0	10.69	8.05
PTHR22807	7538.29	7200.84	540.99	51.91	39.1
PTHR20661	1827.81	1701.27	108.0	18.41	13.86
PTHR10900	4752.31	4667.93	2198.88	75.38	56.78
PTHR10906	5723.0	5596.43	1313.63	55.97	42.16
PTHR10909	15622.77	15243.16	5018.5	302.51	227.87
PTHR10055	1434.0	1391.81	279.0	20.29	15.28
PTHR10057	4823.69	4654.94	2892.1	258.3	194.57
PTHR10052	948.0	905.81	17662.93	1979.99	1491.45
PTHR13017	1210.0	1167.81	101.0	8.76	6.6
PTHR13018	16711.6	16331.89	4786.97	159.34	120.03
PTHR10694	9252.97	8831.1	718.0	75.65	56.99
PTHR12839	2952.14	2825.59	311.01	31.78	23.94
PTHR12835	3567.75	3441.19	503.0	40.35	30.39
PTHR24031	73937.69	71448.92	41704.89	2117.65	1595.13
PTHR24032	1310.72	1226.36	58.0	9.82	7.4
PTHR24349	47761.87	46496.32	19896.58	821.99	619.14
PTHR24619	3478.39	3351.86	354.0	43.26	32.6
PTHR24343	28762.68	27876.78	15989.27	760.14	572.58
PTHR11472	8159.17	7864.09	466.0	50.01	37.68
PTHR11476	983.0	940.81	93.0	10.03	7.56
PTHR11477	1362.73	1278.37	110.0	14.37	10.82
PTHR24305	13224.96	12760.93	3235.9	226.42	170.54
PTHR10476	3716.0	3631.62	2212.0	119.53	90.03
PTHR11538	4773.0	4688.62	2606.46	121.82	91.76
PTHR24290	5652.51	5483.8	301.19	12.98	9.77
PTHR23413	1231.33	1146.97	25348.51	3325.78	2505.18
PTHR23417	1901.47	1817.1	164.0	19.11	14.39
PTHR23415	1625.0	1582.81	289.0	18.47	13.91
PTHR10871	1421.0	1336.64	17281.13	2596.53	1955.86
PTHR10877	6786.08	6490.98	767.04	38.08	28.68
PTHR11879	6284.01	6157.46	5011.16	222.94	167.93
PTHR24316	9627.49	9374.36	7106.11	375.66	282.98
PTHR31096	6752.44	6625.87	762.94	37.4	28.17
PTHR31098	6111.0	6026.62	2155.02	66.86	50.36
PTHR11655	2883.57	2757.01	19269.26	2343.43	1765.22
PTHR11652	1951.0	1824.45	19873.18	3325.25	2504.78
PTHR10436	8738.89	8359.25	702.07	80.65	60.75
PTHR20883	5831.14	5662.42	1024.98	70.56	53.17
PTHR11895	9894.39	9641.3	5238.76	192.38	144.91
PTHR10277	7042.76	6958.38	4980.75	146.92	110.66
PTHR14027	1470.82	1428.64	493.0	34.92	26.3
PTHR12049	4697.0	4528.25	273.0	25.26	19.03
PTHR24095	7988.82	7693.69	13667.32	495.25	373.04
PTHR23180	9142.46	8805.04	4809.15	268.51	202.25
PTHR14593	3164.54	3037.99	345.0	31.25	23.54
PTHR11093	2534.06	2491.88	875.0	35.45	26.7
PTHR11096	2076.41	1992.04	207.0	25.33	19.08
PTHR23346	8761.38	8634.83	942.0	29.84	22.48
PTHR10309	2059.49	2017.3	588.02	29.45	22.18
PTHR11252	2270.25	2185.93	403.0	41.0	30.88
PTHR11254	19635.18	19002.4	3690.98	202.67	152.67
PTHR11255	4284.0	4199.62	660.86	27.77	20.92
PTHR14110	5033.0	4864.25	2648.59	192.23	144.79
PTHR14374	1623.0	1580.81	45.0	2.88	2.17
PTHR18838	2131.53	2089.34	559.0	27.03	20.36
PTHR12687	3310.48	3226.14	286.0	11.08	8.35
PTHR15157	4933.1	4722.2	733.0	56.93	42.87
PTHR18901	11436.18	11140.91	4743.89	203.77	153.48
PTHR12755	810.0	767.81	45.0	5.96	4.49
PTHR12750	7028.0	6648.34	539.99	78.38	59.01
PTHR12753	1132.0	1089.81	95.0	8.84	6.66
PTHR15574	6877.86	6540.45	492.0	49.7	37.44
PTHR24007	1664.0	1579.63	144.75	18.1	13.64
PTHR13931	8111.18	7900.25	1507.0	64.17	48.34
PTHR31811	1601.0	1516.63	68.0	9.12	6.87
PTHR12358	4706.08	4453.1	220.0	29.3	22.07
PTHR22748	3616.34	3447.6	523.99	69.67	52.48
PTHR12356	3120.0	2993.47	181.0	13.37	10.08
PTHR12221	1641.42	1557.06	241.02	27.37	20.62
PTHR12226	1327.0	1284.81	466.02	36.73	27.67
PTHR19876	5525.0	5398.44	1538.5	82.36	62.05
PTHR19877	2683.0	2598.62	18229.09	1266.59	954.08
PTHR31190	9040.0	8871.26	2069.04	54.5	41.05
PTHR13803	7022.0	6853.26	1595.95	76.2	57.4
PTHR12537	1455.0	1412.81	136.0	9.74	7.34
PTHR12532	2379.0	2336.81	198.0	8.56	6.44
PTHR13486	1307.0	1264.81	107.0	8.57	6.45
PTHR20275	2360.98	2276.64	439.0	29.94	22.56
PTHR13489	600.0	557.82	20.0	3.66	2.76
PTHR17583	4440.29	4187.2	308.0	47.43	35.72
PTHR13572	1602.0	1559.81	59.0	3.83	2.88
PTHR24198	25665.01	24947.89	3606.78	218.89	164.87
PTHR10048	3303.0	3092.09	387.0	50.13	37.77
PTHR10046	5127.19	4916.3	860.0	65.45	49.3
PTHR10044	3766.0	3639.43	393.0	28.67	21.6
PTHR13060	1219.16	1176.97	59.0	5.08	3.83
PTHR10687	1239.24	1197.05	352.0	29.79	22.44
PTHR13069	1921.44	1794.91	190.0	33.58	25.31
PTHR13068	6073.44	5946.88	806.06	37.94	28.59
PTHR10682	1088.0	1045.81	253.0	24.54	18.48
PTHR10683	6815.99	6647.23	5971.08	302.66	227.99
PTHR12829	1279.0	1236.81	46.0	3.77	2.84
PTHR12820	2659.0	2574.62	212.26	16.69	12.57
PTHR12826	1629.0	1586.81	302.0	19.25	14.5
PTHR12827	4007.0	3753.94	100.0	15.22	11.46
PTHR17920	2042.0	1957.63	188.0	18.19	13.69
PTHR10137	2088.0	2045.81	870.66	43.0	32.39
PTHR11405	10972.43	10761.5	5006.9	204.56	154.08
PTHR11404	3405.2	3320.83	5062.33	248.93	187.51
PTHR11406	3433.61	3349.23	27413.11	1433.92	1080.12
PTHR13468	1355.28	1270.97	119.0	16.01	12.05
PTHR23406	13052.3	12672.7	3685.0	166.67	125.55
PTHR10869	25222.97	24421.43	5490.12	372.23	280.37
PTHR31717	486.0	443.82	30.0	6.92	5.22
PTHR13393	462.03	419.86	43.0	10.5	7.91
PTHR12696	5698.51	5656.32	1305.82	23.26	17.52
PTHR11315	2427.57	2343.21	1226.62	111.32	83.85
PTHR10139	2085.0	2000.62	112.0	11.67	8.79
PTHR10956	1320.0	1193.5	13891.7	2497.95	1881.6
PTHR10263	3898.0	3813.62	2914.8	129.56	97.59
PTHR31155	5909.0	5698.08	3488.81	130.8	98.54
PTHR32170	2462.1	2335.54	189.0	23.93	18.03
PTHR23350	1299.0	1256.81	104.0	8.38	6.31
PTHR23354	5210.92	5084.37	789.5	33.42	25.17
PTHR23355	8942.01	8688.9	984.0	47.55	35.81
PTHR23359	11926.47	11631.22	3060.22	171.17	128.94
PTHR11227	3810.02	3683.47	771.01	63.76	48.03
PTHR11220	8103.11	7765.64	3311.32	283.67	213.68
PTHR11223	6135.17	6008.66	896.0	34.9	26.29
PTHR11229	1921.0	1836.62	1283.2	147.56	111.16
PTHR10314	17887.47	17465.57	12072.88	703.62	530.02
PTHR14303	1079.0	1036.81	323.06	31.6	23.81
PTHR11139	31766.54	31049.42	2399.1	97.04	73.09
PTHR15362	1243.27	1201.08	192.0	16.2	12.2
PTHR11132	34143.7	33257.92	7628.57	417.62	314.55
PTHR11134	5959.5	5790.75	1859.91	129.76	97.75
PTHR32374	5122.0	4953.27	1968.41	125.15	94.27
PTHR31579	15730.03	15519.11	11054.3	230.74	173.82
PTHR32379	784.18	742.0	164.0	22.48	16.94
PTHR18919	4242.0	4115.44	1488.02	80.07	60.32
PTHR32002	3371.14	3202.54	304.0	42.28	31.84
PTHR21368	1967.0	1882.62	1315.44	138.59	104.4
PTHR10778	5425.44	5298.88	3133.69	196.31	147.87
PTHR13789	24837.0	24119.84	3873.08	217.82	164.07
PTHR12786	2970.79	2886.42	935.0	75.06	56.54
PTHR11706	5695.86	5484.94	1025.0	67.67	50.98
PTHR12782	1320.0	1235.64	122.0	19.91	15.0
PTHR11742	5094.06	4967.5	488.93	31.3	23.57
PTHR24188	6582.66	6329.53	1116.99	76.17	57.37
PTHR21213	1168.0	1125.81	967.04	87.07	65.59
PTHR10182	2668.34	2626.15	467.0	17.95	13.52
PTHR13923	3537.84	3453.47	1405.0	90.6	68.25
PTHR12321	3659.0	3574.62	992.32	49.48	37.27
PTHR12320	16300.32	16047.19	4819.31	158.01	119.02
PTHR12323	824.0	781.81	40.0	5.2	3.92
PTHR16201	2936.0	2809.44	287.99	22.36	16.85
PTHR21015	3958.22	3873.86	363.0	19.28	14.52
PTHR16196	1680.16	1595.95	330.0	39.52	29.77
PTHR20855	6123.49	6039.12	1104.35	37.11	27.95
PTHR16193	2700.99	2616.62	121.0	8.32	6.26
PTHR22792	5724.79	5556.07	1610.05	90.99	68.54
PTHR22790	1261.91	1219.72	357.0	29.65	22.33
PTHR21680	2234.0	2191.81	477.0	21.98	16.56
PTHR14152	1826.0	1741.62	197.0	22.94	17.27
PTHR21689	2779.0	2694.62	64.0	4.84	3.64
PTHR21113	10783.17	10572.23	1841.96	96.64	72.8
PTHR19316	4245.04	4160.67	4815.94	229.05	172.53
PTHR21663	3898.0	3729.26	244.0	27.61	20.81
PTHR13253	12811.0	12346.92	7748.52	670.84	505.34
PTHR12446	2496.0	2369.45	527.05	45.81	34.51
PTHR21206	1031.65	989.46	119.0	12.2	9.19
PTHR10072	3798.28	3671.72	739.0	79.3	59.73
PTHR10071	5777.91	5482.69	1611.99	96.01	72.31
PTHR13780	13230.06	12934.76	7215.83	414.35	312.11
PTHR10677	1472.0	1429.81	616.61	43.65	32.88
PTHR13078	7447.09	7194.0	9763.65	495.8	373.47
PTHR11693	3271.0	3186.62	17057.18	1006.65	758.26
PTHR12815	5458.0	5331.43	1045.0	51.69	38.94
PTHR12814	1516.0	1431.64	78.0	11.09	8.36
PTHR24361	14831.96	14241.62	765.0	61.98	46.67
PTHR24362	25292.65	24238.03	2826.68	165.66	124.78
PTHR10416	2034.0	1991.81	252.77	12.82	9.66
PTHR10410	5694.46	5525.71	1815.0	116.13	87.46
PTHR10783	8588.22	8208.58	4192.24	369.5	278.33
PTHR10782	2765.0	2638.44	278.94	30.45	22.94
PTHR13476	1688.0	1603.63	355.0	45.92	34.58
PTHR10788	8643.26	8516.69	2439.0	86.44	65.11
PTHR10891	22746.58	22029.39	13713.25	969.52	730.28
PTHR10890	3645.0	3518.43	463.0	38.67	29.13
PTHR20426	680.0	637.82	40.0	6.39	4.81
PTHR23213	2570.0	2485.62	121.0	8.79	6.63
PTHR10520	6492.99	6282.11	1826.91	114.24	86.05
PTHR10250	628.09	585.91	108.0	18.8	14.17
PTHR22854	4112.0	3985.43	989.0	70.28	52.94
PTHR10527	12208.0	12039.25	2503.54	70.74	53.28
PTHR31384	2223.0	2180.81	323.0	14.96	11.27
PTHR10098	3108.88	2982.34	1343.96	86.31	65.02
PTHR10091	4473.69	4304.99	2728.49	313.71	236.31
PTHR31142	2244.0	2201.81	1990.03	91.29	68.76
PTHR31140	7081.0	6954.44	3335.87	118.57	89.32
PTHR31412	4585.46	4501.09	1006.0	42.51	32.02
PTHR11787	1449.0	1322.47	145.0	35.73	26.92
PTHR11785	28082.19	27533.8	6885.18	247.61	186.5
PTHR11782	8543.65	8290.52	1096.0	79.08	59.56
PTHR31419	4070.0	3943.43	146.0	11.29	8.5
PTHR11780	2115.11	2072.93	4558.01	222.13	167.33
PTHR21141	3066.07	2939.51	46149.88	7731.64	5823.94
PTHR32148	10014.3	9761.16	23063.12	2223.65	1674.98
PTHR23324	10597.28	10344.16	1159.97	63.45	47.79
PTHR23327	2412.0	2243.32	83.0	11.83	8.92
PTHR23326	3774.09	3647.54	1543.34	121.71	91.67
PTHR23321	630.0	587.82	1596.89	277.15	208.76
PTHR23323	8791.92	8538.78	1753.0	102.43	77.16
PTHR23322	2551.15	2424.61	827.99	76.18	57.39
PTHR23329	2135.07	2050.7	233.98	20.68	15.58
PTHR11236	5983.87	5730.76	405.18	30.04	22.62
PTHR20932	4442.75	4358.39	1954.93	89.23	67.21
PTHR10322	10552.55	10046.38	638.0	61.16	46.07
PTHR11239	5703.6	5577.04	1462.32	86.46	65.12
PTHR10803	3881.65	3797.27	1173.0	65.3	49.19
PTHR31964	12510.12	12172.61	8089.67	577.86	435.28
PTHR23030	2311.85	2269.66	489.0	21.76	16.39
PTHR11129	2240.0	2155.64	394.0	28.38	21.38
PTHR11122	5028.43	4859.68	1927.87	174.55	131.48
PTHR15316	4932.75	4721.84	1844.11	178.98	134.81
PTHR11127	627.0	584.82	14161.41	2470.56	1860.98
PTHR11125	2889.0	2846.81	214.0	7.59	5.71
PTHR31566	2666.0	2539.44	500.0	57.36	43.21
PTHR31567	1776.0	1733.81	1632.98	95.22	71.73
PTHR31561	24159.02	23273.23	18186.1	925.38	697.07
PTHR30615	1475.0	1390.63	196.0	30.85	23.24
PTHR15137	1462.15	1377.79	99.0	11.8	8.88
PTHR22938	2718.72	2592.16	195.0	23.83	17.95
PTHR15952	2978.0	2851.44	303.0	29.48	22.21
PTHR21319	4837.94	4627.03	459.0	50.77	38.25
PTHR11482	11935.9	11640.66	7740.89	297.55	224.13
PTHR13887	1547.0	1504.81	181.0	12.17	9.17
PTHR19271	3393.46	3266.91	434.0	37.18	28.01
PTHR21228	89174.87	86095.64	14989.83	913.84	688.35
PTHR11361	19084.99	18367.93	1468.0	98.97	74.57
PTHR13343	5827.98	5701.41	1096.03	54.4	40.97
PTHR12029	11806.01	11215.47	676.01	90.05	67.81
PTHR21220	719.0	676.82	19.0	2.86	2.15
PTHR22780	8379.28	8168.36	974.0	55.79	42.02
PTHR21477	4600.0	4515.62	621.0	26.33	19.83
PTHR19308	6415.0	6330.62	3936.91	86.33	65.03
PTHR16301	2629.0	2544.62	308.81	24.89	18.75
PTHR22870	21186.88	20385.4	4227.56	230.27	173.47
PTHR17630	6867.51	6656.62	2711.25	176.59	133.01
PTHR10064	578.0	535.82	13615.79	2595.71	1955.24
PTHR10066	11447.7	11110.25	3814.03	194.79	146.74
PTHR10060	1406.0	1321.64	102.0	15.73	11.85
PTHR10663	16116.17	15652.15	2723.84	183.45	138.18
PTHR10666	8417.52	8080.05	40289.16	3624.84	2730.45
PTHR10668	15963.99	15584.35	3291.15	209.05	157.47
PTHR12265	2318.74	2234.37	1181.83	88.46	66.62
PTHR12801	7511.47	7300.52	3224.0	151.38	114.02
PTHR12802	4643.05	4347.87	385.0	44.78	33.73
PTHR12805	1439.28	1354.9	104.0	15.89	11.97
PTHR12806	764.0	721.82	44.0	6.2	4.67
PTHR21091	17348.63	16968.93	3628.99	222.63	167.71
PTHR21090	1425.31	1383.13	659.46	48.26	36.35
PTHR24315	1237.0	1194.81	465.89	39.51	29.76
PTHR24314	5461.55	5334.99	835.0	51.64	38.9
PTHR11933	2288.83	2162.29	151.0	18.85	14.19
PTHR11932	7930.52	7719.62	3114.85	150.91	113.67
PTHR11426	2717.0	2590.45	8098.93	720.06	542.39
PTHR11937	10385.0	10005.36	6512.71	377.69	284.5
PTHR11938	15642.54	15431.6	3837.25	131.45	99.02
PTHR31057	3534.38	3407.82	302.0	28.15	21.2
PTHR13683	5410.18	5241.43	1393.67	93.86	70.7
PTHR24089	67255.93	65188.8	29139.06	2104.84	1585.48
PTHR10796	4189.68	4105.3	785.0	35.11	26.45
PTHR10794	3971.99	3803.24	352.0	33.71	25.39
PTHR10795	55848.02	54540.26	9184.2	474.23	357.21
PTHR10792	720.0	677.82	14662.79	2203.04	1659.47
PTHR10799	46778.06	44711.2	2930.85	282.11	212.51
PTHR10882	1399.0	1356.81	65.0	4.85	3.65
PTHR10887	37368.68	36145.42	4483.41	236.47	178.11
PTHR11686	1878.26	1793.89	248.0	28.54	21.49
PTHR11685	6373.34	6120.29	1247.02	65.98	49.71
PTHR11680	6690.0	6563.43	3086.11	126.36	95.19
PTHR24221	25704.62	25114.02	3366.51	164.24	123.71
PTHR24220	7139.87	6844.59	1037.92	124.59	93.85
PTHR24223	31655.65	30938.58	3908.05	137.53	103.6
PTHR11689	13856.94	13646.02	1927.99	62.51	47.09
PTHR10252	3450.0	3323.45	445.99	29.7	22.38
PTHR13082	1710.0	1667.81	585.0	35.47	26.72
PTHR13124	1131.0	1046.64	79.0	13.68	10.3
PTHR31173	5304.15	5093.21	473.0	45.11	33.97
PTHR12538	693.0	650.82	26950.82	4219.29	3178.23
PTHR31606	1941.85	1899.67	1335.0	71.02	53.5
PTHR31356	4621.01	4494.55	4847.99	290.62	218.92
PTHR31352	2705.0	2620.62	472.76	35.67	26.87
PTHR31350	6681.27	6470.35	1497.0	88.77	66.87
PTHR11758	1501.0	1416.63	12179.46	1611.32	1213.74
PTHR23333	667.0	624.82	201.0	32.79	24.7
PTHR11751	23688.71	23013.79	7851.82	377.02	283.99
PTHR11753	2150.0	2023.46	493.14	76.34	57.5
PTHR11752	33793.98	33076.84	3517.19	134.7	101.46
PTHR24423	7525.81	7357.1	1032.55	48.81	36.77
PTHR11206	21272.82	20724.4	2175.02	134.01	100.94
PTHR11757	11522.95	11143.31	1927.86	129.43	97.49
PTHR24420	88935.08	86615.04	28183.83	936.42	705.29
PTHR10332	9065.11	8812.01	2979.15	191.13	143.97
PTHR14145	2231.15	2188.96	1003.09	46.28	34.86
PTHR17695	4820.0	4524.73	156.0	23.07	17.37
PTHR13600	5684.86	5473.93	1558.86	115.0	86.62
PTHR12363	8545.96	8250.67	591.0	39.98	30.1
PTHR23029	12957.72	12578.04	3500.1	178.91	134.77
PTHR23023	7911.87	7616.59	567.0	61.24	46.13
PTHR31385	3908.22	3781.66	277.0	23.65	17.81
PTHR21294	1328.0	1285.81	396.0	31.19	23.49
PTHR11119	5835.47	5666.72	1211.01	65.05	48.99
PTHR31595	4505.75	4294.83	339.0	29.54	22.24
PTHR31596	1946.74	1862.37	133.98	14.94	11.26
PTHR15948	803.0	760.81	60.0	8.02	6.04
PTHR32026	2294.56	2252.37	246.0	11.03	8.31
PTHR31829	1491.0	1448.81	2245.52	156.85	118.15
PTHR14898	2936.85	2852.48	750.34	56.29	42.41
PTHR19241	49090.34	47993.53	11552.23	456.87	344.15
PTHR14894	1627.0	1542.63	161.0	21.82	16.44
PTHR15239	6344.67	6133.77	681.99	47.48	35.76
PTHR32497	4927.0	4800.43	490.79	30.12	22.69
PTHR12497	3724.85	3598.33	633.08	30.33	22.85
PTHR12302	4056.0	4013.81	2421.53	60.83	45.82
PTHR12304	2459.0	2374.62	223.0	18.43	13.88
PTHR30540	4034.0	3738.76	69.0	11.4	8.59
PTHR30544	5766.23	5513.14	798.0	68.37	51.5
PTHR13302	1102.0	1017.65	94.0	17.71	13.34
PTHR12472	2280.71	2196.35	124.0	11.28	8.49
PTHR13308	3905.95	3779.41	1470.0	94.22	70.98
PTHR12477	5977.0	5808.24	642.0	50.95	38.38
PTHR13878	19994.83	19488.64	2384.58	123.44	92.97
PTHR21461	1816.0	1773.81	172.0	9.8	7.38
PTHR13872	7370.0	7159.07	21080.03	1494.07	1125.42
PTHR22849	6194.23	5898.98	706.0	76.12	57.32
PTHR21314	2260.56	2176.18	187.0	17.77	13.39
PTHR13271	31564.86	30468.06	3584.75	241.69	182.03
PTHR22841	6866.36	6697.64	5213.04	202.18	152.28
PTHR22847	51842.87	50113.76	5020.38	326.69	246.05
PTHR22844	14819.24	14270.87	1363.0	83.91	63.21
PTHR23284	1064.0	1021.81	159.0	15.78	11.89
PTHR21266	18809.89	18135.13	8038.74	360.15	271.29
PTHR12271	4640.0	4471.24	284.0	25.87	19.49
PTHR12277	5341.6	5172.84	997.16	79.33	59.76
PTHR12276	2296.57	2170.03	195.0	27.77	20.92
PTHR10657	2599.0	2514.62	838.71	67.36	50.74
PTHR10655	2716.0	2631.62	678.0	65.98	49.7
PTHR10652	1817.0	1732.63	340.0	37.07	27.92
PTHR17972	2223.95	2097.41	83.0	12.15	9.15
PTHR10751	10091.31	9922.56	1406.0	54.49	41.04
PTHR21085	2658.0	2615.81	1189.0	45.88	34.56
PTHR11922	5593.04	5424.33	1689.3	111.19	83.76
PTHR10438	39016.57	38088.47	31936.76	2065.83	1556.12
PTHR11926	13464.43	13084.76	1369.0	81.67	61.52
PTHR11431	1856.56	1772.2	1448.91	157.08	118.32
PTHR10430	5265.21	5096.46	10302.35	767.19	577.89
PTHR10434	1274.0	1231.81	287.0	23.6	17.78
PTHR24096	19283.97	18651.38	3016.0	214.38	161.48
PTHR13693	6408.07	6239.33	799.16	45.16	34.01
PTHR13691	2526.0	2441.62	83.0	8.83	6.66
PTHR24092	11292.78	11124.04	1617.69	37.7	28.4
PTHR24093	61838.32	60024.76	13987.37	740.59	557.87
PTHR22936	5825.16	5656.41	1223.98	79.34	59.77
PTHR13451	1984.69	1900.32	201.77	16.98	12.79
PTHR13452	1835.0	1750.62	341.02	40.45	30.47
PTHR10759	1126.0	1083.81	13437.28	1257.07	946.9
PTHR12901	3117.59	3075.41	333.0	10.92	8.23
PTHR12903	1872.0	1787.62	1801.81	187.76	141.43
PTHR13992	1355.0	1270.63	66.0	10.93	8.24
PTHR23237	504.0	461.82	164.0	36.36	27.39
PTHR10501	5383.0	5340.81	3807.94	71.85	54.12
PTHR31169	1987.0	1902.62	51.59	5.6	4.23
PTHR14087	544.0	501.82	19.0	3.87	2.92
PTHR23309	5027.0	4942.62	1600.0	59.35	44.71
PTHR23308	6401.01	6105.8	5123.78	243.59	183.5
PTHR31344	3934.0	3891.81	188.0	4.87	3.67
PTHR31619	2306.0	2263.81	2432.06	108.5	81.73
PTHR23306	2138.0	2095.81	265.0	12.77	9.62
PTHR23305	8599.17	8430.41	2713.0	163.32	123.02
PTHR14089	1511.7	1469.52	89.0	6.13	4.62
PTHR11748	8824.62	8571.5	1457.7	99.3	74.79
PTHR11214	1505.72	1463.54	587.0	40.59	30.57
PTHR11216	5737.0	5568.25	697.0	46.9	35.33
PTHR11210	2076.61	1992.29	1415.12	125.53	94.55
PTHR14154	14016.07	13594.18	4208.08	333.16	250.95
PTHR14155	7228.57	6933.28	1512.01	171.55	129.21
PTHR10343	3019.0	2934.62	713.04	48.05	36.2
PTHR11699	12200.85	11863.38	2904.98	195.83	147.52
PTHR11692	2700.0	2657.81	424.0	16.1	12.13
PTHR12403	2751.99	2667.62	793.08	59.39	44.73
PTHR11695	24962.47	24203.15	6927.8	420.72	316.93
PTHR31760	553.93	511.76	111.01	22.17	16.7
PTHR31906	11381.31	11001.65	1820.0	136.01	102.45
PTHR21419	1800.89	1758.7	453.01	26.04	19.62
PTHR23012	21196.33	20690.28	19162.47	791.2	595.96
PTHR11101	10062.22	9809.12	1678.06	58.21	43.85
PTHR11102	5205.02	5078.45	1580.97	87.9	66.22
PTHR11106	2250.87	2166.49	720.19	74.55	56.15
PTHR31585	4667.1	4498.35	420.0	37.59	28.32
PTHR32125	2226.0	2141.62	1016.07	88.76	66.87
PTHR31588	667.0	624.82	37.0	6.04	4.55
PTHR32120	1501.74	1417.38	190.0	25.48	19.19
PTHR10288	15962.75	15709.61	13387.17	475.43	358.13
PTHR15680	640.0	597.82	1158.09	197.59	148.83
PTHR11374	2445.41	2403.23	2115.64	88.89	66.95
PTHR11808	10883.64	10672.8	4234.43	171.82	129.42
PTHR24347	8987.0	8649.52	1429.41	109.95	82.83
PTHR18895	3426.33	3299.77	330.99	27.76	20.91
PTHR12486	773.0	688.68	12.0	3.25	2.45
PTHR21262	4354.31	4227.74	403.0	27.79	20.93
PTHR12480	3525.5	3314.66	126.0	13.42	10.1
PTHR12482	3626.93	3458.19	146.0	14.2	10.7
PTHR11042	6536.0	6282.92	491.0	35.57	26.78
PTHR12317	16000.49	15705.2	4998.59	179.17	134.97
PTHR12649	1308.0	1265.81	124.0	9.92	7.47
PTHR12461	6390.91	6011.31	336.0	48.23	36.34
PTHR12466	2320.0	2235.62	282.0	24.14	18.18
PTHR13847	13524.14	12849.32	2869.01	234.85	176.91
PTHR12000	3063.39	2936.83	500.0	55.41	41.74
PTHR12001	8243.0	8116.43	3571.82	123.97	93.37
PTHR21327	4598.89	4430.17	1143.35	99.93	75.27
PTHR21631	6144.37	5975.61	8206.03	526.69	396.72
PTHR22855	11064.0	10853.05	6432.83	266.85	201.0
PTHR22850	12193.09	11813.52	4176.37	199.52	150.29
PTHR22504	3234.14	3191.96	1970.98	62.29	46.92
PTHR12965	2914.0	2871.81	198.03	6.96	5.24
PTHR22915	13177.02	12839.54	1771.06	91.74	69.11
PTHR21256	3124.35	3039.98	1116.81	71.05	53.52
PTHR12266	6499.04	6330.29	2421.02	126.12	95.01
PTHR10648	4814.0	4687.43	1166.01	53.87	40.58
PTHR10641	23261.55	22417.88	3375.95	286.82	216.06
PTHR19842	1239.0	1196.81	255.0	21.59	16.26
PTHR10644	10801.2	10632.44	1523.0	47.85	36.05
PTHR12864	5112.37	4901.49	683.0	54.91	41.36
PTHR12860	1964.56	1922.38	892.75	46.93	35.35
PTHR13194	1565.0	1522.81	275.0	18.27	13.76
PTHR13190	4436.4	4352.03	564.98	28.38	21.38
PTHR13193	1279.0	1236.81	143.0	11.71	8.82
PTHR23416	4265.0	4138.43	1035.0	76.07	57.3
PTHR11913	2771.0	2728.81	1066.0	39.43	29.7
PTHR11911	9617.0	9406.05	7171.43	420.27	316.56
PTHR11910	3328.0	3243.62	23642.93	1625.96	1224.77
PTHR14950	7104.11	6682.29	721.39	81.57	61.44
PTHR11918	6495.31	6326.57	804.98	42.13	31.73
PTHR12919	1989.0	1904.63	2073.03	274.42	206.71
PTHR12910	1681.41	1597.04	906.45	143.58	108.15
PTHR12917	1160.04	1117.86	213.14	19.33	14.56
PTHR15954	2774.72	2732.53	386.99	14.29	10.77
PTHR11351	6624.45	6455.7	765.1	38.0	28.63
PTHR11353	35060.36	34343.19	17911.58	778.29	586.28
PTHR11599	20557.7	19924.85	13007.2	971.94	732.12
PTHR10516	21058.17	20256.61	9353.14	817.13	615.53
PTHR11592	4810.0	4641.25	1314.41	132.4	99.73
PTHR13273	1055.0	1012.81	714.0	71.52	53.87
PTHR31724	2598.95	2514.58	2743.97	192.16	144.74
PTHR13734	2273.0	2146.46	100.0	13.34	10.05
PTHR31620	6766.0	6639.43	4499.45	166.1	125.11
PTHR23315	33125.38	32239.59	6925.42	296.61	223.44
PTHR23316	3950.0	3907.81	1819.25	46.94	35.36
PTHR11778	4253.91	4169.54	5797.63	258.77	194.92
PTHR11774	3004.07	2919.7	385.01	26.76	20.15
PTHR11773	4364.0	4321.81	2433.02	56.75	42.75
PTHR11772	7612.42	7401.5	5432.88	291.97	219.94
PTHR10357	34512.96	33922.38	11056.1	348.31	262.35
PTHR10353	9204.33	8993.41	4182.11	221.51	166.84
PTHR10350	2520.0	2477.81	383.0	15.61	11.75
PTHR10351	3634.0	3549.63	2470.81	324.33	244.31
PTHR32557	1843.0	1800.81	1032.92	57.98	43.68
PTHR10359	2455.31	2286.59	183.0	36.25	27.31
PTHR32442	2505.0	2462.81	863.0	35.38	26.65
PTHR31750	1088.0	1003.65	60.0	11.85	8.93
PTHR23418	680.67	638.48	599.0	95.61	72.02
PTHR14189	2233.0	2148.63	98.0	9.75	7.34
PTHR21021	1843.79	1717.42	264.0	45.93	34.59
PTHR32228	2194.0	2151.81	312.0	14.65	11.03
PTHR31245	2011.0	1968.81	939.02	48.19	36.3
PTHR23001	2093.0	2008.62	1305.0	117.59	88.58
PTHR23002	1849.0	1722.46	115.0	22.39	16.87
PTHR30178	2163.0	2120.81	2358.43	112.33	84.62
PTHR22904	34126.6	32819.05	5805.55	361.22	272.11
PTHR11177	3062.1	2977.73	349.02	24.35	18.34
PTHR11178	6814.07	6687.51	3643.94	139.5	105.08
PTHR31808	1590.0	1505.63	183.07	23.3	17.55
PTHR31803	2858.0	2815.81	555.0	19.89	14.98
PTHR11009	2466.0	2381.62	758.02	58.96	44.41
PTHR10099	4329.0	4286.81	1882.09	44.26	33.34
PTHR19229	26056.65	25086.51	4227.02	251.03	189.1
PTHR11005	13245.87	12866.32	1905.91	120.62	90.87
PTHR11006	9497.35	9159.87	1211.0	85.63	64.51
PTHR18640	3651.92	3525.36	254.01	16.74	12.61
PTHR18866	22503.63	22123.95	81237.73	2794.07	2104.66
PTHR12022	1114.0	1071.81	2840.26	268.71	202.41
PTHR15074	2424.95	2340.58	161.0	14.01	10.55
PTHR15588	1203.99	1119.63	207.02	43.43	32.71
PTHR12677	12262.78	11925.38	2196.13	139.41	105.02
PTHR19134	3651.54	3525.01	1382.43	63.52	47.85
PTHR19139	10659.26	10406.21	25463.46	1288.06	970.24
PTHR12456	1452.53	1368.18	94.0	12.36	9.32
PTHR12452	1257.24	1215.05	289.0	24.1	18.15
PTHR23240	2496.24	2369.69	99.0	11.61	8.75
PTHR19359	3112.0	2985.44	436.0	60.39	45.49
PTHR12072	4279.03	4110.28	277.93	24.73	18.64
PTHR13218	461.97	419.84	76.0	18.56	13.98
PTHR13215	1011.48	927.13	19.0	4.28	3.23
PTHR13213	3045.0	2918.44	180.0	18.28	13.78
PTHR12290	2626.03	2541.66	667.0	58.83	44.32
PTHR21530	6638.0	6469.24	567.01	33.88	25.52
PTHR12295	7750.67	7539.74	817.96	44.92	33.84
PTHR12298	4049.58	3838.68	328.99	37.4	28.18
PTHR10638	8620.4	8493.84	5914.86	187.22	141.01
PTHR10631	2245.05	2160.69	596.0	44.82	33.76
PTHR10984	2795.0	2752.81	397.0	14.55	10.96
PTHR12858	4514.45	4345.71	701.8	56.94	42.88
PTHR13505	896.0	853.81	284.0	33.79	25.46
PTHR12856	942.87	900.69	72.0	8.12	6.11
PTHR12855	1399.39	1357.2	1071.06	79.89	60.17
PTHR12854	1107.0	1064.81	169.0	16.09	12.12
PTHR13182	1831.0	1746.62	310.0	35.83	26.99
PTHR10855	4232.0	4147.62	1424.99	69.46	52.31
PTHR10585	3163.13	3078.76	2124.81	139.28	104.92
PTHR10743	1701.13	1658.95	486.0	29.63	22.32
PTHR10742	26686.97	25969.8	5927.95	261.74	197.15
PTHR10745	3471.0	3428.81	802.0	23.59	17.77
PTHR10744	3312.28	3185.72	20108.03	2564.42	1931.68
PTHR10746	2974.81	2890.43	3043.89	255.56	192.5
PTHR11099	4519.0	4476.81	621.51	13.99	10.54
PTHR12924	1706.0	1663.81	3162.08	192.19	144.77
PTHR11659	1548.91	1506.76	215.0	14.44	10.87
PTHR11349	4364.0	4153.06	7089.07	937.28	706.01
PTHR10566	39908.38	38685.0	4614.11	297.28	223.94
PTHR10293	4007.76	3839.02	1790.44	199.68	150.4
PTHR10291	4751.31	4582.59	1007.0	62.58	47.15
PTHR11584	9467.92	9214.78	1915.18	102.71	77.37
PTHR11586	2840.0	2713.43	561.01	64.37	48.47
PTHR11909	6801.76	6590.88	2905.84	217.37	163.75
PTHR24320	9747.75	9410.27	1793.52	140.95	106.16
PTHR24322	30921.43	29908.9	9275.18	602.57	453.9
PTHR11907	4168.93	4042.37	902.97	55.47	41.79
PTHR11760	3309.0	3182.43	20312.83	2070.47	1559.59
PTHR11761	2770.34	2685.97	30132.86	5226.0	3936.53
PTHR11766	1735.0	1650.63	336.0	33.78	25.45
PTHR11767	3242.93	3158.55	110.0	7.95	5.99
PTHR10361	1414.66	1330.4	580.0	101.68	76.59
PTHR10366	32093.52	31207.58	21761.31	1116.47	841.01
PTHR10169	8453.12	8200.17	700.04	46.8	35.26
PTHR10168	4649.0	4438.07	2280.04	207.7	156.44
PTHR20973	2338.0	2295.81	205.15	9.02	6.8
PTHR10165	6654.51	6485.78	1214.01	78.21	58.92
PTHR31032	1069.0	1026.81	331.0	32.7	24.63
PTHR23257	116418.68	112116.64	26862.43	1540.8	1160.63
PTHR23253	4832.6	4621.66	820.95	89.66	67.54
PTHR14190	3697.0	3612.62	307.0	17.45	13.14
PTHR14194	5304.0	5135.24	893.05	69.48	52.33
PTHR31251	20115.26	19060.86	4403.24	442.8	333.55
PTHR23074	12234.85	11770.78	1510.87	95.66	72.05
PTHR23077	15177.91	14629.57	2950.04	155.24	116.91
PTHR23076	28826.8	28320.54	9957.93	400.77	301.88
PTHR30239	1608.0	1565.81	234.0	15.12	11.39
PTHR23073	8277.0	8023.89	4409.51	296.86	223.6
PTHR23078	2898.0	2855.81	661.0	23.36	17.59
PTHR11165	1454.0	1411.81	3313.57	237.55	178.94
PTHR10772	2860.0	2733.43	3025.22	336.85	253.73
PTHR32100	8999.98	8746.9	28296.57	1206.27	908.64
PTHR14445	3857.0	3646.16	253.0	28.48	21.47
PTHR23109	334.0	291.85	16.0	5.66	4.27
PTHR23102	3190.4	3063.94	583.82	58.61	44.16
PTHR23105	7756.42	7418.92	39785.02	3598.67	2710.73
PTHR11010	9593.31	9382.42	1307.39	99.61	75.03
PTHR11014	10499.27	10161.82	2151.58	141.55	106.61
PTHR12668	3684.01	3557.46	884.0	64.03	48.23
PTHR12661	1383.0	1340.81	211.0	15.93	12.0
PTHR12663	7058.0	6889.24	524.98	35.68	26.87
PTHR12664	1287.0	1244.81	173.0	14.08	10.6
PTHR16166	17406.06	16688.99	913.0	66.81	50.32
PTHR12111	2949.0	2864.63	640.0	36.68	27.63
PTHR12447	1997.0	1912.62	79.0	7.72	5.81
PTHR15481	1382.0	1339.81	230.12	17.39	13.1
PTHR26379	4730.66	4646.3	2029.0	79.57	59.94
PTHR12599	2050.0	1965.62	1743.92	179.9	135.51
PTHR12596	7519.3	7308.37	705.93	41.31	31.11
PTHR12590	3131.06	3004.51	3191.22	225.36	169.75
PTHR12066	2711.67	2458.83	78.0	22.6	17.03
PTHR12064	9360.53	8980.88	855.0	72.24	54.42
PTHR13226	3711.08	3584.52	197.0	15.55	11.73
PTHR13889	4423.0	4338.62	832.0	34.04	25.64
PTHR21181	2794.52	2667.99	496.0	39.98	30.11
PTHR12412	3362.0	3319.81	391.0	11.88	8.95
PTHR12146	806.0	763.81	21868.95	2911.99	2193.49
PTHR10458	630.0	587.82	49.0	8.5	6.41
PTHR19306	4635.58	4551.2	1698.0	72.77	54.81
PTHR21506	966.49	924.32	206.95	22.73	17.12
PTHR12280	4918.0	4749.27	210.0	19.56	14.74
PTHR12281	2929.78	2845.4	1046.08	56.34	42.44
PTHR12286	4755.3	4586.58	497.0	38.87	29.29
PTHR30573	2874.0	2789.62	334.99	25.3	19.05
PTHR22983	6700.99	6532.24	993.99	63.79	48.05
PTHR22981	9272.43	9103.68	1312.91	62.62	47.17
PTHR30191	1271.0	1144.54	78.0	20.65	15.56
PTHR10629	9999.7	9662.24	1474.0	95.08	71.63
PTHR10994	5401.52	5232.77	1800.96	153.69	115.78
PTHR10996	12347.9	12094.77	4524.72	180.35	135.84
PTHR10625	18583.75	17993.13	3750.01	235.22	177.19
PTHR10992	54547.91	52987.11	7613.12	419.61	316.04
PTHR12848	2752.0	2667.62	178.0	13.4	10.09
PTHR12849	1821.95	1737.59	134.0	16.98	12.79
PTHR10943	7067.88	6856.93	1698.35	133.51	100.56
PTHR12847	4828.31	4659.57	1164.28	101.45	76.42
PTHR12841	1391.0	1348.81	384.0	28.82	21.71
PTHR21290	895.46	853.28	56.0	6.67	5.02
PTHR21349	1093.0	1008.64	1063.0	190.7	143.66
PTHR21347	2000.0	1957.81	231.0	11.92	8.98
PTHR19861	1370.37	1328.18	356.0	27.14	20.44
PTHR21343	1898.76	1772.25	33.0	6.3	4.74
PTHR10196	5185.18	5016.45	478.0	35.56	26.79
PTHR10192	734.0	691.82	113.0	16.63	12.53
PTHR10755	4137.24	4052.86	2607.06	108.79	81.94
PTHR10758	4649.27	4564.97	1357.03	59.37	44.72
PTHR13152	1629.25	1587.07	8935.15	569.41	428.91
PTHR12932	4050.0	3965.62	341.0	17.13	12.9
PTHR12934	2420.11	2335.74	1849.01	193.13	145.48
PTHR13265	1182.0	1139.81	93.0	8.27	6.23
PTHR11800	4302.0	4217.62	629.0	30.7	23.12
PTHR11802	14644.33	14180.36	3610.98	213.09	160.51
PTHR11804	14738.83	14317.02	10254.53	460.21	346.66
PTHR11807	1178.72	1136.54	85.0	7.58	5.71
PTHR10281	2033.52	1949.15	1643.28	166.82	125.66
PTHR10283	20321.82	19899.96	9849.02	402.32	303.04
PTHR10285	10315.32	9977.81	14082.29	809.28	609.59
PTHR10286	3215.47	3088.91	18562.87	1582.5	1192.03
PTHR11579	6647.6	6521.04	1777.01	90.42	68.1
PTHR13718	4596.0	4469.43	17325.3	1681.0	1266.23
PTHR13711	6628.0	6374.98	9869.83	668.3	503.4
PTHR13710	13056.0	12591.96	293.0	31.93	24.06
PTHR11977	3286.29	3202.04	953.0	43.29	32.61
PTHR22970	2311.4	2227.02	402.35	37.33	28.12
PTHR11972	4011.95	3927.58	290.48	13.8	10.4
PTHR31480	1781.95	1739.76	338.0	19.64	14.8
PTHR31485	3869.0	3784.62	496.65	27.1	20.41
PTHR11715	1110.0	1067.81	3832.44	363.94	274.14
PTHR11717	3447.79	3279.1	861.0	87.0	65.54
PTHR11711	11122.28	10826.98	7724.65	499.28	376.08
PTHR11712	7103.67	6934.99	3261.16	158.69	119.54
PTHR10374	3334.69	3250.31	2775.11	162.34	122.29
PTHR10178	34313.17	33511.74	109769.02	3744.87	2820.9
PTHR20961	8845.39	8634.46	934.59	58.72	44.23
PTHR10173	8352.0	8098.86	3083.6	247.03	186.1
PTHR10177	28527.94	27979.5	8594.68	283.36	213.43
PTHR10174	9871.89	9660.95	3516.07	190.93	143.82
PTHR23249	3484.74	3400.37	769.69	59.12	44.53
PTHR23244	25430.3	24797.55	3405.09	166.45	125.38
PTHR23245	1590.0	1505.64	58.0	8.65	6.51
PTHR14614	11307.65	10801.49	5544.17	355.36	267.68
PTHR31268	2683.95	2473.08	115.0	21.3	16.03
PTHR31262	1907.0	1822.63	250926.5	21244.12	16002.35
PTHR23063	4108.31	3981.79	476.0	34.11	25.7
PTHR11620	1353.0	1268.63	20021.23	2482.4	1869.9
PTHR11624	12053.28	11842.34	50464.07	2301.68	1733.77
PTHR11627	11347.1	11136.15	66113.56	3922.77	2954.88
PTHR26312	5121.39	4952.64	526.0	45.92	34.6
PTHR11390	6452.53	6241.61	386.0	25.27	19.03
PTHR31319	3436.0	3393.81	4821.35	143.29	107.94
PTHR14052	2394.0	2351.81	68.0	2.92	2.2
PTHR32118	1627.0	1584.81	1016.08	64.85	48.85
PTHR23117	3925.05	3756.36	741.75	67.61	50.93
PTHR23115	41074.41	40019.82	61911.67	2886.41	2174.19
PTHR11028	1997.0	1954.81	993.0	51.33	38.67
PTHR11024	2743.0	2700.81	723.0	27.02	20.35
PTHR15081	4288.64	4204.26	529.0	23.29	17.54
PTHR11777	6207.12	6080.56	3402.01	196.18	147.78
PTHR12616	2692.0	2607.63	200.0	14.66	11.04
PTHR12613	3937.28	3895.09	721.99	18.69	14.08
PTHR12612	801.0	758.81	729.16	97.74	73.62
PTHR32060	5080.87	4954.32	558.04	26.85	20.23
PTHR12126	4672.0	4587.62	1789.0	99.0	74.57
PTHR12124	5334.48	5123.68	518.0	59.78	45.03
PTHR22734	1557.0	1514.81	72.0	4.81	3.62
PTHR12121	10526.12	10062.16	1178.9	83.7	63.03
PTHR12438	890.69	848.51	31.0	3.71	2.8
PTHR15492	694.0	651.82	12.0	1.88	1.41
PTHR21426	2255.0	2212.81	281.0	12.83	9.66
PTHR21427	594.01	551.85	74.0	13.69	10.31
PTHR13161	2568.77	2526.59	344.0	13.74	10.35
PTHR19372	2009.52	1967.34	536.0	27.53	20.74
PTHR19370	5424.78	5256.04	956.0	63.17	47.59
PTHR19376	6897.17	6728.42	551.0	28.1	21.16
PTHR19375	15326.4	14862.42	14777.53	665.99	501.65
PTHR12050	1234.0	1191.81	267.0	22.7	17.1
PTHR12725	10682.85	10471.91	1796.94	77.91	58.68
PTHR22884	17938.85	17263.88	2154.94	173.19	130.45
PTHR22881	549.0	506.82	62.0	12.51	9.42
PTHR22880	6962.52	6625.11	1621.69	146.0	109.97
PTHR12542	2393.62	2309.26	467.0	40.96	30.85
PTHR12547	5380.15	5211.41	8124.85	441.76	332.76
PTHR12436	7303.23	7134.47	2682.03	159.09	119.82
PTHR21512	1121.0	1078.81	23.73	2.23	1.68
PTHR30508	3046.56	2920.03	1119.31	126.84	95.54
PTHR14744	1129.0	1086.81	96.0	8.96	6.75
PTHR30502	2968.22	2883.85	922.0	65.98	49.7
PTHR10617	11795.0	11541.87	4397.06	198.72	149.69
PTHR10615	7246.0	7119.43	1261.06	54.07	40.73
PTHR12189	1265.0	1222.81	58.0	4.81	3.62
PTHR13527	1137.0	1094.81	109.0	10.09	7.6
PTHR22958	3716.0	3673.81	3713.07	101.92	76.77
PTHR14534	651.0	608.82	54.0	9.04	6.81
PTHR22951	861.0	818.81	85.0	10.55	7.95
PTHR22950	43238.4	42141.66	11666.1	700.76	527.84
PTHR22953	13410.15	13199.23	1897.11	65.11	49.05
PTHR22952	5527.8	5316.87	3263.04	215.06	162.0
PTHR22957	15414.25	14908.01	2207.89	139.46	105.06
PTHR21600	4244.84	4160.47	2075.71	64.17	48.34
PTHR24056	11742.97	11279.01	1823.0	156.21	117.68
PTHR24054	3301.3	3216.92	1438.79	89.39	67.32
PTHR24055	7606.28	7310.97	864.0	70.65	53.21
PTHR24058	1968.67	1884.29	163.0	21.24	16.0
PTHR10766	9119.09	8823.85	3446.38	239.15	180.15
PTHR10762	2338.0	2169.28	104.0	18.76	14.13
PTHR30031	8828.93	8407.15	3288.8	176.0	132.58
PTHR12945	1375.0	1290.63	43.0	7.1	5.34
PTHR12944	1492.21	1450.03	71.0	4.96	3.73
PTHR23163	3217.0	3174.81	663.23	21.07	15.87
PTHR24128	6326.81	6073.7	738.6	67.72	50.99
PTHR13096	3689.02	3604.64	238.0	10.93	8.23
PTHR11364	3298.08	3171.53	1782.15	129.09	97.24
PTHR11365	5445.0	5360.62	729.52	26.09	19.65
PTHR10548	5390.06	5263.51	4781.97	256.32	193.08
PTHR11817	12618.01	12407.07	6392.42	240.24	180.96
PTHR11814	7566.92	7440.39	686.0	26.21	19.73
PTHR11363	1553.0	1510.81	20224.83	1354.41	1020.22
PTHR10543	11137.0	10841.71	1070.13	58.13	43.77
PTHR11819	15080.85	14869.91	2371.78	79.47	59.85
PTHR10544	627.0	584.82	13774.32	2403.03	1810.11
PTHR11562	1019.86	977.67	36.0	3.74	2.81
PTHR11566	11459.0	11248.05	4543.92	160.2	120.67
PTHR11567	5842.67	5631.84	930.82	103.65	78.08
PTHR11564	5605.0	5394.07	933.81	85.29	64.25
PTHR11962	3968.82	3800.11	914.0	77.79	58.6
PTHR11963	4263.54	4136.97	955.21	51.44	38.75
PTHR10381	11585.2	11205.53	11680.77	811.78	611.5
PTHR10383	4081.0	4038.81	463.0	11.56	8.71
PTHR11705	7318.3	7149.58	1023.48	52.05	39.21
PTHR11702	11154.69	10859.4	1712.73	83.68	63.04
PTHR11700	1751.0	1666.63	25057.26	4170.13	3141.2
PTHR10388	1377.0	1334.81	3696.45	280.38	211.2
PTHR10145	5626.0	5541.62	637.0	28.38	21.38
PTHR23273	3785.52	3701.14	293.0	15.04	11.33
PTHR23270	3217.41	3090.86	476.0	34.34	25.88
PTHR23050	5373.06	5077.77	4789.68	524.61	395.17
PTHR23056	2001.51	1917.13	216.0	22.09	16.64
PTHR23054	1520.0	1477.81	230.0	15.75	11.86
PTHR11638	20988.34	20397.81	7091.65	246.2	185.46
PTHR31783	5095.0	4968.44	223.0	14.01	10.55
PTHR23291	9786.01	9575.06	5427.34	328.07	247.12
PTHR11630	9100.44	8805.16	415.0	25.67	19.35
PTHR11140	8583.0	8498.62	1716.34	41.34	31.14
PTHR11141	3596.0	3553.81	1364.72	38.73	29.17
PTHR11142	8785.1	8489.78	705.0	57.22	43.11
PTHR11143	825.0	782.81	13632.65	1770.77	1333.85
PTHR11380	517.0	474.82	51.0	10.99	8.28
PTHR11384	5668.23	5541.69	1044.86	47.28	35.61
PTHR32477	2067.0	1940.45	98.0	15.65	11.79
PTHR14043	779.0	736.81	25.0	3.45	2.6
PTHR32472	2586.83	2460.27	163.61	18.92	14.24
PTHR31658	1140.0	1097.81	103.0	9.51	7.17
PTHR13890	8976.33	8596.67	1330.01	133.82	100.8
PTHR14269	2678.07	2551.52	525.12	43.17	32.53
PTHR22883	12860.26	12522.79	1909.0	96.14	72.42
PTHR23125	50484.02	49176.56	4713.74	260.57	196.23
PTHR19879	2593.41	2509.03	518.0	37.78	28.46
PTHR19211	22326.26	21566.95	134715.88	3796.88	2860.01
PTHR23338	1425.0	1382.81	937.01	68.59	51.67
PTHR12608	2398.0	2313.62	577.0	51.53	38.81
PTHR12604	5571.75	5445.19	1064.22	62.18	46.84
PTHR12603	3213.34	3128.97	1161.8	61.16	46.07
PTHR32091	1856.0	1771.63	112.0	14.1	10.63
PTHR32098	5765.0	5469.72	305.0	34.95	26.32
PTHR18763	456.0	413.82	13.0	3.22	2.43
PTHR22726	2923.28	2796.72	444.0	41.37	31.15
PTHR22727	17022.18	16726.89	130736.51	4923.11	3708.39
PTHR12428	8784.07	8573.14	2531.15	167.02	125.82
PTHR18968	8383.53	8172.63	5004.76	198.57	149.58
PTHR14456	328.0	285.86	4.0	1.45	1.09
PTHR12730	3156.29	3072.03	379.0	24.59	18.52
PTHR12736	2339.68	2255.32	469.0	33.21	25.01
PTHR12735	5130.64	4961.89	1619.94	132.49	99.8
PTHR15020	12973.81	12636.31	2796.93	193.85	146.03
PTHR12558	6038.0	5827.06	264.02	21.9	16.49
PTHR12553	10104.52	9724.87	1830.19	114.07	85.92
PTHR10497	559.0	516.82	11912.36	2355.68	1774.44
PTHR10496	369.0	326.84	3.0	0.95	0.71
PTHR21569	2355.43	2228.89	14280.86	2183.75	1644.94
PTHR21567	5640.28	5471.52	462.0	36.87	27.77
PTHR13950	2223.0	2138.63	173.0	12.53	9.44
PTHR12133	2160.83	2076.45	119.97	12.12	9.13
PTHR10972	6075.09	5864.14	777.0	65.66	49.47
PTHR21704	4723.94	4639.58	143.0	7.02	5.29
PTHR10606	1362.73	1320.55	574.0	44.01	33.15
PTHR13743	3598.0	3429.26	141.93	14.09	10.61
PTHR22942	9617.1	9363.98	746.0	48.22	36.33
PTHR13395	1713.01	1670.84	156.0	9.44	7.11
PTHR22891	7613.12	7486.63	4699.54	129.4	97.47
PTHR22893	4203.7	4077.15	744.0	42.21	31.79
PTHR24067	24083.46	23366.26	11927.31	734.57	553.32
PTHR24064	9054.06	8674.5	1062.68	124.18	93.53
PTHR24063	37277.97	36181.19	15131.85	710.62	535.28
PTHR21011	1399.0	1356.81	298.0	22.24	16.75
PTHR25040	7813.21	7644.48	3059.69	147.66	111.22
PTHR10774	13782.17	13275.95	1847.0	162.41	122.32
PTHR24068	2859.59	2775.21	6161.77	374.8	282.32
PTHR19980	2565.0	2480.62	238.0	19.39	14.6
PTHR12959	2227.16	2058.48	287.0	53.54	40.34
PTHR24115	60054.4	58535.69	3698.85	173.8	130.9
PTHR10961	1580.34	1538.15	785.99	51.69	38.94
PTHR11825	9649.53	9396.42	1798.49	107.61	81.06
PTHR10809	564.47	522.41	551.1	107.75	81.17
PTHR11822	2034.23	1992.05	826.08	41.9	31.56
PTHR10555	4325.83	4199.27	1030.0	77.75	58.57
PTHR10806	1154.03	1111.85	446.99	40.75	30.7
PTHR10804	15535.22	15239.94	5667.5	297.36	224.01
PTHR11556	6271.0	6060.07	31314.8	1845.38	1390.05
PTHR11558	3449.0	3364.62	593.83	35.73	26.92
PTHR13773	6291.44	6207.06	1158.0	41.43	31.21
PTHR10537	1517.85	1475.66	102.0	6.99	5.27
PTHR11953	2648.51	2564.15	343.0	21.87	16.47
PTHR11952	11208.37	11039.67	4019.97	96.25	72.5
PTHR11956	2330.0	2287.81	399.88	17.65	13.3
PTHR11959	2497.0	2454.81	467.0	19.21	14.47
PTHR11739	5783.51	5656.95	4235.85	494.49	372.47
PTHR11732	28902.48	27974.57	6905.89	423.59	319.09
PTHR11731	12385.61	12048.2	1134.0	67.37	50.76
PTHR11730	10443.12	10190.01	1758.01	70.94	53.44
PTHR11735	2508.37	2339.64	135.0	23.47	17.68
PTHR10394	1003.0	960.81	29706.32	3137.83	2363.6
PTHR20941	3403.0	3360.81	132.0	3.96	2.98
PTHR10150	3619.75	3451.18	108.96	10.86	8.19
PTHR31065	12465.36	12254.47	7931.05	171.0	128.8
PTHR10159	17053.87	16631.99	5197.68	239.53	180.42
PTHR31066	504.0	461.82	6.0	1.33	1.0
PTHR13604	685.0	642.82	22.0	3.49	2.63
PTHR23264	3714.61	3588.04	561.0	44.3	33.37
PTHR23269	1768.0	1725.81	139.99	8.2	6.18
PTHR31204	1085.58	1043.39	223.0	21.68	16.33
PTHR31201	1253.0	1210.81	231.0	19.33	14.56
PTHR31209	2491.21	2364.66	189.0	25.11	18.92
PTHR11607	7674.97	7337.55	354.95	36.45	27.45
PTHR11606	6942.75	6816.18	13366.67	431.97	325.39
PTHR11601	9210.21	8957.07	1741.0	102.12	76.93
PTHR32467	21732.68	20889.09	3060.82	190.74	143.64
PTHR14255	9228.32	8890.87	626.38	50.75	38.22
PTHR31840	494.0	451.82	31.0	7.03	5.29
PTHR23130	9271.51	9060.68	1192.0	78.63	59.22
PTHR23133	951.0	908.81	122.0	13.63	10.27
PTHR23135	3753.13	3668.75	501.17	27.6	20.79
PTHR23138	3330.0	3245.62	1573.0	114.27	86.08
PTHR23139	17148.51	16684.47	6480.55	413.07	311.16
PTHR31682	1731.0	1688.81	487.0	29.16	21.96
PTHR11040	4323.56	4112.77	557.0	74.37	56.02
PTHR11043	1331.0	1288.81	778.0	61.13	46.05
PTHR11048	10231.3	9978.17	2540.03	161.56	121.7
PTHR14005	2375.0	2332.81	411.0	17.79	13.4
PTHR15818	760.0	717.82	54.0	7.66	5.77
PTHR12636	2740.0	2697.81	535.0	20.02	15.08
PTHR14490	1876.71	1750.17	83.0	13.9	10.46
PTHR14493	36670.54	35194.16	7939.95	500.62	377.1
PTHR15651	533.0	490.82	71.0	14.8	11.14
PTHR12380	4328.45	4159.7	1324.0	125.23	94.33
PTHR12385	1125.53	1083.36	1232.41	115.33	86.88
PTHR12706	10890.58	10384.41	1170.0	72.59	54.67
PTHR12709	1320.4	1278.21	176.0	13.94	10.5
PTHR19957	6750.38	6539.45	2441.92	187.44	141.2
PTHR12561	777.0	734.81	45.0	6.23	4.69
PTHR12560	9644.62	9433.68	3620.01	155.64	117.25
PTHR11203	6713.31	6544.57	475.66	30.29	22.83
PTHR12097	6675.0	6590.62	1634.0	37.57	28.31
PTHR11200	11297.25	10917.6	2431.15	168.9	127.23
PTHR21576	12244.94	11823.11	915.96	76.4	57.55
PTHR24193	6462.72	6083.12	1021.0	109.16	82.22
PTHR12419	6284.05	6073.15	602.95	46.91	35.34
PTHR30525	1519.0	1476.81	1274.99	87.36	65.8
PTHR12413	2677.0	2508.28	149.0	22.51	16.95
PTHR12411	17896.45	17263.7	4397.91	347.02	261.39
PTHR23339	7524.4	7271.27	1430.05	109.45	82.44
PTHR12415	1324.0	1239.66	61.0	8.71	6.57
PTHR10947	1400.0	1315.64	130.0	23.79	17.92
PTHR21717	1966.91	1882.55	212.0	22.21	16.73
PTHR21712	3160.32	3075.94	468.0	32.74	24.67
PTHR12897	2757.88	2673.52	2694.91	135.43	102.01
PTHR12894	4371.54	4160.61	217.0	25.39	19.12
PTHR12891	1482.0	1439.81	45.0	3.16	2.38
PTHR22976	11363.92	11110.81	5711.39	200.13	150.75
PTHR22975	4373.0	4246.44	737.11	40.55	30.55
PTHR20922	2633.23	2506.68	496.0	51.97	39.15
PTHR21377	2746.63	2662.26	909.0	73.2	55.14
PTHR21371	2411.0	2368.81	13699.58	583.96	439.88
PTHR21373	4692.32	4523.6	617.99	27.33	20.59
PTHR22573	10814.2	10603.27	3426.88	180.39	135.89
PTHR22572	12007.98	11628.3	7376.64	518.57	390.62
PTHR30566	4185.27	4058.78	919.26	59.88	45.1
PTHR21000	2793.0	2750.81	2466.46	90.49	68.16
PTHR10701	2181.0	2096.62	537.0	52.15	39.28
PTHR13162	8106.89	7938.15	1582.6	81.2	61.17
PTHR13165	3821.49	3779.31	1775.66	47.38	35.69
PTHR21396	523.0	480.82	42.0	8.94	6.73
PTHR12459	1442.0	1399.81	152.0	10.99	8.28
PTHR10681	12656.55	12361.22	3680.83	233.72	176.04
PTHR24106	9596.6	9132.56	496.0	48.44	36.49
PTHR24103	2876.51	2792.13	477.0	28.51	21.48
PTHR11540	3708.38	3624.01	11256.39	720.86	543.0
PTHR10836	2729.0	2644.62	39313.65	2409.1	1814.68
PTHR10835	3203.0	3160.81	359.0	11.46	8.63
PTHR11545	3658.0	3531.43	20651.56	2521.28	1899.18
PTHR10012	913.06	870.87	295.04	34.41	25.92
PTHR13768	1615.11	1530.75	368.0	48.87	36.82
PTHR24078	7536.3	7241.03	496.99	42.03	31.67
PTHR11946	25176.81	24501.88	4403.46	245.74	185.14
PTHR11947	6631.34	6420.43	3008.0	132.41	99.74
PTHR11941	9455.58	9118.1	2634.4	202.18	152.3
PTHR24072	1846.0	1761.62	217.0	25.12	18.92
PTHR24073	20380.08	19705.08	13827.4	917.87	691.4
PTHR10491	1531.22	1446.85	210.0	30.05	22.63
PTHR24076	18477.6	18013.56	5696.86	308.28	232.21
PTHR24077	20822.79	20063.47	2335.64	204.7	154.21
PTHR11728	7944.74	7775.99	913.82	45.4	34.2
PTHR11726	1447.0	1362.66	23042.56	2191.04	1650.42
PTHR11727	668.0	625.82	44.0	7.17	5.4
PTHR11721	789.0	746.81	22503.95	3065.48	2309.11
PTHR11722	1332.0	1247.64	13300.44	2173.5	1637.21
PTHR10120	1215.46	1173.27	190.0	16.41	12.36
PTHR10122	4633.0	4590.81	3939.16	86.49	65.15
PTHR11451	10899.98	10604.66	2727.02	162.13	122.11
PTHR11831	850.0	807.81	8.0	1.01	0.76
PTHR11835	6412.54	6243.78	1839.04	107.27	80.8
PTHR11614	5357.53	5230.97	1231.11	69.67	52.49
PTHR11615	8729.89	8518.99	8568.45	455.22	342.9
PTHR11618	5188.4	5104.03	830.0	31.97	24.08
PTHR14140	2888.0	2803.62	137.0	9.37	7.05
PTHR32419	5204.82	5078.26	789.95	44.73	33.69
PTHR10231	1670.0	1627.81	147.0	9.13	6.88
PTHR10233	8227.0	8016.06	1315.0	82.19	61.92
PTHR31503	11316.0	11189.43	4091.93	106.62	80.31
PTHR23147	632.0	589.82	50.0	8.65	6.51
PTHR23140	2016.07	1973.89	700.0	35.83	26.99
PTHR23142	2970.89	2886.52	453.0	29.57	22.27
PTHR23149	1092.59	1050.41	235.0	22.69	17.09
PTHR23148	1419.0	1376.81	93.19	6.85	5.16
PTHR31695	3078.74	2994.36	444.0	31.2	23.5
PTHR11056	1401.47	1359.29	94.0	7.0	5.27
PTHR11055	4624.26	4497.7	7491.01	498.49	375.5
PTHR32523	5138.15	5011.6	782.02	44.56	33.56
PTHR10670	6949.0	6906.81	91.0	1.33	1.0
PTHR10540	5793.79	5667.22	2005.61	118.57	89.32
PTHR12629	1152.0	1109.81	610.0	55.72	41.97
PTHR18945	5117.55	5033.19	910.2	34.08	25.67
PTHR26402	7441.49	7230.55	2496.77	123.01	92.66
PTHR19384	14828.35	14322.17	19723.14	1411.34	1063.1
PTHR12714	5685.18	5516.43	1048.0	78.46	59.1
PTHR32251	2165.63	2123.45	414.0	19.69	14.83
PTHR12570	3168.9	3084.53	176.0	11.62	8.75
PTHR21494	1148.0	1063.64	23.0	4.36	3.29
PTHR21496	6521.21	6310.28	3907.66	352.68	265.65
PTHR21493	34254.8	33242.33	6446.03	410.73	309.38
PTHR21499	4458.32	4331.76	580.99	44.51	33.53
PTHR21148	2263.0	2178.62	372.0	34.82	26.23
PTHR12083	2436.6	2352.22	371.0	31.51	23.74
PTHR13355	1507.0	1422.63	170.0	23.3	17.55
PTHR13976	23660.71	23365.41	7232.52	202.14	152.26
PTHR19852	2656.0	2613.81	517.01	19.97	15.04
PTHR12406	9041.06	8745.75	989.0	71.22	53.65
PTHR16128	2781.78	2655.23	222.0	23.32	17.57
PTHR12400	927.08	884.89	112.0	12.85	9.68
PTHR30314	5955.64	5786.89	757.92	54.62	41.14
PTHR12882	1357.0	1314.81	373.0	28.73	21.64
PTHR12883	1743.0	1700.81	267.86	15.92	12.0
PTHR16255	5154.24	4985.54	1242.0	95.36	71.83
PTHR16254	10156.38	10029.82	3095.43	89.02	67.06
PTHR22960	1270.0	1227.81	45.0	3.71	2.8
PTHR13373	2348.2	2306.01	292.0	12.79	9.63
PTHR13375	2923.49	2839.13	261.0	17.17	12.94
PTHR22967	1062.0	1019.81	42.98	4.28	3.22
PTHR23407	1645.99	1603.8	118.0	7.44	5.61
PTHR30222	1190.85	1148.66	125.0	11.03	8.31
PTHR13115	781.0	738.81	66.0	9.09	6.85
PTHR13117	1993.33	1951.15	163.0	8.44	6.36
PTHR12975	2680.33	2553.79	161.0	14.85	11.17
PTHR13285	3843.0	3800.81	289.0	7.67	5.78
PTHR13288	1110.0	1067.81	106.0	10.07	7.58
PTHR10953	12713.91	12334.25	1948.31	135.17	101.8
PTHR10954	2361.0	2276.62	139.0	12.4	9.34
PTHR21726	1891.0	1806.63	128.0	10.97	8.26
PTHR10826	1353.0	1310.81	850.88	65.73	49.51
PTHR11533	7582.05	7371.12	2392.74	136.13	102.53
PTHR11532	7145.95	6977.19	1026.02	51.31	38.65
PTHR10971	4555.92	4429.38	959.99	64.93	48.9
PTHR10000	5532.71	5406.14	776.3	39.76	29.95
PTHR13021	1321.0	1278.81	237.84	18.84	14.19
PTHR24006	29786.33	28563.2	2278.01	224.08	168.8
PTHR24003	14294.32	13788.14	1388.99	103.72	78.12
PTHR31446	2490.63	2406.38	424.0	41.21	31.04
PTHR31442	1488.57	1404.2	88.0	12.66	9.53
PTHR11441	2052.0	2009.81	426.0	21.42	16.13
PTHR11440	13167.97	12872.65	2086.0	95.36	71.83
PTHR11999	8504.44	8209.21	3950.29	216.61	163.17
PTHR11998	4872.0	4787.62	1082.0	44.81	33.76
PTHR11449	696.0	653.82	31800.01	4955.35	3732.66
PTHR11994	5207.0	5122.63	21146.4	469.59	353.71
PTHR10133	6420.87	6083.41	308.0	37.1	27.95
PTHR21649	16499.55	15740.29	250898.74	38022.68	28641.0
PTHR13620	5698.59	5403.4	307.0	34.54	26.0
PTHR11847	872.0	829.81	12631.14	1546.87	1165.19
PTHR11843	819.0	776.81	25521.23	3340.87	2516.54
PTHR11661	3052.0	2925.45	19933.55	3150.15	2372.88
PTHR11662	42953.32	41772.2	59703.68	2177.43	1640.18
PTHR11669	4756.53	4629.96	744.1	49.44	37.24
PTHR11668	15103.38	14681.51	3965.55	238.39	179.59
PTHR20856	12972.64	12761.7	1583.83	63.1	47.52
PTHR20854	6130.57	5961.82	1748.73	130.4	98.23
PTHR20852	8000.0	7704.76	15301.41	3050.03	2297.46
PTHR32404	1098.19	1056.01	169.74	16.3	12.28
PTHR20858	2459.16	2332.71	132.0	17.37	13.09
PTHR10634	1765.0	1722.81	4552.02	267.15	201.23
PTHR30603	2360.0	2317.81	854.02	37.21	28.03
PTHR11709	4897.25	4812.88	387.0	9.53	7.18
PTHR14237	12485.68	11979.54	2298.95	146.95	110.7
PTHR10738	2252.0	2125.47	83.0	8.69	6.56
PTHR10264	2267.0	2224.81	413.7	18.78	14.15
PTHR23155	60439.76	58668.22	9111.34	535.29	403.2
PTHR23153	5483.0	5229.89	458.0	60.16	45.31
PTHR23151	13980.63	13600.96	14737.66	760.23	572.66
PTHR11063	1270.86	1228.68	321.0	26.46	19.93
PTHR11062	1216.0	1131.64	12.0	2.35	1.77
PTHR11061	8562.61	8056.51	1228.73	198.31	149.37
PTHR11065	12499.84	12204.57	4869.75	246.11	185.4
PTHR11064	4176.68	4050.12	2215.99	118.59	89.34
PTHR11260	18939.45	18433.21	6522.45	360.23	271.33
PTHR11264	1742.57	1700.38	240.0	14.27	10.75
PTHR11266	17934.35	17470.29	6547.21	314.81	237.12
PTHR13501	1463.09	1378.71	1623.35	211.86	159.59
PTHR31998	4499.0	4414.68	9766.5	237.5	178.9
PTHR31221	1636.0	1551.63	57.0	8.33	6.28
PTHR15838	1728.0	1643.63	84.0	10.32	7.77
PTHR12850	666.29	624.11	21877.45	3573.44	2691.73
PTHR32338	1321.0	1278.81	904.0	71.59	53.93
PTHR31407	4121.73	3995.16	1359.98	91.06	68.59
PTHR15744	2829.75	2703.2	488.0	49.65	37.4
PTHR18952	4816.96	4690.4	1917.0	97.69	73.59
PTHR10552	800.0	757.81	255.0	34.23	25.78
PTHR21597	3527.42	3400.85	244.0	21.34	16.07
PTHR12765	442.0	399.82	29.0	7.44	5.61
PTHR12505	1883.88	1799.52	143.0	15.22	11.46
PTHR22603	5832.91	5664.15	750.0	45.93	34.59
PTHR12506	4106.22	3937.47	460.0	45.63	34.36
PTHR22604	3424.78	3298.3	779.93	62.03	46.73
PTHR21481	1219.0	1176.81	42.0	3.62	2.72
PTHR22778	3945.56	3819.01	1432.0	88.16	66.42
PTHR12169	4563.17	4310.1	530.98	62.9	47.36
PTHR19446	40338.31	39578.98	43890.55	1668.54	1256.81
PTHR12219	1479.0	1436.81	1565.23	110.25	83.05
PTHR13561	1421.93	1337.56	130.0	16.94	12.76
PTHR13563	1782.74	1698.36	153.01	17.55	13.22
PTHR12210	19782.08	19486.76	6022.42	177.51	133.7
PTHR12215	1346.28	1261.92	69.0	11.25	8.48
PTHR12214	1032.0	947.65	41.0	8.34	6.28
PTHR22911	9112.53	8732.88	756.0	77.3	58.22
PTHR22912	19420.2	18745.24	8996.97	698.98	526.52
PTHR12183	5154.0	5027.48	721.0	40.58	30.56
PTHR19849	2661.0	2576.62	188.0	15.86	11.95
PTHR22594	10928.33	10590.89	2694.31	182.92	137.79
PTHR11864	4107.81	3939.06	356.0	35.95	27.08
PTHR21152	11197.18	11028.44	5835.68	284.19	214.07
PTHR30075	2051.27	1966.9	249.99	26.25	19.77
PTHR11632	13447.48	13236.57	16359.75	475.13	357.9
PTHR13102	2987.6	2861.05	479.04	49.4	37.21
PTHR12984	1952.0	1909.81	185.0	9.79	7.37
PTHR23293	3827.79	3701.25	3339.85	176.91	133.26
PTHR13299	2971.26	2886.89	680.0	47.97	36.13
PTHR12652	1044.0	1001.81	909.04	92.06	69.34
PTHR10925	4200.0	4031.24	238.0	23.49	17.69
PTHR21737	3136.0	2967.26	337.0	51.18	38.54
PTHR10920	3439.23	3270.48	438.0	47.43	35.72
PTHR10584	19874.6	19157.49	3443.99	217.9	164.14
PTHR11528	8086.0	7917.25	4335.48	262.73	197.9
PTHR11527	2216.0	2173.81	847.0	39.36	29.65
PTHR11525	2495.69	2453.5	589.99	24.28	18.29
PTHR10859	4288.0	4161.43	599.0	38.58	29.06
PTHR10589	1534.0	1449.63	523.0	62.88	47.37
PTHR10588	15439.55	14722.56	506.0	50.77	38.25
PTHR13038	2032.0	1947.62	202.0	20.94	15.77
PTHR13748	18343.47	17837.25	11891.4	418.93	315.56
PTHR10026	4235.37	4108.81	795.0	56.99	42.92
PTHR24015	28640.6	27923.42	4022.41	206.76	155.74
PTHR24012	40863.02	39892.76	53634.7	3143.82	2368.1
PTHR24011	41269.83	39920.03	18867.65	898.62	676.89
PTHR31187	16554.57	16090.54	11992.69	449.19	338.33
PTHR13948	1247.38	1205.22	663.78	55.79	42.03
PTHR21145	812.71	770.53	144.0	19.01	14.32
PTHR10459	5785.28	5574.36	284.96	31.45	23.7
PTHR11453	1832.78	1748.41	110.0	12.73	9.59
PTHR10108	49837.58	48192.5	9374.66	652.31	491.32
PTHR11986	13981.1	13559.25	4927.46	264.08	198.93
PTHR11455	10005.86	9626.22	1514.18	124.53	93.79
PTHR10102	3859.14	3774.76	267.94	13.89	10.46
PTHR11458	1367.0	1324.81	1318.97	100.81	75.93
PTHR10106	1138.0	1095.81	130.0	12.03	9.06
PTHR11851	25482.02	24807.03	6297.09	320.83	241.68
PTHR23092	6928.56	6633.35	950.0	62.3	46.92
PTHR23091	13520.45	12972.08	2141.0	179.11	134.93
PTHR11673	1683.0	1640.81	10602.79	653.5	492.26
PTHR11670	3932.31	3847.94	5253.05	267.4	201.43
PTHR11671	1433.0	1390.81	832.0	60.55	45.61
PTHR20863	2806.0	2679.44	12744.41	1243.54	936.71
PTHR20861	3250.27	3123.71	1055.92	104.03	78.36
PTHR11679	8245.56	8034.63	1060.56	59.03	44.45
PTHR14009	6893.63	6809.25	2009.26	59.85	45.09
PTHR10217	17546.39	17040.17	2360.0	138.75	104.52
PTHR10210	1586.0	1543.81	304.0	19.92	15.01
PTHR11588	10317.85	10064.73	24347.88	1339.74	1009.19
PTHR31522	1415.0	1372.81	156.0	11.5	8.67
PTHR14221	1293.0	1208.66	100.0	14.88	11.21
PTHR11079	6386.27	6133.2	430.0	42.11	31.71
PTHR11076	14378.3	13872.07	744.72	61.42	46.28
PTHR11070	1561.0	1476.66	78.0	9.31	7.01
PTHR11071	23651.31	22807.63	22085.47	1976.5	1488.81
PTHR11278	751.0	708.82	16973.33	2437.43	1836.02
PTHR14107	484.0	441.82	56.0	12.99	9.78
PTHR11276	2724.0	2639.62	172.0	12.5	9.42
PTHR11274	1245.69	1203.5	571.0	48.07	36.21
PTHR14136	6158.89	5990.16	2254.0	181.27	136.54
PTHR31984	5570.82	5444.26	1884.0	81.92	61.7
PTHR15350	3306.7	3222.33	683.11	42.6	32.09
PTHR15606	878.74	836.56	86.0	10.45	7.87
PTHR12374	1631.06	1546.71	242.0	35.71	26.9
PTHR12375	1025.53	983.35	210.0	21.67	16.32
PTHR12378	680.0	637.82	53.0	8.47	6.38
PTHR18929	8256.6	8003.5	15914.95	1096.9	826.25
PTHR30535	3896.25	3811.89	805.0	30.49	22.97
PTHR12777	1174.0	1131.81	1142.9	102.35	77.1
PTHR12775	2916.1	2747.39	459.0	64.77	48.79
PTHR12770	8679.04	8468.11	1694.66	97.95	73.77
PTHR14085	2340.0	2297.81	252.0	11.07	8.34
PTHR16092	3202.9	3118.52	2236.02	125.97	94.88
PTHR10938	2282.0	2239.81	765.97	34.54	26.02
PTHR11035	1756.0	1671.63	884.46	96.17	72.44
PTHR22298	31984.4	31267.32	16253.05	385.4	290.32
PTHR12174	3665.29	3538.74	1223.0	111.31	83.84
PTHR12175	1440.0	1397.81	392.78	28.44	21.42
PTHR12176	11139.16	10843.85	1953.57	89.69	67.56
PTHR22769	7682.23	7429.14	888.77	73.56	55.41
PTHR22767	4380.36	4127.26	335.03	49.2	37.05
PTHR22765	9647.46	9436.55	1861.0	90.97	68.54
PTHR22762	16636.49	16172.5	2605.04	157.53	118.66
PTHR22763	1159.0	1074.65	45.0	7.39	5.56
PTHR22761	2935.57	2851.19	1280.95	84.09	63.34
PTHR21231	5580.0	5411.25	644.0	73.73	55.54
PTHR21230	4533.33	4406.77	842.0	59.39	44.73
PTHR21234	4299.0	4214.62	731.0	37.28	28.08
PTHR21237	3321.0	3194.43	872.99	83.37	62.8
PTHR12202	2926.44	2757.71	240.0	29.43	22.15
PTHR12203	5455.64	5329.08	579.03	33.98	25.59
PTHR19857	1973.1	1888.78	181.0	12.59	9.48
PTHR19854	4242.05	4031.13	217.0	26.11	19.67
PTHR19855	1385.45	1301.08	249.0	39.31	29.6
PTHR13353	5971.07	5802.34	1335.86	70.39	53.03
PTHR19853	3619.8	3451.06	238.0	28.79	21.69
PTHR11136	2373.05	2246.57	240.99	36.68	27.62
PTHR12197	28045.54	27117.81	11038.28	599.24	451.37
PTHR19858	2238.08	2153.7	230.0	18.99	14.3
PTHR13822	1811.95	1769.77	2006.95	114.64	86.36
PTHR10344	1885.12	1842.94	599.0	32.85	24.74
PTHR13138	799.39	757.2	270.0	36.27	27.32
PTHR10732	572.0	529.82	12456.87	2402.05	1809.37
PTHR10739	3496.68	3370.12	1131.0	96.99	73.06
PTHR22846	1721.74	1637.38	327.0	35.37	26.64
PTHR12992	2688.0	2603.62	242.0	18.83	14.19
PTHR22838	1946.14	1903.96	252.0	13.38	10.08
PTHR22836	1561.0	1518.81	54.0	3.6	2.71
PTHR11934	1195.0	1152.81	158.0	13.89	10.46
PTHR10693	619.0	576.82	81.0	14.33	10.79
PTHR10934	1009.0	966.81	19973.81	2096.6	1579.28
PTHR11510	3237.0	3194.81	2592.34	81.86	61.66
PTHR11516	5125.92	4957.19	5290.07	445.88	335.87
PTHR10025	8018.67	7765.58	1050.2	72.23	54.41
PTHR10027	7499.14	7246.01	248.99	22.27	16.78
PTHR13009	6514.0	6345.25	1359.39	62.28	46.91
PTHR13007	1684.0	1641.81	141.0	8.69	6.54
PTHR30115	1252.0	1209.81	1409.93	118.07	88.94
PTHR10598	1595.0	1552.81	445.03	28.99	21.84
PTHR17901	3032.21	2947.86	595.86	42.58	32.08
PTHR14413	1465.0	1380.63	689.0	86.32	65.02
PTHR24351	4190.81	4106.44	1292.33	68.58	51.66
PTHR20981	831.0	788.81	18523.31	2387.54	1798.44
PTHR20982	3008.0	2923.62	995.0	76.7	57.78
PTHR24352	5750.0	5665.62	1393.0	52.49	39.54
PTHR11467	796.0	753.81	15.0	2.02	1.52
PTHR10119	8347.4	8052.1	1728.02	125.36	94.43
PTHR10114	676.0	633.82	18665.13	3001.46	2260.88
PTHR10110	12725.43	12430.17	1705.48	97.7	73.58
PTHR11469	2233.0	2190.81	2225.0	102.58	77.27
PTHR10445	885.0	842.81	236.0	28.45	21.43
PTHR11863	2534.0	2449.62	427.03	34.7	26.14
PTHR24286	24721.01	24172.55	6291.39	304.15	229.13
PTHR23429	5100.54	4973.99	1639.83	84.6	63.72
PTHR23426	3800.29	3673.73	1955.08	145.43	109.55
PTHR10593	3546.67	3420.1	391.0	36.62	27.59
