GeneFamily	length	effective_length	expected_count	TPM	FPKM
PTHR11649	19509.91	18838.5	4858.17	295.35	222.97
PTHR31089	793.0	748.24	68.0	6.94	5.24
PTHR31085	5300.68	5076.89	635.14	45.29	34.2
PTHR11647	3345.6	3256.08	858.0	32.11	24.24
PTHR11645	1368.61	1323.86	983.02	56.45	42.62
PTHR11885	2326.0	2281.24	14761.48	490.87	370.61
PTHR10209	9385.79	9072.47	2040.59	92.67	69.96
PTHR32429	4830.75	4696.47	19033.33	767.07	579.14
PTHR31423	605.0	560.24	185.0	25.29	19.09
PTHR31551	787.0	742.24	247.04	25.41	19.19
PTHR32195	2102.98	2013.45	294.0	22.51	17.0
PTHR11081	4979.0	4799.97	177.0	10.07	7.6
PTHR11080	5551.99	5372.98	1438.0	84.12	63.5
PTHR11082	10179.19	9865.87	2000.0	102.59	77.45
PTHR11085	7651.99	7383.54	2653.0	132.84	100.3
PTHR11089	7586.61	7139.07	1170.0	115.77	87.4
PTHR32518	6762.25	6627.97	3103.0	108.56	81.97
PTHR11247	4607.0	4472.72	1743.05	58.4	44.09
PTHR11246	6407.49	6273.21	2430.88	78.31	59.13
PTHR32512	3420.36	3286.09	784.0	58.26	43.99
PTHR23088	6042.08	5907.8	2644.35	107.52	81.18
PTHR23089	4417.59	4283.31	1405.03	57.08	43.09
PTHR23081	2790.95	2611.91	271.01	31.51	23.78
PTHR23083	38108.52	36855.5	5486.69	291.85	220.38
PTHR23084	7382.36	7024.35	830.02	50.8	38.35
PTHR23086	9424.76	9200.95	5175.6	171.8	129.71
PTHR18806	5368.11	5278.59	3449.04	98.68	74.51
PTHR11880	2798.0	2708.48	10852.84	650.73	491.3
PTHR31953	7776.64	7373.8	889.44	71.93	54.3
PTHR15184	9393.02	9169.22	14604.75	454.61	343.23
PTHR15341	621.83	577.07	104.0	13.79	10.41
PTHR32357	1332.31	1198.06	283.93	55.12	41.61
PTHR15169	2411.0	2321.48	844.0	51.33	38.75
PTHR12341	10569.96	10167.12	1082.0	69.51	52.47
PTHR15160	2291.85	2202.32	1348.0	73.35	55.38
PTHR18937	19713.79	19221.46	3512.28	96.08	72.53
PTHR18934	22008.41	21068.56	4437.59	261.45	197.39
PTHR10997	15366.37	14874.0	4055.96	209.87	158.45
PTHR12742	4451.59	4317.3	1738.0	87.74	66.24
PTHR12741	1294.05	1249.28	229.0	13.94	10.53
PTHR16557	918.0	873.24	29.0	2.53	1.91
PTHR19288	7344.73	7120.92	856.0	48.06	36.29
PTHR13902	6468.95	6200.39	2278.02	131.43	99.24
PTHR13903	2107.18	2017.74	374.0	35.85	27.06
PTHR22753	7522.0	7387.72	902.96	27.49	20.75
PTHR22939	23132.75	22506.1	4612.02	210.01	158.56
PTHR16266	2541.43	2407.17	138.0	14.34	10.82
PTHR30612	3084.65	2995.21	990.93	32.74	24.72
PTHR22932	1231.0	1186.24	1111.73	71.3	53.83
PTHR22931	12733.54	12554.5	28604.44	910.44	687.38
PTHR12233	3610.72	3565.95	1597.99	33.95	25.64
PTHR10993	1005.29	960.53	109.0	8.65	6.53
PTHR31038	998.0	953.24	336.0	26.86	20.28
PTHR13832	67309.15	65966.34	25934.91	692.51	522.86
PTHR21139	1812.0	1767.24	5106.25	219.39	165.64
PTHR21136	7547.84	7234.57	3561.0	237.46	179.27
PTHR12526	56753.66	55410.99	15166.25	537.67	405.92
PTHR13120	1814.0	1769.24	790.33	33.92	25.61
PTHR22809	2070.26	1980.73	170.11	12.84	9.69
PTHR22807	7307.82	6949.74	915.0	66.17	49.97
PTHR20661	1810.08	1675.82	142.0	20.09	15.16
PTHR10900	4748.09	4658.57	1669.0	55.92	42.22
PTHR10906	5723.0	5588.72	2455.03	76.34	57.64
PTHR10909	16164.84	15762.11	7084.81	305.62	230.74
PTHR10055	1434.0	1389.24	466.0	25.5	19.25
PTHR10057	4822.08	4643.02	3438.63	231.97	175.14
PTHR10052	948.0	903.24	21708.18	1831.91	1383.09
PTHR13017	1210.0	1165.24	155.0	10.12	7.64
PTHR13018	17106.46	16703.61	3378.13	97.09	73.31
PTHR10694	9247.61	8800.02	1354.04	104.85	79.15
PTHR12839	3099.32	2965.04	510.0	37.48	28.3
PTHR12835	3615.76	3481.47	665.0	39.49	29.82
PTHR24031	74080.97	71440.32	62154.08	2516.22	1899.72
PTHR24032	1330.0	1240.48	77.95	9.67	7.3
PTHR24349	47876.23	46533.54	30875.26	899.97	679.5
PTHR24619	3360.7	3226.45	457.0	45.42	34.29
PTHR24343	29350.82	28410.89	20236.23	735.63	555.42
PTHR11472	8336.7	8023.62	780.07	50.25	37.92
PTHR11476	983.0	938.24	92.0	7.47	5.64
PTHR11477	1310.06	1220.54	169.0	18.26	13.78
PTHR24305	13530.48	13038.13	5046.64	268.18	202.47
PTHR10476	3716.0	3626.48	2574.99	105.49	79.65
PTHR11538	4773.0	4683.48	4216.57	147.75	111.55
PTHR24290	5609.99	5431.0	580.0	20.75	15.67
PTHR23413	1229.0	1139.48	29805.27	2953.41	2229.83
PTHR23417	1888.79	1799.26	341.07	31.14	23.51
PTHR23415	1625.0	1580.24	331.55	15.94	12.03
PTHR10871	1421.0	1331.48	23065.47	2614.39	1973.86
PTHR10877	6525.82	6212.75	1285.0	53.28	40.23
PTHR11879	5883.7	5749.43	4838.32	177.76	134.21
PTHR24316	9232.96	8964.39	11176.75	475.27	358.83
PTHR31096	6817.24	6682.94	1240.28	44.23	33.39
PTHR31098	6111.0	6021.48	4214.63	102.69	77.53
PTHR11655	3078.22	2943.94	26333.48	2389.94	1804.4
PTHR11652	1951.0	1816.72	22610.02	2849.97	2151.73
PTHR10436	8764.0	8361.19	977.0	81.16	61.27
PTHR20883	6188.25	6009.2	1188.33	58.38	44.08
PTHR11895	10037.64	9769.09	5494.99	156.43	118.1
PTHR10277	6994.52	6905.0	7370.84	168.06	126.89
PTHR14027	1947.59	1902.83	880.0	35.1	26.5
PTHR12049	4773.12	4594.07	544.17	34.62	26.15
PTHR24095	7785.82	7472.69	11496.37	328.63	248.11
PTHR23180	9411.37	9053.38	7284.72	279.47	211.01
PTHR14593	3115.89	2981.62	530.0	36.33	27.43
PTHR11093	2474.38	2429.61	1582.0	49.38	37.29
PTHR11096	2123.83	2034.32	316.0	27.01	20.39
PTHR23346	8897.52	8763.23	1560.06	34.59	26.1
PTHR10309	2059.0	2014.24	859.98	32.4	24.46
PTHR11252	2245.19	2155.75	868.99	65.76	49.64
PTHR11254	19622.05	18950.72	4450.0	197.15	148.85
PTHR11255	4284.0	4194.48	1037.0	34.14	25.78
PTHR14110	5033.0	4853.96	4375.02	238.43	180.01
PTHR14374	1623.0	1578.24	96.0	4.62	3.49
PTHR18838	2145.44	2100.67	797.0	28.79	21.74
PTHR12687	3331.15	3241.66	535.0	18.55	14.01
PTHR15157	4962.35	4738.61	1110.0	66.51	50.22
PTHR18901	11089.4	10776.19	5465.65	203.77	153.86
PTHR12755	810.0	765.24	74.0	7.38	5.57
PTHR12750	7028.0	6625.17	936.01	97.73	73.82
PTHR12753	1132.0	1087.24	225.0	15.75	11.89
PTHR15574	6939.24	6581.25	761.0	61.09	46.13
PTHR24007	1664.0	1574.48	201.89	18.09	13.66
PTHR13931	8138.26	7914.46	2174.03	83.31	62.89
PTHR31811	1601.0	1511.48	154.0	15.58	11.76
PTHR12358	4725.71	4457.35	342.0	34.75	26.25
PTHR22748	3800.73	3621.68	678.97	57.79	43.65
PTHR12356	3120.0	2985.77	196.0	10.84	8.19
PTHR12221	1656.81	1567.31	538.0	46.35	35.0
PTHR12226	1327.0	1282.24	694.01	41.16	31.08
PTHR19876	5525.0	5390.72	2866.55	115.54	87.23
PTHR19877	2683.0	2593.48	26319.14	1382.76	1043.99
PTHR31190	9040.0	8860.97	3264.01	69.54	52.5
PTHR13803	7022.0	6842.96	2497.08	84.59	63.87
PTHR12537	1455.0	1410.24	266.0	14.34	10.82
PTHR12532	2379.0	2334.24	306.61	9.96	7.52
PTHR13486	1307.0	1262.24	150.0	9.04	6.82
PTHR20275	2359.29	2269.83	729.0	35.52	26.81
PTHR13489	600.0	555.24	56.0	7.72	5.83
PTHR17583	4462.57	4194.02	471.0	50.82	38.37
PTHR13572	1602.0	1557.24	80.0	3.9	2.95
PTHR24198	25787.25	25026.39	5225.95	240.25	181.39
PTHR10048	3303.0	3079.23	487.0	44.38	33.49
PTHR10046	5216.15	4992.37	1237.04	78.54	59.3
PTHR10044	3750.42	3616.14	587.0	32.68	24.67
PTHR13060	1320.0	1275.24	109.0	6.5	4.91
PTHR10687	1274.91	1230.15	716.0	44.27	33.43
PTHR13069	1907.74	1773.51	239.0	31.78	23.99
PTHR13068	6174.66	6040.36	1094.96	37.7	28.46
PTHR10682	1088.0	1043.24	359.17	26.21	19.79
PTHR10683	6851.31	6672.27	10553.56	401.76	303.33
PTHR12829	1279.0	1234.24	58.0	3.57	2.7
PTHR12820	2659.0	2569.48	371.99	22.01	16.62
PTHR12826	1629.0	1584.24	563.0	27.0	20.38
PTHR12827	4007.0	3738.52	194.0	21.84	16.49
PTHR17920	2042.0	1952.48	258.0	19.33	14.6
PTHR10137	2088.0	2043.24	1154.0	42.86	32.36
PTHR11405	11080.07	10856.29	8692.49	261.38	197.34
PTHR11404	3328.35	3238.83	7909.77	318.55	240.51
PTHR11406	3615.94	3526.42	32845.76	1291.6	975.16
PTHR13468	1462.84	1373.41	237.0	22.06	16.65
PTHR23406	13378.96	12976.18	4975.79	167.28	126.28
PTHR10869	25246.4	24395.96	6083.26	330.6	249.61
PTHR31717	486.0	441.24	97.0	16.89	12.75
PTHR13393	455.13	410.38	59.0	11.06	8.35
PTHR12696	5728.19	5683.43	2412.0	32.13	24.26
PTHR11315	2187.24	2097.74	2115.91	150.84	113.88
PTHR10139	2081.21	1991.69	155.0	11.71	8.85
PTHR10956	1320.0	1185.8	16508.96	2236.82	1688.8
PTHR10263	3898.0	3808.48	4203.0	145.07	109.53
PTHR31155	5909.0	5685.22	6390.89	179.54	135.55
PTHR32170	2512.27	2377.99	335.0	31.27	23.61
PTHR23350	1299.0	1254.24	101.0	6.12	4.62
PTHR23354	5210.47	5076.2	1125.99	36.12	27.26
PTHR23355	8940.73	8672.18	1667.97	64.08	48.38
PTHR23359	11952.92	11639.69	4765.0	222.15	167.73
PTHR11227	3801.28	3667.01	984.53	61.84	46.68
PTHR11220	8040.77	7682.72	4047.93	266.34	201.08
PTHR11223	6142.32	6008.06	1722.99	49.17	37.13
PTHR11229	1921.0	1831.48	2896.99	251.15	189.62
PTHR10314	17933.75	17486.12	19900.09	872.89	659.04
PTHR14303	1079.0	1034.24	473.0	34.83	26.29
PTHR11139	31787.72	31026.88	3419.08	113.29	85.55
PTHR15362	1255.81	1211.04	196.0	12.31	9.3
PTHR11132	34359.21	33419.35	11231.9	431.48	325.79
PTHR11134	6140.01	5960.96	2747.75	141.6	106.92
PTHR32374	5100.22	4921.2	3541.94	174.0	131.37
PTHR31579	16204.16	15980.35	15873.78	251.69	190.02
PTHR32379	781.27	736.51	265.0	27.47	20.74
PTHR18919	4242.0	4107.72	2228.0	90.32	68.19
PTHR32002	3466.33	3287.4	515.0	49.83	37.62
PTHR21368	1967.0	1877.48	2633.0	208.5	157.42
PTHR10778	5519.3	5385.01	3215.85	136.59	103.12
PTHR13789	24853.57	24092.63	5938.66	243.17	183.6
PTHR12786	2956.54	2867.02	1551.0	92.13	69.55
PTHR11706	5643.76	5419.95	1544.54	77.13	58.24
PTHR12782	1320.0	1230.48	209.0	25.81	19.49
PTHR11742	5087.75	4953.46	664.0	32.06	24.21
PTHR24188	6613.94	6345.37	1534.66	78.9	59.56
PTHR21213	1168.0	1123.24	1289.0	87.34	65.94
PTHR10182	2482.73	2437.96	737.0	22.93	17.31
PTHR13923	3522.51	3432.99	2394.0	115.65	87.31
PTHR12321	3659.0	3569.48	1295.81	49.93	37.69
PTHR12320	15784.33	15515.76	6170.26	162.83	122.93
PTHR12323	824.0	779.24	76.0	7.44	5.62
PTHR16201	2936.0	2801.72	399.01	23.19	17.51
PTHR21015	3642.25	3552.77	686.0	29.46	22.24
PTHR16196	1628.0	1538.72	551.0	52.27	39.46
PTHR20855	6206.89	6117.36	1513.0	37.95	28.65
PTHR16193	2701.71	2612.18	167.0	8.04	6.07
PTHR22792	6062.85	5883.82	3096.11	126.22	95.3
PTHR22790	1247.44	1202.68	453.0	28.65	21.63
PTHR21680	2234.0	2189.24	655.0	22.7	17.14
PTHR14152	1826.0	1736.48	277.0	24.32	18.37
PTHR21689	2779.0	2689.48	107.0	5.69	4.3
PTHR21113	10958.47	10734.67	3471.0	147.82	111.6
PTHR19316	4591.3	4501.77	5393.88	192.91	145.65
PTHR21663	3845.27	3666.25	471.0	40.63	30.68
PTHR13253	13260.11	12767.74	10511.5	719.86	543.53
PTHR12446	2496.0	2361.73	632.0	41.53	31.35
PTHR21206	1041.05	996.28	163.02	12.46	9.41
PTHR10072	3792.42	3658.13	985.89	79.94	60.36
PTHR10071	6256.48	5943.27	2357.27	98.91	74.67
PTHR13780	13353.38	13040.05	11721.97	477.44	360.47
PTHR10677	1472.0	1427.24	903.25	48.1	36.32
PTHR13078	7463.77	7195.24	11089.02	450.24	339.94
PTHR11693	3271.0	3181.48	27643.36	1233.88	931.58
PTHR12815	5458.0	5323.72	2529.01	89.43	67.52
PTHR12814	1516.0	1426.48	149.0	15.95	12.05
PTHR24361	15195.28	14568.92	1254.0	72.94	55.07
PTHR24362	25105.56	23986.6	3468.93	151.77	114.58
PTHR10416	2034.0	1989.24	484.96	18.5	13.97
PTHR10410	5711.64	5532.59	3116.98	150.71	113.78
PTHR10783	8562.86	8160.04	5078.84	339.29	256.16
PTHR10782	2765.0	2630.73	312.0	25.69	19.4
PTHR13476	1688.0	1598.48	402.0	40.31	30.43
PTHR10788	8624.28	8490.0	3826.0	104.01	78.53
PTHR10891	22754.47	21993.55	14339.09	710.22	536.22
PTHR10890	3645.0	3510.72	704.0	43.85	33.1
PTHR20426	680.0	635.24	54.0	6.5	4.91
PTHR23213	2570.0	2480.48	145.0	7.98	6.02
PTHR10520	6553.45	6329.72	3316.49	150.25	113.44
PTHR10250	606.7	561.94	260.0	35.43	26.75
PTHR22854	4112.0	3977.72	1930.0	98.36	74.27
PTHR10527	12201.46	12022.41	5267.55	113.85	85.95
PTHR31384	2223.0	2178.24	457.0	15.92	12.02
PTHR10098	3165.14	3030.87	1787.87	83.01	62.67
PTHR10091	4491.67	4312.71	2733.76	254.53	192.18
PTHR31142	2243.87	2199.1	2485.69	85.76	64.75
PTHR31140	7081.0	6946.72	5011.32	124.69	94.14
PTHR31412	4674.35	4584.83	1729.81	54.12	40.86
PTHR11787	1449.0	1314.74	233.0	43.2	32.62
PTHR11785	28079.71	27497.87	9594.96	264.81	199.93
PTHR11782	8260.48	7991.92	1193.52	64.81	48.95
PTHR31419	4070.0	3935.72	208.0	11.41	8.62
PTHR11780	2222.99	2178.23	6857.44	238.85	180.34
PTHR21141	3066.05	2931.77	64502.23	8236.45	6218.52
PTHR32148	10030.3	9761.71	39909.42	2916.14	2201.7
PTHR23324	10810.73	10542.17	1278.0	53.98	40.76
PTHR23327	2412.0	2233.05	103.0	10.44	7.89
PTHR23326	3866.71	3732.44	2097.91	121.29	91.57
PTHR23321	630.0	585.24	2579.74	337.37	254.71
PTHR23323	8794.8	8526.23	2055.69	93.71	70.76
PTHR23322	2535.99	2401.71	1376.0	96.82	73.1
PTHR23329	2222.82	2133.3	415.0	26.15	19.74
PTHR11236	6023.76	5755.21	682.96	37.65	28.41
PTHR20932	4640.32	4550.79	2441.37	79.42	59.96
PTHR10322	11103.02	10565.97	1258.11	75.83	57.25
PTHR11239	5918.42	5784.13	1826.23	78.38	59.18
PTHR10803	3969.35	3879.83	1731.0	72.45	54.7
PTHR31964	12801.45	12443.35	10914.92	581.55	439.05
PTHR23030	2261.62	2216.86	608.15	20.81	15.71
PTHR11129	2240.0	2150.5	602.98	36.71	27.71
PTHR11122	5124.72	4945.66	3725.36	243.47	183.83
PTHR15316	4901.98	4678.18	2677.94	200.15	151.11
PTHR11127	627.0	582.24	17607.26	2314.6	1747.52
PTHR11125	2889.0	2844.24	392.0	10.45	7.89
PTHR31566	2666.0	2531.72	788.0	69.61	52.57
PTHR31567	1776.0	1731.24	2794.57	122.58	92.55
PTHR31561	24115.4	23175.56	17708.16	787.41	594.48
PTHR30615	1475.0	1385.48	308.0	36.51	27.57
PTHR15137	1392.68	1303.17	132.0	13.85	10.45
PTHR22938	2714.91	2580.62	331.01	30.11	22.72
PTHR15952	2978.0	2843.72	509.0	36.95	27.9
PTHR21319	4856.22	4632.44	676.0	60.81	45.91
PTHR11482	11924.47	11611.32	11698.85	340.56	257.13
PTHR13887	1547.0	1502.24	192.0	9.71	7.33
PTHR19271	3095.89	2961.63	493.04	36.49	27.55
PTHR21228	89020.36	85753.33	23160.65	1038.45	784.01
PTHR11361	19280.54	18519.75	2651.99	130.03	98.16
PTHR13343	5816.6	5682.32	1753.0	65.68	49.59
PTHR12029	11832.66	11206.06	975.32	98.23	74.17
PTHR21220	719.0	674.24	31.0	3.51	2.65
PTHR22780	8504.73	8280.91	1512.78	61.84	46.69
PTHR21477	4600.0	4510.48	794.24	26.48	19.99
PTHR19308	6415.0	6325.48	5571.95	94.14	71.08
PTHR16301	2467.7	2378.18	507.14	33.76	25.49
PTHR22870	21505.31	20654.96	6142.65	252.71	190.78
PTHR17630	6833.96	6610.23	3437.7	166.61	125.78
PTHR10064	578.0	533.24	16836.01	2419.11	1826.43
PTHR10066	11111.85	10753.83	2816.78	123.02	92.88
PTHR10060	1406.0	1316.48	116.32	13.37	10.09
PTHR10663	16657.45	16165.09	4504.23	213.62	161.26
PTHR10666	9040.61	8682.54	54097.75	3275.39	2472.92
PTHR10668	15702.11	15299.43	3998.06	204.3	154.23
PTHR12265	2298.79	2209.28	1570.57	87.79	66.28
PTHR12801	7474.3	7250.5	3790.0	133.24	100.6
PTHR12802	4643.75	4330.57	622.0	55.02	41.53
PTHR12805	1438.19	1348.67	212.0	24.21	18.28
PTHR12806	764.0	719.24	81.0	8.6	6.49
PTHR21091	17368.65	16965.81	7343.01	346.77	261.82
PTHR21090	1448.58	1403.82	1159.96	62.81	47.42
PTHR24315	1237.0	1192.24	731.92	46.71	35.26
PTHR24314	5460.74	5326.46	1213.0	55.03	41.54
PTHR11933	2202.86	2068.57	199.0	19.85	14.99
PTHR11932	8012.1	7788.36	4716.29	170.97	129.08
PTHR11426	2717.0	2582.74	9791.15	654.14	493.87
PTHR11937	10385.0	9982.17	8291.53	360.18	271.93
PTHR11938	15692.27	15468.46	6745.59	161.19	121.7
PTHR31057	3492.98	3358.7	444.0	30.12	22.74
PTHR13683	5292.5	5113.46	2522.11	132.07	99.71
PTHR24089	67029.81	64836.56	36119.06	1940.02	1464.72
PTHR10796	4118.91	4029.38	949.95	32.54	24.57
PTHR10794	3979.97	3800.92	503.26	36.41	27.49
PTHR10795	56376.77	54989.25	18505.62	678.81	512.54
PTHR10792	720.0	675.24	16165.54	1829.49	1381.26
PTHR10799	46733.45	44540.46	4847.83	353.57	266.91
PTHR10882	1399.0	1354.24	85.0	4.77	3.6
PTHR10887	37252.9	35954.97	6840.15	272.99	206.11
PTHR11686	1918.06	1828.53	311.0	26.19	19.78
PTHR11685	6476.19	6207.71	2047.95	79.45	59.99
PTHR11680	6690.0	6555.72	5403.35	168.49	127.22
PTHR24221	25433.34	24806.75	4488.9	196.2	148.12
PTHR24220	7042.8	6729.49	1468.27	132.39	99.96
PTHR24223	31111.64	30350.8	8100.21	204.48	154.35
PTHR11689	13883.29	13659.48	2292.0	56.93	42.97
PTHR10252	3450.0	3315.73	615.0	32.28	24.37
PTHR13082	1710.0	1665.24	919.0	41.91	31.65
PTHR13124	1131.0	1041.49	150.0	19.64	14.84
PTHR31173	5318.85	5095.05	612.0	46.53	35.12
PTHR12538	693.0	648.24	33210.51	3916.67	2957.09
PTHR31606	1920.58	1875.81	1946.0	78.75	59.46
PTHR31356	4629.19	4495.08	7420.37	335.2	253.08
PTHR31352	2705.0	2615.48	787.35	45.65	34.46
PTHR31350	6483.81	6259.99	2119.97	97.44	73.57
PTHR11758	1501.0	1411.48	15986.51	1592.81	1202.57
PTHR23333	667.0	622.24	340.99	41.91	31.64
PTHR11751	23381.3	22665.21	12193.66	486.73	367.49
PTHR11753	2150.0	2015.72	665.0	77.46	58.48
PTHR11752	34498.93	33738.05	6225.46	175.65	132.65
PTHR24423	7960.84	7781.82	1785.0	59.62	45.01
PTHR11206	21483.3	20901.47	2913.36	143.08	108.05
PTHR11757	11618.91	11216.14	3195.15	158.66	119.79
PTHR24420	88720.27	86258.68	29627.54	902.61	681.47
PTHR10332	8845.53	8576.96	3623.56	173.37	130.9
PTHR14145	2225.62	2180.85	1487.01	51.73	39.06
PTHR17695	4820.0	4506.7	278.0	31.74	23.97
PTHR13600	5725.48	5501.67	2027.34	106.13	80.14
PTHR12363	8504.5	8191.18	946.0	50.12	37.83
PTHR23029	12641.8	12238.97	4234.0	186.41	140.75
PTHR23023	7974.78	7661.46	916.0	80.37	60.69
PTHR31385	3896.47	3762.19	380.0	23.75	17.93
PTHR21294	1328.0	1283.24	437.0	25.9	19.55
PTHR11119	6098.58	5919.54	1694.0	67.15	50.69
PTHR31595	4536.55	4312.76	336.0	23.32	17.61
PTHR31596	1786.97	1697.45	158.0	14.2	10.72
PTHR15948	803.0	758.24	65.0	6.54	4.94
PTHR32026	2306.0	2261.24	322.0	10.8	8.16
PTHR31829	1491.0	1446.24	3901.14	205.0	154.78
PTHR14898	2878.08	2788.55	946.0	54.84	41.41
PTHR19241	49004.94	47841.24	16180.4	473.43	357.47
PTHR14894	1591.11	1501.59	246.0	25.25	19.07
PTHR15239	6328.8	6105.04	975.98	50.36	38.02
PTHR32497	4927.0	4792.72	748.02	33.92	25.61
PTHR12497	3770.0	3635.74	1033.89	36.99	27.92
PTHR12302	4056.0	4011.24	4746.0	89.63	67.67
PTHR12304	2459.0	2369.48	245.0	15.54	11.74
PTHR30540	4010.04	3696.79	101.0	12.63	9.54
PTHR30544	5735.86	5467.32	1167.92	77.59	58.57
PTHR13302	1102.0	1012.49	167.0	24.03	18.14
PTHR12472	2295.35	2205.82	129.93	7.43	5.61
PTHR13308	3791.52	3657.22	2270.79	112.77	85.14
PTHR12477	5977.0	5797.96	1033.0	61.06	46.11
PTHR13878	20414.73	19877.64	2621.06	96.67	72.98
PTHR21461	1816.0	1771.24	248.0	10.63	8.03
PTHR13872	7370.0	7146.2	26202.02	1381.77	1043.24
PTHR22849	6197.01	5883.8	1430.87	132.41	99.99
PTHR21314	2252.0	2162.48	349.0	25.28	19.09
PTHR13271	31746.5	30582.82	5646.22	288.68	217.95
PTHR22841	6958.37	6779.37	6940.58	220.08	166.16
PTHR22847	51901.96	50067.24	7920.22	385.64	291.14
PTHR22844	14817.81	14235.96	1906.0	91.26	68.89
PTHR23284	1064.0	1019.24	230.01	17.19	12.98
PTHR21266	18961.76	18245.83	10903.03	379.82	286.78
PTHR12271	4640.0	4460.96	430.0	30.0	22.64
PTHR12277	5313.55	5134.5	1486.0	88.89	67.11
PTHR12276	2322.89	2188.62	413.0	44.98	33.96
PTHR10657	2599.0	2509.48	1336.02	80.34	60.66
PTHR10655	2716.0	2626.48	1129.04	83.25	62.85
PTHR10652	1817.0	1727.48	406.0	34.26	25.87
PTHR17972	2279.93	2145.64	174.0	18.73	14.14
PTHR10751	10091.35	9912.32	2214.62	64.0	48.31
PTHR21085	2658.0	2613.24	2005.0	58.18	43.93
PTHR11922	5672.76	5493.75	3131.07	152.05	114.81
PTHR10438	39099.71	38114.99	43065.67	2067.59	1561.02
PTHR11926	13407.0	13004.15	1691.27	83.63	63.13
PTHR11431	1881.79	1792.29	3375.95	272.78	205.95
PTHR10430	5262.75	5083.71	13546.19	764.9	577.49
PTHR10434	1274.0	1229.24	468.0	28.96	21.86
PTHR24096	19770.94	19099.68	4063.99	234.25	176.85
PTHR13693	6385.58	6206.54	1143.72	47.82	36.1
PTHR13691	2526.0	2436.48	212.0	16.86	12.73
PTHR24092	11280.7	11101.66	5168.01	89.74	67.76
PTHR24093	61569.46	59645.35	26516.68	1161.48	876.92
PTHR22936	5825.76	5646.72	1308.0	66.76	50.41
PTHR13451	1977.59	1888.08	225.0	15.66	11.83
PTHR13452	1835.0	1745.48	490.0	44.09	33.29
PTHR10759	1126.0	1081.24	16053.88	1130.28	853.36
PTHR12901	2916.83	2872.06	1120.0	29.56	22.32
PTHR12903	1872.0	1782.48	3485.0	273.32	206.36
PTHR13992	1355.0	1265.48	114.0	14.41	10.88
PTHR23237	504.0	459.24	322.0	53.83	40.64
PTHR10501	5383.0	5338.24	4549.17	64.53	48.72
PTHR31169	1987.0	1897.48	223.4	18.26	13.79
PTHR14087	544.0	499.24	36.0	5.53	4.17
PTHR23309	4983.28	4893.75	2114.67	60.19	45.44
PTHR23308	6465.4	6152.2	5945.89	232.71	175.7
PTHR31344	3934.0	3889.24	473.0	9.21	6.96
PTHR31619	2306.0	2261.24	3907.0	131.08	98.96
PTHR23306	2138.0	2093.24	319.0	11.56	8.73
PTHR23305	8631.37	8452.33	3996.0	181.79	137.25
PTHR14089	1444.66	1399.89	182.02	9.88	7.46
PTHR11748	7398.2	7129.61	2547.14	136.61	103.13
PTHR11214	1455.34	1410.57	931.0	50.16	37.87
PTHR11216	5737.0	5557.96	1315.0	68.15	51.45
PTHR11210	1981.72	1892.32	1916.0	129.3	97.62
PTHR14154	14027.56	13579.96	5264.8	313.32	236.55
PTHR14155	7243.52	6930.2	1707.68	147.48	111.34
PTHR10343	3019.0	2929.48	1088.0	57.13	43.13
PTHR11699	12209.54	11851.49	4222.98	208.62	157.51
PTHR11692	2700.0	2655.24	1104.0	31.53	23.8
PTHR12403	2788.07	2698.55	927.0	51.87	39.16
PTHR11695	25058.72	24253.06	8560.83	405.96	306.5
PTHR31760	534.88	490.14	180.44	28.23	21.32
PTHR31906	11786.7	11383.84	2850.79	150.23	113.42
PTHR21419	1791.88	1747.11	598.39	26.01	19.64
PTHR23012	21903.25	21366.37	22534.23	685.4	517.49
PTHR11101	10071.25	9802.71	3188.01	83.41	62.97
PTHR11102	5199.79	5065.51	2068.99	86.29	65.15
PTHR11106	2286.35	2196.83	1134.8	86.15	65.04
PTHR31585	4557.63	4378.59	828.0	57.39	43.35
PTHR32125	2226.0	2136.48	1838.97	122.01	92.11
PTHR31588	667.0	622.24	31.0	3.81	2.88
PTHR32120	1572.47	1482.95	242.0	24.04	18.16
PTHR10288	16376.29	16107.72	21081.08	521.52	393.77
PTHR15680	640.0	595.24	2047.99	263.28	198.77
PTHR11374	2445.75	2400.98	2683.01	84.76	63.99
PTHR11808	10770.95	10547.25	6233.32	181.68	137.18
PTHR24347	8987.0	8628.93	2693.21	153.96	116.23
PTHR18895	3455.26	3320.98	540.99	31.45	23.74
PTHR12486	773.0	683.54	24.0	5.39	4.07
PTHR21262	4438.22	4303.94	614.59	31.21	23.56
PTHR12480	3561.8	3338.11	199.0	16.77	12.66
PTHR12482	3951.42	3772.38	195.0	15.51	11.7
PTHR11042	6536.0	6267.49	672.0	37.24	28.12
PTHR12317	16019.28	15706.01	4700.0	130.02	98.16
PTHR12649	1308.0	1263.24	196.0	11.8	8.91
PTHR12461	6500.48	6097.7	551.0	57.08	43.09
PTHR12466	2320.0	2230.48	419.0	27.79	20.98
PTHR13847	13501.27	12785.28	4444.95	263.28	198.77
PTHR12000	3100.0	2965.72	729.0	60.12	45.39
PTHR12001	8243.0	8108.72	5833.17	151.89	114.68
PTHR21327	4643.89	4464.84	1407.0	95.87	72.38
PTHR21631	6111.87	5932.82	5306.09	273.08	206.18
PTHR22855	11064.0	10840.2	11757.83	374.0	282.36
PTHR22850	11769.38	11366.69	4142.28	175.84	132.76
PTHR22504	3644.74	3599.98	2319.97	48.83	36.87
PTHR12965	2914.0	2869.24	372.0	9.83	7.42
PTHR22915	13295.29	12937.22	2407.96	94.32	71.22
PTHR21256	3124.09	3034.57	2025.23	97.24	73.42
PTHR12266	6493.26	6314.21	1518.0	63.16	47.69
PTHR10648	4814.0	4679.72	1805.99	60.52	45.69
PTHR10641	23346.14	22450.99	4074.62	249.98	188.76
PTHR19842	1239.0	1194.24	376.0	23.95	18.08
PTHR10644	10760.55	10581.51	2673.99	61.17	46.18
PTHR12864	5115.45	4891.7	856.99	52.73	39.82
PTHR12860	2076.29	2031.52	1313.03	49.05	37.03
PTHR13194	1565.0	1520.24	341.0	17.04	12.87
PTHR13190	4384.99	4295.48	741.38	29.12	21.98
PTHR13193	1279.0	1234.24	179.0	11.03	8.33
PTHR23416	4265.0	4130.72	1485.0	81.94	61.86
PTHR11913	2771.0	2726.24	1167.0	32.46	24.5
PTHR11911	9617.0	9393.2	9922.94	447.03	337.51
PTHR11910	3328.0	3238.48	35855.38	1850.61	1397.21
PTHR14950	7171.4	6723.82	1140.98	98.66	74.5
PTHR11918	6423.51	6244.47	1423.25	54.46	41.12
PTHR12919	1989.0	1899.48	3779.97	391.36	295.48
PTHR12910	1551.26	1461.74	1387.0	167.53	126.49
PTHR12917	1155.93	1111.17	266.0	18.22	13.76
PTHR15954	2923.34	2878.58	574.0	15.12	11.41
PTHR11351	7541.79	7362.75	571.01	16.21	12.24
PTHR11353	35319.78	34558.85	36118.69	1218.17	919.71
PTHR11599	20541.75	19870.35	18153.36	1035.34	781.68
PTHR10516	21161.73	20311.31	15528.66	1020.02	770.11
PTHR11592	4810.0	4630.96	2071.0	153.44	115.85
PTHR13273	1055.0	1010.24	868.58	65.48	49.44
PTHR31724	2514.54	2425.02	3329.74	186.01	140.44
PTHR13734	2273.0	2138.73	142.0	14.25	10.76
PTHR31620	6766.0	6631.72	8017.05	215.12	162.41
PTHR23315	32616.85	31677.08	7528.96	249.71	188.54
PTHR23316	3950.0	3905.24	3367.79	65.33	49.33
PTHR11778	4401.21	4311.69	8996.99	291.88	220.37
PTHR11774	2936.4	2846.87	680.0	36.29	27.39
PTHR11773	4364.0	4319.24	5164.79	90.57	68.38
PTHR11772	7681.89	7458.11	8451.02	359.41	271.35
PTHR10357	34482.08	33855.49	18766.12	448.1	338.33
PTHR10353	9191.71	8967.91	3100.14	116.63	88.06
PTHR10350	2520.0	2475.24	670.97	20.56	15.52
PTHR10351	3634.0	3544.48	4698.34	459.84	347.18
PTHR32557	1843.0	1798.24	1733.12	73.18	55.25
PTHR10359	2476.69	2297.65	284.0	39.83	30.07
PTHR32442	2505.0	2460.24	1763.11	54.35	41.04
PTHR31750	1088.0	998.5	108.03	16.8	12.69
PTHR23418	679.99	635.23	827.0	99.55	75.16
PTHR14189	2233.0	2143.48	166.0	11.68	8.82
PTHR21021	1892.04	1757.98	309.02	40.81	30.81
PTHR32228	2194.0	2149.24	243.0	8.58	6.48
PTHR31245	2011.0	1966.24	940.96	36.32	27.42
PTHR23001	2093.0	2003.48	1996.17	137.78	104.03
PTHR23002	1849.0	1714.73	180.0	26.56	20.06
PTHR30178	2163.0	2118.24	6653.01	238.32	179.93
PTHR22904	34027.13	32639.72	8223.8	429.52	324.31
PTHR11177	3128.68	3039.16	687.0	34.29	25.89
PTHR11178	5765.91	5631.63	3566.18	125.34	94.63
PTHR31808	1585.95	1496.42	307.0	29.43	22.22
PTHR31803	2858.0	2813.24	879.61	23.7	17.9
PTHR11009	2466.0	2376.48	1117.0	64.7	48.85
PTHR10099	4329.0	4284.24	4754.66	84.06	63.47
PTHR19229	25492.21	24462.9	4542.01	247.89	187.15
PTHR11005	13694.83	13292.07	2627.96	123.11	92.94
PTHR11006	9458.17	9100.1	2300.92	124.1	93.7
PTHR18640	3644.95	3510.69	320.0	15.85	11.97
PTHR18866	22957.83	22554.98	155351.85	3760.22	2838.96
PTHR12022	1114.0	1069.24	3937.66	280.36	211.68
PTHR15074	2445.55	2356.03	177.0	11.35	8.57
PTHR15588	1182.03	1092.53	318.0	53.4	40.32
PTHR12677	12327.75	11969.79	2991.37	139.88	105.6
PTHR19134	3726.72	3592.47	895.0	36.39	27.47
PTHR19139	9724.42	9455.97	18067.71	745.56	562.91
PTHR12456	1391.23	1301.72	156.0	17.97	13.57
PTHR12452	1265.52	1220.76	487.96	30.41	22.96
PTHR23240	2518.06	2383.77	120.0	10.75	8.11
PTHR19359	3112.0	2977.72	513.0	49.39	37.3
PTHR12072	4431.0	4251.96	448.0	31.54	23.81
PTHR13218	467.5	422.82	133.0	24.17	18.25
PTHR13215	1043.94	954.43	40.0	6.47	4.89
PTHR13213	3045.0	2910.72	454.92	35.09	26.49
PTHR12290	2649.2	2559.67	746.0	48.71	36.78
PTHR21530	6638.0	6458.96	904.47	42.97	32.45
PTHR12295	7592.58	7368.77	1342.6	63.23	47.74
PTHR12298	4088.62	3864.82	358.96	34.5	26.07
PTHR10638	8755.05	8620.77	4459.08	104.61	78.99
PTHR10631	2285.58	2196.1	1064.89	58.38	44.08
PTHR10984	2795.0	2750.24	547.1	15.08	11.39
PTHR12858	4459.98	4280.94	1318.0	82.12	62.0
PTHR13505	896.0	851.24	399.0	35.74	26.99
PTHR12856	950.54	905.78	125.0	10.52	7.94
PTHR12855	1734.49	1689.73	2452.85	110.24	83.23
PTHR12854	1107.0	1062.24	338.0	24.23	18.29
PTHR13182	1831.0	1741.48	520.04	45.1	34.05
PTHR10855	4232.0	4142.48	2112.0	77.41	58.44
PTHR10585	3161.14	3071.62	2835.44	139.79	105.54
PTHR10743	1696.48	1651.72	497.0	22.85	17.25
PTHR10742	27037.96	26277.04	11186.86	361.48	272.91
PTHR10745	3471.0	3426.24	1275.0	28.2	21.29
PTHR10744	3303.82	3169.54	26253.69	2482.34	1874.17
PTHR10746	2972.39	2882.86	5798.93	367.94	277.8
PTHR11099	4519.0	4474.24	1035.0	17.52	13.23
PTHR12924	1706.0	1661.24	4279.85	195.67	147.73
PTHR11659	1703.65	1658.91	445.0	20.37	15.38
PTHR11349	4364.0	4140.2	11282.58	1116.94	843.29
PTHR10566	40165.92	38867.93	6795.1	329.05	248.44
PTHR10293	4004.53	3825.49	2664.62	222.39	167.92
PTHR10291	4750.74	4571.73	1296.49	58.82	44.42
PTHR11584	9929.86	9661.29	3408.96	126.51	95.52
PTHR11586	2840.0	2705.72	672.0	58.36	44.06
PTHR11909	6802.66	6578.95	4347.68	230.63	174.13
PTHR24320	9947.54	9589.46	2386.89	139.89	105.62
PTHR24322	31001.42	29927.16	15346.42	775.87	585.77
PTHR11907	4218.94	4084.66	1851.0	85.48	64.54
PTHR11760	3309.0	3174.72	24757.74	1899.09	1433.81
PTHR11761	2762.53	2673.0	35069.92	4560.83	3443.42
PTHR11766	1735.0	1645.48	481.1	39.23	29.62
PTHR11767	3117.41	3027.89	128.0	7.6	5.74
PTHR10361	1428.71	1339.34	879.0	123.24	93.04
PTHR10366	32228.74	31288.8	26267.13	1106.12	835.13
PTHR10169	8027.89	7759.65	1203.0	58.37	44.08
PTHR10168	4649.0	4425.2	2733.99	189.3	142.92
PTHR20973	2304.67	2259.9	439.02	14.74	11.13
PTHR10165	6753.62	6574.58	4347.16	177.53	134.03
PTHR31032	1069.0	1024.24	614.0	45.65	34.47
PTHR23257	113666.05	109101.61	33128.87	1786.41	1348.7
PTHR23253	4859.9	4636.11	1950.93	163.05	123.11
PTHR14190	3697.0	3607.48	497.0	20.72	15.64
PTHR14194	5304.0	5124.96	1672.97	93.8	70.82
PTHR31251	20843.47	19724.65	7336.99	482.43	364.25
PTHR23074	12496.63	12004.26	2020.98	95.55	72.14
PTHR23077	15098.61	14516.86	4852.45	183.21	138.31
PTHR23076	28881.4	28344.28	17596.37	520.63	393.06
PTHR30239	1608.0	1563.24	498.0	24.2	18.27
PTHR23073	8277.0	8008.47	6385.23	331.03	249.93
PTHR23078	2898.0	2853.24	1122.01	29.81	22.51
PTHR11165	1454.0	1409.24	4565.05	246.22	185.9
PTHR10772	2860.0	2725.72	5619.98	469.34	354.35
PTHR32100	9018.86	8750.36	40169.29	1291.6	975.15
PTHR14445	3857.0	3633.33	482.0	44.87	33.88
PTHR23109	334.0	289.3	18.0	4.81	3.64
PTHR23102	3294.05	3159.89	1109.08	83.46	63.03
PTHR23105	7751.08	7393.0	55971.99	3811.8	2877.91
PTHR11010	9393.15	9169.43	1993.03	117.56	88.76
PTHR11014	10394.57	10036.54	2900.41	159.42	120.36
PTHR12668	3665.94	3531.67	1424.0	75.28	56.84
PTHR12661	1383.0	1338.24	404.0	22.95	17.33
PTHR12663	7058.0	6878.96	1307.41	66.04	49.86
PTHR12664	1287.0	1242.24	222.12	13.6	10.27
PTHR16166	17508.15	16747.35	1270.95	71.59	54.04
PTHR12111	2949.0	2859.48	1251.99	52.13	39.35
PTHR12447	1997.0	1907.48	111.0	8.61	6.5
PTHR15481	1382.0	1337.24	527.0	29.96	22.62
PTHR26379	4869.37	4779.85	2667.35	79.29	59.87
PTHR12599	2050.0	1960.48	2136.0	165.85	125.21
PTHR12596	7574.38	7350.57	1147.12	54.46	41.12
PTHR12590	4122.98	3988.7	4303.79	189.13	142.79
PTHR12066	2750.08	2481.84	147.0	28.89	21.81
PTHR12064	9396.97	8994.13	1167.99	74.66	56.37
PTHR13226	3832.0	3697.72	252.35	14.5	10.94
PTHR13889	4423.0	4333.48	1513.0	46.36	35.01
PTHR21181	2796.92	2662.68	752.97	47.74	36.04
PTHR12412	3362.0	3317.24	726.0	16.59	12.52
PTHR12146	806.0	761.24	24306.3	2437.25	1840.12
PTHR10458	630.0	585.24	110.0	14.39	10.86
PTHR19306	4834.99	4745.47	2452.11	76.63	57.86
PTHR21506	1082.22	1037.46	396.0	29.06	21.94
PTHR12280	4918.0	4738.99	330.0	20.19	15.25
PTHR12281	2928.63	2839.11	1326.0	54.3	41.0
PTHR12286	4794.12	4615.11	695.4	41.66	31.45
PTHR30573	2874.0	2784.48	604.0	34.04	25.7
PTHR22983	7009.39	6830.33	1447.96	68.5	51.72
PTHR22981	9296.12	9117.07	2021.99	75.82	57.25
PTHR30191	1271.0	1136.86	261.0	51.33	38.75
PTHR10629	11226.34	10868.3	2825.88	127.14	95.98
PTHR10994	5401.75	5222.71	1856.23	118.76	89.65
PTHR10996	12476.12	12207.55	6743.74	200.7	151.52
PTHR10625	18856.59	18229.96	5489.97	259.46	195.88
PTHR10992	54985.33	53329.24	10132.17	447.51	337.87
PTHR12848	2752.0	2662.48	396.0	22.52	17.0
PTHR12849	1826.07	1736.55	231.0	21.7	16.38
PTHR10943	7060.83	6837.03	3159.04	178.13	134.48
PTHR12847	4809.58	4630.53	1939.66	126.37	95.41
PTHR12841	1391.0	1346.24	390.14	22.03	16.63
PTHR21290	1095.21	1050.45	47.0	3.41	2.57
PTHR21349	1093.0	1003.49	2217.35	298.54	225.4
PTHR21347	2000.0	1955.24	506.0	19.64	14.83
PTHR19861	1348.23	1303.46	525.0	30.63	23.12
PTHR21343	1913.5	1779.26	69.0	9.31	7.02
PTHR10196	5196.25	5017.23	673.96	37.98	28.67
PTHR10192	734.0	689.24	159.0	17.63	13.31
PTHR10755	4199.58	4110.06	4298.45	132.75	100.23
PTHR10758	4782.82	4693.38	2222.05	69.78	52.68
PTHR13152	1652.25	1607.48	10212.45	482.54	364.32
PTHR12932	4050.0	3960.48	541.0	20.55	15.52
PTHR12934	2401.99	2312.47	4024.93	318.37	240.37
PTHR13265	1182.0	1137.24	212.0	14.19	10.71
PTHR11800	4302.0	4212.48	1150.34	42.4	32.01
PTHR11802	14730.99	14238.74	4844.9	225.35	170.13
PTHR11804	15035.93	14588.34	8477.2	292.81	221.09
PTHR11807	1245.34	1200.57	112.0	7.1	5.36
PTHR10281	1815.03	1725.5	1717.0	152.43	115.08
PTHR10283	21312.67	20865.07	13951.82	437.74	330.51
PTHR10285	10344.45	9986.36	27854.78	1188.73	897.49
PTHR10286	3229.79	3095.51	20704.05	1335.01	1007.93
PTHR11579	6799.73	6665.44	1981.0	76.54	57.79
PTHR13718	4596.0	4461.72	26107.11	1770.12	1336.44
PTHR13711	6731.36	6462.97	11730.42	598.81	452.11
PTHR13710	13056.0	12563.65	471.0	34.27	25.87
PTHR11977	3241.92	3152.58	1185.62	41.31	31.19
PTHR22970	2297.74	2208.22	582.93	41.03	30.98
PTHR11972	4217.0	4127.48	379.17	13.6	10.28
PTHR31480	1780.72	1735.96	604.0	26.42	19.95
PTHR31485	3869.0	3779.48	629.55	25.91	19.56
PTHR11715	1110.0	1065.24	5562.59	397.56	300.16
PTHR11717	2994.69	2815.72	1273.57	113.32	85.55
PTHR11711	11204.84	10891.53	9666.23	473.39	357.43
PTHR11712	7169.0	6990.06	7419.79	276.04	208.4
PTHR10374	3324.12	3234.6	3674.96	163.2	123.21
PTHR10178	33824.36	32973.98	62182.14	1486.12	1122.0
PTHR20961	8856.98	8633.18	1184.11	56.31	42.52
PTHR10173	8352.0	8083.44	4899.49	289.82	218.81
PTHR10177	28761.5	28179.67	19712.66	413.56	312.22
PTHR10174	9774.16	9550.4	5185.29	216.54	163.48
PTHR23249	3487.04	3397.52	1246.22	66.22	50.0
PTHR23244	25589.74	24918.41	5185.32	192.24	145.12
PTHR23245	1590.0	1500.5	82.0	7.24	5.47
PTHR14614	11439.95	10902.91	7512.49	364.09	274.87
PTHR31268	2684.0	2460.27	227.0	34.48	26.02
PTHR31262	1907.0	1817.48	403684.47	25718.45	19417.45
PTHR23063	4065.38	3931.16	605.16	33.78	25.5
PTHR11620	1353.0	1263.48	24635.67	2300.53	1736.9
PTHR11624	11966.45	11742.66	77926.55	2680.2	2023.57
PTHR11627	11369.82	11146.02	93815.06	4182.66	3157.92
PTHR26312	5162.77	4983.73	803.28	51.47	38.86
PTHR11390	6413.68	6189.87	669.49	30.92	23.35
PTHR31319	3436.0	3391.24	7929.28	177.19	133.78
PTHR14052	2394.0	2349.24	215.0	6.94	5.24
PTHR32118	1627.0	1582.24	2301.85	110.52	83.44
PTHR23117	3908.6	3729.65	1023.0	73.9	55.79
PTHR23115	41306.4	40187.58	114253.08	3953.49	2984.89
PTHR11028	1997.0	1952.24	1232.96	47.94	36.19
PTHR11024	2743.0	2698.24	1082.0	30.4	22.96
PTHR15081	4287.61	4198.09	847.0	34.39	25.97
PTHR11777	6326.74	6192.46	5436.38	213.39	161.11
PTHR12616	2692.0	2602.48	269.0	13.99	10.57
PTHR12613	3949.08	3904.31	1185.0	22.99	17.36
PTHR12612	801.0	756.24	1046.98	105.68	79.79
PTHR32060	4912.4	4778.14	694.99	30.26	22.85
PTHR12126	4672.0	4582.48	3101.81	130.93	98.86
PTHR12124	5295.92	5072.32	819.93	72.08	54.42
PTHR22734	1557.0	1512.24	127.0	6.38	4.82
PTHR12121	10497.19	10004.94	1985.0	102.1	77.09
PTHR12438	977.86	933.1	61.01	4.98	3.76
PTHR15492	694.0	649.24	21.0	2.47	1.87
PTHR21426	2255.0	2210.24	510.0	17.51	13.22
PTHR21427	651.54	606.82	108.0	13.61	10.28
PTHR13161	2561.84	2517.08	508.55	15.32	11.57
PTHR19372	1997.38	1952.62	636.01	24.72	18.67
PTHR19370	5523.75	5344.73	1495.0	71.2	53.76
PTHR19376	6995.1	6816.05	1024.0	40.67	30.7
PTHR19375	15231.94	14739.69	27678.02	954.53	720.67
PTHR12050	1234.0	1189.24	322.0	20.6	15.55
PTHR12725	10714.7	10490.89	2153.69	73.11	55.21
PTHR22884	17818.37	17102.2	5908.76	299.54	226.18
PTHR22881	549.0	504.24	92.0	13.99	10.56
PTHR22880	6980.31	6622.31	2043.61	143.11	108.06
PTHR12542	2407.12	2317.59	654.0	42.94	32.42
PTHR12547	5378.95	5199.91	11263.03	456.11	344.37
PTHR12436	7296.3	7117.25	3087.98	148.41	112.05
PTHR21512	1121.0	1076.24	51.0	3.61	2.72
PTHR30508	3139.35	3005.1	2085.41	164.39	124.11
PTHR14744	1129.0	1084.24	155.97	10.95	8.27
PTHR30502	2954.74	2865.22	651.85	34.96	26.4
PTHR10617	11795.0	11526.44	8728.2	298.98	225.72
PTHR10615	7246.0	7111.72	1886.0	62.57	47.24
PTHR12189	1241.6	1196.83	135.0	8.58	6.48
PTHR13527	1137.0	1092.24	159.0	11.08	8.37
PTHR22958	3716.0	3671.24	5422.28	111.91	84.49
PTHR14534	651.0	606.24	68.0	8.58	6.48
PTHR22951	861.0	816.24	132.0	12.34	9.31
PTHR22950	42638.45	41474.86	15165.18	660.24	498.49
PTHR22953	13622.94	13399.15	2304.54	65.5	49.46
PTHR22952	5564.96	5341.16	3869.18	195.91	147.92
PTHR22957	15337.63	14800.5	2880.08	141.86	107.1
PTHR21600	4242.31	4152.78	2916.0	68.9	52.02
PTHR24056	12001.13	11508.85	3120.08	185.76	140.26
PTHR24054	3304.0	3214.48	2220.99	103.88	78.43
PTHR24055	7280.36	6967.04	1320.99	92.15	69.59
PTHR24058	1988.55	1899.03	238.0	23.79	17.96
PTHR10766	9120.9	8807.65	5512.75	279.65	211.14
PTHR10762	2338.0	2158.98	172.0	22.67	17.12
PTHR30031	8570.28	8122.8	1843.24	101.45	76.59
PTHR12945	1375.0	1285.49	93.0	11.01	8.31
PTHR12944	1534.17	1489.4	131.0	6.68	5.05
PTHR23163	3217.0	3172.24	1142.0	27.28	20.6
PTHR24128	6398.57	6130.01	1196.0	77.65	58.64
PTHR13096	3660.33	3570.8	445.0	15.4	11.62
PTHR11364	3301.0	3166.72	2328.96	131.8	99.5
PTHR11365	5445.0	5355.48	1109.0	29.96	22.61
PTHR10548	5340.32	5206.02	7343.81	299.5	226.12
PTHR11817	12348.15	12124.35	9115.09	267.72	202.14
PTHR11814	7426.61	7292.32	1385.0	37.54	28.33
PTHR11363	1553.0	1508.24	26961.57	1358.29	1025.51
PTHR10543	11137.0	10823.71	1819.0	60.17	45.42
PTHR11819	15075.1	14851.3	5551.99	149.88	113.15
PTHR10544	627.0	582.24	16430.93	2159.96	1630.77
PTHR11562	1045.59	1000.83	60.0	4.57	3.45
PTHR11566	11459.0	11235.2	6968.25	186.31	140.67
PTHR11567	5857.36	5633.69	1176.0	95.88	72.39
PTHR11564	5554.98	5331.18	1727.69	122.64	92.59
PTHR11962	3963.11	3784.09	1116.97	74.67	56.37
PTHR11963	4260.6	4126.32	2127.82	81.86	61.81
PTHR10381	11341.4	10938.57	20644.35	1132.33	854.9
PTHR10383	4081.0	4036.24	555.0	10.42	7.86
PTHR11705	7573.3	7394.27	1623.2	58.52	44.18
PTHR11702	11197.89	10884.58	3024.97	111.89	84.5
PTHR11700	1751.0	1661.48	30281.47	3594.86	2714.12
PTHR10388	1377.0	1332.24	4089.24	233.37	176.2
PTHR10145	5626.0	5536.48	1088.0	31.64	23.88
PTHR23273	4227.93	4138.4	620.0	21.02	15.87
PTHR23270	3205.4	3071.13	791.99	45.89	34.64
PTHR23050	5444.99	5131.7	5658.23	462.2	348.96
PTHR23056	1972.69	1883.16	287.0	22.71	17.14
PTHR23054	1520.0	1475.24	187.0	9.63	7.27
PTHR11638	20972.66	20346.12	13159.97	337.48	254.78
PTHR31783	5095.0	4960.72	510.07	23.5	17.74
PTHR23291	9802.95	9579.14	8415.66	386.94	292.14
PTHR11630	9504.5	9191.18	923.16	46.88	35.4
PTHR11140	8583.0	8493.48	2906.01	52.42	39.57
PTHR11141	3596.0	3551.24	2541.0	54.22	40.93
PTHR11142	8700.48	8387.16	1256.0	78.92	59.59
PTHR11143	825.0	780.24	17405.98	1702.46	1285.36
PTHR11380	517.0	472.24	93.0	15.11	11.41
PTHR11384	5650.37	5516.09	1540.19	60.23	45.47
PTHR32477	2067.0	1932.72	171.0	19.7	14.87
PTHR14043	779.0	734.24	41.0	4.26	3.22
PTHR32472	2571.45	2437.18	229.0	21.0	15.85
PTHR31658	1140.0	1095.24	174.0	12.09	9.13
PTHR13890	9191.96	8789.12	1829.85	134.58	101.59
PTHR14269	2746.91	2612.64	576.0	41.26	31.15
PTHR22883	12863.4	12505.37	2451.11	90.08	68.02
PTHR23125	50946.39	49559.11	6145.68	225.84	170.52
PTHR19879	2538.1	2448.57	912.99	51.84	39.14
PTHR19211	22219.14	21413.53	196291.36	3860.01	2914.35
PTHR23338	1425.0	1380.24	1629.0	89.72	67.74
PTHR12608	2398.0	2308.48	872.0	58.94	44.51
PTHR12604	5467.99	5333.7	1594.83	71.56	54.03
PTHR12603	3128.27	3038.74	1408.0	58.76	44.37
PTHR32091	1856.0	1766.48	279.0	24.59	18.56
PTHR32098	5680.05	5366.74	474.0	42.95	32.43
PTHR18763	456.0	411.25	38.93	7.28	5.5
PTHR22726	2876.7	2742.42	651.0	45.71	34.51
PTHR22727	17149.71	16836.4	74500.85	2097.04	1583.27
PTHR12428	8799.83	8576.04	4111.0	191.57	144.63
PTHR18968	8376.15	8152.41	9362.36	279.81	211.26
PTHR14456	328.0	283.3	8.0	2.19	1.65
PTHR12730	3682.49	3592.96	566.0	24.2	18.27
PTHR12736	2221.31	2131.79	594.0	33.54	25.31
PTHR12735	5095.43	4916.37	2294.99	149.8	113.1
PTHR15020	13157.09	12799.01	6730.44	337.9	255.09
PTHR12558	5856.37	5632.57	434.0	28.12	21.23
PTHR12553	10019.63	9616.81	2485.88	123.87	93.52
PTHR10497	559.0	514.24	15387.25	2293.67	1731.72
PTHR10496	260.0	215.49	1.0	0.36	0.27
PTHR21569	2397.13	2262.85	16785.06	1929.41	1456.71
PTHR21567	5659.76	5480.71	472.0	28.13	21.24
PTHR13950	2223.0	2133.48	253.0	14.8	11.17
PTHR12133	2146.53	2057.01	172.0	12.85	9.7
PTHR10972	6074.09	5850.29	1073.54	68.98	52.09
PTHR21704	4766.0	4676.48	266.0	8.28	6.26
PTHR10606	1468.98	1424.22	892.0	47.6	35.94
PTHR13743	3598.0	3418.98	271.0	19.23	14.52
PTHR22942	9630.98	9362.42	1243.0	62.08	46.87
PTHR13395	1770.77	1726.02	298.0	13.11	9.9
PTHR22891	7824.46	7690.28	6442.97	130.68	98.67
PTHR22893	3852.06	3717.78	762.0	33.71	25.45
PTHR24067	24084.84	23323.93	15126.92	727.43	549.22
PTHR24064	8932.39	8529.74	1228.29	107.27	80.99
PTHR24063	37976.09	36812.33	18664.11	666.58	503.25
PTHR21011	1399.0	1354.24	501.0	28.13	21.23
PTHR25040	7904.89	7725.84	4356.34	158.45	119.62
PTHR10774	13877.61	13340.49	1885.74	143.96	108.69
PTHR24068	2860.7	2771.17	9660.94	442.19	333.86
PTHR19980	2565.0	2475.48	473.04	29.07	21.95
PTHR12959	2224.92	2045.93	393.0	54.95	41.48
PTHR24115	59724.67	58113.31	5020.96	175.14	132.22
PTHR10961	1544.83	1500.07	967.0	48.98	36.98
PTHR11825	9467.5	9198.95	2962.0	133.21	100.56
PTHR10809	615.62	571.0	936.0	125.46	94.72
PTHR11822	2158.13	2113.37	2301.55	82.63	62.39
PTHR10555	4402.37	4268.09	1335.0	76.21	57.54
PTHR10806	1145.27	1100.5	660.0	45.65	34.46
PTHR10804	15509.74	15196.45	9842.89	391.24	295.39
PTHR11556	6271.0	6047.2	51054.48	2256.75	1703.85
PTHR11558	3449.0	3359.48	1295.81	58.62	44.25
PTHR13773	5988.04	5898.51	1652.99	44.73	33.77
PTHR10537	1411.01	1366.24	261.0	14.52	10.96
PTHR11953	2680.97	2591.45	521.0	25.12	18.97
PTHR11952	11351.67	11172.7	6016.51	108.14	81.64
PTHR11956	2330.0	2285.24	814.0	27.02	20.4
PTHR11959	2497.0	2452.24	968.0	29.94	22.6
PTHR11739	5796.68	5662.39	3403.57	263.13	198.66
PTHR11732	28351.27	27366.79	7722.63	391.84	295.82
PTHR11731	12387.87	12029.91	2180.04	100.24	75.67
PTHR11730	10621.85	10353.3	3304.78	94.65	71.45
PTHR11735	2514.54	2335.51	194.0	25.25	19.06
PTHR10394	1003.0	958.24	39300.48	3124.74	2359.18
PTHR20941	3403.0	3358.24	199.0	4.49	3.39
PTHR10150	3739.61	3560.65	186.0	15.94	12.05
PTHR31065	12529.75	12305.98	13832.5	221.96	167.57
PTHR10159	17271.21	16823.6	6103.11	224.77	169.69
PTHR31066	504.0	459.24	11.0	1.84	1.39
PTHR13604	685.0	640.24	50.0	5.97	4.51
PTHR23264	3760.97	3626.69	915.0	54.56	41.19
PTHR23269	1768.0	1723.24	266.01	11.72	8.85
PTHR31204	1060.35	1015.58	323.0	24.22	18.29
PTHR31201	1253.0	1208.24	231.0	14.54	10.98
PTHR31209	2513.26	2378.98	293.0	29.21	22.05
PTHR11607	7780.12	7422.11	515.01	42.38	32.0
PTHR11606	6934.45	6800.17	23883.99	572.27	432.06
PTHR11601	9121.43	8852.86	2418.0	105.78	79.86
PTHR32467	21373.61	20478.58	5438.26	248.33	187.47
PTHR14255	9270.49	8912.45	902.0	54.0	40.77
PTHR31840	494.0	449.24	39.0	6.67	5.03
PTHR23130	9309.45	9085.72	1807.98	88.64	66.93
PTHR23133	951.0	906.24	246.02	20.69	15.62
PTHR23135	3716.79	3627.27	875.71	36.95	27.9
PTHR23138	3330.0	3240.48	2677.0	147.14	111.09
PTHR23139	16910.49	16418.16	8922.99	435.59	328.89
PTHR31682	1731.0	1686.24	637.0	28.69	21.66
PTHR11040	4544.62	4320.91	1217.98	109.01	82.3
PTHR11043	1331.0	1286.24	982.04	58.06	43.84
PTHR11048	10361.39	10092.82	4583.99	209.92	158.49
PTHR14005	2375.0	2330.24	1387.0	45.15	34.09
PTHR15818	760.0	715.24	85.0	9.08	6.85
PTHR12636	2740.0	2695.24	793.46	22.32	16.85
PTHR14490	1894.0	1759.75	127.0	16.21	12.23
PTHR14493	35914.86	34348.35	10005.33	515.98	389.58
PTHR15651	533.0	488.24	85.0	13.35	10.08
PTHR12380	4244.43	4065.39	1679.2	121.54	91.76
PTHR12385	1200.76	1156.01	1593.06	104.86	79.17
PTHR12706	10639.26	10102.3	1295.0	66.73	50.38
PTHR12709	1273.57	1228.8	279.0	17.27	13.04
PTHR19957	6809.86	6586.03	3555.88	194.41	146.77
PTHR12561	777.0	732.24	85.0	8.86	6.69
PTHR12560	9595.47	9371.66	4247.0	140.05	105.74
PTHR11203	6628.84	6449.79	922.91	44.52	33.6
PTHR12097	6675.0	6585.48	2411.01	46.63	35.2
PTHR11200	11641.24	11238.44	3834.98	174.46	131.73
PTHR21576	12359.84	11912.28	1339.0	81.74	61.7
PTHR24193	6463.9	6061.15	1742.0	135.27	102.13
PTHR12419	5944.79	5721.02	873.04	55.68	42.05
PTHR30525	1519.0	1474.24	2594.1	133.72	100.96
PTHR12413	2677.0	2497.98	245.0	29.91	22.57
PTHR12411	17885.48	17214.12	8006.47	479.32	361.88
PTHR23339	7525.95	7257.39	2239.01	128.64	97.12
PTHR12415	1324.0	1234.53	94.0	10.68	8.06
PTHR10947	1400.0	1310.5	242.0	29.86	22.54
PTHR21717	1959.82	1870.29	311.0	24.75	18.69
PTHR21712	3228.48	3138.95	611.0	30.74	23.21
PTHR12897	2789.21	2699.68	5741.0	205.97	155.51
PTHR12894	4392.21	4168.43	584.0	43.88	33.13
PTHR12891	1482.0	1437.24	113.0	5.98	4.51
PTHR22976	11669.29	11400.71	8149.67	208.78	157.65
PTHR22975	4373.0	4238.72	1366.3	61.43	46.39
PTHR20922	2627.08	2492.8	609.76	48.09	36.31
PTHR21377	2706.18	2616.66	1307.57	82.69	62.44
PTHR21371	2411.0	2366.24	21416.14	686.51	518.31
PTHR21373	4503.51	4324.49	711.0	30.37	22.93
PTHR22573	11312.87	11089.08	4942.58	185.1	139.74
PTHR22572	11998.09	11595.25	12014.08	608.0	459.05
PTHR30566	3570.16	3436.07	1258.0	82.86	62.55
PTHR21000	2793.0	2748.24	5553.75	153.22	115.68
PTHR10701	2181.0	2091.48	1283.0	93.33	70.46
PTHR13162	8123.71	7944.67	2748.0	105.12	79.36
PTHR13165	3851.84	3807.07	2604.0	51.82	39.12
PTHR21396	523.0	478.24	65.0	10.43	7.87
PTHR12459	1442.0	1397.24	196.0	10.66	8.05
PTHR10681	12634.62	12321.29	5574.93	271.1	204.66
PTHR24106	9584.23	9091.91	1380.0	107.42	81.09
PTHR24103	2830.68	2741.16	659.0	31.34	23.66
PTHR11540	3774.36	3684.84	17707.97	845.38	638.27
PTHR10836	2729.0	2639.48	64902.63	2993.85	2260.37
PTHR10835	3203.0	3158.24	446.0	10.7	8.08
PTHR11545	3658.0	3523.72	26550.82	2450.14	1849.86
PTHR10012	907.36	862.6	339.0	29.97	22.62
PTHR13768	1630.43	1540.93	499.0	49.39	37.29
PTHR24078	7488.88	7175.64	752.0	50.78	38.32
PTHR11946	26069.55	25353.4	8991.94	376.77	284.46
PTHR11947	6663.87	6440.07	4378.0	144.85	109.37
PTHR11941	9453.91	9095.81	3363.55	194.67	146.99
PTHR24072	1846.0	1756.48	320.0	27.84	21.02
PTHR24073	20431.55	19715.38	16214.94	822.46	620.97
PTHR10491	1521.13	1431.6	229.0	25.46	19.22
PTHR24076	18695.04	18202.66	9032.02	360.77	272.38
PTHR24077	20896.02	20090.31	3258.05	219.58	165.77
PTHR11728	7868.92	7689.87	1314.69	51.8	39.12
PTHR11726	1447.0	1357.53	29455.01	2107.33	1591.04
PTHR11727	668.0	623.24	72.0	8.84	6.67
PTHR11721	789.0	744.24	28683.26	2942.43	2221.54
PTHR11722	1332.0	1242.48	17249.98	2123.75	1603.43
PTHR10120	1234.25	1189.49	300.0	19.19	14.49
PTHR10122	4633.0	4588.24	5746.21	94.85	71.61
PTHR11451	10887.85	10574.54	5864.19	261.6	197.51
PTHR11831	850.0	805.24	9.0	0.85	0.64
PTHR11835	6436.76	6257.71	3597.01	150.66	113.76
PTHR11614	5307.97	5173.68	2799.0	118.15	89.21
PTHR11615	9070.85	8847.09	13416.64	485.01	366.2
PTHR11618	5115.35	5025.82	1251.0	37.05	27.97
PTHR14140	2888.0	2798.48	424.0	19.55	14.76
PTHR32419	5178.23	5043.95	933.99	42.04	31.73
PTHR10231	1670.0	1625.24	192.0	8.97	6.77
PTHR10233	8227.0	8003.2	2229.0	109.68	82.81
PTHR31503	11316.0	11181.72	6966.67	136.53	103.08
PTHR23147	632.0	587.24	124.0	16.16	12.2
PTHR23140	2025.78	1981.02	1001.0	38.35	28.95
PTHR23142	2969.7	2880.17	669.99	34.33	25.92
PTHR23149	1071.86	1027.11	359.0	26.61	20.09
PTHR23148	1419.0	1374.24	174.0	9.63	7.27
PTHR31695	3088.84	2999.31	528.0	27.14	20.49
PTHR11056	1439.0	1394.24	183.0	9.98	7.53
PTHR11055	4626.92	4492.63	11099.22	511.61	386.27
PTHR32523	5143.02	5008.73	816.99	37.69	28.46
PTHR10670	6949.0	6904.24	290.0	3.18	2.4
PTHR10540	5816.69	5682.41	3053.0	134.55	101.6
PTHR12629	1152.0	1107.24	963.0	66.2	49.98
PTHR18945	4784.73	4695.25	1002.0	26.51	20.01
PTHR26402	7272.26	7048.45	3453.65	139.54	105.35
PTHR19384	14858.28	14321.23	34264.69	1862.23	1405.99
PTHR12714	5687.33	5508.29	1312.0	70.82	53.47
PTHR32251	2252.75	2207.98	676.0	23.23	17.54
PTHR12570	3190.19	3100.66	221.0	10.61	8.01
PTHR21494	1148.0	1058.48	59.0	8.71	6.57
PTHR21496	6464.65	6240.85	5756.31	397.05	299.77
PTHR21493	34109.22	33034.94	11952.1	542.12	409.32
PTHR21499	4290.1	4155.85	1419.82	88.18	66.58
PTHR21148	2263.0	2173.48	648.0	44.36	33.49
PTHR12083	2364.1	2274.57	1622.0	107.67	81.29
PTHR13355	1507.0	1417.48	191.0	19.55	14.76
PTHR13976	24019.42	23706.11	14919.16	320.75	242.19
PTHR19852	2656.0	2611.24	881.2	25.59	19.32
PTHR12406	8933.66	8620.33	1382.0	75.31	56.85
PTHR16128	2945.0	2810.72	400.67	30.72	23.18
PTHR12400	924.52	879.75	178.0	15.42	11.65
PTHR30314	5946.72	5767.68	1386.54	75.95	57.33
PTHR12882	1357.0	1312.24	510.0	29.55	22.31
PTHR12883	1743.0	1698.24	481.96	21.55	16.27
PTHR16255	5138.65	4959.67	1837.48	107.9	81.47
PTHR16254	10096.34	9962.06	6051.85	129.03	97.41
PTHR22960	1270.0	1225.24	62.0	3.85	2.91
PTHR13373	2538.61	2493.84	473.91	14.41	10.88
PTHR13375	2924.42	2834.89	521.0	25.38	19.17
PTHR22967	1062.0	1017.24	81.0	6.06	4.58
PTHR23407	1650.88	1606.12	158.0	7.47	5.64
PTHR30222	1160.99	1116.23	198.0	13.5	10.19
PTHR13115	781.0	736.24	130.0	13.48	10.18
PTHR13117	2093.41	2048.64	241.0	8.93	6.74
PTHR12975	2710.97	2576.72	285.0	20.94	15.82
PTHR13285	3843.0	3798.24	409.0	8.16	6.16
PTHR13288	1110.0	1065.24	158.0	11.29	8.53
PTHR10953	12869.24	12466.4	2973.22	159.07	120.09
PTHR10954	2381.01	2291.49	335.0	22.4	16.92
PTHR21726	1891.0	1801.48	205.0	14.37	10.85
PTHR10826	1353.0	1308.24	1461.0	84.92	64.11
PTHR11533	7436.48	7212.67	3935.06	183.1	138.24
PTHR11532	7093.85	6914.8	1707.0	66.45	50.17
PTHR10971	4628.09	4493.82	1452.05	72.47	54.71
PTHR10000	5680.07	5545.79	920.0	39.23	29.62
PTHR13021	1321.0	1276.24	452.0	26.93	20.34
PTHR24006	29612.51	28314.95	3699.0	264.45	199.65
PTHR24003	14398.0	13860.9	1797.14	104.32	78.77
PTHR31446	2671.82	2582.41	718.27	45.95	34.7
PTHR31442	1464.66	1375.14	185.0	19.88	15.01
PTHR11441	2052.0	2007.24	708.07	26.77	20.21
PTHR11440	13451.05	13137.73	3926.85	123.93	93.58
PTHR11999	8436.31	8123.05	4320.17	187.07	141.23
PTHR11998	4872.0	4782.48	1627.0	50.98	38.49
PTHR11449	696.0	651.24	36799.34	4319.72	3261.39
PTHR11994	5207.0	5117.48	25436.44	426.93	322.34
PTHR10133	6256.09	5898.01	487.0	46.92	35.43
PTHR21649	16511.3	15705.72	331860.36	37149.85	28048.16
PTHR13620	5556.83	5243.65	453.0	36.35	27.45
PTHR11847	872.0	827.24	16009.61	1476.18	1114.51
PTHR11843	819.0	774.24	33785.95	3330.4	2514.46
PTHR11661	3052.0	2917.72	26009.44	3088.39	2331.74
PTHR11662	43613.96	42360.76	36875.36	1146.29	865.46
PTHR11669	4718.54	4584.24	1340.0	68.34	51.59
PTHR11668	15043.97	14596.37	5874.7	272.37	205.64
PTHR20856	13018.87	12795.07	3281.98	96.48	72.86
PTHR20854	6143.99	5964.94	2468.0	137.61	103.88
PTHR20852	8000.0	7686.81	16213.43	1072.89	810.03
PTHR32404	1107.97	1063.21	246.0	17.62	13.3
PTHR20858	2591.77	2457.56	260.4	24.03	18.14
PTHR10634	1765.0	1720.24	5342.22	235.83	178.05
PTHR30603	2360.0	2315.24	1493.0	48.92	36.93
PTHR11709	4963.69	4874.17	657.0	12.05	9.1
PTHR14237	12488.33	11951.3	3338.17	149.4	112.82
PTHR10738	2252.0	2117.75	168.0	14.96	11.29
PTHR10264	2267.0	2222.24	611.0	20.86	15.75
PTHR23155	60654.85	58775.07	11694.04	519.33	392.1
PTHR23153	5526.73	5258.18	553.0	54.5	41.15
PTHR23151	13893.62	13490.77	21707.37	869.0	656.09
PTHR11063	1395.03	1350.27	572.41	32.23	24.33
PTHR11062	1216.0	1126.49	0.0	0.0	0.0
PTHR11061	8840.24	8303.19	2244.01	256.0	193.28
PTHR11065	12554.77	12241.51	6726.81	249.33	188.25
PTHR11064	4172.44	4038.16	4020.01	146.01	110.24
PTHR11260	19025.82	18488.71	11385.2	468.93	354.06
PTHR11264	1855.18	1810.41	417.0	17.49	13.2
PTHR11266	18052.46	17560.1	9591.37	342.89	258.88
PTHR13501	1439.22	1349.7	2979.08	293.19	221.36
PTHR31998	4499.0	4409.57	16851.56	308.09	232.61
PTHR31221	1636.0	1546.48	82.0	8.25	6.23
PTHR15838	1728.0	1638.48	167.0	16.06	12.12
PTHR12850	666.08	621.32	25220.06	3104.59	2343.97
PTHR32338	1321.0	1276.24	1589.0	94.69	71.49
PTHR31407	4115.12	3980.83	2869.0	142.59	107.66
PTHR15744	2828.37	2694.08	899.07	72.56	54.78
PTHR18952	4748.77	4614.49	2733.0	103.48	78.13
PTHR10552	800.0	755.24	480.0	48.52	36.63
PTHR21597	3557.32	3423.03	424.0	27.67	20.88
PTHR12765	431.87	387.13	38.0	7.55	5.7
PTHR12505	1875.71	1786.19	270.0	20.74	15.66
PTHR22603	5708.51	5529.46	1033.08	49.76	37.56
PTHR12506	4111.19	3932.14	864.03	64.07	48.37
PTHR22604	3515.15	3380.97	1247.74	72.18	54.49
PTHR21481	1219.0	1174.24	56.0	3.63	2.74
PTHR22778	4097.06	3962.78	2009.0	88.49	66.81
PTHR12169	4682.04	4413.51	543.96	43.16	32.59
PTHR19446	40641.71	39835.99	57281.47	1546.21	1167.4
PTHR12219	1479.0	1434.24	2277.0	120.66	91.1
PTHR13561	1473.89	1384.36	247.0	23.01	17.38
PTHR13563	1773.35	1683.84	258.0	22.48	16.98
PTHR12210	19644.89	19331.55	8918.17	197.16	148.86
PTHR12215	1315.43	1225.91	95.0	12.12	9.15
PTHR12214	1032.0	942.49	69.0	10.86	8.2
PTHR22911	9125.86	8723.01	1093.0	78.06	58.92
PTHR22912	19414.29	18698.17	16273.09	989.66	747.21
PTHR12183	5154.0	5019.78	1159.65	45.91	34.66
PTHR19849	2661.0	2571.48	374.0	22.87	17.26
PTHR22594	10954.27	10596.26	5101.32	256.43	193.6
PTHR11864	4141.56	3962.52	657.0	49.94	37.7
PTHR21152	11308.89	11129.87	9495.56	367.51	277.46
PTHR30075	2088.0	1998.48	553.0	41.67	31.46
PTHR11632	13576.33	13352.55	16144.04	385.88	291.34
PTHR13102	3014.52	2880.24	682.0	54.12	40.86
PTHR12984	1952.0	1907.24	291.0	11.58	8.74
PTHR23293	3885.73	3751.49	5947.3	235.2	177.57
PTHR13299	2999.43	2909.89	916.0	48.78	36.83
PTHR12652	1044.0	999.24	844.0	64.33	48.57
PTHR10925	4200.0	4020.96	459.0	33.66	25.41
PTHR21737	3136.0	2956.96	614.0	67.72	51.13
PTHR10920	3418.17	3239.11	686.0	57.93	43.74
PTHR10584	19541.54	18780.66	5048.2	249.63	188.47
PTHR11528	8086.0	7906.96	9952.71	410.08	309.61
PTHR11527	2216.0	2171.24	1374.0	48.01	36.25
PTHR11525	2496.0	2451.24	1010.0	31.25	23.59
PTHR10859	4288.0	4153.72	743.0	37.22	28.11
PTHR10589	1534.0	1444.48	798.02	69.27	52.3
PTHR10588	15526.68	14765.89	768.0	58.67	44.3
PTHR13038	2032.0	1942.48	284.0	22.09	16.68
PTHR13748	18318.59	17781.46	17454.2	489.64	369.66
PTHR10026	4246.28	4112.0	1189.08	63.2	47.72
PTHR24015	28595.24	27834.39	5780.41	234.03	176.69
PTHR24012	40887.84	39858.35	83282.88	3699.23	2792.93
PTHR24011	40844.88	39412.75	33099.56	1231.6	929.91
PTHR31187	16611.6	16119.25	25163.49	683.72	516.2
PTHR13948	1333.78	1289.05	932.0	54.98	41.51
PTHR21145	807.25	762.49	260.0	26.03	19.65
PTHR10459	5776.31	5552.53	486.03	41.47	31.31
PTHR11453	1831.87	1742.35	144.0	12.91	9.75
PTHR10108	49976.66	48231.16	15205.77	779.48	588.45
PTHR11986	13775.38	13327.78	8765.06	351.02	265.02
PTHR11455	10126.8	9724.0	2462.0	149.45	112.85
PTHR10102	3870.41	3780.89	399.0	15.7	11.86
PTHR11458	1367.0	1322.24	2385.0	137.15	103.55
PTHR10106	1138.0	1093.24	151.0	10.51	7.94
PTHR11851	25312.0	24595.84	12119.16	460.02	347.31
PTHR23092	7044.76	6731.55	1560.03	76.71	57.91
PTHR23091	13563.91	12982.21	2968.02	198.64	149.96
PTHR11673	1683.0	1638.24	17880.45	829.0	625.9
PTHR11670	3915.27	3825.75	9239.82	345.67	260.97
PTHR11671	1433.0	1388.24	937.0	51.31	38.74
PTHR20863	2806.0	2671.72	22057.93	1617.8	1221.44
PTHR20861	3265.59	3131.32	1738.05	130.68	98.65
PTHR11679	8268.01	8044.2	1588.0	68.45	51.68
PTHR14009	6908.69	6819.16	2765.0	61.92	46.75
PTHR10217	17923.47	17386.33	2931.64	125.19	94.53
PTHR10210	1586.0	1541.24	580.0	28.59	21.59
PTHR11588	10739.0	10470.44	38131.15	1579.44	1192.5
PTHR31522	1415.0	1370.24	285.77	15.85	11.97
PTHR14221	1293.0	1203.53	152.0	18.56	14.01
PTHR11079	6379.49	6111.0	583.0	42.71	32.24
PTHR11076	14421.84	13884.72	1101.0	68.4	51.65
PTHR11070	1561.0	1471.53	128.0	10.64	8.04
PTHR11071	23576.52	22681.36	33398.33	2271.23	1714.79
PTHR11278	751.0	706.24	21661.96	2342.88	1768.88
PTHR14107	484.0	439.24	84.0	14.69	11.09
PTHR11276	2724.0	2634.48	201.06	11.38	8.59
PTHR11274	1269.75	1224.99	869.9	54.01	40.78
PTHR14136	6110.67	5931.64	4213.74	256.6	193.72
PTHR31984	5638.72	5504.44	2066.59	66.47	50.18
PTHR15350	3548.39	3458.86	1269.02	54.65	41.26
PTHR15606	911.68	866.92	142.0	12.49	9.43
PTHR12374	1663.38	1573.87	417.84	44.08	33.28
PTHR12375	971.05	926.29	359.0	29.53	22.3
PTHR12378	680.0	635.24	71.0	8.55	6.45
PTHR18929	8165.43	7896.88	25155.08	1220.82	921.72
PTHR30535	3670.08	3580.56	1084.99	34.01	25.68
PTHR12777	1174.0	1129.24	1692.0	114.03	86.09
PTHR12775	2897.09	2718.11	720.0	77.4	58.43
PTHR12770	8507.77	8283.97	2637.11	113.95	86.04
PTHR14085	2340.0	2295.24	408.0	13.48	10.18
PTHR16092	3535.43	3445.91	2432.98	92.18	69.6
PTHR10938	2282.0	2237.24	1050.0	35.61	26.88
PTHR11035	1756.0	1666.48	1268.0	102.17	77.14
PTHR22298	31663.45	30902.77	11224.63	373.13	281.71
PTHR12174	3702.81	3568.52	1827.02	121.89	92.04
PTHR12175	1440.0	1395.24	475.0	25.88	19.54
PTHR12176	11169.04	10855.7	2867.43	98.86	74.64
PTHR22769	7638.51	7370.0	1369.89	85.91	64.87
PTHR22767	4383.79	4115.24	772.0	85.08	64.23
PTHR22765	9787.16	9563.4	2111.25	77.77	58.73
PTHR22762	16129.76	15637.48	3004.87	120.95	91.32
PTHR22763	1159.0	1069.49	64.0	8.55	6.46
PTHR22761	2380.09	2290.56	1162.99	73.84	55.75
PTHR21231	5561.06	5382.02	908.01	78.67	59.41
PTHR21230	4569.0	4434.72	1013.0	53.75	40.58
PTHR21234	4299.0	4209.48	832.0	33.01	24.92
PTHR21237	3321.0	3186.72	1607.0	116.7	88.11
PTHR12202	2949.49	2770.46	359.99	34.44	26.0
PTHR12203	5534.47	5400.18	876.06	38.16	28.82
PTHR19857	1980.65	1891.22	236.0	13.23	10.0
PTHR19854	4117.35	3893.56	316.19	29.15	22.02
PTHR19855	1382.34	1292.83	397.0	47.64	35.96
PTHR13353	6093.5	5914.46	1408.91	56.44	42.61
PTHR19853	3636.47	3457.41	353.0	32.15	24.26
PTHR11136	2367.12	2232.93	394.01	41.48	31.32
PTHR12197	28559.91	27575.45	12974.75	540.36	407.99
PTHR19858	2465.81	2376.29	331.12	19.59	14.8
PTHR13822	1791.76	1746.99	3319.23	144.27	108.93
PTHR10344	2003.56	1958.8	910.62	35.28	26.64
PTHR13138	796.16	751.39	266.0	27.02	20.4
PTHR10732	572.0	527.24	14613.46	2123.95	1603.58
PTHR10739	3337.84	3203.56	1272.0	88.07	66.49
PTHR22846	1773.84	1684.32	458.0	36.55	27.59
PTHR12992	2647.54	2558.02	332.0	19.82	14.97
PTHR22838	1945.39	1900.63	380.0	15.18	11.46
PTHR22836	1561.0	1516.24	145.0	7.27	5.49
PTHR11934	1195.0	1150.24	297.0	19.65	14.83
PTHR10693	619.0	574.24	178.0	23.73	17.92
PTHR10934	1009.0	964.24	25960.51	2051.16	1548.62
PTHR11510	3237.0	3192.24	3907.0	92.76	70.03
PTHR11516	5283.34	5104.31	9375.38	645.4	487.27
PTHR10025	8018.39	7749.88	1760.99	96.06	72.51
PTHR10027	7484.43	7215.86	338.0	23.2	17.52
PTHR13009	6514.0	6334.96	1862.32	69.99	52.84
PTHR13007	1684.0	1639.24	260.0	12.05	9.1
PTHR30115	1252.0	1207.24	2047.98	129.05	97.43
PTHR10598	1595.0	1550.24	823.0	40.33	30.45
PTHR17901	3159.58	3070.06	709.0	33.68	25.43
PTHR14413	1465.0	1375.48	1402.0	129.85	98.04
PTHR24351	4760.97	4671.44	1716.08	55.73	42.08
PTHR20981	831.0	786.24	23857.71	2315.53	1748.23
PTHR20982	3008.0	2918.48	1582.94	92.07	69.51
PTHR24352	5750.0	5660.48	2074.93	58.01	43.79
PTHR11467	796.0	751.24	17.0	1.73	1.3
PTHR10119	8460.82	8147.48	3620.83	182.52	137.81
PTHR10114	676.0	631.24	21650.64	2622.86	1980.26
PTHR10110	12207.28	11894.0	2281.0	108.14	81.65
PTHR11469	2233.0	2188.24	4223.0	146.42	110.55
PTHR10445	885.0	840.24	370.51	33.63	25.39
PTHR11863	2534.0	2444.48	559.98	34.47	26.02
PTHR24286	24792.03	24210.12	16241.89	582.48	439.78
PTHR23429	4993.41	4859.12	2551.0	109.64	82.79
PTHR23426	3831.25	3696.97	3270.25	182.1	137.49
PTHR10593	3556.74	3422.46	629.0	43.69	32.99
