GeneFamily	length	effective_length	expected_count	TPM	FPKM
PTHR11649	10027.0	9565.8	58.0	31.51	30.56
PTHR31089	955.0	913.06	4.0	3.08	2.99
PTHR31085	3854.0	3602.39	9.0	10.14	9.85
PTHR11647	3481.0	3355.19	20.0	15.96	15.48
PTHR11880	1735.0	1651.12	1169.12	1129.0	1095.3
PTHR11885	405.0	363.07	20.0	39.21	38.04
PTHR10209	5813.0	5645.24	11.0	5.82	5.64
PTHR32429	2460.17	2376.3	2245.25	1249.7	1212.39
PTHR12403	1809.0	1725.12	7.0	5.75	5.58
PTHR31423	851.0	809.06	8.0	6.97	6.76
PTHR31551	1317.0	1275.06	8.0	4.41	4.28
PTHR32195	639.0	597.06	7.0	8.29	8.04
PTHR11081	3409.0	3283.19	6.0	3.0	2.91
PTHR11080	1897.09	1813.21	19.0	13.8	13.38
PTHR11082	7172.93	6963.23	36.0	15.8	15.32
PTHR11085	8623.0	8371.36	56.0	25.0	24.25
PTHR11645	2105.0	2021.12	21.0	12.86	12.48
PTHR11089	9512.0	9176.48	88.0	36.45	35.35
PTHR32518	5611.66	5402.01	30.0	25.47	24.7
PTHR11247	3409.51	3325.64	359.0	116.28	112.82
PTHR11246	10306.31	9845.03	72.0	44.44	43.11
PTHR32512	4024.73	3898.91	24.0	10.99	10.67
PTHR23088	6649.0	6439.3	28.09	14.02	13.6
PTHR23089	1543.0	1459.12	7.0	5.33	5.17
PTHR23081	2648.0	2522.19	12.0	8.23	7.98
PTHR23083	36192.89	35018.68	238.01	84.95	82.42
PTHR23084	2724.0	2598.19	12.0	7.38	7.15
PTHR23086	755.0	671.16	0.0	0.0	0.0
PTHR18806	1927.0	1843.12	5.0	3.71	3.59
PTHR31953	11837.1	11585.46	52.0	13.44	13.05
PTHR15184	11574.0	11196.56	1696.56	611.83	593.57
PTHR15341	595.0	553.06	2.0	2.56	2.48
PTHR15169	2152.0	2068.12	0.0	0.0	0.0
PTHR12341	4781.0	4529.38	11.0	10.31	10.0
PTHR15160	7202.0	7034.24	38.0	14.27	13.84
PTHR18937	5159.0	4781.61	7.0	10.2	9.89
PTHR18934	17423.75	16627.06	153.95	57.36	55.65
PTHR12742	2504.16	2420.34	26.0	11.3	10.97
PTHR12741	2139.0	2055.12	7.0	6.13	5.95
PTHR19288	5157.36	4905.92	36.0	24.87	24.13
PTHR13902	6169.0	6001.24	108.0	50.67	49.16
PTHR13903	3282.0	3198.12	9.0	3.86	3.74
PTHR22753	1410.0	1326.14	4.14	2.95	2.87
PTHR22939	25270.95	24600.11	179.0	54.73	53.09
PTHR22938	1676.0	1550.24	4.0	7.93	7.71
PTHR16266	787.0	745.06	2.0	1.89	1.84
PTHR30612	5843.0	5675.27	67.0	10.58	10.27
PTHR22932	591.0	549.06	8.0	10.31	10.0
PTHR22931	15115.87	14738.43	1131.93	251.51	244.0
PTHR22936	6902.85	6651.23	122.0	63.43	61.53
PTHR31038	1197.0	1155.06	3.0	1.83	1.77
PTHR13832	48101.84	46927.62	440.06	147.64	143.23
PTHR21139	2134.0	2092.06	80.0	26.81	26.01
PTHR21136	8028.7	7819.0	77.0	33.66	32.66
PTHR12526	36313.66	35223.27	313.0	105.06	101.91
PTHR13124	666.5	624.56	0.0	0.0	0.0
PTHR13120	945.0	903.06	8.0	6.24	6.05
PTHR22809	315.0	273.11	0.0	0.0	0.0
PTHR22807	5077.0	4783.47	14.0	13.38	12.97
PTHR20661	385.0	343.08	1.0	2.08	2.02
PTHR10900	23817.3	23272.08	1046.98	332.82	322.89
PTHR10906	4713.84	4504.21	262.0	162.38	157.53
PTHR10909	19962.0	19458.74	221.0	83.69	81.19
PTHR10055	3245.0	3161.12	24.0	11.08	10.75
PTHR10057	5077.0	4909.24	108.0	57.93	56.2
PTHR10052	1025.0	983.06	1784.89	1277.87	1239.72
PTHR13017	833.0	791.06	4.0	3.56	3.46
PTHR10693	1642.0	1558.12	6.0	5.28	5.12
PTHR10694	6233.79	5940.31	24.0	16.48	15.98
PTHR12839	924.0	840.14	5.0	7.81	7.58
PTHR13923	4007.0	3923.13	42.0	12.47	12.11
PTHR12835	1223.0	1181.06	2.0	1.19	1.15
PTHR24031	71641.62	69125.6	4476.02	1322.57	1283.08
PTHR24032	1484.9	1442.96	8.0	3.89	3.78
PTHR23291	6201.0	6033.24	112.0	56.32	54.64
PTHR24349	49717.81	48375.89	417.84	140.83	136.62
PTHR24619	3769.49	3601.79	54.0	33.86	32.85
PTHR24343	29449.61	28568.93	399.96	167.11	162.08
PTHR11472	6424.0	6130.46	77.0	59.78	57.99
PTHR24347	8183.62	7848.12	45.0	34.36	33.32
PTHR11476	4660.0	4492.27	29.0	9.95	9.65
PTHR11477	1233.0	1149.12	4.0	4.95	4.8
PTHR10476	3535.0	3367.25	44.0	29.9	29.01
PTHR24290	6456.0	6246.32	26.33	14.34	13.92
PTHR23413	526.0	484.07	279.0	408.52	396.32
PTHR23417	872.0	788.16	1.0	1.44	1.4
PTHR23416	4268.0	4142.18	34.0	14.01	13.6
PTHR23415	1736.0	1694.06	19.0	7.87	7.64
PTHR10871	5613.0	5445.24	1034.0	1061.13	1029.45
PTHR10877	9238.7	8735.5	22.0	14.56	14.13
PTHR11879	4819.9	4694.09	27.0	11.18	10.85
PTHR24316	10334.45	10082.81	301.88	126.1	122.33
PTHR31724	1878.87	1753.1	8.0	9.54	9.25
PTHR11655	3085.0	2917.24	1986.87	2152.26	2088.0
PTHR11652	718.0	676.06	2577.31	2691.58	2611.23
PTHR20883	2333.33	2249.45	16.0	12.27	11.89
PTHR11895	9004.0	8710.45	66.0	30.42	29.53
PTHR10277	3597.0	3513.12	42.0	15.85	15.38
PTHR14027	2927.0	2801.18	8.0	6.45	6.25
PTHR24095	11049.73	10546.58	84.0	39.96	38.77
PTHR24092	8212.98	7919.46	29.0	13.51	13.12
PTHR23180	6321.0	5901.69	32.0	36.66	35.56
PTHR14593	338.0	296.09	1.0	2.41	2.34
PTHR11093	1809.0	1767.06	12.0	4.76	4.62
PTHR11096	3220.0	3094.18	16.0	9.35	9.08
PTHR23346	9469.55	9134.08	47.0	19.54	18.95
PTHR11099	2750.0	2624.19	33.0	24.42	23.69
PTHR10309	1906.0	1822.12	15.0	11.35	11.01
PTHR11252	1663.0	1579.12	3.0	2.88	2.79
PTHR11254	16349.34	15804.13	149.0	74.17	71.98
PTHR11255	1798.0	1756.06	6.0	2.4	2.33
PTHR14110	759.0	717.06	1.0	0.98	0.95
PTHR14374	1786.7	1744.76	56.95	22.9	22.22
PTHR18838	2254.0	2212.06	18.0	5.7	5.53
PTHR12687	700.0	616.18	1.0	2.18	2.12
PTHR15157	4844.12	4676.38	12.0	8.16	7.91
PTHR18901	3514.0	3346.25	20.0	16.63	16.12
PTHR12755	1285.0	1243.06	3.0	1.7	1.65
PTHR12750	2802.0	2592.38	5.0	5.42	5.25
PTHR12753	1874.0	1832.06	7.0	2.68	2.6
PTHR15081	1198.0	1156.06	1.0	0.61	0.59
PTHR15574	7067.0	6689.56	6.0	5.14	4.99
PTHR23109	1775.0	1733.06	5.0	2.02	1.96
PTHR13931	10267.75	9806.52	28.0	20.9	20.27
PTHR12358	2502.21	2334.47	7.0	7.95	7.7
PTHR22748	5169.56	4917.95	12.0	8.95	8.67
PTHR12356	3698.61	3572.79	17.0	11.39	11.05
PTHR12221	2515.0	2431.12	13.0	6.93	6.72
PTHR19879	1776.0	1650.19	6.0	9.5	9.21
PTHR12226	1097.0	1055.06	11.0	7.33	7.12
PTHR19876	5192.0	5066.18	93.0	33.74	32.73
PTHR19877	3037.0	2911.19	116.0	97.03	94.12
PTHR21689	1239.0	1155.12	3.0	3.73	3.61
PTHR31442	2877.0	2835.06	25.0	6.18	5.99
PTHR12538	843.0	801.06	701.0	616.88	598.46
PTHR12537	1107.0	1065.06	12.38	8.17	7.93
PTHR12532	2290.0	2248.06	5.0	1.56	1.51
PTHR13486	1061.0	1019.06	10.0	6.9	6.7
PTHR20275	3154.91	2987.17	6.0	3.61	3.5
PTHR13489	454.0	412.07	0.0	0.0	0.0
PTHR17583	5728.0	5476.38	11.0	7.78	7.54
PTHR10150	3866.0	3698.26	14.0	8.33	8.08
PTHR24198	24509.32	23880.26	255.0	92.24	89.48
PTHR10048	6702.0	6408.47	21.0	14.43	13.99
PTHR10046	3477.19	3309.45	31.0	28.32	27.48
PTHR10044	1541.27	1457.4	7.0	7.09	6.88
PTHR13060	317.0	275.11	0.0	0.0	0.0
PTHR10687	1574.0	1532.06	20.0	9.16	8.89
PTHR10681	12875.62	12456.22	631.68	370.25	359.21
PTHR10682	1552.43	1510.49	6.0	2.79	2.71
PTHR10683	6039.0	5871.24	163.0	54.26	52.64
PTHR12829	2611.0	2527.12	10.0	5.55	5.39
PTHR12820	3228.0	3144.12	13.0	6.02	5.84
PTHR12826	619.0	577.06	2.0	2.45	2.38
PTHR12827	362.0	320.08	0.0	0.0	0.0
PTHR17920	509.0	467.07	0.0	0.0	0.0
PTHR11405	8709.95	8542.2	319.22	90.97	88.24
PTHR11404	3238.0	3112.18	88.0	55.88	54.21
PTHR11406	2251.0	2209.06	2480.86	787.26	763.76
PTHR32357	516.0	474.07	2.0	2.99	2.9
PTHR13468	918.0	876.06	3.0	2.41	2.34
PTHR13018	15192.87	14564.03	100.0	36.87	35.79
PTHR10954	377.0	335.08	2.0	4.26	4.13
PTHR23406	8132.0	7754.61	36.96	19.11	18.53
PTHR23407	1077.0	1035.06	3.0	2.04	1.98
PTHR10869	22361.32	21774.18	275.0	108.56	105.34
PTHR31717	795.0	753.06	5.0	4.68	4.54
PTHR22942	2786.0	2618.26	1.0	1.46	1.41
PTHR12696	3976.0	3850.19	19.0	11.45	11.11
PTHR11315	4976.37	4850.55	46.0	18.49	17.94
PTHR10139	1220.0	1136.13	0.0	0.0	0.0
PTHR10264	5069.6	4943.78	77.91	33.66	32.65
PTHR10263	1874.0	1790.12	119.0	79.62	77.23
PTHR31407	6283.14	6073.44	1099.58	501.57	486.59
PTHR32170	1891.0	1765.2	1.0	0.9	0.87
PTHR23350	1829.0	1745.12	1.0	0.89	0.87
PTHR23354	3034.96	2909.17	88.0	30.62	29.71
PTHR23355	4258.47	4090.75	45.0	28.22	27.38
PTHR23359	11076.0	10824.36	133.0	55.41	53.75
PTHR11227	2663.47	2579.59	8.0	4.99	4.84
PTHR11220	8889.0	8637.36	167.28	62.44	60.57
PTHR11223	4195.0	4069.25	25.0	5.12	4.97
PTHR11229	2946.0	2862.12	74.0	42.21	40.94
PTHR10314	13870.0	13450.6	823.0	365.49	354.57
PTHR14303	701.0	659.06	1.0	1.07	1.04
PTHR14085	1767.0	1683.12	9.0	7.6	7.37
PTHR11139	16715.0	15792.53	83.0	67.39	65.4
PTHR15362	2043.0	1959.13	8.0	5.85	5.67
PTHR11132	26842.4	26003.66	223.85	103.14	100.08
PTHR11134	3648.14	3522.33	52.0	23.91	23.2
PTHR11136	2292.0	2082.39	3.0	4.92	4.78
PTHR32374	5342.08	5258.21	203.0	69.3	67.23
PTHR31579	9664.0	9538.18	90.0	18.83	18.26
PTHR32379	302.0	260.12	0.0	0.0	0.0
PTHR18919	3759.0	3675.12	97.0	43.15	41.86
PTHR32002	1227.0	1185.06	8.0	4.75	4.6
PTHR14413	1743.0	1659.12	32.0	19.81	19.21
PTHR21368	1983.0	1899.12	17.0	14.06	13.64
PTHR24067	24530.38	23775.5	323.99	155.73	151.06
PTHR10072	7165.0	6997.24	46.0	19.92	19.32
PTHR12786	3107.0	2939.26	38.0	24.83	24.1
PTHR11706	2508.0	2382.21	7.0	4.46	4.33
PTHR12782	1310.0	1268.06	9.0	4.99	4.84
PTHR11742	5327.0	5033.47	12.0	8.35	8.11
PTHR21213	1105.2	1063.27	22.0	14.55	14.12
PTHR11210	1035.0	993.06	56.0	39.69	38.5
PTHR12321	6578.39	6410.65	46.0	18.09	17.54
PTHR12320	11135.0	10967.24	127.0	29.11	28.24
PTHR12323	326.0	284.1	0.0	0.0	0.0
PTHR16201	2840.0	2672.25	4.0	4.12	4.0
PTHR10774	10934.54	10515.26	78.0	37.48	36.35
PTHR16196	3014.0	2888.18	7.0	4.82	4.68
PTHR16193	464.0	422.07	0.0	0.0	0.0
PTHR22792	3572.0	3362.33	18.73	15.7	15.22
PTHR22790	2562.0	2478.12	4.0	2.9	2.82
PTHR21680	1338.0	1296.06	12.0	6.51	6.31
PTHR21113	1065.0	981.15	0.0	0.0	0.0
PTHR19316	1457.0	1415.06	11.0	5.46	5.3
PTHR21663	329.0	287.1	0.0	0.0	0.0
PTHR13253	11853.64	11392.34	151.0	97.0	94.13
PTHR22603	4137.0	4053.12	12.0	4.91	4.76
PTHR21206	1116.0	1074.06	7.0	4.58	4.45
PTHR13789	21544.24	20915.17	128.0	62.92	61.03
PTHR10071	8253.0	8127.18	76.0	15.51	15.05
PTHR24188	6543.67	6292.05	258.33	115.1	111.66
PTHR13780	9002.83	8667.34	317.0	148.37	143.95
PTHR10670	2895.0	2685.32	3.0	3.76	3.65
PTHR10677	1390.0	1306.14	8.0	10.02	9.72
PTHR13078	4223.94	4098.12	37.0	18.76	18.21
PTHR12815	3741.0	3531.32	10.0	6.74	6.53
PTHR12814	1811.0	1727.12	11.0	9.54	9.25
PTHR24361	13045.34	12709.83	94.0	27.82	27.0
PTHR24362	18254.05	17583.11	127.0	56.14	54.45
PTHR10416	386.0	344.08	0.0	0.0	0.0
PTHR10410	5735.0	5567.24	124.0	49.4	47.93
PTHR10783	8697.0	8403.42	182.0	83.64	81.13
PTHR10782	3947.0	3863.12	13.0	4.44	4.31
PTHR13476	1028.0	986.06	8.0	5.71	5.54
PTHR10788	6624.5	6373.15	36.0	21.51	20.86
PTHR10891	24488.94	23901.79	383.81	166.03	161.04
PTHR10890	4799.0	4631.26	31.0	15.89	15.43
PTHR20426	766.0	724.06	6.0	5.85	5.67
PTHR23213	2272.0	2146.19	6.0	8.97	8.7
PTHR24115	6592.61	6047.66	13.0	19.27	18.7
PTHR10520	4471.16	4345.34	27.0	15.01	14.56
PTHR10250	762.0	720.06	18.0	17.64	17.11
PTHR10527	10947.0	10569.56	74.0	28.22	27.37
PTHR10099	4508.8	4466.86	91.0	14.26	13.83
PTHR31385	3317.0	3191.18	10.0	6.77	6.57
PTHR10091	3784.0	3700.12	134.0	41.09	39.86
PTHR31142	1100.0	1058.06	9.0	5.98	5.81
PTHR31140	5721.0	5637.13	226.0	40.99	39.76
PTHR31412	4887.02	4719.26	36.0	19.68	19.1
PTHR11787	1153.5	1069.74	0.0	0.0	0.0
PTHR11785	13698.0	13236.68	95.0	46.73	45.32
PTHR11782	5977.0	5725.38	20.0	10.84	10.5
PTHR31419	303.0	261.12	0.0	0.0	0.0
PTHR11780	3015.0	2931.12	175.0	68.04	66.01
PTHR21141	2155.0	2071.12	2416.79	1808.14	1754.16
PTHR32148	7733.0	7523.3	1432.01	1203.35	1167.43
PTHR23324	4131.99	3964.24	37.0	37.08	35.97
PTHR23327	3474.0	3348.18	29.0	19.12	18.55
PTHR23326	2468.0	2342.19	30.0	27.86	27.03
PTHR23321	3412.0	3286.18	830.05	416.41	403.98
PTHR23323	5548.97	5381.23	26.0	8.73	8.46
PTHR23322	6240.74	5947.17	25.0	20.11	19.49
PTHR23329	1827.77	1702.01	48.0	33.45	32.45
PTHR11236	2312.0	2228.12	20.0	11.51	11.16
PTHR20932	2554.0	2470.13	8.0	4.21	4.09
PTHR10322	3207.0	2955.45	6.0	6.55	6.36
PTHR11239	6667.15	6541.35	48.0	16.69	16.19
PTHR10803	3163.13	3079.25	25.0	11.33	11.0
PTHR13803	4247.0	4121.18	29.0	11.51	11.17
PTHR31964	14045.0	13625.61	163.0	84.58	82.04
PTHR10552	1532.0	1490.06	4.0	1.88	1.83
PTHR23030	4037.0	3953.12	14.0	4.53	4.39
PTHR11129	2515.92	2432.05	12.0	4.17	4.04
PTHR11122	4844.0	4676.24	82.0	49.0	47.54
PTHR15316	2407.0	2281.22	6.0	9.54	9.26
PTHR11127	1077.0	993.15	201.0	208.62	202.39
PTHR11125	2827.0	2701.18	5.0	3.41	3.32
PTHR31566	1711.84	1627.97	33.0	27.77	26.95
PTHR31567	1074.0	1032.06	8.0	5.45	5.29
PTHR31561	26095.09	25382.13	981.92	352.47	341.98
PTHR30615	1511.0	1427.12	15.0	14.99	14.55
PTHR15137	721.0	679.06	2.0	2.08	2.02
PTHR14950	507.0	465.07	0.0	0.0	0.0
PTHR15954	1331.0	1247.12	4.0	4.49	4.36
PTHR15952	3097.0	3013.12	28.0	12.45	12.08
PTHR21597	2469.0	2343.18	3.0	2.4	2.33
PTHR19271	425.0	383.07	8.0	14.85	14.41
PTHR21228	59228.4	57257.45	383.34	134.26	130.25
PTHR12022	808.0	766.06	52.0	47.87	46.44
PTHR13343	7530.0	7362.24	52.02	17.54	17.03
PTHR12233	1365.0	1323.06	31.0	16.46	15.97
PTHR12029	8679.82	8302.4	40.0	26.86	26.06
PTHR21220	1011.0	969.06	5.0	3.63	3.52
PTHR22780	5426.0	5132.47	24.0	20.61	19.99
PTHR21477	1231.0	1189.06	1.0	0.59	0.57
PTHR19308	6677.0	6593.12	196.0	32.74	31.77
PTHR16301	2987.3	2903.42	15.08	7.31	7.09
PTHR13265	1180.0	1138.06	5.0	3.09	3.0
PTHR17630	5006.0	4838.25	49.0	28.49	27.62
PTHR10064	603.0	561.06	322.0	406.02	393.9
PTHR10060	1201.0	1159.06	8.0	4.85	4.71
PTHR10663	8896.0	8350.93	39.0	35.14	34.08
PTHR10666	4817.0	4607.3	1589.11	1794.32	1740.75
PTHR10668	9960.0	9540.62	40.0	28.82	27.98
PTHR12801	5203.0	5035.25	17.0	8.25	8.0
PTHR12802	5113.0	4903.3	18.0	12.06	11.71
PTHR12805	1310.0	1226.12	2.0	2.37	2.3
PTHR12806	1513.0	1471.06	9.0	4.3	4.17
PTHR21091	13844.01	13424.67	331.0	87.74	85.12
PTHR21090	2751.0	2667.12	26.0	15.57	15.1
PTHR12281	3928.0	3844.12	44.0	16.09	15.61
PTHR24314	2988.0	2904.12	5.0	2.39	2.32
PTHR11933	1294.0	1210.13	3.0	4.25	4.12
PTHR11932	6862.0	6694.25	160.38	44.47	43.15
PTHR11426	4973.05	4805.29	1538.0	1115.43	1082.13
PTHR11937	8950.17	8572.71	386.0	395.7	383.9
PTHR11938	19451.0	18947.74	245.27	83.4	80.92
PTHR13683	6524.0	6314.3	76.0	30.32	29.42
PTHR24089	48916.04	46819.31	1074.87	507.28	492.12
PTHR10796	3320.0	3110.34	10.0	13.72	13.31
PTHR10794	4371.07	4245.26	33.0	18.48	17.93
PTHR10795	20682.89	20137.82	125.0	41.79	40.54
PTHR10792	2570.0	2486.12	457.04	374.84	363.66
PTHR10799	30565.12	28552.58	163.78	102.64	99.58
PTHR10882	927.0	843.18	1.0	1.22	1.18
PTHR10887	21045.01	19912.82	47.0	39.43	38.26
PTHR11686	4430.0	4304.18	11.0	4.3	4.18
PTHR11685	8433.33	8097.84	57.18	20.67	20.06
PTHR11680	6723.98	6598.17	277.44	93.33	90.54
PTHR24221	14609.52	13938.59	58.0	27.65	26.85
PTHR24220	8774.0	8522.4	62.0	23.36	22.67
PTHR24223	17149.98	16479.13	960.82	255.67	248.04
PTHR11689	2067.0	1941.19	10.0	10.08	9.78
PTHR10252	2334.57	2250.69	16.0	10.16	9.85
PTHR10537	669.0	585.19	3.0	7.28	7.05
PTHR31173	3019.0	2851.27	5.0	4.61	4.47
PTHR31384	1721.0	1637.13	4.0	2.2	2.13
PTHR10997	10093.74	9632.47	31.0	18.84	18.28
PTHR10098	1356.0	1314.06	12.0	6.42	6.22
PTHR31356	4187.0	4061.18	135.0	68.02	65.99
PTHR31352	8088.0	7962.18	158.0	24.92	24.18
PTHR31350	5080.0	4912.24	13.0	7.45	7.22
PTHR11758	1320.0	1236.13	560.0	690.55	669.94
PTHR23333	1504.0	1462.06	24.0	11.53	11.18
PTHR11751	17242.89	16655.79	299.08	137.17	133.06
PTHR11753	2673.0	2547.18	37.0	30.47	29.55
PTHR11200	11567.0	11357.3	48.0	13.89	13.48
PTHR24423	9678.29	9384.94	36.0	11.86	11.5
PTHR11206	18589.81	17834.98	75.0	32.26	31.29
PTHR11757	10581.0	10203.6	47.0	29.06	28.2
PTHR24420	54171.58	52703.94	489.0	175.54	170.3
PTHR10332	2965.0	2797.25	1.0	0.95	0.92
PTHR13600	4653.5	4485.76	58.0	25.03	24.29
PTHR15744	2687.0	2603.12	9.0	5.69	5.52
PTHR23029	12275.58	11856.27	88.0	42.63	41.35
PTHR23023	8836.0	8500.49	14.0	9.3	9.02
PTHR12847	1944.0	1860.12	9.0	6.54	6.35
PTHR11119	12459.91	12124.57	46.0	24.94	24.2
PTHR31595	6019.12	5809.44	24.0	13.01	12.63
PTHR31596	3054.0	2970.13	27.0	7.58	7.35
PTHR15948	2054.0	1928.18	7.0	7.59	7.37
PTHR32026	2041.0	1957.12	6.0	4.29	4.17
PTHR31829	1591.0	1549.06	576.0	261.02	253.23
PTHR19241	58364.33	56645.22	327.0	124.02	120.31
PTHR15239	2675.0	2465.38	6.0	6.65	6.46
PTHR32497	3774.0	3690.12	6.0	2.53	2.45
PTHR12497	2214.0	2172.06	18.0	5.81	5.64
PTHR12302	3477.0	3435.06	58.92	12.01	11.65
PTHR12652	2485.0	2401.12	44.0	19.53	18.95
PTHR12304	365.0	323.08	0.0	0.0	0.0
PTHR30540	1956.57	1914.64	39.0	14.29	13.86
PTHR30544	8460.46	8208.82	65.0	29.39	28.51
PTHR13302	2831.0	2747.12	14.0	5.62	5.45
PTHR12472	1862.0	1778.12	3.0	1.77	1.71
PTHR13308	1390.0	1348.06	26.0	13.55	13.14
PTHR12477	1705.0	1621.14	15.0	14.55	14.11
PTHR13878	21208.42	20579.45	212.0	87.75	85.11
PTHR21461	1699.0	1657.06	2.0	0.85	0.82
PTHR13872	1922.0	1838.17	22.0	20.6	19.98
PTHR22849	9925.81	9506.44	38.0	32.43	31.47
PTHR21314	1482.0	1440.06	2.0	0.98	0.95
PTHR13271	24971.71	24091.12	128.0	58.37	56.61
PTHR22841	5628.0	5460.24	40.0	20.83	20.21
PTHR21319	4670.0	4460.3	29.0	21.09	20.46
PTHR22847	25537.0	24530.48	69.0	46.03	44.66
PTHR22844	14313.0	13893.61	135.08	46.0	44.62
PTHR13890	7361.0	7109.36	33.0	18.2	17.65
PTHR11601	4818.0	4692.18	20.0	8.83	8.58
PTHR21266	12695.32	12359.82	165.0	49.98	48.5
PTHR12271	2242.0	2158.12	5.0	2.6	2.52
PTHR21262	9012.02	8760.4	76.0	25.48	24.71
PTHR12276	2771.0	2687.12	21.0	9.88	9.58
PTHR10657	3148.66	3022.84	38.0	24.63	23.9
PTHR16557	1374.0	1290.12	2.0	1.92	1.86
PTHR10655	4102.77	3935.03	44.0	25.54	24.78
PTHR10652	1811.0	1727.12	12.0	9.81	9.51
PTHR17972	800.0	716.18	1.0	1.6	1.55
PTHR21085	1462.0	1420.06	15.0	7.42	7.2
PTHR11922	4696.8	4570.98	97.93	38.3	37.17
PTHR24305	19748.49	19077.54	80.0	37.1	35.99
PTHR11926	18071.66	17610.36	263.0	71.83	69.68
PTHR11431	3713.0	3629.12	107.0	42.3	41.03
PTHR10430	5340.67	5214.85	123.0	72.66	70.49
PTHR10436	5061.0	4851.32	12.0	5.09	4.94
PTHR10434	658.0	616.06	1.0	1.15	1.11
PTHR24096	13505.39	13127.95	353.23	137.01	132.92
PTHR13693	3711.0	3501.31	25.0	23.32	22.62
PTHR13691	1311.0	1269.06	2758.96	1527.65	1482.05
PTHR24093	57115.27	55144.37	609.97	173.83	168.68
PTHR13451	429.0	387.07	0.0	0.0	0.0
PTHR13452	1958.0	1874.12	9.0	6.58	6.38
PTHR10759	921.0	879.06	285.82	229.03	222.2
PTHR12901	632.0	590.06	1.0	1.2	1.16
PTHR12903	1786.0	1702.12	30.0	19.37	18.8
PTHR13992	662.0	578.19	0.0	0.0	0.0
PTHR23237	309.0	267.11	6.0	16.09	15.61
PTHR13375	398.0	356.07	1.0	2.0	1.94
PTHR10501	592.0	550.06	4.0	5.15	4.99
PTHR31169	637.0	595.06	0.0	0.0	0.0
PTHR12277	4894.0	4726.24	21.0	12.71	12.33
PTHR14087	1369.0	1327.06	6.0	3.18	3.08
PTHR23309	4131.0	4047.12	54.02	17.52	16.99
PTHR31344	851.0	809.06	1.0	0.87	0.85
PTHR31619	2325.0	2283.06	124.0	38.07	36.93
PTHR23306	1671.0	1587.12	7.0	6.19	6.0
PTHR23305	3092.0	2966.19	49.0	26.8	26.0
PTHR14089	2343.5	2217.69	9.0	5.74	5.57
PTHR11748	12076.02	11740.51	167.0	44.28	42.95
PTHR11214	977.0	935.06	1.0	0.75	0.73
PTHR11216	3909.0	3783.18	18.0	10.05	9.75
PTHR14154	13265.0	12845.6	151.0	78.26	75.92
PTHR14155	8147.23	7937.55	69.0	25.33	24.56
PTHR10343	7459.0	7207.37	77.0	37.55	36.43
PTHR11699	13759.0	13213.81	124.96	71.31	69.18
PTHR11692	1496.36	1454.43	32.01	15.45	14.99
PTHR11693	3417.0	3333.12	1116.0	447.91	434.54
PTHR11695	26148.68	25268.02	154.0	81.9	79.46
PTHR31760	1883.0	1841.06	5.0	1.91	1.85
PTHR31840	1263.5	1179.63	0.0	0.0	0.0
PTHR31906	15066.86	14647.47	84.96	41.08	39.83
PTHR21419	1741.0	1699.06	8.0	3.3	3.21
PTHR23012	17637.5	17218.11	314.0	97.33	94.43
PTHR11101	10652.59	10484.84	577.0	159.25	154.51
PTHR11102	4619.0	4451.27	16.0	8.87	8.6
PTHR11106	1922.0	1880.06	15.0	5.6	5.43
PTHR31585	3868.49	3658.84	15.0	13.23	12.84
PTHR32125	2173.0	2089.12	52.0	33.95	32.93
PTHR31588	2171.0	2129.06	34.0	11.2	10.86
PTHR32120	1822.0	1738.12	5.0	4.14	4.01
PTHR15680	2671.0	2587.12	60.0	25.61	24.85
PTHR10281	3927.0	3801.18	26.0	13.69	13.29
PTHR26312	3824.63	3698.82	82.0	27.69	26.88
PTHR18895	3071.0	2903.29	5.0	3.45	3.35
PTHR12486	1093.0	1009.18	0.0	0.0	0.0
PTHR12480	2847.0	2679.26	4.0	3.12	3.02
PTHR12482	2599.0	2473.18	15.0	14.86	14.42
PTHR30239	1671.0	1629.06	14.0	6.03	5.85
PTHR12317	16411.06	15907.79	102.0	39.81	38.62
PTHR12649	2027.0	1943.12	9.0	6.88	6.68
PTHR12461	4096.0	3844.41	4.0	2.44	2.37
PTHR12466	1142.0	1100.06	4.0	2.56	2.48
PTHR13561	1232.0	1148.12	0.0	0.0	0.0
PTHR13847	8836.0	8542.44	65.0	32.0	31.04
PTHR22854	3614.0	3488.21	35.0	12.63	12.26
PTHR12000	4107.0	3981.18	95.0	36.54	35.46
PTHR12001	6505.0	6379.18	95.83	26.15	25.38
PTHR21327	6303.0	6177.18	42.0	14.07	13.65
PTHR21631	8177.58	8009.82	261.0	85.09	82.55
PTHR22855	8641.0	8431.3	256.0	102.01	98.97
PTHR22850	7261.92	7010.31	72.0	47.2	45.79
PTHR22504	1088.0	1046.06	11.96	8.04	7.8
PTHR12189	1229.0	1187.06	1.0	0.59	0.57
PTHR21256	2833.64	2749.76	22.0	11.3	10.96
PTHR12266	3598.0	3472.18	11.0	6.12	5.94
PTHR10648	2239.0	2197.06	43.0	13.72	13.31
PTHR30178	2204.0	2162.06	121.0	39.23	38.06
PTHR10641	19249.95	18578.99	84.87	41.08	39.83
PTHR10644	8696.0	8486.3	55.0	14.54	14.1
PTHR12864	6217.0	6007.33	22.0	12.84	12.45
PTHR12860	2259.0	2175.12	22.0	14.33	13.91
PTHR13194	4649.98	4482.23	33.0	16.81	16.3
PTHR13190	413.0	371.07	2.0	3.84	3.72
PTHR13193	1339.0	1297.06	5.0	2.71	2.63
PTHR11913	2665.0	2623.06	20.0	5.34	5.18
PTHR11911	9195.0	8985.3	451.8	145.43	141.09
PTHR11910	2281.0	2197.12	991.0	540.98	524.82
PTHR11918	5243.67	5034.03	43.0	16.74	16.24
PTHR12919	1318.0	1234.13	28.0	33.45	32.45
PTHR12910	810.0	768.06	30.0	27.54	26.72
PTHR12917	1767.0	1683.12	9.0	7.52	7.29
PTHR11351	6742.0	6616.18	126.0	38.14	37.01
PTHR11353	21676.9	21005.96	1416.16	555.04	538.46
PTHR11599	14661.0	14115.78	198.0	133.8	129.8
PTHR10516	18132.87	17420.02	389.0	211.27	204.97
PTHR11592	1948.0	1864.12	35.0	25.59	24.83
PTHR11659	2158.0	2116.06	21.0	6.96	6.75
PTHR13273	1412.0	1370.06	13.0	6.66	6.47
PTHR31096	3238.55	3070.88	85.0	60.83	59.0
PTHR13734	1904.0	1862.06	7.0	2.64	2.56
PTHR31098	4893.0	4767.18	549.0	191.86	186.13
PTHR31620	5582.88	5457.16	403.0	105.12	101.98
PTHR23315	15095.19	14759.68	71.0	27.45	26.63
PTHR23316	2809.0	2767.06	92.0	23.29	22.6
PTHR12265	334.0	292.09	0.0	0.0	0.0
PTHR11777	5445.0	5319.18	100.02	29.32	28.43
PTHR11774	2738.0	2612.19	4.0	4.19	4.06
PTHR11773	4093.0	4051.06	234.14	40.46	39.25
PTHR11772	9481.97	9230.34	173.0	57.3	55.59
PTHR10357	23182.0	22385.25	578.48	170.58	165.49
PTHR10353	12617.04	12281.52	317.0	111.99	108.65
PTHR10350	2320.0	2152.26	6.0	7.71	7.48
PTHR10351	10326.0	10032.43	340.99	221.06	214.44
PTHR32557	2094.0	2052.06	70.0	23.92	23.2
PTHR10359	1342.0	1300.06	4.0	2.16	2.1
PTHR31750	997.0	955.06	3.0	2.21	2.15
PTHR23418	817.0	775.06	9.0	8.19	7.94
PTHR14189	861.0	777.15	1.0	1.65	1.6
PTHR32228	1747.0	1705.06	6.0	2.47	2.4
PTHR31245	1245.0	1203.06	5.0	2.92	2.83
PTHR23001	3390.0	3306.12	98.0	48.56	47.12
PTHR23002	2146.0	2104.06	10.0	3.33	3.23
PTHR11177	3068.0	2942.18	5.0	3.31	3.21
PTHR11178	4253.52	4127.7	49.0	27.57	26.74
PTHR14456	1156.0	1072.13	2.0	2.28	2.21
PTHR31808	3016.97	2891.17	23.0	17.81	17.28
PTHR31803	8896.0	8770.18	86.0	21.42	20.79
PTHR11009	1003.0	961.06	11.0	8.06	7.82
PTHR30075	2852.0	2726.2	21.0	26.1	25.32
PTHR19229	9824.85	9363.64	18.0	11.73	11.38
PTHR11005	9392.58	9099.02	107.0	39.84	38.64
PTHR18640	1882.0	1714.35	1.0	0.91	0.88
PTHR18866	22387.58	21968.18	491.0	143.29	139.0
PTHR15074	2044.21	1960.34	5.0	3.78	3.66
PTHR15588	1968.0	1884.12	14.0	10.89	10.56
PTHR12677	10894.0	10642.36	147.0	41.18	39.95
PTHR19134	2547.0	2463.12	8.0	4.59	4.45
PTHR19139	9492.88	9241.25	471.0	220.37	213.78
PTHR30566	2571.0	2487.13	14.0	4.64	4.5
PTHR12456	1935.0	1851.12	2.0	1.54	1.5
PTHR12452	710.0	668.06	8.0	8.46	8.2
PTHR19359	988.0	946.06	4.0	2.98	2.89
PTHR12072	2999.0	2873.19	16.0	11.55	11.21
PTHR13218	1220.0	1178.06	13.0	7.76	7.53
PTHR13215	1644.0	1560.12	0.0	0.0	0.0
PTHR13213	1071.0	987.15	2.0	2.05	1.99
PTHR10634	2363.0	2321.06	128.0	38.65	37.5
PTHR12290	1320.0	1236.15	5.0	3.72	3.61
PTHR21530	2621.0	2495.18	6.0	5.05	4.91
PTHR12295	643.0	559.21	0.0	0.0	0.0
PTHR12298	5107.0	4939.24	21.0	11.33	10.99
PTHR10638	13415.51	13121.98	118.0	25.08	24.33
PTHR10631	1658.0	1574.15	17.0	14.85	14.41
PTHR10984	5055.0	4929.18	61.0	25.2	24.43
PTHR12858	2580.0	2412.26	7.0	10.3	10.0
PTHR13505	1225.0	1183.06	8.0	4.75	4.61
PTHR12850	989.0	905.14	673.0	935.01	907.1
PTHR12856	2645.0	2561.14	4.0	3.22	3.12
PTHR12855	1945.0	1861.12	11.0	8.16	7.92
PTHR12854	1242.0	1200.06	9.0	5.27	5.11
PTHR13182	1506.0	1464.06	5.0	2.4	2.33
PTHR10182	1944.29	1902.35	18.0	6.64	6.44
PTHR10743	1669.0	1585.17	5.0	2.68	2.6
PTHR10742	19768.0	19138.94	195.0	76.36	74.07
PTHR10745	2343.0	2301.06	70.0	21.32	20.69
PTHR10744	2624.0	2456.29	800.71	914.19	886.91
PTHR10746	2836.0	2752.12	56.0	42.99	41.71
PTHR12924	1688.0	1646.06	58.0	24.73	23.99
PTHR23308	4667.0	4457.32	51.0	22.85	22.18
PTHR10027	2524.0	2440.12	13.0	7.51	7.29
PTHR11349	3711.0	3585.18	304.0	214.43	208.02
PTHR10566	26240.0	25317.43	218.0	82.03	79.57
PTHR10293	3743.57	3575.81	49.0	39.13	37.97
PTHR10291	1846.0	1804.06	13.0	5.06	4.9
PTHR11584	3515.0	3431.12	15.0	7.02	6.81
PTHR11586	4032.0	3864.24	33.82	23.25	22.56
PTHR11909	5070.89	4945.11	479.91	154.96	150.34
PTHR24320	13769.4	13266.16	154.0	49.25	47.77
PTHR24322	25322.4	24274.1	291.98	195.71	189.87
PTHR11907	3065.0	2981.12	23.0	8.02	7.79
PTHR11760	2535.0	2451.12	773.0	450.84	437.38
PTHR11761	2050.0	1924.24	1353.83	2855.45	2770.22
PTHR11766	1156.0	1114.06	8.0	5.05	4.9
PTHR11767	3517.0	3433.12	12.0	4.77	4.62
PTHR10361	2096.0	2054.06	24.0	8.19	7.95
PTHR10366	26191.88	25436.97	861.83	443.8	430.54
PTHR10169	3144.0	2892.43	4.0	4.79	4.65
PTHR10168	3649.0	3481.24	48.0	34.53	33.49
PTHR20973	1095.0	1053.06	3.0	2.0	1.94
PTHR10165	7312.0	7102.3	58.0	23.94	23.22
PTHR31032	2090.0	2048.06	31.0	10.61	10.3
PTHR23257	125372.22	121681.91	915.0	302.0	292.99
PTHR23253	6613.0	6403.3	71.83	38.82	37.66
PTHR14190	1905.0	1821.12	5.0	3.48	3.38
PTHR14194	8350.0	8140.3	123.0	60.57	58.75
PTHR31251	5594.0	5300.54	21.15	11.93	11.58
PTHR23074	5249.0	5039.34	33.0	15.22	14.76
PTHR23077	11235.08	10689.92	243.0	74.55	72.34
PTHR23076	23469.09	22714.23	1351.56	460.76	447.01
PTHR23073	8982.29	8646.78	379.0	216.97	210.51
PTHR23078	2421.0	2379.06	17.0	5.01	4.86
PTHR11165	2176.0	2092.12	284.0	143.6	139.31
PTHR10772	2937.0	2811.18	69.0	50.74	49.21
PTHR32100	12201.0	11949.38	3969.07	834.47	809.56
PTHR14534	1341.46	1299.52	7.0	3.78	3.67
PTHR14445	1419.0	1293.22	4.0	5.34	5.18
PTHR31811	1122.0	1038.13	1.0	1.17	1.14
PTHR23102	679.0	637.06	0.0	0.0	0.0
PTHR23105	5810.0	5558.4	2481.91	2223.24	2156.88
PTHR11010	2104.0	1978.23	9.0	8.14	7.9
PTHR11014	7744.94	7367.54	44.0	27.19	26.39
PTHR11453	2219.0	2135.12	8.0	5.24	5.09
PTHR14152	2247.76	2163.9	23.0	11.69	11.34
PTHR12668	4021.0	3853.24	26.0	22.84	22.15
PTHR12661	668.0	584.19	0.0	0.0	0.0
PTHR12663	759.0	717.06	5.0	4.92	4.77
PTHR12664	526.0	484.07	0.0	0.0	0.0
PTHR16166	3846.12	3636.5	43.0	16.74	16.25
PTHR12111	1853.0	1769.13	8.0	6.89	6.68
PTHR12446	1200.0	1116.15	7.0	6.11	5.93
PTHR12447	797.0	755.06	1.0	0.93	0.91
PTHR15481	741.0	699.06	0.0	0.0	0.0
PTHR26379	1578.0	1494.15	12.0	7.01	6.8
PTHR12599	4020.0	3894.18	47.0	26.87	26.06
PTHR12596	6310.0	6100.33	14.0	5.16	5.0
PTHR12590	1622.0	1496.2	3.0	4.53	4.4
PTHR12066	422.0	380.07	2.0	3.74	3.63
PTHR12064	8801.5	8466.0	45.0	19.94	19.34
PTHR13226	3460.0	3292.24	12.0	9.6	9.31
PTHR13889	3596.0	3428.28	9.0	7.28	7.06
PTHR13887	1001.5	959.57	6.0	4.4	4.27
PTHR21181	2507.0	2423.12	4.0	1.82	1.77
PTHR12411	16931.25	16386.11	326.0	123.99	120.28
PTHR10459	3161.0	2951.36	3.0	2.58	2.5
PTHR10458	1095.0	1053.06	5.0	3.34	3.24
PTHR19306	3550.48	3424.69	31.0	17.45	16.93
PTHR21506	2398.0	2356.06	17.0	5.06	4.91
PTHR12280	1045.0	919.27	1.0	2.36	2.29
PTHR11451	8292.53	8082.83	159.0	67.41	65.4
PTHR12286	3778.3	3610.57	18.0	10.77	10.44
PTHR22983	4692.0	4566.18	23.0	8.43	8.18
PTHR22981	6175.0	6007.24	28.0	12.72	12.35
PTHR10947	2107.0	2023.12	15.0	10.66	10.34
PTHR30191	4072.0	4030.06	110.0	19.11	18.54
PTHR13082	1444.0	1402.06	11.0	5.51	5.35
PTHR10629	1429.0	1303.24	1.0	1.13	1.1
PTHR10994	25693.55	25106.45	184.0	69.27	67.19
PTHR10996	8822.0	8528.49	53.76	22.8	22.11
PTHR10625	14174.44	13587.41	135.0	66.82	64.83
PTHR10992	67697.74	65810.59	477.0	155.84	151.17
PTHR10993	3455.27	3287.52	20.0	15.0	14.54
PTHR17695	1373.0	1247.26	4.0	6.78	6.58
PTHR12848	3322.79	3155.03	13.0	12.27	11.9
PTHR12849	1538.0	1454.13	5.0	3.6	3.49
PTHR10943	6295.0	6211.12	39.06	9.03	8.75
PTHR21294	1094.0	1052.06	3.0	2.01	1.95
PTHR12841	1287.0	1245.06	2.0	1.13	1.1
PTHR21290	3241.0	3157.13	5.0	1.26	1.22
PTHR21349	1494.0	1410.12	35.0	35.27	34.21
PTHR21347	2544.0	2502.06	23.0	6.44	6.25
PTHR21343	2273.0	2189.13	8.0	5.68	5.51
PTHR10196	1911.0	1869.06	17.0	6.38	6.19
PTHR10192	2443.0	2359.12	5.0	2.37	2.29
PTHR10751	2973.0	2889.12	9.0	3.59	3.48
PTHR10755	4366.0	4282.12	40.26	15.45	14.99
PTHR10758	1602.0	1560.06	9.0	4.05	3.93
PTHR13152	1417.0	1333.13	5.0	4.89	4.75
PTHR12932	2022.0	1938.12	8.0	3.96	3.84
PTHR12934	1814.0	1730.12	27.0	22.86	22.17
PTHR10288	6979.0	6769.31	200.0	65.65	63.69
PTHR11800	3941.0	3815.18	22.0	12.42	12.04
PTHR11802	11986.04	11566.65	162.0	72.66	70.49
PTHR22870	23553.0	22756.2	128.22	40.96	39.73
PTHR11807	1349.61	1307.67	33.0	17.73	17.2
PTHR11374	2005.66	1963.72	43.0	15.36	14.9
PTHR11808	5786.73	5619.02	86.0	46.46	45.07
PTHR10283	13570.0	13234.51	243.0	66.37	64.41
PTHR10285	9359.0	9023.5	3583.05	1297.28	1258.54
PTHR10286	3393.0	3267.18	1412.15	850.33	824.95
PTHR11579	4152.88	4069.01	49.0	15.18	14.73
PTHR13355	876.0	834.06	9.0	7.6	7.38
PTHR13718	3141.0	3057.12	1822.0	1273.45	1235.43
PTHR13711	7078.39	6868.73	119.98	75.29	73.04
PTHR13710	1729.0	1603.2	1.0	1.41	1.37
PTHR11977	3254.0	3170.12	37.0	13.54	13.14
PTHR11972	3286.92	3203.04	32.0	14.51	14.08
PTHR31480	1516.0	1474.06	9.0	4.29	4.16
PTHR31485	5433.0	5307.18	30.0	10.48	10.17
PTHR11715	687.0	645.06	49.0	53.66	52.06
PTHR11717	1123.0	1081.06	2.0	1.3	1.26
PTHR11711	8101.33	7723.88	143.0	142.41	138.14
PTHR11712	5898.0	5730.24	174.0	81.04	78.62
PTHR10374	2214.72	2130.85	74.0	47.74	46.32
PTHR10178	53199.56	52025.39	967.4	274.04	265.86
PTHR20961	326.0	284.1	0.0	0.0	0.0
PTHR10173	7617.98	7366.34	82.0	48.66	47.21
PTHR10177	7792.0	7624.24	40.0	9.69	9.41
PTHR10174	12703.11	12367.6	315.0	130.72	126.82
PTHR23249	1773.0	1689.12	9.0	6.88	6.68
PTHR23244	12961.0	12415.83	46.0	26.24	25.48
PTHR23245	965.0	881.13	4.0	6.05	5.87
PTHR23240	1345.0	1219.22	0.0	0.0	0.0
PTHR14614	9018.0	8556.73	58.0	32.67	31.69
PTHR31268	2878.0	2710.25	4.0	4.64	4.5
PTHR31262	1724.13	1640.26	20317.16	11601.47	11255.13
PTHR23063	6071.75	5904.0	28.0	15.36	14.9
PTHR11620	757.0	715.06	688.19	679.14	658.86
PTHR11624	11122.0	10912.3	4017.6	1301.28	1262.43
PTHR11627	3303.0	3177.22	6545.95	2628.78	2550.3
PTHR11390	3119.0	3035.15	13.0	3.33	3.23
PTHR32442	888.0	846.06	9.0	7.5	7.27
PTHR31319	8642.26	8474.5	313.0	58.32	56.57
PTHR14052	1289.0	1247.06	2.0	1.13	1.09
PTHR32118	3144.0	3102.06	125.0	28.22	27.38
PTHR23117	2410.0	2284.19	13.0	10.72	10.4
PTHR23115	36108.53	34850.52	20516.99	8595.69	8339.08
PTHR11028	1205.56	1163.67	31.0	18.73	18.17
PTHR11024	2304.0	2220.12	29.0	15.08	14.62
PTHR11778	2359.0	2233.22	71.0	40.99	39.77
PTHR10066	6204.0	5994.31	25.0	8.75	8.49
PTHR12616	2846.0	2720.18	14.0	10.99	10.67
PTHR12613	3572.41	3530.47	17.0	3.37	3.27
PTHR12612	796.0	754.06	20.0	18.71	18.15
PTHR32060	3587.0	3461.18	6.0	3.91	3.79
PTHR12436	4468.0	4342.21	17.0	4.9	4.76
PTHR22734	1554.0	1470.13	19.0	12.29	11.93
PTHR12121	9391.0	8887.77	56.79	42.07	40.8
PTHR12438	1848.46	1806.52	7.0	2.72	2.64
PTHR15492	886.0	844.06	1.0	0.83	0.81
PTHR21426	2041.0	1999.06	6.0	2.1	2.04
PTHR21427	679.0	637.06	0.0	0.0	0.0
PTHR19372	3701.0	3617.12	19.0	7.3	7.08
PTHR19370	8450.62	8157.04	73.0	43.88	42.57
PTHR19376	13557.35	13138.0	73.98	37.67	36.54
PTHR19375	15807.48	15094.58	1295.43	1302.73	1263.83
PTHR12725	5363.0	5237.18	43.0	14.96	14.51
PTHR22884	10290.0	9661.01	23.0	22.82	22.12
PTHR22881	2007.0	1965.06	12.0	4.28	4.15
PTHR22880	4941.0	4689.37	15.0	11.07	10.75
PTHR12542	2239.0	2197.06	16.0	5.11	4.95
PTHR12547	4226.0	4142.12	62.0	21.23	20.61
PTHR12124	1319.0	1277.06	5.0	2.75	2.67
PTHR21512	643.0	601.06	0.0	0.0	0.0
PTHR30508	5359.0	5233.18	90.0	34.06	33.05
PTHR14744	1155.0	1113.06	0.0	0.0	0.0
PTHR30502	958.0	916.06	1.0	0.77	0.75
PTHR10617	7866.65	7656.96	1586.89	569.36	552.37
PTHR10615	5692.0	5482.33	41.0	18.22	17.68
PTHR13527	1037.0	995.06	1.0	0.71	0.69
PTHR22958	4843.8	4717.98	342.0	100.41	97.41
PTHR22951	1524.0	1440.12	13.0	12.75	12.37
PTHR22950	34109.03	32976.99	131.42	64.59	62.65
PTHR22953	3254.0	3170.12	11.0	4.61	4.48
PTHR22952	12551.59	12299.96	403.0	99.96	96.97
PTHR22957	9988.64	9611.2	64.76	33.26	32.28
PTHR21600	1073.0	1031.06	1.0	0.68	0.66
PTHR24056	8900.0	8522.55	41.0	28.41	27.56
PTHR24054	5023.39	4855.64	146.0	62.74	60.88
PTHR24055	13419.3	12874.13	97.04	52.45	50.91
PTHR24058	6268.0	6058.35	32.0	14.37	13.95
PTHR10766	7943.54	7691.92	226.02	94.63	91.8
PTHR10762	830.0	746.15	0.0	0.0	0.0
PTHR30031	4030.0	3904.21	132.0	29.25	28.38
PTHR12945	379.0	337.08	0.0	0.0	0.0
PTHR12944	822.0	780.06	0.0	0.0	0.0
PTHR23163	645.0	603.06	3.0	3.52	3.41
PTHR24128	5705.0	5453.36	16.0	12.0	11.64
PTHR13096	1094.0	1052.06	8.0	5.35	5.19
PTHR11364	1454.48	1412.55	17.0	8.45	8.2
PTHR11365	2128.0	2002.2	6.0	4.95	4.8
PTHR11361	5541.0	5247.55	23.0	12.61	12.24
PTHR11814	3999.0	3789.38	19.0	15.42	14.97
PTHR10543	6916.0	6538.61	35.0	20.47	19.87
PTHR10540	4552.79	4426.97	83.99	40.94	39.73
PTHR10544	736.0	694.06	219.0	222.72	216.07
PTHR11562	1325.51	1241.64	17.0	18.12	17.57
PTHR11566	9619.0	9367.39	192.0	67.65	65.62
PTHR11567	1922.0	1838.12	6.0	5.03	4.88
PTHR11564	7753.0	7501.36	122.0	50.01	48.51
PTHR11962	2838.0	2670.28	14.0	13.54	13.14
PTHR11963	4652.0	4568.12	75.0	23.36	22.66
PTHR24315	2213.0	2171.06	17.0	5.49	5.33
PTHR10381	8311.56	8059.93	397.0	225.0	218.27
PTHR10383	3745.0	3661.12	51.0	20.72	20.11
PTHR11705	6479.21	6353.39	57.02	17.34	16.82
PTHR11702	12151.0	11815.48	257.0	84.19	81.69
PTHR11700	1490.0	1406.12	2231.98	2525.76	2450.36
PTHR10388	1463.0	1421.06	220.0	108.72	105.48
PTHR11709	9116.18	8948.48	75.0	20.84	20.23
PTHR10145	4488.0	4320.24	12.0	8.15	7.9
PTHR23273	3892.0	3724.24	13.0	11.44	11.11
PTHR23270	2007.0	1839.3	3.0	5.34	5.18
PTHR23050	3131.0	3005.18	183.88	118.59	115.05
PTHR23056	660.0	618.06	5.0	5.72	5.55
PTHR23054	1175.0	1133.06	12.0	7.45	7.22
PTHR11638	14286.86	13951.39	1427.99	464.56	450.67
PTHR31783	6654.0	6570.12	26.0	5.59	5.42
PTHR11632	6606.0	6480.18	111.01	33.97	32.95
PTHR11630	6581.0	6077.87	19.0	26.15	25.37
PTHR11140	5839.93	5714.12	324.0	100.97	97.95
PTHR11141	3116.0	3074.06	103.9	23.67	22.97
PTHR11142	4296.88	4087.27	20.0	12.73	12.36
PTHR11143	1237.0	1153.13	367.74	392.78	381.05
PTHR11380	1035.0	993.06	6.0	4.25	4.13
PTHR11384	5253.5	5044.06	14.0	5.79	5.62
PTHR32477	1187.0	1103.13	3.0	4.14	4.02
PTHR14043	1421.0	1337.14	1.0	0.71	0.68
PTHR32472	418.0	376.07	2.0	3.78	3.67
PTHR31658	354.0	312.08	1.0	2.29	2.22
PTHR14269	3354.0	3228.19	25.0	13.81	13.39
PTHR11276	1792.0	1666.25	1.0	2.74	2.66
PTHR22883	9794.0	9416.54	50.0	29.4	28.52
PTHR23125	38673.12	37624.71	179.0	54.07	52.46
PTHR12050	916.0	874.06	5.0	4.03	3.91
PTHR30603	4515.0	4389.19	91.0	18.63	18.07
PTHR19211	18617.62	17946.7	13110.09	2383.76	2312.59
PTHR23338	2282.0	2198.12	18.0	12.28	11.91
PTHR12608	4002.0	3834.27	23.0	14.72	14.28
PTHR12604	5005.0	4921.12	11.0	3.32	3.21
PTHR12603	1531.0	1447.12	7.0	6.87	6.66
PTHR32091	1431.0	1347.12	20.0	21.21	20.58
PTHR23339	2766.35	2640.53	23.0	16.45	15.95
PTHR32098	2649.21	2481.48	7.0	7.35	7.14
PTHR18763	314.0	272.11	0.0	0.0	0.0
PTHR22726	5281.29	5113.55	86.0	26.22	25.43
PTHR22727	24810.25	24558.62	65.0	16.91	16.41
PTHR12428	5100.0	4890.3	44.88	24.88	24.13
PTHR18968	12443.68	12150.13	256.0	53.29	51.69
PTHR12730	2217.0	2133.13	5.0	3.14	3.05
PTHR12736	3928.0	3844.12	10.0	3.65	3.54
PTHR12735	3836.0	3668.24	37.0	30.16	29.25
PTHR15020	8384.0	8090.43	70.0	42.47	41.18
PTHR12049	2242.0	2116.18	6.0	5.69	5.52
PTHR12558	1248.0	1122.23	0.0	0.0	0.0
PTHR12553	3530.0	3404.18	21.0	11.36	11.02
PTHR24072	1410.0	1368.06	2.0	1.03	1.0
PTHR24073	15893.45	15348.24	439.02	268.4	260.39
PTHR21569	4986.0	4902.12	358.0	216.34	209.88
PTHR21567	448.0	406.07	0.0	0.0	0.0
PTHR13950	465.0	423.07	1.0	1.68	1.63
PTHR12133	1072.0	1030.06	3.0	2.05	1.99
PTHR10972	11860.0	11356.82	47.0	27.83	26.99
PTHR21704	351.0	309.09	0.0	0.0	0.0
PTHR10606	3516.22	3432.35	53.0	23.22	22.53
PTHR13393	1195.0	1111.12	1.0	1.27	1.23
PTHR13395	364.0	322.08	0.0	0.0	0.0
PTHR23130	11827.0	11575.36	64.0	23.14	22.45
PTHR22891	4384.44	4090.99	67.0	50.69	49.18
PTHR22893	3554.0	3470.12	21.0	8.53	8.28
PTHR10778	3667.0	3583.12	28.0	11.27	10.93
PTHR24064	12060.0	11766.44	148.0	34.78	33.74
PTHR24063	23301.18	22630.24	261.89	66.97	64.95
PTHR21011	944.0	902.06	2.0	1.56	1.51
PTHR25040	5628.0	5460.25	50.0	18.41	17.86
PTHR21015	1297.41	1255.47	5.0	2.8	2.71
PTHR24068	4282.0	4156.18	118.19	58.0	56.27
PTHR19980	1729.0	1645.12	3.0	3.4	3.3
PTHR12959	794.0	710.15	1.0	2.06	2.0
PTHR10961	3981.0	3855.2	27.0	15.51	15.05
PTHR11825	4887.0	4677.32	79.33	45.34	43.99
PTHR10809	1643.0	1601.06	27.0	11.84	11.48
PTHR11822	2652.0	2610.06	114.0	30.6	29.69
PTHR10555	8143.0	7891.36	41.0	26.96	26.14
PTHR10806	1988.0	1904.12	13.0	10.14	9.84
PTHR10804	14285.0	13823.69	127.0	54.15	52.53
PTHR11556	5286.0	5076.36	3231.0	1316.49	1277.19
PTHR11006	6527.0	6233.44	29.0	15.0	14.55
PTHR11558	2576.0	2492.12	14.0	7.36	7.13
PTHR13773	4228.0	4144.12	24.0	7.17	6.95
PTHR11953	2810.0	2726.12	7.0	3.94	3.81
PTHR11952	10155.49	9861.92	43.0	20.98	20.36
PTHR11956	1937.0	1853.17	12.0	7.52	7.29
PTHR11959	2282.0	2240.06	11.0	3.44	3.34
PTHR11739	3820.0	3736.12	93.0	30.97	30.04
PTHR11732	23883.02	23044.24	244.35	118.94	115.37
PTHR11731	6251.0	6083.24	26.0	8.02	7.78
PTHR11730	2861.0	2735.23	2.0	1.49	1.44
PTHR11735	2924.0	2840.12	3.0	1.69	1.64
PTHR10394	933.0	891.06	1264.03	999.13	969.31
PTHR20941	2179.73	2137.79	18.0	5.9	5.73
PTHR31065	10315.0	10189.18	107.0	27.42	26.61
PTHR10159	13703.0	13283.62	119.0	42.92	41.64
PTHR31066	1217.0	1175.06	2.0	1.2	1.16
PTHR13604	567.0	525.06	1.0	1.35	1.31
PTHR23264	3288.0	3120.27	13.0	9.26	8.99
PTHR23269	1557.0	1515.06	2.0	0.93	0.9
PTHR31204	830.0	788.06	5.0	4.47	4.34
PTHR31201	4186.0	4102.12	20.0	7.38	7.16
PTHR31209	1551.0	1509.06	1.0	0.47	0.45
PTHR11607	699.0	657.06	2.0	2.15	2.09
PTHR11606	3673.76	3589.89	111.58	45.67	44.3
PTHR23284	2076.0	2034.06	6.0	2.07	2.01
PTHR32467	25936.93	25349.83	324.0	49.89	48.42
PTHR14255	11251.0	10831.65	39.0	14.98	14.54
PTHR23133	1342.0	1300.06	19.0	10.27	9.96
PTHR23135	1617.0	1533.12	7.0	5.77	5.6
PTHR23138	1318.0	1276.06	41.0	22.58	21.9
PTHR23139	12956.58	12537.21	107.0	59.05	57.28
PTHR31682	1512.0	1428.13	47.0	40.8	39.59
PTHR11040	7469.96	7218.35	43.0	18.93	18.37
PTHR11043	2295.0	2211.12	31.0	19.49	18.9
PTHR11042	3740.0	3572.24	11.0	6.53	6.34
PTHR11048	7333.0	7207.18	148.0	57.34	55.62
PTHR15818	1988.0	1946.06	4.0	1.44	1.4
PTHR12636	1015.0	973.06	12.0	8.68	8.42
PTHR14490	1251.0	1125.24	1.0	2.33	2.26
PTHR14493	27706.95	27077.93	310.0	95.74	92.9
PTHR15651	1667.0	1541.24	3.0	2.46	2.39
PTHR12380	1389.18	1305.3	18.0	17.84	17.3
PTHR12385	2339.0	2297.06	78.0	23.8	23.09
PTHR12706	1008.0	882.31	0.0	0.0	0.0
PTHR30573	1854.34	1812.4	43.0	16.64	16.15
PTHR12709	1367.0	1283.12	7.0	7.92	7.69
PTHR19957	5218.96	5051.21	144.0	60.79	58.97
PTHR12561	869.0	827.06	2.0	1.7	1.65
PTHR12560	7301.0	7049.37	31.0	16.29	15.8
PTHR11203	5632.25	5464.5	22.0	10.62	10.3
PTHR12097	3791.0	3707.12	135.9	33.86	32.85
PTHR19842	1427.0	1385.06	9.0	4.56	4.43
PTHR11752	15309.01	14596.24	77.0	46.57	45.17
PTHR21576	5764.93	5513.31	39.0	28.39	27.53
PTHR24193	12410.83	12033.39	147.0	65.22	63.27
PTHR12419	4801.48	4549.98	32.87	20.81	20.19
PTHR30525	1542.0	1500.06	36.0	16.85	16.35
PTHR12413	2129.0	1961.27	0.0	0.0	0.0
PTHR12412	2262.0	2178.12	7.0	4.06	3.93
PTHR13948	1364.38	1280.51	18.0	13.8	13.39
PTHR12146	1328.0	1244.15	526.23	459.12	445.42
PTHR12415	528.0	486.07	0.0	0.0	0.0
PTHR21717	1670.0	1628.06	11.0	4.74	4.6
PTHR21712	2230.0	2146.13	21.0	12.93	12.54
PTHR12897	1197.0	1113.13	2.0	1.92	1.86
PTHR12894	2662.0	2494.26	8.0	9.33	9.04
PTHR12891	1593.0	1551.06	5.0	2.26	2.2
PTHR22976	9730.77	9521.07	135.0	42.44	41.18
PTHR22975	2738.88	2655.0	16.0	8.4	8.15
PTHR22970	463.0	421.07	1.0	1.69	1.64
PTHR14145	2832.0	2748.12	33.0	16.84	16.33
PTHR21377	1896.0	1812.12	16.0	11.08	10.75
PTHR21371	2169.0	2127.06	1210.98	399.15	387.23
PTHR21373	1680.7	1638.76	15.03	6.44	6.24
PTHR22573	12149.0	11855.43	355.99	106.14	102.97
PTHR22572	14932.0	14554.54	505.0	171.14	166.03
PTHR21000	1762.0	1720.06	45.0	18.36	17.81
PTHR10701	1467.0	1425.06	22.0	10.84	10.52
PTHR13161	4573.16	4447.36	30.0	15.1	14.65
PTHR13162	7922.0	7712.3	39.0	10.28	9.97
PTHR13165	2601.73	2559.79	23.0	6.3	6.11
PTHR21396	1176.0	1134.06	3.0	1.86	1.8
PTHR12965	755.0	671.18	0.0	0.0	0.0
PTHR12459	1693.0	1651.06	8.0	3.4	3.3
PTHR13069	2327.0	2201.18	1.0	0.73	0.71
PTHR13068	9392.0	9140.37	38.0	11.15	10.81
PTHR24106	7540.15	7162.72	30.0	22.34	21.68
PTHR24103	3114.0	2988.19	4.0	3.74	3.63
PTHR31606	1450.0	1408.06	20.0	9.98	9.68
PTHR11540	5083.0	4915.25	450.99	188.5	182.88
PTHR10836	5624.0	5498.18	7473.45	2706.9	2626.09
PTHR10835	993.0	909.14	2.0	2.49	2.42
PTHR11545	2644.0	2518.18	1077.0	1123.84	1090.29
PTHR10012	1969.0	1927.06	6.0	2.18	2.12
PTHR13768	3664.12	3580.24	20.0	7.37	7.15
PTHR24078	13593.5	13006.35	72.0	38.13	36.98
PTHR11946	21751.76	21038.84	246.99	92.81	90.04
PTHR11947	3521.0	3395.18	20.0	10.72	10.41
PTHR11941	9370.35	9118.72	50.0	19.71	19.11
PTHR10497	1092.0	1008.14	478.0	542.56	526.36
PTHR10496	1051.0	967.17	337.0	349.8	339.36
PTHR10491	929.0	887.06	0.0	0.0	0.0
PTHR24076	16863.0	16233.92	163.0	76.23	73.97
PTHR24077	12438.74	11977.44	88.0	50.26	48.76
PTHR11728	3992.0	3824.29	29.0	17.19	16.68
PTHR11726	1273.0	1189.15	925.0	955.5	926.97
PTHR11727	1939.5	1813.76	14.0	12.89	12.5
PTHR11721	822.0	780.06	1671.05	1510.45	1465.36
PTHR11722	831.0	789.06	489.12	437.03	423.98
PTHR10120	3413.0	3329.12	23.0	11.08	10.75
PTHR10122	1424.0	1382.06	73.0	37.1	35.99
PTHR11831	1794.0	1668.2	1206.81	2117.08	2053.87
PTHR11835	4477.0	4351.18	115.01	60.7	58.89
PTHR11614	6456.0	6288.24	23.0	10.6	10.28
PTHR11615	7181.0	6971.3	180.0	111.36	108.04
PTHR11618	2174.0	2090.14	22.0	10.51	10.2
PTHR14140	1963.0	1837.19	5.0	5.7	5.53
PTHR32419	5286.0	5160.18	26.0	9.67	9.38
PTHR10231	1244.0	1160.12	2.0	2.44	2.37
PTHR10233	4162.0	3994.25	12.0	7.12	6.92
PTHR20922	3274.63	3190.76	34.0	13.82	13.41
PTHR31503	10626.0	10458.24	186.0	42.03	40.79
PTHR23147	1658.0	1574.13	17.0	15.16	14.7
PTHR10548	4242.75	4033.08	76.0	69.2	67.14
PTHR23140	2643.13	2601.2	19.0	5.12	4.97
PTHR23142	1385.23	1301.36	6.0	7.57	7.35
PTHR23149	2600.74	2474.92	16.0	13.53	13.13
PTHR23148	774.0	732.06	0.0	0.0	0.0
PTHR11817	18455.19	17910.03	218.0	71.2	69.06
PTHR11056	1528.0	1486.06	2.0	0.94	0.92
PTHR11055	4438.78	4271.04	470.63	269.64	261.6
PTHR11363	1559.0	1475.13	1849.02	2246.4	2179.34
PTHR32523	5058.74	4974.86	10.0	3.66	3.55
PTHR31695	1322.77	1280.83	12.0	6.58	6.39
PTHR11819	12219.0	11925.44	159.0	57.4	55.7
PTHR12629	922.0	880.06	11.0	8.8	8.54
PTHR18945	618.0	576.06	1.0	1.23	1.19
PTHR26402	10188.0	9894.48	50.0	17.34	16.81
PTHR19384	9956.59	9621.21	1533.0	699.13	678.27
PTHR12714	3849.0	3681.24	13.0	8.27	8.03
PTHR32251	1573.0	1531.06	6.0	2.75	2.67
PTHR12570	1546.0	1504.06	10.0	4.67	4.53
PTHR21494	363.0	321.08	0.0	0.0	0.0
PTHR21496	5004.94	4795.3	82.86	46.84	45.45
PTHR21493	22863.98	22276.89	132.0	43.58	42.29
PTHR21499	9386.8	9260.99	129.0	33.55	32.55
PTHR21148	4421.0	4253.24	16.0	9.98	9.69
PTHR12083	2468.0	2384.12	7.0	2.87	2.78
PTHR22904	27356.0	26307.53	210.0	108.25	104.99
PTHR13976	6046.0	5878.24	121.03	51.55	50.01
PTHR19852	2028.0	1986.06	12.0	4.24	4.11
PTHR12406	13617.91	13324.34	74.0	23.31	22.6
PTHR16128	2131.0	1963.27	3.0	3.39	3.29
PTHR12400	359.0	317.08	0.0	0.0	0.0
PTHR13572	1328.0	1244.15	0.0	0.0	0.0
PTHR30314	1735.0	1651.13	10.0	6.84	6.63
PTHR12882	1028.0	986.06	6.0	4.28	4.15
PTHR12883	1345.0	1303.06	1.0	0.54	0.52
PTHR16255	2368.0	2284.12	15.0	9.03	8.75
PTHR16254	5520.0	5436.12	62.74	18.9	18.33
PTHR22960	2616.98	2575.05	21.0	5.71	5.54
PTHR13373	813.0	771.06	0.0	0.0	0.0
PTHR22967	1916.0	1832.12	4.0	3.06	2.97
PTHR30222	452.0	410.07	0.0	0.0	0.0
PTHR13115	2207.0	2165.06	6.0	1.94	1.88
PTHR13117	1875.0	1833.06	5.0	1.91	1.86
PTHR12975	1198.0	1072.25	1.0	1.5	1.45
PTHR13285	547.0	505.06	0.0	0.0	0.0
PTHR13288	1115.0	1031.13	4.0	5.78	5.6
PTHR10953	18104.0	17517.03	128.0	47.36	45.95
PTHR21726	888.0	846.06	5.0	4.16	4.04
PTHR10956	353.0	311.08	8.0	18.36	17.81
PTHR11538	4046.0	3920.22	130.3	49.09	47.62
PTHR10826	2601.0	2517.12	22.0	12.23	11.87
PTHR11533	7091.39	6965.58	102.0	20.36	19.75
PTHR11532	3188.0	3104.12	14.0	6.19	6.01
PTHR10971	2371.04	2287.17	11.0	6.45	6.25
PTHR10000	4522.0	4354.24	22.0	13.25	12.85
PTHR13021	1195.0	1153.06	9.0	5.49	5.32
PTHR10108	55605.1	54011.45	458.94	225.33	218.59
PTHR24007	2655.0	2529.21	6.0	3.94	3.81
PTHR24006	17362.02	16523.37	73.0	55.36	53.71
PTHR24003	16244.0	15531.12	56.0	25.72	24.96
PTHR31446	573.0	531.06	2.0	2.67	2.59
PTHR31190	4747.0	4621.18	31.0	14.16	13.74
PTHR11441	1634.0	1592.06	10.0	4.41	4.28
PTHR11440	4071.0	3903.25	15.0	9.15	8.87
PTHR11999	10161.97	9910.35	227.99	63.27	61.39
PTHR11998	4962.0	4794.25	50.0	22.97	22.28
PTHR11449	641.0	599.06	1136.23	1340.82	1300.8
PTHR11994	1312.0	1228.14	3333.0	3677.65	3567.86
PTHR10137	1758.0	1674.12	15.0	12.51	12.14
PTHR10133	3519.0	3393.18	11.0	6.35	6.16
PTHR21649	18766.56	18053.6	118998.76	72675.52	70505.91
PTHR13620	2178.0	2010.32	2.0	1.33	1.29
PTHR11847	989.0	947.06	1706.0	1268.16	1230.3
PTHR11843	1050.0	966.14	1568.68	1974.07	1915.14
PTHR13138	1421.0	1337.13	0.0	0.0	0.0
PTHR11661	3773.0	3647.18	323.0	357.23	346.57
PTHR11662	39311.32	38011.39	187.0	70.26	68.17
PTHR11669	5731.06	5563.31	35.32	16.55	16.05
PTHR11668	14215.53	13754.22	293.0	121.35	117.7
PTHR20856	10913.0	10493.67	69.0	34.99	33.93
PTHR20854	4131.37	3963.61	42.0	29.25	28.38
PTHR20855	5104.0	5020.12	39.0	10.61	10.29
PTHR20852	9304.0	9052.39	814.01	263.86	255.98
PTHR32404	1613.0	1571.06	21.0	9.38	9.1
PTHR20858	3323.0	3197.18	6.0	3.23	3.13
PTHR14898	3484.15	3400.28	22.0	9.26	8.98
PTHR14237	11770.3	11350.95	111.0	41.89	40.66
PTHR14894	1512.0	1428.12	1.0	0.95	0.92
PTHR23155	22651.52	21980.51	76.0	33.43	32.43
PTHR23153	6007.95	5798.26	31.0	21.24	20.6
PTHR23151	10441.0	10021.63	269.0	183.22	177.77
PTHR11063	5036.93	4911.11	44.0	15.59	15.13
PTHR11062	5245.0	5077.24	18.0	9.65	9.37
PTHR11061	5409.04	5157.42	29.0	23.84	23.12
PTHR11065	8191.0	7981.3	65.0	26.97	26.18
PTHR11064	4086.98	3961.17	36.93	19.58	19.0
PTHR11260	16075.68	15530.47	81.0	47.04	45.62
PTHR11264	1407.91	1365.97	8.0	4.11	3.99
PTHR11266	10486.41	10150.9	95.0	42.18	40.93
PTHR13501	2048.0	1964.12	39.0	27.28	26.46
PTHR31998	3616.0	3574.06	376.1	73.67	71.48
PTHR31221	1107.0	1023.17	2.0	1.87	1.81
PTHR15838	1496.0	1370.22	1.0	1.46	1.41
PTHR22836	1453.0	1411.06	5.0	2.49	2.41
PTHR32338	1341.0	1299.06	31.0	16.77	16.27
PTHR31155	2831.12	2705.32	118.0	62.88	60.99
PTHR12363	6357.0	6147.3	20.0	11.7	11.35
PTHR18952	526.0	484.07	1.0	1.46	1.42
PTHR12765	1434.0	1392.06	5.0	2.52	2.45
PTHR12505	1724.0	1640.12	5.0	4.4	4.28
PTHR12506	2999.0	2873.18	10.0	6.46	6.26
PTHR22604	1167.0	1083.13	7.04	10.04	9.74
PTHR21481	990.0	906.14	1.0	1.27	1.23
PTHR11482	10620.0	10326.43	346.19	140.54	136.36
PTHR22778	495.82	454.21	4.0	6.24	6.05
PTHR12169	5355.86	5146.22	54.0	18.07	17.52
PTHR19446	17529.31	17109.99	652.0	298.89	289.98
PTHR12219	971.0	929.06	18.0	13.64	13.23
PTHR13563	2699.0	2615.12	6.0	3.14	3.04
PTHR12210	5185.0	5059.21	80.0	21.93	21.28
PTHR12215	1093.0	1051.06	4.0	2.68	2.6
PTHR12214	1670.0	1586.12	0.0	0.0	0.0
PTHR22915	10646.63	10227.25	70.0	45.13	43.78
PTHR22911	5960.0	5666.45	30.0	16.77	16.27
PTHR22912	17365.84	16820.67	514.27	310.11	300.86
PTHR12183	5204.0	5036.25	37.0	16.19	15.71
PTHR19849	2687.0	2603.12	8.0	4.53	4.4
PTHR22594	12773.0	12395.63	117.0	46.52	45.11
PTHR11864	2709.0	2583.18	10.0	6.59	6.39
PTHR21152	5516.57	5348.83	124.92	66.2	64.22
PTHR21021	969.0	885.14	5.0	7.29	7.08
PTHR19861	1172.0	1130.06	4.0	2.49	2.41
PTHR13102	411.0	369.07	1.0	1.93	1.87
PTHR12984	4209.0	4041.24	7.0	4.0	3.88
PTHR23293	3654.0	3528.2	113.0	32.66	31.7
PTHR13299	1223.0	1139.12	5.0	6.18	6.0
PTHR10925	781.0	739.06	2.0	1.91	1.85
PTHR21737	3989.0	3779.33	62.58	36.35	35.27
PTHR10920	4516.99	4349.24	35.0	21.63	20.98
PTHR10855	3603.0	3519.12	28.0	11.23	10.89
PTHR10585	2065.0	1939.19	40.0	57.66	55.95
PTHR10584	12537.0	12159.54	79.0	38.73	37.57
PTHR11528	5330.0	5204.18	1441.34	674.06	653.94
PTHR11527	9454.04	9244.34	194.0	63.62	61.73
PTHR11525	1226.0	1142.12	9.0	10.06	9.76
PTHR10859	4481.91	4314.15	24.0	12.5	12.13
PTHR10589	2473.0	2347.18	23.0	26.79	25.98
PTHR10588	2108.0	1982.24	3.0	1.55	1.51
PTHR13038	2137.0	2095.06	10.0	3.35	3.25
PTHR13748	10795.0	10291.74	65.0	53.67	52.08
PTHR12126	2865.0	2781.12	33.0	15.32	14.86
PTHR13743	768.0	684.19	0.0	0.0	0.0
PTHR24015	28586.0	27789.29	165.99	48.99	47.54
PTHR24012	30397.55	29516.9	1298.9	460.89	447.14
PTHR24011	41783.16	40567.14	1155.83	323.29	313.62
PTHR31187	11898.0	11562.5	2170.99	522.92	507.31
PTHR21145	856.0	814.06	5.0	4.33	4.2
PTHR13007	917.61	875.68	11.0	8.85	8.58
PTHR11986	13382.14	13004.68	337.0	141.74	137.51
PTHR11455	12160.0	11782.58	186.0	50.51	48.99
PTHR10102	2098.0	1972.18	1.0	1.13	1.09
PTHR11458	1431.0	1389.06	62.0	31.35	30.41
PTHR10106	1455.14	1413.2	21.0	10.44	10.12
PTHR31057	499.0	457.07	2.0	3.1	3.01
PTHR11851	21671.04	20916.2	170.36	76.01	73.74
PTHR23092	5810.0	5474.5	15.0	16.47	15.99
PTHR23091	20636.38	20049.27	239.0	77.78	75.45
PTHR11673	1674.0	1632.06	255.0	109.65	106.38
PTHR11670	5673.0	5505.24	479.0	286.03	277.5
PTHR11671	2566.64	2524.7	39.0	10.82	10.5
PTHR20863	3967.0	3841.18	388.0	306.35	297.21
PTHR20861	1122.0	1080.06	4.0	2.6	2.53
PTHR11679	7847.08	7469.67	31.0	25.41	24.65
PTHR14009	2583.69	2457.89	28.0	21.6	20.95
PTHR10217	11091.0	10587.84	27.0	15.04	14.61
PTHR14005	2782.0	2740.06	112.0	28.64	27.78
PTHR10210	5179.0	5095.12	117.0	30.66	29.75
PTHR31522	1566.0	1524.06	38.0	17.5	16.98
PTHR14221	496.0	454.07	0.0	0.0	0.0
PTHR11079	7033.88	6782.34	84.0	42.54	41.27
PTHR11076	5732.5	5438.97	4.0	3.34	3.24
PTHR11070	3347.62	3179.91	17.0	12.2	11.83
PTHR11071	25755.1	24580.95	711.0	400.24	388.27
PTHR11278	856.0	814.06	724.37	627.18	608.45
PTHR14107	1985.0	1943.06	4.0	1.44	1.4
PTHR11804	12825.0	12447.55	96.0	42.77	41.5
PTHR11274	2190.0	2106.12	13.0	6.73	6.53
PTHR14136	5007.0	4839.24	46.0	26.37	25.59
PTHR31984	3451.0	3367.12	48.0	16.31	15.82
PTHR15350	2448.83	2364.96	24.0	13.62	13.22
PTHR15606	2663.0	2537.18	7.0	6.16	5.97
PTHR12374	3050.92	2967.05	25.0	11.54	11.2
PTHR12375	1733.0	1691.06	11.0	4.56	4.43
PTHR12378	2036.24	1910.44	17.0	14.06	13.64
PTHR18929	10547.0	10169.54	693.79	309.18	299.94
PTHR30535	2368.0	2284.12	12.0	7.58	7.36
PTHR12777	943.0	901.06	13.0	10.16	9.86
PTHR12775	2329.0	2245.12	4.0	2.2	2.13
PTHR12770	5367.0	5157.31	11.0	7.29	7.08
PTHR20981	857.0	815.06	540.0	466.97	453.03
PTHR10438	27403.89	26607.04	576.0	285.87	277.34
PTHR16092	1647.0	1563.12	3.0	2.45	2.38
PTHR11035	2309.0	2225.12	23.0	14.34	13.91
PTHR22298	9134.0	8924.36	687.45	85.72	83.16
PTHR12174	4099.0	3931.3	23.0	11.38	11.05
PTHR12175	2400.0	2316.12	4.0	2.19	2.12
PTHR12176	10941.0	10773.24	76.0	14.4	13.96
PTHR22769	3315.0	3147.29	10.0	8.66	8.41
PTHR22767	4205.0	3995.33	10.0	6.83	6.63
PTHR22765	6975.62	6807.86	116.0	47.85	46.41
PTHR22762	3292.0	3250.06	19.0	4.09	3.97
PTHR22763	1077.15	1035.21	3.0	2.04	1.98
PTHR22761	4008.48	3882.66	84.0	38.72	37.56
PTHR21231	2751.0	2667.12	14.0	7.48	7.26
PTHR21230	1629.29	1545.42	11.0	10.32	10.01
PTHR21234	2415.0	2331.12	15.0	7.71	7.48
PTHR21237	3761.0	3635.18	56.0	34.31	33.3
PTHR12202	976.0	892.14	0.0	0.0	0.0
PTHR12203	4593.28	4383.6	18.0	11.27	10.93
PTHR19857	2177.0	2135.06	12.0	3.94	3.82
PTHR19854	3382.86	3089.41	7.0	8.8	8.53
PTHR19855	1261.0	1219.06	4.0	2.31	2.24
PTHR13353	4049.15	3881.41	80.0	30.83	29.9
PTHR19853	2402.0	2318.12	8.0	4.72	4.59
PTHR12197	9308.0	8804.91	32.0	27.73	26.88
PTHR19858	2245.0	2119.18	7.0	6.82	6.62
PTHR13822	1149.0	1107.06	29.0	18.42	17.87
PTHR10344	1103.0	1019.14	4.0	6.21	6.02
PTHR10732	729.0	687.06	605.0	621.61	603.05
PTHR10738	1662.0	1578.14	1.0	0.56	0.54
PTHR10739	2735.0	2651.12	21.0	10.81	10.49
PTHR22846	1685.0	1559.24	4.0	4.17	4.06
PTHR12992	888.0	846.06	0.0	0.0	0.0
PTHR22838	2212.0	2086.21	4.0	3.18	3.08
PTHR11588	4093.76	3800.28	1586.0	1014.63	984.34
PTHR11934	2149.0	2065.12	91.0	68.26	66.22
PTHR10938	1457.0	1415.06	9.0	4.47	4.33
PTHR10934	735.0	693.06	723.97	737.35	715.34
PTHR11510	2171.0	2129.06	57.0	18.77	18.21
PTHR11516	4458.94	4333.12	288.26	150.85	146.34
PTHR10025	4159.0	4033.19	20.0	6.65	6.46
PTHR10026	6464.56	6212.93	47.0	28.76	27.91
PTHR13009	3132.0	3006.19	11.0	7.47	7.25
PTHR30115	1095.0	1053.06	23.0	15.36	14.91
PTHR10598	2087.0	2045.06	25.0	8.57	8.32
PTHR17901	479.0	437.07	0.0	0.0	0.0
PTHR24351	4483.0	4399.12	58.0	17.92	17.38
PTHR20982	1390.0	1348.06	32.0	16.67	16.18
PTHR24352	3426.81	3342.93	207.0	94.23	91.41
PTHR11467	1855.0	1813.06	93.0	35.98	34.91
PTHR10119	7567.0	7315.37	67.17	32.24	31.27
PTHR10114	417.0	375.07	153.0	290.23	281.57
PTHR10110	11257.0	10837.62	29.0	21.7	21.06
PTHR11469	2241.0	2199.06	216.0	68.86	66.8
PTHR10445	1111.0	1069.06	24.0	15.79	15.32
PTHR11863	2700.0	2616.12	10.0	3.37	3.27
PTHR24286	13709.0	13415.42	237.0	65.48	63.52
PTHR23429	4580.0	4496.12	50.0	15.57	15.1
PTHR23426	1201.0	1159.06	16.0	9.71	9.42
PTHR10593	2424.0	2214.38	9.0	15.27	14.82
