GeneFamily	length	effective_length	expected_count	TPM	FPKM
PTHR11649	9774.53	9196.63	5210.94	272.74	276.0
PTHR31089	487.0	434.47	118.0	14.83	15.0
PTHR31085	2585.0	2427.38	1335.23	87.59	88.63
PTHR11647	1594.0	1541.46	713.0	25.03	25.33
PTHR11645	551.0	498.46	490.0	53.58	54.23
PTHR11880	1204.0	1098.92	15937.18	1540.47	1558.88
PTHR11885	1070.0	1017.46	9816.27	523.12	529.37
PTHR10209	3636.0	3478.38	442.0	19.43	19.66
PTHR32429	3342.0	3131.9	26635.84	1026.86	1039.14
PTHR12403	2168.92	2063.84	1175.09	56.77	57.45
PTHR31423	4228.0	4122.92	3694.01	64.1	64.86
PTHR31551	417.0	364.48	151.0	22.66	22.93
PTHR32195	2769.0	2611.38	602.05	24.03	24.31
PTHR11081	5554.0	5291.31	1418.97	80.19	81.14
PTHR11080	2213.59	2108.51	1688.0	72.88	73.75
PTHR11082	5759.0	5443.87	861.0	49.49	50.08
PTHR11085	4864.81	4602.1	7712.06	355.07	359.32
PTHR11089	8557.36	8084.52	3933.33	207.97	210.45
PTHR32518	3100.0	2994.92	1372.99	45.22	45.76
PTHR11247	1447.0	1394.46	2511.41	97.51	98.68
PTHR32512	811.0	705.98	187.0	28.75	29.09
PTHR23088	6341.0	6078.3	3587.01	159.15	161.06
PTHR23089	1470.0	1364.92	1591.0	123.05	124.52
PTHR23081	5347.01	4979.25	1254.0	69.08	69.9
PTHR23083	23816.85	22713.51	5065.73	253.48	256.5
PTHR23084	5600.0	5337.3	4339.0	124.12	125.6
PTHR23086	3422.0	3159.54	415.0	32.16	32.54
PTHR18806	1385.0	1279.93	161.0	11.96	12.1
PTHR31953	4840.15	4629.99	7222.73	182.24	184.42
PTHR15184	10465.72	10097.94	24747.12	742.0	750.89
PTHR15341	530.0	477.46	79.0	9.02	9.13
PTHR32357	543.0	490.46	178.0	19.79	20.02
PTHR15169	1588.0	1482.92	131.06	9.88	10.0
PTHR12341	8365.13	7997.35	1877.0	90.41	91.49
PTHR15160	4317.52	4159.9	2463.63	141.7	143.39
PTHR18937	9319.92	8847.09	3709.0	165.88	167.85
PTHR18934	18091.08	17040.48	9831.79	367.85	372.24
PTHR12742	2132.9	2027.82	981.83	52.2	52.82
PTHR12741	731.0	678.46	817.0	65.46	66.25
PTHR19288	5147.0	4831.79	6515.97	252.84	255.87
PTHR12975	3436.0	3173.34	193.0	16.25	16.44
PTHR13902	2841.03	2630.88	2064.0	152.18	154.0
PTHR13903	882.21	829.67	561.0	36.71	37.15
PTHR22753	4360.0	4149.84	175.0	9.19	9.29
PTHR30615	684.0	631.46	114.0	9.82	9.94
PTHR22939	14653.53	13970.52	3751.4	171.8	173.85
PTHR22938	3664.0	3453.89	701.88	34.49	34.89
PTHR16266	2709.0	2551.38	327.0	22.34	22.6
PTHR30612	6003.0	5845.38	2364.99	54.33	54.97
PTHR22932	636.67	584.13	1195.24	111.37	112.7
PTHR21228	51467.26	48262.99	22049.9	1052.49	1065.11
PTHR13343	5405.0	5089.78	3740.1	200.97	203.38
PTHR12233	2608.0	2555.46	1104.49	23.36	23.64
PTHR22936	3556.23	3398.61	1146.9	38.08	38.53
PTHR10993	1412.0	1306.93	239.0	17.59	17.8
PTHR31038	784.94	732.58	96.0	7.12	7.2
PTHR13832	25750.72	24227.4	16589.41	940.56	951.81
PTHR21139	1413.59	1361.05	3214.02	127.86	129.39
PTHR21136	4641.86	4431.7	6834.2	329.41	333.35
PTHR12526	38607.83	37189.29	39689.38	1050.65	1063.19
PTHR13124	565.0	512.46	66.0	7.02	7.1
PTHR13120	548.0	495.46	229.65	25.27	25.57
PTHR22809	1551.0	1445.92	100.0	6.63	6.72
PTHR22807	6403.0	5877.75	536.0	40.67	41.14
PTHR20661	269.87	217.94	38.0	9.61	9.73
PTHR10900	16894.32	16159.76	31297.19	1174.86	1188.9
PTHR10906	3444.0	3338.92	9154.4	323.23	327.1
PTHR10909	18573.0	17889.99	16573.01	640.35	647.99
PTHR10055	2370.94	2265.86	823.0	40.74	41.23
PTHR10057	2476.91	2319.84	5457.5	343.62	347.72
PTHR10052	736.0	683.46	23988.5	1907.95	1930.76
PTHR13017	981.0	928.46	374.0	21.85	22.11
PTHR13018	15041.82	14464.01	8903.84	195.88	198.25
PTHR10694	2304.89	2147.36	5750.61	248.84	251.82
PTHR12839	2325.47	2115.4	184.0	15.7	15.88
PTHR10954	979.0	926.46	31.0	1.82	1.84
PTHR12835	2032.0	1926.92	154.0	8.44	8.54
PTHR24031	51789.3	48900.77	62094.33	2560.28	2590.93
PTHR24032	1032.0	979.46	62.0	3.43	3.47
PTHR24349	42349.81	40143.63	36028.75	1600.58	1619.71
PTHR24619	1968.0	1862.92	283.0	12.53	12.68
PTHR24343	15251.02	14305.53	20013.95	745.65	754.54
PTHR11472	5802.35	5539.68	725.0	24.69	24.99
PTHR24347	7007.94	6535.41	2319.99	130.42	131.96
PTHR11476	4764.0	4606.38	5176.23	125.96	127.48
PTHR11477	1107.0	1001.95	237.0	22.26	22.53
PTHR10438	16402.0	15561.36	32532.32	2155.51	2181.28
PTHR10476	2397.0	2239.43	2488.06	172.28	174.34
PTHR11538	3173.0	3067.92	1984.99	70.69	71.54
PTHR24290	2243.76	2086.14	412.0	28.32	28.66
PTHR12730	2753.0	2595.38	554.0	34.61	35.02
PTHR23413	849.0	744.1	18264.4	2026.6	2050.82
PTHR23417	4590.49	4432.89	602.0	21.96	22.23
PTHR23416	5082.0	4819.3	3549.91	168.84	170.86
PTHR23415	1631.0	1525.92	2647.0	164.69	166.66
PTHR12736	1542.1	1489.56	718.1	26.09	26.41
PTHR10871	4428.0	4217.84	28510.08	2413.29	2442.14
PTHR23418	744.0	691.46	1748.0	137.41	139.05
PTHR10877	6322.58	5902.38	858.0	50.28	50.88
PTHR31096	5322.02	4901.75	10677.05	674.1	682.14
PTHR11655	2081.0	1923.38	45523.58	3610.64	3653.81
PTHR11652	2290.97	2080.98	27785.77	2301.7	2329.23
PTHR20883	3299.0	3193.92	1080.0	39.39	39.86
PTHR11895	8413.86	7941.03	2216.56	114.7	116.05
PTHR10277	3245.0	3139.92	3911.01	122.56	124.03
PTHR14027	2837.0	2626.89	690.0	51.66	52.29
PTHR13691	1141.52	1036.44	345.0	35.16	35.58
PTHR11246	5887.0	5676.84	2041.02	78.05	78.98
PTHR23180	6955.0	6429.65	3435.98	225.6	228.29
PTHR14593	2681.0	2418.38	237.0	27.66	27.98
PTHR11093	3316.0	3210.92	2591.13	85.58	86.61
PTHR11096	2734.0	2628.92	220.0	9.08	9.2
PTHR23346	7911.0	7753.38	1480.01	26.18	26.49
PTHR10309	1233.0	1180.46	98.0	4.5	4.55
PTHR14107	2201.67	2044.15	667.01	41.09	41.58
PTHR11252	4512.0	4301.84	493.0	23.02	23.3
PTHR11254	13706.13	13075.76	6708.05	288.49	291.96
PTHR11255	2621.26	2516.17	2729.98	115.46	116.84
PTHR14110	1682.0	1576.92	462.0	32.47	32.87
PTHR14374	1423.0	1370.46	401.0	15.84	16.03
PTHR18838	2224.0	2066.43	546.0	37.21	37.65
PTHR14534	663.0	610.46	166.0	14.8	14.97
PTHR12687	1197.0	1144.46	155.0	7.34	7.43
PTHR15157	4479.42	4269.32	1322.21	63.85	64.61
PTHR18901	9321.52	8848.66	4316.6	197.34	199.68
PTHR12755	1586.81	1481.9	527.0	25.5	25.8
PTHR12750	5422.24	4949.68	2255.13	157.25	159.14
PTHR12753	1329.0	1276.46	322.0	13.66	13.83
PTHR15081	883.0	777.95	51.0	7.11	7.2
PTHR15574	8938.25	8413.01	1701.0	98.79	99.98
PTHR12506	2739.05	2581.42	2474.27	113.15	114.49
PTHR24006	19876.52	18720.97	7931.09	366.1	370.46
PTHR12358	305.0	252.64	4.0	0.87	0.88
PTHR22748	3902.71	3640.01	824.0	57.64	58.33
PTHR12356	1639.57	1534.49	921.98	56.24	56.91
PTHR12221	1276.0	1223.46	523.0	23.16	23.43
PTHR21213	860.0	807.46	1254.01	84.32	85.33
PTHR19879	2243.84	2033.79	506.0	46.98	47.55
PTHR12226	1034.0	981.46	569.0	31.44	31.82
PTHR19876	3658.3	3553.23	5287.24	143.72	145.44
PTHR19877	1376.0	1323.46	1524.62	62.38	63.13
PTHR31190	1625.9	1520.86	1637.97	120.44	121.87
PTHR12538	515.0	462.46	17331.95	2044.47	2068.91
PTHR12537	2209.0	2103.92	1144.0	56.62	57.3
PTHR12532	1801.0	1748.46	305.0	9.44	9.55
PTHR13486	1254.0	1201.46	906.0	40.85	41.34
PTHR20275	3952.84	3742.75	2976.91	143.18	144.89
PTHR13489	498.0	445.46	27.0	3.31	3.35
PTHR17583	2530.0	2372.39	502.0	37.35	37.79
PTHR24198	12592.59	11909.7	2950.73	150.92	152.74
PTHR10048	4729.29	4466.58	2920.0	168.36	170.37
PTHR10046	3072.0	2861.84	412.0	30.49	30.85
PTHR10044	964.0	911.46	497.83	29.63	29.99
PTHR11998	5146.94	4884.25	3767.44	191.08	193.35
PTHR13060	846.0	793.46	31.0	2.12	2.15
PTHR10687	1801.0	1695.92	1051.0	78.6	79.53
PTHR13069	3213.08	3002.92	374.0	25.05	25.34
PTHR10681	4108.73	3846.13	15406.26	869.45	879.84
PTHR10682	1573.89	1521.36	954.0	33.94	34.35
PTHR10683	4713.21	4555.59	19509.75	608.87	616.14
PTHR12829	1579.0	1421.55	363.0	29.48	29.82
PTHR12820	2704.0	2546.39	882.0	48.1	48.67
PTHR12826	1011.0	958.46	436.0	24.67	24.97
PTHR12827	2097.0	1887.01	91.0	11.15	11.29
PTHR17920	1717.0	1612.06	1162.85	51.13	51.74
PTHR10137	1736.0	1683.46	1783.49	57.32	58.01
PTHR11405	3280.58	3175.5	11056.99	332.73	336.71
PTHR11404	2916.22	2811.13	22115.38	1087.4	1100.4
PTHR11406	2397.0	2291.92	57782.85	2006.97	2030.97
PTHR14744	922.0	869.46	73.0	4.56	4.61
PTHR13468	1453.14	1400.6	298.9	11.55	11.69
PTHR23406	9851.58	9536.39	10241.35	289.56	293.02
PTHR23407	1336.91	1284.36	208.0	8.77	8.88
PTHR10869	11490.81	11070.48	7235.53	262.91	266.05
PTHR31717	488.4	435.87	796.0	99.69	100.88
PTHR13393	1238.0	1132.92	273.0	25.98	26.3
PTHR12696	3433.74	3276.12	5547.86	373.86	378.33
PTHR11315	4013.13	3802.96	1199.03	67.32	68.12
PTHR10139	1636.0	1530.95	114.0	7.2	7.3
PTHR10264	3873.35	3715.73	11953.81	486.65	492.46
PTHR10263	1585.0	1479.92	4398.2	307.19	310.86
PTHR31155	1099.55	994.49	116.12	11.08	11.2
PTHR32170	2952.0	2794.38	471.0	26.93	27.23
PTHR23350	1745.0	1639.92	191.0	12.18	12.32
PTHR23354	2582.0	2424.38	780.18	47.33	47.9
PTHR23355	5577.32	5314.62	2189.0	111.63	112.97
PTHR23359	7296.4	6929.0	3163.99	157.01	158.89
PTHR11227	2874.0	2768.92	741.0	35.37	35.79
PTHR11220	6765.0	6449.76	4657.0	198.7	201.07
PTHR11223	4321.0	4163.38	972.0	38.01	38.45
PTHR11229	2494.85	2389.77	2651.02	134.62	136.24
PTHR10314	17214.05	16531.03	38055.14	1346.36	1362.47
PTHR14303	650.0	597.46	461.0	41.99	42.49
PTHR23308	4409.0	4093.83	1726.0	114.07	115.43
PTHR11139	23408.87	22305.87	6282.33	237.14	239.96
PTHR15362	1242.0	1136.92	46.0	4.36	4.42
PTHR11132	17934.65	17094.11	5684.37	228.67	231.41
PTHR11134	3945.0	3839.92	2993.31	83.62	84.62
PTHR11136	2162.7	2057.62	328.44	17.07	17.28
PTHR32374	1866.0	1708.39	176.0	17.05	17.27
PTHR31579	5735.77	5210.46	3729.1	337.35	341.36
PTHR32379	1031.0	978.46	187.0	10.36	10.49
PTHR18919	1585.0	1479.92	786.0	41.65	42.15
PTHR32002	1322.91	1217.83	595.16	47.4	47.96
PTHR14413	1228.0	1122.92	1588.0	132.07	133.65
PTHR22891	1949.92	1792.33	444.0	37.18	37.63
PTHR22893	1703.0	1650.46	340.0	11.15	11.28
PTHR10778	3519.81	3362.21	5428.0	243.99	246.91
PTHR10072	4858.91	4648.75	4475.0	200.81	203.21
PTHR12786	3016.75	2911.67	2790.0	101.64	102.86
PTHR12782	1345.0	1239.92	286.0	24.75	25.05
PTHR11214	1255.0	1202.46	233.0	10.5	10.62
PTHR24063	28195.4	27144.66	27757.85	709.25	717.76
PTHR10182	1141.0	1088.46	816.61	40.66	41.15
PTHR13923	3267.0	3056.84	2098.94	150.85	152.65
PTHR12321	2839.0	2733.92	2324.85	108.41	109.71
PTHR12320	5577.78	5210.12	3429.04	242.43	245.32
PTHR12323	1120.0	1014.97	185.48	21.82	22.09
PTHR16201	1857.0	1751.92	498.0	34.34	34.74
PTHR21015	1332.0	1279.46	765.0	32.38	32.77
PTHR16196	1027.0	921.95	583.0	65.04	65.82
PTHR16193	899.0	846.46	80.0	5.13	5.19
PTHR22792	2546.77	2336.78	2023.72	165.73	167.7
PTHR22790	1999.0	1893.92	163.0	9.23	9.34
PTHR21680	1520.0	1467.46	1464.0	54.0	54.65
PTHR21689	664.0	611.46	53.0	4.72	4.77
PTHR21113	2860.63	2703.01	632.0	36.28	36.71
PTHR19316	693.0	588.09	119.0	22.98	23.25
PTHR21663	2353.0	2195.39	143.0	10.51	10.64
PTHR13253	5472.0	5104.22	2230.0	167.59	169.6
PTHR22603	1856.0	1698.45	225.0	18.1	18.32
PTHR21206	840.0	787.46	63.0	4.34	4.4
PTHR13789	12075.41	11392.6	14336.81	425.69	430.77
PTHR10071	2067.41	1857.27	387.0	47.62	48.21
PTHR24188	5175.0	5017.38	2793.48	64.69	65.45
PTHR13780	5608.47	5240.7	7231.39	416.11	421.08
PTHR10670	6519.0	6203.77	393.0	19.6	19.82
PTHR10677	1550.0	1444.92	2148.66	155.52	157.39
PTHR13078	1987.13	1882.08	158.0	11.64	11.79
PTHR12815	5437.93	5227.78	4106.01	146.3	148.05
PTHR12814	1397.0	1291.92	795.0	67.58	68.39
PTHR24361	9478.48	9058.18	7956.76	300.61	304.2
PTHR24362	7439.75	6966.93	14138.71	557.51	564.15
PTHR10416	1700.5	1543.15	177.0	16.47	16.68
PTHR10410	4005.0	3847.38	2350.91	102.56	103.77
PTHR10783	6882.24	6462.08	53077.67	1559.79	1578.42
PTHR10782	1177.0	1124.46	209.0	10.07	10.19
PTHR13476	2482.29	2377.3	921.0	36.05	36.47
PTHR10788	8130.27	7867.57	8740.82	299.97	303.57
PTHR10891	8218.54	7745.69	22480.99	1219.22	1233.8
PTHR10890	2461.0	2355.92	854.68	35.3	35.72
PTHR20426	1014.85	962.31	352.0	19.84	20.08
PTHR23213	2645.0	2434.84	573.0	51.4	52.01
PTHR10520	4945.0	4787.38	5616.99	140.76	142.43
PTHR10250	1465.0	1359.92	10184.89	810.72	820.41
PTHR10527	11460.12	11092.34	7395.45	200.66	203.06
PTHR10099	5006.0	4953.46	8439.93	91.98	93.08
PTHR31385	5157.93	4947.77	9885.09	282.45	285.82
PTHR10091	1342.0	1289.46	336.0	14.11	14.28
PTHR31142	1664.0	1611.46	2164.01	72.67	73.54
PTHR31140	546.8	494.26	207.0	22.83	23.1
PTHR11787	2913.41	2808.33	2075.0	65.11	65.88
PTHR11785	13456.0	13140.76	12832.69	265.53	268.69
PTHR11782	6514.31	6146.59	2419.32	103.52	104.76
PTHR31419	711.0	658.46	48.0	3.96	4.01
PTHR11780	1981.0	1928.46	6735.17	188.88	191.14
PTHR23151	7235.54	6710.23	9079.98	621.78	629.24
PTHR21141	2987.0	2724.51	70427.71	8044.24	8140.41
PTHR32148	4316.89	4054.27	2738.15	129.81	131.36
PTHR23324	5970.91	5760.75	3812.73	130.14	131.69
PTHR23326	3334.0	3176.38	4448.21	241.75	244.63
PTHR23321	830.0	777.46	202.0	14.11	14.28
PTHR23323	4375.06	4059.93	1414.0	103.77	105.03
PTHR23322	3424.0	3161.34	1904.0	187.77	190.03
PTHR23329	1769.0	1611.4	197.0	19.68	19.91
PTHR11236	2754.73	2597.11	1067.0	57.54	58.23
PTHR20932	3652.0	3494.38	1848.0	68.47	69.28
PTHR10322	9830.0	9357.15	1237.0	64.93	65.7
PTHR11239	963.0	857.96	370.0	45.29	45.83
PTHR10555	6846.0	6530.76	2858.69	113.61	114.95
PTHR31964	10084.06	9716.28	15024.27	702.3	710.7
PTHR23030	3803.65	3698.57	8861.42	245.89	248.84
PTHR11129	2260.78	2103.28	1086.0	79.48	80.43
PTHR11122	5158.19	4948.03	4107.73	162.42	164.37
PTHR15316	2419.0	2208.84	2006.0	200.46	202.86
PTHR11127	581.0	528.46	22875.24	2358.2	2386.39
PTHR11125	2229.0	2123.92	622.0	24.91	25.22
PTHR31566	1674.0	1621.46	512.72	17.11	17.32
PTHR31567	1245.0	1192.46	5944.91	270.1	273.33
PTHR31561	8917.82	8287.93	7344.15	259.52	262.63
PTHR15137	496.0	443.46	63.0	7.75	7.85
PTHR15954	898.0	793.02	164.0	22.01	22.28
PTHR15952	3943.0	3680.32	772.0	50.23	50.84
PTHR21597	2302.0	2196.92	427.0	21.7	21.96
PTHR19271	3868.61	3710.99	305.01	11.67	11.81
PTHR22931	14056.16	13426.27	137866.93	2503.31	2533.24
PTHR11361	15298.53	14563.21	1596.0	58.49	59.15
PTHR12029	4452.0	4031.82	509.0	43.08	43.59
PTHR21220	1363.0	1310.46	833.99	34.47	34.88
PTHR31588	1710.63	1605.58	2143.94	147.2	148.96
PTHR22780	2657.0	2551.93	1497.73	50.5	51.11
PTHR21477	1649.59	1544.51	494.53	30.89	31.26
PTHR19308	3253.0	3095.38	7410.32	330.52	334.47
PTHR19306	3682.0	3576.92	772.78	23.56	23.85
PTHR16301	2175.0	2017.39	112.0	7.48	7.56
PTHR13265	1136.0	1083.46	150.0	7.5	7.59
PTHR22870	25963.64	24808.06	20704.78	961.77	973.29
PTHR17630	6920.72	6710.56	2187.0	55.58	56.24
PTHR10064	574.07	521.56	24695.44	2579.74	2610.57
PTHR10066	10986.0	10618.22	14299.47	282.76	286.13
PTHR10060	2186.0	1975.87	348.99	37.02	37.46
PTHR10663	14139.0	13403.54	3798.41	193.88	196.18
PTHR10666	1784.0	1626.39	48159.28	4261.39	4312.33
PTHR10668	9890.23	9312.32	3588.02	223.63	226.28
PTHR12801	2884.97	2674.82	781.49	58.58	59.28
PTHR12802	4217.0	4006.84	565.79	26.33	26.65
PTHR12805	1234.0	1128.93	189.0	17.74	17.95
PTHR12806	1024.0	971.46	247.0	13.79	13.95
PTHR21091	7674.6	7306.82	2491.85	102.8	104.04
PTHR21090	1816.0	1763.46	3081.02	94.51	95.64
PTHR12281	2328.0	2222.92	571.0	26.64	26.96
PTHR13734	3010.0	2852.39	1295.0	77.75	78.69
PTHR24315	953.0	900.46	2231.0	134.43	136.04
PTHR24314	2269.99	2060.33	1116.15	86.3	87.32
PTHR11933	1687.0	1529.38	179.0	18.23	18.45
PTHR24316	4831.33	4568.71	2487.11	120.22	121.66
PTHR11426	1962.0	1856.92	2352.0	138.29	139.94
PTHR11937	8765.12	8239.84	28460.38	2279.76	2307.03
PTHR11938	17882.0	17461.68	36832.33	565.66	572.42
PTHR13683	8372.67	7847.39	5688.35	411.71	416.63
PTHR24089	39252.95	36941.97	78630.69	3538.63	3580.91
PTHR10796	4195.0	4037.39	958.0	41.72	42.22
PTHR10794	3642.45	3484.83	949.0	48.18	48.77
PTHR10795	14549.16	13918.86	8787.89	288.5	291.97
PTHR10792	586.0	533.46	18413.31	1880.26	1902.74
PTHR10799	57075.25	53923.84	15189.16	633.78	641.35
PTHR10882	866.0	813.46	200.0	13.35	13.51
PTHR10887	18541.22	17280.6	4302.0	234.64	237.43
PTHR11686	2019.0	1861.38	263.81	23.98	24.28
PTHR11685	4591.45	4381.44	969.0	46.02	46.57
PTHR11680	3395.0	3184.88	16054.75	582.23	589.2
PTHR24221	18520.25	17837.26	5147.02	194.15	196.49
PTHR24220	7122.0	6806.76	7070.19	267.92	271.12
PTHR24223	28116.21	27117.95	204945.02	4934.59	4993.57
PTHR11689	11130.0	10709.68	4547.0	177.34	179.47
PTHR10252	2051.0	1840.89	321.0	35.04	35.47
PTHR10537	1738.0	1685.46	119.0	3.82	3.87
PTHR31173	3687.0	3476.95	673.0	32.05	32.44
PTHR10997	12342.0	11974.22	2740.03	76.3	77.2
PTHR31606	644.0	591.46	254.0	23.37	23.65
PTHR31356	2765.0	2659.92	17367.81	735.75	744.55
PTHR31352	7223.8	6908.59	7356.09	243.87	246.78
PTHR31350	3617.0	3459.38	419.0	21.54	21.81
PTHR11758	623.0	570.46	20942.72	1998.62	2022.51
PTHR23333	1227.0	1174.46	934.0	43.09	43.6
PTHR11203	4393.15	4183.0	2422.81	90.24	91.33
PTHR11753	2396.0	2238.38	2165.96	152.22	154.03
PTHR11200	14090.69	13460.44	4884.08	176.22	178.32
PTHR24423	5523.58	5313.42	2025.22	83.14	84.13
PTHR11206	14537.92	13803.36	2815.96	97.81	99.0
PTHR11757	9145.0	8724.72	3538.19	81.34	82.33
PTHR24420	51054.92	49426.63	16438.35	495.28	501.22
PTHR10332	5800.0	5589.85	3353.0	98.24	99.41
PTHR32557	992.0	939.46	755.07	43.6	44.12
PTHR14145	2949.0	2843.92	3619.06	134.42	136.03
PTHR13600	4619.09	4356.43	1297.0	66.72	67.52
PTHR31384	1950.95	1845.87	291.0	16.36	16.55
PTHR15744	1372.75	1267.67	300.0	27.07	27.39
PTHR23029	7655.07	7339.88	7937.19	237.49	240.32
PTHR23023	3139.0	2876.33	295.99	23.87	24.16
PTHR21294	1602.0	1549.46	2756.97	96.3	97.45
PTHR11119	2835.0	2677.39	162.0	8.68	8.78
PTHR31595	3866.06	3603.37	1227.0	66.16	66.95
PTHR31596	1813.0	1760.46	276.0	8.48	8.58
PTHR21290	916.0	863.46	94.0	5.91	5.98
PTHR15948	1348.0	1242.93	222.0	20.79	21.04
PTHR31412	3794.0	3688.92	3143.95	88.62	89.67
PTHR32026	1319.0	1266.46	1167.0	49.91	50.51
PTHR31829	1129.0	1076.46	6602.36	332.46	336.44
PTHR14898	1434.85	1382.31	531.06	20.8	21.05
PTHR19241	37337.18	35236.11	14489.2	720.66	729.25
PTHR15239	3396.36	3186.23	794.05	46.61	47.15
PTHR19854	4054.76	3844.6	4008.1	176.3	178.41
PTHR32497	3914.0	3756.38	2517.0	127.78	129.29
PTHR12497	2185.0	1974.85	251.0	27.43	27.76
PTHR12302	1543.0	1490.46	7845.15	284.91	288.31
PTHR12652	2228.0	2175.46	2672.28	66.41	67.2
PTHR12304	1193.0	1140.46	77.0	3.66	3.7
PTHR30540	2168.0	2062.93	138.0	6.94	7.02
PTHR30544	4652.57	4389.87	927.0	56.43	57.08
PTHR13302	2405.0	2194.93	448.0	37.67	38.12
PTHR12472	1222.0	1116.97	105.0	9.54	9.64
PTHR13308	978.0	925.46	6658.64	390.32	394.99
PTHR12477	2565.02	2407.43	633.0	33.92	34.32
PTHR13878	9508.01	8982.63	2227.87	74.77	75.68
PTHR21461	3876.0	3718.38	1666.0	62.02	62.76
PTHR13872	5620.62	5253.0	13761.99	1366.46	1382.81
PTHR23327	3973.0	3710.31	2928.0	168.7	170.73
PTHR22849	5043.15	4675.38	2667.2	190.91	193.18
PTHR21314	1027.0	974.46	389.0	21.65	21.91
PTHR13271	17676.58	16678.96	9109.99	484.78	490.6
PTHR22841	3878.0	3615.36	959.0	56.8	57.48
PTHR13273	1056.0	1003.46	1845.0	99.7	100.89
PTHR22847	21887.54	20731.85	7446.2	378.86	383.39
PTHR22846	2370.0	2264.92	1121.96	53.6	54.24
PTHR22844	9563.0	9142.73	3854.91	173.24	175.32
PTHR13890	4657.76	4289.99	2446.99	210.6	213.11
PTHR23284	1406.0	1353.46	155.0	6.2	6.28
PTHR21266	14934.57	14199.17	13946.27	427.56	432.7
PTHR12271	2724.0	2618.92	557.99	21.22	21.47
PTHR21262	5467.0	5099.24	4969.81	258.56	261.65
PTHR12276	1078.0	973.02	419.0	33.72	34.13
PTHR10657	1538.0	1380.41	754.02	89.74	90.81
PTHR16557	348.0	295.54	10.0	1.86	1.88
PTHR10655	414.0	361.48	6.0	0.91	0.92
PTHR10652	1290.0	1184.92	502.98	45.02	45.56
PTHR17972	3439.14	3229.0	555.0	37.45	37.89
PTHR21085	1224.0	1171.46	783.0	36.22	36.65
PTHR11922	4524.0	4313.84	5148.0	208.36	210.84
PTHR11926	6338.68	6023.52	1636.0	65.46	66.25
PTHR11431	1989.85	1937.31	6753.07	188.52	190.77
PTHR10430	3791.56	3581.41	10250.47	494.65	500.57
PTHR10436	5501.0	5028.48	838.0	69.29	70.12
PTHR10434	1159.0	1106.46	95.0	4.65	4.71
PTHR24096	19276.69	18331.09	13796.41	569.87	576.68
PTHR13693	6130.0	5867.3	2070.0	79.05	79.97
PTHR24095	11443.21	10917.92	56537.76	1172.56	1186.57
PTHR24092	9939.6	9519.31	3047.0	137.61	139.25
PTHR24093	54137.9	51249.25	79241.73	2992.18	3027.94
PTHR13451	1609.0	1556.46	193.0	6.71	6.79
PTHR13452	1004.0	898.94	388.0	42.53	43.03
PTHR10759	583.0	530.46	15756.32	1618.13	1637.48
PTHR12901	784.0	731.46	591.0	43.9	44.42
PTHR12903	660.0	607.46	153.0	13.7	13.87
PTHR23237	935.0	882.46	624.0	38.37	38.83
PTHR10501	619.0	566.46	333.0	32.01	32.39
PTHR31169	663.0	610.46	18.0	1.6	1.62
PTHR12277	3411.0	3253.38	1099.0	55.42	56.09
PTHR14087	510.0	457.46	57.0	6.8	6.88
PTHR23309	3633.0	3527.92	11091.83	326.95	330.85
PTHR14085	1918.0	1865.46	330.0	9.57	9.68
PTHR31344	2287.3	2182.22	360.0	21.07	21.33
PTHR31619	1937.0	1884.46	7925.0	227.45	230.17
PTHR23306	1209.0	1103.92	338.01	30.8	31.17
PTHR23305	2079.03	1973.95	6931.93	281.58	284.93
PTHR14089	1949.0	1843.92	563.0	26.14	26.46
PTHR11748	9454.82	9192.13	16636.88	335.96	339.98
PTHR11742	3317.0	3106.95	764.0	45.42	45.97
PTHR11216	5379.0	5063.76	2190.0	94.41	95.53
PTHR11210	1646.0	1540.92	1230.0	67.57	68.38
PTHR14154	4831.0	4515.81	6673.1	445.23	450.56
PTHR14155	2294.0	2136.39	550.0	41.78	42.28
PTHR10343	3922.0	3711.84	1372.94	85.05	86.07
PTHR11699	10774.0	10406.23	10273.16	313.56	317.32
PTHR11692	2029.0	1976.46	1806.0	49.41	50.0
PTHR11693	1356.0	1303.46	13040.52	541.82	548.3
PTHR11695	17259.85	16419.45	10225.01	428.86	433.95
PTHR31760	375.0	322.51	6.0	1.02	1.03
PTHR31840	311.0	258.62	95.0	20.2	20.44
PTHR31906	8962.84	8489.97	2285.95	113.37	114.72
PTHR21419	1735.0	1682.46	1185.0	38.11	38.56
PTHR23012	10885.41	10360.01	30406.91	1151.96	1165.72
PTHR11101	8861.64	8599.08	49357.09	967.59	979.15
PTHR11102	3860.0	3649.96	1377.95	125.38	126.88
PTHR11106	1475.0	1422.46	400.99	15.26	15.44
PTHR31585	1142.96	1037.88	131.08	12.89	13.04
PTHR32125	1689.0	1583.92	235.96	16.38	16.58
PTHR32120	660.0	607.46	76.0	6.81	6.89
PTHR15680	756.0	703.46	453.0	35.0	35.42
PTHR11374	2727.0	2674.46	3183.0	64.31	65.08
PTHR11808	4051.0	3945.92	3396.01	70.33	71.17
PTHR26312	2180.52	2022.9	279.94	19.59	19.82
PTHR12000	3589.0	3431.39	2723.97	97.22	98.38
PTHR18895	5197.0	4934.32	894.0	39.29	39.74
PTHR12486	310.0	257.62	17.0	3.63	3.67
PTHR12480	3331.39	3173.79	875.0	34.52	34.93
PTHR12482	2648.0	2437.86	193.0	13.9	14.07
PTHR11042	2990.73	2780.66	692.0	45.85	46.39
PTHR12317	11480.0	11059.68	5040.2	216.64	219.23
PTHR12649	1133.0	1027.98	281.0	22.34	22.62
PTHR13992	1010.0	957.46	392.0	22.21	22.47
PTHR12461	5376.42	4956.25	904.82	79.51	80.47
PTHR12466	1365.09	1260.15	188.0	15.74	15.93
PTHR10098	851.3	798.76	638.0	43.37	43.89
PTHR13847	10232.53	9707.37	9867.14	519.75	525.98
PTHR22854	2025.0	1919.92	2142.0	95.74	96.89
PTHR12001	2508.0	2402.93	991.0	30.47	30.84
PTHR21327	2156.67	2051.58	817.01	43.97	44.5
PTHR21631	6981.07	6718.43	92435.23	2501.06	2530.96
PTHR22855	4768.35	4610.74	11185.94	438.94	444.18
PTHR22850	7916.0	7600.77	5045.96	228.52	231.24
PTHR22504	1276.1	1223.55	1979.99	87.66	88.71
PTHR12189	1077.0	1024.46	263.0	13.92	14.09
PTHR21256	3501.0	3395.92	1653.0	52.2	52.82
PTHR12265	728.88	676.33	89.0	7.15	7.24
PTHR12266	2723.67	2566.05	609.0	36.04	36.46
PTHR10648	4905.32	4747.7	4806.22	211.84	214.37
PTHR30178	666.9	614.36	34773.22	3079.42	3116.23
PTHR10641	13727.61	12729.66	4975.03	387.24	391.86
PTHR10644	8696.0	8275.88	3064.16	101.38	102.6
PTHR12864	4445.0	4182.3	1135.41	64.74	65.51
PTHR12860	2162.0	2109.46	961.99	24.66	24.95
PTHR13194	3738.5	3475.84	1113.0	74.39	75.27
PTHR13190	407.0	354.49	23.0	3.55	3.59
PTHR13193	487.0	434.47	100.0	12.56	12.71
PTHR11913	1083.47	1030.93	1239.35	65.18	65.96
PTHR11911	6979.0	6768.84	22392.19	960.32	971.8
PTHR11910	1744.0	1638.92	33526.06	2228.85	2255.5
PTHR14950	1301.53	1248.99	375.0	16.26	16.46
PTHR11918	4955.0	4692.32	1501.99	79.19	80.14
PTHR12919	714.0	661.46	1891.02	155.45	157.3
PTHR12910	894.0	841.46	1902.13	122.7	124.17
PTHR12917	2083.0	1977.92	644.0	33.19	33.59
PTHR11879	4955.0	4744.84	6701.98	213.77	216.31
PTHR11351	3852.58	3590.01	223.0	16.32	16.5
PTHR11353	18890.18	17997.15	35614.43	1480.97	1498.66
PTHR11599	14014.0	13330.98	16976.45	901.46	912.23
PTHR10516	16741.66	15743.4	21913.38	1734.89	1755.62
PTHR11592	1720.0	1562.4	3496.0	320.32	324.15
PTHR11659	1719.0	1666.46	861.0	27.96	28.29
PTHR31098	6203.0	6097.92	5485.6	79.07	80.01
PTHR23315	6486.16	6276.0	6289.35	356.84	361.1
PTHR23316	5872.0	5714.38	3879.23	80.67	81.63
PTHR11778	1348.0	1295.46	273.0	11.41	11.55
PTHR11774	3154.0	3048.92	1450.0	46.86	47.42
PTHR11773	3408.0	3355.46	12520.44	201.55	203.96
PTHR11772	5619.22	5356.51	15306.11	710.69	719.19
PTHR10357	16085.05	15664.74	28576.66	488.86	494.71
PTHR10353	12001.32	11633.54	12578.42	333.38	337.35
PTHR10350	2882.0	2671.93	414.0	28.21	28.55
PTHR10351	5845.0	5635.0	3799.83	278.34	281.66
PTHR10359	1113.63	1008.57	62.0	6.76	6.85
PTHR31750	1356.0	1250.93	278.0	22.63	22.9
PTHR14189	761.0	656.06	343.0	64.47	65.24
PTHR32228	999.0	946.46	48.0	2.75	2.78
PTHR31245	628.0	575.46	625.0	59.12	59.83
PTHR23001	1826.0	1720.92	1844.3	114.24	115.61
PTHR23002	823.0	770.46	83.0	5.85	5.92
PTHR11177	1128.0	1022.99	55.0	7.36	7.44
PTHR10445	1409.95	1304.87	669.24	50.67	51.27
PTHR11178	3282.0	3124.38	3753.69	212.87	215.42
PTHR14456	938.0	833.0	39.0	5.3	5.36
PTHR31808	1868.0	1710.45	2296.38	204.33	206.77
PTHR31803	1768.0	1662.92	1700.0	108.68	109.98
PTHR11009	2106.0	2000.92	2033.04	92.45	93.56
PTHR30075	948.0	895.46	122.0	7.39	7.48
PTHR19229	7776.04	7408.34	1281.0	65.96	66.76
PTHR11482	7555.0	7344.84	18041.01	524.04	530.3
PTHR11005	10206.2	9733.4	4296.3	209.12	211.61
PTHR11006	6060.33	5797.63	5763.64	229.18	231.91
PTHR18640	4087.7	3825.07	638.07	30.47	30.83
PTHR18866	18216.43	17796.12	20937.6	319.47	323.29
PTHR12022	852.0	799.46	2186.0	148.47	150.25
PTHR15074	510.0	457.46	60.0	7.16	7.24
PTHR15588	1364.13	1259.05	704.0	60.44	61.16
PTHR12677	4389.09	4126.39	1856.0	124.08	125.57
PTHR19134	2608.07	2450.53	4392.88	151.68	153.49
PTHR19139	1681.0	1575.92	4030.05	275.7	278.99
PTHR30566	3613.51	3455.89	1778.0	79.87	80.82
PTHR12459	1120.01	1067.48	304.0	15.44	15.62
PTHR12456	874.54	769.5	96.0	13.64	13.81
PTHR12452	779.88	727.34	284.0	21.22	21.47
PTHR11632	7366.0	7208.38	8270.35	180.55	182.7
PTHR12072	3189.0	2978.84	1089.0	71.6	72.46
PTHR13218	566.0	513.46	171.0	18.15	18.37
PTHR13215	570.0	517.46	13.0	1.37	1.39
PTHR13213	781.72	676.78	44.0	6.81	6.89
PTHR12290	1953.0	1847.92	1243.0	64.77	65.55
PTHR21530	2807.0	2544.62	374.0	45.08	45.63
PTHR12295	3233.0	2970.64	288.0	24.68	24.97
PTHR12298	1798.84	1693.76	1467.0	78.34	79.28
PTHR10638	6818.13	6607.97	3999.92	91.42	92.51
PTHR10631	4339.0	4128.89	1085.0	47.45	48.01
PTHR10984	5887.12	5624.42	2058.0	92.38	93.47
PTHR13501	1118.0	1012.94	1752.0	151.6	153.42
PTHR13505	822.0	769.46	378.0	26.68	27.0
PTHR12856	444.0	391.47	98.0	13.68	13.85
PTHR12855	1744.0	1638.92	931.0	59.75	60.46
PTHR12854	978.0	925.46	1622.0	95.08	96.22
PTHR13182	1686.0	1580.92	942.8	66.95	67.75
PTHR10743	1150.59	1098.05	333.0	16.44	16.63
PTHR10742	15484.15	14748.66	4036.09	147.75	149.52
PTHR10745	2908.72	2803.64	3304.0	82.36	83.35
PTHR10744	1698.0	1540.52	25090.79	2365.08	2393.35
PTHR10746	1776.0	1670.92	4358.82	275.36	278.66
PTHR11099	2539.0	2486.46	457.0	9.93	10.05
PTHR12924	1954.51	1901.97	4123.65	117.26	118.66
PTHR11349	1658.0	1552.92	9921.23	877.08	887.57
PTHR10566	20261.04	19000.29	6038.99	311.23	314.96
PTHR10293	4148.0	3885.33	3505.0	262.19	265.31
PTHR10291	1682.02	1524.43	199.0	18.7	18.91
PTHR11584	10178.34	9863.1	8200.81	219.24	221.85
PTHR11586	1415.0	1309.92	140.0	12.19	12.33
PTHR11909	5029.04	4819.04	10908.81	305.99	309.65
PTHR24320	7712.0	7291.68	1123.85	79.34	80.27
PTHR24322	15376.75	14588.73	14843.0	612.43	619.75
PTHR11907	846.0	793.46	243.0	16.63	16.83
PTHR11760	881.0	828.46	27833.38	1823.84	1845.64
PTHR11761	1550.18	1445.1	23063.78	2353.13	2381.26
PTHR11766	1655.82	1603.28	545.0	18.39	18.61
PTHR11767	3406.0	3300.92	865.0	29.17	29.53
PTHR10361	1432.0	1379.46	725.34	28.47	28.81
PTHR10366	24297.62	23194.36	39268.0	1493.96	1511.81
PTHR10169	8687.0	8266.75	2994.96	130.03	131.58
PTHR10168	3057.0	2846.84	1228.0	69.58	70.4
PTHR20973	462.0	409.47	16.0	2.13	2.16
PTHR10165	583.0	530.46	70.0	7.19	7.27
PTHR31032	1629.0	1576.46	10419.09	357.67	361.95
PTHR23257	87941.43	83371.82	64736.42	2760.62	2793.63
PTHR13743	1965.16	1860.12	1232.0	57.63	58.32
PTHR23253	1348.0	1242.92	2030.65	176.11	178.22
PTHR14190	2378.0	2272.92	927.0	45.95	46.51
PTHR14194	7039.05	6671.27	1688.85	92.24	93.34
PTHR31251	805.0	752.46	161.0	11.62	11.76
PTHR23074	8285.26	7707.57	5209.67	383.02	387.58
PTHR23077	5506.0	5033.33	764.0	60.37	61.09
PTHR23076	10570.78	10045.6	4986.6	273.12	276.4
PTHR12561	888.0	835.46	294.0	19.1	19.33
PTHR23073	5587.0	5219.24	9448.33	679.5	687.63
PTHR23078	2296.0	2243.46	715.0	17.23	17.44
PTHR10804	14955.47	14219.97	12304.75	532.77	539.15
PTHR11165	840.0	787.46	3674.95	253.43	256.46
PTHR32100	1168.0	1115.46	118.0	5.73	5.8
PTHR14445	1176.88	1071.85	729.09	92.4	93.51
PTHR23109	4459.47	4354.39	3816.01	56.12	56.79
PTHR31811	1171.36	1066.37	864.0	73.09	73.96
PTHR23102	1356.0	1250.95	164.0	13.84	14.0
PTHR23105	7470.05	7049.91	65857.69	4006.74	4054.61
PTHR11010	3212.0	3001.84	864.0	62.03	62.77
PTHR11014	5853.75	5591.04	5900.99	246.88	249.83
PTHR12668	2111.0	1953.38	2503.01	209.94	212.45
PTHR12661	1245.0	1192.46	300.0	13.63	13.79
PTHR12663	3516.25	3358.63	565.0	31.57	31.94
PTHR12664	737.0	684.46	271.0	21.52	21.78
PTHR16166	17237.17	15976.49	4757.71	396.33	401.05
PTHR12446	2028.0	1817.93	153.0	17.03	17.23
PTHR12447	2178.0	2072.92	1070.0	56.86	57.55
PTHR15481	749.0	696.46	243.0	18.96	19.19
PTHR26379	595.0	542.46	436.0	43.78	44.3
PTHR12599	1451.0	1345.93	1012.59	76.75	77.68
PTHR12596	4251.0	4093.48	1265.0	20.75	21.01
PTHR12590	637.0	584.46	62.0	5.77	5.84
PTHR12066	1662.0	1556.93	75.0	4.72	4.78
PTHR12064	6806.69	6491.47	1827.99	84.75	85.77
PTHR13226	3405.0	3247.38	563.0	36.1	36.53
PTHR13889	1796.0	1743.46	1618.0	50.21	50.81
PTHR13887	918.03	865.49	771.0	48.34	48.92
PTHR21181	451.0	398.47	77.0	10.56	10.69
PTHR13948	1350.0	1244.92	220.0	19.49	19.72
PTHR12146	565.0	512.46	20526.66	2182.8	2208.89
PTHR10458	638.0	585.46	144.0	13.39	13.55
PTHR21506	2112.0	1954.51	276.0	19.21	19.45
PTHR12280	2734.55	2524.43	251.0	28.36	28.71
PTHR12286	3371.0	3265.92	540.29	18.01	18.22
PTHR22983	3026.39	2816.25	343.0	24.64	24.93
PTHR22981	7125.22	6862.53	11311.95	463.98	469.52
PTHR30191	3495.0	3442.46	27001.32	423.65	428.71
PTHR13082	367.0	314.52	48.0	8.37	8.47
PTHR10629	9371.0	8898.15	3103.01	117.82	119.23
PTHR10994	6285.0	5969.78	6073.0	298.13	301.68
PTHR10996	6551.64	6288.95	18263.24	651.12	658.9
PTHR10625	15149.03	14308.42	8275.11	364.87	369.24
PTHR10992	33168.04	31329.5	13504.13	663.1	671.0
PTHR17695	3013.95	2803.89	481.0	26.85	27.17
PTHR12848	5110.0	4899.88	2125.58	93.5	94.62
PTHR12849	1501.0	1395.92	743.0	55.07	55.73
PTHR10943	4220.0	4062.38	3272.34	136.43	138.04
PTHR12847	1679.5	1521.91	320.0	32.4	32.79
PTHR21349	1287.0	1181.92	2148.99	179.47	181.62
PTHR21347	2089.0	2036.46	1797.76	47.74	48.31
PTHR19861	868.0	815.46	166.0	11.05	11.18
PTHR21343	747.0	642.02	12.0	2.05	2.08
PTHR10196	5372.78	5162.62	1667.0	51.6	52.23
PTHR10192	1991.26	1886.2	919.0	52.73	53.36
PTHR10751	6200.94	5938.26	2206.42	87.9	88.94
PTHR10755	3311.0	3205.92	2578.22	80.13	81.09
PTHR10758	2963.77	2858.71	3935.02	133.79	135.4
PTHR13152	1530.0	1424.92	446.08	35.11	35.52
PTHR12932	2750.75	2593.14	3665.05	166.95	168.94
PTHR12934	1630.0	1524.92	3980.01	247.1	250.05
PTHR11451	8780.0	8517.3	8092.9	222.02	224.67
PTHR10288	6560.28	6192.79	17122.28	776.13	785.42
PTHR11800	2444.0	2338.92	1162.0	51.98	52.6
PTHR11802	9374.65	8954.33	5138.78	190.06	192.33
PTHR11804	12706.95	12234.12	3701.09	109.82	111.14
PTHR11807	927.59	875.05	81.0	5.02	5.08
PTHR10281	1514.0	1408.93	735.0	42.96	43.48
PTHR10283	22063.5	21433.04	48252.89	1139.49	1153.09
PTHR10285	6140.08	5877.39	11042.98	459.37	464.86
PTHR10286	3232.0	3074.38	21276.81	1115.18	1128.51
PTHR11579	2666.88	2509.26	2204.0	153.79	155.62
PTHR13718	3116.0	3010.92	30845.0	1656.02	1675.82
PTHR13711	4157.0	3841.87	602.97	52.78	53.4
PTHR13710	7839.04	7261.49	556.0	35.9	36.32
PTHR11977	538.0	485.46	557.0	62.56	63.31
PTHR22970	2277.0	2224.46	1073.0	26.08	26.39
PTHR11972	847.0	794.46	16.0	1.09	1.11
PTHR31480	1102.0	1049.46	373.0	19.27	19.5
PTHR31485	3822.0	3664.38	1014.99	39.79	40.26
PTHR11715	1083.13	1030.59	5663.17	297.92	301.48
PTHR11717	1394.96	1289.89	155.03	15.75	15.95
PTHR11711	5901.61	5586.36	18819.12	1043.46	1055.91
PTHR11712	7922.39	7554.62	4703.0	181.37	183.54
PTHR10374	2329.0	2223.92	2210.0	97.1	98.26
PTHR10178	10542.06	10331.9	2215.75	36.77	37.2
PTHR20961	5723.86	5513.7	919.0	36.37	36.82
PTHR10173	4030.0	3767.3	4019.29	285.76	289.19
PTHR10177	10354.33	9828.97	5768.02	205.86	208.31
PTHR10174	10843.7	10318.35	14995.01	611.43	618.72
PTHR23249	747.85	695.31	232.0	18.14	18.35
PTHR23244	11750.03	10962.31	2459.0	132.71	134.3
PTHR23245	1549.0	1443.92	362.0	25.97	26.28
PTHR23240	4361.0	4098.31	241.2	15.75	15.95
PTHR14614	5901.57	5586.84	1306.89	52.84	53.47
PTHR31268	2923.0	2765.45	1674.0	88.21	89.26
PTHR31262	1827.0	1669.47	207583.2	14408.98	14581.23
PTHR23063	4765.0	4607.38	2367.0	84.02	85.02
PTHR11620	578.0	525.46	15427.42	1599.58	1618.7
PTHR11624	5496.27	5338.65	46843.28	1165.52	1179.46
PTHR11627	2836.0	2678.54	6853.98	277.81	281.13
PTHR11390	3807.65	3492.59	674.0	57.74	58.43
PTHR31620	2429.0	2271.57	4590.07	238.05	240.9
PTHR31319	2644.0	2538.92	3400.79	118.87	120.29
PTHR14052	586.0	533.46	17.0	1.74	1.76
PTHR32118	1672.0	1619.46	3425.37	114.45	115.82
PTHR14152	378.0	325.51	39.0	6.56	6.64
PTHR23117	3538.0	3275.31	1687.0	128.22	129.74
PTHR23115	36518.66	34942.63	220741.77	6714.5	6794.8
PTHR11028	1872.0	1819.46	3864.03	114.88	116.25
PTHR12111	2792.0	2686.92	746.0	28.85	29.19
PTHR11024	1761.0	1655.93	908.0	40.89	41.39
PTHR12841	836.0	783.46	375.0	25.99	26.3
PTHR11777	6230.0	5967.3	5776.86	175.65	177.75
PTHR12616	2521.27	2416.23	1414.0	58.17	58.87
PTHR12613	1210.0	1157.46	592.86	27.75	28.09
PTHR12612	814.0	761.46	1859.0	132.61	134.19
PTHR32060	5518.46	5255.76	1487.0	59.32	60.03
PTHR12126	2759.0	2653.92	2177.86	86.06	87.09
PTHR12124	3849.63	3587.12	566.0	29.17	29.51
PTHR22734	2689.2	2584.13	845.36	38.18	38.63
PTHR12121	7333.72	6756.01	3004.26	119.17	120.61
PTHR12438	1295.58	1190.59	126.0	10.94	11.08
PTHR15492	1013.23	960.69	470.0	26.53	26.85
PTHR21426	419.0	366.48	22.0	3.28	3.32
PTHR21427	517.0	464.46	54.0	6.34	6.42
PTHR19372	1954.0	1901.46	1321.0	37.57	38.02
PTHR19370	7254.0	6938.76	4880.0	241.23	244.13
PTHR19376	13067.86	12595.0	4651.13	215.47	218.05
PTHR19375	4401.0	4190.84	5186.52	249.98	252.97
PTHR12725	2141.0	2035.92	324.0	16.9	17.11
PTHR22884	18030.1	16926.96	5126.0	287.09	290.51
PTHR22883	7198.73	6883.48	1723.04	83.84	84.85
PTHR22880	7756.0	7283.3	1813.13	94.44	95.56
PTHR12542	3097.43	3044.89	2027.36	35.97	36.4
PTHR12547	3426.0	3268.38	1253.0	88.41	89.47
PTHR12436	3147.0	2989.38	931.05	57.3	57.98
PTHR21512	1121.6	1069.06	337.0	17.09	17.29
PTHR19980	1933.0	1827.92	329.0	17.51	17.72
PTHR30508	3717.0	3611.92	10647.2	309.77	313.47
PTHR30502	816.0	763.46	231.0	16.43	16.63
PTHR10617	8024.0	7656.4	26314.17	888.99	899.59
PTHR10615	2367.29	2262.21	2720.0	111.41	112.74
PTHR13527	654.18	601.64	419.0	37.9	38.35
PTHR22958	1770.0	1612.38	1550.93	156.7	158.58
PTHR22951	1867.14	1762.13	864.04	38.86	39.32
PTHR22950	24182.82	23132.15	23411.68	714.59	723.12
PTHR22953	12854.41	12486.64	6221.01	186.54	188.77
PTHR22952	3591.09	3328.57	7832.06	375.82	380.32
PTHR22957	9351.0	8930.68	3518.09	141.3	142.99
PTHR21600	2156.0	1998.52	1154.0	54.63	55.3
PTHR24056	14465.09	13572.03	4849.42	276.5	279.79
PTHR24054	2452.0	2346.92	6007.05	287.91	291.36
PTHR24055	12547.53	11969.64	8906.23	377.62	382.13
PTHR24058	5924.06	5608.99	3400.95	170.23	172.26
PTHR10766	6416.0	6048.23	6245.0	295.03	298.53
PTHR10762	4245.0	4139.92	1233.15	24.11	24.39
PTHR30031	2299.46	2142.07	24208.35	1359.17	1375.41
PTHR12945	1138.0	1032.94	66.0	6.59	6.67
PTHR12944	1815.0	1657.6	327.0	24.75	25.05
PTHR24128	2943.0	2785.38	1253.0	80.83	81.8
PTHR13096	1951.0	1845.92	236.0	10.97	11.1
PTHR11364	2436.74	2279.12	1239.9	86.12	87.15
PTHR11365	3652.0	3494.38	387.95	16.37	16.56
PTHR10548	2617.0	2354.64	1927.0	227.67	230.39
PTHR11814	5997.0	5681.96	3191.04	137.61	139.26
PTHR11363	2138.0	2085.46	45525.37	1180.34	1194.45
PTHR10543	3672.0	3514.38	722.01	28.53	28.87
PTHR11819	4581.0	4370.99	3677.4	110.27	111.58
PTHR13931	5601.0	5495.92	1570.0	32.3	32.68
PTHR10544	529.0	476.46	9458.51	1082.6	1095.54
PTHR11562	972.0	919.46	190.0	11.21	11.34
PTHR11566	10124.84	9809.61	7455.85	257.5	260.58
PTHR11567	3528.0	3422.92	855.58	27.59	27.91
PTHR11564	8011.0	7695.77	4862.29	170.85	172.88
PTHR11962	2779.16	2569.07	580.0	63.97	64.74
PTHR11963	3703.0	3597.92	783.0	23.15	23.42
PTHR10381	9739.0	9318.68	15260.98	724.14	732.78
PTHR10383	2864.0	2706.38	4818.43	323.96	327.84
PTHR11932	5650.66	5440.51	6964.55	150.96	152.76
PTHR11702	7764.0	7501.3	3990.05	142.75	144.46
PTHR11700	1942.0	1784.38	39443.16	3801.38	3846.83
PTHR10388	695.0	642.46	4314.6	365.24	369.61
PTHR11709	2647.0	2541.92	205.0	8.75	8.85
PTHR10145	4333.0	4175.38	1652.0	67.8	68.61
PTHR23273	3224.0	3118.92	1451.73	51.97	52.59
PTHR23270	5431.14	5116.27	4596.01	162.57	164.52
PTHR24305	9487.51	9067.21	3919.02	157.9	159.77
PTHR23163	359.0	306.53	108.0	19.32	19.55
PTHR23050	3826.26	3616.12	10081.09	439.44	444.69
PTHR23056	1191.0	1138.46	166.0	7.9	8.0
PTHR23054	1148.0	1095.46	602.0	29.79	30.14
PTHR11638	5296.95	4929.24	16899.7	805.33	814.96
PTHR31783	3499.78	3289.63	374.0	23.84	24.11
PTHR23291	4570.0	4359.84	4917.09	235.52	238.33
PTHR11630	14900.28	14217.26	2296.69	104.82	106.07
PTHR11140	7296.0	7085.84	5861.15	211.82	214.35
PTHR11141	2469.0	2363.92	2927.26	141.3	143.0
PTHR11142	7232.0	6811.68	943.0	65.74	66.54
PTHR11143	588.0	535.46	20765.33	2112.45	2137.7
PTHR11380	486.0	433.47	84.0	10.58	10.71
PTHR11384	8188.0	7610.42	5539.36	149.6	151.38
PTHR32477	3007.0	2901.92	319.0	8.64	8.75
PTHR14043	2055.67	1950.8	350.7	19.6	19.83
PTHR32472	1673.55	1516.05	462.06	40.31	40.79
PTHR31658	1248.95	1091.59	166.0	22.5	22.77
PTHR14269	1947.0	1789.43	210.0	11.98	12.12
PTHR23125	29574.91	28051.45	12932.89	491.64	497.5
PTHR12050	961.0	908.46	1497.0	89.4	90.47
PTHR19211	14303.66	13515.65	4544.03	282.0	285.36
PTHR12608	2809.19	2651.58	2185.12	111.51	112.85
PTHR12604	638.0	585.46	140.0	13.02	13.17
PTHR12603	891.0	838.46	1094.0	70.83	71.67
PTHR32091	729.0	676.46	1238.15	99.5	100.69
PTHR32098	3096.0	2833.45	588.02	44.08	44.61
PTHR18763	535.0	482.46	193.0	21.81	22.07
PTHR22726	2516.0	2358.38	998.0	63.0	63.74
PTHR22727	3608.0	3450.38	203.0	7.07	7.15
PTHR12428	2832.08	2622.37	2191.0	142.18	143.88
PTHR18968	8458.03	8142.82	13622.59	317.53	321.34
PTHR12735	3620.0	3409.84	1148.1	60.09	60.8
PTHR15020	9832.63	9412.35	3873.0	151.25	153.06
PTHR12049	2840.55	2630.44	379.0	32.25	32.63
PTHR12558	4131.0	3815.95	113.0	7.15	7.23
PTHR12553	6670.96	6145.66	1713.1	137.43	139.07
PTHR10497	523.45	470.91	16332.4	1891.63	1914.25
PTHR10496	965.0	859.97	19207.17	1925.49	1948.51
PTHR21569	618.0	565.46	97.0	9.34	9.45
PTHR10491	1471.0	1418.46	6977.45	266.31	269.49
PTHR21567	6254.68	5834.49	1472.68	79.31	80.25
PTHR13950	1384.0	1278.92	223.0	18.84	19.07
PTHR12133	1106.0	1053.46	203.0	10.45	10.57
PTHR10972	3941.0	3783.4	739.0	39.34	39.82
PTHR21704	2841.0	2630.86	158.0	13.2	13.36
PTHR10606	3303.0	3197.92	717.0	24.24	24.53
PTHR10971	1203.0	1150.46	325.0	15.31	15.49
PTHR22942	6395.0	6079.89	3634.01	141.45	143.14
PTHR13395	1006.0	900.94	21.0	2.52	2.56
PTHR13803	7276.0	6960.76	4009.0	122.94	124.41
PTHR21368	783.0	730.46	2070.0	153.97	155.81
PTHR24067	11802.08	10961.88	9918.02	856.36	866.58
PTHR24064	13228.53	12755.67	10427.42	165.21	167.16
PTHR21011	511.0	458.46	267.0	31.77	32.15
PTHR10772	2083.0	1925.38	4907.9	418.01	423.01
PTHR10774	7044.56	6729.37	4901.0	139.51	141.2
PTHR24068	1109.0	1003.93	5631.64	511.25	517.35
PTHR12959	923.0	818.06	12.0	1.29	1.31
PTHR24115	27424.47	25954.42	7987.53	441.15	446.46
PTHR10961	1547.02	1494.48	278.0	10.07	10.19
PTHR11825	6690.12	6427.41	5793.35	221.15	223.79
PTHR10809	2215.0	2109.92	1867.47	69.88	70.72
PTHR11822	2192.81	2140.27	28143.7	710.95	719.45
PTHR10803	3784.0	3573.84	2994.89	166.23	168.2
PTHR10806	744.0	691.46	152.0	11.95	12.09
PTHR10552	987.0	934.46	645.98	37.5	37.95
PTHR11556	6635.0	6372.3	8957.51	385.22	389.83
PTHR11558	1136.0	1083.46	802.0	40.12	40.6
PTHR13773	2933.22	2775.67	2333.0	119.34	120.76
PTHR11953	2514.0	2356.38	629.0	43.63	44.15
PTHR11952	8974.1	8606.47	4574.05	152.88	154.71
PTHR11956	2271.0	2218.46	1808.06	44.06	44.59
PTHR11959	1518.0	1412.92	610.0	41.85	42.34
PTHR11739	4446.54	4236.4	3626.49	238.18	241.02
PTHR11732	20007.49	19061.8	9683.91	434.06	439.24
PTHR11731	7052.95	6790.27	3395.19	121.13	122.57
PTHR11730	7479.8	7112.02	799.0	33.88	34.29
PTHR11735	2401.78	2244.19	379.0	23.02	23.29
PTHR10394	770.0	717.46	43190.36	3271.21	3310.32
PTHR20941	3138.54	3033.46	548.0	20.88	21.13
PTHR10150	1897.0	1791.92	29.0	1.75	1.78
PTHR31065	3022.53	2812.4	4526.0	293.03	296.53
PTHR10159	6929.36	6404.19	1556.0	113.28	114.64
PTHR31066	1385.9	1333.36	867.0	35.21	35.63
PTHR13604	750.87	698.41	279.0	21.71	21.97
PTHR23264	2622.0	2411.91	1177.0	74.16	75.04
PTHR23269	347.0	294.54	61.0	11.36	11.5
PTHR31204	749.0	696.46	111.0	8.66	8.77
PTHR31201	1413.65	1256.06	363.0	46.75	47.31
PTHR31209	1346.27	1293.78	433.0	18.12	18.34
PTHR11607	2413.9	2151.57	639.33	66.49	67.28
PTHR11606	3562.11	3404.51	5851.86	256.01	259.07
PTHR11601	5065.0	4802.3	4170.0	161.5	163.42
PTHR32467	9462.21	8779.25	5634.52	371.08	375.51
PTHR14255	4482.0	4166.82	1341.0	83.4	84.4
PTHR23130	6738.85	6528.69	7299.99	209.03	211.53
PTHR23133	719.0	666.46	386.0	31.49	31.87
PTHR23135	1814.0	1761.46	1392.0	42.75	43.26
PTHR23138	2611.13	2506.05	7527.25	343.71	347.82
PTHR23139	3246.35	2983.67	1983.97	140.84	142.52
PTHR31682	2723.0	2513.01	747.91	55.89	56.55
PTHR11040	5167.0	4799.45	1622.56	105.27	106.54
PTHR11043	1483.0	1377.92	833.0	71.27	72.12
PTHR11048	6365.0	6049.77	1441.0	62.21	62.95
PTHR15818	1445.0	1339.92	218.08	16.31	16.51
PTHR12636	903.0	850.46	529.01	33.76	34.17
PTHR14493	33762.63	31871.55	78740.58	3015.93	3051.94
PTHR15651	1896.0	1790.92	824.0	50.95	51.56
PTHR12380	2078.0	1920.39	3536.0	377.79	382.31
PTHR12385	3979.0	3821.38	5118.03	138.86	140.53
PTHR12706	8402.0	8034.3	2854.62	91.13	92.22
PTHR30573	2261.0	2208.46	338.0	8.27	8.37
PTHR12709	1771.0	1665.92	652.0	45.51	46.04
PTHR19957	5235.68	4815.59	2569.02	206.56	209.04
PTHR30239	2001.0	1948.46	3583.93	99.47	100.66
PTHR12560	4719.67	4509.51	1471.0	75.73	76.65
PTHR11751	18827.61	18039.56	32376.08	931.41	942.55
PTHR12770	6350.0	6087.3	2234.83	62.41	63.15
PTHR12097	3976.0	3870.92	3082.36	56.79	57.47
PTHR19842	1329.0	1276.46	727.0	30.85	31.22
PTHR11752	19649.08	18808.8	6435.69	325.87	329.75
PTHR21576	4743.44	4428.2	1472.02	112.33	113.66
PTHR24193	8011.38	7433.46	1796.72	140.12	141.82
PTHR12419	4303.0	4092.84	935.87	60.6	61.32
PTHR23338	3497.38	3339.75	3599.02	157.17	159.04
PTHR30525	1647.0	1594.46	344.0	11.68	11.81
PTHR12413	2684.85	2527.43	280.0	21.75	22.0
PTHR12412	2966.0	2808.4	906.0	34.35	34.75
PTHR12411	9407.04	8986.73	18070.84	858.09	868.34
PTHR23339	3237.0	3026.86	3794.21	171.84	173.9
PTHR12415	1028.0	922.96	7.0	0.86	0.87
PTHR10947	2171.0	2065.92	1266.57	65.82	66.6
PTHR21717	1894.0	1736.5	351.0	32.22	32.6
PTHR21712	1614.0	1508.93	483.97	25.78	26.09
PTHR12897	832.0	727.1	95.0	12.77	12.93
PTHR12894	3508.4	3193.35	344.0	27.55	27.9
PTHR12891	987.0	934.46	50.0	2.9	2.94
PTHR22976	5074.53	4969.45	12611.51	169.81	171.84
PTHR22975	1327.43	1222.5	838.0	60.17	60.88
PTHR20922	2124.0	1966.48	1562.0	90.13	91.21
PTHR21377	1384.0	1278.92	1120.55	86.84	87.88
PTHR21371	1784.0	1731.46	15434.83	482.27	488.03
PTHR21373	2454.0	2244.01	230.05	19.4	19.63
PTHR22573	8066.1	7803.4	14163.07	399.16	403.94
PTHR22572	8380.64	7960.32	27928.87	907.65	918.49
PTHR21000	3048.0	2995.46	7087.93	127.84	129.36
PTHR10701	825.18	772.65	630.0	44.28	44.81
PTHR13161	642.0	589.46	72.0	6.65	6.73
PTHR13162	5292.71	5135.17	2731.06	126.77	128.29
PTHR13165	747.69	695.15	286.0	22.36	22.63
PTHR21396	676.0	623.46	220.0	19.2	19.43
PTHR12965	2221.0	2115.92	296.0	14.5	14.67
PTHR13068	6442.16	6126.93	2035.18	111.69	113.05
PTHR24106	8304.79	7937.0	3378.84	127.4	128.93
PTHR24103	2986.0	2723.31	250.0	24.35	24.63
PTHR11540	5585.59	5375.43	26609.8	937.6	948.81
PTHR10836	3072.0	2861.85	66336.88	6080.24	6152.93
PTHR10835	1541.0	1488.46	296.0	10.76	10.89
PTHR11545	1576.0	1470.92	20044.24	1462.04	1479.52
PTHR10012	1094.3	1041.75	491.0	25.55	25.86
PTHR13768	2811.0	2705.92	961.0	38.08	38.53
PTHR24078	8272.0	7851.69	1614.43	108.63	109.92
PTHR11946	24241.2	23348.28	12521.96	417.05	422.04
PTHR11947	5221.0	5010.84	5388.98	181.39	183.56
PTHR11941	6017.64	5754.92	5898.07	277.01	280.31
PTHR24072	2293.0	2187.92	1664.4	75.92	76.82
PTHR24073	11411.95	10676.59	16518.32	1169.06	1183.04
PTHR24076	12250.33	11357.75	7291.22	574.37	581.22
PTHR24077	7797.79	7324.97	2362.01	150.87	152.68
PTHR11728	5891.0	5733.38	3365.0	101.89	103.11
PTHR11726	1210.0	1104.99	21809.58	1481.52	1499.23
PTHR11727	2105.0	1947.38	422.03	35.75	36.17
PTHR11721	580.86	528.32	21960.88	2264.54	2291.62
PTHR11722	812.0	759.46	22768.98	1628.48	1647.95
PTHR10120	1541.0	1488.46	1156.5	42.06	42.56
PTHR10122	753.0	700.46	5471.0	424.5	429.58
PTHR11831	1404.81	1299.75	27706.57	2456.26	2485.62
PTHR11835	4293.0	4082.84	4034.19	188.03	190.29
PTHR11614	4025.0	3867.4	2867.99	69.27	70.1
PTHR11615	7437.57	7122.5	35939.18	1152.49	1166.27
PTHR11618	1207.0	1154.46	405.0	19.01	19.24
PTHR14140	1992.54	1940.0	563.0	15.69	15.88
PTHR32419	2402.0	2296.92	1421.0	66.09	66.88
PTHR10231	881.0	828.46	389.0	25.49	25.79
PTHR10233	6024.0	5761.45	1766.0	82.12	83.1
PTHR31503	6130.46	5920.3	3433.05	103.35	104.59
PTHR23147	1683.28	1578.2	767.97	48.67	49.26
PTHR23140	1254.0	1201.46	793.59	35.78	36.21
PTHR23142	2629.12	2524.04	805.03	37.7	38.15
PTHR23149	540.42	487.89	77.0	8.6	8.71
PTHR23148	908.0	855.46	306.0	19.41	19.65
PTHR31695	2548.0	2495.46	3141.01	68.03	68.84
PTHR11056	1943.11	1890.57	1417.0	40.54	41.02
PTHR11055	1385.59	1333.05	14748.87	599.13	606.29
PTHR32523	2039.49	1829.8	262.87	28.63	28.97
PTHR10540	951.0	898.46	665.96	40.22	40.7
PTHR19359	2017.0	1911.92	912.0	84.27	85.28
PTHR12629	876.58	824.04	401.34	26.44	26.76
PTHR18945	1828.0	1775.46	351.01	10.69	10.82
PTHR26402	9105.53	8685.2	32968.14	662.98	670.89
PTHR19384	8444.29	7971.45	33277.56	1262.94	1278.04
PTHR12714	2290.89	2185.81	1937.3	88.54	89.6
PTHR32251	1284.0	1231.46	1455.0	64.0	64.77
PTHR12570	1832.0	1726.92	478.0	26.66	26.98
PTHR21494	335.0	282.56	19.0	3.69	3.74
PTHR21496	3799.94	3589.78	5131.91	289.32	292.76
PTHR21493	18575.25	17734.77	11805.04	348.59	352.77
PTHR21499	5375.01	5217.39	6794.99	148.26	150.03
PTHR21148	3068.0	2962.92	826.0	30.51	30.88
PTHR12083	2585.0	2479.92	2574.55	75.2	76.1
PTHR22904	13448.66	12555.7	19211.65	1882.35	1904.84
PTHR13976	3383.0	3120.33	487.0	33.79	34.2
PTHR13353	2898.0	2740.38	568.0	26.98	27.3
PTHR12406	13390.84	12865.44	5177.19	230.86	233.62
PTHR16128	3193.0	2877.83	395.0	39.39	39.88
PTHR12400	844.0	791.46	52.0	3.57	3.61
PTHR13572	3551.8	3394.18	1835.86	78.25	79.18
PTHR30314	3096.0	2886.03	3072.0	162.35	164.28
PTHR12882	532.0	479.46	196.0	22.29	22.56
PTHR12883	1361.0	1308.46	753.0	31.17	31.54
PTHR16255	6306.0	6043.3	3736.93	160.91	162.84
PTHR16254	6199.5	5936.96	2780.94	87.77	88.82
PTHR22960	2954.0	2848.92	803.0	28.9	29.25
PTHR13373	1719.0	1613.92	219.0	15.15	15.33
PTHR13375	1864.66	1707.11	606.0	38.27	38.72
PTHR22967	3191.0	2981.07	202.0	17.53	17.76
PTHR19858	2601.0	2443.39	647.0	39.01	39.47
PTHR30222	624.0	571.46	46.0	4.38	4.43
PTHR13115	1677.0	1624.46	574.0	19.12	19.35
PTHR13117	1505.0	1452.46	118.0	4.4	4.45
PTHR13285	1765.0	1712.46	198.47	6.27	6.35
PTHR13288	781.0	728.46	263.0	19.62	19.85
PTHR10953	13917.41	13287.09	9495.27	244.2	247.12
PTHR21726	1386.0	1280.92	205.0	17.84	18.05
PTHR10956	813.0	708.04	28182.12	3583.08	3625.92
PTHR10826	1826.0	1720.92	2819.03	179.66	181.81
PTHR11533	7935.77	7778.14	5077.99	104.53	105.79
PTHR11532	1614.35	1561.81	513.0	17.78	17.99
PTHR10000	1901.0	1795.92	247.0	14.87	15.05
PTHR13021	932.0	879.46	301.0	18.57	18.79
PTHR24007	2042.0	1884.5	577.0	48.1	48.67
PTHR24003	15991.72	15256.16	11187.5	548.88	555.42
PTHR31446	1604.0	1498.93	1260.05	70.86	71.71
PTHR31442	1388.3	1230.75	1264.0	184.61	186.81
PTHR11441	877.26	824.72	163.0	10.73	10.86
PTHR11440	3106.88	2949.25	1183.0	83.5	84.49
PTHR11999	6882.28	6619.62	6465.0	132.32	133.9
PTHR11449	1060.0	954.94	27277.52	2590.06	2621.03
PTHR11994	1296.0	1243.46	541.0	23.57	23.85
PTHR11706	3603.0	3497.92	608.0	19.33	19.56
PTHR10133	8342.49	7922.23	2191.0	98.34	99.51
PTHR21649	11521.01	10786.1	345098.32	22762.9	23035.03
PTHR13620	8047.89	7575.17	1912.99	98.26	99.45
PTHR11705	4630.0	4472.53	496.0	15.03	15.2
PTHR11847	818.62	766.08	25144.35	1782.72	1804.03
PTHR11843	798.0	745.46	13100.66	954.7	966.12
PTHR13138	1573.0	1467.92	282.0	20.44	20.69
PTHR11661	1836.0	1678.38	23664.64	2192.8	2219.03
PTHR11662	33152.94	31367.37	21361.96	628.2	635.71
PTHR11669	4834.1	4623.94	838.0	39.17	39.65
PTHR11668	11829.05	11303.72	13063.49	607.72	614.98
PTHR20856	11614.5	11351.82	6071.18	135.78	137.4
PTHR20854	4820.0	4609.84	3973.97	167.72	169.73
PTHR20855	3546.0	3440.92	2037.97	66.25	67.04
PTHR20852	5273.0	4958.01	16902.47	615.33	622.67
PTHR32404	1295.13	1190.1	131.0	8.7	8.8
PTHR20858	2610.56	2452.94	470.0	29.9	30.25
PTHR10634	343.98	291.55	656.0	123.47	124.95
PTHR30603	2030.0	1924.92	4305.0	172.93	175.01
PTHR11817	12729.41	12256.65	15291.16	412.08	416.98
PTHR14237	6264.19	6054.03	6419.83	223.24	225.91
PTHR10738	348.0	295.54	11.0	2.04	2.07
PTHR23155	13572.62	13099.82	4302.68	119.48	120.94
PTHR23153	2864.0	2653.84	511.99	32.21	32.6
PTHR14894	1775.0	1669.92	272.0	16.42	16.63
PTHR11063	4104.0	3998.92	997.01	27.32	27.64
PTHR11062	6992.82	6520.26	1343.0	65.3	66.08
PTHR11061	6385.96	5965.66	1304.0	97.74	98.92
PTHR11065	3994.65	3784.49	1298.57	83.51	84.5
PTHR11064	2175.0	2017.38	908.0	67.41	68.21
PTHR11260	9573.49	9100.63	21515.99	893.43	904.1
PTHR11264	1027.0	974.46	119.0	6.62	6.7
PTHR11266	10479.95	9954.55	3819.01	239.89	242.76
PTHR12858	3933.0	3722.86	1130.0	72.74	73.62
PTHR31998	2816.0	2763.46	47462.35	928.03	939.12
PTHR31221	1899.13	1741.5	693.0	60.86	61.59
PTHR15838	1069.0	911.59	126.0	23.18	23.46
PTHR12850	512.0	459.46	20676.81	2455.12	2484.47
PTHR22836	1265.0	1212.46	166.0	7.42	7.51
PTHR32338	1555.0	1502.46	1934.0	69.67	70.51
PTHR31407	4475.44	4212.74	4477.83	242.81	245.72
PTHR12363	5635.7	5215.41	915.02	64.42	65.18
PTHR18952	988.0	935.46	29.0	1.68	1.7
PTHR25040	3610.41	3505.33	4244.76	160.78	162.7
PTHR12765	523.0	470.46	129.0	14.96	15.13
PTHR12505	1810.21	1705.12	659.0	41.91	42.42
PTHR22604	2994.0	2888.92	584.99	22.89	23.17
PTHR21481	1125.0	1072.46	240.0	12.13	12.28
PTHR22778	3555.43	3345.39	402.0	33.52	33.92
PTHR12169	2484.1	2274.12	647.02	38.5	38.97
PTHR19446	2182.0	2024.38	123.0	9.87	9.99
PTHR12219	1398.0	1292.94	2450.0	145.65	147.4
PTHR13561	1947.0	1789.45	70.0	6.86	6.94
PTHR13563	1494.18	1389.1	324.0	20.61	20.86
PTHR12210	6518.73	6151.27	5367.98	337.16	341.19
PTHR12215	1737.53	1579.99	142.0	11.85	12.0
PTHR12214	1132.0	1026.97	132.0	14.11	14.29
PTHR22915	10724.86	10304.63	10142.83	222.31	224.96
PTHR22911	3328.0	3117.85	469.0	27.7	28.03
PTHR22912	15767.93	15242.53	21459.53	638.82	646.46
PTHR12183	610.0	557.46	59.0	5.76	5.83
PTHR19849	895.0	789.95	210.0	27.72	28.05
PTHR22594	7644.0	7223.74	4822.0	232.88	235.67
PTHR21152	4637.1	4479.48	34627.69	1208.02	1222.46
PTHR21021	1425.0	1319.92	134.0	10.69	10.82
PTHR13102	2074.0	1968.92	515.0	29.45	29.8
PTHR12984	2738.0	2632.92	248.0	11.46	11.59
PTHR23293	4769.0	4611.38	11263.34	376.37	380.88
PTHR13299	1039.0	986.46	693.0	38.1	38.55
PTHR10925	1718.0	1612.92	888.0	61.05	61.78
PTHR21737	1782.0	1676.92	566.0	37.89	38.35
PTHR10920	3368.0	3105.32	697.94	54.69	55.34
PTHR10855	2935.72	2830.64	1915.0	66.14	66.92
PTHR10585	2342.0	2236.92	4327.0	218.86	221.48
PTHR10584	12801.63	12118.95	3501.61	173.04	175.11
PTHR11528	7856.0	7435.86	23655.62	1196.37	1210.68
PTHR11527	3502.59	3292.43	4043.0	256.63	259.71
PTHR11525	1433.0	1380.46	267.0	10.47	10.6
PTHR10859	2308.97	2046.42	281.0	38.82	39.28
PTHR10589	2022.74	1917.66	681.01	44.17	44.7
PTHR10588	7044.07	6676.29	1528.0	71.29	72.14
PTHR13038	1900.37	1847.84	594.23	17.39	17.6
PTHR13748	13340.87	12763.06	25126.69	878.62	889.13
PTHR10026	2994.6	2784.44	474.42	39.04	39.51
PTHR24015	14651.22	13968.48	6801.38	277.92	281.26
PTHR24012	25785.24	24104.28	73652.02	4780.55	4837.67
PTHR24011	25277.93	23544.99	34814.01	1720.02	1740.61
PTHR31187	3785.0	3522.34	583.0	46.95	47.52
PTHR21145	717.0	664.46	155.0	12.68	12.83
PTHR10459	7061.71	6746.49	1696.0	65.87	66.67
PTHR11453	1494.0	1336.46	21.0	2.49	2.52
PTHR10108	34398.63	32612.68	21615.51	745.39	754.25
PTHR11986	10447.76	10079.98	12087.59	389.09	393.75
PTHR11455	9118.72	8593.87	7883.0	247.32	250.28
PTHR10102	2174.0	2068.92	508.0	28.45	28.78
PTHR11458	1512.0	1459.46	424.0	15.73	15.91
PTHR10106	839.0	786.46	89.0	6.15	6.22
PTHR31057	1625.15	1467.58	290.87	31.38	31.75
PTHR30115	905.0	852.46	527.0	33.55	33.96
PTHR11851	21799.0	20643.23	15487.92	591.56	598.62
PTHR23092	6073.15	5757.96	894.0	54.5	55.14
PTHR23091	11771.71	10983.76	3340.16	214.48	217.05
PTHR11673	808.0	755.46	26248.18	1887.33	1909.89
PTHR11670	6973.05	6815.43	30280.91	698.0	706.33
PTHR11671	993.0	940.46	1883.01	108.61	109.91
PTHR20863	2102.0	1996.92	2367.0	153.51	155.34
PTHR20861	602.0	549.46	11.0	1.09	1.1
PTHR11679	7660.54	7240.38	3254.78	114.32	115.69
PTHR14009	3523.0	3417.92	2156.0	68.06	68.88
PTHR10217	14570.97	13993.05	3749.09	156.33	158.2
PTHR14005	2778.0	2725.46	4506.88	89.35	90.42
PTHR10210	3946.0	3735.9	2112.74	94.27	95.4
PTHR31522	1274.0	1221.46	1162.0	51.54	52.15
PTHR14221	1577.0	1471.92	374.0	26.96	27.28
PTHR11079	4628.0	4312.94	834.7	62.44	63.19
PTHR11076	7896.27	7265.88	694.0	46.23	46.79
PTHR11070	3563.15	3352.99	529.0	30.7	31.06
PTHR11071	21380.34	19962.27	29288.08	2089.23	2114.17
PTHR11278	1118.0	1012.98	22440.57	1744.18	1765.03
PTHR11276	2487.58	2330.0	302.0	18.25	18.48
PTHR11274	2483.0	2377.92	938.72	39.14	39.62
PTHR14136	3866.0	3655.84	3956.01	251.03	254.03
PTHR31984	3247.11	3089.48	2155.0	130.78	132.33
PTHR15350	2237.0	2131.92	1385.0	60.21	60.93
PTHR15606	3041.0	2830.96	524.0	34.41	34.82
PTHR12374	1688.0	1530.41	424.0	44.78	45.31
PTHR12375	1179.0	1126.46	442.0	21.26	21.52
PTHR12378	3318.0	3107.84	2699.0	184.37	186.57
PTHR18929	7483.0	7010.17	33603.7	1830.87	1852.73
PTHR31724	1772.75	1667.68	322.0	25.74	26.04
PTHR30535	777.0	724.46	29.0	2.18	2.2
PTHR12777	907.0	854.46	2711.25	172.22	174.28
PTHR12775	1459.71	1354.63	239.07	20.22	20.45
PTHR24352	4239.08	4081.47	4068.69	138.57	140.22
PTHR16092	733.0	680.46	458.0	36.59	37.03
PTHR11035	890.0	837.46	1632.0	105.78	107.05
PTHR22298	7183.0	6867.92	1912.96	40.96	41.43
PTHR12174	2796.0	2638.38	850.0	53.06	53.69
PTHR12175	920.0	867.46	542.0	33.91	34.31
PTHR12176	5229.0	4913.8	1731.98	121.08	122.52
PTHR22769	8258.82	7785.98	3208.9	195.79	198.14
PTHR22767	3842.0	3579.37	806.0	48.2	48.77
PTHR22765	10093.17	9725.42	6240.07	218.77	221.36
PTHR22762	5756.0	5598.38	1500.0	43.05	43.56
PTHR22763	2192.64	2035.03	2152.83	137.03	138.66
PTHR22761	2626.11	2468.49	5917.25	313.74	317.48
PTHR21231	2425.0	2319.92	911.0	41.58	42.08
PTHR21230	1491.0	1385.96	2065.0	105.98	107.24
PTHR21234	2547.71	2442.63	379.0	16.81	17.02
PTHR21237	3957.12	3799.5	5447.03	230.75	233.5
PTHR12202	838.0	733.02	148.0	24.88	25.18
PTHR12203	1974.1	1869.04	330.95	15.23	15.41
PTHR19857	1223.0	1170.46	367.0	16.99	17.19
PTHR13355	654.0	601.46	23.0	2.08	2.11
PTHR19855	1722.55	1670.01	279.12	9.04	9.15
PTHR19852	400.0	347.49	34.0	5.36	5.42
PTHR19853	3673.0	3410.39	600.0	48.58	49.18
PTHR12197	11016.75	10124.35	2316.0	147.7	149.47
PTHR13822	1158.0	1105.46	2456.0	120.41	121.85
PTHR32442	1726.0	1673.46	874.0	28.26	28.6
PTHR10344	740.0	687.46	14.0	1.11	1.12
PTHR21319	5903.16	5640.47	6716.01	252.08	255.08
PTHR10732	598.0	545.46	25322.95	2528.43	2558.65
PTHR10739	3126.72	2969.1	4491.31	270.04	273.26
PTHR12992	755.86	703.33	124.0	9.58	9.7
PTHR22838	1785.0	1732.46	447.0	13.96	14.13
PTHR22881	1455.0	1349.92	708.0	59.33	60.04
PTHR11588	3127.38	2969.76	18880.25	570.6	577.43
PTHR11934	1832.0	1726.92	1190.0	72.27	73.14
PTHR10693	978.84	926.3	534.0	31.27	31.65
PTHR10938	1703.0	1650.46	8636.68	283.14	286.53
PTHR10934	918.0	865.46	21529.3	1350.07	1366.21
PTHR14490	892.0	786.96	107.0	14.89	15.07
PTHR11510	2448.0	2395.46	3641.0	82.16	83.14
PTHR11516	5005.29	4795.14	5296.0	256.85	259.93
PTHR10025	3154.0	2891.36	1779.38	162.64	164.59
PTHR10027	4684.03	4421.33	1314.95	78.49	79.43
PTHR13009	1712.0	1659.46	973.2	31.73	32.11
PTHR13007	785.0	732.46	356.0	26.41	26.72
PTHR11863	2241.0	2135.92	157.0	9.67	9.79
PTHR17901	673.0	620.46	84.0	7.37	7.45
PTHR24351	1077.65	972.85	84.0	9.74	9.86
PTHR20981	688.0	635.46	23570.09	2017.43	2041.54
PTHR20982	865.0	812.46	207.0	13.83	14.0
PTHR11864	4203.98	3993.82	1764.0	82.0	82.97
PTHR11467	580.0	527.46	1996.29	206.19	208.66
PTHR10119	8240.0	8029.84	3428.41	74.91	75.81
PTHR10114	441.0	388.47	13666.58	1922.96	1945.95
PTHR10110	8058.96	7848.8	4414.99	122.88	124.35
PTHR11469	2800.0	2694.92	9588.35	244.09	247.01
PTHR10598	2548.56	2496.02	1323.0	28.65	28.99
PTHR24286	7936.0	7568.33	3542.0	129.25	130.79
PTHR23429	3655.79	3550.71	5559.02	167.61	169.61
PTHR23426	2036.58	1878.97	557.1	45.25	45.79
PTHR10593	2262.74	2157.66	930.0	48.42	49.0
