GeneFamily	length	effective_length	expected_count	TPM	FPKM
PTHR11649	9761.14	9224.5	4036.11	257.07	251.27
PTHR31089	487.0	438.22	113.0	16.15	15.78
PTHR31085	2585.0	2438.63	1174.0	88.07	86.09
PTHR11647	1594.0	1545.21	615.0	24.67	24.11
PTHR11645	551.0	502.21	450.0	56.02	54.75
PTHR11880	1204.0	1106.42	11116.98	1224.26	1196.66
PTHR11885	1070.0	1021.21	7194.24	437.64	427.77
PTHR10209	3636.0	3489.63	537.0	27.23	26.61
PTHR32429	3342.0	3146.89	10610.74	468.27	457.73
PTHR12403	2197.46	2099.88	876.0	48.07	46.99
PTHR31423	4228.0	4130.42	2991.86	59.92	58.57
PTHR31551	417.0	368.23	162.0	27.62	27.0
PTHR32195	2769.0	2622.64	528.0	23.55	23.01
PTHR11081	5554.0	5310.06	989.0	55.61	54.36
PTHR11080	2187.89	2090.31	1572.81	77.07	75.33
PTHR11082	5759.0	5466.36	621.0	40.23	39.31
PTHR11085	4858.53	4614.59	5773.5	306.71	299.8
PTHR11089	8385.61	7946.52	3132.09	185.59	181.41
PTHR32518	3100.0	3002.42	1260.45	48.77	47.68
PTHR11247	1447.0	1398.21	1796.0	79.66	77.86
PTHR32512	811.0	713.48	123.0	21.62	21.14
PTHR23088	6341.0	6097.05	3751.0	192.85	188.5
PTHR23089	1470.0	1372.42	1695.94	145.97	142.68
PTHR23081	5328.76	4987.25	890.0	62.64	61.21
PTHR23083	23836.01	22811.43	4448.07	247.26	241.66
PTHR23084	5600.0	5356.05	2954.16	95.65	93.49
PTHR23086	3422.0	3178.27	398.09	34.2	33.44
PTHR18806	1385.0	1287.43	148.0	12.87	12.58
PTHR31953	4873.07	4677.91	5276.28	157.81	154.26
PTHR15184	10476.13	10134.61	23817.03	833.21	814.42
PTHR15341	530.0	481.21	62.84	8.17	7.98
PTHR32357	543.0	494.21	126.0	15.94	15.58
PTHR15169	1588.0	1490.42	113.0	10.09	9.87
PTHR12341	8347.52	8005.99	1766.2	96.74	94.57
PTHR15160	4291.22	4144.85	1780.0	123.53	120.73
PTHR18937	9327.54	8888.46	3914.15	199.39	194.87
PTHR18934	17997.78	17022.18	8357.76	356.67	348.62
PTHR12742	2142.86	2045.29	961.54	57.87	56.57
PTHR12741	731.0	682.21	536.0	48.96	47.86
PTHR19288	5147.0	4854.29	3694.05	170.03	166.2
PTHR12975	3436.0	3192.09	164.0	15.58	15.23
PTHR13902	2805.05	2609.92	1666.04	135.09	132.05
PTHR13903	888.68	839.89	669.02	49.55	48.43
PTHR22753	4360.0	4164.84	187.0	11.29	11.03
PTHR30615	684.0	635.21	120.0	11.78	11.51
PTHR22939	14603.24	13968.99	2827.02	146.05	142.76
PTHR22938	3664.0	3468.89	724.0	40.03	39.13
PTHR16266	2709.0	2562.63	344.55	28.37	27.73
PTHR30612	6003.0	5856.63	1848.98	49.28	48.18
PTHR22932	630.52	581.73	1219.26	130.81	127.86
PTHR21228	51512.22	48536.75	20415.79	1075.67	1051.4
PTHR13343	5405.0	5112.28	3497.89	222.07	217.07
PTHR12233	2608.0	2559.21	894.0	21.62	21.13
PTHR22936	3514.41	3368.04	1877.97	65.38	63.9
PTHR10993	1412.0	1314.43	161.0	12.42	12.13
PTHR31038	883.97	835.27	137.0	10.2	9.97
PTHR13832	25914.68	24500.08	15210.0	996.88	974.38
PTHR21139	1403.92	1355.13	3014.72	137.98	134.87
PTHR21136	4638.15	4442.99	6002.85	330.32	322.87
PTHR12526	38191.22	36873.93	39714.12	1255.36	1227.07
PTHR13124	565.0	516.21	83.0	10.05	9.82
PTHR13120	548.0	499.21	204.99	25.67	25.09
PTHR22809	1551.0	1453.42	77.0	5.88	5.74
PTHR22807	6403.0	5915.25	431.03	36.79	35.96
PTHR20661	261.81	213.63	32.0	9.5	9.29
PTHR10900	17225.06	16542.59	36038.46	1746.97	1707.58
PTHR10906	3444.0	3346.42	10871.63	440.88	430.95
PTHR10909	18573.0	17938.74	14208.17	633.25	618.99
PTHR10055	2464.36	2366.79	752.0	39.51	38.61
PTHR10057	2528.67	2382.81	4700.65	329.62	322.18
PTHR10052	736.0	687.21	16521.02	1497.97	1464.2
PTHR13017	981.0	932.21	382.0	25.47	24.9
PTHR13018	14977.5	14440.92	8504.59	224.96	219.9
PTHR10694	2328.52	2182.24	5664.02	275.36	269.15
PTHR12839	2351.83	2156.77	169.0	17.36	16.98
PTHR10954	979.0	930.21	62.0	4.14	4.05
PTHR12835	2032.0	1934.42	143.0	8.62	8.43
PTHR24031	51705.53	49023.18	48815.91	2333.49	2280.9
PTHR24032	1032.0	983.21	129.0	8.15	7.97
PTHR24349	42516.8	40468.09	27160.15	1374.98	1344.0
PTHR24619	1968.0	1870.42	338.0	16.83	16.44
PTHR24343	15318.8	14440.79	16677.23	686.71	671.25
PTHR11472	5721.53	5477.62	650.0	25.71	25.12
PTHR24347	7007.95	6569.14	1941.0	123.69	120.9
PTHR11476	4764.0	4617.63	4007.0	110.12	107.64
PTHR11477	1107.0	1009.45	254.0	26.81	26.21
PTHR10438	16402.0	15621.36	26884.31	2047.78	2001.63
PTHR10476	2397.0	2250.68	2012.4	155.38	151.87
PTHR11538	3173.0	3075.42	1512.95	57.25	55.96
PTHR24290	2231.47	2085.1	322.0	25.33	24.75
PTHR12730	2753.0	2606.63	515.0	36.99	36.14
PTHR23413	849.0	751.59	13562.72	1712.53	1673.92
PTHR23417	4666.32	4519.96	502.0	19.46	19.02
PTHR23416	5082.0	4838.05	3580.0	196.51	192.08
PTHR23415	1631.0	1533.42	2601.72	184.12	179.97
PTHR12736	1532.46	1483.67	551.1	23.03	22.51
PTHR10871	4428.0	4232.84	19852.04	1903.42	1860.51
PTHR23418	744.0	695.21	1529.0	137.03	133.94
PTHR10877	6263.32	5873.13	888.0	55.23	53.98
PTHR31096	5363.7	4973.43	8869.99	636.09	621.76
PTHR11655	2081.0	1934.63	32089.88	2901.81	2836.39
PTHR11652	2341.03	2145.99	18641.74	1754.2	1714.65
PTHR20883	3299.0	3201.42	946.0	36.98	36.15
PTHR11895	8512.46	8073.37	2454.84	136.58	133.49
PTHR10277	3245.0	3147.42	3142.59	111.42	108.91
PTHR14027	2837.0	2641.89	669.0	55.34	54.09
PTHR13691	1164.02	1066.45	317.0	35.44	34.63
PTHR11246	5887.0	5691.84	1715.0	74.65	72.96
PTHR23180	6955.0	6467.15	2880.24	214.45	209.58
PTHR14593	2681.0	2437.13	224.75	27.35	26.74
PTHR11093	3316.0	3218.42	2494.98	94.17	92.04
PTHR11096	2734.0	2636.42	231.0	10.93	10.68
PTHR23346	7911.0	7764.63	1686.0	35.6	34.8
PTHR10309	1233.0	1184.21	189.82	9.95	9.72
PTHR14107	2204.24	2057.95	617.0	43.57	42.6
PTHR11252	4512.0	4316.84	574.0	30.47	29.79
PTHR11254	13633.79	13048.47	5279.39	273.97	267.78
PTHR11255	2621.24	2523.66	1653.0	80.52	78.71
PTHR14110	1682.0	1584.43	359.0	30.02	29.34
PTHR14374	1423.0	1374.21	369.0	16.65	16.28
PTHR18838	2224.0	2077.68	386.0	28.99	28.34
PTHR14534	663.0	614.21	170.98	17.36	16.97
PTHR12687	1197.0	1148.21	167.0	9.03	8.83
PTHR15157	4477.69	4282.58	948.0	50.89	49.75
PTHR18901	9365.36	8926.25	3020.0	158.57	154.99
PTHR12755	1418.87	1321.45	562.0	34.88	34.09
PTHR12750	5403.76	4964.94	2366.04	194.78	190.38
PTHR12753	1329.0	1280.21	372.0	18.03	17.62
PTHR15081	883.0	785.45	57.0	8.96	8.76
PTHR15574	8882.71	8394.98	1235.83	76.14	74.42
PTHR12506	2740.23	2593.87	1472.0	82.69	80.84
PTHR24006	19898.89	18825.82	6748.93	355.29	347.29
PTHR12358	305.0	256.38	7.0	1.73	1.69
PTHR22748	3942.84	3698.89	598.0	48.43	47.34
PTHR12356	1630.83	1533.25	742.0	51.75	50.59
PTHR12221	1276.0	1227.21	461.0	23.31	22.79
PTHR21213	860.0	811.21	943.0	72.33	70.7
PTHR19879	2239.01	2043.97	391.0	41.61	40.67
PTHR12226	1034.0	985.21	558.65	35.23	34.44
PTHR19876	3557.09	3459.52	4293.95	145.9	142.62
PTHR19877	1376.0	1327.21	1537.0	71.83	70.22
PTHR31190	1696.15	1598.6	1655.77	128.99	126.09
PTHR12538	515.0	466.21	13155.26	1765.6	1725.79
PTHR12537	2209.0	2111.42	1351.0	75.4	73.69
PTHR12532	1801.0	1752.21	295.0	10.43	10.2
PTHR13486	1254.0	1205.21	679.0	34.96	34.18
PTHR20275	3960.48	3765.39	3309.42	181.08	176.99
PTHR13489	498.0	449.22	63.0	8.78	8.58
PTHR17583	2530.0	2383.64	403.0	35.2	34.41
PTHR24198	12577.52	11943.41	3032.0	167.65	163.88
PTHR10048	4729.27	4485.32	2233.04	142.14	138.94
PTHR10046	3072.0	2876.84	325.0	27.82	27.21
PTHR10044	964.0	915.21	363.0	24.66	24.1
PTHR11998	5240.55	4996.6	3395.12	189.54	185.26
PTHR13060	846.0	797.21	18.0	1.41	1.37
PTHR10687	1801.0	1703.42	1086.0	91.41	89.35
PTHR13069	3204.04	3008.88	320.0	25.05	24.49
PTHR10681	4111.5	3867.64	12410.31	794.66	776.73
PTHR10682	1568.23	1519.45	639.0	26.07	25.48
PTHR10683	4708.47	4562.1	15050.44	539.82	527.65
PTHR12829	1579.0	1432.78	287.0	25.85	25.26
PTHR12820	2704.0	2557.64	731.0	44.79	43.79
PTHR12826	1011.0	962.21	469.48	30.32	29.64
PTHR12827	2097.0	1901.99	108.0	14.19	13.87
PTHR17920	1717.0	1619.54	797.0	41.34	40.4
PTHR10137	1736.0	1687.21	1609.0	59.09	57.76
PTHR11405	3257.47	3159.89	9511.3	329.86	322.42
PTHR11404	2952.42	2854.84	23511.1	1293.01	1263.86
PTHR11406	2397.0	2299.42	57571.45	2284.96	2233.45
PTHR14744	922.0	873.21	46.0	3.28	3.2
PTHR13468	1320.69	1271.9	259.0	12.63	12.35
PTHR23406	10082.25	9789.56	10501.21	331.51	324.05
PTHR23407	1205.4	1156.61	234.0	12.56	12.28
PTHR10869	11542.59	11152.27	7577.6	336.26	328.7
PTHR31717	483.38	434.6	767.0	110.53	108.03
PTHR13393	1238.0	1140.42	250.0	27.33	26.72
PTHR12696	3510.67	3364.3	6818.99	485.68	474.74
PTHR11315	4016.99	3821.83	3084.96	161.16	157.53
PTHR10139	1636.0	1538.45	110.0	7.38	7.22
PTHR10264	3897.95	3751.58	8585.8	398.4	389.42
PTHR10263	1585.0	1487.42	3990.0	317.11	309.95
PTHR31155	1100.39	1002.83	115.0	12.35	12.07
PTHR32170	2952.0	2805.63	408.0	26.3	25.7
PTHR23350	1745.0	1647.42	173.0	12.67	12.38
PTHR23354	2582.0	2435.63	689.0	47.27	46.21
PTHR23355	5621.93	5377.98	1803.0	104.22	101.88
PTHR23359	7380.84	7039.47	3131.0	175.78	171.82
PTHR11227	2874.0	2776.42	668.0	36.19	35.38
PTHR11220	6765.0	6472.26	4071.66	197.35	192.89
PTHR11223	4321.0	4174.63	830.12	37.14	36.3
PTHR11229	2490.29	2392.71	2135.83	122.55	119.79
PTHR10314	16996.79	16362.68	29697.85	1220.24	1192.73
PTHR14303	650.0	601.21	389.0	40.37	39.46
PTHR23308	4409.0	4116.32	1647.01	125.75	122.92
PTHR11139	23423.51	22399.25	5549.19	230.97	225.77
PTHR15362	1242.0	1144.42	35.0	3.75	3.66
PTHR11132	18006.94	17226.37	6536.48	311.56	304.55
PTHR11134	3945.0	3847.42	2963.0	94.84	92.7
PTHR11136	2230.68	2133.1	333.0	19.4	18.96
PTHR32374	1866.0	1719.64	164.0	18.93	18.5
PTHR31579	5739.37	5251.57	2702.93	282.47	276.08
PTHR32379	1031.0	982.21	134.0	8.48	8.29
PTHR18919	1585.0	1487.42	579.0	35.6	34.79
PTHR32002	1307.84	1210.27	509.0	48.18	47.09
PTHR14413	1228.0	1130.42	1293.0	123.57	120.78
PTHR22891	1962.19	1815.84	398.0	40.65	39.73
PTHR22893	1703.0	1654.21	377.0	14.12	13.8
PTHR10778	3621.17	3474.81	3807.53	191.8	187.48
PTHR10072	4861.59	4666.43	3322.02	164.61	160.9
PTHR12786	3026.61	2929.04	2121.0	87.82	85.84
PTHR12782	1345.0	1247.42	350.0	34.76	33.98
PTHR11214	1255.0	1206.21	134.0	6.89	6.74
PTHR24063	28469.8	27494.09	22320.17	647.69	633.09
PTHR10182	1141.0	1092.21	688.46	39.14	38.26
PTHR13923	3267.0	3071.84	2788.01	229.18	224.01
PTHR12321	2839.0	2741.42	2448.0	136.19	133.12
PTHR12320	5583.8	5242.39	3037.45	243.02	237.55
PTHR12323	1120.0	1022.46	125.0	15.89	15.53
PTHR16201	1857.0	1759.42	384.0	30.44	29.76
PTHR21015	1332.0	1283.21	922.0	44.58	43.57
PTHR16196	1027.0	929.45	383.0	47.32	46.26
PTHR16193	899.0	850.21	72.0	5.27	5.15
PTHR22792	2580.3	2385.26	1410.98	130.0	127.07
PTHR22790	1999.0	1901.42	126.0	8.23	8.04
PTHR21680	1520.0	1471.21	1133.0	47.75	46.67
PTHR21689	664.0	615.21	49.0	4.97	4.86
PTHR21113	2850.61	2704.24	1371.99	83.84	81.94
PTHR19316	693.0	595.58	85.0	18.51	18.1
PTHR21663	2353.0	2206.64	188.0	15.58	15.22
PTHR13253	5472.0	5130.47	2153.98	182.57	178.46
PTHR22603	1856.0	1709.69	212.04	23.04	22.52
PTHR21206	840.0	791.21	105.0	8.26	8.07
PTHR13789	12070.88	11436.8	12966.39	417.86	408.43
PTHR10071	2083.73	1888.6	327.0	45.52	44.49
PTHR24188	5175.0	5028.63	1784.68	54.78	53.55
PTHR13780	5558.64	5217.13	6062.71	414.26	404.92
PTHR10670	6519.0	6226.27	505.0	28.83	28.17
PTHR10677	1550.0	1452.42	1691.0	140.09	136.93
PTHR13078	1966.66	1869.14	131.0	12.49	12.21
PTHR12815	5438.92	5243.76	3484.0	145.41	142.13
PTHR12814	1397.0	1299.42	491.0	47.57	46.5
PTHR24361	9603.81	9213.52	6503.26	267.86	261.83
PTHR24362	7432.42	6993.37	9215.34	421.34	411.84
PTHR10416	1684.46	1538.42	224.0	23.36	22.83
PTHR10410	4005.0	3858.63	2091.86	106.54	104.14
PTHR10783	6819.65	6429.47	48405.11	1754.16	1714.6
PTHR10782	1177.0	1128.21	146.0	8.03	7.85
PTHR13476	2476.52	2379.03	849.0	42.58	41.62
PTHR10788	8093.61	7849.66	6210.0	246.76	241.19
PTHR10891	8202.63	7763.53	23784.32	1429.07	1396.87
PTHR10890	2461.0	2363.42	791.0	37.5	36.65
PTHR20426	1128.24	1079.45	345.0	19.85	19.4
PTHR23213	2645.0	2449.84	415.0	41.91	40.96
PTHR10520	4945.0	4798.63	4617.04	135.47	132.42
PTHR10250	1465.0	1367.42	11536.38	1045.64	1022.06
PTHR10527	11418.27	11076.74	6879.95	216.6	211.72
PTHR10099	5006.0	4957.21	8043.38	100.27	98.01
PTHR31385	5183.97	4988.82	5890.01	197.96	193.5
PTHR10091	1342.0	1293.21	457.0	21.92	21.43
PTHR31142	1664.0	1615.21	1899.0	72.86	71.22
PTHR31140	555.25	506.46	189.0	23.33	22.8
PTHR11787	2901.37	2803.79	2248.06	80.89	79.08
PTHR11785	13456.0	13163.26	8884.23	212.2	207.4
PTHR11782	6518.71	6177.24	2541.29	111.81	109.3
PTHR31419	711.0	662.21	31.0	2.92	2.85
PTHR11780	1981.0	1932.21	5907.75	189.36	185.09
PTHR23151	7065.18	6577.37	7146.13	551.57	539.12
PTHR21141	2987.0	2743.25	53836.91	7028.87	6870.41
PTHR32148	4334.21	4090.33	5170.88	266.57	260.56
PTHR23324	6172.42	5977.26	3003.12	111.05	108.54
PTHR23326	3334.0	3187.63	3402.39	207.98	203.29
PTHR23321	830.0	781.21	216.96	17.29	16.9
PTHR23323	4377.81	4085.18	1353.44	110.96	108.44
PTHR23322	3424.0	3180.09	1361.0	130.7	127.77
PTHR23329	1769.0	1622.65	183.0	19.36	18.92
PTHR11236	2757.0	2610.63	941.0	58.65	57.32
PTHR20932	3652.0	3505.63	2070.0	79.25	77.45
PTHR10322	9830.0	9390.9	1343.91	76.93	75.2
PTHR11239	963.0	865.45	378.0	55.68	54.42
PTHR10555	6846.0	6553.27	2473.53	116.03	113.41
PTHR31964	10062.16	9720.63	13376.1	687.71	672.22
PTHR23030	3776.78	3679.2	7767.73	244.11	238.61
PTHR11129	2264.76	2118.5	947.0	78.53	76.77
PTHR11122	5212.25	5017.09	4261.0	177.73	173.73
PTHR15316	2419.0	2223.85	1450.36	165.08	161.36
PTHR11127	581.0	532.21	19384.97	2275.45	2224.15
PTHR11125	2229.0	2131.42	585.23	26.41	25.82
PTHR31566	1674.0	1625.21	363.0	13.84	13.53
PTHR31567	1245.0	1196.21	6033.81	313.06	306.0
PTHR31561	8880.34	8295.59	8858.01	338.69	331.06
PTHR15137	496.0	447.22	55.0	7.7	7.53
PTHR15954	898.0	800.51	165.07	26.28	25.68
PTHR15952	3943.0	3699.07	510.0	39.19	38.31
PTHR21597	2302.0	2204.42	435.0	25.06	24.5
PTHR19271	4042.0	3895.63	72.0	3.4	3.33
PTHR22931	14132.62	13547.67	130427.75	2624.61	2565.41
PTHR11361	15495.84	14813.03	1627.16	66.1	64.6
PTHR12029	4452.0	4061.81	324.0	32.07	31.35
PTHR21220	1363.0	1314.21	703.0	33.18	32.43
PTHR31588	1668.38	1570.84	1565.24	127.63	124.74
PTHR22780	2657.0	2559.43	1254.0	51.41	50.25
PTHR21477	1616.3	1518.72	519.0	37.78	36.93
PTHR19308	3253.0	3106.63	6258.09	315.58	308.46
PTHR19306	3682.0	3584.42	766.98	25.63	25.06
PTHR16301	2175.0	2028.64	135.0	10.55	10.32
PTHR13265	1136.0	1087.21	174.0	9.94	9.71
PTHR22870	26865.55	25792.45	19077.45	939.26	918.08
PTHR17630	6874.06	6678.9	2675.52	72.09	70.47
PTHR10064	565.79	517.03	17089.39	2065.44	2018.87
PTHR10066	10986.0	10644.47	20606.93	446.71	436.63
PTHR10060	2186.0	1990.86	350.0	42.37	41.42
PTHR10663	14139.0	13456.03	3422.0	200.52	196.01
PTHR10666	1783.55	1637.19	35489.31	3592.95	3511.95
PTHR10668	9898.61	9361.95	2716.99	196.7	192.28
PTHR12801	2846.23	2651.1	612.99	54.5	53.26
PTHR12802	4217.0	4021.86	526.0	26.32	25.74
PTHR12805	1234.0	1136.43	99.0	10.55	10.31
PTHR12806	1024.0	975.21	222.0	14.15	13.83
PTHR21091	7690.81	7349.28	1980.0	94.8	92.67
PTHR21090	1816.0	1767.21	2004.16	70.26	68.68
PTHR12281	2328.0	2230.42	495.0	25.88	25.3
PTHR13734	3010.0	2863.64	939.32	63.72	62.29
PTHR24315	953.0	904.21	1217.0	83.68	81.79
PTHR24314	2301.47	2106.74	677.0	59.18	57.84
PTHR11933	1687.0	1540.64	135.0	15.84	15.48
PTHR24316	4767.74	4523.86	3113.0	161.94	158.29
PTHR11426	1962.0	1864.42	2303.11	152.9	149.45
PTHR11937	8625.77	8137.99	24667.34	2310.68	2258.59
PTHR11938	17882.0	17491.68	27166.21	439.25	429.34
PTHR13683	8390.15	7902.38	4440.29	371.13	362.76
PTHR24089	39189.59	37043.56	62631.25	3218.77	3146.22
PTHR10796	4195.0	4048.64	1033.0	51.86	50.69
PTHR10794	3586.73	3440.36	858.87	50.53	49.39
PTHR10795	14502.09	13916.77	8516.56	335.9	328.33
PTHR10792	586.0	537.21	14284.14	1660.92	1623.48
PTHR10799	56983.73	54057.22	12933.32	619.91	605.91
PTHR10882	866.0	817.21	163.0	12.41	12.13
PTHR10887	18377.24	17206.6	3627.0	225.46	220.4
PTHR11686	2019.0	1872.63	227.0	23.44	22.91
PTHR11685	4454.58	4259.64	774.0	44.38	43.39
PTHR11680	3399.93	3204.8	11557.08	485.91	474.96
PTHR24221	18486.99	17852.77	3955.23	167.91	164.1
PTHR24220	7122.0	6829.26	5771.45	256.89	251.1
PTHR24223	28019.22	27092.21	101677.31	2903.17	2837.74
PTHR11689	11130.0	10739.68	2923.0	126.52	123.66
PTHR10252	2051.0	1855.89	324.0	40.73	39.82
PTHR10537	1738.0	1689.21	118.0	4.33	4.23
PTHR31173	3687.0	3491.94	510.0	27.08	26.47
PTHR10997	12342.0	12000.47	2928.46	95.63	93.48
PTHR31606	644.0	595.21	205.0	21.49	21.01
PTHR31356	2765.0	2667.42	13370.83	646.28	631.72
PTHR31352	7207.81	6915.1	5453.0	218.14	213.23
PTHR31350	3617.0	3470.63	365.0	20.41	19.95
PTHR11758	623.0	574.21	14927.61	1622.72	1586.14
PTHR23333	1227.0	1178.21	1031.0	54.31	53.09
PTHR11203	4395.86	4200.71	1904.59	81.05	79.23
PTHR11753	2396.0	2249.63	1992.69	161.04	157.41
PTHR11200	14018.39	13433.12	4915.77	193.65	189.27
PTHR24423	5469.79	5274.63	1502.67	69.77	68.2
PTHR11206	14183.3	13501.43	2623.0	114.62	112.02
PTHR11757	9145.0	8754.72	3874.0	113.37	110.83
PTHR24420	51036.63	49524.57	14782.98	514.43	502.84
PTHR10332	5800.0	5604.85	2666.0	92.18	90.1
PTHR32557	992.0	943.21	743.0	48.96	47.86
PTHR14145	2949.0	2851.42	4153.08	175.87	171.91
PTHR13600	4624.59	4380.69	1075.0	65.28	63.8
PTHR31384	1963.07	1865.5	244.0	17.02	16.65
PTHR15744	1263.77	1166.21	212.0	24.07	23.53
PTHR23029	7656.02	7363.32	5396.77	188.74	184.5
PTHR23023	3139.0	2895.08	258.0	23.18	22.65
PTHR21294	1602.0	1553.21	1854.0	73.99	72.32
PTHR11119	2665.11	2518.75	141.0	10.75	10.51
PTHR31595	3910.11	3666.17	942.45	57.78	56.48
PTHR31596	1813.0	1764.21	223.0	7.83	7.65
PTHR21290	916.0	867.21	108.0	7.75	7.57
PTHR15948	1348.0	1250.43	243.0	25.61	25.03
PTHR31412	3794.0	3696.42	2311.0	72.71	71.07
PTHR32026	1319.0	1270.21	666.07	32.53	31.8
PTHR31829	1129.0	1080.21	5152.0	296.18	289.51
PTHR14898	1424.41	1375.62	369.0	16.64	16.26
PTHR19241	37458.85	35507.71	14657.75	870.36	850.66
PTHR15239	3442.29	3247.16	888.0	55.82	54.56
PTHR19854	4054.83	3859.67	4000.0	196.0	191.59
PTHR32497	3914.0	3767.63	1721.1	99.65	97.4
PTHR12497	2185.0	1989.85	234.0	28.72	28.06
PTHR12302	1543.0	1494.21	6211.97	257.74	251.93
PTHR12652	2228.0	2179.21	2308.0	65.57	64.09
PTHR12304	1193.0	1144.21	95.0	5.15	5.04
PTHR30540	2168.0	2070.43	246.81	12.4	12.12
PTHR30544	4662.51	4418.56	817.0	55.69	54.43
PTHR13302	2405.0	2209.92	485.0	45.87	44.85
PTHR12472	1222.0	1124.47	120.0	11.42	11.16
PTHR13308	978.0	929.21	4761.62	318.53	311.35
PTHR12477	2535.56	2389.22	497.0	31.0	30.29
PTHR13878	9541.64	9053.78	2613.0	95.22	93.07
PTHR21461	3876.0	3729.63	1211.34	52.11	50.94
PTHR13872	5976.37	5635.0	12052.1	1303.86	1274.47
PTHR23327	3973.0	3729.06	2204.4	143.29	140.06
PTHR22849	5063.86	4722.34	2133.17	183.56	179.41
PTHR21314	1027.0	978.21	300.03	19.06	18.63
PTHR13271	17828.1	16901.6	6547.84	404.49	395.36
PTHR22841	3878.0	3634.1	1026.99	67.92	66.38
PTHR13273	1056.0	1007.21	1855.0	114.42	111.84
PTHR22847	21830.92	20757.73	6340.38	374.17	365.73
PTHR22846	2370.0	2272.42	1017.0	52.83	51.64
PTHR22844	9563.0	9172.72	3365.0	155.83	152.33
PTHR13890	4665.43	4323.91	2038.2	197.93	193.48
PTHR23284	1406.0	1357.21	233.0	10.65	10.41
PTHR21266	14933.35	14250.44	8697.8	383.26	374.63
PTHR12271	2724.0	2626.42	438.0	19.37	18.94
PTHR21262	5467.0	5125.49	3816.26	228.06	222.91
PTHR12276	1078.0	980.51	272.0	24.97	24.4
PTHR10657	1538.0	1391.66	752.3	99.29	97.05
PTHR16557	348.0	299.28	4.0	0.84	0.82
PTHR10655	414.0	365.23	11.0	1.89	1.85
PTHR10652	1290.0	1192.42	998.97	102.64	100.33
PTHR17972	3395.88	3200.74	546.87	40.99	40.06
PTHR21085	1224.0	1175.21	566.0	29.89	29.22
PTHR11922	4524.0	4328.84	4107.97	186.62	182.41
PTHR11926	6356.39	6063.72	1882.0	85.05	83.12
PTHR11431	1990.0	1941.21	6534.9	208.49	203.79
PTHR10430	3744.98	3549.84	10039.01	559.83	547.2
PTHR10436	5501.0	5062.21	643.14	59.63	58.28
PTHR10434	1159.0	1110.21	101.56	5.68	5.55
PTHR24096	19520.03	18641.88	12575.22	617.62	603.71
PTHR13693	6153.28	5909.33	1702.23	76.28	74.57
PTHR24095	11501.9	11014.1	38667.14	936.85	915.73
PTHR24092	9949.51	9559.22	3184.06	161.12	157.49
PTHR24093	54124.61	51442.18	58649.7	2585.37	2527.03
PTHR13451	1609.0	1560.21	143.06	5.68	5.56
PTHR13452	1004.0	906.44	356.0	43.0	42.03
PTHR10759	583.0	534.21	12178.12	1424.08	1391.98
PTHR12901	784.0	735.21	498.0	42.18	41.23
PTHR12903	660.0	611.21	114.0	11.63	11.37
PTHR23237	935.0	886.21	472.65	33.16	32.42
PTHR10501	619.0	570.21	341.0	37.33	36.49
PTHR31169	663.0	614.21	41.0	4.16	4.07
PTHR12277	3411.0	3264.63	1457.17	82.44	80.57
PTHR14087	510.0	461.21	51.0	6.92	6.76
PTHR23309	3633.0	3535.42	9335.84	310.98	303.97
PTHR14085	1918.0	1869.21	293.0	9.71	9.49
PTHR31344	2298.23	2200.65	440.0	27.3	26.69
PTHR31619	1937.0	1888.21	5217.96	171.16	167.3
PTHR23306	1209.0	1111.43	340.0	34.59	33.8
PTHR23305	2081.97	1984.39	5615.0	261.48	255.58
PTHR14089	1949.0	1851.42	542.0	28.22	27.59
PTHR11748	9366.42	9122.48	11220.02	257.66	251.84
PTHR11742	3317.0	3121.94	567.0	37.76	36.89
PTHR11216	5379.0	5086.26	1720.91	94.89	92.75
PTHR11210	1646.0	1548.43	1386.14	86.99	85.03
PTHR14154	4831.0	4538.31	5241.82	405.5	396.37
PTHR14155	2294.0	2147.64	449.0	36.48	35.66
PTHR10343	3922.0	3726.84	1302.04	86.81	84.85
PTHR11699	10774.0	10432.48	8494.97	294.5	287.88
PTHR11692	2029.0	1980.21	1910.0	59.73	58.39
PTHR11693	1356.0	1307.21	12391.67	588.06	574.8
PTHR11695	17302.99	16522.57	12412.76	577.3	564.3
PTHR31760	375.0	326.25	8.0	1.54	1.51
PTHR31840	311.0	262.36	68.0	16.37	16.0
PTHR31906	9000.6	8561.49	2031.0	118.4	115.73
PTHR21419	1735.0	1686.21	1257.11	46.2	45.15
PTHR23012	10828.23	10340.34	20494.5	913.4	892.8
PTHR11101	8918.48	8674.66	51018.23	1132.38	1106.85
PTHR11102	3860.0	3664.95	1251.19	120.02	117.32
PTHR11106	1475.0	1426.21	448.98	19.52	19.08
PTHR31585	1142.96	1045.4	111.0	12.53	12.25
PTHR32125	1689.0	1591.42	173.0	13.72	13.41
PTHR32120	660.0	611.21	47.0	4.8	4.69
PTHR15680	756.0	707.21	316.0	27.83	27.21
PTHR11374	2727.0	2678.21	5206.47	120.28	117.57
PTHR11808	4051.0	3953.42	2893.0	68.57	67.02
PTHR26312	2147.7	2001.33	250.0	19.86	19.41
PTHR12000	3589.0	3442.64	1754.96	72.62	70.99
PTHR18895	5197.0	4953.07	679.68	34.62	33.84
PTHR12486	310.0	261.36	18.0	4.35	4.25
PTHR12480	3310.43	3164.08	682.0	30.54	29.84
PTHR12482	2648.0	2452.86	139.0	12.29	12.02
PTHR11042	2823.95	2628.88	499.99	40.32	39.4
PTHR12317	11480.0	11089.68	4550.09	223.04	218.02
PTHR12649	1133.0	1035.48	277.0	25.13	24.56
PTHR13992	1010.0	961.21	228.0	14.74	14.41
PTHR12461	5259.0	4868.87	716.02	71.4	69.81
PTHR12466	1409.0	1311.42	180.0	16.8	16.42
PTHR10098	847.59	798.8	532.89	41.51	40.58
PTHR13847	10094.11	9606.49	7524.34	469.13	458.54
PTHR22854	2025.0	1927.42	1304.97	66.05	64.57
PTHR12001	2508.0	2410.43	789.23	26.46	25.86
PTHR21327	2138.24	2040.66	812.0	50.73	49.59
PTHR21631	7090.04	6846.13	64910.53	1991.74	1946.85
PTHR22855	4764.69	4618.33	7722.2	338.84	331.2
PTHR22850	7916.0	7623.27	4445.94	220.5	215.54
PTHR22504	1281.92	1233.13	1810.02	91.08	89.03
PTHR12189	1077.0	1028.21	241.0	14.56	14.23
PTHR21256	3501.0	3403.42	1378.0	49.74	48.63
PTHR12265	720.31	671.52	72.0	6.68	6.53
PTHR12266	2743.1	2596.73	497.0	34.23	33.45
PTHR10648	4910.59	4764.23	4706.34	234.98	229.68
PTHR30178	669.29	620.5	34595.02	3477.35	3398.96
PTHR10641	13581.74	12655.05	4152.91	382.58	373.96
PTHR10644	8696.0	8305.87	2957.4	113.35	110.82
PTHR12864	4445.0	4201.06	927.79	58.71	57.38
PTHR12860	2162.0	2113.21	1129.0	33.08	32.33
PTHR13194	3784.15	3540.24	1151.0	86.3	84.36
PTHR13190	407.0	358.24	12.0	2.1	2.06
PTHR13193	487.0	438.22	121.0	17.29	16.9
PTHR11913	1092.85	1044.06	970.01	57.71	56.41
PTHR11911	6979.0	6783.84	17866.57	882.88	862.98
PTHR11910	1744.0	1646.42	25515.01	1924.4	1881.02
PTHR14950	1250.51	1201.72	211.0	10.9	10.65
PTHR11918	4955.0	4711.07	1167.09	70.99	69.4
PTHR12919	714.0	665.21	1290.0	120.87	118.14
PTHR12910	894.0	845.21	1615.0	118.86	116.18
PTHR12917	2083.0	1985.42	633.0	37.48	36.63
PTHR11879	4955.0	4759.84	5920.99	220.84	215.85
PTHR11351	4030.26	3786.44	474.0	36.49	35.66
PTHR11353	19003.01	18173.75	30210.12	1434.41	1402.08
PTHR11599	14014.0	13379.73	22116.8	1342.78	1312.52
PTHR10516	17038.45	16111.45	24582.86	2248.22	2197.58
PTHR11592	1720.0	1573.65	2229.0	232.98	227.72
PTHR11659	1719.0	1670.21	697.16	25.87	25.28
PTHR31098	6203.0	6105.42	4409.72	72.48	70.85
PTHR23315	6495.28	6300.12	4642.7	289.51	282.97
PTHR23316	5872.0	5725.63	3327.0	73.06	71.42
PTHR11778	1348.0	1299.21	234.0	11.17	10.92
PTHR11774	3154.0	3056.42	1153.0	42.47	41.52
PTHR11773	3408.0	3359.21	8009.06	147.44	144.12
PTHR11772	5628.93	5384.98	12294.89	643.3	628.81
PTHR10357	16076.06	15685.75	22363.33	442.19	432.22
PTHR10353	12037.48	11695.95	10292.61	319.22	312.03
PTHR10350	2882.0	2686.92	425.0	34.39	33.61
PTHR10351	5845.0	5649.99	3065.01	261.45	255.55
PTHR10359	1206.63	1109.06	67.0	7.66	7.49
PTHR31750	1356.0	1258.43	243.0	21.99	21.51
PTHR14189	761.0	663.55	275.97	57.07	55.79
PTHR32228	999.0	950.21	29.0	1.9	1.85
PTHR31245	628.0	579.21	648.0	69.83	68.25
PTHR23001	1826.0	1728.42	1547.24	105.88	103.5
PTHR23002	823.0	774.21	96.0	7.72	7.54
PTHR11177	1128.0	1030.49	65.0	8.72	8.53
PTHR10445	1404.1	1306.52	589.0	52.82	51.63
PTHR11178	3282.0	3135.63	3226.0	210.22	205.47
PTHR14456	938.0	840.49	21.0	3.28	3.21
PTHR31808	1868.0	1721.7	1863.79	191.75	187.42
PTHR31803	1768.0	1670.43	1506.02	106.27	103.87
PTHR11009	2106.0	2008.42	1558.98	81.2	79.36
PTHR30075	948.0	899.21	84.0	5.81	5.68
PTHR19229	7773.38	7431.92	1753.43	82.83	80.97
PTHR11482	7555.0	7359.84	12362.48	395.27	386.35
PTHR11005	10091.86	9652.81	3415.0	190.62	186.31
PTHR11006	6112.28	5868.33	4950.07	214.59	209.76
PTHR18640	4069.6	3825.73	526.0	29.39	28.71
PTHR18866	18709.46	18319.15	26340.08	427.84	418.19
PTHR12022	852.0	803.21	2097.0	162.46	158.8
PTHR15074	510.0	461.21	43.0	5.83	5.7
PTHR15588	1352.66	1255.08	656.0	64.49	63.03
PTHR12677	4398.24	4154.29	1797.0	134.54	131.51
PTHR19134	2591.47	2445.17	2831.05	117.04	114.42
PTHR19139	1681.0	1583.42	2820.68	223.66	218.61
PTHR30566	3619.19	3472.83	1575.22	80.02	78.22
PTHR12459	1072.11	1023.34	256.0	15.54	15.19
PTHR12456	855.81	758.28	69.0	11.49	11.23
PTHR12452	774.43	725.64	206.0	17.68	17.28
PTHR11632	7366.0	7219.63	7654.89	190.77	186.47
PTHR12072	3189.0	2993.85	858.51	65.68	64.2
PTHR13218	566.0	517.21	166.0	20.06	19.6
PTHR13215	570.0	521.21	18.0	2.16	2.11
PTHR13213	780.82	683.37	32.0	5.75	5.62
PTHR12290	1953.0	1855.42	1216.0	73.17	71.51
PTHR21530	2807.0	2563.34	306.0	36.28	35.46
PTHR12295	3233.0	2989.35	298.98	27.67	27.04
PTHR12298	1813.53	1715.96	1079.0	66.85	65.34
PTHR10638	6845.69	6650.53	4079.11	104.85	102.49
PTHR10631	4339.0	4143.88	1049.0	51.67	50.51
PTHR10984	5894.07	5650.12	2316.0	119.34	116.64
PTHR13501	1118.0	1020.44	1251.0	125.19	122.37
PTHR13505	822.0	773.21	361.0	29.06	28.41
PTHR12856	446.05	397.27	67.0	10.58	10.34
PTHR12855	1744.0	1646.42	1003.0	73.73	72.08
PTHR12854	978.0	929.21	1342.0	89.77	87.75
PTHR13182	1686.0	1588.42	889.98	70.91	69.32
PTHR10743	1140.73	1091.94	343.0	19.51	19.07
PTHR10742	15460.76	14777.78	3831.62	159.78	156.16
PTHR10745	2867.99	2770.42	2880.0	82.58	80.71
PTHR10744	1698.0	1551.76	17702.9	1900.87	1858.02
PTHR10746	1776.0	1678.42	3037.91	219.13	214.2
PTHR11099	2539.0	2490.21	459.98	11.43	11.17
PTHR12924	1956.77	1907.98	5902.03	191.59	187.27
PTHR11349	1658.0	1560.42	7770.0	780.75	763.14
PTHR10566	20365.5	19194.72	4739.07	273.45	267.27
PTHR10293	4148.0	3904.08	2445.81	203.24	198.67
PTHR10291	1753.02	1606.68	220.0	24.43	23.89
PTHR11584	10187.11	9894.37	4896.0	150.02	146.63
PTHR11586	1415.0	1317.42	119.0	11.85	11.58
PTHR11909	4906.25	4711.24	7972.93	256.24	250.46
PTHR24320	7712.0	7321.68	1272.0	89.8	87.77
PTHR24322	15315.28	14583.51	13765.24	614.23	600.37
PTHR11907	846.0	797.21	191.0	14.91	14.57
PTHR11760	881.0	832.21	19663.51	1469.91	1436.77
PTHR11761	1550.41	1452.83	17286.85	1994.62	1949.65
PTHR11766	1638.89	1590.1	423.0	16.49	16.12
PTHR11767	3392.74	3295.16	791.0	30.37	29.68
PTHR10361	1432.0	1383.21	895.6	40.16	39.25
PTHR10366	24507.52	23483.0	31289.32	1397.16	1365.66
PTHR10169	8687.0	8296.75	2880.51	142.42	139.23
PTHR10168	3057.0	2861.84	985.97	65.4	63.93
PTHR20973	462.0	413.22	23.0	3.49	3.41
PTHR10165	583.0	534.21	42.0	4.91	4.8
PTHR31032	1629.0	1580.21	9426.99	369.75	361.42
PTHR23257	87859.49	83616.03	56972.21	2736.73	2675.07
PTHR13743	1967.06	1869.52	1117.0	59.45	58.11
PTHR23253	1348.0	1250.43	1331.79	132.3	129.32
PTHR14190	2378.0	2280.42	959.0	53.54	52.33
PTHR14194	7028.07	6686.54	1570.99	95.03	92.89
PTHR31251	805.0	756.21	207.0	17.04	16.66
PTHR23074	8229.35	7692.89	4338.54	368.54	360.23
PTHR23077	5506.0	5067.06	720.0	61.59	60.21
PTHR23076	10336.75	9849.1	4117.41	259.9	254.04
PTHR12561	888.0	839.21	215.02	15.94	15.58
PTHR23073	5587.0	5245.49	10741.27	887.12	867.11
PTHR23078	2296.0	2247.21	893.0	24.6	24.04
PTHR10804	14988.53	14305.51	10437.19	512.84	501.3
PTHR11165	840.0	791.21	3321.0	261.22	255.33
PTHR32100	1168.0	1119.21	217.0	12.04	11.77
PTHR14445	1178.13	1080.59	524.0	76.57	74.85
PTHR23109	4482.27	4384.7	4751.95	78.39	76.62
PTHR31811	1109.13	1011.62	706.0	71.88	70.25
PTHR23102	1356.0	1258.45	152.0	12.95	12.66
PTHR23105	7473.08	7082.93	50674.3	3538.01	3458.24
PTHR11010	3212.0	3016.84	758.02	63.43	62.0
PTHR11014	5894.8	5650.85	5637.0	251.01	245.36
PTHR12668	2111.0	1964.63	2452.11	233.34	228.09
PTHR12661	1245.0	1196.21	245.01	12.71	12.43
PTHR12663	3504.89	3358.52	562.0	34.4	33.63
PTHR12664	737.0	688.21	232.02	21.01	20.53
PTHR16166	17249.32	16078.63	4079.84	384.62	375.94
PTHR12446	2028.0	1832.93	110.0	13.71	13.4
PTHR12447	2178.0	2080.42	837.0	49.42	48.31
PTHR15481	749.0	700.21	227.0	20.2	19.74
PTHR26379	595.0	546.21	347.0	39.68	38.78
PTHR12599	1451.0	1353.43	929.98	77.6	75.85
PTHR12596	4251.0	4104.72	1192.0	23.78	23.24
PTHR12590	637.0	588.21	39.0	4.14	4.04
PTHR12066	1662.0	1564.43	63.0	3.9	3.81
PTHR12064	6799.78	6507.06	1537.29	83.43	81.54
PTHR13226	3405.0	3258.63	633.0	44.61	43.6
PTHR13889	1796.0	1747.21	1677.0	59.47	58.13
PTHR13887	841.95	793.16	792.0	62.14	60.74
PTHR21181	451.0	402.22	110.0	17.15	16.76
PTHR13948	1350.0	1252.42	179.0	17.81	17.41
PTHR12146	565.0	516.21	12502.99	1513.65	1479.52
PTHR10458	638.0	589.21	55.0	5.83	5.69
PTHR21506	2112.0	1965.75	275.98	21.84	21.35
PTHR12280	2653.57	2458.46	319.0	39.68	38.78
PTHR12286	3371.0	3273.42	782.0	29.8	29.13
PTHR22983	3140.32	2945.18	424.0	34.92	34.13
PTHR22981	7124.68	6880.74	8150.21	358.69	350.61
PTHR30191	3495.0	3446.21	31115.29	558.32	545.73
PTHR13082	367.0	318.26	64.0	12.65	12.37
PTHR10629	9371.0	8931.9	2491.99	118.15	115.5
PTHR10994	6285.0	5992.28	6794.98	379.6	371.04
PTHR10996	6647.39	6403.45	17093.38	665.67	650.65
PTHR10625	15262.38	14481.77	7979.7	396.09	387.17
PTHR10992	33159.83	31452.49	10814.63	598.98	585.47
PTHR17695	3077.9	2882.84	442.8	28.19	27.55
PTHR12848	5110.0	4914.88	2221.0	113.22	110.67
PTHR12849	1501.0	1403.43	464.0	38.13	37.27
PTHR10943	4220.0	4073.63	4325.01	203.51	198.92
PTHR12847	1674.09	1527.76	374.04	42.04	41.09
PTHR21349	1287.0	1189.42	1651.0	157.23	153.69
PTHR21347	2089.0	2040.21	1833.58	55.65	54.4
PTHR19861	868.0	819.21	174.0	13.22	12.92
PTHR21343	747.0	649.52	5.0	0.96	0.94
PTHR10196	5286.33	5091.17	1522.0	55.6	54.34
PTHR10192	1996.36	1898.81	824.99	56.01	54.75
PTHR10751	6185.53	5941.6	2033.02	90.68	88.64
PTHR10755	3311.0	3213.42	2320.65	82.25	80.4
PTHR10758	2985.87	2888.31	4488.24	169.76	165.93
PTHR13152	1530.0	1432.42	440.0	38.35	37.48
PTHR12932	2807.17	2660.81	3721.97	200.56	196.04
PTHR12934	1630.0	1532.42	2876.0	205.66	201.02
PTHR11451	8780.0	8536.05	6671.98	208.22	203.53
PTHR10288	6664.96	6323.71	16775.34	845.43	826.36
PTHR11800	2444.0	2346.42	956.02	49.46	48.34
PTHR11802	9276.26	8885.94	4465.98	198.78	194.3
PTHR11804	12517.19	12078.11	3855.05	132.31	129.32
PTHR11807	936.5	887.71	101.0	7.07	6.92
PTHR10281	1514.0	1416.43	588.99	40.68	39.75
PTHR10283	22094.77	21509.32	39863.52	1062.2	1038.26
PTHR10285	6160.65	5916.71	8305.91	395.31	386.4
PTHR10286	3232.0	3085.63	17214.8	1029.83	1006.62
PTHR11579	2659.58	2513.21	1659.0	131.77	128.8
PTHR13718	3118.11	3020.53	22328.45	1407.61	1375.88
PTHR13711	4157.0	3864.36	521.0	54.2	52.97
PTHR13710	7858.39	7322.05	629.0	47.26	46.18
PTHR11977	538.0	489.21	589.0	75.29	73.59
PTHR22970	2277.0	2228.21	1099.9	30.56	29.87
PTHR11972	847.0	798.21	14.0	1.09	1.07
PTHR31480	1102.0	1053.21	393.0	23.18	22.65
PTHR31485	3822.0	3675.63	935.0	42.24	41.29
PTHR11715	1001.13	952.34	4314.06	281.53	275.18
PTHR11717	1394.96	1297.4	141.0	16.5	16.13
PTHR11711	5732.86	5440.13	14446.89	1012.02	989.2
PTHR11712	8042.62	7701.1	4627.97	201.38	196.84
PTHR10374	2329.0	2231.42	1785.8	88.42	86.43
PTHR10178	10591.89	10396.73	2016.0	40.91	39.98
PTHR20961	5785.66	5590.5	890.0	40.07	39.16
PTHR10173	4030.0	3786.05	3403.98	276.41	270.18
PTHR10177	10576.19	10088.33	6805.0	266.71	260.71
PTHR10174	10737.34	10249.51	12029.87	558.65	546.07
PTHR23249	769.14	720.35	189.0	16.34	15.97
PTHR23244	11740.02	11008.53	2202.17	142.98	139.73
PTHR23245	1549.0	1451.42	284.0	23.02	22.5
PTHR23240	4361.0	4117.06	225.0	16.69	16.32
PTHR14614	5936.74	5644.42	1360.96	60.66	59.3
PTHR31268	2923.0	2776.69	1380.0	81.87	80.02
PTHR31262	1827.0	1680.71	157776.08	12492.51	12210.89
PTHR23063	4765.0	4618.63	2194.0	88.51	86.51
PTHR11620	578.0	529.21	11583.94	1367.54	1336.71
PTHR11624	5621.42	5475.05	31741.44	905.32	884.9
PTHR11627	2836.0	2689.78	5250.0	248.83	243.22
PTHR11390	3928.12	3635.54	659.0	59.41	58.07
PTHR31620	2429.0	2282.8	4474.41	271.88	265.75
PTHR31319	2644.0	2546.42	2712.0	106.44	104.04
PTHR14052	586.0	537.21	21.0	2.44	2.39
PTHR32118	1672.0	1623.21	2288.27	87.37	85.4
PTHR14152	378.0	329.25	30.0	5.73	5.6
PTHR23117	3538.0	3294.06	1320.68	115.53	112.92
PTHR23115	36431.92	34968.38	167524.9	5931.55	5797.82
PTHR11028	1872.0	1823.21	3448.0	117.15	114.51
PTHR12111	2792.0	2694.42	674.0	31.25	30.55
PTHR11024	1761.0	1663.43	1109.99	55.5	54.24
PTHR12841	836.0	787.21	321.0	25.38	24.81
PTHR11777	6230.0	5986.05	4504.38	147.68	144.36
PTHR12616	2351.3	2253.78	1141.02	57.54	56.24
PTHR12613	1210.0	1161.21	594.0	31.75	31.04
PTHR12612	814.0	765.21	1650.0	134.23	131.21
PTHR32060	5539.33	5295.38	986.91	46.67	45.6
PTHR12126	2759.0	2661.42	2422.99	109.72	107.26
PTHR12124	3824.52	3580.75	594.0	35.38	34.57
PTHR22734	2675.61	2578.04	688.69	35.56	34.75
PTHR12121	7334.19	6797.71	2824.0	116.73	114.11
PTHR12438	1326.22	1228.71	155.0	15.34	14.99
PTHR15492	1047.7	998.91	320.0	19.9	19.45
PTHR21426	419.0	370.23	25.0	4.24	4.14
PTHR21427	517.0	468.21	36.0	4.81	4.7
PTHR19372	1954.0	1905.21	1273.0	41.38	40.45
PTHR19370	7254.0	6961.26	6402.0	316.97	309.8
PTHR19376	13109.14	12670.04	4183.0	209.14	204.45
PTHR19375	4401.0	4205.84	3123.96	182.53	178.42
PTHR12725	2141.0	2043.42	341.99	20.43	19.97
PTHR22884	18065.51	17041.12	4289.37	272.54	266.37
PTHR22883	7191.75	6899.01	1683.0	90.93	88.89
PTHR22880	7756.0	7317.04	1643.0	97.1	94.9
PTHR12542	3292.16	3243.37	2168.95	41.36	40.42
PTHR12547	3426.0	3279.63	1269.0	95.73	93.57
PTHR12436	3147.0	3000.63	673.02	47.44	46.37
PTHR21512	1199.49	1150.7	268.99	14.51	14.18
PTHR19980	1933.0	1835.42	305.0	18.87	18.45
PTHR30508	3717.0	3619.42	6905.31	230.54	225.35
PTHR30502	816.0	767.21	222.0	18.01	17.61
PTHR10617	8099.6	7758.22	23800.78	906.29	885.85
PTHR10615	2410.47	2312.89	2182.03	97.5	95.3
PTHR13527	645.36	596.57	363.0	37.97	37.11
PTHR22958	1770.0	1623.63	1863.0	214.41	209.57
PTHR22951	1840.24	1742.73	869.0	47.19	46.13
PTHR22950	24039.91	23064.26	14637.79	524.18	512.35
PTHR22953	12701.29	12359.76	7162.85	277.71	271.46
PTHR22952	3682.54	3438.77	6716.08	356.39	348.36
PTHR22957	9351.0	8960.68	2893.17	131.76	128.8
PTHR21600	2156.0	2009.76	750.0	43.62	42.63
PTHR24056	14480.71	13651.39	4018.98	272.03	265.91
PTHR24054	2446.36	2348.78	4152.99	224.17	219.11
PTHR24055	12497.87	11961.23	8043.93	380.88	372.29
PTHR24058	5954.61	5661.94	2817.28	161.08	157.45
PTHR10766	6416.0	6074.49	4893.02	275.6	269.4
PTHR10762	4245.0	4147.42	891.0	19.12	18.7
PTHR30031	2196.86	2050.75	15814.91	1092.49	1067.87
PTHR12945	1138.0	1040.44	47.0	5.43	5.3
PTHR12944	1815.0	1668.83	234.0	18.2	17.79
PTHR24128	2943.0	2796.63	1160.04	83.8	81.92
PTHR13096	1951.0	1853.43	226.0	11.2	10.95
PTHR11364	2429.56	2283.19	1239.99	99.36	97.12
PTHR11365	3652.0	3505.63	317.0	15.04	14.7
PTHR10548	2591.19	2347.57	1466.05	188.08	183.85
PTHR11814	5997.0	5704.45	2378.01	115.35	112.75
PTHR11363	2138.0	2089.21	31829.26	943.3	922.03
PTHR10543	3672.0	3525.63	658.0	29.51	28.85
PTHR11819	4581.0	4385.97	1833.0	69.68	68.11
PTHR13931	5601.0	5503.42	1646.0	38.27	37.41
PTHR10544	529.0	480.21	6154.27	801.6	783.53
PTHR11562	972.0	923.21	172.0	11.58	11.32
PTHR11566	10131.5	9838.77	7349.57	277.05	270.81
PTHR11567	3528.0	3430.42	670.0	23.67	23.14
PTHR11564	8011.0	7718.27	3952.05	157.14	153.59
PTHR11962	2779.68	2584.58	610.14	74.71	73.02
PTHR11963	3703.0	3605.42	828.23	28.19	27.55
PTHR10381	9739.0	9348.68	13497.14	723.23	706.92
PTHR10383	2864.0	2717.64	4086.87	311.78	304.74
PTHR11932	5632.59	5437.44	6059.44	147.12	143.8
PTHR11702	7764.0	7520.05	3089.48	124.48	121.68
PTHR11700	1942.0	1795.63	27987.66	3070.41	3001.19
PTHR10388	695.0	646.21	4114.3	396.94	387.99
PTHR11709	2647.0	2549.42	126.0	6.37	6.22
PTHR10145	4333.0	4186.63	1453.0	66.36	64.86
PTHR23273	3224.0	3126.42	1470.23	59.07	57.74
PTHR23270	5456.69	5164.22	4770.65	180.23	176.17
PTHR24305	9483.13	9092.83	3753.99	167.97	164.16
PTHR23163	359.0	310.27	83.0	16.84	16.46
PTHR23050	3829.31	3634.17	10764.12	561.4	548.74
PTHR23056	1191.0	1142.21	209.0	11.36	11.1
PTHR23054	1148.0	1099.21	514.0	29.04	28.38
PTHR11638	5285.31	4943.86	13902.42	766.73	749.45
PTHR31783	3512.36	3317.21	531.0	38.34	37.49
PTHR23291	4570.0	4374.84	3621.91	196.83	192.39
PTHR11630	15357.63	14723.36	3229.81	157.81	154.25
PTHR11140	7296.0	7100.84	5048.69	203.21	198.63
PTHR11141	2469.0	2371.42	3022.0	164.85	161.14
PTHR11142	7232.0	6841.68	730.0	57.81	56.51
PTHR11143	588.0	539.21	14442.51	1673.04	1635.32
PTHR11380	486.0	437.22	80.0	11.46	11.2
PTHR11384	8188.0	7651.63	4203.02	129.38	126.48
PTHR32477	3007.0	2909.42	271.99	9.27	9.06
PTHR14043	2122.03	2024.57	286.0	15.94	15.59
PTHR32472	1865.51	1719.25	353.0	30.67	29.98
PTHR31658	1218.84	1072.73	161.0	26.31	25.73
PTHR14269	1947.0	1800.68	188.0	12.85	12.57
PTHR23125	29529.39	28114.68	10636.02	458.11	447.78
PTHR12050	961.0	912.21	1039.0	70.81	69.21
PTHR19211	14270.7	13538.95	3457.38	242.8	237.32
PTHR12608	2846.16	2699.81	1287.87	76.87	75.14
PTHR12604	638.0	589.21	115.03	12.18	11.91
PTHR12603	891.0	842.21	789.0	58.27	56.96
PTHR32091	729.0	680.21	1012.93	92.8	90.71
PTHR32098	3096.0	2852.19	528.0	45.37	44.33
PTHR18763	535.0	486.21	106.0	13.63	13.33
PTHR22726	2516.0	2369.63	660.0	47.91	46.82
PTHR22727	3608.0	3461.63	633.0	24.24	23.7
PTHR12428	2719.66	2525.1	1526.71	121.31	118.58
PTHR18968	8393.2	8100.5	12334.73	332.56	325.07
PTHR12735	3620.0	3424.85	1092.86	64.8	63.35
PTHR15020	9780.65	9390.37	2828.0	131.19	128.24
PTHR12049	2866.53	2671.41	404.0	37.78	36.93
PTHR12558	4131.0	3838.45	178.0	12.84	12.55
PTHR12553	6718.26	6230.46	1318.0	117.69	115.04
PTHR10497	523.81	475.02	12116.82	1595.69	1559.72
PTHR10496	965.0	867.47	12717.12	1451.97	1419.23
PTHR21569	618.0	569.21	86.0	9.43	9.22
PTHR10491	1471.0	1422.21	5100.05	222.37	217.35
PTHR21567	6357.72	5967.52	1758.87	103.85	101.52
PTHR13950	1384.0	1286.42	187.0	18.2	17.8
PTHR12133	1106.0	1057.21	157.0	9.22	9.02
PTHR10972	3941.0	3794.65	672.0	40.1	39.2
PTHR21704	2841.0	2645.86	159.0	14.42	14.1
PTHR10606	3303.0	3205.42	657.0	25.4	24.82
PTHR10971	1203.0	1154.21	311.04	16.73	16.35
PTHR22942	6395.0	6102.38	3355.4	153.21	149.77
PTHR13395	1006.0	908.44	23.0	2.99	2.92
PTHR13803	7253.81	6961.07	4635.09	163.89	160.2
PTHR21368	783.0	734.21	1756.0	148.94	145.58
PTHR24067	11894.32	11114.1	8101.82	756.17	739.13
PTHR24064	13171.53	12732.43	9657.68	173.69	169.79
PTHR21011	511.0	462.21	224.0	30.33	29.64
PTHR10772	2083.0	1936.63	4453.91	424.0	414.45
PTHR10774	6981.53	6688.84	3821.07	122.18	119.44
PTHR24068	1109.0	1011.43	4318.0	445.85	435.81
PTHR12959	923.0	825.55	39.0	5.84	5.71
PTHR24115	27460.02	26094.92	8636.02	524.76	512.93
PTHR10961	1521.62	1472.83	397.0	16.71	16.34
PTHR11825	6718.46	6474.51	5332.09	231.25	226.03
PTHR10809	2215.0	2117.42	2228.0	93.59	91.48
PTHR11822	2193.19	2144.4	22090.85	637.79	623.41
PTHR10803	3784.0	3588.84	2355.0	145.35	142.07
PTHR10806	744.0	695.21	172.0	15.41	15.07
PTHR10552	987.0	938.21	542.0	35.91	35.1
PTHR11556	6635.0	6391.05	6498.41	318.33	311.15
PTHR11558	1136.0	1087.21	722.0	41.24	40.31
PTHR13773	2884.75	2738.54	2204.56	120.96	118.24
PTHR11953	2514.0	2367.63	534.0	41.92	40.97
PTHR11952	9099.7	8758.22	5511.0	189.31	185.05
PTHR11956	2271.0	2222.21	1581.0	44.04	43.05
PTHR11959	1518.0	1420.42	692.79	54.74	53.5
PTHR11739	4795.71	4600.56	4163.0	262.09	256.17
PTHR11732	20095.36	19217.16	8548.68	438.96	429.07
PTHR11731	6987.9	6743.97	2793.69	111.42	108.9
PTHR11730	7429.26	7087.73	866.05	61.69	60.31
PTHR11735	2445.39	2299.03	293.0	19.64	19.19
PTHR10394	770.0	721.21	34184.58	2952.15	2885.6
PTHR20941	3189.2	3091.62	603.57	23.54	23.01
PTHR10150	1897.0	1799.42	35.0	2.42	2.37
PTHR31065	3034.43	2839.3	3264.16	252.96	247.25
PTHR10159	6948.07	6460.38	1344.0	118.39	115.7
PTHR31066	1405.56	1356.77	616.0	28.16	27.52
PTHR13604	770.04	721.3	209.0	18.04	17.64
PTHR23264	2622.0	2426.9	804.0	58.67	57.34
PTHR23269	347.0	298.29	82.0	17.32	16.93
PTHR31204	749.0	700.21	151.0	13.43	13.13
PTHR31201	1439.74	1293.41	277.0	38.6	37.72
PTHR31209	1104.25	1055.59	417.0	24.53	23.98
PTHR11607	2483.18	2239.58	417.96	47.65	46.57
PTHR11606	3556.41	3410.06	4043.11	210.82	206.06
PTHR11601	5065.0	4821.05	3083.87	137.01	133.91
PTHR32467	9465.75	8831.55	5024.96	362.37	354.21
PTHR14255	4482.0	4189.32	1106.65	85.8	83.87
PTHR23130	6742.91	6547.75	7844.0	254.0	248.28
PTHR23133	719.0	670.21	391.0	36.36	35.54
PTHR23135	1814.0	1765.21	1052.0	36.92	36.09
PTHR23138	2654.94	2557.37	6264.74	333.25	325.73
PTHR23139	3241.86	2997.93	1752.84	143.75	140.5
PTHR31682	2723.0	2528.0	825.0	65.66	64.18
PTHR11040	5167.0	4825.68	1150.0	88.3	86.3
PTHR11043	1483.0	1385.42	722.0	69.86	68.29
PTHR11048	6365.0	6072.27	1171.0	57.15	55.86
PTHR15818	1445.0	1347.42	168.0	14.41	14.08
PTHR12636	903.0	854.21	438.01	31.89	31.17
PTHR14493	33645.62	31889.64	52814.37	2388.88	2334.98
PTHR15651	1896.0	1798.42	548.0	39.07	38.2
PTHR12380	2078.0	1931.64	3189.25	382.22	373.61
PTHR12385	3979.0	3832.63	3449.39	105.35	102.97
PTHR12706	8402.0	8060.54	2286.84	88.33	86.33
PTHR30573	2261.0	2212.21	267.0	7.47	7.3
PTHR12709	1771.0	1673.42	717.56	58.54	57.23
PTHR19957	5255.76	4865.65	2156.93	197.58	193.13
PTHR30239	2001.0	1952.21	2833.16	89.88	87.85
PTHR12560	5028.8	4833.64	1173.0	68.67	67.12
PTHR11751	19004.83	18273.03	27675.0	869.4	849.8
PTHR12770	6350.0	6106.05	1463.0	47.77	46.69
PTHR12097	3976.0	3878.42	2601.95	54.33	53.1
PTHR19842	1329.0	1280.21	832.0	40.32	39.41
PTHR11752	19713.17	18932.83	5436.98	309.25	302.26
PTHR21576	4782.53	4489.8	1534.0	131.73	128.78
PTHR24193	7998.04	7461.38	1628.0	148.67	145.32
PTHR12419	4303.0	4107.84	761.0	51.97	50.79
PTHR23338	3540.77	3394.4	3160.06	162.01	158.36
PTHR30525	1647.0	1598.21	326.0	12.64	12.36
PTHR12413	2744.69	2598.5	270.0	19.89	19.44
PTHR12412	2966.0	2819.65	665.0	29.73	29.06
PTHR12411	9393.24	9002.93	14083.0	772.21	754.8
PTHR23339	3237.0	3041.86	2977.64	153.94	150.47
PTHR12415	1028.0	930.46	16.0	2.17	2.12
PTHR10947	2171.0	2073.42	1194.01	71.06	69.47
PTHR21717	1894.0	1747.74	443.0	44.36	43.36
PTHR21712	1614.0	1516.43	303.0	20.24	19.78
PTHR12897	832.0	734.58	65.0	11.04	10.79
PTHR12894	3345.6	3053.15	334.0	31.78	31.06
PTHR12891	987.0	938.21	71.0	4.7	4.6
PTHR22976	5174.18	5076.6	11459.3	172.54	168.65
PTHR22975	1308.29	1210.84	657.01	55.37	54.12
PTHR20922	2124.0	1977.72	949.0	63.64	62.2
PTHR21377	1384.0	1286.42	817.52	71.99	70.38
PTHR21371	1784.0	1735.21	11058.11	394.84	385.94
PTHR21373	2454.0	2259.0	209.0	21.4	20.92
PTHR22573	8069.3	7825.36	11637.23	373.91	365.47
PTHR22572	8355.77	7965.45	26610.25	994.13	971.71
PTHR21000	3048.0	2999.21	5297.53	109.26	106.79
PTHR10701	808.16	759.38	587.0	48.12	47.03
PTHR13161	642.0	593.21	59.0	6.21	6.07
PTHR13162	5478.24	5331.94	2640.36	121.33	118.6
PTHR13165	745.1	696.31	239.0	21.38	20.9
PTHR21396	676.0	627.21	203.0	20.18	19.73
PTHR12965	2221.0	2123.42	297.0	16.36	15.99
PTHR13068	6428.77	6136.04	1814.73	115.53	112.94
PTHR24106	8283.29	7941.77	2938.03	126.15	123.32
PTHR24103	2986.0	2742.06	187.0	21.8	21.32
PTHR11540	5585.87	5390.71	18067.15	739.74	723.05
PTHR10836	3072.0	2876.85	51808.95	5482.55	5358.94
PTHR10835	1541.0	1492.21	319.0	13.25	12.95
PTHR11545	1576.0	1478.42	16566.69	1377.01	1345.96
PTHR10012	1119.06	1070.27	359.0	20.83	20.36
PTHR13768	2811.0	2713.42	908.0	41.42	40.48
PTHR24078	8272.0	7881.69	1453.0	109.97	107.48
PTHR11946	24241.72	23412.53	10753.92	395.68	386.77
PTHR11947	5221.0	5025.84	4160.26	158.36	154.78
PTHR11941	5867.26	5623.31	4470.83	252.03	246.35
PTHR24072	2293.0	2195.42	1246.34	65.03	63.57
PTHR24073	11406.44	10723.56	14544.48	1165.96	1139.68
PTHR24076	12059.12	11230.5	6761.9	591.12	577.8
PTHR24077	7817.25	7378.18	2379.0	164.05	160.35
PTHR11728	5891.0	5744.63	2834.12	96.26	94.09
PTHR11726	1210.0	1112.48	16244.38	1259.26	1230.87
PTHR11727	2105.0	1958.63	300.0	29.27	28.62
PTHR11721	580.9	532.11	15204.9	1785.11	1744.87
PTHR11722	812.0	763.21	17591.52	1434.9	1402.55
PTHR10120	1541.0	1492.21	1121.0	46.57	45.52
PTHR10122	753.0	704.21	4965.0	439.22	429.31
PTHR11831	1410.88	1313.32	19863.75	1986.37	1941.59
PTHR11835	4293.0	4097.84	4218.51	228.17	223.01
PTHR11614	4025.0	3878.65	4419.09	122.22	119.46
PTHR11615	7442.67	7150.09	33277.57	1217.32	1189.85
PTHR11618	1207.0	1158.21	286.0	15.33	14.98
PTHR14140	1977.35	1928.56	634.0	20.36	19.9
PTHR32419	2402.0	2304.42	1503.0	79.71	77.91
PTHR10231	881.0	832.21	317.0	23.7	23.16
PTHR10233	6024.0	5780.19	1682.0	85.07	83.17
PTHR31503	6173.0	5977.85	3256.37	108.97	106.52
PTHR23147	1577.79	1480.22	954.02	73.77	72.1
PTHR23140	1254.0	1205.21	576.0	29.66	28.99
PTHR23142	2640.61	2543.03	641.0	33.6	32.84
PTHR23149	542.45	493.66	54.0	6.84	6.69
PTHR23148	908.0	859.21	298.0	21.57	21.08
PTHR31695	2548.0	2499.21	3406.2	84.34	82.44
PTHR11056	1933.12	1884.33	708.0	23.27	22.75
PTHR11055	1417.86	1369.07	9626.6	436.09	426.25
PTHR32523	1996.0	1801.27	285.0	35.8	35.0
PTHR10540	951.0	902.21	717.0	49.41	48.3
PTHR19359	2017.0	1919.42	1389.04	153.21	149.76
PTHR12629	896.18	847.39	485.0	35.6	34.8
PTHR18945	1828.0	1779.21	266.0	9.26	9.05
PTHR26402	9002.13	8611.81	26472.31	622.87	608.83
PTHR19384	8453.49	8014.4	19978.48	862.57	843.14
PTHR12714	2302.0	2204.42	1664.7	87.23	85.27
PTHR32251	1284.0	1235.21	2395.93	120.36	117.65
PTHR12570	1832.0	1734.42	361.0	24.7	24.15
PTHR21494	335.0	286.3	18.0	3.96	3.87
PTHR21496	3820.78	3625.62	3972.35	265.43	259.44
PTHR21493	18597.56	17817.08	10486.01	358.86	350.74
PTHR21499	5337.59	5191.22	4918.76	123.76	120.97
PTHR21148	3068.0	2970.42	667.76	28.68	28.04
PTHR12083	2585.0	2487.42	2025.9	68.03	66.5
PTHR22904	13542.38	12713.18	14681.27	1548.54	1513.65
PTHR13976	3383.0	3139.08	477.0	36.47	35.66
PTHR13353	2898.0	2751.63	464.0	25.27	24.7
PTHR12406	13308.3	12820.4	5744.79	288.93	282.43
PTHR16128	3193.0	2900.33	327.0	37.8	36.94
PTHR12400	844.0	795.21	57.0	4.46	4.36
PTHR13572	3551.76	3405.39	1339.0	73.99	72.32
PTHR30314	3096.0	2901.02	4633.5	272.54	266.41
PTHR12882	532.0	483.21	194.0	25.11	24.54
PTHR12883	1361.0	1312.21	810.0	38.29	37.43
PTHR16255	6306.0	6062.05	2934.63	146.37	143.06
PTHR16254	6200.98	5957.17	1576.24	63.99	62.55
PTHR22960	2954.0	2856.42	888.0	36.82	35.99
PTHR13373	1719.0	1621.42	222.0	17.83	17.42
PTHR13375	1822.26	1675.99	519.0	40.43	39.52
PTHR22967	3191.0	2996.05	235.0	21.35	20.86
PTHR19858	2601.0	2454.64	593.0	39.29	38.39
PTHR30222	624.0	575.21	46.0	4.99	4.88
PTHR13115	1677.0	1628.21	441.0	16.79	16.41
PTHR13117	1505.0	1456.21	161.0	6.86	6.7
PTHR13285	1765.0	1716.21	269.0	9.71	9.49
PTHR13288	781.0	732.21	159.0	13.52	13.22
PTHR10953	14031.82	13446.47	8859.19	264.59	258.63
PTHR21726	1386.0	1288.42	160.0	15.73	15.37
PTHR10956	813.0	715.53	21113.55	3052.94	2984.11
PTHR10826	1826.0	1728.42	2002.54	145.37	142.09
PTHR11533	8034.16	7887.79	5129.14	116.49	113.87
PTHR11532	1619.14	1570.36	499.11	19.7	19.26
PTHR10000	1901.0	1803.42	227.0	15.91	15.55
PTHR13021	932.0	883.21	250.0	17.6	17.2
PTHR24007	2042.0	1895.74	440.97	42.69	41.74
PTHR24003	15973.86	15290.8	14371.24	681.88	666.5
PTHR31446	1604.0	1506.43	962.0	60.64	59.28
PTHR31442	1405.68	1259.38	936.0	154.64	151.16
PTHR11441	853.82	805.03	144.0	11.13	10.88
PTHR11440	3102.39	2956.02	1165.01	92.77	90.68
PTHR11999	7010.05	6766.11	5430.87	128.19	125.32
PTHR11449	1060.0	962.44	20041.1	2167.74	2118.87
PTHR11994	1296.0	1247.21	519.0	25.82	25.24
PTHR11706	3603.0	3505.42	399.02	14.61	14.28
PTHR10133	8549.39	8159.07	1725.0	88.09	86.12
PTHR21649	11573.49	10891.07	393483.0	30866.03	30170.19
PTHR13620	8120.31	7681.33	1521.02	82.89	81.0
PTHR11705	4630.0	4483.77	517.0	13.4	13.09
PTHR11847	817.48	768.69	19108.5	1547.42	1512.54
PTHR11843	798.0	749.21	11012.12	915.16	894.53
PTHR13138	1573.0	1475.42	189.03	15.78	15.42
PTHR11661	1836.0	1689.63	16373.68	1728.37	1689.41
PTHR11662	33336.82	31678.71	13580.6	524.57	512.71
PTHR11669	4832.79	4637.63	1014.98	54.28	53.05
PTHR11668	11788.63	11300.8	12319.53	688.09	672.58
PTHR20856	11539.67	11295.74	4841.49	126.02	123.18
PTHR20854	4820.0	4624.84	3495.24	168.89	165.08
PTHR20855	3546.0	3448.42	2386.0	75.89	74.17
PTHR20852	5273.0	4980.49	13274.44	553.45	540.99
PTHR32404	1455.0	1357.47	117.0	7.42	7.25
PTHR20858	2614.18	2467.82	461.0	33.12	32.38
PTHR10634	344.86	296.16	419.93	89.34	87.32
PTHR30603	2030.0	1932.42	2066.0	97.55	95.35
PTHR11817	12572.31	12133.37	14385.8	447.68	437.59
PTHR14237	6245.33	6050.17	5052.75	201.5	196.96
PTHR10738	348.0	299.28	12.0	2.53	2.47
PTHR23155	13607.51	13168.43	3847.58	113.95	111.37
PTHR23153	2864.0	2668.84	555.11	38.64	37.78
PTHR14894	1775.0	1677.42	347.05	25.72	25.14
PTHR11063	4104.0	4006.42	1069.0	32.7	31.96
PTHR11062	6992.09	6553.27	1139.04	64.95	63.5
PTHR11061	6379.11	5988.81	1114.0	93.54	91.42
PTHR11065	3998.96	3803.81	835.0	62.89	61.47
PTHR11064	2175.0	2028.63	911.0	77.03	75.29
PTHR11260	9579.12	9140.01	17857.08	864.01	844.53
PTHR11264	1027.0	978.21	130.0	8.26	8.07
PTHR11266	10495.57	10007.67	3040.97	217.66	212.75
PTHR12858	3933.0	3737.86	849.0	60.56	59.19
PTHR31998	2816.0	2767.21	41394.31	925.46	904.6
PTHR31221	1923.54	1777.17	707.13	71.1	69.5
PTHR15838	1069.0	922.82	158.0	32.54	31.82
PTHR12850	512.0	463.21	14043.73	1897.2	1854.43
PTHR22836	1265.0	1216.21	139.0	7.09	6.93
PTHR32338	1555.0	1506.21	1671.0	68.78	67.23
PTHR31407	4471.4	4227.45	3949.96	246.71	241.14
PTHR12363	5637.14	5246.85	931.0	73.63	71.99
PTHR18952	988.0	939.21	15.0	0.99	0.97
PTHR25040	3630.96	3533.38	3210.98	138.72	135.59
PTHR12765	523.0	474.21	114.0	15.04	14.7
PTHR12505	1852.49	1754.91	511.0	36.28	35.46
PTHR22604	2994.0	2896.42	721.0	32.17	31.44
PTHR21481	1125.0	1076.21	239.0	13.79	13.48
PTHR22778	3392.26	3197.21	288.28	23.93	23.4
PTHR12169	2389.38	2194.39	528.0	40.24	39.34
PTHR19446	2182.0	2035.63	84.0	7.74	7.57
PTHR12219	1398.0	1300.44	2494.0	168.99	165.17
PTHR13561	1947.0	1800.7	87.54	9.24	9.03
PTHR13563	1497.01	1399.43	261.0	18.69	18.28
PTHR12210	6500.07	6158.88	4002.85	288.47	281.97
PTHR12215	1736.87	1590.65	101.0	10.17	9.94
PTHR12214	1132.0	1034.47	107.0	13.55	13.24
PTHR22915	10717.69	10327.46	7267.13	192.39	188.05
PTHR22911	3328.0	3132.85	391.0	25.54	24.97
PTHR22912	15916.87	15428.97	18799.0	650.63	635.97
PTHR12183	610.0	561.21	60.0	6.68	6.52
PTHR19849	895.0	797.46	211.0	32.34	31.61
PTHR22594	7644.0	7253.74	4383.97	247.41	241.83
PTHR21152	4662.16	4515.79	21084.36	842.13	823.14
PTHR21021	1425.0	1327.42	167.0	15.21	14.86
PTHR13102	2074.0	1976.42	405.0	27.96	27.34
PTHR12984	2738.0	2640.42	175.0	9.04	8.84
PTHR23293	4769.0	4622.63	8011.7	300.65	293.87
PTHR13299	1039.0	990.21	441.0	27.67	27.05
PTHR10925	1718.0	1620.42	760.0	59.71	58.37
PTHR21737	1782.0	1684.42	486.61	36.47	35.65
PTHR10920	3368.0	3124.07	594.0	53.95	52.73
PTHR10855	2935.85	2838.27	2481.99	94.4	92.26
PTHR10585	2342.0	2244.42	4636.0	267.44	261.42
PTHR10584	12770.0	12136.07	3166.98	176.77	172.78
PTHR11528	7856.0	7465.85	18799.11	1083.17	1058.74
PTHR11527	3513.55	3318.39	4096.62	296.56	289.87
PTHR11525	1433.0	1384.21	260.0	11.65	11.39
PTHR10859	2316.68	2072.86	334.0	51.89	50.72
PTHR10589	2043.65	1946.07	694.0	49.53	48.42
PTHR10588	7089.02	6747.49	1268.0	67.06	65.55
PTHR13038	2053.47	2004.69	417.0	12.88	12.59
PTHR13748	13728.8	13192.25	18453.62	672.77	657.61
PTHR10026	2990.58	2795.43	462.01	42.59	41.63
PTHR24015	14663.81	14029.78	5762.99	262.48	256.55
PTHR24012	25718.7	24157.73	61068.52	4397.98	4298.82
PTHR24011	25436.33	23827.12	26454.53	1563.15	1527.91
PTHR31187	3785.0	3541.09	452.0	40.33	39.43
PTHR21145	717.0	668.21	128.0	11.94	11.67
PTHR10459	7151.0	6858.28	1627.22	57.77	56.49
PTHR11453	1494.0	1347.71	26.0	3.26	3.19
PTHR10108	34485.7	32827.25	37195.34	1101.1	1076.28
PTHR11986	10389.5	10047.97	10135.94	429.96	420.27
PTHR11455	9128.92	8641.51	6010.92	221.25	216.28
PTHR10102	2174.0	2076.42	365.0	21.46	20.97
PTHR11458	1512.0	1463.21	468.0	19.83	19.38
PTHR10106	839.0	790.21	82.0	6.46	6.31
PTHR31057	1630.14	1483.81	283.0	34.84	34.05
PTHR30115	905.0	856.21	629.0	45.69	44.66
PTHR11851	21799.0	20725.72	14353.61	629.76	615.54
PTHR23092	5959.63	5666.95	784.0	54.42	53.18
PTHR23091	11897.52	11165.81	3479.33	231.68	226.44
PTHR11673	808.0	759.21	17473.19	1432.82	1400.52
PTHR11670	6973.41	6827.04	23487.83	601.31	587.75
PTHR11671	993.0	944.21	1732.0	114.01	111.44
PTHR20863	2102.0	2004.42	2118.34	154.29	150.82
PTHR20861	602.0	553.21	11.0	1.24	1.21
PTHR11679	7665.65	7275.48	2729.0	121.39	118.67
PTHR14009	3523.0	3425.42	1565.02	55.77	54.51
PTHR10217	14601.43	14064.76	3532.93	165.08	161.38
PTHR14005	2778.0	2729.21	3622.38	82.12	80.27
PTHR10210	3946.0	3750.9	1786.0	93.65	91.54
PTHR31522	1274.0	1225.21	960.0	48.62	47.53
PTHR14221	1577.0	1479.42	259.0	21.23	20.75
PTHR11079	4628.0	4335.42	842.0	68.29	66.75
PTHR11076	7896.25	7310.85	667.0	44.4	43.42
PTHR11070	3612.96	3417.81	419.05	26.3	25.69
PTHR11071	21481.85	20164.98	25909.56	2155.71	2107.08
PTHR11278	1118.0	1020.47	16154.12	1431.52	1399.25
PTHR11276	2487.16	2340.84	257.0	17.44	17.04
PTHR11274	2483.0	2385.42	729.0	34.58	33.8
PTHR14136	3866.0	3670.84	3499.0	252.97	247.27
PTHR31984	3243.89	3097.52	2059.98	136.98	133.89
PTHR15350	2237.0	2139.42	1521.0	75.68	73.97
PTHR15606	3041.0	2845.95	336.0	27.02	26.41
PTHR12374	1688.0	1541.66	267.0	30.35	29.67
PTHR12375	1179.0	1130.21	381.0	20.93	20.46
PTHR12378	3318.0	3122.84	1861.0	145.75	142.47
PTHR18929	7482.96	7043.88	31827.3	1753.78	1714.22
PTHR31724	1774.08	1676.5	212.0	20.34	19.88
PTHR30535	1460.0	1411.21	27.0	1.19	1.16
PTHR12777	907.0	858.21	1971.03	142.84	139.62
PTHR12775	1496.13	1398.55	210.0	19.22	18.78
PTHR24352	4237.81	4091.45	2883.0	122.22	119.48
PTHR16092	733.0	684.21	386.0	35.15	34.36
PTHR11035	890.0	841.21	2520.75	186.4	182.2
PTHR22298	7183.0	6890.41	3811.77	82.25	80.41
PTHR12174	2796.0	2649.63	673.98	48.06	46.99
PTHR12175	920.0	871.21	609.0	43.47	42.49
PTHR12176	5229.0	4936.29	1338.01	108.78	106.35
PTHR22769	8294.08	7854.99	2107.03	134.76	131.71
PTHR22767	3842.0	3598.12	743.79	52.32	51.14
PTHR22765	10015.52	9674.01	5125.0	204.92	200.3
PTHR22762	5756.0	5609.63	1560.0	45.18	44.17
PTHR22763	2210.94	2064.58	1533.0	110.28	107.79
PTHR22761	2620.55	2474.18	5056.02	303.89	297.04
PTHR21231	2425.0	2327.42	625.34	32.9	32.16
PTHR21230	1491.0	1393.46	1649.0	97.94	95.73
PTHR21234	2553.74	2456.16	386.0	19.48	19.04
PTHR21237	4066.85	3920.48	4878.1	222.83	217.81
PTHR12202	838.0	740.52	83.0	14.98	14.65
PTHR12203	2093.49	1995.93	235.0	12.15	11.87
PTHR19857	1223.0	1174.21	422.0	22.31	21.8
PTHR13355	654.0	605.21	37.0	3.81	3.73
PTHR19855	1721.55	1672.76	327.0	12.11	11.84
PTHR19852	400.0	351.24	51.0	9.12	8.92
PTHR19853	3673.0	3429.13	468.0	42.09	41.15
PTHR12197	11058.04	10229.29	2201.0	149.75	146.37
PTHR13822	1158.0	1109.21	2279.0	127.57	124.7
PTHR32442	1726.0	1677.21	1185.0	43.78	42.79
PTHR10344	740.0	691.21	32.0	2.88	2.82
PTHR21319	6012.85	5768.92	5824.42	231.83	226.61
PTHR10732	598.0	549.21	16566.34	1883.74	1841.27
PTHR10739	3194.44	3048.07	3407.77	227.58	222.44
PTHR12992	774.0	725.21	129.0	11.08	10.83
PTHR22838	1785.0	1736.21	354.0	12.63	12.35
PTHR22881	1455.0	1357.42	556.0	52.68	51.5
PTHR11588	3133.73	2987.36	23484.22	806.13	787.95
PTHR11934	1832.0	1734.42	952.32	65.76	64.29
PTHR10693	979.55	930.76	474.0	31.66	30.94
PTHR10938	1703.0	1654.21	5429.82	203.41	198.82
PTHR10934	918.0	869.21	16143.66	1155.04	1129.0
PTHR14490	892.0	794.46	77.0	12.39	12.12
PTHR11510	2448.0	2399.21	2477.02	63.9	62.46
PTHR11516	5029.29	4834.14	5127.24	285.0	278.58
PTHR10025	3154.0	2910.11	1592.24	164.79	161.09
PTHR10027	4707.08	4463.13	1036.0	71.81	70.21
PTHR13009	1712.0	1663.21	688.94	25.67	25.09
PTHR13007	785.0	736.21	260.0	21.99	21.5
PTHR11863	2241.0	2143.42	153.0	10.62	10.39
PTHR17901	673.0	624.21	98.0	9.79	9.57
PTHR24351	1068.95	971.63	107.0	14.29	13.97
PTHR20981	688.0	639.21	16283.99	1588.43	1552.62
PTHR20982	865.0	816.21	163.0	12.43	12.15
PTHR11864	4257.55	4062.39	1364.99	71.94	70.32
PTHR11467	580.0	531.21	1901.13	223.58	218.54
PTHR10119	8240.0	8044.84	2687.03	67.31	65.8
PTHR10114	441.0	392.22	12001.54	1919.13	1875.87
PTHR10110	8083.86	7888.7	3466.82	108.52	106.08
PTHR11469	2800.0	2702.42	6254.98	185.79	181.6
PTHR10598	2584.21	2535.42	1508.0	36.81	35.98
PTHR24286	7936.0	7594.57	3017.83	125.5	122.69
PTHR23429	3684.68	3587.1	5201.16	178.27	174.25
PTHR23426	2014.0	1867.65	447.0	42.06	41.12
PTHR10593	2238.68	2141.1	836.0	50.82	49.68
