GeneFamily	length	effective_length	expected_count	TPM	FPKM
PTHR11649	9781.36	9173.42	1653.0	217.85	232.37
PTHR31089	487.0	431.74	48.0	15.1	16.11
PTHR31085	2585.0	2419.19	402.0	67.0	71.47
PTHR11647	1594.0	1538.73	256.0	22.43	23.93
PTHR11645	551.0	495.74	121.0	33.12	35.32
PTHR11880	1204.0	1093.46	8057.38	1948.36	2078.28
PTHR11885	1070.0	1014.73	4364.97	580.87	619.61
PTHR10209	3636.0	3470.19	223.0	23.32	24.88
PTHR32429	3342.0	3120.94	6997.73	683.09	728.64
PTHR12403	2146.5	2035.97	401.0	48.81	52.06
PTHR31423	4228.0	4117.46	1628.35	67.58	72.09
PTHR31551	417.0	361.74	87.0	32.73	34.92
PTHR32195	2769.0	2603.21	362.16	32.66	34.83
PTHR11081	5554.0	5277.67	430.0	52.44	55.93
PTHR11080	2172.52	2061.99	906.76	96.93	103.4
PTHR11082	5759.0	5427.43	322.76	43.8	46.73
PTHR11085	4910.03	4633.69	1134.75	140.39	149.76
PTHR11089	8284.37	7786.98	1610.88	205.69	219.42
PTHR32518	3100.0	2989.46	404.0	33.14	35.35
PTHR11247	1447.0	1391.73	557.0	53.97	57.57
PTHR32512	811.0	700.48	139.0	54.6	58.25
PTHR23088	6341.0	6064.65	1104.72	126.19	134.6
PTHR23089	1470.0	1359.46	479.0	90.26	96.29
PTHR23081	5412.25	5025.4	427.98	57.43	61.25
PTHR23083	23847.6	22686.98	2095.01	290.16	309.53
PTHR23084	5600.0	5323.66	1027.2	70.62	75.32
PTHR23086	3422.0	3145.74	223.0	43.95	46.89
PTHR18806	1385.0	1274.47	64.0	12.84	13.7
PTHR31953	4259.16	4038.08	2353.68	216.28	230.71
PTHR15184	10468.37	10081.49	7600.31	577.23	615.71
PTHR15341	530.0	474.74	21.43	6.13	6.53
PTHR32357	543.0	487.74	34.0	9.46	10.09
PTHR15169	1588.0	1477.47	52.01	9.57	10.21
PTHR12341	8249.82	7862.93	572.6	73.88	78.81
PTHR15160	4228.03	4062.23	1022.0	126.39	134.83
PTHR18937	8561.22	8063.82	1009.77	148.76	158.67
PTHR18934	18391.62	17286.31	4517.03	428.28	456.87
PTHR12742	2124.36	2013.83	442.01	59.14	63.07
PTHR12741	731.0	675.73	152.0	30.45	32.48
PTHR19288	5147.0	4815.4	1446.99	149.46	159.43
PTHR12975	3436.0	3159.69	133.0	29.91	31.91
PTHR13902	2852.55	2631.51	615.05	98.48	105.03
PTHR13903	886.41	831.14	202.0	32.85	35.04
PTHR22753	4360.0	4138.92	230.0	29.06	31.01
PTHR30615	684.0	628.73	56.0	12.06	12.87
PTHR22939	14645.56	13927.06	1716.14	196.31	209.41
PTHR22938	3664.0	3442.94	259.0	32.95	35.16
PTHR16266	2709.0	2543.2	177.0	30.14	32.14
PTHR30612	6003.0	5837.19	1112.0	63.07	67.28
PTHR22932	626.26	571.0	550.16	130.57	139.28
PTHR21228	51789.47	48418.41	7969.85	1016.33	1084.13
PTHR13343	5405.0	5073.4	1811.87	249.65	266.31
PTHR12233	2608.0	2552.73	291.0	15.35	16.37
PTHR22936	3555.51	3389.7	841.0	73.9	78.82
PTHR10993	1412.0	1301.47	77.0	13.06	13.94
PTHR31038	1011.0	955.73	157.0	22.19	23.67
PTHR13832	25580.22	23977.57	6140.29	832.55	888.1
PTHR21139	1413.93	1358.67	731.0	72.56	77.4
PTHR21136	4644.3	4423.23	3279.57	385.46	411.17
PTHR12526	38069.94	36577.7	18039.49	1312.28	1399.73
PTHR13124	565.0	509.74	26.0	6.92	7.38
PTHR13120	548.0	492.74	98.0	26.99	28.79
PTHR22809	1551.0	1440.47	18.0	3.33	3.56
PTHR22807	6403.0	5850.38	260.0	54.76	58.39
PTHR20661	236.0	181.21	25.0	18.97	20.23
PTHR10900	17361.51	16587.94	21486.54	2526.61	2695.1
PTHR10906	3444.0	3333.46	2885.99	252.03	268.84
PTHR10909	18573.0	17854.5	5201.66	469.94	501.28
PTHR10055	2468.31	2357.77	449.97	51.77	55.22
PTHR10057	2805.76	2640.1	2535.2	383.12	408.66
PTHR10052	736.0	680.73	7183.67	1428.25	1523.48
PTHR13017	981.0	925.73	310.0	45.24	48.26
PTHR13018	15414.91	14806.98	3039.02	176.71	188.48
PTHR10694	2273.26	2107.48	1389.0	154.62	164.93
PTHR12839	2365.62	2144.58	113.0	24.55	26.18
PTHR10954	979.0	923.73	6.0	0.88	0.94
PTHR12835	2032.0	1921.46	61.0	7.92	8.45
PTHR24031	51949.53	48910.18	25697.49	2678.26	2856.81
PTHR24032	1032.0	976.73	2.0	0.28	0.29
PTHR24349	42558.74	40237.65	11508.09	1335.18	1424.22
PTHR24619	1968.0	1857.47	156.0	18.23	19.45
PTHR24343	15327.43	14332.67	8402.58	836.77	892.56
PTHR11472	5502.0	5225.68	289.0	23.67	25.24
PTHR24347	7013.94	6516.65	1175.0	170.02	181.35
PTHR11476	4764.0	4598.19	1236.68	77.5	82.67
PTHR11477	1107.0	996.47	112.0	25.95	27.68
PTHR10438	16401.95	15517.65	9424.07	1566.76	1671.23
PTHR10476	2397.0	2231.21	796.0	131.16	139.89
PTHR11538	3173.0	3062.46	1008.0	92.02	98.15
PTHR24290	2207.11	2041.32	299.0	53.56	57.13
PTHR12730	2753.0	2587.19	190.0	29.57	31.55
PTHR23413	849.0	738.54	6358.3	1768.54	1886.47
PTHR23417	4526.07	4360.27	277.88	30.29	32.3
PTHR23416	5082.0	4805.65	1156.75	127.87	136.4
PTHR23415	1631.0	1520.46	873.85	142.33	151.82
PTHR12736	1559.74	1504.48	219.0	19.63	20.93
PTHR10871	4428.0	4206.92	9106.14	1919.14	2047.1
PTHR23418	744.0	688.73	441.0	86.65	92.43
PTHR10877	6262.94	5820.88	159.0	32.09	34.22
PTHR31096	5315.47	4873.36	2783.92	450.72	480.76
PTHR11655	2081.0	1915.19	15928.53	3161.01	3371.79
PTHR11652	2308.74	2087.76	8252.05	1729.76	1845.09
PTHR20883	3299.0	3188.46	528.0	49.37	52.66
PTHR11895	8350.35	7852.95	1650.81	183.63	195.88
PTHR10277	3245.0	3134.46	1380.15	102.17	108.98
PTHR14027	2837.0	2615.95	302.0	58.39	62.28
PTHR13691	1176.56	1066.03	178.0	43.09	45.96
PTHR11246	5887.0	5665.92	952.0	88.65	94.56
PTHR23180	6955.0	6402.34	1210.0	193.09	205.97
PTHR14593	2681.0	2404.69	106.0	30.78	32.83
PTHR11093	3316.0	3205.46	934.0	77.03	82.17
PTHR11096	2734.0	2623.46	96.0	9.89	10.54
PTHR23346	7911.0	7745.19	869.82	35.78	38.17
PTHR10309	1233.0	1177.73	145.0	16.61	17.72
PTHR14107	2213.8	2048.03	192.0	29.46	31.42
PTHR11252	4512.0	4290.92	306.0	36.82	39.26
PTHR11254	13532.5	12869.34	2655.0	296.89	316.7
PTHR11255	2621.37	2510.83	608.0	66.61	71.05
PTHR14110	1682.0	1571.47	186.99	27.42	29.25
PTHR14374	1423.0	1367.73	127.0	12.52	13.36
PTHR18838	2224.0	2058.22	198.0	28.71	30.63
PTHR14534	663.0	607.73	67.0	14.93	15.93
PTHR12687	1197.0	1141.73	82.0	9.69	10.34
PTHR15157	4308.65	4087.6	642.48	72.89	77.75
PTHR18901	9386.0	8888.59	1476.0	171.13	182.53
PTHR12755	1337.99	1227.52	209.92	31.08	33.16
PTHR12750	5582.28	5084.99	1527.04	264.31	281.94
PTHR12753	1329.0	1273.73	146.0	15.46	16.49
PTHR15081	883.0	772.48	13.0	4.49	4.79
PTHR15574	8874.6	8321.98	670.0	80.38	85.73
PTHR12506	2777.0	2611.2	721.27	95.21	101.56
PTHR24006	20627.67	19411.9	3040.07	355.16	378.85
PTHR12358	305.0	249.8	0.0	0.0	0.0
PTHR22748	3931.59	3655.24	273.0	48.92	52.18
PTHR12356	1640.02	1529.48	260.0	40.82	43.54
PTHR12221	1276.0	1220.73	205.0	22.66	24.17
PTHR21213	860.0	804.73	448.0	75.27	80.29
PTHR19879	2246.62	2025.58	184.0	38.68	41.27
PTHR12226	1034.0	978.73	254.0	35.05	37.39
PTHR19876	3228.49	3117.96	1245.03	100.1	106.77
PTHR19877	1376.0	1320.73	897.08	91.62	97.73
PTHR31190	1804.53	1694.0	1051.26	160.64	171.35
PTHR12538	515.0	459.74	9270.88	2737.83	2920.39
PTHR12537	2209.0	2098.46	313.0	41.98	44.78
PTHR12532	1801.0	1745.73	273.0	21.07	22.48
PTHR13486	1254.0	1198.73	302.16	34.01	36.28
PTHR20275	3889.88	3668.83	1224.49	164.71	175.69
PTHR13489	498.0	442.74	15.0	4.6	4.91
PTHR17583	2530.0	2364.2	234.0	45.3	48.31
PTHR24198	12348.11	11629.68	1616.67	191.15	203.89
PTHR10048	4720.45	4444.11	1375.97	179.99	191.98
PTHR10046	3072.0	2850.93	459.31	85.69	91.41
PTHR10044	964.0	908.73	220.0	32.71	34.89
PTHR11998	5316.32	5039.97	1643.99	203.75	217.33
PTHR13060	846.0	790.73	9.0	1.54	1.64
PTHR10687	1801.0	1690.46	639.23	110.99	118.39
PTHR13069	3174.53	2953.47	137.0	23.81	25.39
PTHR10681	4118.82	3842.51	4888.66	794.8	847.8
PTHR10682	1586.0	1530.73	418.0	36.82	39.27
PTHR10683	4692.96	4527.16	11405.1	924.85	986.52
PTHR12829	1579.0	1413.25	153.07	32.23	34.39
PTHR12820	2704.0	2538.2	252.0	36.39	38.81
PTHR12826	1011.0	955.73	258.07	36.47	38.91
PTHR12827	2097.0	1876.0	57.0	15.27	16.28
PTHR17920	1717.0	1606.51	424.01	44.28	47.24
PTHR10137	1736.0	1680.73	743.0	59.58	63.56
PTHR11405	3166.63	3056.1	4616.05	346.54	369.65
PTHR11404	2991.85	2881.31	10113.84	1176.25	1254.67
PTHR11406	2397.0	2286.46	10389.55	903.56	963.81
PTHR14744	922.0	866.73	27.0	4.21	4.49
PTHR13468	1313.18	1257.91	169.0	18.13	19.33
PTHR23406	9758.85	9427.25	3646.0	275.85	294.26
PTHR23407	1324.54	1269.28	89.0	9.46	10.09
PTHR10869	11479.95	11037.79	2269.99	210.33	224.35
PTHR31717	469.42	414.16	351.0	115.18	122.86
PTHR13393	1238.0	1127.47	106.0	25.45	27.16
PTHR12696	3448.18	3282.37	1682.97	276.74	295.19
PTHR11315	4014.99	3793.93	1797.87	226.21	241.29
PTHR10139	1636.0	1525.47	62.0	9.58	10.23
PTHR10264	3915.84	3750.03	2057.0	212.36	226.52
PTHR10263	1585.0	1474.46	1770.86	314.23	335.19
PTHR31155	1095.89	985.36	43.0	10.17	10.84
PTHR32170	2952.0	2786.19	164.0	23.41	24.96
PTHR23350	1662.05	1551.52	52.0	8.62	9.2
PTHR23354	2582.0	2416.19	463.0	69.37	73.99
PTHR23355	5617.78	5341.44	854.76	106.04	113.11
PTHR23359	7400.75	7014.01	1599.02	211.73	225.85
PTHR11227	2874.0	2763.46	285.0	34.48	36.78
PTHR11220	6765.0	6433.39	4037.99	399.61	426.26
PTHR11223	4321.0	4155.19	592.72	56.76	60.54
PTHR11229	2502.22	2391.68	1152.21	146.23	155.99
PTHR10314	17193.83	16475.33	12100.56	1102.22	1175.7
PTHR14303	650.0	594.73	254.0	57.86	61.72
PTHR23308	4409.0	4077.41	474.0	77.27	82.41
PTHR11139	23485.04	22324.52	2502.75	220.11	234.79
PTHR15362	1242.0	1131.46	73.0	16.84	17.96
PTHR11132	17958.78	17074.5	3470.95	332.12	354.26
PTHR11134	3945.0	3834.46	1036.01	72.38	77.21
PTHR11136	2397.86	2287.32	156.15	18.44	19.67
PTHR32374	1866.0	1700.2	723.94	179.34	191.3
PTHR31579	5739.2	5186.57	1040.63	243.79	260.04
PTHR32379	1031.0	975.73	52.0	7.2	7.68
PTHR18919	1585.0	1474.47	124.0	16.36	17.45
PTHR32002	1362.97	1252.45	395.0	77.2	82.36
PTHR14413	1228.0	1117.47	780.05	162.07	172.88
PTHR22891	1930.39	1764.6	183.0	42.22	45.03
PTHR22893	1703.0	1647.73	678.63	55.51	59.22
PTHR10778	3563.38	3397.59	2030.19	225.04	240.04
PTHR10072	4841.7	4620.64	1808.99	201.34	214.77
PTHR12786	3014.67	2904.14	1070.73	99.69	106.34
PTHR12782	1345.0	1234.46	180.0	38.92	41.51
PTHR11214	1255.0	1199.73	65.0	7.31	7.8
PTHR24063	27640.42	26535.1	8566.99	648.39	691.63
PTHR10182	1141.0	1085.73	383.0	47.62	50.8
PTHR13923	3267.0	3045.93	662.25	117.98	125.84
PTHR12321	2839.0	2728.46	904.03	98.03	104.57
PTHR12320	5532.09	5145.26	1186.98	199.95	213.29
PTHR12323	1120.0	1009.48	46.0	13.57	14.48
PTHR16201	1857.0	1746.46	175.0	29.71	31.69
PTHR21015	1332.0	1276.73	553.0	58.43	62.33
PTHR16196	1027.0	916.47	124.0	34.11	36.39
PTHR16193	899.0	843.73	19.0	3.04	3.25
PTHR22792	2514.89	2293.93	579.08	123.47	131.71
PTHR22790	1999.0	1888.46	101.0	13.96	14.89
PTHR21680	1520.0	1464.73	425.1	39.13	41.74
PTHR21689	664.0	608.73	38.0	8.46	9.02
PTHR21113	2838.06	2672.26	2357.0	322.17	343.64
PTHR19316	693.0	582.52	54.0	25.79	27.51
PTHR21663	2353.0	2187.2	72.0	12.47	13.3
PTHR13253	5472.0	5085.12	1142.99	203.92	217.53
PTHR22603	1856.0	1690.22	91.0	21.74	23.19
PTHR21206	840.0	784.73	7.0	1.21	1.29
PTHR13789	12238.82	11520.41	3926.95	328.47	350.38
PTHR10071	2048.6	1827.56	189.0	50.53	53.89
PTHR24188	5175.0	5009.19	2305.29	195.06	208.06
PTHR13780	5524.76	5137.92	1855.0	268.21	286.09
PTHR10670	6519.0	6187.39	180.0	22.52	24.03
PTHR10677	1550.0	1439.46	679.0	123.49	131.73
PTHR13078	2002.0	1891.47	44.0	10.66	11.37
PTHR12815	5445.0	5223.93	1357.0	112.56	120.06
PTHR12814	1397.0	1286.46	216.0	45.88	48.94
PTHR24361	9514.09	9071.94	2722.43	261.83	279.3
PTHR24362	7408.88	6911.47	4161.0	436.86	465.99
PTHR10416	1685.01	1519.36	72.0	17.11	18.25
PTHR10410	4005.0	3839.19	981.37	99.84	106.49
PTHR10783	6779.14	6337.04	15205.2	1225.0	1306.7
PTHR10782	1177.0	1121.73	88.0	10.59	11.29
PTHR13476	2521.6	2411.08	389.09	37.59	40.09
PTHR10788	7974.78	7698.44	1902.81	164.14	175.08
PTHR10891	8227.14	7729.72	6916.38	945.87	1008.93
PTHR10890	2461.0	2350.46	324.94	36.05	38.46
PTHR20426	1041.61	986.35	106.0	14.51	15.48
PTHR23213	2645.0	2423.93	165.0	37.23	39.7
PTHR10520	4945.0	4779.19	2082.14	129.99	138.66
PTHR10250	1465.0	1354.46	3606.43	716.42	764.2
PTHR10527	11381.85	10994.96	2940.83	209.93	223.91
PTHR10099	5006.0	4950.73	3677.65	99.92	106.59
PTHR31385	5254.0	5032.92	1862.21	135.79	144.84
PTHR10091	1342.0	1286.73	117.0	12.27	13.08
PTHR31142	1664.0	1608.73	923.14	77.35	82.51
PTHR31140	529.33	474.07	177.99	50.96	54.36
PTHR11787	2856.1	2745.57	965.97	76.51	81.6
PTHR11785	13456.0	13124.38	3853.01	203.91	217.5
PTHR11782	6492.06	6105.2	1182.0	134.7	143.68
PTHR31419	711.0	655.73	29.0	5.99	6.39
PTHR11780	1981.0	1925.73	2185.7	152.92	163.11
PTHR23151	7186.78	6634.14	2212.86	403.07	429.95
PTHR21141	2987.0	2710.73	27806.48	7193.43	7673.09
PTHR32148	4304.52	4028.2	1571.93	237.22	253.04
PTHR23324	6244.86	6023.79	1434.43	110.09	117.43
PTHR23326	3334.0	3168.19	1160.0	163.88	174.81
PTHR23321	830.0	774.73	86.0	15.01	16.01
PTHR23323	4380.98	4049.42	626.0	111.65	119.1
PTHR23322	3424.0	3147.68	408.0	84.61	90.27
PTHR23329	1769.0	1603.21	110.0	23.9	25.49
PTHR11236	2757.0	2591.19	715.0	97.69	104.21
PTHR20932	3652.0	3486.19	456.0	51.7	55.15
PTHR10322	9830.0	9332.59	424.99	61.35	65.42
PTHR11239	963.0	852.48	171.0	53.47	57.05
PTHR10555	6846.0	6514.39	1530.81	146.87	156.64
PTHR31964	9956.75	9569.89	2150.54	258.28	275.51
PTHR23030	3774.84	3664.3	2757.0	175.91	187.64
PTHR11129	2279.0	2113.23	299.0	52.76	56.28
PTHR11122	5147.67	4926.6	1044.22	115.12	122.8
PTHR15316	2419.0	2197.94	546.1	134.4	143.35
PTHR11127	581.0	525.74	6813.66	1757.49	1874.68
PTHR11125	2229.0	2118.47	202.0	20.03	21.36
PTHR31566	1674.0	1618.73	371.96	30.97	33.04
PTHR31567	1245.0	1189.73	1170.98	132.82	141.67
PTHR31561	8689.24	8026.22	6330.82	623.05	664.59
PTHR15137	496.0	440.74	26.0	8.01	8.55
PTHR15954	898.0	787.5	46.0	15.78	16.83
PTHR15952	3943.0	3666.66	353.0	56.14	59.89
PTHR21597	2302.0	2191.46	203.0	26.19	27.94
PTHR19271	3971.9	3806.09	86.0	8.49	9.06
PTHR22931	13697.38	13034.37	19458.53	1114.62	1188.92
PTHR11361	15442.29	14668.65	617.46	54.38	58.0
PTHR12029	4452.0	4009.91	192.0	41.98	44.77
PTHR21220	1363.0	1307.73	284.0	29.29	31.25
PTHR31588	1569.67	1459.15	706.07	135.26	144.28
PTHR22780	2657.0	2546.47	721.0	60.69	64.74
PTHR21477	1688.0	1577.46	142.0	22.72	24.24
PTHR19308	3253.0	3087.19	1474.0	174.37	186.01
PTHR19306	3682.0	3571.46	328.9	23.98	25.57
PTHR16301	2175.0	2009.2	66.0	12.05	12.87
PTHR13265	1136.0	1080.73	52.0	6.5	6.93
PTHR22870	25752.57	24536.77	5445.97	511.1	545.14
PTHR17630	6853.45	6632.37	723.0	58.61	62.52
PTHR10064	571.7	516.45	5975.63	1569.19	1673.83
PTHR10066	10986.0	10599.11	620.0	52.49	55.99
PTHR10060	2186.0	1964.94	208.97	55.19	58.87
PTHR10663	14139.0	13365.26	1616.09	197.57	210.74
PTHR10666	1784.9	1619.1	19300.98	4337.59	4626.82
PTHR10668	9924.91	9316.96	1332.06	208.25	222.14
PTHR12801	2850.71	2629.65	365.0	70.64	75.34
PTHR12802	4217.0	3995.94	292.0	35.45	37.81
PTHR12805	1234.0	1123.47	110.0	24.98	26.64
PTHR12806	1024.0	968.73	84.83	11.83	12.62
PTHR21091	7647.93	7261.05	3580.82	402.75	429.62
PTHR21090	1816.0	1760.73	1428.57	109.34	116.63
PTHR12281	2328.0	2217.46	334.0	37.29	39.77
PTHR13734	3010.0	2844.2	397.0	60.97	65.04
PTHR24315	953.0	897.73	256.02	38.53	41.1
PTHR24314	2312.9	2092.04	354.97	69.33	73.96
PTHR11933	1687.0	1521.21	90.0	22.92	24.44
PTHR24316	4774.02	4497.7	814.11	100.39	107.08
PTHR11426	1962.0	1851.46	831.02	124.49	132.79
PTHR11937	8671.7	8119.08	9796.16	1984.1	2116.38
PTHR11938	17882.0	17439.84	10842.98	500.91	534.31
PTHR13683	8342.23	7789.64	2180.5	377.67	402.85
PTHR24089	39614.61	37183.05	19128.46	2194.23	2340.55
PTHR10796	4195.0	4029.2	471.0	53.25	56.8
PTHR10794	4023.22	3857.42	367.97	41.24	43.98
PTHR10795	14281.33	13618.19	3130.98	314.37	335.31
PTHR10792	586.0	530.73	4854.7	1240.31	1323.01
PTHR10799	57028.24	53712.52	5906.34	648.05	691.29
PTHR10882	866.0	810.73	98.0	16.34	17.43
PTHR10887	18608.52	17282.2	1969.99	262.91	280.44
PTHR11686	2019.0	1853.2	113.0	23.79	25.37
PTHR11685	4610.96	4389.95	465.27	52.99	56.52
PTHR11680	3378.99	3157.93	5178.45	488.45	521.02
PTHR24221	18455.15	17736.67	2046.03	194.25	207.18
PTHR24220	7122.0	6790.38	2674.69	259.58	276.88
PTHR24223	27981.61	26931.49	57899.96	3614.84	3855.86
PTHR11689	11130.0	10687.85	1890.99	175.21	186.9
PTHR10252	2051.0	1829.94	162.0	45.54	48.58
PTHR10537	1738.0	1682.73	11.0	0.88	0.94
PTHR31173	3687.0	3465.96	297.0	34.81	37.14
PTHR10997	12342.0	11955.11	1257.6	85.47	91.18
PTHR31606	644.0	588.73	115.01	26.47	28.23
PTHR31356	2765.0	2654.46	3246.5	343.03	365.91
PTHR31352	7241.68	6910.08	1769.06	175.98	187.7
PTHR31350	3617.0	3451.19	204.0	24.44	26.07
PTHR11758	623.0	567.73	5227.02	1247.72	1330.92
PTHR23333	1227.0	1171.73	334.0	38.47	41.03
PTHR11203	4393.43	4172.36	512.0	58.54	62.45
PTHR11753	2396.0	2230.19	769.0	136.06	145.13
PTHR11200	14109.21	13446.07	2021.0	166.88	178.01
PTHR24423	5503.71	5282.64	997.0	101.86	108.64
PTHR11206	14692.56	13919.14	1591.4	142.05	151.53
PTHR11757	9145.0	8702.88	1427.0	102.08	108.87
PTHR24420	50851.2	49138.05	8902.52	631.8	673.91
PTHR10332	5800.0	5578.93	1874.75	150.67	160.71
PTHR32557	992.0	936.73	174.0	25.09	26.77
PTHR14145	2949.0	2838.46	1133.0	105.16	112.16
PTHR13600	4541.85	4265.52	881.0	99.17	105.79
PTHR31384	1830.06	1719.53	221.0	32.11	34.24
PTHR15744	1407.0	1296.47	133.73	30.84	32.9
PTHR23029	7656.37	7324.79	1867.44	141.15	150.58
PTHR23023	3139.0	2862.68	191.0	41.77	44.55
PTHR21294	1602.0	1546.73	1299.23	113.24	120.79
PTHR11119	2823.79	2657.99	384.42	79.2	84.47
PTHR31595	3898.18	3621.85	585.0	81.92	87.39
PTHR31596	1813.0	1757.73	81.0	6.21	6.62
PTHR21290	916.0	860.73	33.0	5.18	5.53
PTHR15948	1348.0	1237.47	100.0	22.58	24.1
PTHR31412	3794.0	3683.46	1087.29	75.88	80.94
PTHR32026	1319.0	1263.73	477.0	50.92	54.32
PTHR31829	1129.0	1073.73	1929.0	242.54	258.71
PTHR14898	1437.0	1381.73	90.0	8.78	9.37
PTHR19241	37801.59	35591.06	6217.56	764.01	814.97
PTHR15239	3299.68	3078.62	347.99	53.5	57.07
PTHR19854	4072.54	3851.47	3167.57	321.0	342.41
PTHR32497	3914.0	3748.19	977.52	118.34	126.24
PTHR12497	2185.0	1963.95	151.0	40.88	43.6
PTHR12302	1543.0	1487.73	970.0	87.91	93.77
PTHR12652	2228.0	2172.73	1014.0	62.86	67.05
PTHR12304	1193.0	1137.73	43.0	5.1	5.44
PTHR30540	2168.0	2057.47	216.0	29.04	30.99
PTHR30544	4680.56	4404.21	448.36	67.71	72.21
PTHR13302	2405.0	2183.95	228.0	50.33	53.68
PTHR12472	1222.0	1111.48	46.0	9.39	10.01
PTHR13308	978.0	922.73	1220.84	178.75	190.67
PTHR12477	2602.52	2436.73	288.0	43.17	46.04
PTHR13878	9507.42	8954.75	642.98	68.34	72.91
PTHR21461	3876.0	3710.19	669.0	63.79	68.04
PTHR13872	5981.33	5594.51	6236.53	1547.31	1650.47
PTHR23327	3973.0	3696.67	1006.99	149.88	159.87
PTHR22849	5024.06	4637.21	951.11	183.94	196.2
PTHR21314	1027.0	971.73	62.0	8.62	9.19
PTHR13271	17957.21	16907.15	3167.92	432.39	461.2
PTHR22841	3878.0	3601.67	409.0	56.89	60.67
PTHR13273	1056.0	1000.73	424.89	57.34	61.16
PTHR22847	22136.26	20920.44	2167.5	274.33	292.62
PTHR22846	2370.0	2259.46	402.0	44.42	47.38
PTHR22844	9563.0	9120.86	1553.03	168.62	179.86
PTHR13890	4898.05	4511.19	1384.77	264.29	281.93
PTHR23284	1406.0	1350.73	134.0	13.38	14.27
PTHR21266	14922.71	14149.03	6612.83	545.25	581.61
PTHR12271	2724.0	2613.46	339.0	33.31	35.53
PTHR21262	5467.0	5080.14	1607.96	241.81	257.94
PTHR12276	1078.0	967.5	104.0	21.94	23.4
PTHR10657	1538.0	1372.21	300.0	83.21	88.75
PTHR16557	348.0	292.76	4.0	1.86	1.99
PTHR10655	414.0	358.74	5.0	1.9	2.02
PTHR10652	1290.0	1179.47	275.0	60.89	64.95
PTHR17972	3438.11	3217.05	259.0	40.41	43.1
PTHR21085	1224.0	1168.73	350.0	40.41	43.11
PTHR11922	4524.0	4302.93	1558.0	164.57	175.55
PTHR11926	6344.18	6012.61	920.0	98.79	105.38
PTHR11431	1989.8	1934.54	3632.97	253.01	269.88
PTHR10430	3789.57	3568.51	4506.49	528.84	564.12
PTHR10436	5501.0	5003.71	439.85	82.59	88.1
PTHR10434	1159.0	1103.73	135.0	16.51	17.61
PTHR24096	19962.64	18967.85	7046.7	768.21	819.42
PTHR13693	6140.41	5864.06	944.36	92.19	98.34
PTHR24095	11473.27	10920.61	5732.62	355.67	379.39
PTHR24092	9953.83	9511.69	2139.87	240.95	257.03
PTHR24093	54568.97	51529.61	50443.53	4409.14	4703.14
PTHR13451	1609.0	1553.73	24.0	2.08	2.22
PTHR13452	1004.0	893.47	129.0	35.61	37.98
PTHR10759	583.0	527.74	5221.18	1341.58	1431.04
PTHR12901	784.0	728.73	160.0	29.7	31.68
PTHR12903	660.0	604.73	51.0	11.42	12.19
PTHR23237	935.0	879.73	231.96	35.63	38.01
PTHR10501	619.0	563.73	161.0	38.71	41.29
PTHR31169	663.0	607.73	1.0	0.22	0.24
PTHR12277	3411.0	3245.19	317.0	40.07	42.74
PTHR14087	510.0	454.74	29.0	8.66	9.24
PTHR23309	3633.0	3522.46	3798.76	243.03	259.24
PTHR14085	1918.0	1862.73	157.0	11.36	12.11
PTHR31344	2405.61	2295.07	154.0	19.25	20.54
PTHR31619	1937.0	1881.73	2860.96	204.85	218.51
PTHR23306	1209.0	1098.47	162.0	37.59	40.1
PTHR23305	2106.74	1996.2	2160.0	218.5	233.07
PTHR14089	1949.0	1838.46	311.0	34.56	36.88
PTHR11748	9186.12	8909.78	4814.24	238.08	253.96
PTHR11742	3317.0	3095.97	259.0	38.01	40.53
PTHR11216	5379.0	5047.39	853.92	90.23	96.22
PTHR11210	1646.0	1535.47	712.0	102.57	109.41
PTHR14154	4831.0	4499.42	1567.24	262.3	279.8
PTHR14155	2294.0	2128.2	208.0	37.62	40.13
PTHR10343	3922.0	3700.92	388.99	59.71	63.69
PTHR11699	10774.0	10387.12	4054.95	316.88	338.0
PTHR11692	2029.0	1973.73	618.93	42.25	45.06
PTHR11693	1356.0	1300.73	5484.1	568.74	606.67
PTHR11695	17237.59	16353.4	5842.54	581.3	620.03
PTHR31760	375.0	319.75	5.0	2.13	2.27
PTHR31840	311.0	255.79	9.0	4.81	5.13
PTHR31906	8942.82	8445.41	1170.72	151.25	161.34
PTHR21419	1735.0	1679.73	594.0	47.66	50.84
PTHR23012	10957.17	10404.52	7243.32	709.35	756.65
PTHR11101	9157.99	8881.7	28657.63	1467.04	1564.87
PTHR11102	3860.0	3638.97	501.0	106.56	113.65
PTHR11106	1475.0	1419.73	221.0	20.99	22.39
PTHR31585	1126.79	1016.26	116.0	28.54	30.44
PTHR32125	1689.0	1578.46	355.0	61.56	65.66
PTHR32120	660.0	604.73	21.0	4.7	5.02
PTHR15680	756.0	700.73	169.0	32.64	34.81
PTHR11374	2727.0	2671.73	457.0	23.03	24.56
PTHR11808	4051.0	3940.46	1188.06	62.46	66.63
PTHR26312	2144.48	1978.68	241.98	44.73	47.7
PTHR12000	3589.0	3423.2	693.0	63.8	68.06
PTHR18895	5197.0	4920.66	223.0	26.26	28.02
PTHR12486	310.0	254.79	7.0	3.76	4.01
PTHR12480	3356.0	3190.2	246.0	24.55	26.2
PTHR12482	2648.0	2426.94	113.0	24.11	25.71
PTHR11042	2825.22	2604.18	204.0	34.44	36.74
PTHR12317	11480.0	11037.84	2434.19	239.1	255.05
PTHR12649	1133.0	1022.48	114.0	23.83	25.42
PTHR13992	1010.0	954.73	106.0	15.0	16.0
PTHR12461	5353.01	4910.94	341.0	78.14	83.37
PTHR12466	1409.0	1298.47	125.0	24.85	26.5
PTHR10098	838.5	783.24	669.51	115.59	123.29
PTHR13847	9992.29	9439.74	3677.15	545.99	582.4
PTHR22854	2025.0	1914.46	765.1	85.59	91.3
PTHR12001	2508.0	2397.47	1018.85	76.57	81.68
PTHR21327	2116.99	2006.45	1128.0	159.49	170.12
PTHR21631	7178.51	6902.19	25100.65	1693.72	1806.66
PTHR22855	4562.56	4396.76	3789.36	398.68	425.27
PTHR22850	7916.0	7584.39	1831.41	200.1	213.42
PTHR22504	1293.67	1238.41	1405.0	153.07	163.28
PTHR12189	1077.0	1021.73	104.0	13.74	14.66
PTHR21256	3501.0	3390.46	1082.0	85.47	91.17
PTHR12265	732.21	676.94	38.0	7.6	8.1
PTHR12266	2741.51	2575.7	330.0	49.23	52.49
PTHR10648	4897.47	4731.68	1968.12	205.73	219.44
PTHR30178	669.7	614.43	1435.01	316.32	337.41
PTHR10641	13715.96	12665.95	1660.52	304.64	324.93
PTHR10644	8696.0	8253.92	1621.56	128.76	137.32
PTHR12864	4445.0	4168.67	650.0	88.81	94.73
PTHR12860	2162.0	2106.73	357.0	22.83	24.35
PTHR13194	3780.75	3504.43	959.03	159.89	170.55
PTHR13190	407.0	351.74	31.0	12.0	12.8
PTHR13193	487.0	431.74	49.0	15.42	16.45
PTHR11913	1084.84	1029.57	788.0	103.35	110.24
PTHR11911	6979.0	6757.92	5440.5	565.29	602.99
PTHR11910	1744.0	1633.46	6947.88	1138.25	1214.15
PTHR14950	1345.86	1290.6	95.0	9.93	10.59
PTHR11918	4955.0	4678.66	658.0	79.8	85.13
PTHR12919	714.0	658.73	963.0	197.9	211.1
PTHR12910	894.0	838.73	585.49	94.36	100.65
PTHR12917	2083.0	1972.46	211.0	27.13	28.94
PTHR11879	4955.0	4733.93	2585.03	245.65	262.03
PTHR11351	4122.38	3846.08	560.97	93.95	100.21
PTHR11353	18884.7	17945.23	16223.41	1678.93	1790.89
PTHR11599	14014.0	13295.49	6362.5	836.96	892.79
PTHR10516	16436.66	15386.57	5911.86	1143.05	1219.26
PTHR11592	1720.0	1554.2	855.32	197.07	210.21
PTHR11659	1719.0	1663.73	441.09	35.73	38.12
PTHR31098	6203.0	6092.46	4301.8	133.82	142.75
PTHR23315	6478.92	6257.84	2860.99	405.69	432.73
PTHR23316	5872.0	5706.19	1364.93	64.39	68.7
PTHR11778	1348.0	1292.73	188.0	19.62	20.93
PTHR11774	3154.0	3043.46	386.74	32.84	35.03
PTHR11773	3408.0	3352.73	3982.04	159.84	170.5
PTHR11772	5614.95	5338.62	2869.0	297.26	317.08
PTHR10357	16094.4	15652.26	7347.0	309.64	330.3
PTHR10353	11955.37	11568.49	5097.33	366.74	391.19
PTHR10350	2882.0	2660.95	207.0	35.94	38.33
PTHR10351	5845.0	5623.99	1450.39	234.65	250.29
PTHR10359	1229.62	1119.09	106.0	24.06	25.65
PTHR31750	1356.0	1245.47	170.0	34.58	36.88
PTHR14189	761.0	650.51	39.0	18.12	19.33
PTHR32228	999.0	943.73	37.0	5.3	5.65
PTHR31245	628.0	572.73	213.0	50.4	53.76
PTHR23001	1826.0	1715.46	770.1	122.09	130.24
PTHR23002	823.0	767.73	38.0	6.69	7.14
PTHR11177	1128.0	1017.49	36.0	8.93	9.52
PTHR10445	1415.14	1304.6	222.0	41.81	44.59
PTHR11178	3282.0	3116.19	1710.98	248.35	264.91
PTHR14456	938.0	827.49	11.0	3.22	3.43
PTHR31808	1868.0	1702.21	813.01	179.95	191.95
PTHR31803	1768.0	1657.47	612.8	81.97	87.43
PTHR11009	2106.0	1995.46	528.0	65.53	69.89
PTHR30075	948.0	892.73	80.0	12.11	12.92
PTHR19229	7775.05	7388.18	525.11	77.51	82.66
PTHR11482	7555.0	7333.92	5817.29	395.58	421.96
PTHR11005	9934.43	9437.04	1913.0	226.85	242.0
PTHR11006	6250.6	5974.26	2365.75	233.55	249.12
PTHR18640	3988.84	3712.54	298.0	38.22	40.77
PTHR18866	19066.88	18624.76	19054.32	641.07	683.82
PTHR12022	852.0	796.73	778.87	132.18	140.99
PTHR15074	510.0	454.74	19.0	5.67	6.05
PTHR15588	1350.43	1239.89	336.0	72.41	77.23
PTHR12677	4372.92	4096.57	762.99	122.12	130.25
PTHR19134	2612.64	2446.88	1317.12	125.19	133.54
PTHR19139	1681.0	1570.46	393.0	67.62	72.14
PTHR30566	3526.69	3360.89	769.0	88.97	94.89
PTHR12459	1104.94	1049.68	79.0	10.16	10.84
PTHR12456	862.86	752.35	56.0	20.38	21.74
PTHR12452	760.68	705.42	120.97	23.2	24.75
PTHR11632	7366.0	7200.19	1813.34	106.39	113.48
PTHR12072	3189.0	2967.93	355.0	57.43	61.26
PTHR13218	566.0	510.74	48.0	12.75	13.6
PTHR13215	570.0	514.74	8.0	2.11	2.25
PTHR13213	796.0	685.52	31.0	10.45	11.15
PTHR12290	1953.0	1842.46	215.0	35.6	37.98
PTHR21530	2807.0	2530.78	99.0	28.49	30.38
PTHR12295	3233.0	2956.77	89.0	18.05	19.25
PTHR12298	1804.26	1693.72	401.0	56.0	59.74
PTHR10638	6695.52	6474.45	1598.79	137.28	146.43
PTHR10631	4339.0	4117.95	522.0	56.46	60.22
PTHR10984	5963.16	5686.81	1023.0	111.58	119.02
PTHR13501	1118.0	1007.47	782.07	171.29	182.71
PTHR13505	822.0	766.73	174.0	30.69	32.74
PTHR12856	444.0	388.74	23.06	8.07	8.61
PTHR12855	1744.0	1633.46	440.0	73.22	78.1
PTHR12854	978.0	922.73	503.0	73.65	78.56
PTHR13182	1686.0	1575.46	244.0	42.75	45.6
PTHR10743	1143.48	1088.22	268.0	33.25	35.46
PTHR10742	15439.0	14665.28	5170.01	441.84	471.31
PTHR10745	2914.05	2803.51	1112.18	69.57	74.21
PTHR10744	1698.0	1532.24	7312.29	1723.66	1838.58
PTHR10746	1776.0	1665.46	1870.7	295.02	314.69
PTHR11099	2539.0	2483.73	377.0	20.44	21.8
PTHR12924	1958.0	1902.73	1464.13	103.68	110.59
PTHR11349	1658.0	1547.46	4189.5	925.6	987.32
PTHR10566	20510.18	19183.79	4290.0	491.21	523.97
PTHR10293	4148.0	3871.67	1852.0	272.53	290.7
PTHR10291	1689.43	1523.64	56.0	12.89	13.75
PTHR11584	10197.04	9865.43	2568.98	178.03	189.91
PTHR11586	1415.0	1304.46	161.0	32.36	34.53
PTHR11909	4644.95	4423.95	3859.92	284.33	303.29
PTHR24320	7712.0	7269.85	730.0	125.08	133.42
PTHR24322	15263.2	14434.21	3045.62	357.13	380.93
PTHR11907	846.0	790.73	64.0	10.94	11.67
PTHR11760	881.0	825.73	9650.11	1579.82	1685.17
PTHR11761	1550.61	1440.08	7439.76	1878.08	2003.31
PTHR11766	1674.68	1619.42	325.44	27.09	28.9
PTHR11767	3406.0	3295.46	555.93	46.73	49.85
PTHR10361	1432.0	1376.73	904.0	88.56	94.46
PTHR10366	24588.59	23427.96	14199.79	1538.56	1641.15
PTHR10169	8687.0	8244.87	403.0	66.19	70.61
PTHR10168	3057.0	2835.93	512.0	81.04	86.44
PTHR20973	462.0	406.74	16.0	5.35	5.7
PTHR10165	583.0	527.74	18.0	4.63	4.93
PTHR31032	1629.0	1573.73	3637.13	311.56	332.34
PTHR23257	88153.19	83345.39	32722.74	3030.13	3232.14
PTHR13743	1855.51	1745.0	298.0	38.57	41.14
PTHR23253	1348.0	1237.47	832.0	178.84	190.76
PTHR14190	2378.0	2267.47	471.0	60.82	64.88
PTHR14194	7155.58	6768.69	1809.49	256.97	274.11
PTHR31251	805.0	749.73	23.0	4.15	4.43
PTHR23074	8462.05	7854.18	1754.7	295.72	315.43
PTHR23077	5506.0	5008.65	211.0	47.27	50.41
PTHR23076	10502.2	9949.6	1965.06	270.45	288.48
PTHR12561	888.0	832.73	85.0	13.8	14.72
PTHR23073	5587.0	5200.13	3114.96	568.64	606.57
PTHR23078	2296.0	2240.73	448.0	26.93	28.72
PTHR10804	15031.71	14257.94	3920.06	413.31	440.88
PTHR11165	840.0	784.73	1398.6	241.0	257.07
PTHR32100	1168.0	1112.73	138.08	16.75	17.87
PTHR14445	1185.83	1075.31	249.0	67.22	71.71
PTHR23109	4480.53	4370.0	1637.11	59.27	63.22
PTHR31811	1116.43	1005.92	236.0	50.92	54.31
PTHR23102	1356.0	1245.47	82.0	17.19	18.33
PTHR23105	7457.0	7014.91	22099.81	3325.67	3547.44
PTHR11010	3212.0	2990.92	379.0	72.05	76.85
PTHR11014	5898.2	5621.85	1926.08	185.99	198.39
PTHR12668	2111.0	1945.19	804.26	167.49	178.66
PTHR12661	1245.0	1189.73	103.0	11.68	12.46
PTHR12663	3585.34	3419.54	144.0	23.73	25.3
PTHR12664	737.0	681.73	115.0	22.83	24.35
PTHR16166	17255.06	15928.76	1366.15	286.73	305.85
PTHR12446	2028.0	1806.98	74.0	23.35	24.91
PTHR12447	2178.0	2067.46	295.0	39.97	42.63
PTHR15481	749.0	693.73	79.0	15.41	16.44
PTHR26379	595.0	539.73	175.0	43.96	46.89
PTHR12599	1451.0	1340.47	352.0	57.44	61.26
PTHR12596	4251.0	4085.22	514.0	23.41	24.98
PTHR12590	637.0	581.73	9.0	2.1	2.24
PTHR12066	1662.0	1551.47	3.0	0.56	0.6
PTHR12064	6792.6	6461.0	692.0	75.92	80.98
PTHR13226	3405.0	3239.19	294.0	50.36	53.71
PTHR13889	1796.0	1740.73	813.81	63.0	67.21
PTHR13887	835.34	780.07	314.0	54.43	58.06
PTHR21181	451.0	395.74	65.0	22.33	23.82
PTHR13948	1350.0	1239.46	87.0	19.03	20.3
PTHR12146	565.0	509.74	5604.6	1491.39	1590.84
PTHR10458	638.0	582.73	47.0	10.93	11.66
PTHR21506	2112.0	1946.24	187.0	33.94	36.21
PTHR12280	2708.36	2487.31	219.98	52.79	56.31
PTHR12286	3371.0	3260.46	664.0	54.13	57.74
PTHR22983	3270.0	3048.93	9.0	1.85	1.98
PTHR22981	6411.2	6134.87	1585.22	167.96	179.15
PTHR30191	3495.0	3439.73	6516.5	254.95	271.95
PTHR13082	367.0	311.75	26.0	11.37	12.13
PTHR10629	9371.0	8873.59	705.0	72.31	77.14
PTHR10994	6285.0	5953.39	1938.0	239.16	255.1
PTHR10996	6552.78	6276.44	5754.86	505.67	539.39
PTHR10625	15093.07	14208.81	2863.0	344.84	367.85
PTHR10992	33034.85	31100.56	5896.16	729.01	777.64
PTHR17695	3091.98	2870.94	285.99	36.93	39.4
PTHR12848	5110.0	4888.93	890.01	92.23	98.36
PTHR12849	1501.0	1390.47	215.0	39.75	42.4
PTHR10943	4220.0	4054.19	1151.98	117.98	125.84
PTHR12847	1679.42	1513.63	102.01	24.29	25.91
PTHR21349	1287.0	1176.47	1133.8	234.27	249.89
PTHR21347	2089.0	2033.73	547.0	36.23	38.65
PTHR19861	868.0	812.73	83.0	13.81	14.73
PTHR21343	747.0	636.49	4.0	1.65	1.76
PTHR10196	5402.46	5181.4	480.0	39.14	41.75
PTHR10192	2102.43	1991.9	400.0	53.01	56.55
PTHR10751	6184.33	5907.99	879.0	86.06	91.8
PTHR10755	3311.0	3200.46	2044.32	152.52	162.68
PTHR10758	2923.63	2813.11	1292.0	123.86	132.12
PTHR13152	1530.0	1419.46	155.0	30.83	32.89
PTHR12932	2650.02	2484.22	350.87	35.07	37.4
PTHR12934	1630.0	1519.46	1543.41	242.1	258.24
PTHR11451	8780.0	8503.65	4371.4	301.78	321.89
PTHR10288	6927.68	6540.88	3942.54	468.07	499.29
PTHR11800	2444.0	2333.46	464.0	51.82	55.27
PTHR11802	9401.19	8959.05	2901.03	310.35	331.03
PTHR11804	12866.0	12368.58	1495.12	129.35	137.96
PTHR11807	944.0	888.73	44.0	6.69	7.14
PTHR10281	1514.0	1403.47	155.0	26.66	28.44
PTHR10283	22032.29	21369.07	10882.39	649.06	692.34
PTHR10285	6138.66	5862.32	5973.1	623.14	664.69
PTHR10286	3232.0	3066.19	6511.97	853.93	910.86
PTHR11579	2672.24	2506.44	450.0	73.15	78.03
PTHR13718	3147.45	3036.92	11215.9	1557.46	1661.31
PTHR13711	4157.0	3825.43	229.0	47.06	50.2
PTHR13710	7847.14	7239.33	206.0	31.49	33.59
PTHR11977	538.0	482.74	321.84	90.47	96.51
PTHR22970	2277.0	2221.73	384.0	23.28	24.83
PTHR11972	847.0	791.73	0.0	0.0	0.0
PTHR31480	1102.0	1046.73	438.0	56.5	60.26
PTHR31485	3822.0	3656.19	351.7	33.28	35.5
PTHR11715	1033.33	978.07	1840.0	254.08	271.02
PTHR11717	1395.29	1284.76	58.0	15.55	16.59
PTHR11711	5698.02	5366.43	5440.68	859.28	916.57
PTHR11712	7972.77	7585.91	2725.96	257.95	275.15
PTHR10374	2329.0	2218.46	1229.53	135.56	144.61
PTHR10178	10831.43	10610.36	1046.21	36.22	38.63
PTHR20961	5760.95	5539.89	465.0	46.06	49.13
PTHR10173	4030.0	3753.65	2059.0	362.51	386.67
PTHR10177	9570.93	9018.26	1836.0	197.52	210.69
PTHR10174	11151.39	10598.74	7242.19	686.91	732.72
PTHR23249	756.55	701.28	98.0	18.91	20.17
PTHR23244	11780.16	10951.26	1025.49	146.26	156.01
PTHR23245	1549.0	1438.47	114.0	20.31	21.67
PTHR23240	4361.0	4084.66	146.0	24.37	25.99
PTHR14614	5815.18	5483.85	463.0	59.87	63.85
PTHR31268	2923.0	2757.21	641.65	85.08	90.75
PTHR31262	1827.0	1661.22	33010.7	5977.06	6375.6
PTHR23063	4765.0	4599.19	1046.11	91.77	97.89
PTHR11620	578.0	522.74	5934.9	1539.68	1642.35
PTHR11624	5481.84	5316.03	12825.54	802.41	855.92
PTHR11627	2836.0	2670.25	672.36	82.87	88.4
PTHR11390	3784.98	3453.44	317.22	72.08	76.9
PTHR31620	2429.0	2263.26	1491.55	212.07	226.21
PTHR31319	2644.0	2533.46	1809.97	146.44	156.2
PTHR14052	586.0	530.73	1.0	0.26	0.27
PTHR32118	1672.0	1616.73	1794.42	149.61	159.59
PTHR14152	378.0	322.75	21.0	8.87	9.46
PTHR23117	3538.0	3261.67	440.0	85.25	90.95
PTHR23115	36515.27	34857.27	87444.21	6667.22	7111.78
PTHR11028	1872.0	1816.73	1435.97	106.51	113.61
PTHR12111	2792.0	2681.46	240.67	24.46	26.1
PTHR11024	1761.0	1650.47	346.0	38.66	41.24
PTHR12841	836.0	780.73	148.0	25.63	27.34
PTHR11777	6230.0	5953.65	2080.0	174.22	185.84
PTHR12616	2233.52	2123.02	465.0	54.03	57.64
PTHR12613	1210.0	1154.73	196.0	22.91	24.43
PTHR12612	814.0	758.73	553.0	98.58	105.15
PTHR32060	5529.08	5252.73	659.34	65.54	69.9
PTHR12126	2759.0	2648.46	1074.53	106.15	113.23
PTHR12124	3725.59	3449.33	273.0	36.29	38.73
PTHR22734	2633.52	2522.99	368.15	40.86	43.58
PTHR12121	7316.18	6708.34	1586.04	132.61	141.45
PTHR12438	1240.25	1129.78	79.0	18.58	19.81
PTHR15492	1062.07	1006.81	115.0	15.42	16.45
PTHR21426	419.0	363.74	6.0	2.24	2.39
PTHR21427	517.0	461.74	12.0	3.53	3.76
PTHR19372	1954.0	1898.73	464.0	32.93	35.12
PTHR19370	7254.0	6922.39	17478.98	1009.64	1076.96
PTHR19376	13166.29	12668.87	2010.01	214.89	229.21
PTHR19375	4401.0	4179.92	2634.03	326.94	348.73
PTHR12725	2141.0	2030.46	319.37	42.12	44.93
PTHR22884	17774.36	16613.81	2116.0	286.78	305.93
PTHR22883	7247.23	6915.63	912.0	108.74	115.96
PTHR22880	7756.0	7258.63	681.0	93.0	99.19
PTHR12542	3174.94	3119.68	919.38	39.67	42.31
PTHR12547	3426.0	3260.2	756.0	131.78	140.57
PTHR12436	3147.0	2981.19	308.0	48.13	51.34
PTHR21512	1093.47	1038.21	103.0	13.4	14.29
PTHR19980	1933.0	1822.47	143.0	18.54	19.78
PTHR30508	3717.0	3606.46	3233.43	235.93	251.65
PTHR30502	816.0	760.73	45.0	8.0	8.53
PTHR10617	7933.06	7546.25	5509.63	486.35	518.79
PTHR10615	2410.61	2300.08	1020.72	100.88	107.61
PTHR13527	630.23	574.96	144.0	33.94	36.2
PTHR22958	1770.0	1604.21	1276.91	322.41	343.91
PTHR22951	1588.13	1477.64	718.0	113.07	120.62
PTHR22950	24208.54	23103.24	6138.89	495.55	528.56
PTHR22953	12118.96	11732.08	3938.94	315.58	336.63
PTHR22952	3781.38	3505.13	2290.72	261.84	279.29
PTHR22957	9351.0	8908.84	1265.04	144.19	153.81
PTHR21600	2156.0	1990.25	592.0	68.87	73.46
PTHR24056	14464.1	13524.6	1580.38	223.2	238.09
PTHR24054	2457.01	2346.47	1935.96	229.42	244.72
PTHR24055	12184.12	11576.19	2589.13	302.1	322.26
PTHR24058	6177.27	5845.72	905.02	117.39	125.21
PTHR10766	6416.0	6029.13	2474.83	343.2	366.07
PTHR10762	4245.0	4134.47	681.0	28.02	29.9
PTHR30031	2277.7	2111.99	3083.94	443.36	472.92
PTHR12945	1138.0	1027.47	34.0	8.93	9.52
PTHR12944	1815.0	1649.26	142.0	23.06	24.6
PTHR24128	2943.0	2777.19	504.0	82.56	88.08
PTHR13096	1951.0	1840.47	61.0	6.94	7.39
PTHR11364	2425.4	2259.59	498.0	89.13	95.07
PTHR11365	3652.0	3486.19	333.0	34.66	36.98
PTHR10548	2620.67	2344.46	645.0	191.89	204.69
PTHR11814	5997.0	5665.47	1729.0	182.13	194.28
PTHR11363	2138.0	2082.73	14309.15	925.46	987.17
PTHR10543	3672.0	3506.19	586.0	63.23	67.45
PTHR11819	4581.0	4359.98	1469.0	341.05	363.78
PTHR13931	5601.0	5490.46	1143.0	56.01	59.74
PTHR10544	529.0	473.74	2754.06	789.06	841.68
PTHR11562	972.0	916.73	87.0	12.82	13.68
PTHR11566	10146.88	9815.27	3506.88	301.94	322.07
PTHR11567	3528.0	3417.46	308.0	24.38	26.02
PTHR11564	8010.09	7678.49	1976.28	192.24	205.06
PTHR11962	2780.49	2559.44	254.0	69.15	73.77
PTHR11963	3703.0	3592.46	448.16	32.23	34.39
PTHR10381	9739.0	9296.84	5705.0	682.98	728.5
PTHR10383	2864.0	2698.2	1257.66	203.69	217.27
PTHR11932	5688.76	5467.71	3049.72	163.3	174.19
PTHR11702	7764.0	7487.65	1841.98	172.02	183.49
PTHR11700	1942.0	1776.2	12722.02	3054.55	3258.23
PTHR10388	695.0	639.73	1187.04	251.24	267.99
PTHR11709	2647.0	2536.46	135.0	13.64	14.55
PTHR10145	4333.0	4167.19	675.0	65.7	70.08
PTHR23273	3224.0	3113.46	375.01	35.31	37.66
PTHR23270	5448.47	5117.04	2910.18	229.02	244.3
PTHR24305	9735.72	9293.6	3686.75	349.99	373.31
PTHR23163	359.0	303.75	44.0	19.76	21.07
PTHR23050	3815.06	3593.99	3031.72	339.02	361.62
PTHR23056	1191.0	1135.73	117.0	13.9	14.83
PTHR23054	1148.0	1092.73	243.0	30.02	32.02
PTHR11638	5382.01	4995.18	5496.54	652.86	696.39
PTHR31783	3405.01	3183.94	517.02	89.57	95.55
PTHR23291	4570.0	4348.92	1714.14	207.44	221.28
PTHR11630	14496.77	13778.29	530.97	65.56	69.96
PTHR11140	7296.0	7074.92	2273.04	206.74	220.52
PTHR11141	2469.0	2358.46	893.99	107.66	114.84
PTHR11142	7232.0	6789.84	381.0	60.33	64.33
PTHR11143	588.0	532.73	6292.25	1601.49	1708.28
PTHR11380	486.0	430.74	34.0	10.72	11.44
PTHR11384	8188.0	7580.18	1616.06	130.7	139.4
PTHR32477	3007.0	2896.46	152.0	10.25	10.94
PTHR14043	2197.0	2086.46	118.0	15.35	16.38
PTHR32472	1677.43	1511.66	220.0	47.22	50.37
PTHR31658	1177.88	1012.21	95.0	35.98	38.37
PTHR14269	1947.0	1781.22	84.0	13.34	14.22
PTHR23125	29708.72	28106.01	5060.04	499.29	532.57
PTHR12050	961.0	905.73	521.75	77.83	83.02
PTHR19211	14557.7	13728.71	2461.73	341.07	363.83
PTHR12608	2772.78	2606.98	680.94	89.15	95.1
PTHR12604	638.0	582.73	72.0	16.74	17.86
PTHR12603	891.0	835.73	386.84	62.57	66.74
PTHR32091	729.0	673.73	174.0	34.96	37.29
PTHR32098	3096.0	2819.73	173.0	35.93	38.32
PTHR18763	535.0	479.74	51.0	14.43	15.39
PTHR22726	2516.0	2350.19	253.27	43.8	46.72
PTHR22727	3608.0	3442.19	44.0	6.66	7.11
PTHR12428	3174.78	2953.91	1090.65	129.15	137.76
PTHR18968	8312.62	7981.03	4784.84	284.95	303.95
PTHR12735	3620.0	3398.94	599.37	80.12	85.46
PTHR15020	9775.5	9333.36	2055.73	223.61	238.51
PTHR12049	2828.29	2607.23	182.0	40.38	43.09
PTHR12558	4131.0	3799.47	158.0	20.63	21.99
PTHR12553	6678.65	6126.03	624.69	129.02	137.62
PTHR10497	523.21	467.95	6074.29	1762.05	1879.54
PTHR10496	965.0	854.48	5699.09	1431.83	1527.31
PTHR21569	618.0	562.73	46.0	11.08	11.82
PTHR10491	1471.0	1415.73	1068.0	101.73	108.51
PTHR21567	6429.68	5987.58	547.0	54.66	58.3
PTHR13950	1384.0	1273.46	72.0	15.45	16.48
PTHR12133	1106.0	1050.73	107.0	13.75	14.67
PTHR10972	3941.0	3775.2	591.0	66.32	70.75
PTHR21704	2841.0	2619.93	69.0	14.49	15.46
PTHR10606	3303.0	3192.46	532.0	44.91	47.91
PTHR10971	1203.0	1147.73	65.0	7.64	8.15
PTHR22942	6395.0	6063.43	1051.37	103.9	110.82
PTHR13395	1006.0	895.47	1.0	0.25	0.27
PTHR13803	7212.26	6880.65	1512.0	118.25	126.14
PTHR21368	783.0	727.73	889.0	165.26	176.28
PTHR24067	11862.47	10978.31	3964.09	867.86	925.74
PTHR24064	13195.5	12698.09	4036.72	183.59	195.82
PTHR21011	511.0	455.74	230.59	68.7	73.28
PTHR10772	2083.0	1917.19	2588.35	539.39	575.34
PTHR10774	6977.43	6645.84	1423.13	100.92	107.66
PTHR24068	1109.0	998.47	1923.63	444.96	474.63
PTHR12959	923.0	812.51	12.0	4.33	4.61
PTHR24115	27481.13	25934.33	679.7	122.88	131.09
PTHR10961	1455.85	1400.59	111.0	10.69	11.4
PTHR11825	6679.3	6402.96	2311.06	212.21	226.37
PTHR10809	2215.0	2104.46	725.0	64.97	69.3
PTHR11822	2192.66	2137.4	5011.65	315.83	336.88
PTHR10803	3784.0	3562.93	978.99	129.3	137.92
PTHR10806	744.0	688.73	64.0	12.58	13.41
PTHR10552	987.0	931.73	211.21	30.62	32.67
PTHR11556	6635.0	6358.65	3670.42	387.2	413.01
PTHR11558	1136.0	1080.73	605.14	75.59	80.63
PTHR13773	2640.98	2475.61	511.01	73.67	78.6
PTHR11953	2514.0	2348.19	222.26	39.24	41.86
PTHR11952	8944.1	8557.32	2979.24	236.96	252.77
PTHR11956	2271.0	2215.73	905.0	55.01	58.68
PTHR11959	1518.0	1407.47	260.0	45.68	48.73
PTHR11739	4750.3	4529.23	1975.6	256.03	273.11
PTHR11732	20157.95	19163.11	3875.69	437.24	466.39
PTHR11731	7055.14	6778.81	2038.0	162.77	173.63
PTHR11730	7393.38	7006.49	1184.22	183.0	195.21
PTHR11735	2456.0	2290.2	132.0	23.14	24.68
PTHR10394	770.0	714.73	14232.78	2694.27	2873.92
PTHR20941	3158.49	3047.95	308.0	24.85	26.5
PTHR10150	1897.0	1786.46	34.0	5.09	5.42
PTHR31065	3018.84	2797.79	1753.0	247.0	263.48
PTHR10159	6981.6	6429.01	626.12	109.83	117.16
PTHR31066	1290.53	1235.27	286.0	31.24	33.32
PTHR13604	783.43	728.19	76.0	14.12	15.06
PTHR23264	2622.0	2400.95	671.0	101.37	108.12
PTHR23269	347.0	291.76	24.0	11.23	11.97
PTHR31204	749.0	693.73	115.0	22.43	23.93
PTHR31201	1412.34	1246.56	60.0	19.58	20.89
PTHR31209	1273.34	1218.1	188.0	20.82	22.21
PTHR11607	2447.4	2171.19	130.12	34.6	36.9
PTHR11606	3606.08	3440.28	1010.14	100.13	106.81
PTHR11601	5065.0	4788.66	1625.0	157.15	167.62
PTHR32467	9455.18	8736.74	2301.6	372.36	397.18
PTHR14255	4482.0	4150.41	466.0	79.96	85.27
PTHR23130	6770.4	6549.33	6791.34	492.66	525.51
PTHR23133	719.0	663.73	148.0	30.18	32.2
PTHR23135	1814.0	1758.73	406.0	31.11	33.18
PTHR23138	3083.31	2972.78	2088.86	219.95	234.62
PTHR23139	3240.63	2964.3	755.98	135.85	144.9
PTHR31682	2723.0	2502.0	369.0	57.18	61.0
PTHR11040	5167.0	4780.2	644.0	107.54	114.71
PTHR11043	1483.0	1372.46	254.0	52.53	56.03
PTHR11048	6365.0	6033.39	1996.06	173.42	184.99
PTHR15818	1445.0	1334.47	79.0	13.88	14.82
PTHR12636	903.0	847.73	252.0	40.18	42.86
PTHR14493	33801.7	31812.17	35072.75	2897.86	3091.11
PTHR15651	1896.0	1785.46	173.0	27.16	28.98
PTHR12380	2078.0	1912.2	820.0	203.2	216.76
PTHR12385	3979.0	3813.19	1696.99	115.6	123.31
PTHR12706	8402.0	8015.14	1479.0	119.45	127.41
PTHR30573	2261.0	2205.73	287.98	17.58	18.76
PTHR12709	1771.0	1660.46	316.0	57.44	61.27
PTHR19957	5241.75	4799.69	1225.0	230.15	245.51
PTHR30239	2001.0	1945.73	1277.98	88.49	94.39
PTHR12560	4967.3	4746.23	703.0	101.73	108.52
PTHR11751	18915.94	18086.91	14060.91	996.01	1062.45
PTHR12770	6350.0	6073.66	672.96	56.64	60.41
PTHR12097	3976.0	3865.47	1356.76	60.74	64.8
PTHR19842	1329.0	1273.73	239.0	25.31	27.0
PTHR11752	19348.64	18464.63	2230.89	280.29	298.98
PTHR21576	4846.96	4515.34	671.03	121.12	129.19
PTHR24193	8014.45	7406.53	942.0	177.41	189.21
PTHR12419	4303.0	4081.92	340.04	54.35	57.97
PTHR23338	3616.05	3450.25	1466.05	158.42	168.98
PTHR30525	1647.73	1592.47	635.0	53.75	57.34
PTHR12413	2828.08	2662.34	124.0	20.1	21.44
PTHR12412	2966.0	2800.2	726.86	65.69	70.07
PTHR12411	9285.67	8843.54	9104.87	1038.64	1107.88
PTHR23339	3237.0	3015.94	919.0	116.16	123.92
PTHR12415	1028.0	917.47	6.0	1.74	1.87
PTHR10947	2171.0	2060.46	545.0	71.37	76.13
PTHR21717	1894.0	1728.23	179.0	31.75	33.87
PTHR21712	1614.0	1503.47	126.0	17.91	19.09
PTHR12897	832.0	721.54	27.0	9.33	9.95
PTHR12894	3581.89	3250.41	135.0	24.02	25.64
PTHR12891	987.0	931.73	29.0	4.2	4.49
PTHR22976	5250.68	5140.14	1426.13	49.46	52.76
PTHR22975	1306.17	1195.69	362.0	66.74	71.18
PTHR20922	2124.0	1958.23	573.09	81.03	86.43
PTHR21377	1384.0	1273.46	386.59	75.43	80.46
PTHR21371	1784.0	1728.73	4809.83	374.97	399.97
PTHR21373	2454.0	2233.0	140.0	31.5	33.61
PTHR22573	8081.38	7805.05	3791.46	271.42	289.53
PTHR22572	8375.7	7933.56	7488.67	605.06	645.41
PTHR21000	3048.0	2992.73	1830.0	82.31	87.8
PTHR10701	840.68	785.42	252.0	43.38	46.28
PTHR13161	642.0	586.73	46.0	10.62	11.33
PTHR13162	5798.46	5632.68	1160.9	101.91	108.71
PTHR13165	759.24	703.97	87.0	16.72	17.84
PTHR21396	676.0	620.73	91.0	19.85	21.18
PTHR12965	2221.0	2110.46	136.0	16.15	17.23
PTHR13068	6475.0	6143.38	591.27	81.72	87.16
PTHR24106	8231.16	7844.29	1378.89	129.59	138.24
PTHR24103	2986.0	2709.67	96.0	22.99	24.53
PTHR11540	5585.8	5364.72	11641.58	1036.42	1105.52
PTHR10836	3072.0	2850.93	10806.17	2555.47	2725.87
PTHR10835	1541.0	1485.73	189.0	17.15	18.3
PTHR11545	1576.0	1465.46	8287.88	1510.72	1611.46
PTHR10012	1121.37	1066.11	179.0	22.67	24.18
PTHR13768	2811.0	2700.46	331.0	32.96	35.16
PTHR24078	8272.0	7829.85	936.0	152.26	162.42
PTHR11946	24172.11	23232.63	5478.15	445.77	475.48
PTHR11947	5221.0	4999.93	2048.0	175.31	186.99
PTHR11941	5871.8	5595.46	1876.0	212.76	226.96
PTHR24072	2293.0	2182.46	427.0	52.11	55.58
PTHR24073	11400.23	10626.52	6908.9	1234.13	1316.45
PTHR24076	12473.87	11534.49	3823.27	697.06	743.53
PTHR24077	7802.4	7305.01	1733.99	252.29	269.11
PTHR11728	5891.0	5725.19	1438.0	98.33	104.89
PTHR11726	1210.0	1099.48	8093.05	1374.55	1466.2
PTHR11727	2105.0	1939.2	201.0	39.09	41.7
PTHR11721	580.96	525.69	8563.83	2209.1	2356.4
PTHR11722	812.0	756.73	7817.85	1397.28	1490.45
PTHR10120	1541.0	1485.73	171.0	15.52	16.55
PTHR10122	753.0	697.73	1373.0	266.28	284.04
PTHR11831	1419.94	1309.41	11895.62	2572.16	2743.66
PTHR11835	4293.0	4071.92	1772.93	211.97	226.11
PTHR11614	4025.0	3859.2	1261.32	77.91	83.1
PTHR11615	7394.55	7063.01	8176.06	651.98	695.47
PTHR11618	1207.0	1151.73	109.0	12.77	13.62
PTHR14140	2077.5	2022.23	141.0	9.39	10.02
PTHR32419	2402.0	2291.46	656.08	75.88	80.93
PTHR10231	881.0	825.73	196.0	32.09	34.23
PTHR10233	6024.0	5747.71	818.0	86.01	91.76
PTHR31503	6110.8	5889.73	1825.04	136.15	145.22
PTHR23147	1673.75	1563.21	727.89	109.72	117.04
PTHR23140	1254.0	1198.73	311.0	35.01	37.34
PTHR23142	2632.61	2522.07	373.0	43.63	46.53
PTHR23149	544.61	489.35	33.0	9.15	9.76
PTHR23148	908.0	852.73	90.0	14.26	15.22
PTHR31695	2548.0	2492.73	850.54	45.94	49.01
PTHR11056	1940.1	1884.84	537.0	38.39	40.95
PTHR11055	1405.62	1350.35	4340.73	433.56	462.47
PTHR32523	1936.71	1715.83	168.0	51.87	55.33
PTHR10540	951.0	895.73	284.0	42.84	45.7
PTHR19359	2017.0	1906.47	268.0	51.59	55.03
PTHR12629	910.73	855.47	240.0	37.92	40.45
PTHR18945	1828.0	1772.73	194.02	14.75	15.73
PTHR26402	8728.52	8286.41	13653.71	783.28	835.5
PTHR19384	8448.02	7950.61	9177.23	865.37	923.07
PTHR12714	2302.0	2191.46	815.0	92.43	98.6
PTHR32251	1284.0	1228.73	1104.98	121.34	129.43
PTHR12570	1832.0	1721.46	169.0	23.94	25.54
PTHR21494	335.0	279.77	7.0	3.42	3.64
PTHR21496	3820.97	3599.89	1730.0	245.47	261.83
PTHR21493	18612.16	17727.93	1669.8	147.66	157.51
PTHR21499	5237.44	5071.63	3310.65	177.99	189.85
PTHR21148	3068.0	2957.46	259.0	23.82	25.4
PTHR12083	2585.0	2474.46	725.0	53.27	56.83
PTHR22904	13734.94	12795.44	8519.45	1817.33	1938.46
PTHR13976	3383.0	3106.68	481.03	82.73	88.24
PTHR13353	2898.0	2732.2	520.07	58.6	62.52
PTHR12406	13315.96	12763.27	1862.0	242.16	258.31
PTHR16128	3193.0	2861.43	145.0	37.03	39.51
PTHR12400	844.0	788.73	38.0	6.51	6.95
PTHR13572	3551.97	3386.17	311.0	41.16	43.91
PTHR30314	3096.0	2875.01	110.0	16.44	17.53
PTHR12882	532.0	476.74	105.0	29.89	31.89
PTHR12883	1361.0	1305.73	249.0	25.72	27.44
PTHR16255	6306.0	6029.65	1429.0	144.2	153.82
PTHR16254	6053.72	5777.44	771.0	83.98	89.58
PTHR22960	2954.0	2843.46	2186.45	191.64	204.42
PTHR13373	1719.0	1608.46	77.0	13.25	14.13
PTHR13375	1923.01	1757.24	282.01	41.15	43.89
PTHR22967	3191.0	2970.01	147.56	22.84	24.37
PTHR19858	2601.0	2435.2	354.64	54.08	57.69
PTHR30222	624.0	568.73	32.0	7.63	8.13
PTHR13115	1677.0	1621.73	364.0	30.25	32.27
PTHR13117	1505.0	1449.73	70.0	6.51	6.95
PTHR13285	1765.0	1709.73	86.0	6.78	7.23
PTHR13288	781.0	725.73	65.0	12.12	12.92
PTHR10953	13984.45	13321.28	6756.45	384.96	410.64
PTHR21726	1386.0	1275.46	51.0	11.15	11.9
PTHR10956	813.0	702.51	8503.85	2712.06	2892.89
PTHR10826	1826.0	1715.46	594.0	94.31	100.59
PTHR11533	8003.15	7837.35	2631.98	131.3	140.05
PTHR11532	1527.57	1472.3	535.9	49.08	52.35
PTHR10000	1901.0	1790.46	128.0	19.46	20.76
PTHR13021	932.0	876.73	112.0	17.26	18.41
PTHR24007	2042.0	1876.23	399.01	77.75	82.93
PTHR24003	15978.73	15204.97	70654.87	5206.59	5553.77
PTHR31446	1604.0	1493.47	534.0	76.24	81.33
PTHR31442	1406.81	1241.03	350.0	120.57	128.61
PTHR11441	885.5	830.24	74.0	12.05	12.85
PTHR11440	3162.79	2996.98	373.0	55.85	59.56
PTHR11999	7017.75	6741.43	1947.08	100.08	106.76
PTHR11449	1060.0	949.47	8896.0	2115.93	2257.01
PTHR11994	1296.0	1240.73	139.0	15.12	16.12
PTHR11706	3603.0	3492.46	412.24	29.25	31.2
PTHR10133	7904.16	7462.09	898.0	97.65	104.16
PTHR21649	11699.79	10926.27	112741.18	20337.81	21693.92
PTHR13620	7852.02	7354.66	726.0	93.03	99.24
PTHR11705	4630.0	4464.25	348.0	19.79	21.11
PTHR11847	819.21	763.94	9931.51	1758.21	1875.44
PTHR11843	798.0	742.73	4293.84	781.99	834.13
PTHR13138	1573.0	1462.46	75.0	13.62	14.52
PTHR11661	1836.0	1670.2	7663.98	1778.55	1897.13
PTHR11662	33364.71	31485.88	6522.3	565.34	603.01
PTHR11669	4849.0	4627.92	427.0	50.58	53.95
PTHR11668	12041.01	11488.33	5056.36	574.94	613.28
PTHR20856	11156.01	10879.68	2068.88	126.65	135.11
PTHR20854	4820.0	4598.92	1468.85	158.62	169.2
PTHR20855	3546.0	3435.46	1220.92	83.44	89.01
PTHR20852	5273.0	4941.48	4260.2	415.92	443.66
PTHR32404	1455.0	1344.48	186.0	24.97	26.64
PTHR20858	2601.57	2435.77	356.0	53.98	57.57
PTHR10634	343.89	288.66	210.98	99.75	106.4
PTHR30603	2030.0	1919.47	1146.0	119.49	127.46
PTHR11817	12814.65	12317.27	7308.46	504.54	538.17
PTHR14237	6231.76	6010.68	2107.16	188.18	200.72
PTHR10738	348.0	292.76	10.0	4.66	4.97
PTHR23155	13633.7	13136.3	995.86	74.6	79.57
PTHR23153	2864.0	2642.93	500.0	76.95	82.09
PTHR14894	1775.0	1664.47	104.41	16.35	17.44
PTHR11063	4104.0	3993.46	642.0	41.82	44.61
PTHR11062	6895.74	6398.43	323.0	38.53	41.09
PTHR11061	6454.38	6012.23	609.52	114.42	122.05
PTHR11065	3983.24	3762.17	747.99	119.9	127.9
PTHR11064	2175.0	2009.2	594.0	105.53	112.57
PTHR11260	9665.98	9168.56	4794.21	568.02	605.91
PTHR11264	1027.0	971.73	52.0	7.23	7.71
PTHR11266	10486.2	9933.52	1990.91	259.76	277.07
PTHR12858	3933.0	3711.93	459.0	64.25	68.53
PTHR31998	2816.0	2760.73	11226.16	547.43	583.93
PTHR31221	1798.01	1632.23	225.0	56.16	59.91
PTHR15838	1069.0	903.27	36.0	16.61	17.71
PTHR12850	512.0	456.74	6208.02	1845.48	1968.53
PTHR22836	1265.0	1209.73	72.0	8.03	8.57
PTHR32338	1555.63	1500.37	535.0	48.08	51.28
PTHR31407	4448.58	4172.24	1638.29	225.97	241.03
PTHR12363	5531.41	5089.31	335.0	62.74	66.92
PTHR18952	988.0	932.73	44.0	6.37	6.8
PTHR25040	3750.57	3640.05	1729.01	124.45	132.75
PTHR12765	523.0	467.74	63.0	18.28	19.5
PTHR12505	1871.0	1760.46	235.0	35.8	38.19
PTHR22604	2994.0	2883.46	285.0	26.77	28.56
PTHR21481	1125.0	1069.73	139.0	17.54	18.71
PTHR22778	3634.01	3412.97	196.0	28.27	30.16
PTHR12169	2211.37	1990.37	204.0	39.64	42.29
PTHR19446	2182.0	2016.19	91.73	18.71	19.95
PTHR12219	1398.0	1287.47	1124.0	166.67	177.78
PTHR13561	1947.0	1781.22	11.0	2.02	2.15
PTHR13563	1499.0	1388.47	84.0	13.15	14.04
PTHR12210	6390.65	6003.96	1574.88	252.51	269.34
PTHR12215	1669.86	1504.07	57.0	13.6	14.51
PTHR12214	1132.0	1021.48	50.0	12.69	13.55
PTHR22915	10728.09	10285.97	2655.98	161.01	171.73
PTHR22911	3328.0	3106.94	156.0	27.73	29.57
PTHR22912	15735.78	15183.08	9521.92	753.81	804.08
PTHR12183	610.0	554.73	36.0	8.8	9.38
PTHR19849	895.0	784.48	88.0	29.34	31.29
PTHR22594	7644.0	7201.87	2144.12	259.13	276.38
PTHR21152	4720.93	4555.12	7965.95	706.22	753.3
PTHR21021	1425.0	1314.47	42.0	8.04	8.57
PTHR13102	2074.0	1963.46	112.0	16.83	17.94
PTHR12984	2738.0	2627.46	188.0	20.35	21.71
PTHR23293	4769.0	4603.19	3878.14	326.34	348.09
PTHR13299	1039.0	983.73	97.0	13.32	14.21
PTHR10925	1718.0	1607.46	309.05	52.74	56.26
PTHR21737	1782.0	1671.46	209.77	32.08	34.22
PTHR10920	3368.0	3091.67	266.0	55.87	59.6
PTHR10855	2935.58	2825.04	742.94	63.26	67.48
PTHR10585	2342.0	2231.46	894.0	112.17	119.65
PTHR10584	12753.2	12034.84	1489.0	186.11	198.51
PTHR11528	7856.0	7413.91	16400.53	1991.95	2124.75
PTHR11527	3508.57	3287.49	1753.98	279.59	298.25
PTHR11525	1433.0	1377.73	308.0	30.15	32.16
PTHR10859	2342.0	2065.71	76.0	26.59	28.35
PTHR10589	2011.64	1901.1	159.0	25.59	27.3
PTHR10588	7052.42	6665.55	465.0	58.24	62.12
PTHR13038	1677.81	1622.55	408.0	33.89	36.15
PTHR13748	13725.3	13117.4	9976.31	808.19	862.06
PTHR10026	3022.5	2801.42	181.0	36.07	38.48
PTHR24015	15027.83	14309.45	3181.94	324.31	345.9
PTHR24012	25731.21	23962.77	18257.52	2907.18	3101.0
PTHR24011	25304.4	23480.88	10893.24	1581.97	1687.43
PTHR31187	3785.0	3508.68	276.0	44.42	47.39
PTHR21145	717.0	661.73	64.0	13.09	13.97
PTHR10459	7081.25	6749.64	527.0	48.07	51.27
PTHR11453	1494.0	1328.23	48.0	13.76	14.68
PTHR10108	34730.37	32851.37	13332.98	1015.84	1083.54
PTHR11986	10390.64	10003.77	5881.58	528.85	564.12
PTHR11455	9124.77	8572.35	2171.42	186.34	198.78
PTHR10102	2174.0	2063.46	243.0	33.86	36.12
PTHR11458	1512.0	1456.73	1390.32	128.69	137.27
PTHR10106	839.0	783.73	39.0	6.73	7.18
PTHR31057	1624.67	1458.89	103.0	27.55	29.38
PTHR30115	905.0	849.73	150.0	23.86	25.45
PTHR11851	21799.0	20583.12	5545.62	550.13	586.82
PTHR23092	6385.91	6054.31	415.0	58.2	62.08
PTHR23091	11781.55	10952.58	2820.48	394.84	421.17
PTHR11673	808.0	752.73	7465.91	1341.51	1430.96
PTHR11670	6973.0	6807.19	10779.52	671.02	715.75
PTHR11671	993.0	937.73	613.93	88.44	94.34
PTHR20863	2102.0	1991.46	964.88	145.39	155.08
PTHR20861	602.0	546.73	45.0	11.16	11.9
PTHR11679	7670.23	7228.17	1233.62	103.36	110.25
PTHR14009	3523.0	3412.46	972.34	76.71	81.82
PTHR10217	14732.43	14124.49	2062.88	194.7	207.7
PTHR14005	2778.0	2722.73	2495.38	123.39	131.61
PTHR10210	3946.0	3724.94	822.0	95.44	101.81
PTHR31522	1274.0	1218.73	372.3	41.22	43.97
PTHR14221	1577.0	1466.46	116.0	20.41	21.78
PTHR11079	4628.0	4296.47	389.0	67.34	71.81
PTHR11076	7942.31	7279.14	367.03	55.47	59.15
PTHR11070	3622.24	3401.18	261.0	37.0	39.46
PTHR11071	21359.78	19867.73	7686.04	1492.26	1591.77
PTHR11278	1118.0	1007.48	7093.73	1379.97	1471.99
PTHR11276	2492.34	2326.55	135.0	17.8	19.0
PTHR11274	2483.0	2372.46	301.0	32.27	34.43
PTHR14136	3866.0	3644.92	1470.94	227.4	242.56
PTHR31984	3253.37	3087.57	952.43	132.31	141.13
PTHR15350	2237.0	2126.46	613.03	68.77	73.35
PTHR15606	3041.0	2819.96	196.0	31.01	33.09
PTHR12374	1688.0	1522.21	128.0	31.37	33.48
PTHR12375	1179.0	1123.73	167.0	20.06	21.4
PTHR12378	3318.0	3096.92	1016.0	170.6	181.98
PTHR18929	7483.0	6985.61	7512.84	952.71	1016.25
PTHR31724	1769.0	1658.47	118.0	21.78	23.24
PTHR30535	777.0	721.73	10.0	1.87	2.0
PTHR12777	907.0	851.73	590.01	93.63	99.87
PTHR12775	1505.34	1394.81	109.0	20.76	22.14
PTHR24352	4237.04	4071.24	1959.58	155.99	166.4
PTHR16092	733.0	677.73	259.0	51.72	55.17
PTHR11035	890.0	834.73	146.0	23.64	25.22
PTHR22298	7183.0	6851.45	2326.0	106.16	113.23
PTHR12174	2796.0	2630.19	325.0	49.51	52.82
PTHR12175	920.0	864.73	198.0	30.94	33.01
PTHR12176	5229.0	4897.39	599.74	98.59	105.15
PTHR22769	8313.0	7815.58	808.0	116.62	124.38
PTHR22767	3842.0	3565.68	299.0	46.05	49.12
PTHR22765	10114.14	9727.27	1022.07	122.52	130.68
PTHR22762	5756.0	5590.19	591.0	37.54	40.04
PTHR22763	2261.12	2095.34	433.16	88.96	94.89
PTHR22761	2661.46	2495.66	1899.95	253.21	270.09
PTHR21231	2425.0	2314.46	298.0	34.3	36.58
PTHR21230	1491.0	1380.48	659.0	84.94	90.6
PTHR21234	2568.16	2457.62	244.0	26.73	28.5
PTHR21237	4055.75	3889.95	3214.34	316.48	337.59
PTHR12202	838.0	727.51	44.0	17.78	18.96
PTHR12203	2037.43	1926.9	480.0	47.13	50.27
PTHR19857	1223.0	1167.73	256.0	29.59	31.56
PTHR13355	654.0	598.73	34.0	7.69	8.21
PTHR19855	1713.97	1658.71	186.0	15.11	16.12
PTHR19852	400.0	344.74	16.0	6.32	6.74
PTHR19853	3673.0	3396.68	168.0	36.43	38.86
PTHR12197	11042.13	10102.96	1672.06	213.58	227.82
PTHR13822	1158.0	1102.73	932.0	114.09	121.69
PTHR32442	1726.0	1670.73	380.2	30.67	32.72
PTHR10344	740.0	684.73	17.0	3.36	3.58
PTHR21319	5946.71	5670.37	3952.08	390.49	416.53
PTHR10732	598.0	542.73	7332.51	1831.59	1953.72
PTHR10739	2948.18	2782.37	1119.83	172.0	183.46
PTHR12992	774.0	718.73	60.0	11.29	12.05
PTHR22838	1785.0	1729.73	191.0	14.88	15.87
PTHR22881	1455.0	1344.46	226.0	45.7	48.74
PTHR11588	3115.78	2949.99	842.0	71.86	76.65
PTHR11934	1832.0	1721.46	803.79	122.41	130.57
PTHR10693	980.67	925.4	270.0	39.42	42.05
PTHR10938	1703.0	1647.73	2034.07	166.39	177.49
PTHR10934	918.0	862.73	7911.46	1239.34	1321.98
PTHR14490	892.0	781.48	23.0	8.49	9.06
PTHR11510	2448.0	2392.73	1465.9	82.5	88.0
PTHR11516	4912.51	4691.44	2260.51	331.84	353.97
PTHR10025	3154.0	2877.67	381.0	87.37	93.19
PTHR10027	4669.09	4392.75	349.99	52.61	56.13
PTHR13009	1712.0	1656.73	454.89	37.01	39.48
PTHR13007	785.0	729.73	147.0	27.25	29.07
PTHR11863	2241.0	2130.46	195.0	25.99	27.73
PTHR17901	673.0	617.73	69.0	15.13	16.14
PTHR24351	1664.0	1553.47	220.87	40.58	43.28
PTHR20981	688.0	632.73	7992.59	1710.49	1824.55
PTHR20982	865.0	809.73	84.0	14.02	14.96
PTHR11864	4226.01	4004.95	615.07	70.68	75.41
PTHR11467	580.0	524.74	456.49	117.97	125.84
PTHR10119	8240.0	8018.92	1781.0	104.01	110.95
PTHR10114	441.0	385.74	4711.93	1661.36	1772.14
PTHR10110	7946.08	7725.02	1308.35	92.85	99.05
PTHR11469	2800.0	2689.46	1389.28	94.03	100.3
PTHR10598	2530.97	2475.71	507.0	27.58	29.41
PTHR24286	7936.0	7549.16	1466.24	136.17	145.25
PTHR23429	3765.66	3655.13	5276.13	387.15	412.96
PTHR23426	2018.52	1852.72	281.0	57.31	61.12
PTHR10593	2413.34	2302.81	507.06	59.4	63.37
