GeneFamily	length	effective_length	expected_count	TPM	FPKM
PTHR11649	10715.02	10261.73	4379.8	294.98	261.62
PTHR31089	2072.0	2026.67	714.17	25.93	23.0
PTHR31085	10622.25	10259.62	5461.47	299.86	265.96
PTHR11647	3378.87	3288.21	2744.3	132.31	117.36
PTHR11645	1758.0	1712.67	2389.48	102.73	91.12
PTHR11880	1740.0	1649.34	4346.88	398.36	353.34
PTHR11885	933.0	887.67	8636.87	718.87	637.64
PTHR10209	9359.39	9087.43	4672.07	156.23	138.56
PTHR32429	2879.65	2788.99	7501.25	416.72	369.63
PTHR31423	849.9	804.57	145.0	13.32	11.82
PTHR31551	605.0	559.67	41.0	5.43	4.82
PTHR32195	3592.17	3456.19	280.81	12.53	11.11
PTHR11081	2918.65	2737.36	271.22	17.08	15.15
PTHR11080	2413.17	2277.19	119.0	10.92	9.68
PTHR11082	4831.65	4605.06	592.06	47.5	42.14
PTHR11085	6689.48	6462.82	1267.9	58.07	51.51
PTHR11089	9566.78	9113.57	2623.65	206.14	182.84
PTHR32518	4120.06	4074.72	1438.0	25.93	23.0
PTHR11247	3475.52	3339.52	817.88	51.37	45.57
PTHR11246	11175.87	10903.88	3315.77	125.17	111.02
PTHR32512	4781.28	4690.62	651.0	22.17	19.67
PTHR23088	5006.04	4824.71	1013.85	64.76	57.44
PTHR23089	2075.0	1984.34	1829.91	135.67	120.34
PTHR23081	4142.57	3961.26	352.0	23.78	21.09
PTHR23083	39020.33	37705.87	26070.06	1149.91	1019.96
PTHR23084	4346.38	4255.77	756.0	24.64	21.85
PTHR23086	3081.13	2899.81	862.0	87.91	77.98
PTHR18806	2939.29	2848.63	2891.13	148.52	131.74
PTHR31953	2638.17	2547.52	350.0	29.13	25.84
PTHR15184	6265.88	6084.55	23299.36	907.3	804.77
PTHR15341	1450.66	1405.33	479.03	25.12	22.28
PTHR32357	3382.14	3291.48	3149.48	136.16	120.78
PTHR12696	1780.14	1734.81	1565.26	66.43	58.92
PTHR12341	3391.04	3300.44	483.0	22.43	19.89
PTHR15160	5118.34	4982.37	23458.38	899.35	797.73
PTHR18937	12683.09	12320.47	1468.02	62.38	55.33
PTHR18934	27318.3	26230.69	4322.85	260.19	230.76
PTHR12742	2052.0	2006.67	1009.99	37.04	32.85
PTHR12741	14777.53	14369.55	10305.1	429.51	380.97
PTHR19288	2595.6	2504.94	770.02	44.23	39.23
PTHR13903	3083.6	2992.94	1256.06	59.37	52.66
PTHR22753	5155.85	4974.55	579.99	31.77	28.16
PTHR30615	725.0	679.67	333.02	36.28	32.18
PTHR22939	17904.55	17405.92	10617.1	441.46	391.58
PTHR22938	1259.34	1168.7	86.0	11.7	10.37
PTHR30612	5521.98	5386.0	2778.19	102.23	90.69
PTHR22932	1057.0	1011.67	3901.99	284.72	252.55
PTHR22931	10500.12	10273.48	18703.61	460.42	408.4
PTHR12233	1152.6	1107.28	903.83	60.22	53.41
PTHR22936	12329.27	11966.64	2298.29	89.81	79.65
PTHR31038	3682.62	3591.95	2474.66	71.55	63.48
PTHR13832	36713.87	35399.36	36410.03	1781.6	1580.28
PTHR21139	1259.97	1214.64	1976.99	120.03	106.47
PTHR21136	7991.08	7719.11	6880.55	427.88	379.53
PTHR12526	40472.83	39475.8	19437.77	707.02	627.14
PTHR13124	1218.0	1172.67	301.0	18.93	16.79
PTHR13120	575.99	530.66	340.0	47.55	42.18
PTHR22809	2477.27	2386.61	297.95	18.46	16.38
PTHR22807	8093.37	7821.45	1537.0	70.75	62.76
PTHR20661	1105.83	1060.52	162.99	11.34	10.06
PTHR10900	5161.94	4890.0	18085.77	1406.76	1247.78
PTHR10906	4936.31	4800.32	3991.42	155.94	138.31
PTHR10909	15798.95	15436.3	30044.15	906.19	803.79
PTHR10055	3390.98	3300.32	347.97	15.57	13.8
PTHR10057	2719.61	2628.94	5665.8	329.51	292.28
PTHR10052	422.0	376.69	2386.0	472.17	418.82
PTHR13017	1589.72	1544.39	768.58	36.66	32.51
PTHR10693	1898.0	1852.67	1074.05	42.67	37.85
PTHR10694	14595.4	14278.21	4032.4	85.21	75.59
PTHR12839	2846.72	2710.73	347.0	25.1	22.25
PTHR12835	1515.81	1470.47	220.11	11.03	9.78
PTHR24031	51966.45	49926.91	32564.38	1741.43	1544.65
PTHR24032	1577.0	1486.34	160.94	15.88	14.08
PTHR24349	151678.27	144880.01	104060.62	5620.08	4984.99
PTHR24619	5964.7	5692.72	1984.73	148.8	131.98
PTHR24343	7347.8	7030.56	9382.25	466.06	413.39
PTHR11472	3654.37	3473.09	278.01	23.13	20.52
PTHR24347	22110.36	21294.48	12614.86	763.37	677.14
PTHR11476	6196.09	6060.12	1693.21	57.66	51.16
PTHR11477	2715.97	2579.98	459.06	32.69	29.0
PTHR24305	3317.1	3135.8	163.0	14.12	12.52
PTHR10476	4398.52	4217.22	5631.44	401.07	355.75
PTHR24290	4475.68	4339.7	350.0	17.78	15.77
PTHR23413	1100.05	1009.41	8488.87	997.48	884.76
PTHR23417	5731.9	5550.6	918.05	66.43	58.93
PTHR23416	6587.44	6360.83	1786.0	104.73	92.88
PTHR23415	1255.45	1210.11	633.4	38.6	34.24
PTHR10871	2443.6	2262.35	7330.04	697.07	618.29
PTHR10877	7580.64	7490.0	10285.46	215.39	191.06
PTHR11879	5080.03	4898.71	11426.22	636.64	564.71
PTHR10430	2917.22	2781.29	3937.28	344.58	305.65
PTHR31096	5605.81	5424.48	6671.36	356.29	316.03
PTHR31098	5655.88	5474.59	10121.09	348.19	308.84
PTHR11655	2492.57	2356.72	11822.04	875.21	776.3
PTHR11652	738.0	692.67	7757.08	829.0	735.33
PTHR20883	1955.31	1864.65	2139.26	165.31	146.63
PTHR11895	986.88	941.55	116.0	9.1	8.07
PTHR10277	4960.13	4778.82	5539.55	340.0	301.57
PTHR14027	3314.62	3133.34	524.0	42.07	37.31
PTHR12320	5277.28	5096.05	2316.84	135.29	119.99
PTHR13691	1827.73	1737.07	9588.0	635.53	563.7
PTHR23180	14106.12	13516.8	8935.59	724.41	642.54
PTHR14593	2102.02	1966.04	270.02	28.0	24.84
PTHR11093	4026.23	3935.56	1511.02	49.34	43.76
PTHR11096	1409.0	1318.35	415.0	51.32	45.51
PTHR23346	13612.4	13295.11	69476.79	6842.7	6069.46
PTHR10309	1503.11	1457.79	2741.08	138.53	122.87
PTHR14107	1960.13	1914.8	195.0	7.5	6.65
PTHR11252	6515.0	6424.34	779.0	17.55	15.57
PTHR11254	13200.63	12792.72	4881.35	219.3	194.52
PTHR11255	4635.33	4499.34	2050.07	89.74	79.6
PTHR14110	3022.0	2886.01	3589.37	317.74	281.83
PTHR16201	6008.87	5827.55	1447.16	70.91	62.89
PTHR14374	3128.04	3037.37	164.0	9.85	8.74
PTHR18838	3102.85	2966.85	896.63	61.33	54.41
PTHR12687	1524.0	1433.34	167.0	17.05	15.12
PTHR15157	4145.01	4009.01	415.95	24.56	21.77
PTHR18901	8813.19	8495.88	10770.87	595.16	527.9
PTHR12755	2922.49	2831.83	177.0	8.03	7.13
PTHR12750	4514.59	4378.6	851.0	44.8	39.74
PTHR12753	829.52	784.22	218.0	20.55	18.23
PTHR15081	1805.0	1759.67	128.0	5.36	4.75
PTHR15574	3667.51	3486.33	1188.06	87.28	77.42
PTHR13931	1646.99	1556.46	419.99	35.07	31.11
PTHR24006	20996.08	19953.73	3252.76	228.29	202.48
PTHR12358	8171.94	7809.42	3913.74	246.18	218.36
PTHR22748	2526.57	2390.61	196.0	19.31	17.13
PTHR12356	754.63	709.42	97.0	10.12	8.97
PTHR12221	2027.0	1936.34	850.75	64.17	56.92
PTHR30603	6464.93	6328.95	9817.92	334.47	296.68
PTHR12226	2761.63	2670.96	309.0	15.95	14.15
PTHR19876	6794.0	6612.68	4222.94	177.53	157.48
PTHR19877	3117.58	3026.93	3390.77	178.69	158.49
PTHR21689	1804.43	1713.77	143.0	11.76	10.42
PTHR31442	2820.03	2684.04	4822.57	382.24	339.05
PTHR13803	9478.87	9206.96	1599.37	58.06	51.49
PTHR19980	1112.43	1067.13	124.0	8.57	7.6
PTHR12537	2954.0	2863.34	895.2	45.73	40.57
PTHR12532	1393.1	1347.77	322.0	17.61	15.62
PTHR13486	793.56	748.25	162.0	16.02	14.21
PTHR13489	1751.29	1660.64	532.95	47.05	41.73
PTHR17583	3278.54	3142.63	104.0	6.5	5.77
PTHR24198	1436.0	1345.34	1402.31	126.58	112.28
PTHR10048	11191.86	11055.87	3433.45	60.11	53.32
PTHR24193	4548.91	4322.27	2038.61	130.41	115.67
PTHR10044	2931.78	2795.81	3282.22	258.2	229.04
PTHR11998	7357.97	7040.68	2105.13	107.44	95.3
PTHR11014	6360.39	6179.1	7313.71	359.52	318.89
PTHR10687	3080.65	2989.98	5894.92	286.14	253.8
PTHR13069	4804.63	4578.05	211.0	18.78	16.67
PTHR13068	10591.06	10273.76	2574.96	124.75	110.64
PTHR10682	2529.75	2439.09	2946.92	178.1	157.97
PTHR12829	1423.0	1377.67	249.0	13.32	11.82
PTHR12820	2089.8	2044.47	247.0	8.89	7.89
PTHR12826	885.42	840.18	725.0	63.77	56.56
PTHR12827	2376.0	2149.43	30.0	5.77	5.11
PTHR17920	2383.71	2338.38	547.0	17.21	15.26
PTHR10137	1628.0	1537.34	396.0	38.77	34.39
PTHR11405	7089.67	6908.37	4803.0	244.02	216.44
PTHR11404	2836.32	2745.65	1371.0	72.58	64.38
PTHR11406	3603.97	3513.3	4737.97	198.37	175.96
PTHR13468	4110.1	4064.77	1304.69	23.58	20.92
PTHR14255	6295.26	6023.29	796.45	60.03	53.26
PTHR23406	7259.03	6987.04	6369.74	439.23	389.6
PTHR23407	713.62	668.31	266.85	29.56	26.22
PTHR10869	15710.27	15211.63	54648.16	2764.77	2452.34
PTHR31717	4348.72	4212.72	2800.64	121.46	107.73
PTHR13393	2400.52	2264.54	333.0	32.43	28.77
PTHR15169	1165.0	1119.67	27.0	1.78	1.58
PTHR11315	1425.17	1379.84	327.0	17.47	15.49
PTHR10139	1529.91	1484.58	77.0	3.82	3.39
PTHR10264	3933.97	3797.99	5101.58	270.34	239.79
PTHR10263	1599.68	1509.02	8257.03	708.63	628.55
PTHR31407	7755.03	7437.78	2964.59	203.63	180.6
PTHR32170	3951.75	3815.77	1293.65	37.36	33.13
PTHR23350	1801.7	1711.04	206.0	16.37	14.52
PTHR23354	5055.18	4828.54	2159.04	186.6	165.54
PTHR23355	10646.84	10238.93	1492.64	64.84	57.51
PTHR23359	8564.95	8338.29	1284.88	68.09	60.4
PTHR11227	3470.5	3334.51	2094.02	132.32	117.37
PTHR11220	8899.97	8537.34	7078.37	482.26	427.76
PTHR11223	6955.03	6864.35	1735.14	38.3	33.96
PTHR11229	2960.66	2870.0	3374.78	184.28	163.47
PTHR10314	14744.96	14291.66	12398.39	599.66	531.9
PTHR14303	653.37	608.04	204.0	24.87	22.06
PTHR23309	880.0	789.37	0.0	0.0	0.0
PTHR23308	3142.35	2961.04	1952.01	159.49	141.46
PTHR11139	24566.6	23796.07	2989.3	172.43	152.95
PTHR11132	31440.16	30488.25	24487.16	1139.86	1011.04
PTHR11134	6252.56	6071.27	1053.51	50.88	45.13
PTHR11136	2215.11	2079.13	130.0	16.19	14.36
PTHR32374	3449.0	3358.33	2442.0	68.68	60.92
PTHR31579	3017.18	2926.56	18198.91	660.74	586.07
PTHR32379	1500.81	1364.84	45.0	7.23	6.41
PTHR31619	1746.92	1701.62	3726.47	161.25	143.03
PTHR18919	5331.37	5150.07	20184.49	848.4	752.53
PTHR32002	9404.12	9041.48	897.0	46.81	41.52
PTHR14413	2055.0	1964.34	1238.97	92.41	81.97
PTHR14089	1233.52	1188.18	683.35	42.41	37.62
PTHR22893	2065.29	2019.95	2182.17	79.5	70.52
PTHR11661	2839.0	2703.01	5300.97	515.76	457.49
PTHR10778	3179.72	3089.06	554.0	25.82	22.9
PTHR10072	3683.04	3592.38	2335.4	105.19	93.3
PTHR12786	1254.41	1209.08	1560.91	95.2	84.44
PTHR11706	8172.02	7900.05	966.0	50.75	45.02
PTHR12782	1637.0	1591.67	75.0	3.47	3.08
PTHR11214	4496.34	4360.34	502.94	25.03	22.21
PTHR24188	5126.0	4944.67	4082.13	130.79	116.0
PTHR21213	1281.0	1235.67	759.03	45.29	40.18
PTHR10182	3371.49	3235.48	876.98	61.76	54.78
PTHR13923	3236.06	3054.78	375.0	31.17	27.64
PTHR12321	1341.24	1295.91	108.23	6.16	5.46
PTHR12323	618.55	573.24	225.0	29.1	25.81
PTHR14155	20488.96	19627.85	10222.52	701.0	621.8
PTHR21015	4584.22	4402.91	1426.04	97.25	86.26
PTHR16196	1541.6	1450.99	253.0	24.99	22.16
PTHR16193	1251.29	1205.96	601.0	36.75	32.6
PTHR22792	5129.56	4902.91	23130.64	1615.05	1432.56
PTHR22790	4398.31	4217.0	882.33	48.46	42.98
PTHR21680	1140.66	1095.34	1634.31	110.08	97.64
PTHR21113	1572.0	1481.36	208.0	39.59	35.12
PTHR19316	2066.31	1975.67	1508.0	118.04	104.69
PTHR21663	4335.28	4199.29	270.0	13.5	11.97
PTHR13253	7677.89	7360.58	4011.79	275.45	244.32
PTHR21206	1260.15	1214.82	462.19	28.06	24.89
PTHR13789	8900.18	8673.53	11437.23	414.06	367.25
PTHR10071	2803.37	2667.4	1080.99	89.86	79.7
PTHR13780	6966.45	6739.81	10306.2	467.03	414.25
PTHR10670	7530.54	7258.59	510.0	30.91	27.41
PTHR10677	1838.1	1702.12	514.0	63.86	56.64
PTHR13078	2851.48	2760.81	896.84	48.93	43.4
PTHR12815	5893.17	5711.9	2751.75	161.42	143.17
PTHR12814	1910.82	1820.15	342.0	26.97	23.92
PTHR24361	27591.28	26548.93	17990.54	815.54	723.39
PTHR24362	9742.01	9334.13	2580.03	148.33	131.57
PTHR10416	2137.0	2046.34	73.0	5.71	5.07
PTHR10410	4426.19	4244.94	3788.48	223.67	198.39
PTHR10783	3847.27	3756.61	1628.08	63.73	56.53
PTHR10782	4579.29	4352.67	637.01	44.13	39.16
PTHR13476	1309.0	1263.67	140.0	8.17	7.25
PTHR10788	8125.52	7944.23	4416.31	120.34	106.75
PTHR10891	19149.31	18514.69	17052.88	992.74	880.53
PTHR10890	4330.0	4103.39	412.0	27.77	24.64
PTHR20426	724.69	679.42	201.47	21.95	19.47
PTHR23213	11255.64	10893.0	1590.0	81.97	72.72
PTHR10520	5937.0	5755.79	4278.12	230.12	204.13
PTHR10250	2714.67	2578.67	9483.98	858.73	761.69
PTHR10527	13584.47	13267.17	9335.74	321.9	285.53
PTHR31384	6553.67	6281.72	597.46	51.61	45.77
PTHR31385	3925.02	3789.03	1993.34	105.75	93.8
PTHR10091	1513.53	1422.87	551.0	56.98	50.54
PTHR31140	965.0	874.35	143.0	24.47	21.7
PTHR31412	7850.21	7623.55	1516.01	96.37	85.48
PTHR11787	4534.48	4398.49	7938.4	305.33	270.83
PTHR11785	15655.67	15066.43	10365.2	601.8	533.78
PTHR11782	5535.49	5354.16	2860.88	112.26	99.58
PTHR31419	3601.01	3419.72	937.0	67.69	60.05
PTHR11780	2262.0	2216.67	4458.9	147.99	131.26
PTHR13902	6127.66	5991.66	2488.0	94.39	83.72
PTHR23324	3330.25	3239.59	1687.02	76.56	67.91
PTHR23327	2666.71	2576.05	1096.72	63.43	56.26
PTHR23326	2966.0	2830.01	321.16	29.56	26.22
PTHR23321	1750.0	1659.34	336.0	33.61	29.81
PTHR23323	6207.75	5981.09	2468.11	141.07	125.13
PTHR23322	4725.3	4453.38	845.07	84.4	74.87
PTHR23329	2476.07	2294.83	225.0	31.5	27.94
PTHR11236	5643.1	5371.13	634.04	37.06	32.86
PTHR10322	7176.61	6814.13	235.0	15.77	13.99
PTHR11239	2631.49	2495.49	259.0	22.46	19.93
PTHR10803	2431.68	2341.05	1447.01	83.05	73.66
PTHR11101	1101.6	1056.3	169.01	11.81	10.47
PTHR31964	24294.17	23478.27	123706.72	7681.44	6813.44
PTHR23030	2154.27	2108.94	1938.99	67.65	60.0
PTHR11129	3723.07	3587.24	653.27	38.17	33.85
PTHR11122	3773.35	3637.36	1496.84	80.95	71.79
PTHR15316	2144.97	2054.31	837.0	63.44	56.27
PTHR11127	1116.0	1025.41	4568.22	440.14	390.4
PTHR11125	2669.04	2533.05	762.0	75.22	66.72
PTHR31566	2103.0	2057.67	195.01	6.97	6.19
PTHR31567	1352.0	1306.67	865.97	48.85	43.33
PTHR31561	3209.0	3118.34	1131.88	41.39	36.71
PTHR15137	2091.82	1865.37	46.0	8.88	7.88
PTHR14950	3415.0	3188.37	78.01	9.34	8.28
PTHR15954	2431.71	2341.08	425.87	27.27	24.19
PTHR15952	4298.84	4208.19	1309.86	46.84	41.56
PTHR16266	3440.01	3304.1	396.01	24.29	21.54
PTHR21597	3192.46	2965.9	282.87	25.18	22.34
PTHR19271	1622.0	1576.67	86.0	4.02	3.56
PTHR19861	1238.5	1193.17	401.0	24.79	21.99
PTHR13343	7087.32	6860.67	4048.26	197.38	175.07
PTHR12029	9050.42	8687.84	869.91	51.26	45.47
PTHR21220	517.96	472.63	36.0	5.66	5.02
PTHR22780	9408.87	9272.88	3600.94	83.19	73.8
PTHR11952	5871.24	5689.92	713.08	35.3	31.31
PTHR21477	2768.97	2587.73	613.74	68.73	60.97
PTHR19308	5365.0	5229.01	3327.99	113.54	100.7
PTHR16301	1231.28	1140.62	145.0	18.2	16.14
PTHR13265	1218.09	1172.76	923.06	58.05	51.49
PTHR22870	19289.36	18428.11	5040.01	331.0	293.6
PTHR17630	2240.01	2149.4	3643.47	200.07	177.46
PTHR10064	1176.53	1085.91	4557.2	430.45	381.81
PTHR10066	2946.34	2855.67	229.08	11.77	10.44
PTHR10060	2083.21	1992.56	231.0	17.55	15.56
PTHR10663	30402.8	29541.61	4408.87	169.02	149.91
PTHR10666	7949.53	7632.25	57779.49	4008.6	3555.62
PTHR10668	8945.87	8583.28	1614.7	106.97	94.87
PTHR12801	3547.9	3411.9	2053.01	125.63	111.44
PTHR12802	2137.93	2001.96	490.0	62.69	55.61
PTHR12805	1642.18	1596.85	403.0	18.59	16.49
PTHR12806	926.68	881.35	673.0	56.42	50.04
PTHR21091	10993.3	10675.98	11387.41	466.2	413.51
PTHR21090	5375.02	5239.04	1503.02	63.83	56.62
PTHR21228	3890.36	3754.4	337.0	23.23	20.61
PTHR24314	4297.83	4161.84	1454.9	70.94	62.93
PTHR11933	1377.0	1331.67	125.0	6.92	6.14
PTHR11932	7922.56	7650.65	5487.31	204.71	181.57
PTHR11426	2977.16	2795.87	9889.92	763.95	677.63
PTHR11937	14567.34	13932.78	33889.68	1630.15	1445.95
PTHR11938	17636.77	17274.18	21947.93	1039.34	921.89
PTHR13683	27141.13	26098.62	14828.98	763.17	676.91
PTHR24089	48362.79	46731.2	16323.96	788.54	699.39
PTHR10796	3529.0	3438.34	1957.12	84.58	75.02
PTHR10794	6898.51	6717.19	1525.19	67.92	60.26
PTHR10795	23023.06	21935.51	18542.26	1375.44	1220.03
PTHR10792	2070.52	1934.57	3801.67	351.36	311.66
PTHR10799	45164.04	42943.6	4805.64	354.17	314.1
PTHR10882	930.7	885.38	257.0	21.45	19.02
PTHR10887	26385.58	24935.37	3377.81	217.61	193.02
PTHR11686	4479.85	4343.86	1449.0	73.8	65.46
PTHR11685	9870.12	9507.55	7276.73	408.55	362.39
PTHR11680	6505.2	6278.55	14877.73	599.38	531.64
PTHR24221	29394.1	28351.58	27512.01	1192.25	1057.53
PTHR24220	7659.82	7387.86	1928.68	114.16	101.26
PTHR24223	32564.01	31204.57	8450.01	380.75	337.75
PTHR11689	15676.16	15313.6	1813.58	44.84	39.76
PTHR10252	3152.5	3016.51	2592.12	163.19	144.75
PTHR31173	1702.75	1612.11	498.0	73.0	64.75
PTHR12538	1072.56	981.96	5300.09	542.67	481.34
PTHR10625	9209.27	8846.75	1143.67	83.45	74.02
PTHR31606	740.0	694.67	779.05	83.02	73.63
PTHR31356	6252.48	5935.25	5529.12	487.18	432.1
PTHR31352	10236.68	10010.04	12213.15	410.14	363.79
PTHR31350	2792.94	2656.94	2653.41	204.6	181.48
PTHR11758	827.0	781.67	3492.75	330.44	293.1
PTHR23333	945.82	900.49	338.15	27.74	24.61
PTHR11751	17794.28	17069.11	14172.01	1025.26	909.42
PTHR11753	3744.84	3563.5	2059.92	172.65	153.15
PTHR11752	28120.23	27304.35	7400.78	347.52	308.28
PTHR11206	10408.77	10091.53	5855.37	263.13	233.4
PTHR23338	3432.57	3296.58	2340.0	154.97	137.46
PTHR24420	651073.14	622479.2	329574.42	15658.29	13888.98
PTHR10332	1652.01	1606.74	463.01	21.22	18.82
PTHR14140	2350.47	2214.58	38.0	5.3	4.7
PTHR14145	3605.59	3469.59	2052.11	138.88	123.18
PTHR13600	1418.15	1372.82	621.47	33.36	29.59
PTHR12848	3319.44	3183.47	550.75	37.82	33.54
PTHR31066	683.0	637.67	62.0	7.2	6.39
PTHR15744	1677.81	1632.48	660.0	29.77	26.41
PTHR13604	1388.23	1297.59	290.29	37.47	33.24
PTHR23029	10536.31	10037.79	1907.04	147.87	131.15
PTHR23023	1182.09	1091.48	1492.5	145.39	128.97
PTHR31142	2990.6	2854.61	1917.13	133.53	118.44
PTHR12847	4568.33	4387.01	494.0	39.73	35.24
PTHR11119	2596.03	2505.39	5480.24	357.31	316.94
PTHR12841	1298.0	1252.67	346.03	20.37	18.07
PTHR31595	3751.2	3615.23	166.0	15.61	13.85
PTHR31596	422.79	377.5	14.0	2.76	2.45
PTHR15948	1461.86	1416.53	432.78	22.51	19.97
PTHR32026	28111.93	27024.04	12081.9	663.73	588.72
PTHR31829	1182.24	1136.91	4030.07	261.49	231.94
PTHR19241	47810.14	45997.39	52346.06	2470.5	2191.33
PTHR14894	2317.0	2271.67	145.0	4.7	4.16
PTHR15239	2920.46	2739.14	503.71	53.2	47.2
PTHR19854	2277.31	2186.65	211.0	14.42	12.79
PTHR32497	2583.0	2537.67	473.0	13.71	12.16
PTHR12497	1955.76	1819.79	619.0	60.62	53.76
PTHR12304	1774.0	1728.67	151.0	6.43	5.7
PTHR30540	7109.4	6792.1	11183.98	444.4	394.18
PTHR13302	2885.0	2794.34	476.0	26.12	23.16
PTHR12472	1266.18	1175.59	155.0	19.33	17.15
PTHR13308	2803.1	2667.12	492.01	39.44	34.98
PTHR12477	4289.73	4153.74	2409.14	135.56	120.25
PTHR32148	1874.05	1783.4	6819.93	679.35	602.58
PTHR13878	2147.27	2101.94	790.0	27.65	24.53
PTHR21461	34065.63	33023.12	8667.85	412.14	365.56
PTHR13872	6088.65	5862.02	9145.99	1140.41	1011.54
PTHR22849	14370.68	13917.44	6249.16	290.6	257.75
PTHR21314	1611.0	1565.67	25.0	1.18	1.04
PTHR13271	35768.09	34408.25	9793.25	485.03	430.21
PTHR22841	2392.2	2301.54	1181.02	75.72	67.16
PTHR13273	1106.98	1061.65	927.2	64.45	57.17
PTHR22847	26270.13	25272.88	10750.55	559.04	495.89
PTHR22846	1379.74	1289.09	357.0	37.03	32.85
PTHR22844	8749.85	8341.89	1312.33	88.93	78.88
PTHR23284	1576.0	1530.67	1021.01	49.14	43.58
PTHR21266	15260.65	14626.22	10572.82	497.28	441.09
PTHR12271	3989.82	3853.83	1111.94	65.84	58.39
PTHR21262	10726.01	10408.77	10636.99	234.25	207.77
PTHR12276	3409.0	3318.34	2048.5	93.35	82.8
PTHR10657	1392.2	1301.53	3415.98	394.36	349.8
PTHR16557	3606.19	3470.2	361.59	23.04	20.44
PTHR10655	2276.39	2185.73	421.94	24.4	21.65
PTHR10652	3077.79	2941.8	10301.07	614.21	544.81
PTHR17972	2550.17	2459.55	537.01	29.42	26.09
PTHR21085	1493.0	1447.67	624.0	31.76	28.17
PTHR11922	5812.36	5631.03	2552.75	123.79	109.8
PTHR12505	2245.09	2154.42	673.0	45.64	40.48
PTHR10438	15674.84	14994.86	9872.08	823.95	730.85
PTHR11926	7488.86	7216.91	3624.33	158.96	141.0
PTHR11431	2938.51	2847.84	9931.19	496.1	440.04
PTHR10436	8862.18	8409.03	926.68	66.47	58.94
PTHR10434	3090.98	3000.32	247.0	11.92	10.58
PTHR24096	13266.73	12949.42	9770.47	356.66	316.38
PTHR13018	16466.64	16104.14	6940.33	203.15	180.19
PTHR24095	19460.2	18916.29	34970.4	1316.4	1167.63
PTHR24092	20951.33	20090.37	11591.86	588.27	521.81
PTHR24093	53135.35	51413.11	31267.17	1199.31	1063.77
PTHR10758	3656.2	3565.54	3844.87	166.33	147.53
PTHR13451	1057.19	1011.9	250.0	18.23	16.17
PTHR13452	745.98	700.65	365.94	38.66	34.29
PTHR10759	845.9	800.56	4723.66	436.27	386.97
PTHR12901	909.0	863.67	134.0	11.47	10.17
PTHR12903	2388.27	2297.61	4184.17	256.86	227.84
PTHR13992	730.0	684.67	36.0	3.89	3.45
PTHR23237	400.0	354.69	580.0	122.01	108.22
PTHR10501	2056.5	1965.84	684.0	52.17	46.28
PTHR31169	2858.36	2722.37	396.89	29.8	26.43
PTHR12277	5275.1	5139.12	5970.78	251.2	222.8
PTHR14087	600.77	555.45	29.0	3.87	3.43
PTHR14085	2051.0	2005.67	427.99	15.7	13.93
PTHR31344	1735.87	1645.21	213.94	19.17	17.01
PTHR23306	3780.92	3690.25	1177.94	39.99	35.47
PTHR23305	1260.04	1214.71	666.29	40.45	35.88
PTHR11748	3369.8	3279.14	1031.0	44.89	39.81
PTHR11742	6588.27	6316.32	920.44	45.02	39.93
PTHR11216	3315.48	3179.5	3220.12	203.29	180.32
PTHR11210	2575.42	2439.45	2843.0	270.99	240.36
PTHR14154	12083.22	11494.04	5733.91	491.32	435.82
PTHR10344	888.15	842.83	41.01	3.6	3.19
PTHR10343	7261.63	6989.64	1552.37	87.05	77.22
PTHR11699	10888.66	10616.74	8065.37	304.62	270.19
PTHR11692	1021.24	975.92	1843.5	139.47	123.71
PTHR11693	3046.0	2955.34	12614.76	628.74	557.7
PTHR11695	16514.89	15880.29	19170.59	1152.53	1022.28
PTHR31760	1450.47	1405.14	271.0	14.21	12.61
PTHR31840	750.89	705.56	60.0	6.29	5.58
PTHR31906	10329.35	9966.71	2797.45	166.16	147.39
PTHR21419	1836.0	1790.67	276.0	11.35	10.07
PTHR23012	11074.02	10711.34	6226.5	289.85	257.1
PTHR11102	10383.81	10021.18	12160.27	559.11	495.92
PTHR11106	3775.47	3639.51	1930.68	124.45	110.39
PTHR31585	6161.63	5980.3	1026.0	40.04	35.51
PTHR32125	1399.39	1354.06	1114.92	60.69	53.83
PTHR31588	1976.82	1931.49	2188.0	83.38	73.95
PTHR32120	2092.0	2046.67	434.0	15.6	13.84
PTHR15680	1087.88	1042.55	3039.05	215.15	190.84
PTHR11804	5642.31	5415.66	3583.04	152.61	135.37
PTHR11374	1817.61	1772.27	4009.5	166.56	147.74
PTHR11808	8593.74	8321.8	687.97	35.54	31.51
PTHR12000	3141.04	3005.09	2101.99	190.77	169.21
PTHR18895	4497.28	4315.96	300.0	20.46	18.14
PTHR12169	2125.0	2079.67	88.0	3.11	2.76
PTHR12486	1934.93	1844.27	92.0	7.52	6.67
PTHR12480	3869.69	3688.43	1061.79	68.78	61.01
PTHR12482	5714.14	5532.86	2198.82	95.5	84.7
PTHR12317	7460.04	7233.38	4542.29	224.25	198.92
PTHR12649	970.54	925.21	1245.84	99.46	88.22
PTHR10099	3972.5	3927.18	3006.7	56.25	49.9
PTHR12461	4400.61	4219.3	273.0	15.21	13.5
PTHR12466	2000.81	1910.23	163.02	13.64	12.1
PTHR10098	850.0	759.41	23.0	4.69	4.16
PTHR13847	9412.95	9050.31	6736.0	379.71	336.82
PTHR26312	6618.12	6391.46	8457.74	453.04	401.83
PTHR12001	5018.2	4836.97	2502.88	151.68	134.55
PTHR21327	2087.42	2042.09	6647.97	239.56	212.49
PTHR21631	6532.75	6306.1	5643.95	233.94	207.5
PTHR22854	2598.0	2507.34	1744.3	88.32	78.34
PTHR22855	6620.13	6484.17	2653.97	120.88	107.23
PTHR22850	15713.31	15260.01	3697.22	154.0	136.62
PTHR22504	1895.03	1849.69	4074.51	162.15	143.83
PTHR22915	13885.43	13296.17	16934.58	771.85	684.65
PTHR21256	3004.37	2913.71	1400.02	67.65	60.01
PTHR12265	648.0	602.67	82.0	10.09	8.95
PTHR12266	3682.0	3591.34	1582.0	71.24	63.19
PTHR10648	2994.29	2903.65	11640.8	427.59	379.26
PTHR30178	2868.53	2777.87	11093.59	674.97	598.7
PTHR10641	15242.35	14290.64	8153.6	419.33	371.94
PTHR19842	906.23	860.91	1410.73	121.07	107.39
PTHR10644	10331.33	10014.08	3560.12	145.07	128.66
PTHR30535	8448.28	8130.98	3154.85	211.43	187.54
PTHR12864	1834.0	1743.34	194.0	16.7	14.81
PTHR12860	2164.0	2073.34	680.88	47.5	42.13
PTHR13194	4959.48	4778.18	3057.0	128.82	114.26
PTHR13193	707.93	662.6	247.83	27.7	24.57
PTHR11913	683.0	637.67	4332.4	503.32	446.44
PTHR11911	7576.49	7259.19	13655.86	756.04	670.62
PTHR11910	1844.04	1753.37	5577.18	468.38	415.45
PTHR12919	1213.0	1122.36	554.0	53.3	47.27
PTHR12910	1883.65	1792.99	1555.03	105.68	93.74
PTHR12917	1953.0	1907.67	1954.0	75.39	66.87
PTHR11351	3370.89	3189.59	4275.73	164.43	145.84
PTHR11353	22569.82	21935.27	26306.7	966.69	857.44
PTHR11599	11328.27	10874.98	14174.91	969.53	859.98
PTHR10516	18314.11	17543.53	17116.89	1029.47	913.17
PTHR11592	4114.47	3978.52	3166.89	198.03	175.64
PTHR11659	1739.77	1694.46	346.0	15.03	13.34
PTHR31724	2405.22	2314.56	886.94	41.24	36.58
PTHR13734	4337.31	4201.31	414.0	19.87	17.63
PTHR23315	61228.79	58917.5	20252.59	937.97	831.94
PTHR23316	3494.62	3403.97	9567.16	439.01	389.4
PTHR11778	3844.48	3753.82	1318.0	46.47	41.22
PTHR11777	6795.33	6614.0	4175.05	106.93	94.85
PTHR11774	4133.6	3952.29	1217.68	82.64	73.3
PTHR11773	3614.31	3523.64	704.0	29.41	26.09
PTHR11772	6464.71	6238.06	26453.92	1435.17	1273.0
PTHR10357	30979.88	30254.74	20930.45	755.49	670.12
PTHR10353	14736.06	14056.19	2884.9	130.43	115.71
PTHR10350	2422.14	2286.16	308.26	32.63	28.95
PTHR10351	1102.0	1056.67	5793.89	404.66	358.94
PTHR32557	1502.04	1456.72	566.61	28.66	25.42
PTHR10359	7498.49	7181.21	736.19	60.33	53.52
PTHR32442	1099.37	1054.04	362.0	25.35	22.48
PTHR31750	3271.0	3135.05	815.64	57.48	50.98
PTHR23418	406.26	360.98	1583.0	327.07	290.11
PTHR14189	1233.65	1188.38	423.57	26.28	23.31
PTHR21021	1412.19	1366.86	297.97	16.07	14.25
PTHR32228	1498.0	1452.67	401.91	20.39	18.08
PTHR31245	1326.51	1281.21	1573.27	90.52	80.29
PTHR23001	2088.0	2042.67	3163.65	113.97	101.09
PTHR23002	3675.95	3540.0	833.18	55.0	48.78
PTHR11177	5318.73	5182.74	1559.72	69.15	61.33
PTHR11178	3492.68	3356.68	2543.97	154.17	136.74
PTHR14456	1348.97	1258.3	304.0	37.57	33.32
PTHR31808	1349.45	1304.12	3174.23	179.42	159.15
PTHR13693	5388.91	5207.61	7000.06	275.4	244.28
PTHR11009	2935.19	2844.53	1097.01	54.95	48.73
PTHR19229	15165.92	14486.12	12148.21	878.42	779.13
PTHR11482	7691.46	7464.85	9895.96	187.02	165.88
PTHR11005	7847.08	7484.47	1598.75	78.85	69.94
PTHR18640	2386.96	2341.63	155.97	4.9	4.35
PTHR18866	11595.55	11142.26	5425.49	333.19	295.55
PTHR12022	756.0	710.67	2169.0	225.88	200.36
PTHR15074	2983.0	2937.67	2585.71	64.71	57.4
PTHR15588	2540.64	2449.98	1130.17	71.62	63.52
PTHR12677	5422.1	5240.84	1386.25	96.44	85.55
PTHR19134	3081.11	2990.45	613.77	30.04	26.65
PTHR19879	2315.07	2179.11	272.0	26.02	23.08
PTHR30566	2568.81	2478.15	977.37	59.86	53.09
PTHR12456	803.94	713.32	7.92	1.62	1.44
PTHR12452	738.0	692.67	82.0	8.76	7.77
PTHR19359	2055.23	1964.58	715.0	58.95	52.29
PTHR12072	4591.68	4410.36	701.04	46.71	41.45
PTHR13218	1376.0	1330.67	458.99	25.43	22.55
PTHR13215	1350.62	1305.29	3530.0	199.36	176.83
PTHR13213	1548.6	1457.98	316.0	31.16	27.63
PTHR21530	3782.45	3646.45	463.29	28.4	25.19
PTHR12298	8424.62	8107.31	1378.12	97.92	86.87
PTHR10638	4458.5	4322.56	1967.63	106.06	94.07
PTHR10631	4586.3	4450.31	760.07	37.43	33.2
PTHR10984	6824.39	6597.73	2090.02	100.34	89.03
PTHR12858	5534.96	5263.01	1296.04	119.25	105.78
PTHR13505	896.45	851.12	842.99	73.2	64.93
PTHR12856	1751.45	1660.78	364.92	32.52	28.84
PTHR12855	873.23	827.9	127.97	11.43	10.13
PTHR12854	1030.0	939.36	86.0	13.99	12.41
PTHR13190	2037.97	1947.33	320.99	21.52	19.09
PTHR13182	1911.0	1865.67	1692.82	66.79	59.24
PTHR10855	3514.86	3378.86	2231.0	139.24	123.51
PTHR10585	2324.98	2189.0	661.0	63.35	56.19
PTHR10743	995.54	950.21	244.0	18.96	16.82
PTHR10742	20723.69	19998.74	5766.1	262.04	232.42
PTHR10745	2409.94	2364.6	1193.0	37.11	32.92
PTHR10744	1954.21	1818.29	6585.9	744.22	660.11
PTHR10746	2621.31	2530.67	3857.4	221.82	196.75
PTHR11099	2212.0	2166.67	1044.0	35.45	31.45
PTHR12924	1265.79	1220.45	617.0	37.28	33.07
PTHR11627	3828.24	3692.3	15248.05	764.41	678.04
PTHR11525	352.0	306.7	1.0	0.24	0.22
PTHR11349	981.46	936.12	160.0	12.62	11.2
PTHR10566	25953.04	24956.16	8050.07	373.96	331.69
PTHR11588	7413.24	7231.91	3128.0	124.48	110.42
PTHR10291	1789.0	1743.67	264.0	11.15	9.89
PTHR11584	7256.24	6939.02	6696.94	239.81	212.7
PTHR11586	1200.15	1154.82	1437.12	91.79	81.42
PTHR11909	7502.99	7276.33	11782.65	516.96	458.56
PTHR24320	1669.7	1624.41	499.0	22.62	20.07
PTHR24322	18661.32	17845.4	14523.53	1019.09	903.95
PTHR11907	3475.99	3385.36	963.07	45.02	39.94
PTHR11760	1273.0	1182.34	4.0	0.45	0.4
PTHR11761	1779.89	1689.22	13662.15	1780.28	1579.1
PTHR11766	2650.65	2559.98	311.02	18.48	16.39
PTHR11767	10105.66	9788.36	2723.0	102.11	90.57
PTHR10361	3517.11	3381.12	194.0	11.2	9.93
PTHR10366	41660.29	40391.08	55444.47	2700.52	2395.36
PTHR10169	9901.25	9629.26	674.08	30.25	26.83
PTHR10168	4641.37	4414.72	4881.61	434.52	385.4
PTHR20973	1407.24	1361.92	105.0	5.68	5.04
PTHR10165	2325.14	2234.48	1183.34	68.84	61.06
PTHR31032	3011.01	2920.36	1824.88	78.7	69.81
PTHR23257	31943.19	30719.5	16484.88	867.55	769.54
PTHR23253	1858.48	1767.84	1466.39	139.3	123.56
PTHR14190	2781.45	2736.12	316.0	8.49	7.53
PTHR14194	6772.76	6546.16	3202.01	138.86	123.16
PTHR31251	3175.15	3039.17	363.94	22.14	19.63
PTHR23074	13761.13	12990.78	8547.34	593.65	526.56
PTHR23077	13261.8	12763.24	10078.23	356.37	316.1
PTHR23076	18192.8	17694.17	19600.05	815.58	723.42
PTHR12561	694.75	649.42	13.0	1.48	1.32
PTHR23073	8760.14	8442.92	8426.35	419.28	371.89
PTHR12560	1141.0	1095.67	85.0	5.72	5.08
PTHR23078	2932.0	2886.67	1757.18	44.75	39.7
PTHR11165	2619.47	2483.54	7627.04	557.03	494.09
PTHR10772	3103.43	2967.43	7276.3	530.48	470.53
PTHR32100	4937.8	4801.81	1626.27	74.97	66.5
PTHR14534	956.12	910.79	344.0	27.9	24.75
PTHR14445	3157.1	3021.12	1457.0	94.8	84.09
PTHR23109	3830.24	3694.26	462.0	28.76	25.51
PTHR31811	1976.46	1931.13	413.24	15.75	13.97
PTHR23102	3244.06	3153.41	1551.9	62.28	55.24
PTHR23105	6699.44	6382.16	10839.33	905.24	802.94
PTHR11010	3991.05	3900.38	386.0	14.74	13.08
PTHR12668	3828.28	3692.29	1360.72	92.23	81.82
PTHR12661	1180.98	1135.66	668.14	43.4	38.49
PTHR12663	4567.0	4476.34	398.0	8.46	7.5
PTHR12664	552.33	507.01	227.96	33.39	29.61
PTHR16166	32153.19	31473.3	5647.7	169.08	149.99
PTHR12111	769.82	724.49	190.0	19.41	17.21
PTHR12446	2859.0	2677.76	222.16	18.25	16.19
PTHR12447	2220.55	2129.89	327.0	22.82	20.24
PTHR15481	850.0	804.67	309.0	28.39	25.18
PTHR26379	2412.06	2366.73	312.0	9.7	8.6
PTHR12599	1428.03	1382.7	949.51	50.61	44.89
PTHR12596	5471.74	5335.74	1265.09	28.4	25.19
PTHR12590	1009.87	964.53	287.0	21.97	19.49
PTHR12066	1094.66	1049.33	11.0	0.77	0.69
PTHR12064	6408.25	6091.11	1402.08	159.77	141.7
PTHR13226	532.91	487.59	49.0	7.47	6.62
PTHR13889	1600.74	1555.41	849.03	40.21	35.66
PTHR13887	1340.61	1295.28	3489.85	198.62	176.18
PTHR21181	1679.09	1588.43	476.42	49.27	43.7
PTHR13948	2879.88	2698.61	618.0	63.92	56.7
PTHR10459	5730.61	5458.65	324.0	23.43	20.79
PTHR11453	3439.16	3303.17	391.02	29.11	25.83
PTHR19306	4967.74	4831.82	363.0	19.89	17.65
PTHR21506	2607.87	2517.21	365.0	21.43	19.01
PTHR12280	6017.79	5791.13	5644.82	479.88	425.65
PTHR12281	3267.86	3131.87	1668.8	114.98	101.99
PTHR12286	2484.01	2393.35	489.97	31.66	28.09
PTHR30573	2332.0	2286.67	678.34	21.82	19.36
PTHR22983	7858.0	7540.69	669.0	43.76	38.79
PTHR22981	8487.75	8170.44	2228.07	119.23	105.76
PTHR30191	2984.31	2938.98	3415.98	85.45	75.79
PTHR13082	932.0	886.67	295.0	24.58	21.8
PTHR10629	6089.13	5771.9	610.99	45.45	40.3
PTHR10994	36809.94	35631.4	21233.13	1094.2	970.53
PTHR10996	9957.52	9594.92	2826.14	133.07	118.03
PTHR10997	13160.49	12797.89	3254.52	134.89	119.65
PTHR10992	48083.36	46451.61	23865.66	1167.32	1035.41
PTHR10993	1579.0	1488.34	55.0	5.42	4.79
PTHR17695	2581.64	2445.66	207.05	18.95	16.81
PTHR12849	1660.78	1615.46	739.72	33.72	29.91
PTHR21712	1100.33	1055.0	374.0	26.16	23.21
PTHR21294	1127.0	1081.67	656.16	44.76	39.7
PTHR21290	3346.44	3165.18	703.38	54.98	48.77
PTHR21349	2500.4	2409.73	258.0	11.0	9.76
PTHR21347	1201.47	1156.14	795.21	50.73	45.0
PTHR21343	2158.09	2022.2	335.0	35.17	31.2
PTHR10196	6567.12	6340.45	854.0	42.19	37.43
PTHR10192	1226.38	1181.09	446.0	27.85	24.7
PTHR10751	10603.0	10195.1	1296.0	60.49	53.66
PTHR10755	2854.0	2763.34	11859.86	537.18	476.48
PTHR13152	1238.33	1193.0	338.0	20.89	18.53
PTHR12932	970.0	924.67	140.0	11.18	9.92
PTHR12934	2614.0	2523.34	3795.75	240.16	213.02
PTHR11451	7621.74	7440.42	4355.75	172.23	152.77
PTHR10288	4018.58	3746.62	1164.0	124.11	110.09
PTHR11800	2632.25	2541.58	525.53	30.94	27.44
PTHR11802	7318.17	7000.88	1157.56	90.73	80.48
PTHR12891	2110.81	1974.83	227.0	23.51	20.86
PTHR11807	3543.89	3407.97	302.0	21.64	19.2
PTHR10281	4634.25	4498.32	2333.41	114.05	101.16
PTHR10283	6892.73	6666.09	932.9	47.03	41.72
PTHR10285	11294.32	10931.67	2614.98	119.69	106.16
PTHR10286	13016.98	12337.17	9043.22	587.17	520.81
PTHR11579	3169.84	3079.17	4971.45	196.48	174.28
PTHR13718	3773.74	3592.42	6881.99	885.51	785.45
PTHR13711	6882.14	6610.22	2258.88	115.16	102.13
PTHR13710	11250.31	10751.72	4135.81	158.52	140.62
PTHR11977	2998.08	2952.75	380.0	9.46	8.39
PTHR11972	1168.18	1122.86	156.98	10.31	9.15
PTHR31480	1144.08	1098.74	220.0	14.77	13.1
PTHR31485	6048.5	5821.84	1075.25	64.47	57.19
PTHR11715	741.89	696.56	266.0	28.27	25.07
PTHR11717	2268.55	2177.89	764.0	49.78	44.17
PTHR11711	15254.83	14801.61	48259.25	2925.69	2595.08
PTHR11712	4164.26	4073.59	966.05	33.06	29.33
PTHR10374	4586.62	4450.63	8075.06	371.51	329.53
PTHR10178	7480.0	7117.4	665.0	45.04	39.96
PTHR20961	18874.67	18149.46	3322.29	193.33	171.49
PTHR10173	4569.96	4343.31	4953.29	440.38	390.61
PTHR10177	10612.67	10295.36	941.0	46.32	41.09
PTHR10174	11853.69	11491.05	8818.48	494.39	438.53
PTHR23249	1472.15	1381.49	530.8	58.0	51.45
PTHR23244	11512.32	11059.21	4180.51	264.42	234.53
PTHR23245	5067.88	4841.22	352.46	27.37	24.3
PTHR23240	4288.24	4016.4	122.0	8.52	7.57
PTHR14614	9126.9	8764.3	1716.95	150.23	133.27
PTHR31268	9215.74	8853.17	702.97	21.81	19.36
PTHR31262	1277.62	1142.27	28240.44	2870.53	2546.16
PTHR23063	8213.24	8031.92	3017.0	119.24	105.77
PTHR11620	1060.0	1014.67	6057.29	440.68	390.88
PTHR11624	6730.0	6503.37	5762.73	281.74	249.92
PTHR11390	4416.7	4280.7	268.81	14.56	12.9
PTHR31620	5706.8	5525.48	1246.0	58.8	52.15
PTHR31319	2762.69	2672.03	3812.81	170.34	151.09
PTHR14052	1265.94	1220.6	217.0	13.11	11.63
PTHR32118	2006.0	1960.67	8221.8	308.62	273.75
PTHR14152	430.0	384.68	51.0	9.88	8.76
PTHR23117	2942.23	2851.59	930.05	67.92	60.23
PTHR23115	31034.76	30082.85	73758.93	3183.76	2824.01
PTHR11028	1331.0	1285.67	2228.0	127.76	113.32
PTHR11024	2889.57	2798.91	1148.0	60.49	53.65
PTHR12616	954.41	909.08	228.0	18.53	16.43
PTHR12613	1624.4	1579.07	2213.43	103.24	91.57
PTHR12612	1093.0	1047.67	9980.14	703.07	623.62
PTHR32060	3762.78	3672.12	521.04	19.96	17.7
PTHR12126	2795.84	2705.18	2924.0	152.1	134.91
PTHR12124	4040.64	3859.47	318.0	25.29	22.43
PTHR22734	2896.96	2806.3	1112.6	58.1	51.54
PTHR12121	8746.41	8429.15	2044.17	100.39	89.05
PTHR12438	1189.16	1098.5	80.0	10.6	9.4
PTHR15492	2041.1	1995.77	332.0	12.24	10.86
PTHR21426	4529.83	4348.55	1356.3	64.55	57.25
PTHR21427	1131.0	1085.67	395.0	26.85	23.81
PTHR19372	1596.0	1550.67	955.2	45.37	40.25
PTHR19370	7631.02	7359.09	2629.53	117.88	104.56
PTHR19376	14185.48	13732.32	4306.92	154.97	137.47
PTHR19375	20456.71	19822.19	47102.81	1548.66	1373.67
PTHR12725	2666.33	2575.67	1313.67	78.19	69.35
PTHR22884	25912.6	24734.29	3913.03	240.98	213.76
PTHR22883	18804.33	18260.36	4304.23	207.72	184.26
PTHR22881	1102.34	1057.0	412.82	28.82	25.57
PTHR12542	29806.2	28763.71	11876.84	680.43	603.55
PTHR12547	4614.37	4433.1	1000.29	38.36	34.02
PTHR12436	4256.64	4075.32	336.0	25.52	22.64
PTHR21512	4149.93	3968.6	398.0	26.72	23.69
PTHR12965	3251.15	3115.17	376.0	29.2	25.91
PTHR14744	1701.54	1656.2	782.0	34.77	30.84
PTHR30502	1913.89	1868.56	439.0	17.29	15.34
PTHR10961	1976.61	1931.28	68.0	2.59	2.3
PTHR10617	7883.33	7611.36	4805.84	210.11	186.37
PTHR10615	3349.95	3213.96	1563.69	66.04	58.58
PTHR13527	579.83	534.5	108.99	15.13	13.42
PTHR22958	1801.99	1756.66	444.0	18.61	16.51
PTHR22951	4287.53	4196.86	3372.02	112.94	100.18
PTHR22950	22870.0	22144.77	2824.38	114.05	101.18
PTHR22953	7630.41	7449.09	445.0	17.9	15.89
PTHR22952	24276.57	23370.09	69701.17	3907.93	3466.31
PTHR22957	18643.02	17917.8	7791.31	479.62	425.42
PTHR21600	2423.06	2332.4	392.99	31.71	28.13
PTHR24056	13851.26	13398.02	5175.69	257.55	228.44
PTHR24054	2366.45	2275.8	2493.02	113.29	100.48
PTHR24055	10045.04	9637.11	11148.68	501.13	444.5
PTHR24058	7663.62	7346.31	6055.92	303.05	268.8
PTHR10766	11453.07	11135.75	19287.97	854.03	757.52
PTHR10762	3909.03	3773.04	113.0	8.08	7.16
PTHR30031	6558.25	6331.62	74408.85	4711.86	4179.42
PTHR12945	1378.23	1332.89	144.0	7.96	7.06
PTHR12944	2088.62	1997.99	567.21	48.95	43.41
PTHR24128	1763.97	1673.31	279.0	26.82	23.8
PTHR13096	2948.54	2857.87	205.0	8.21	7.29
PTHR11364	1650.51	1605.17	793.0	36.39	32.27
PTHR11365	3330.24	3239.61	1959.8	86.17	76.44
PTHR10548	4901.5	4720.21	8746.55	528.95	469.17
PTHR11817	11584.74	11222.09	5731.82	245.24	217.5
PTHR11814	9732.13	9460.15	6356.12	224.04	198.73
PTHR11363	1913.23	1867.9	11154.6	439.58	389.9
PTHR10543	3890.61	3754.67	622.0	33.26	29.5
PTHR11819	4917.71	4827.05	4743.99	144.52	128.18
PTHR10544	799.91	754.58	3318.31	325.3	288.54
PTHR11562	8826.13	8599.47	2373.63	98.69	87.53
PTHR11566	14944.27	14581.73	5623.49	181.42	160.93
PTHR11567	2343.63	2162.32	183.0	20.94	18.58
PTHR11564	8325.82	8144.51	4549.34	154.0	136.58
PTHR11962	3361.3	3270.63	627.13	27.94	24.78
PTHR11963	2615.0	2524.34	547.0	30.98	27.47
PTHR24315	1115.0	1069.67	302.0	20.83	18.48
PTHR10381	6456.78	6230.17	12107.89	719.61	638.3
PTHR10383	3173.74	3083.08	3370.18	166.93	148.07
PTHR24316	6268.56	6042.07	2924.99	183.69	162.94
PTHR11702	9680.14	9272.19	3268.54	233.91	207.47
PTHR11700	2790.34	2609.07	8453.67	739.41	655.86
PTHR10388	994.75	949.42	24846.44	1932.66	1714.27
PTHR11934	2683.0	2592.34	1561.03	87.07	77.23
PTHR10145	2591.74	2501.13	1101.0	50.14	44.47
PTHR23273	2482.76	2392.1	547.0	33.62	29.81
PTHR12050	995.77	950.44	727.0	56.49	50.1
PTHR23163	3439.0	3393.67	3200.82	69.32	61.49
PTHR23050	1097.27	1051.93	12827.81	899.99	798.29
PTHR23056	2464.9	2374.24	1304.02	80.76	71.63
PTHR23054	8152.0	7789.44	2375.8	155.88	138.25
PTHR11638	14909.11	14637.13	19151.79	498.6	442.26
PTHR31783	3468.49	3332.49	653.98	36.47	32.35
PTHR23291	4861.63	4680.31	10024.29	634.59	562.89
PTHR23293	5433.49	5297.47	1935.32	87.59	77.69
PTHR11140	5104.0	5013.34	4694.05	148.59	131.81
PTHR11141	5451.46	5270.15	915.53	47.32	41.97
PTHR11142	8337.53	7975.0	785.77	51.85	45.97
PTHR11143	839.0	793.67	5104.66	475.59	421.84
PTHR11380	761.1	715.79	422.0	43.63	38.7
PTHR11384	12875.07	12376.47	2526.77	171.94	152.5
PTHR32477	2120.92	2030.33	112.0	8.18	7.25
PTHR14043	4800.58	4574.0	922.78	74.99	66.52
PTHR32472	1349.0	1303.67	196.0	11.08	9.83
PTHR31658	3031.16	2849.88	681.03	75.01	66.54
PTHR13890	10769.37	10180.34	2222.94	181.48	160.98
PTHR14269	1437.0	1391.67	77.01	4.08	3.62
PTHR23125	47842.13	46482.3	46468.16	1502.73	1332.94
PTHR19211	14323.8	13825.29	316948.68	8896.39	7891.09
PTHR12608	5355.57	5128.93	1673.96	101.9	90.39
PTHR12604	1219.97	1174.63	231.0	14.5	12.87
PTHR12603	3903.0	3767.02	3245.62	127.63	113.21
PTHR32091	2154.57	2018.59	1118.92	120.45	106.83
PTHR23339	5285.08	5194.42	1255.4	29.51	26.17
PTHR32098	2209.8	2164.47	402.0	13.66	12.12
PTHR18763	1405.98	1360.65	512.95	27.78	24.64
PTHR22726	1498.55	1453.22	480.07	24.34	21.59
PTHR22727	9467.0	9331.01	2536.52	51.04	45.26
PTHR12428	4072.8	3982.13	2031.42	71.63	63.54
PTHR18968	5129.49	4857.7	5330.84	200.83	178.13
PTHR12730	1925.0	1879.67	272.0	10.65	9.45
PTHR12736	1357.45	1221.69	51.0	11.76	10.43
PTHR12735	2625.0	2489.01	711.0	50.92	45.17
PTHR15020	3153.37	3017.38	2463.97	154.55	137.08
PTHR12049	3943.83	3807.82	440.0	28.28	25.09
PTHR12558	8399.35	8127.37	776.0	57.52	51.01
PTHR12553	13599.98	13237.36	1094.26	42.65	37.85
PTHR10497	1227.87	1137.22	8643.11	882.05	782.37
PTHR24073	19241.3	18561.5	34616.67	2177.15	1931.12
PTHR21569	2913.62	2777.63	7533.97	712.49	631.98
PTHR21567	4221.91	4040.59	290.0	20.16	17.87
PTHR13950	2983.33	2802.01	650.57	72.64	64.44
PTHR12133	1501.99	1456.65	411.0	20.79	18.44
PTHR10972	5067.89	4931.88	4142.46	182.38	161.77
PTHR21704	5317.71	5272.38	1054.12	14.68	13.02
PTHR10606	2481.43	2436.09	171.99	5.19	4.61
PTHR10971	3059.25	2968.58	1293.98	62.88	55.78
PTHR22942	10066.08	9703.45	2475.73	115.61	102.55
PTHR11728	1536.54	1491.21	622.0	30.73	27.26
PTHR13395	1132.75	1042.09	48.0	6.82	6.05
PTHR31803	1699.28	1653.96	7302.62	325.13	288.39
PTHR22891	9181.9	8910.01	4214.92	198.42	176.01
PTHR21368	1616.0	1525.34	1598.98	138.3	122.67
PTHR30508	4074.36	3983.71	6937.09	266.7	236.57
PTHR24067	21059.6	20198.36	23703.28	1725.32	1530.36
PTHR24064	8079.31	7852.64	3044.52	158.7	140.76
PTHR24063	11348.0	10940.13	1633.11	104.43	92.61
PTHR21011	3109.09	2973.1	3139.57	226.08	200.54
PTHR25040	5979.29	5797.97	4196.01	263.24	233.49
PTHR10774	33256.43	32032.59	40322.86	3250.11	2882.83
PTHR24068	2475.26	2339.28	4165.78	344.31	305.41
PTHR12959	2707.78	2662.46	194.96	5.38	4.78
PTHR24115	28583.95	27586.8	3940.33	194.58	172.59
PTHR11825	8388.88	8162.23	2716.53	122.21	108.4
PTHR10809	1375.03	1329.7	2609.31	144.65	128.3
PTHR11822	2043.0	1997.67	2143.03	78.95	70.03
PTHR10555	4040.03	3904.03	987.0	54.62	48.45
PTHR10806	1003.0	957.67	283.0	21.82	19.36
PTHR10804	14405.14	13906.55	9170.24	460.84	408.77
PTHR11556	5313.08	5086.43	3154.29	203.34	180.36
PTHR11006	6870.83	6598.88	856.94	50.69	44.95
PTHR22838	1044.59	999.32	1150.68	84.99	75.39
PTHR11558	2543.0	2452.34	3567.97	183.99	163.2
PTHR13773	1791.21	1745.88	305.15	12.87	11.41
PTHR20275	1972.7	1927.37	442.08	16.88	14.97
PTHR10537	1261.93	1216.6	57.0	3.45	3.06
PTHR11953	1169.7	1124.36	321.0	21.06	18.68
PTHR11956	2714.0	2623.34	881.97	49.36	43.79
PTHR11959	3817.76	3681.77	2261.48	166.53	147.72
PTHR11739	2895.72	2805.05	4651.0	204.95	181.78
PTHR11732	19089.15	18409.27	15712.48	902.33	800.34
PTHR11731	11888.56	11571.34	8258.98	317.88	281.97
PTHR11730	8503.65	8186.45	7460.75	242.81	215.38
PTHR11735	3740.78	3604.84	310.0	20.48	18.17
PTHR10394	1160.28	1114.95	6564.37	434.38	385.29
PTHR20941	1773.82	1683.18	206.0	17.43	15.46
PTHR10150	2756.75	2620.73	414.14	35.84	31.79
PTHR31065	1136.11	1090.79	4017.09	271.7	241.0
PTHR10159	12960.39	12461.82	7744.31	437.31	387.87
PTHR10122	1059.69	1014.35	3571.4	259.91	230.54
PTHR23264	4752.03	4616.03	2522.88	118.58	105.19
PTHR23269	1747.23	1611.27	182.0	20.63	18.31
PTHR31204	720.0	674.67	43.0	4.72	4.19
PTHR31201	4164.04	4073.37	3774.81	149.35	132.47
PTHR31209	999.79	954.47	200.0	15.47	13.72
PTHR11607	11885.92	11342.1	2683.72	161.76	143.49
PTHR11606	2197.0	2151.67	1530.27	52.33	46.41
PTHR11601	5803.48	5622.18	2941.85	147.9	131.18
PTHR32467	1612.79	1522.16	110.0	10.37	9.2
PTHR23130	20439.91	19714.66	10826.93	663.05	588.12
PTHR23133	1369.0	1323.67	1126.05	62.71	55.62
PTHR23135	5597.94	5416.62	980.14	55.33	49.08
PTHR23138	2199.88	2109.22	2479.06	181.09	160.62
PTHR23139	3199.42	3018.1	1294.34	134.07	118.92
PTHR31682	2631.38	2495.43	300.31	18.09	16.04
PTHR11040	6012.64	5786.0	1741.0	96.92	85.97
PTHR11043	2119.45	2028.78	936.03	64.02	56.78
PTHR11042	4742.43	4515.85	489.0	40.66	36.07
PTHR11048	6838.91	6612.27	3035.33	194.68	172.7
PTHR15818	1579.09	1488.44	82.84	8.31	7.37
PTHR12636	1351.27	1305.93	440.27	24.85	22.04
PTHR14490	821.63	731.01	89.0	18.23	16.17
PTHR14493	6538.06	6311.41	2156.0	144.43	128.1
PTHR15651	4208.2	4117.52	1249.0	48.47	43.0
PTHR12380	2316.14	2225.47	1433.0	95.36	84.57
PTHR12385	2468.61	2423.28	615.35	18.68	16.57
PTHR12706	5829.0	5466.4	295.0	26.69	23.69
PTHR12709	859.0	813.67	117.0	10.63	9.43
PTHR19957	13334.34	12881.1	6211.88	273.33	242.44
PTHR30239	2342.8	2252.13	1208.9	81.47	72.27
PTHR11203	10081.06	9809.07	1853.44	92.91	82.41
PTHR12770	2210.0	2119.34	137.0	8.12	7.2
PTHR12097	3585.0	3539.67	2358.0	48.96	43.42
PTHR11200	13048.76	12504.95	1990.57	112.84	100.08
PTHR21576	18134.59	17409.49	2036.5	139.06	123.32
PTHR24423	49152.76	47249.28	116401.87	3517.47	3119.98
PTHR10046	5746.47	5565.24	1490.95	57.27	50.78
PTHR12419	7226.28	6909.07	1387.9	114.9	101.91
PTHR11757	444.0	398.68	12.0	2.24	1.99
PTHR30525	1855.41	1810.08	1331.92	54.17	48.05
PTHR12413	3259.31	3168.64	448.0	20.83	18.47
PTHR12412	2999.78	2863.79	1103.0	78.0	69.18
PTHR12411	41973.68	40296.74	46366.49	2178.9	1932.68
PTHR12146	1060.0	1014.67	5195.27	377.97	335.26
PTHR12415	1336.95	1246.33	76.0	9.72	8.61
PTHR10947	1930.15	1884.81	1650.01	64.44	57.16
PTHR21717	3961.68	3825.71	698.98	40.58	35.99
PTHR10943	6533.6	6352.28	4972.17	234.68	208.16
PTHR12897	627.29	581.96	96.0	12.23	10.85
PTHR12894	3311.47	3175.5	964.89	72.48	64.29
PTHR22976	5523.74	5342.42	14071.49	486.15	431.23
PTHR22975	918.0	872.67	243.0	20.58	18.25
PTHR22970	1020.0	974.67	250.0	18.94	16.8
PTHR20922	2875.82	2785.15	5349.4	258.19	229.01
PTHR21377	2488.0	2397.34	1048.84	68.2	60.49
PTHR21371	2046.8	2001.47	7767.82	285.61	253.33
PTHR21373	3371.0	3280.34	146.0	5.97	5.3
PTHR22573	8717.49	8445.5	3822.27	156.25	138.59
PTHR22572	19655.69	18975.79	21281.73	904.81	802.55
PTHR13060	890.0	844.67	24.0	2.1	1.86
PTHR21000	2376.02	2330.69	1333.0	42.07	37.32
PTHR10701	750.0	704.67	391.01	41.07	36.43
PTHR13161	761.94	716.67	130.0	13.42	11.91
PTHR13162	6012.43	5740.54	3569.97	213.09	189.01
PTHR13165	2683.82	2593.15	298.0	17.2	15.26
PTHR21396	1200.0	1154.67	371.0	23.7	21.02
PTHR12459	3636.75	3500.76	739.0	23.08	20.48
PTHR10681	4544.63	4363.3	5699.63	400.97	355.65
PTHR24106	4156.17	4065.51	889.0	33.66	29.87
PTHR24103	1914.22	1868.89	274.0	10.79	9.57
PTHR10683	3257.41	3166.75	10309.99	506.18	448.99
PTHR11540	1439.01	1348.4	89.0	9.68	8.59
PTHR10836	7445.2	6992.03	45159.41	2387.39	2117.6
PTHR10835	2046.94	2001.65	140.0	5.15	4.57
PTHR11545	3441.35	3260.06	10929.4	802.57	711.87
PTHR10012	759.38	714.11	185.13	19.18	17.02
PTHR13768	1169.52	1124.19	974.22	63.93	56.71
PTHR24078	18513.09	17969.16	6173.88	218.78	194.04
PTHR11946	23203.64	22523.81	9128.3	402.0	356.6
PTHR11947	2431.16	2340.49	565.39	28.0	24.83
PTHR11941	9531.61	9214.32	4580.17	253.53	224.88
PTHR24072	3206.33	3115.66	6284.84	336.27	298.28
PTHR10496	437.0	391.68	5.0	0.95	0.84
PTHR10491	1537.28	1491.95	257.0	12.69	11.26
PTHR24076	17951.54	17226.28	12323.19	652.49	578.76
PTHR24077	13460.54	12916.6	7216.71	557.77	494.75
PTHR11726	1403.92	1313.3	13618.46	993.98	881.66
PTHR11727	2263.68	2173.01	669.04	45.58	40.43
PTHR11721	892.82	847.49	8362.3	729.26	646.85
PTHR11722	1179.0	1133.67	10590.91	689.19	611.31
PTHR10120	3898.0	3807.34	997.17	36.69	32.55
PTHR11831	3213.79	2987.28	13014.86	1024.56	908.8
PTHR11835	4856.39	4720.38	1528.0	71.75	63.65
PTHR11614	14009.12	13646.45	12944.9	537.03	476.36
PTHR11615	4840.33	4704.33	5428.61	165.05	146.4
PTHR11618	3437.81	3256.49	651.56	62.95	55.83
PTHR32419	6855.34	6674.01	6737.67	300.25	266.31
PTHR10231	6343.5	6162.17	7357.12	352.34	312.54
PTHR10233	4552.17	4370.89	1863.0	128.29	113.79
PTHR31503	3416.04	3325.38	910.77	47.57	42.19
PTHR23147	1594.0	1503.34	1279.13	131.55	116.69
PTHR23140	2963.79	2873.18	468.0	22.61	20.05
PTHR23142	1767.25	1676.59	366.0	32.82	29.11
PTHR23149	630.86	585.55	367.96	46.59	41.32
PTHR23148	1388.44	1343.11	147.01	8.07	7.16
PTHR11361	20943.34	20036.89	3455.53	244.92	217.23
PTHR11056	3026.7	2936.04	4527.73	152.2	135.0
PTHR11055	3262.58	3171.92	232.73	10.76	9.54
PTHR32523	2101.42	2010.76	1147.04	75.21	66.71
PTHR10540	3309.29	3173.3	1853.18	116.46	103.3
PTHR22767	6944.41	6853.75	2653.39	66.98	59.41
PTHR12629	2288.77	2198.12	1145.63	51.27	45.48
PTHR18945	10617.55	10209.61	2367.88	165.22	146.55
PTHR26402	6171.27	5899.33	886.56	99.22	88.0
PTHR19384	9339.44	8840.86	7961.89	522.01	463.0
PTHR12714	3655.01	3519.05	2900.64	186.86	165.75
PTHR32251	2909.94	2773.95	1463.04	89.16	79.1
PTHR12570	2136.64	2045.98	212.0	15.72	13.94
PTHR21494	2230.72	2140.13	186.0	10.81	9.58
PTHR21496	3969.88	3833.88	783.09	41.68	36.97
PTHR21141	3956.15	3774.83	20769.45	1684.54	1494.18
PTHR21499	8549.4	8277.42	3765.02	104.79	92.95
PTHR21148	2085.75	1995.09	396.99	29.91	26.54
PTHR12083	1622.13	1576.79	76.0	3.55	3.15
PTHR13355	3488.08	3352.11	2027.19	133.4	118.33
PTHR13976	4210.46	4029.13	4291.83	339.96	301.54
PTHR19852	2679.0	2588.34	822.55	45.27	40.15
PTHR16128	3344.34	3253.68	353.0	17.6	15.61
PTHR12400	1197.06	1151.72	722.82	46.29	41.06
PTHR12403	1679.2	1588.54	645.03	63.42	56.26
PTHR13572	1719.95	1674.61	402.98	17.72	15.72
PTHR30314	3777.23	3686.56	1224.59	49.77	44.15
PTHR12882	942.89	897.56	66.0	5.43	4.82
PTHR12883	1703.68	1658.35	310.0	13.77	12.21
PTHR16255	556.63	511.31	96.0	13.94	12.36
PTHR16254	8267.51	7995.51	1631.76	72.79	64.56
PTHR22960	2218.44	2127.78	375.0	26.85	23.81
PTHR13373	635.0	589.67	73.0	9.18	8.14
PTHR13375	1373.0	1282.34	138.0	16.33	14.48
PTHR22967	4088.37	3952.38	510.09	24.67	21.87
PTHR19858	3367.39	3276.72	877.01	38.68	34.31
PTHR30222	868.71	823.38	101.98	9.16	8.12
PTHR13115	1872.17	1781.51	237.0	19.75	17.52
PTHR13117	2256.5	2211.17	407.0	13.54	12.01
PTHR12975	3466.0	3284.69	120.0	10.72	9.5
PTHR13285	716.0	670.67	26.0	2.87	2.55
PTHR13288	1646.94	1601.62	203.0	9.33	8.28
PTHR10953	19255.17	18530.03	6572.3	347.26	308.01
PTHR10954	2325.55	2234.89	395.92	27.3	24.21
PTHR21726	4212.42	4031.14	1493.71	63.95	56.73
PTHR10956	1433.0	1297.08	4106.46	445.88	395.49
PTHR11538	3387.23	3251.23	2156.53	176.14	156.23
PTHR10826	1051.93	961.29	226.38	27.21	24.13
PTHR21493	19737.37	19102.9	4910.45	214.62	190.36
PTHR11533	5854.68	5718.69	9716.96	367.07	325.6
PTHR11532	1475.26	1429.94	540.0	27.82	24.68
PTHR10000	5012.31	4830.98	603.0	34.14	30.27
PTHR13021	728.55	683.22	171.0	18.53	16.44
PTHR12290	550.18	504.98	74.0	10.88	9.65
PTHR12295	7192.0	6920.02	1313.0	83.98	74.48
PTHR24007	4075.4	3848.82	519.0	57.31	50.82
PTHR24003	15324.78	14735.58	2795.27	166.62	147.81
PTHR31446	3418.34	3282.38	483.0	33.46	29.67
PTHR31190	6747.65	6521.01	6214.29	252.38	223.87
PTHR11441	1403.18	1357.85	247.0	13.41	11.89
PTHR11440	5692.46	5465.86	3348.98	138.3	122.67
PTHR11999	9555.92	9193.27	18175.02	640.97	568.53
PTHR11449	1313.0	1222.36	4604.29	385.11	341.6
PTHR11994	2204.74	2068.84	10052.42	746.96	662.54
PTHR10133	7050.37	6869.13	715.0	44.58	39.56
PTHR21649	11372.65	10783.51	188827.92	15089.1	13383.98
PTHR13620	3858.99	3677.7	631.0	38.08	33.77
PTHR11705	1065.99	1020.65	48.0	3.47	3.08
PTHR11847	1287.0	1241.67	4355.15	258.63	229.4
PTHR11843	1323.05	1232.4	15978.96	1388.16	1231.29
PTHR13138	597.0	551.67	44.0	5.92	5.25
PTHR11662	12888.89	12480.93	1241.28	74.37	65.98
PTHR11669	4950.88	4724.23	572.06	48.11	42.67
PTHR11668	19142.04	18598.11	21596.8	903.98	801.82
PTHR20856	12585.09	12313.14	3126.98	94.8	84.09
PTHR20854	7734.66	7462.64	2901.89	141.19	125.23
PTHR20855	4126.97	3990.98	1073.27	46.44	41.19
PTHR20852	5339.73	5022.54	176907.86	16123.33	14301.37
PTHR32404	4837.34	4610.72	1677.76	107.59	95.42
PTHR20858	322.0	276.72	41.0	11.1	9.85
PTHR11918	4807.03	4625.71	618.0	32.68	28.99
PTHR10634	3106.95	3016.29	31654.5	1570.24	1392.8
PTHR11709	19595.46	18870.27	9702.72	425.51	377.42
PTHR14898	1815.0	1769.67	766.0	31.87	28.27
PTHR14237	4389.93	4208.6	897.0	61.73	54.76
PTHR23155	207197.09	198496.46	30191.89	1678.92	1489.19
PTHR23153	3134.98	2998.98	1301.0	88.7	78.67
PTHR23151	12554.93	12010.97	4738.32	363.29	322.21
PTHR11063	2806.85	2716.19	705.0	36.81	32.65
PTHR11062	71729.58	68829.19	18566.51	1102.19	977.66
PTHR11061	4682.92	4320.63	351.0	43.39	38.46
PTHR11065	3578.11	3487.45	2845.29	99.9	88.62
PTHR11064	1806.65	1715.99	2285.01	185.43	164.48
PTHR11260	16016.54	15381.96	18665.39	1309.41	1161.44
PTHR11264	1588.85	1543.51	256.0	12.22	10.84
PTHR11266	5999.16	5727.22	2846.03	241.2	213.95
PTHR13501	1270.64	1225.32	396.25	23.84	21.15
PTHR31998	5322.68	5186.69	52957.32	1391.69	1234.43
PTHR31221	22780.45	21783.32	10067.91	592.55	525.57
PTHR15838	520.0	474.67	28.0	4.38	3.89
PTHR12850	1046.32	955.69	8091.31	943.69	837.05
PTHR32338	1635.0	1589.67	1082.0	50.13	44.47
PTHR23270	5935.47	5618.15	868.7	69.2	61.38
PTHR31155	1472.08	1426.74	16263.74	839.95	745.03
PTHR12363	5230.41	5094.42	1764.0	71.73	63.64
PTHR20932	743.0	697.67	293.0	31.09	27.57
PTHR18952	3662.0	3526.06	136.0	6.07	5.37
PTHR10552	1030.89	985.56	243.9	18.27	16.21
PTHR12765	727.67	682.34	393.0	42.64	37.82
PTHR22603	1470.86	1425.52	1014.0	52.41	46.49
PTHR12506	2025.0	1889.04	778.61	79.87	70.84
PTHR22604	7655.84	7383.85	913.0	49.93	44.3
PTHR21481	3892.16	3801.5	1013.05	38.57	34.2
PTHR22778	690.13	644.8	56.0	6.43	5.71
PTHR19446	472.0	426.68	11.0	1.92	1.7
PTHR12219	750.73	705.39	1597.0	167.57	148.63
PTHR13561	656.32	611.0	41.0	4.97	4.41
PTHR13563	1813.99	1768.66	515.31	21.45	19.03
PTHR12210	9326.4	9054.44	7090.7	370.33	328.48
PTHR12215	1548.11	1457.46	227.88	18.84	16.7
PTHR12214	1923.63	1832.97	172.0	12.74	11.29
PTHR12189	1987.75	1897.09	275.98	19.89	17.64
PTHR22911	6511.0	6329.68	3232.71	106.61	94.56
PTHR22912	13639.55	13322.24	12601.52	509.33	451.78
PTHR12183	8933.63	8525.78	2333.87	154.12	136.71
PTHR19849	2486.0	2350.02	498.85	46.8	41.51
PTHR22594	11132.63	10815.32	4513.06	206.77	183.42
PTHR11864	2849.75	2668.53	484.99	33.71	29.9
PTHR21152	5610.15	5474.16	2608.33	106.07	94.09
PTHR30075	1850.53	1759.94	552.01	35.96	31.9
PTHR11632	3806.54	3670.55	4857.27	240.89	213.67
PTHR13102	2166.25	2075.59	487.98	33.21	29.46
PTHR12984	3863.33	3772.67	1937.95	95.2	84.44
PTHR11630	13354.05	12764.9	2311.0	144.05	127.76
PTHR12302	906.78	861.45	241.0	20.67	18.34
PTHR13299	834.46	789.13	240.0	22.49	19.95
PTHR12652	4585.0	4449.01	4405.6	219.39	194.6
PTHR10925	3177.39	2996.12	1122.0	94.0	83.37
PTHR21737	3872.88	3736.98	652.91	27.07	24.0
PTHR10920	7741.34	7424.06	578.94	43.43	38.53
PTHR10584	12454.01	12091.44	4383.28	220.22	195.33
PTHR11528	8117.0	7935.68	39101.25	1502.54	1332.76
PTHR11527	8255.06	7801.81	10121.71	746.62	662.23
PTHR10859	7260.11	6942.89	1817.71	136.49	121.06
PTHR10589	2067.07	1976.43	672.83	50.84	45.1
PTHR10588	1760.14	1669.56	703.61	99.02	87.83
PTHR13038	1110.0	1019.35	77.01	11.3	10.02
PTHR13748	6921.27	6694.66	3898.63	169.64	150.46
PTHR13743	14274.62	13685.32	2689.19	154.17	136.75
PTHR24015	91388.95	87989.55	20441.24	1028.21	912.05
PTHR24012	21644.84	20647.68	14128.9	965.97	856.81
PTHR24011	29898.95	28629.92	18993.09	1081.37	959.18
PTHR31187	2142.0	2096.67	130.0	4.56	4.05
PTHR19139	1554.0	1508.67	163.0	7.96	7.06
PTHR21145	1598.51	1553.18	449.97	21.34	18.93
PTHR10458	773.18	727.86	222.0	22.57	20.02
PTHR10108	33204.57	32026.01	12866.5	727.54	645.34
PTHR11986	11243.6	10971.64	18094.38	690.17	612.18
PTHR11455	7303.16	6985.9	3421.96	197.57	175.26
PTHR10102	2404.0	2358.67	998.0	31.12	27.61
PTHR11458	681.0	635.67	663.0	77.27	68.54
PTHR10106	1074.0	983.34	799.4	121.02	107.34
PTHR30544	5049.98	4868.67	1047.18	66.85	59.3
PTHR31057	2464.32	2283.0	192.0	25.88	22.96
PTHR20982	1241.22	1195.92	733.05	45.2	40.1
PTHR11851	24240.39	23605.76	16826.41	777.43	689.55
PTHR23092	7621.99	7304.74	2029.6	150.84	133.81
PTHR23091	11158.92	10615.05	3412.54	268.5	238.17
PTHR11673	1603.28	1512.62	7334.09	602.1	534.06
PTHR11670	8826.21	8599.56	16435.57	569.39	505.05
PTHR11671	1199.0	1153.67	919.0	58.76	52.12
PTHR20863	2598.9	2462.9	5165.66	479.2	425.04
PTHR20861	3930.85	3794.86	1487.12	75.11	66.62
PTHR11679	13450.76	13088.12	3157.85	92.25	81.84
PTHR14009	5677.05	5541.04	1938.15	62.55	55.49
PTHR10217	22137.55	21638.92	7076.67	235.18	208.61
PTHR14005	2837.78	2747.15	2235.1	103.03	91.39
PTHR10210	4427.4	4246.11	2775.82	207.27	183.85
PTHR31522	1524.97	1479.64	212.0	10.56	9.36
PTHR14221	895.11	804.51	38.0	6.56	5.82
PTHR11079	6665.32	6438.65	2378.28	196.1	173.94
PTHR11076	5310.09	5128.83	475.01	24.68	21.89
PTHR11070	4317.43	4136.13	378.0	28.2	25.02
PTHR11071	20575.25	19714.05	22760.08	1637.22	1452.22
PTHR11278	964.0	918.67	6645.28	534.32	473.94
PTHR11276	1312.63	1221.98	100.0	12.75	11.31
PTHR11274	2575.0	2484.4	1039.37	35.54	31.53
PTHR14136	3331.59	3195.58	879.87	59.29	52.59
PTHR31984	6040.44	5859.12	2849.31	121.89	108.12
PTHR15350	2853.79	2763.13	2645.88	144.24	127.95
PTHR31695	2439.14	2393.82	431.65	13.26	11.76
PTHR15606	2370.04	2279.38	956.03	61.92	54.91
PTHR12374	1505.08	1414.42	181.94	21.58	19.14
PTHR12375	1263.86	1218.52	105.91	6.41	5.69
PTHR12378	2270.29	2179.66	1642.0	109.5	97.12
PTHR18929	12609.67	12156.39	27781.3	1636.06	1451.2
PTHR12777	619.0	573.67	1905.0	246.26	218.43
PTHR12775	2061.8	1971.16	1345.0	72.29	64.12
PTHR16092	2886.0	2840.67	1694.79	43.86	38.91
PTHR12406	1731.19	1685.86	339.0	14.81	13.13
PTHR11035	1072.0	1026.67	231.0	16.61	14.73
PTHR22298	15007.49	14463.62	15636.45	672.2	596.24
PTHR12174	4715.03	4533.71	946.96	67.4	59.78
PTHR12175	2293.22	2202.56	813.35	51.56	45.73
PTHR12176	9266.51	8949.18	1363.29	78.0	69.19
PTHR22769	2872.3	2736.31	607.0	47.47	42.11
PTHR10293	5372.77	5191.45	8713.69	437.94	388.47
PTHR22765	3813.34	3722.68	6994.05	281.17	249.4
PTHR22762	5819.65	5728.99	745.0	18.39	16.31
PTHR22763	3330.26	3194.36	688.49	34.04	30.19
PTHR22761	2545.13	2454.47	6358.02	383.6	340.25
PTHR21231	3130.74	2994.78	925.0	76.84	68.16
PTHR21230	4210.83	4029.51	1305.99	107.56	95.41
PTHR21234	1024.0	978.67	95.01	7.17	6.36
PTHR21237	2733.56	2642.9	1722.53	98.52	87.39
PTHR12202	1627.75	1491.78	237.0	35.88	31.83
PTHR12203	4351.32	4169.99	201.0	11.21	9.95
PTHR19857	501.0	455.68	131.0	21.37	18.96
PTHR22904	24897.9	23855.46	15307.42	983.4	872.28
PTHR19855	1783.95	1738.61	599.99	25.41	22.54
PTHR13353	560.51	515.2	32.0	4.61	4.09
PTHR19853	1603.83	1513.17	120.0	11.74	10.42
PTHR15362	2605.28	2514.62	523.04	30.46	27.02
PTHR12197	10839.36	10204.81	1514.68	137.34	121.83
PTHR13822	793.5	748.18	3311.0	327.35	290.36
PTHR21319	5117.93	4981.94	465.9	20.68	18.34
PTHR10732	889.0	843.67	3664.39	321.02	284.75
PTHR10738	1381.61	1336.31	204.0	11.25	9.98
PTHR10739	1641.23	1550.57	432.21	42.16	37.39
PTHR12992	1106.51	1061.17	80.0	5.56	4.93
PTHR22836	2194.0	2103.34	111.0	7.69	6.81
PTHR22880	7213.39	7032.07	2267.44	70.83	62.82
PTHR10938	2307.56	2216.9	1074.44	72.51	64.31
PTHR10934	1261.02	1170.38	12436.86	1083.05	960.66
PTHR11510	1831.27	1785.95	591.0	24.36	21.61
PTHR11516	6429.53	6202.88	5661.63	287.61	255.11
PTHR10025	3427.08	3245.79	448.0	41.36	36.69
PTHR10026	9594.84	9368.29	5195.92	140.73	124.83
PTHR10027	3674.86	3493.59	1243.08	86.19	76.44
PTHR13009	2790.0	2654.01	1489.99	124.48	110.41
PTHR13007	937.0	891.67	299.0	24.77	21.97
PTHR30115	1977.48	1886.82	342.0	19.47	17.28
PTHR10598	923.0	877.67	26.0	2.19	1.94
PTHR17901	766.0	720.67	76.0	7.8	6.92
PTHR24351	656.0	610.67	27.0	3.28	2.91
PTHR20981	1262.94	1172.28	4517.09	476.65	422.78
PTHR24352	550.0	504.67	27.0	3.97	3.52
PTHR11467	2250.74	2160.11	8319.51	565.8	501.86
PTHR10119	7148.03	6921.38	4148.66	195.75	173.64
PTHR10114	766.86	721.53	4134.9	424.07	376.15
PTHR10110	8545.21	8318.55	5494.23	228.67	202.83
PTHR11469	4038.49	3947.86	2340.07	82.1	72.82
PTHR10445	779.0	733.67	413.0	41.65	36.94
PTHR11863	5646.9	5420.28	2587.57	145.58	129.13
PTHR24286	4091.0	3955.01	2741.22	98.36	87.24
PTHR23429	3783.16	3692.49	5786.43	225.0	199.58
PTHR23426	2138.57	2047.94	911.08	72.08	63.94
PTHR10593	4695.01	4513.7	2263.19	127.87	113.42
