GeneFamily	length	effective_length	expected_count	TPM	FPKM
PTHR11649	10689.35	10244.32	5076.14	378.88	320.56
PTHR31089	2072.0	2027.49	28.0	1.12	0.94
PTHR31085	10583.43	10227.39	4287.49	247.97	209.79
PTHR11647	3379.91	3290.89	2821.75	144.94	122.63
PTHR11645	1758.0	1713.49	3497.17	165.08	139.66
PTHR11880	1740.0	1650.98	6074.43	610.91	516.86
PTHR11885	933.0	888.49	9691.46	885.29	749.02
PTHR10209	9542.19	9275.16	6774.01	236.39	200.0
PTHR32429	2895.72	2806.72	11467.54	663.02	560.95
PTHR31423	844.03	799.52	611.0	62.07	52.51
PTHR31551	631.47	586.97	119.0	16.51	13.97
PTHR32195	3562.68	3429.16	138.0	13.97	11.82
PTHR11081	2842.54	2664.57	377.52	25.04	21.19
PTHR11080	2417.45	2283.94	193.0	20.34	17.21
PTHR11082	4937.05	4714.59	1260.6	103.7	87.74
PTHR11085	6652.92	6430.39	464.38	28.81	24.37
PTHR11089	9344.38	8899.43	2939.92	246.53	208.59
PTHR32518	4107.34	4062.83	2366.24	47.0	39.77
PTHR11247	3142.12	3008.6	778.13	53.15	44.97
PTHR11246	11206.3	10939.25	2682.32	115.75	97.94
PTHR32512	4845.7	4756.68	344.99	10.73	9.07
PTHR23088	4853.14	4675.13	1636.01	125.05	105.8
PTHR23089	2075.0	1985.98	1862.24	153.66	130.0
PTHR23081	3946.75	3768.73	499.13	37.1	31.39
PTHR23083	39499.17	38208.66	16900.23	821.89	695.34
PTHR23084	4960.64	4871.64	1565.98	50.91	43.07
PTHR23086	3059.09	2881.08	744.06	84.92	71.85
PTHR18806	2791.39	2702.39	1009.93	63.1	53.39
PTHR31953	2690.88	2601.88	588.09	36.79	31.12
PTHR15184	6437.21	6259.2	18264.87	772.07	653.23
PTHR15341	1449.47	1404.96	523.74	30.18	25.53
PTHR32357	3488.93	3399.92	3403.86	158.91	134.45
PTHR12696	1540.38	1495.89	1434.62	77.6	65.66
PTHR12341	3483.9	3394.9	1215.01	59.95	50.72
PTHR15160	5044.45	4910.95	18030.87	761.85	644.59
PTHR18937	12750.93	12394.88	950.16	45.7	38.67
PTHR18934	26037.06	24969.32	5223.22	356.85	301.93
PTHR12742	2052.0	2007.49	902.81	36.35	30.76
PTHR12741	14791.31	14390.77	4918.57	221.64	187.51
PTHR19288	2552.83	2463.83	714.74	47.9	40.52
PTHR13903	3061.46	2972.44	1309.14	65.97	55.81
PTHR22753	5168.71	4990.72	737.42	44.66	37.78
PTHR30615	725.0	680.49	333.0	39.8	33.67
PTHR22939	18110.41	17620.87	9335.3	452.39	382.77
PTHR22938	1303.2	1214.2	100.0	13.66	11.56
PTHR30612	5376.02	5242.51	4339.07	143.57	121.47
PTHR22932	1057.0	1012.49	3855.57	308.8	261.26
PTHR22931	11485.27	11262.75	6091.71	190.53	161.21
PTHR12233	1192.81	1148.32	1404.53	99.1	83.85
PTHR22936	12434.22	12078.19	3350.88	142.03	120.16
PTHR31038	3682.32	3593.3	2096.97	65.31	55.26
PTHR13832	35499.06	34208.55	23604.85	1343.76	1136.92
PTHR21139	1252.91	1208.41	1848.6	123.93	104.85
PTHR21136	7649.3	7382.28	4572.24	319.56	270.37
PTHR12526	40859.35	39880.49	20025.08	792.95	670.88
PTHR13124	1218.0	1173.49	414.0	28.58	24.18
PTHR13120	575.73	531.23	383.99	58.94	49.87
PTHR22809	2453.29	2364.27	396.0	27.25	23.06
PTHR22807	8235.87	7968.89	2950.62	134.1	113.46
PTHR20661	930.21	885.74	205.96	18.87	15.97
PTHR10900	5213.42	4946.41	6892.94	610.17	516.24
PTHR10906	4940.63	4807.1	4918.35	216.96	183.56
PTHR10909	15820.05	15463.98	49424.2	1657.4	1402.26
PTHR10055	3106.77	3017.76	1313.2	70.2	59.39
PTHR10057	2475.91	2386.9	3578.37	243.29	205.84
PTHR10052	422.0	377.51	3710.55	804.99	681.07
PTHR13017	1864.87	1820.36	724.32	32.17	27.22
PTHR10693	1898.0	1853.49	940.99	41.05	34.73
PTHR10694	14278.51	13967.03	3998.25	98.5	83.33
PTHR12839	2846.6	2713.08	276.0	21.92	18.54
PTHR12835	1415.76	1371.25	316.0	18.66	15.78
PTHR24031	52095.35	50092.88	37498.17	2221.67	1879.72
PTHR24032	1577.0	1487.98	410.65	44.33	37.51
PTHR24349	152438.11	145763.69	84096.95	4618.66	3907.71
PTHR24619	5988.23	5721.21	2402.59	190.97	161.58
PTHR24343	7483.3	7171.88	9125.38	499.37	422.48
PTHR11472	3514.09	3336.12	251.83	24.64	20.85
PTHR24347	21904.87	21104.15	5142.84	320.07	270.78
PTHR11476	6176.7	6043.23	1992.92	78.29	66.23
PTHR11477	2755.59	2622.09	651.78	50.23	42.5
PTHR24305	3330.37	3152.37	1006.47	74.65	63.16
PTHR10476	4522.22	4344.21	3237.59	246.93	208.91
PTHR24290	4462.27	4328.78	4918.71	230.27	194.82
PTHR23413	1101.49	1012.51	10761.92	1387.49	1173.91
PTHR23417	5621.8	5443.82	1660.85	127.33	107.73
PTHR23416	6153.94	5931.46	1417.01	100.37	84.93
PTHR23415	1251.23	1206.72	976.07	65.53	55.44
PTHR10871	2443.62	2265.68	9695.59	1002.31	848.03
PTHR10877	6955.49	6866.5	8813.31	225.6	190.88
PTHR11879	5121.38	4943.34	10668.09	629.34	532.46
PTHR10430	2936.66	2803.2	4188.13	389.18	329.26
PTHR31096	5607.23	5429.19	4268.96	209.19	176.99
PTHR31098	5673.42	5495.44	795.0	35.82	30.31
PTHR11655	2582.1	2448.59	17771.75	1438.25	1216.85
PTHR11652	738.0	693.49	11991.05	1406.1	1189.66
PTHR20883	1821.53	1732.54	1876.0	176.51	149.34
PTHR11895	986.0	941.49	355.0	30.59	25.88
PTHR10277	5192.28	5014.28	5445.09	364.74	308.61
PTHR14027	3347.58	3169.6	552.6	49.3	41.71
PTHR12320	5434.43	5256.46	2144.32	125.26	105.96
PTHR13691	1723.38	1634.37	13796.45	1004.22	849.64
PTHR23180	14118.68	13540.09	7533.44	652.18	551.77
PTHR14593	1994.24	1860.75	599.18	72.44	61.28
PTHR11093	4026.27	3937.26	1695.39	63.0	53.3
PTHR11096	1409.0	1320.0	399.0	53.89	45.59
PTHR23346	13375.37	13063.83	86390.74	9217.12	7798.3
PTHR10309	1505.7	1461.2	1615.0	89.44	75.68
PTHR14107	2096.71	2052.2	413.0	16.27	13.76
PTHR11252	6515.0	6425.98	2364.82	57.39	48.56
PTHR11254	13028.59	12628.08	4250.94	224.07	189.57
PTHR11255	4533.95	4400.46	1208.73	59.12	50.02
PTHR14110	3022.0	2888.47	4010.31	380.22	321.69
PTHR16201	5667.82	5489.81	2085.11	126.93	107.39
PTHR14374	3058.12	2969.11	318.0	25.28	21.39
PTHR18838	3115.02	2981.5	944.95	71.24	60.27
PTHR12687	1524.0	1434.98	161.01	18.0	15.22
PTHR15157	3988.5	3855.0	743.85	44.82	37.92
PTHR18901	8636.16	8324.64	8496.7	551.22	466.37
PTHR12755	2728.97	2639.95	255.0	13.5	11.43
PTHR12750	4280.66	4147.15	911.77	55.57	47.02
PTHR12753	773.74	729.28	320.0	35.66	30.17
PTHR15081	1767.04	1722.53	314.05	14.75	12.48
PTHR15574	4756.86	4578.93	919.06	62.91	53.22
PTHR13931	1647.35	1558.47	623.0	52.44	44.37
PTHR24006	21122.87	20099.58	4612.43	343.64	290.71
PTHR12358	8257.19	7901.24	1615.9	101.21	85.62
PTHR22748	2438.0	2304.54	365.0	38.24	32.35
PTHR12356	768.61	724.21	178.0	19.98	16.9
PTHR12221	2027.0	1937.98	856.9	70.99	60.06
PTHR30603	6423.6	6290.08	6930.9	257.1	217.52
PTHR12226	2618.8	2529.8	568.99	36.36	30.77
PTHR19876	6794.0	6615.96	4722.05	232.81	196.97
PTHR19877	3185.08	3096.09	3557.56	194.91	164.91
PTHR21689	1829.6	1740.59	54.0	4.76	4.02
PTHR31442	2818.0	2684.47	703.0	61.38	51.93
PTHR13803	9477.11	9210.14	1575.0	64.71	54.75
PTHR19980	1299.09	1254.62	300.97	19.43	16.44
PTHR12537	2954.0	2864.98	1554.5	88.24	74.65
PTHR12532	1409.1	1364.6	634.0	37.61	31.82
PTHR13486	731.33	686.87	239.0	28.29	23.94
PTHR13489	1767.63	1678.64	731.11	69.77	59.03
PTHR17583	3299.63	3166.2	197.0	15.92	13.46
PTHR24198	1436.0	1346.99	373.99	39.17	33.14
PTHR10048	11182.63	11049.11	2547.16	58.94	49.87
PTHR24193	4550.71	4328.17	3568.08	226.33	191.49
PTHR10044	2860.14	2726.66	1948.79	156.65	132.52
PTHR11998	7364.64	7053.17	3308.32	177.95	150.57
PTHR11014	5936.01	5758.05	5972.87	344.09	291.12
PTHR10687	3056.58	2967.57	2615.38	140.88	119.19
PTHR13069	4615.0	4392.54	427.0	36.31	30.71
PTHR13068	10709.04	10397.5	2612.61	129.97	109.95
PTHR10682	2562.69	2473.67	2997.92	196.06	165.88
PTHR12829	1423.0	1378.49	296.0	17.38	14.71
PTHR12820	2170.32	2125.81	577.01	21.94	18.56
PTHR12826	933.76	889.31	807.0	73.64	62.31
PTHR12827	2376.0	2153.56	51.0	9.68	8.2
PTHR17920	2360.63	2316.12	487.86	17.02	14.4
PTHR10137	1628.0	1538.98	821.0	89.05	75.34
PTHR11405	7613.86	7435.84	1919.88	120.18	101.67
PTHR11404	2807.68	2718.67	1863.07	107.95	91.33
PTHR11406	3807.75	3718.75	3760.98	164.98	139.58
PTHR13468	4212.45	4167.94	722.45	13.99	11.83
PTHR14255	6077.86	5810.85	948.59	72.86	61.64
PTHR23406	7153.9	6886.92	5680.96	300.33	254.1
PTHR23407	681.19	636.72	323.0	41.28	34.92
PTHR10869	16461.04	15971.5	6645.23	409.44	346.41
PTHR31717	5515.35	5381.83	718.0	36.01	30.46
PTHR13393	2390.25	2256.76	344.75	34.42	29.13
PTHR15169	1165.0	1120.49	37.0	2.68	2.26
PTHR11315	1400.92	1356.41	381.0	22.74	19.24
PTHR10139	1602.37	1557.87	60.0	3.12	2.64
PTHR10264	3832.31	3698.83	4635.98	277.4	234.71
PTHR10263	1597.11	1508.11	5415.3	522.99	442.48
PTHR31407	7728.69	7417.22	3677.66	293.2	248.08
PTHR32170	3365.1	3231.61	332.0	14.14	11.97
PTHR23350	1824.41	1735.4	231.0	19.57	16.56
PTHR23354	5119.78	4897.26	1995.16	173.44	146.74
PTHR23355	10859.3	10458.83	2265.02	112.12	94.87
PTHR23359	8498.44	8275.92	3006.37	162.79	137.74
PTHR11227	3391.08	3257.58	2498.91	177.07	149.81
PTHR11220	8792.68	8436.68	5391.55	391.62	331.33
PTHR11223	6886.48	6797.46	6310.32	159.77	135.19
PTHR11229	2960.51	2871.5	6045.45	369.05	312.24
PTHR10314	14768.32	14323.34	14231.51	775.71	656.3
PTHR14303	645.14	600.64	167.0	22.64	19.15
PTHR23309	880.0	791.02	7.0	1.47	1.25
PTHR23308	3049.25	2871.26	4198.08	368.15	311.48
PTHR11139	24067.27	23310.74	5046.15	276.58	234.0
PTHR11132	30591.06	29656.54	30650.23	1589.23	1344.59
PTHR11134	6445.8	6267.81	1687.29	72.39	61.25
PTHR11136	2137.07	2003.57	330.0	45.44	38.45
PTHR32374	3451.68	3362.67	1490.03	46.63	39.46
PTHR31579	3157.94	3068.96	9785.62	385.44	326.11
PTHR32379	1520.34	1386.85	210.0	36.59	30.95
PTHR31619	1744.37	1699.9	2409.88	114.66	97.01
PTHR18919	5413.8	5235.79	20906.85	957.61	810.2
PTHR32002	9018.81	8662.78	1759.54	110.69	93.66
PTHR14413	2055.0	1965.98	2000.8	163.45	138.3
PTHR14089	1130.68	1086.18	613.97	45.81	38.76
PTHR22893	2322.01	2277.5	1693.73	60.09	50.84
PTHR11661	2839.0	2705.48	8434.85	824.84	697.86
PTHR10778	3300.45	3211.43	1218.0	61.2	51.79
PTHR10072	3682.63	3593.61	5059.15	301.37	254.98
PTHR12786	1262.66	1218.16	1426.99	94.89	80.28
PTHR11706	8111.45	7844.42	1304.03	77.61	65.67
PTHR12782	1637.0	1592.49	166.71	8.47	7.17
PTHR11214	4488.81	4355.28	926.02	50.82	43.0
PTHR24188	4785.92	4607.94	2096.73	90.96	76.95
PTHR21213	1281.0	1236.49	1074.46	70.38	59.55
PTHR10182	3446.6	3313.07	2020.24	134.56	113.85
PTHR13923	3636.9	3458.96	770.69	67.46	57.08
PTHR12321	1201.24	1156.74	140.64	9.85	8.33
PTHR12323	653.14	608.65	187.0	25.01	21.16
PTHR14155	20000.55	19155.11	8710.55	666.32	563.73
PTHR21015	4723.91	4545.89	410.0	30.52	25.81
PTHR16196	1559.49	1470.49	228.15	25.79	21.82
PTHR16193	1432.65	1388.14	589.0	34.35	29.06
PTHR22792	5125.67	4903.14	9865.34	709.3	600.12
PTHR22790	4350.59	4172.57	1247.97	85.52	72.36
PTHR21680	1058.49	1014.0	1065.32	85.18	72.07
PTHR21113	1572.0	1483.0	152.98	16.26	13.76
PTHR19316	2059.04	1970.05	738.01	73.17	61.9
PTHR21663	4334.9	4201.38	400.0	22.39	18.94
PTHR13253	7747.43	7435.89	1662.26	132.11	111.78
PTHR21206	1207.73	1163.23	791.76	55.15	46.66
PTHR13789	8685.46	8462.96	3441.99	203.82	172.45
PTHR10071	2773.53	2640.04	507.96	72.74	61.54
PTHR13780	7095.75	6873.22	1865.71	120.08	101.59
PTHR10670	7530.45	7263.46	1844.32	117.22	99.18
PTHR10677	1834.07	1700.57	317.0	44.66	37.78
PTHR13078	3048.6	2959.59	1821.69	99.12	83.86
PTHR12815	5858.35	5680.42	4539.41	299.37	253.29
PTHR12814	1818.47	1729.46	420.0	37.41	31.65
PTHR24361	27893.51	26870.07	13911.89	655.01	554.2
PTHR24362	9543.43	9143.02	2004.11	139.81	118.29
PTHR10416	2137.0	2047.99	169.02	17.03	14.41
PTHR10410	4358.55	4180.61	4411.29	297.36	251.58
PTHR10783	3835.41	3746.41	2510.82	108.14	91.5
PTHR10782	4430.47	4207.97	683.34	57.1	48.31
PTHR13476	1309.0	1264.49	124.0	7.94	6.72
PTHR10788	8695.45	8517.45	5087.65	159.54	134.97
PTHR10891	18031.19	17408.14	9324.43	552.85	467.76
PTHR10890	4316.94	4094.44	392.0	29.51	24.98
PTHR20426	826.75	782.29	164.0	17.03	14.41
PTHR23213	10960.74	10604.7	1545.0	87.16	73.75
PTHR10520	5983.96	5806.03	4089.58	226.05	191.25
PTHR10250	2714.15	2580.62	4229.58	404.77	342.47
PTHR10527	13506.11	13194.59	10620.86	393.53	332.95
PTHR31384	6551.28	6284.28	1382.08	122.81	103.9
PTHR31385	3904.18	3770.66	1162.15	68.73	58.15
PTHR10091	1511.88	1422.87	363.0	41.62	35.22
PTHR31140	965.0	876.01	104.0	19.86	16.8
PTHR31412	7509.49	7287.02	1454.75	92.91	78.6
PTHR11787	4515.43	4381.92	7535.71	323.66	273.84
PTHR11785	15740.15	15161.69	14548.27	942.52	797.43
PTHR11782	5520.41	5342.39	2584.21	118.65	100.38
PTHR31419	3623.87	3445.89	1488.49	121.83	103.06
PTHR11780	2262.0	2217.49	2719.95	99.12	83.86
PTHR13902	6201.91	6068.39	1707.9	95.8	81.06
PTHR23324	3332.0	3242.98	1996.24	103.94	87.95
PTHR23327	2641.54	2552.53	942.83	60.02	50.78
PTHR23326	2966.0	2832.47	491.97	48.82	41.31
PTHR23321	1750.0	1660.98	699.66	76.12	64.4
PTHR23323	6349.57	6127.06	2272.9	143.28	121.22
PTHR23322	4849.81	4582.85	1210.0	120.41	101.88
PTHR23329	2816.88	2638.94	394.0	51.72	43.76
PTHR11236	5644.97	5377.93	1087.89	72.39	61.26
PTHR10322	7158.67	6802.83	254.01	19.6	16.57
PTHR11239	2643.23	2509.71	458.0	44.06	37.28
PTHR10803	2712.56	2623.58	2188.18	138.81	117.44
PTHR11101	1174.2	1129.7	381.97	27.4	23.18
PTHR31964	24441.05	23639.94	37270.44	2847.55	2409.21
PTHR23030	1818.45	1773.95	744.07	33.92	28.7
PTHR11129	3883.35	3750.05	1373.24	94.52	79.97
PTHR11122	3762.29	3628.78	3493.81	202.37	171.2
PTHR15316	2108.22	2019.21	770.51	68.47	57.93
PTHR11127	1116.0	1027.06	6988.88	739.34	625.53
PTHR11125	2670.55	2537.03	841.69	96.26	81.45
PTHR31566	2103.0	2058.49	442.0	17.36	14.68
PTHR31567	1352.0	1307.49	37.0	2.29	1.94
PTHR31561	3209.0	3119.98	13.0	1.0	0.84
PTHR15137	2033.04	1810.76	74.0	15.48	13.09
PTHR14950	3415.0	3192.49	66.0	8.82	7.46
PTHR15954	2297.92	2208.97	778.53	59.97	50.74
PTHR15952	4107.99	4018.99	2381.03	99.04	83.8
PTHR16266	3449.89	3316.44	414.0	31.02	26.25
PTHR21597	3071.36	2848.94	136.0	12.17	10.29
PTHR19271	1622.0	1577.49	266.0	13.64	11.54
PTHR19861	1154.84	1110.33	374.01	27.3	23.1
PTHR13343	7001.56	6779.02	2096.67	120.88	102.27
PTHR12029	9117.8	8761.8	1621.12	108.88	92.13
PTHR21220	518.24	473.74	40.0	6.89	5.83
PTHR22780	9411.98	9278.46	4994.69	127.46	107.84
PTHR11952	5778.8	5600.76	1682.19	87.26	73.82
PTHR21477	2835.85	2657.86	504.19	56.83	48.1
PTHR19308	5365.0	5231.47	4421.35	140.7	119.04
PTHR16301	1224.56	1135.55	155.0	22.33	18.89
PTHR13265	1166.45	1121.94	518.14	37.43	31.66
PTHR22870	18698.07	17852.6	6195.71	466.87	395.0
PTHR17630	2335.57	2246.61	3827.43	232.95	197.09
PTHR10064	1176.2	1087.22	6134.0	643.42	544.37
PTHR10066	3079.02	2990.01	566.65	30.5	25.8
PTHR10060	2111.3	2022.3	365.19	31.42	26.58
PTHR10663	30045.75	29200.27	5815.17	280.96	237.71
PTHR10666	7915.61	7604.12	57899.0	4301.77	3639.58
PTHR10668	9262.68	8906.67	4183.66	303.97	257.16
PTHR12801	3608.13	3474.62	828.91	57.41	48.57
PTHR12802	2139.57	2006.07	414.0	45.65	38.63
PTHR12805	1645.14	1600.64	264.0	13.34	11.29
PTHR12806	938.67	894.17	998.08	90.59	76.64
PTHR21091	11892.42	11580.94	11366.92	490.59	415.08
PTHR21090	5251.04	5117.55	2723.36	122.26	103.44
PTHR21228	3167.27	3033.83	458.01	37.0	31.3
PTHR24314	4159.51	4026.01	2131.61	115.06	97.35
PTHR11933	1055.42	1010.92	110.0	8.82	7.47
PTHR11932	7918.41	7651.48	4940.0	217.62	184.12
PTHR11426	2951.9	2773.92	10788.29	919.14	777.65
PTHR11937	14443.01	13820.03	20714.85	1155.96	978.05
PTHR11938	17706.33	17350.31	17616.04	633.97	536.37
PTHR13683	27102.94	26079.46	8606.86	554.63	469.27
PTHR24089	48738.18	47136.32	18836.78	996.71	843.25
PTHR10796	3529.0	3439.98	260.0	12.7	10.74
PTHR10794	6955.32	6777.28	1264.09	52.79	44.65
PTHR10795	24108.77	23041.11	8988.14	765.08	647.26
PTHR10792	2070.88	1937.39	4574.99	463.89	392.48
PTHR10799	44398.77	42218.75	5403.62	377.67	319.55
PTHR10882	900.42	855.93	418.82	39.72	33.61
PTHR10887	26535.96	25112.23	3729.6	272.79	230.8
PTHR11686	4091.32	3957.81	850.99	52.89	44.75
PTHR11685	9354.4	8998.52	9467.33	393.79	333.16
PTHR11680	6492.86	6270.32	12135.89	756.53	640.08
PTHR24221	30351.68	29328.11	7716.11	450.15	380.86
PTHR24220	7723.06	7456.05	2849.47	182.58	154.47
PTHR24223	32174.49	30839.8	47851.8	2151.7	1820.46
PTHR11689	15685.29	15329.32	2410.01	69.29	58.62
PTHR10252	3094.41	2960.91	3018.9	214.07	181.12
PTHR31173	1696.98	1607.98	728.0	110.52	93.51
PTHR12538	1071.81	982.87	6784.24	763.5	645.97
PTHR10625	9147.95	8792.01	1723.41	141.26	119.5
PTHR31606	740.0	695.49	391.76	45.81	38.75
PTHR31356	6341.17	6029.7	10476.24	1006.01	851.14
PTHR31352	10234.88	10012.35	11881.8	390.74	330.61
PTHR31350	2754.83	2621.31	2186.16	184.89	156.44
PTHR11758	827.0	782.49	5685.67	590.29	499.42
PTHR23333	959.73	915.23	440.62	39.07	33.05
PTHR11751	17579.08	16867.11	12200.79	826.66	699.43
PTHR11753	3744.53	3566.51	2632.23	241.47	204.31
PTHR11752	28439.97	27638.94	8093.3	391.37	331.12
PTHR11206	10002.32	9690.86	2884.85	160.11	135.45
PTHR23338	3437.41	3303.89	2544.19	183.63	155.36
PTHR24420	647267.46	619194.47	257682.67	13659.73	11557.06
PTHR10332	1706.31	1661.82	561.0	27.31	23.1
PTHR14140	2403.0	2269.51	115.0	8.78	7.43
PTHR14145	3618.13	3484.6	2443.47	188.96	159.88
PTHR13600	1418.95	1374.44	544.0	32.04	27.11
PTHR12848	3195.91	3062.45	1041.53	80.73	68.3
PTHR31066	683.0	638.5	26.0	3.31	2.8
PTHR15744	1697.62	1653.11	698.0	34.16	28.9
PTHR13604	1426.49	1337.52	213.0	28.35	23.98
PTHR23029	10947.31	10457.91	3017.7	220.3	186.4
PTHR23023	1045.82	956.86	3533.86	447.7	378.78
PTHR31142	3000.11	2866.59	2047.3	176.93	149.69
PTHR12847	4512.44	4334.42	817.76	59.85	50.64
PTHR11119	2073.46	1984.48	1899.25	163.37	138.22
PTHR12841	1298.0	1253.49	324.0	20.93	17.71
PTHR31595	3373.85	3240.38	323.0	28.51	24.12
PTHR31596	447.52	403.05	23.0	4.67	3.95
PTHR15948	1462.91	1418.41	577.99	32.98	27.91
PTHR32026	27892.87	26824.79	11572.96	704.51	596.08
PTHR31829	1344.13	1299.62	1292.08	80.51	68.11
PTHR19241	46801.44	45021.77	13498.62	667.77	565.0
PTHR14894	2317.0	2272.49	366.9	13.05	11.04
PTHR15239	2923.84	2745.83	389.07	45.4	38.41
PTHR19854	2264.13	2175.12	279.0	20.96	17.74
PTHR32497	2583.0	2538.49	633.0	20.14	17.04
PTHR12497	2120.09	1986.61	120.0	16.23	13.74
PTHR12304	1774.0	1729.49	776.0	36.29	30.7
PTHR30540	7223.91	6912.42	3209.37	144.52	122.27
PTHR13302	2885.0	2795.98	820.67	51.13	43.26
PTHR12472	1344.85	1255.89	148.0	18.72	15.84
PTHR13308	2721.15	2587.64	703.02	65.44	55.38
PTHR12477	4309.08	4175.57	2121.02	124.74	105.54
PTHR32148	1791.17	1702.2	6057.02	749.97	634.52
PTHR13878	2041.85	1997.35	977.42	39.56	33.47
PTHR21461	34749.92	33726.39	9602.26	504.16	426.55
PTHR13872	6091.4	5868.9	14209.57	1873.13	1584.8
PTHR22849	14283.14	13838.17	4145.18	178.69	151.18
PTHR21314	1611.0	1566.49	108.78	5.62	4.75
PTHR13271	35766.16	34431.11	8497.92	475.84	402.6
PTHR22841	2339.2	2250.19	1794.01	127.92	108.24
PTHR13273	1107.38	1062.88	448.27	34.19	28.93
PTHR22847	26474.24	25495.12	10615.27	633.66	536.13
PTHR22846	1406.41	1317.41	287.92	30.63	25.91
PTHR22844	8855.0	8454.47	1845.68	137.91	116.68
PTHR23284	1576.0	1531.49	1430.99	75.61	63.97
PTHR21266	14665.48	14042.67	4958.03	279.14	236.18
PTHR12271	4105.52	3972.01	1195.29	80.18	67.84
PTHR21262	10821.33	10509.85	4734.75	131.21	111.01
PTHR12276	3409.0	3319.98	1618.93	67.72	57.29
PTHR10657	1392.45	1303.43	3128.25	392.8	332.34
PTHR16557	3383.42	3249.9	454.0	34.7	29.37
PTHR10655	2274.32	2185.3	1417.22	88.39	74.78
PTHR10652	3051.76	2918.24	3542.92	278.6	235.7
PTHR17972	2651.05	2562.13	659.44	37.25	31.51
PTHR21085	1493.0	1448.49	974.01	54.42	46.05
PTHR11922	5872.46	5694.43	2968.3	156.06	132.03
PTHR12505	2225.86	2136.84	914.14	67.34	56.97
PTHR10438	15422.33	14754.8	12515.66	1142.49	966.62
PTHR11926	7398.88	7131.86	1024.11	52.08	44.07
PTHR11431	3005.23	2916.23	6112.34	335.5	283.86
PTHR10436	8567.5	8122.6	1313.15	116.59	98.63
PTHR10434	3057.9	2968.89	588.98	31.71	26.83
PTHR24096	13962.44	13650.93	9175.71	312.38	264.3
PTHR13018	17079.07	16723.15	7726.97	245.8	207.98
PTHR24095	20315.72	19781.66	8314.47	287.76	243.47
PTHR24092	21490.28	20644.93	9098.25	509.36	430.96
PTHR24093	52989.28	51298.27	27713.23	1228.08	1039.05
PTHR10758	3656.37	3567.35	5687.93	267.41	226.25
PTHR13451	1056.46	1011.99	316.03	25.32	21.42
PTHR13452	761.2	716.7	551.28	62.53	52.91
PTHR10759	837.99	793.48	7075.65	724.34	612.84
PTHR12901	909.0	864.49	195.0	18.31	15.49
PTHR12903	2395.16	2306.14	6289.19	417.61	353.33
PTHR13992	730.0	685.49	11.0	1.31	1.1
PTHR23237	400.0	355.52	511.07	117.84	99.7
PTHR10501	2011.88	1922.87	775.03	65.4	55.33
PTHR31169	2884.44	2750.94	388.82	33.53	28.37
PTHR12277	5289.82	5156.31	5485.39	251.81	213.04
PTHR14087	797.38	752.88	92.01	9.93	8.4
PTHR14085	2051.0	2006.49	507.35	20.44	17.29
PTHR31344	1733.38	1644.37	307.17	29.81	25.22
PTHR23306	3786.22	3697.21	685.86	23.8	20.13
PTHR23305	1261.71	1217.21	704.0	46.85	39.64
PTHR11748	3289.71	3200.7	992.0	53.13	44.95
PTHR11742	6640.03	6373.03	916.0	48.0	40.6
PTHR11216	3452.85	3319.34	2086.08	140.21	118.62
PTHR11210	2562.43	2428.94	2240.06	235.56	199.3
PTHR14154	12002.35	11423.85	7192.52	718.93	608.25
PTHR10344	951.53	907.03	95.0	8.5	7.19
PTHR10343	7457.37	7190.31	3228.23	192.51	162.87
PTHR11699	11000.61	10733.62	7145.15	297.09	251.35
PTHR11692	893.41	848.92	1257.84	120.28	101.77
PTHR11693	3046.0	2956.98	17367.88	947.83	801.92
PTHR11695	16397.36	15774.29	9821.35	715.25	605.14
PTHR31760	1279.13	1234.62	339.0	22.24	18.82
PTHR31840	661.22	616.73	50.0	6.6	5.58
PTHR31906	10325.46	9969.4	3507.81	229.58	194.25
PTHR21419	1836.0	1791.49	831.98	37.56	31.77
PTHR23012	10238.46	9882.47	3978.58	207.23	175.33
PTHR11102	10072.97	9716.96	13140.19	683.6	578.38
PTHR11106	3859.6	3726.11	2247.36	155.9	131.9
PTHR31585	6157.5	5979.48	1476.22	66.84	56.55
PTHR32125	1313.71	1269.2	1163.07	74.22	62.79
PTHR31588	1968.15	1923.65	3730.77	156.8	132.66
PTHR32120	2092.0	2047.49	347.85	13.73	11.62
PTHR15680	1081.04	1036.53	4682.24	366.25	309.88
PTHR11804	5474.09	5251.59	3004.99	156.13	132.08
PTHR11374	1872.37	1827.86	508.58	22.5	19.04
PTHR11808	8574.79	8307.8	3615.09	178.75	151.22
PTHR12000	3043.95	2910.48	1069.0	118.5	100.26
PTHR18895	4355.01	4176.97	401.11	31.09	26.31
PTHR12169	2156.28	2111.77	297.0	11.37	9.62
PTHR12486	1939.09	1850.08	244.18	21.77	18.41
PTHR12480	4075.56	3897.6	521.03	39.85	33.72
PTHR12482	5445.63	5267.76	1899.24	100.19	84.77
PTHR12317	7205.96	6983.42	4023.02	197.32	166.96
PTHR12649	977.2	932.7	1934.99	168.32	142.41
PTHR10099	3950.17	3905.68	1761.01	36.39	30.79
PTHR12461	4219.21	4041.23	396.81	27.18	22.99
PTHR12466	1982.82	1893.87	279.04	23.65	20.0
PTHR10098	850.0	761.07	7.0	1.45	1.23
PTHR13847	9461.26	9105.25	11062.77	685.71	580.15
PTHR26312	6834.38	6611.85	2181.82	139.41	117.95
PTHR12001	5434.0	5255.96	1024.11	63.96	54.12
PTHR21327	2088.35	2043.84	1955.14	77.32	65.42
PTHR21631	6320.23	6097.71	41276.1	2053.4	1737.31
PTHR22854	2529.03	2440.01	1881.26	107.72	91.14
PTHR22855	6614.27	6480.79	6213.56	316.3	267.61
PTHR22850	16004.21	15559.15	4734.37	267.63	226.43
PTHR22504	1874.36	1829.86	5718.84	252.72	213.81
PTHR22915	13371.86	12793.34	13832.21	669.25	566.22
PTHR21256	3005.68	2916.67	1892.02	98.28	83.15
PTHR12265	648.0	603.5	72.0	9.71	8.22
PTHR12266	3682.0	3592.98	1307.0	67.76	57.33
PTHR10648	2965.71	2876.73	7872.91	324.66	274.69
PTHR30178	2783.03	2694.02	2173.52	133.79	113.19
PTHR10641	15055.6	14121.26	19656.46	1070.14	905.43
PTHR19842	849.02	804.53	1977.42	199.59	168.87
PTHR10644	10369.44	10057.96	3491.5	158.1	133.77
PTHR30535	8135.74	7824.2	4298.02	262.26	221.87
PTHR12864	1834.0	1744.98	144.0	13.2	11.17
PTHR12860	2164.0	2074.98	834.22	64.68	54.71
PTHR13194	4996.64	4818.64	908.0	48.03	40.64
PTHR13193	694.5	649.99	269.31	33.71	28.52
PTHR11913	683.0	638.5	3548.26	452.26	382.64
PTHR11911	7423.19	7111.69	6875.15	448.81	379.72
PTHR11910	1844.54	1755.52	9128.05	863.97	730.97
PTHR12919	1213.0	1124.01	724.0	76.54	64.76
PTHR12910	1919.37	1830.35	1963.55	148.53	125.67
PTHR12917	1953.0	1908.49	1252.0	53.04	44.87
PTHR11351	3153.66	2975.68	1217.72	68.33	57.82
PTHR11353	22111.9	21488.95	38609.21	1574.3	1331.98
PTHR11599	11638.7	11193.67	15809.18	1176.84	995.68
PTHR10516	17733.91	16977.37	20717.41	1552.31	1313.36
PTHR11592	4058.1	3924.63	3914.02	242.31	205.01
PTHR11659	1485.02	1440.54	438.44	24.63	20.84
PTHR31724	2461.74	2372.73	1458.72	74.59	63.11
PTHR13734	4132.74	3999.22	524.52	30.14	25.49
PTHR23315	59804.28	57535.24	14013.63	747.87	632.73
PTHR23316	3685.11	3596.1	8151.1	379.77	321.31
PTHR11778	3842.88	3753.87	2532.76	106.25	89.9
PTHR11777	6790.33	6612.29	5822.46	156.53	132.44
PTHR11774	4148.61	3970.58	1284.11	95.1	80.48
PTHR11773	3617.57	3528.55	2245.44	102.35	86.6
PTHR11772	6602.35	6379.83	11193.88	719.32	608.6
PTHR10357	30894.65	30182.7	23045.25	846.56	716.28
PTHR10353	14384.66	13717.26	3117.14	168.01	142.17
PTHR10350	2435.27	2301.76	278.99	33.41	28.27
PTHR10351	1102.0	1057.49	8861.57	679.35	574.77
PTHR32557	1549.08	1504.59	1031.15	55.46	46.92
PTHR10359	6852.04	6540.54	725.98	71.98	60.9
PTHR32442	1074.07	1029.57	845.7	66.6	56.35
PTHR31750	3430.07	3296.58	974.28	75.49	63.86
PTHR23418	396.12	351.69	788.0	183.68	155.41
PTHR14189	1466.08	1421.64	684.05	38.94	32.94
PTHR21021	1366.97	1322.47	490.07	30.01	25.39
PTHR32228	1498.0	1453.49	324.0	18.04	15.26
PTHR31245	1314.05	1269.58	1708.79	108.99	92.22
PTHR23001	2088.0	2043.49	3391.33	134.15	113.5
PTHR23002	3786.0	3652.49	947.03	64.75	54.77
PTHR11177	5183.98	5050.45	1875.23	92.52	78.29
PTHR11178	3659.95	3526.42	2768.27	202.98	171.73
PTHR14456	1282.27	1193.28	209.05	30.28	25.62
PTHR31808	1512.51	1468.0	2069.88	114.11	96.55
PTHR13693	5413.19	5235.19	1443.3	89.47	75.7
PTHR11009	2960.46	2871.44	1181.95	64.43	54.51
PTHR19229	14705.33	14037.91	5497.29	461.41	390.39
PTHR11482	7733.53	7511.02	14910.33	302.0	255.51
PTHR11005	7600.44	7244.44	3325.1	214.95	181.85
PTHR18640	2390.14	2345.64	133.0	4.58	3.88
PTHR18866	11293.57	10848.54	6943.88	503.98	426.42
PTHR12022	756.0	711.49	2770.78	316.62	267.88
PTHR15074	2983.0	2938.49	5254.29	144.39	122.17
PTHR15588	2557.51	2468.51	1661.49	112.93	95.56
PTHR12677	5216.4	5038.55	2874.0	212.95	180.17
PTHR19134	2895.86	2806.84	373.7	20.37	17.23
PTHR19879	2318.24	2184.76	289.0	31.03	26.26
PTHR30566	2684.83	2595.82	568.02	35.04	29.65
PTHR12456	827.82	738.86	25.0	5.21	4.42
PTHR12452	648.94	604.52	119.0	16.03	13.56
PTHR19359	1940.19	1851.18	571.87	49.67	42.03
PTHR12072	4416.53	4238.53	646.8	49.92	42.25
PTHR13218	1376.0	1331.49	415.0	25.24	21.35
PTHR13215	1293.04	1248.54	2664.03	172.82	146.22
PTHR13213	1700.23	1611.26	268.0	27.78	23.51
PTHR21530	3947.05	3813.56	1016.03	64.27	54.38
PTHR12298	8674.15	8362.62	1943.19	138.97	117.55
PTHR10638	3975.21	3841.83	431.39	25.42	21.5
PTHR10631	4442.45	4308.93	1225.85	65.01	55.01
PTHR10984	6794.86	6572.34	2564.68	145.19	122.83
PTHR12858	5547.81	5280.79	1431.0	141.46	119.66
PTHR13505	896.16	851.66	862.0	82.17	69.52
PTHR12856	1715.95	1626.94	667.65	67.32	56.95
PTHR12855	791.04	746.58	143.76	15.65	13.24
PTHR12854	1030.0	941.01	144.0	25.97	21.97
PTHR13190	2172.36	2083.36	344.85	20.89	17.67
PTHR13182	1911.0	1866.49	1359.47	58.89	49.83
PTHR10855	3515.75	3382.22	2070.18	135.31	114.48
PTHR10585	2379.04	2245.54	810.42	78.67	66.55
PTHR10743	1003.61	959.1	478.94	40.51	34.27
PTHR10742	21468.9	20756.89	8739.75	412.26	348.81
PTHR10745	2408.55	2364.04	1744.73	59.63	50.45
PTHR10744	1977.65	1844.22	9966.4	1206.46	1020.75
PTHR10746	2751.32	2662.32	6123.5	379.82	321.35
PTHR11099	2212.0	2167.49	1133.48	42.26	35.76
PTHR12924	1265.3	1220.8	1131.18	75.06	63.5
PTHR11627	3800.28	3666.8	5815.77	382.83	323.9
PTHR11525	352.0	307.53	1.0	0.27	0.23
PTHR11349	980.64	936.13	54.0	4.68	3.96
PTHR10566	23553.68	22575.02	5549.28	301.34	254.96
PTHR11588	7414.3	7236.26	2961.49	130.14	110.11
PTHR10291	1702.32	1657.82	324.0	15.81	13.38
PTHR11584	7379.23	7067.81	1797.51	102.96	87.1
PTHR11586	1042.51	998.01	1767.27	143.6	121.5
PTHR11909	7420.45	7197.91	11482.3	520.83	440.66
PTHR24320	1635.06	1590.6	358.0	18.21	15.41
PTHR24322	18582.71	17781.65	8484.02	605.74	512.52
PTHR11907	3388.16	3299.18	1972.35	86.62	73.28
PTHR11760	1273.0	1184.0	22.0	2.82	2.39
PTHR11761	1876.79	1787.79	14236.25	2037.67	1724.0
PTHR11766	2670.23	2581.21	1010.01	62.02	52.48
PTHR11767	10059.84	9748.32	4908.27	196.26	166.05
PTHR10361	3707.61	3574.1	663.0	44.98	38.07
PTHR10366	40508.45	39262.38	40365.31	2110.14	1785.32
PTHR10169	10091.09	9824.05	1681.56	83.27	70.44
PTHR10168	5647.14	5424.61	3958.35	355.66	300.91
PTHR20973	1192.62	1148.14	176.0	12.42	10.51
PTHR10165	2288.26	2199.25	1425.15	102.52	86.74
PTHR31032	2950.83	2861.84	1708.47	85.68	72.5
PTHR23257	32362.68	31161.23	17766.79	1036.5	876.97
PTHR23253	2255.09	2166.08	1366.35	137.95	116.72
PTHR14190	2787.91	2743.41	224.0	6.59	5.58
PTHR14194	6547.44	6325.0	845.71	53.36	45.14
PTHR31251	3209.0	3075.5	355.94	29.4	24.88
PTHR23074	13363.86	12607.58	5314.7	422.91	357.78
PTHR23077	13236.76	12747.25	8781.61	341.61	289.03
PTHR23076	18215.39	17725.88	25117.22	1179.7	998.11
PTHR12561	1029.16	984.66	29.0	2.39	2.02
PTHR23073	8633.65	8322.21	9641.87	529.28	447.8
PTHR12560	1123.63	1079.12	338.0	25.39	21.48
PTHR23078	2932.0	2887.49	880.0	24.61	20.82
PTHR11165	2815.91	2682.4	5494.3	439.05	371.47
PTHR10772	3103.42	2969.89	13011.0	1014.38	858.23
PTHR32100	4724.92	4591.4	2284.99	115.35	97.61
PTHR14534	955.91	911.4	388.0	34.55	29.23
PTHR14445	3042.13	2908.63	1398.49	101.66	86.0
PTHR23109	3450.59	3317.1	679.0	48.41	40.97
PTHR31811	1837.43	1792.93	749.1	33.79	28.59
PTHR23102	3550.27	3461.26	1862.21	68.89	58.29
PTHR23105	6830.29	6518.78	16667.32	1476.94	1249.59
PTHR11010	3993.3	3904.3	872.26	36.66	31.02
PTHR12668	3741.14	3607.64	3005.87	195.86	165.71
PTHR12661	1131.19	1086.69	747.88	55.78	47.19
PTHR12663	4567.0	4477.98	260.0	7.4	6.26
PTHR12664	544.59	500.1	271.98	44.37	37.54
PTHR16166	31913.87	31246.33	6525.86	210.5	178.12
PTHR12111	771.27	726.77	155.0	17.34	14.67
PTHR12446	2859.0	2681.06	235.0	23.29	19.72
PTHR12447	2119.63	2030.62	261.12	20.85	17.65
PTHR15481	850.0	805.49	234.0	23.59	19.96
PTHR26379	2228.18	2183.68	574.92	21.28	18.0
PTHR12599	1416.04	1371.54	709.43	41.88	35.43
PTHR12596	5470.68	5337.15	2177.04	52.95	44.81
PTHR12590	1006.24	961.73	336.17	28.35	23.99
PTHR12066	1119.18	1074.67	47.0	3.55	3.0
PTHR12064	6893.4	6581.96	1602.53	149.4	126.4
PTHR13226	521.83	477.34	147.0	25.14	21.27
PTHR13889	1600.43	1555.92	1250.95	65.05	55.04
PTHR13887	1334.95	1290.44	668.87	41.98	35.51
PTHR21181	1723.19	1634.17	726.09	82.4	69.72
PTHR13948	3223.0	3045.04	602.99	60.75	51.41
PTHR10459	5641.58	5374.57	492.01	39.11	33.09
PTHR11453	3214.32	3080.82	651.97	72.82	61.62
PTHR19306	5069.81	4936.39	642.81	38.84	32.87
PTHR21506	2585.84	2496.83	622.0	40.24	34.04
PTHR12280	5914.1	5691.58	3781.72	304.23	257.4
PTHR12281	3261.37	3127.85	1757.26	133.78	113.19
PTHR12286	2254.46	2165.47	675.98	50.98	43.13
PTHR30573	2332.0	2287.49	369.0	13.03	11.03
PTHR22983	7858.0	7546.45	455.0	32.78	27.75
PTHR22981	8452.33	8140.81	4881.72	306.85	259.61
PTHR30191	2638.48	2593.97	379.0	11.8	9.99
PTHR13082	932.0	887.49	280.0	25.61	21.66
PTHR10629	6155.95	5844.45	574.38	53.76	45.48
PTHR10994	36125.31	34968.22	9522.43	539.81	456.73
PTHR10996	9740.61	9384.81	4204.66	230.67	195.16
PTHR10997	13336.86	12980.85	4318.0	179.31	151.72
PTHR10992	46815.12	45213.12	21757.54	1313.39	1111.22
PTHR10993	1579.0	1489.98	144.0	15.71	13.29
PTHR17695	2618.31	2484.82	125.0	13.88	11.75
PTHR12849	1730.5	1686.0	754.96	36.22	30.64
PTHR21712	1100.29	1055.78	471.1	36.17	30.61
PTHR21294	1127.0	1082.49	1401.99	104.98	88.82
PTHR21290	3230.76	3052.78	826.3	75.91	64.23
PTHR21349	2499.87	2410.87	289.96	14.26	12.07
PTHR21347	1352.44	1307.94	539.22	33.38	28.24
PTHR21343	2372.02	2238.57	239.0	20.97	17.75
PTHR10196	6381.79	6159.25	1646.0	104.25	88.22
PTHR10192	1251.98	1207.51	839.74	56.33	47.66
PTHR10751	10603.0	10202.5	1432.24	68.23	57.73
PTHR10755	2854.0	2764.98	612.23	37.82	31.99
PTHR13152	1355.84	1311.33	461.95	28.53	24.13
PTHR12932	970.0	925.49	106.0	9.29	7.86
PTHR12934	2603.49	2514.48	6545.69	457.33	386.93
PTHR11451	7318.76	7140.77	7105.71	328.78	278.17
PTHR10288	4044.82	3777.83	916.07	97.92	82.86
PTHR11800	2643.67	2554.66	380.84	24.29	20.55
PTHR11802	7673.08	7361.54	792.06	65.56	55.47
PTHR12891	2053.77	1920.27	585.0	67.41	57.02
PTHR11807	3363.84	3230.36	407.0	31.97	27.03
PTHR10281	4547.0	4413.55	4276.98	187.99	159.05
PTHR10283	6904.0	6681.5	2262.32	114.17	96.61
PTHR10285	11318.62	10962.55	3839.5	208.18	176.13
PTHR10286	12432.61	11765.25	1035.87	91.74	77.61
PTHR11579	3180.41	3091.4	827.0	49.34	41.74
PTHR13718	3749.27	3571.27	10341.76	1423.69	1204.53
PTHR13711	6865.22	6598.25	2076.81	118.77	100.5
PTHR13710	11549.72	11060.24	6331.53	258.93	219.08
PTHR11977	2927.63	2883.13	586.0	16.41	13.89
PTHR11972	1547.33	1502.84	590.95	31.82	26.92
PTHR31480	1123.62	1079.12	79.0	5.93	5.02
PTHR31485	6124.56	5902.02	1279.48	85.0	71.92
PTHR11715	717.39	672.91	1908.54	230.7	195.19
PTHR11717	2275.61	2186.61	950.96	75.83	64.16
PTHR11711	15454.89	15009.83	33160.63	2069.56	1750.97
PTHR11712	4170.93	4081.91	2450.27	89.26	75.52
PTHR10374	4539.68	4406.15	4315.22	219.4	185.63
PTHR10178	7374.85	7018.85	847.16	68.63	58.07
PTHR20961	18580.71	17868.78	4284.43	277.77	235.02
PTHR10173	4743.48	4520.95	4837.57	472.82	400.05
PTHR10177	10360.88	10049.35	1253.0	62.23	52.65
PTHR10174	11732.71	11376.72	5811.2	353.95	299.44
PTHR23249	1472.37	1383.36	947.51	106.73	90.29
PTHR23244	11374.07	10929.18	5766.29	355.56	300.83
PTHR23245	5093.32	4870.8	580.36	53.97	45.66
PTHR23240	4164.47	3897.58	181.0	13.1	11.07
PTHR14614	9569.37	9213.53	1622.36	115.34	97.58
PTHR31268	9228.84	8872.86	3539.53	125.44	106.14
PTHR31262	1451.3	1318.03	118876.17	13261.57	11220.17
PTHR23063	7975.47	7797.45	5370.28	229.97	194.57
PTHR11620	1060.0	1015.49	10456.2	834.96	706.43
PTHR11624	6730.0	6507.48	22026.8	1464.32	1238.92
PTHR11390	3721.17	3587.67	422.0	28.24	23.89
PTHR31620	5581.53	5403.52	3682.34	188.35	159.35
PTHR31319	2756.41	2667.4	698.37	59.52	50.36
PTHR14052	1266.18	1221.67	452.0	29.97	25.36
PTHR32118	2006.0	1961.49	1738.07	71.63	60.61
PTHR14152	430.0	385.51	32.0	6.8	5.75
PTHR23117	2971.6	2882.6	997.87	76.3	64.56
PTHR23115	31156.48	30221.9	112176.02	5218.35	4415.08
PTHR11028	1331.0	1286.49	2456.37	154.62	130.82
PTHR11024	2828.73	2739.72	1892.83	114.51	96.89
PTHR12616	952.23	907.73	333.01	29.77	25.19
PTHR12613	961.28	916.77	1290.38	114.2	96.62
PTHR12612	1093.0	1048.49	6864.63	530.8	449.09
PTHR32060	3515.73	3426.73	1400.62	54.8	46.37
PTHR12126	2799.09	2710.07	3407.72	194.77	164.79
PTHR12124	4996.2	4818.17	263.0	16.18	13.67
PTHR22734	2900.14	2811.12	1205.53	68.45	57.9
PTHR12121	8670.67	8359.19	2328.73	131.88	111.59
PTHR12438	1187.89	1098.88	135.0	18.91	16.0
PTHR15492	2045.69	2001.18	316.08	12.77	10.8
PTHR21426	4894.33	4716.33	1682.05	87.69	74.18
PTHR21427	1131.0	1086.49	355.52	26.52	22.44
PTHR19372	1596.0	1551.49	541.81	28.26	23.91
PTHR19370	7684.17	7417.2	3252.85	173.27	146.59
PTHR19376	13857.58	13412.67	4697.33	181.82	153.83
PTHR19375	20453.31	19830.38	26336.26	953.71	806.9
PTHR12725	2721.06	2632.05	3184.59	171.97	145.5
PTHR22884	25444.91	24288.13	3238.85	215.84	182.63
PTHR22883	18463.17	17929.11	6145.72	343.86	290.93
PTHR22881	1110.54	1066.03	687.18	52.26	44.21
PTHR12542	30444.7	29421.17	12421.39	743.18	628.79
PTHR12547	4641.67	4463.71	1625.0	61.37	51.92
PTHR12436	4168.01	3990.04	514.92	42.18	35.7
PTHR21512	4231.52	4053.49	424.0	28.98	24.51
PTHR12965	3282.69	3149.19	550.99	47.07	39.83
PTHR14744	1650.81	1606.3	715.86	36.05	30.5
PTHR30502	1907.57	1863.07	423.0	18.36	15.53
PTHR10961	1832.23	1787.75	169.0	7.64	6.47
PTHR10617	7622.6	7355.66	17337.94	875.21	740.47
PTHR10615	3352.98	3219.46	1264.81	58.41	49.42
PTHR13527	601.76	557.25	142.05	20.77	17.58
PTHR22958	1654.94	1610.43	256.0	12.86	10.88
PTHR22951	4375.86	4286.86	1621.53	58.36	49.38
PTHR22950	22176.65	21464.61	7101.25	414.27	350.48
PTHR22953	7542.11	7364.1	1458.96	73.68	62.35
PTHR22952	22915.21	22025.5	34827.76	2019.52	1708.61
PTHR22957	18606.32	17894.32	4976.28	336.89	285.04
PTHR21600	2425.18	2336.16	364.29	31.74	26.86
PTHR24056	13884.28	13439.3	7162.02	406.48	343.92
PTHR24054	2353.8	2264.79	2793.58	134.32	113.65
PTHR24055	10021.52	9621.05	8199.33	441.93	373.9
PTHR24058	7657.17	7345.63	4799.46	280.93	237.67
PTHR10766	11438.95	11127.4	18054.54	894.86	757.12
PTHR10762	3807.85	3674.33	202.0	14.5	12.27
PTHR30031	6583.51	6361.0	40365.65	2721.88	2302.9
PTHR12945	1377.69	1333.18	203.0	12.33	10.43
PTHR12944	2269.62	2180.64	628.0	47.04	39.8
PTHR24128	1737.06	1648.05	279.0	27.89	23.59
PTHR13096	2929.03	2840.02	143.06	6.11	5.17
PTHR11364	1651.81	1607.3	1496.76	75.34	63.74
PTHR11365	2927.16	2838.22	1563.1	86.84	73.48
PTHR10548	5005.5	4827.52	9330.26	609.63	515.79
PTHR11817	11410.12	11054.06	15551.69	773.71	654.6
PTHR11814	9792.22	9525.18	2172.22	79.38	67.15
PTHR11363	1956.93	1912.42	14501.16	613.05	518.68
PTHR10543	3538.0	3404.47	44.0	2.99	2.53
PTHR11819	4716.54	4627.52	3008.38	110.09	93.15
PTHR10544	798.87	754.36	4703.28	506.65	428.66
PTHR11562	8837.16	8614.65	2871.59	125.42	106.13
PTHR11566	14910.19	14554.26	4010.71	169.76	143.62
PTHR11567	2351.24	2173.25	336.0	46.12	39.02
PTHR11564	8047.13	7869.13	5155.53	212.35	179.66
PTHR11962	3169.66	3080.65	785.0	40.21	34.02
PTHR11963	2615.0	2525.98	883.14	53.03	44.87
PTHR24315	1115.0	1070.49	489.01	37.03	31.33
PTHR10381	7292.72	7070.24	13260.34	867.24	733.74
PTHR10383	3171.44	3082.42	1392.64	69.9	59.14
PTHR24316	6214.91	5992.91	1107.0	63.04	53.33
PTHR11702	9586.52	9186.05	3822.16	302.63	256.06
PTHR11700	2789.97	2612.0	14040.28	1321.79	1118.32
PTHR10388	994.77	950.27	16115.36	1375.77	1164.0
PTHR11934	2683.0	2593.98	2425.95	152.03	128.62
PTHR10145	2530.85	2441.89	1261.0	60.58	51.26
PTHR23273	2474.69	2385.67	291.0	19.54	16.54
PTHR12050	969.96	925.45	743.88	65.22	55.18
PTHR23163	3439.0	3394.49	3318.03	78.91	66.76
PTHR23050	1096.43	1051.92	12642.62	974.37	824.38
PTHR23056	2368.78	2279.76	1257.62	90.33	76.42
PTHR23054	8260.41	7904.43	2785.56	191.43	161.96
PTHR11638	14716.79	14449.8	25809.43	719.37	608.65
PTHR31783	3907.78	3774.26	607.73	34.96	29.59
PTHR23291	4733.65	4555.65	5457.48	386.27	326.81
PTHR23293	5317.42	5183.89	4255.3	194.76	164.78
PTHR11140	5104.0	5014.98	4004.02	144.84	122.54
PTHR11141	5404.55	5226.54	1375.17	87.82	74.3
PTHR11142	8001.16	7645.26	1355.96	101.38	85.76
PTHR11143	839.0	794.49	7436.35	760.29	643.26
PTHR11380	724.23	679.75	367.99	44.03	37.25
PTHR11384	13014.88	12525.36	3130.56	172.1	145.62
PTHR32477	2098.67	2009.75	420.0	34.23	28.96
PTHR14043	5238.77	5016.3	1501.96	120.28	101.78
PTHR32472	1349.0	1304.49	539.23	33.47	28.32
PTHR31658	3021.3	2843.32	787.86	96.0	81.24
PTHR13890	10789.27	10211.05	1826.45	165.72	140.22
PTHR14269	1437.0	1392.49	206.0	11.98	10.13
PTHR23125	48025.04	46689.92	106909.44	4030.9	3410.4
PTHR19211	13968.41	13478.98	405231.51	12491.85	10568.94
PTHR12608	5342.77	5120.25	2558.77	210.95	178.49
PTHR12604	1180.47	1135.96	249.0	17.76	15.03
PTHR12603	3903.0	3769.48	2867.57	124.92	105.69
PTHR32091	2161.54	2028.03	635.7	73.62	62.29
PTHR23339	5236.94	5147.92	1524.49	35.51	30.05
PTHR32098	2196.14	2151.63	529.0	19.87	16.81
PTHR18763	1412.55	1368.05	837.04	49.53	41.9
PTHR22726	1425.02	1380.51	362.0	21.23	17.96
PTHR22727	9467.0	9333.47	2226.02	51.1	43.23
PTHR12428	4087.07	3998.07	6633.99	256.04	216.62
PTHR18968	5158.96	4892.15	4603.32	197.07	166.74
PTHR12730	1925.0	1880.49	314.04	13.5	11.42
PTHR12736	1378.78	1245.49	63.0	13.0	11.01
PTHR12735	2625.0	2491.48	1147.11	101.79	86.12
PTHR15020	3177.4	3043.88	1461.06	103.98	87.98
PTHR12049	3722.89	3589.38	874.14	61.76	52.26
PTHR12558	8257.14	7990.09	1964.99	130.25	110.22
PTHR12553	13564.32	13208.27	2159.42	88.48	74.85
PTHR10497	1225.4	1136.4	13092.97	1471.24	1244.77
PTHR24073	19099.3	18431.78	29100.43	1984.29	1678.84
PTHR21569	2872.49	2738.96	9331.26	952.38	805.78
PTHR21567	4262.0	4083.98	156.96	10.96	9.27
PTHR13950	3073.3	2895.28	1037.27	122.29	103.47
PTHR12133	1391.84	1347.34	474.36	28.5	24.12
PTHR10972	5063.51	4929.99	1962.7	99.12	83.88
PTHR21704	5091.47	5046.97	2065.8	33.02	27.94
PTHR10606	2493.22	2448.71	593.24	19.57	16.56
PTHR10971	3062.63	2973.62	1742.88	95.87	81.12
PTHR22942	9664.26	9308.24	2486.58	140.69	119.03
PTHR11728	1827.65	1783.14	2038.96	92.47	78.23
PTHR13395	1086.42	997.46	104.0	17.09	14.46
PTHR31803	1643.75	1599.25	2265.57	114.6	96.96
PTHR22891	9109.23	8842.23	4312.94	214.3	181.32
PTHR21368	1616.0	1526.99	4325.33	392.66	332.21
PTHR30508	3990.54	3901.56	3203.27	145.11	122.78
PTHR24067	21007.28	20161.74	21877.91	1809.1	1530.59
PTHR24064	7576.65	7354.12	1576.72	63.92	54.1
PTHR24063	11204.19	10803.75	2126.01	139.68	118.18
PTHR21011	3065.15	2931.63	4352.39	343.76	290.84
PTHR25040	5856.72	5678.68	19389.06	1107.66	937.16
PTHR10774	31855.62	30654.13	41147.17	3807.89	3221.76
PTHR24068	2482.42	2348.91	5059.02	458.5	387.92
PTHR12959	2495.48	2450.98	541.51	17.85	15.1
PTHR24115	28293.31	27314.32	3731.68	181.11	153.24
PTHR11825	8381.25	8158.72	5294.91	259.28	219.37
PTHR10809	1375.51	1331.0	2260.05	137.49	116.32
PTHR11822	2043.0	1998.49	1751.35	70.84	59.94
PTHR10555	4010.77	3877.25	1105.82	63.68	53.88
PTHR10806	1003.0	958.49	539.7	45.68	38.65
PTHR10804	14303.97	13814.43	11249.66	637.74	539.57
PTHR11556	5329.03	5106.5	6988.54	542.03	458.6
PTHR11006	6914.12	6647.11	1594.47	105.46	89.22
PTHR22838	1028.94	984.49	1559.57	128.46	108.69
PTHR11558	2543.0	2453.98	2436.78	135.95	115.02
PTHR13773	1791.28	1746.78	613.0	28.38	24.01
PTHR20275	1952.13	1907.63	668.12	28.32	23.96
PTHR10537	875.62	831.13	128.0	12.5	10.58
PTHR11953	1170.04	1125.53	632.15	45.52	38.51
PTHR11956	2714.0	2624.98	1395.79	84.01	71.07
PTHR11959	3756.81	3623.28	1635.01	120.84	102.24
PTHR11739	3002.61	2913.6	5838.0	259.79	219.8
PTHR11732	19215.13	18547.66	7296.36	473.83	400.87
PTHR11731	11766.56	11455.14	5950.94	284.07	240.34
PTHR11730	8348.34	8036.93	5182.73	170.36	144.12
PTHR11735	3631.85	3498.37	457.0	34.75	29.4
PTHR10394	1156.59	1112.08	10744.44	783.03	662.5
PTHR20941	1716.57	1627.6	282.04	26.37	22.31
PTHR10150	2779.31	2645.81	287.99	28.41	24.03
PTHR31065	1174.45	1129.96	813.1	58.31	49.33
PTHR10159	13089.31	12599.85	7547.72	463.3	391.99
PTHR10122	1060.7	1016.2	3208.43	256.02	216.61
PTHR23264	4583.83	4450.33	2498.6	128.55	108.77
PTHR23269	1666.74	1533.26	170.0	26.98	22.83
PTHR31204	720.0	675.49	156.97	18.9	15.99
PTHR31201	3985.24	3896.23	4295.27	188.94	159.85
PTHR31209	870.91	826.43	330.0	32.42	27.43
PTHR11607	11925.95	11392.11	5366.49	315.55	266.99
PTHR11606	2197.0	2152.49	9267.51	347.96	294.4
PTHR11601	5579.97	5402.01	2380.35	148.11	125.33
PTHR32467	1606.2	1517.22	307.0	41.37	35.0
PTHR23130	21278.95	20566.91	6385.78	376.12	318.22
PTHR23133	1369.0	1324.49	1052.57	64.35	54.44
PTHR23135	5625.02	5447.0	1670.31	99.05	83.79
PTHR23138	2207.88	2118.87	2756.48	222.37	188.15
PTHR23139	3311.59	3133.57	1388.11	151.09	127.83
PTHR31682	2656.19	2522.71	753.0	44.09	37.3
PTHR11040	6256.17	6033.65	2437.04	144.48	122.24
PTHR11043	2113.7	2024.69	1646.21	124.3	105.17
PTHR11042	4765.05	4542.66	541.0	50.38	42.63
PTHR11048	6857.19	6634.66	1971.29	135.8	114.89
PTHR15818	1677.83	1588.82	121.01	12.34	10.44
PTHR12636	1339.6	1295.09	468.74	29.31	24.8
PTHR14490	822.36	733.39	49.33	10.84	9.17
PTHR14493	6579.13	6356.6	1244.0	64.5	54.59
PTHR15651	4235.01	4146.0	792.02	35.78	30.27
PTHR12380	2282.94	2193.92	1584.22	116.89	98.9
PTHR12385	2565.05	2520.55	490.01	15.7	13.29
PTHR12706	5829.0	5473.0	200.0	20.01	16.94
PTHR12709	793.18	748.68	155.0	16.82	14.23
PTHR19957	13000.37	12555.43	4786.17	242.03	204.76
PTHR30239	2326.62	2237.6	1230.01	87.48	74.02
PTHR11203	9955.79	9688.74	1879.49	102.85	87.02
PTHR12770	2210.0	2120.98	125.02	8.39	7.09
PTHR12097	3585.0	3540.49	2287.27	52.15	44.12
PTHR11200	13311.45	12777.6	5450.4	259.93	219.92
PTHR21576	18406.7	17694.74	3722.73	240.29	203.32
PTHR24423	48299.83	46431.1	90456.36	2741.77	2319.67
PTHR10046	5967.03	5789.09	4841.55	234.54	198.44
PTHR12419	7271.19	6959.77	1194.92	108.35	91.65
PTHR11757	444.0	399.51	13.0	2.66	2.25
PTHR30525	1863.6	1819.1	1815.67	80.71	68.29
PTHR12413	2958.83	2869.83	493.0	28.04	23.73
PTHR12412	3002.15	2868.63	1751.0	139.31	117.85
PTHR12411	41006.93	39360.61	58799.18	3125.01	2643.97
PTHR12146	1060.0	1015.49	6334.42	505.82	427.96
PTHR12415	1252.08	1163.15	110.0	14.21	12.02
PTHR10947	1897.59	1853.09	3139.88	137.0	115.91
PTHR21717	4054.01	3920.51	688.98	53.02	44.86
PTHR10943	6532.14	6354.11	3798.82	207.81	175.82
PTHR12897	624.67	580.17	124.77	17.52	14.82
PTHR12894	3186.12	3052.65	891.84	75.77	64.1
PTHR22976	5264.67	5086.65	4102.91	272.13	230.25
PTHR22975	918.0	873.49	222.01	20.63	17.46
PTHR22970	1007.67	963.17	254.18	21.41	18.11
PTHR20922	2803.07	2714.05	5656.74	305.89	258.8
PTHR21377	2488.0	2398.98	5339.21	303.67	256.93
PTHR21371	1896.96	1852.46	7242.89	316.13	267.47
PTHR21373	3371.0	3281.99	231.0	8.39	7.1
PTHR22573	8697.12	8430.07	6023.95	251.57	212.85
PTHR22572	19441.63	18774.12	16475.21	770.62	651.99
PTHR13060	890.0	845.49	46.0	4.42	3.74
PTHR21000	2379.49	2334.98	1183.04	40.94	34.64
PTHR10701	750.0	705.49	164.0	18.9	15.99
PTHR13161	775.01	730.56	141.0	15.69	13.27
PTHR13162	5802.05	5535.15	7003.31	448.62	379.57
PTHR13165	2672.99	2583.98	450.0	28.34	23.98
PTHR21396	1200.0	1155.49	533.98	37.45	31.68
PTHR12459	3650.11	3516.61	567.0	20.25	17.13
PTHR10681	4547.55	4369.53	8883.45	686.26	580.61
PTHR24106	4145.61	4056.62	1642.0	73.4	62.1
PTHR24103	2043.09	1998.59	440.96	17.84	15.09
PTHR10683	2483.97	2394.96	4461.0	242.46	205.14
PTHR11540	1487.41	1398.43	238.0	26.98	22.83
PTHR10836	7446.2	7001.29	24745.13	1318.74	1115.72
PTHR10835	2406.81	2362.32	177.23	6.06	5.13
PTHR11545	3439.12	3261.13	14897.67	1201.98	1016.95
PTHR10012	812.79	768.31	115.01	12.16	10.29
PTHR13768	1169.54	1125.04	1568.08	112.95	95.57
PTHR24078	17200.64	16666.68	4459.39	239.96	203.04
PTHR11946	22917.54	22250.06	15583.03	761.69	644.44
PTHR11947	2392.06	2303.06	1131.46	60.04	50.79
PTHR11941	9603.51	9291.98	11013.67	600.34	507.92
PTHR24072	3220.6	3131.58	5215.55	306.82	259.59
PTHR10496	437.0	392.51	4.0	0.83	0.71
PTHR10491	1540.89	1496.38	347.18	18.78	15.89
PTHR24076	18142.89	17430.9	9469.29	596.45	504.62
PTHR24077	13190.23	12656.2	8232.94	627.37	530.79
PTHR11726	1403.7	1314.73	16649.92	1333.91	1128.57
PTHR11727	2250.01	2161.0	956.0	68.58	58.03
PTHR11721	896.48	851.97	11834.98	1127.77	954.17
PTHR11722	1179.0	1134.49	12471.0	890.8	753.68
PTHR10120	3802.79	3713.78	1170.96	50.38	42.62
PTHR11831	3175.8	2953.43	15796.16	1368.72	1158.02
PTHR11835	5095.78	4962.27	3496.45	161.86	136.94
PTHR11614	14037.96	13681.88	8400.31	401.11	339.37
PTHR11615	4866.36	4732.83	6128.64	243.76	206.24
PTHR11618	3445.65	3267.64	772.97	82.34	69.66
PTHR32419	6874.75	6696.72	8384.85	411.38	348.05
PTHR10231	6010.35	5832.33	2508.8	135.12	114.33
PTHR10233	4618.5	4440.53	2242.53	162.04	137.11
PTHR31503	3141.57	3052.58	1744.14	98.36	83.22
PTHR23147	1594.0	1504.99	1473.49	164.24	138.96
PTHR23140	2966.85	2877.9	815.05	44.36	37.53
PTHR23142	1757.52	1668.51	380.19	36.75	31.09
PTHR23149	529.43	484.95	461.03	77.59	65.64
PTHR23148	1411.22	1366.71	235.0	13.92	11.78
PTHR11361	21436.87	20546.92	3613.55	259.71	219.73
PTHR11056	3030.98	2941.96	2694.85	98.39	83.24
PTHR11055	3181.86	3092.84	593.99	34.57	29.25
PTHR32523	2176.72	2087.71	1452.05	98.14	83.03
PTHR10540	3317.63	3184.1	2846.93	193.63	163.82
PTHR22767	6690.81	6601.8	2961.34	86.56	73.24
PTHR12629	2312.56	2223.57	1074.93	53.34	45.14
PTHR18945	10287.6	9887.13	2190.24	164.45	139.15
PTHR26402	6175.19	5908.19	2107.83	122.41	103.57
PTHR19384	9450.36	8960.88	13767.79	884.4	748.26
PTHR12714	3798.51	3665.0	983.01	58.71	49.68
PTHR32251	2919.48	2785.97	1569.65	111.12	94.02
PTHR12570	2173.23	2084.21	418.0	32.39	27.41
PTHR21494	2221.62	2132.68	146.0	9.88	8.36
PTHR21496	3905.01	3771.5	952.67	63.7	53.9
PTHR21141	3957.31	3779.27	29147.82	2637.54	2231.53
PTHR21499	8267.31	8000.29	4568.61	154.74	130.91
PTHR21148	2074.07	1985.06	480.97	39.64	33.54
PTHR12083	1574.87	1530.36	76.97	4.07	3.44
PTHR13355	3486.93	3353.44	2313.78	164.91	139.53
PTHR13976	4126.87	3948.85	4031.74	346.33	293.03
PTHR19852	2679.0	2589.98	777.86	46.0	38.93
PTHR16128	3306.82	3217.82	572.89	31.43	26.59
PTHR12400	1103.67	1059.17	930.91	71.25	60.28
PTHR12403	1681.48	1592.46	1206.2	132.44	112.05
PTHR13572	1737.21	1692.71	476.97	22.79	19.28
PTHR30314	3850.64	3761.64	3252.04	149.67	126.63
PTHR12882	927.89	883.38	98.98	9.09	7.69
PTHR12883	1488.32	1443.82	752.99	42.21	35.71
PTHR16255	667.21	622.71	282.0	36.86	31.19
PTHR16254	9348.06	9081.01	3021.95	127.82	108.16
PTHR22960	2248.75	2159.73	558.55	39.7	33.59
PTHR13373	635.0	590.5	38.0	5.24	4.43
PTHR13375	1373.0	1283.99	109.0	13.83	11.7
PTHR22967	4105.62	3972.11	696.96	36.6	30.96
PTHR19858	3292.55	3203.54	1005.92	46.96	39.73
PTHR30222	882.11	837.6	152.0	14.73	12.47
PTHR13115	1871.79	1782.77	314.0	28.81	24.38
PTHR13117	2303.48	2258.97	568.08	20.32	17.19
PTHR12975	3466.0	3287.99	81.0	9.07	7.67
PTHR13285	716.0	671.49	42.0	5.09	4.3
PTHR13288	1188.26	1143.78	376.03	26.64	22.54
PTHR10953	19157.01	18445.1	8338.05	502.41	425.06
PTHR10954	2526.18	2437.17	569.54	44.02	37.24
PTHR21726	4068.9	3890.97	1235.0	75.2	63.62
PTHR10956	1433.0	1299.56	5995.54	712.5	602.82
PTHR11538	3346.39	3212.89	2749.98	251.43	212.72
PTHR10826	1046.25	957.27	112.97	15.66	13.24
PTHR21493	19573.91	18951.06	4421.86	217.49	184.02
PTHR11533	5574.99	5441.48	7866.6	393.16	332.64
PTHR11532	1623.71	1579.21	561.28	28.75	24.33
PTHR10000	4757.68	4579.7	1390.78	89.43	75.66
PTHR13021	697.31	652.81	141.01	17.57	14.87
PTHR12290	638.16	593.7	163.0	22.36	18.91
PTHR12295	7192.0	6924.95	1553.0	107.56	90.99
PTHR24007	4062.76	3840.3	373.0	40.25	34.06
PTHR24003	14812.12	14233.72	5332.24	326.98	276.64
PTHR31446	3456.59	3323.12	1124.17	96.4	81.56
PTHR31190	6753.22	6530.7	4552.12	185.63	157.06
PTHR11441	1380.59	1336.1	644.63	39.06	33.05
PTHR11440	5711.44	5488.97	3289.36	144.33	122.11
PTHR11999	9177.51	8821.51	4250.67	192.18	162.6
PTHR11449	1313.0	1224.01	7156.64	656.72	555.63
PTHR11994	2167.82	2034.42	11252.02	951.33	804.89
PTHR10133	7145.11	6967.21	1194.65	69.11	58.46
PTHR21649	11488.57	10910.11	13160.26	1155.18	977.34
PTHR13620	3738.57	3560.6	640.52	45.18	38.22
PTHR11705	1284.39	1239.88	138.95	9.08	7.68
PTHR11847	1287.0	1242.49	5867.98	382.53	323.64
PTHR11843	1328.57	1239.58	23260.03	2203.57	1864.37
PTHR13138	597.0	552.5	38.0	5.61	4.74
PTHR11662	12579.96	12179.49	2321.19	113.14	95.71
PTHR11669	4990.24	4767.7	887.0	74.29	62.85
PTHR11668	19533.81	18999.7	18263.25	829.24	701.61
PTHR20856	12280.72	12013.76	3530.06	109.35	92.52
PTHR20854	7490.22	7223.19	3669.04	214.49	181.48
PTHR20855	4138.88	4005.37	4603.24	199.82	169.06
PTHR20852	5723.29	5411.81	286289.96	28773.85	24344.6
PTHR32404	4831.42	4608.93	1717.65	121.72	102.99
PTHR20858	322.0	277.55	35.0	10.38	8.78
PTHR11918	4830.67	4652.65	902.93	54.19	45.84
PTHR10634	3103.43	3014.42	9269.84	502.5	425.15
PTHR11709	18597.54	17885.58	6589.87	278.79	235.88
PTHR14898	1815.0	1770.49	933.36	42.63	36.07
PTHR14237	4277.72	4099.71	523.46	40.38	34.16
PTHR23155	206717.8	198175.64	29209.27	2072.02	1753.09
PTHR23153	2826.82	2693.31	533.39	47.35	40.06
PTHR23151	12499.22	11965.16	18345.68	1737.76	1470.27
PTHR11063	2813.2	2724.19	1616.12	91.57	77.47
PTHR11062	70698.17	67850.63	11570.67	786.36	665.29
PTHR11061	4656.0	4300.34	541.66	74.13	62.73
PTHR11065	3843.15	3754.15	1759.0	69.98	59.2
PTHR11064	1805.39	1716.38	1659.34	148.47	125.61
PTHR11260	16070.23	15447.17	14506.55	1097.21	928.3
PTHR11264	1635.36	1590.86	411.04	20.9	17.69
PTHR11266	5968.82	5701.85	3167.05	296.82	251.12
PTHR13501	1252.91	1208.41	589.0	39.48	33.4
PTHR31998	5359.01	5225.49	825.93	35.57	30.1
PTHR31221	22721.46	21742.56	4317.0	270.6	228.97
PTHR15838	502.9	458.4	32.0	5.7	4.82
PTHR12850	1049.0	960.03	10538.59	1347.76	1140.3
PTHR32338	1635.0	1590.49	413.0	21.01	17.77
PTHR23270	5938.82	5627.27	1244.46	105.86	89.56
PTHR31155	1606.31	1561.8	2699.47	139.85	118.32
PTHR12363	5286.11	5152.58	1319.99	57.64	48.76
PTHR20932	743.0	698.49	343.96	40.04	33.88
PTHR18952	3662.0	3528.53	335.09	12.84	10.86
PTHR10552	1028.97	984.47	204.0	16.81	14.22
PTHR12765	736.8	692.3	374.98	44.05	37.27
PTHR22603	1481.78	1437.28	725.37	40.85	34.56
PTHR12506	2025.0	1891.52	568.12	66.41	56.19
PTHR22604	7046.38	6779.34	1297.57	88.96	75.27
PTHR21481	3935.97	3846.97	1294.29	51.96	43.96
PTHR22778	689.88	645.37	93.0	11.73	9.92
PTHR19446	472.0	427.5	9.0	1.72	1.46
PTHR12219	753.03	708.52	1627.87	186.8	158.05
PTHR13561	579.9	535.45	43.0	6.55	5.54
PTHR13563	1951.55	1907.04	442.2	18.75	15.86
PTHR12210	9557.29	9290.26	5989.38	292.38	247.38
PTHR12215	1632.69	1543.7	391.12	33.74	28.54
PTHR12214	1807.67	1718.65	222.0	19.01	16.09
PTHR12189	2055.26	1966.26	523.03	38.99	32.99
PTHR22911	6511.0	6332.96	2290.54	86.39	73.09
PTHR22912	13618.15	13306.63	14240.91	591.04	500.08
PTHR12183	8968.9	8568.49	2600.1	189.74	160.54
PTHR19849	2486.0	2352.48	574.18	56.35	47.68
PTHR22594	10997.18	10685.63	5076.09	251.25	212.59
PTHR11864	2813.01	2635.15	375.9	33.26	28.14
PTHR21152	5605.34	5471.81	5591.46	236.17	199.82
PTHR30075	2080.86	1991.9	1028.0	63.82	54.0
PTHR11632	3806.1	3672.58	1378.72	73.07	61.82
PTHR13102	2098.93	2009.92	623.65	47.85	40.49
PTHR12984	4791.65	4702.65	1785.78	63.25	53.52
PTHR11630	13163.93	12585.54	3278.01	219.53	185.76
PTHR12302	839.85	795.34	263.0	26.86	22.72
PTHR13299	840.35	795.85	397.0	40.52	34.28
PTHR12652	4585.0	4451.47	5388.21	295.79	250.26
PTHR10925	3165.41	2987.49	1374.91	131.84	111.55
PTHR21737	3824.03	3690.61	839.48	43.09	36.47
PTHR10920	7659.19	7347.68	1113.72	76.05	64.34
PTHR10584	12056.51	11700.58	7601.91	400.98	339.27
PTHR11528	8117.0	7938.96	25948.44	944.46	799.07
PTHR11527	8313.53	7868.54	24350.64	1752.4	1482.62
PTHR10859	6978.01	6666.67	1966.15	161.68	136.79
PTHR10589	2109.7	2020.7	543.44	43.94	37.18
PTHR10588	1729.78	1640.87	577.21	89.45	75.68
PTHR13038	1110.0	1021.0	68.0	10.63	8.99
PTHR13748	6076.14	5853.68	4319.81	288.27	243.9
PTHR13743	13928.76	13350.2	3377.96	212.02	179.39
PTHR24015	91127.75	87790.33	24984.62	1476.66	1249.41
PTHR24012	21276.4	20297.38	35118.13	2432.09	2057.73
PTHR24011	31133.94	29888.07	21050.09	1063.52	899.81
PTHR31187	2142.0	2097.49	13514.14	520.75	440.59
PTHR19139	1554.0	1509.49	265.0	14.21	12.02
PTHR21145	1558.61	1514.11	560.43	29.95	25.34
PTHR10458	790.53	746.03	338.04	36.82	31.16
PTHR10108	33536.74	32379.65	9054.81	550.78	465.98
PTHR11986	11347.25	11080.23	4162.19	171.83	145.37
PTHR11455	7533.78	7222.3	2765.9	159.09	134.59
PTHR10102	2404.0	2359.49	920.75	31.53	26.68
PTHR11458	681.0	636.5	253.0	32.35	27.37
PTHR10106	1074.0	985.0	711.01	117.79	99.67
PTHR30544	5170.79	4992.78	961.0	62.66	53.01
PTHR31057	2464.55	2286.54	292.84	43.29	36.62
PTHR20982	1250.36	1205.88	1712.64	115.05	97.34
PTHR11851	24203.51	23580.46	20592.18	1037.18	877.5
PTHR23092	7213.69	6902.28	2300.6	199.47	168.78
PTHR23091	11957.14	11423.24	4487.47	353.17	298.81
PTHR11673	1597.89	1508.89	12248.4	1110.38	939.45
PTHR11670	8829.54	8607.01	16977.74	620.72	525.17
PTHR11671	1199.0	1154.49	881.41	61.86	52.34
PTHR20863	2635.6	2502.08	24890.87	2478.14	2096.68
PTHR20861	3663.65	3530.18	1787.28	100.88	85.35
PTHR11679	13379.1	13023.08	3939.43	126.85	107.33
PTHR14009	5486.62	5353.12	1961.77	83.64	70.77
PTHR10217	22240.8	21751.25	4979.82	191.71	162.21
PTHR14005	2626.16	2537.2	2553.3	127.04	107.48
PTHR10210	4392.29	4214.29	2673.55	168.93	142.92
PTHR31522	1533.01	1488.51	1450.19	78.84	66.71
PTHR14221	838.96	750.05	34.0	7.13	6.03
PTHR11079	6843.37	6620.84	2665.18	175.32	148.33
PTHR11076	5471.36	5293.41	598.0	32.53	27.52
PTHR11070	4539.41	4361.43	680.93	54.92	46.47
PTHR11071	20629.1	19783.56	40851.42	3247.1	2747.28
PTHR11278	964.0	919.49	10461.79	923.22	781.11
PTHR11276	1294.82	1205.84	72.0	10.94	9.26
PTHR11274	2575.0	2486.05	883.97	32.81	27.77
PTHR14136	3369.07	3235.54	1850.3	135.96	115.03
PTHR31984	6131.91	5953.88	1704.28	87.1	73.7
PTHR15350	2856.92	2767.91	2888.26	171.6	145.18
PTHR31695	2647.32	2602.82	707.44	21.95	18.57
PTHR15606	2384.69	2295.69	918.69	64.84	54.86
PTHR12374	1465.62	1376.61	216.0	30.16	25.52
PTHR12375	1331.1	1286.59	153.0	9.63	8.15
PTHR12378	2314.1	2225.12	1680.64	122.61	103.73
PTHR18929	12860.43	12415.42	32364.92	2557.84	2164.11
PTHR12777	619.0	574.5	1968.04	279.08	236.12
PTHR12775	2087.52	1998.52	1003.95	64.29	54.39
PTHR16092	2886.0	2841.49	2172.0	61.73	52.23
PTHR12406	1376.74	1332.23	433.16	26.32	22.27
PTHR11035	1072.0	1027.49	681.0	53.74	45.47
PTHR22298	14589.24	14055.29	4733.92	258.61	218.82
PTHR12174	4740.24	4562.2	1462.05	104.49	88.41
PTHR12175	2293.64	2204.62	1187.0	92.74	78.46
PTHR12176	9489.56	9178.02	2292.2	138.77	117.41
PTHR22769	2878.84	2745.32	1259.25	106.55	90.16
PTHR10293	5431.1	5253.06	4398.77	267.47	226.29
PTHR22765	3802.24	3713.22	4164.34	185.66	157.08
PTHR22762	5829.42	5740.4	2169.89	57.99	49.06
PTHR22763	3210.61	3077.2	823.92	39.96	33.81
PTHR22761	2560.31	2471.3	4430.07	295.97	250.42
PTHR21231	3003.13	2869.67	996.04	85.09	71.99
PTHR21230	4236.06	4058.03	1856.39	164.11	138.85
PTHR21234	1024.0	979.49	461.41	38.21	32.33
PTHR21237	2685.52	2596.5	1494.0	97.98	82.9
PTHR12202	1628.11	1494.63	225.0	36.87	31.2
PTHR12203	4154.12	3976.1	380.0	25.67	21.73
PTHR19857	501.0	456.5	58.0	10.38	8.78
PTHR22904	24838.81	23815.35	11578.71	842.37	712.67
PTHR19855	1825.5	1781.0	697.0	31.65	26.78
PTHR13353	522.97	478.5	91.0	15.52	13.13
PTHR19853	1603.9	1514.9	212.0	22.97	19.43
PTHR15362	2495.79	2406.78	842.5	61.37	51.92
PTHR12197	11066.09	10443.08	2240.25	212.26	179.59
PTHR13822	782.44	737.95	3281.67	361.41	305.77
PTHR21319	5088.75	4955.24	1058.05	53.05	44.89
PTHR10732	889.0	844.49	5653.81	543.57	459.9
PTHR10738	1361.29	1316.82	495.0	30.44	25.75
PTHR10739	1637.75	1548.74	496.0	54.92	46.46
PTHR12992	1115.64	1071.14	114.0	8.63	7.3
PTHR22836	2194.0	2104.98	194.0	14.61	12.36
PTHR22880	7191.81	7013.78	3045.53	93.32	78.95
PTHR10938	2342.16	2253.14	853.93	61.77	52.27
PTHR10934	1261.5	1172.52	17251.43	1648.74	1394.94
PTHR11510	1472.82	1428.35	869.24	49.25	41.67
PTHR11516	6454.62	6232.09	11153.9	565.59	478.54
PTHR10025	3489.95	3311.96	824.43	79.27	67.07
PTHR10026	9700.59	9478.16	5133.55	156.67	132.55
PTHR10027	3638.87	3460.89	776.41	58.43	49.43
PTHR13009	2790.0	2656.47	1406.05	125.36	106.05
PTHR13007	937.0	892.49	327.94	29.82	25.23
PTHR30115	1974.46	1885.45	348.92	21.7	18.36
PTHR10598	923.0	878.49	38.02	3.51	2.97
PTHR17901	766.0	721.49	48.0	5.41	4.58
PTHR24351	656.0	611.5	8.0	1.07	0.9
PTHR20981	1262.38	1173.38	6086.03	705.36	596.77
PTHR24352	550.0	505.5	99.0	15.98	13.52
PTHR11467	2223.2	2134.22	9573.09	728.34	616.22
PTHR10119	7122.42	6899.88	5681.71	293.96	248.71
PTHR10114	773.73	729.22	5432.14	605.51	512.3
PTHR10110	8974.24	8751.71	4270.49	175.9	148.83
PTHR11469	4378.8	4289.81	5569.02	205.61	173.96
PTHR10445	779.0	734.49	385.0	42.6	36.05
PTHR11863	5849.64	5627.14	1154.19	65.18	55.15
PTHR24286	4091.0	3957.47	237.59	10.78	9.12
PTHR23429	3792.66	3703.64	2708.76	115.66	97.85
PTHR23426	2142.15	2053.17	682.0	58.01	49.08
PTHR10593	4721.49	4543.5	1631.58	115.5	97.71
