GeneFamily	length	effective_length	expected_count	TPM	FPKM
PTHR11649	10027.0	9662.31	260.02	95.07	92.26
PTHR31089	955.0	921.84	10.0	4.65	4.51
PTHR31085	3854.0	3655.05	45.0	29.76	28.86
PTHR11647	3481.0	3381.52	60.0	18.52	17.97
PTHR11880	1735.0	1668.68	2073.0	1201.17	1165.72
PTHR11885	405.0	371.85	3.95	4.62	4.48
PTHR10209	5984.0	5851.36	59.0	17.22	16.7
PTHR32429	2594.63	2528.31	2609.53	795.95	772.46
PTHR12403	1809.0	1742.68	46.0	21.59	20.95
PTHR31423	851.0	817.84	46.0	24.15	23.44
PTHR31551	1317.0	1283.84	34.0	11.33	10.99
PTHR32195	639.0	605.84	47.0	33.43	32.44
PTHR11081	3409.0	3309.52	39.0	14.16	13.74
PTHR11080	1955.0	1888.68	81.0	36.02	34.96
PTHR11082	6602.58	6436.78	105.0	29.94	29.07
PTHR11085	8707.0	8508.04	248.0	64.89	62.96
PTHR11645	2105.0	2038.68	61.0	24.74	24.01
PTHR11089	9614.39	9349.11	208.0	59.46	57.69
PTHR32518	5584.08	5418.34	157.0	74.3	72.11
PTHR11247	3512.06	3445.74	4374.28	813.86	789.85
PTHR11246	10340.69	9975.96	344.0	132.61	128.68
PTHR32512	3765.4	3665.92	118.0	43.28	42.0
PTHR23088	6649.0	6483.2	94.0	30.43	29.53
PTHR23089	1543.0	1476.68	125.0	60.08	58.31
PTHR23081	2648.0	2548.52	41.0	16.7	16.22
PTHR23083	36952.29	36023.84	853.47	184.69	179.22
PTHR23084	2711.52	2612.04	99.0	57.51	55.82
PTHR23086	755.0	688.7	1.0	1.26	1.22
PTHR18806	1927.0	1860.68	42.0	18.7	18.15
PTHR31953	12505.38	12306.42	141.0	20.8	20.18
PTHR15184	11574.0	11275.57	2166.98	530.06	514.41
PTHR15341	595.0	561.84	9.0	6.91	6.71
PTHR15169	2152.0	2085.68	4.0	2.31	2.24
PTHR12341	4781.0	4582.05	51.0	28.9	28.06
PTHR15160	7202.0	7069.36	215.0	53.87	52.29
PTHR18937	5159.0	4860.59	35.0	29.53	28.65
PTHR18934	17437.6	16807.62	381.0	93.72	90.97
PTHR12742	3286.0	3219.68	170.0	40.31	39.12
PTHR12741	2139.0	2072.68	23.0	12.47	12.11
PTHR19288	5593.4	5394.45	145.0	52.81	51.27
PTHR13902	6169.0	6036.36	235.9	65.17	63.24
PTHR13903	3282.0	3215.68	349.0	93.79	91.02
PTHR22753	1410.0	1343.69	13.0	8.05	7.82
PTHR22939	25567.38	25036.92	1046.14	188.45	182.89
PTHR22938	1676.0	1576.55	4.0	4.86	4.72
PTHR16266	787.0	753.84	3.0	1.71	1.66
PTHR30612	5843.0	5710.37	104.05	23.48	22.8
PTHR22932	591.0	557.84	42.0	32.48	31.52
PTHR22931	15119.98	14821.55	4297.17	575.85	558.86
PTHR22936	7120.68	6921.72	641.32	195.18	189.41
PTHR31038	1197.0	1163.84	19.0	6.99	6.78
PTHR13832	47123.96	46195.51	2156.92	451.57	438.24
PTHR21139	2134.0	2100.84	438.03	88.95	86.33
PTHR21136	8016.17	7850.37	317.02	81.81	79.4
PTHR12526	37569.24	36707.1	1205.0	231.28	224.45
PTHR13124	816.0	782.84	4.0	2.19	2.13
PTHR13120	945.0	911.84	33.0	15.52	15.06
PTHR22809	315.0	281.87	1.0	1.55	1.51
PTHR22807	5058.0	4825.91	42.99	24.66	23.93
PTHR20661	385.0	351.85	2.0	2.47	2.4
PTHR10900	24113.03	23681.93	6763.53	1273.47	1235.92
PTHR10906	4726.59	4560.81	395.08	142.76	138.54
PTHR10909	19962.0	19564.09	1275.0	287.23	278.74
PTHR10055	3245.0	3178.68	104.0	29.41	28.54
PTHR10057	5077.0	4944.36	673.0	218.43	211.98
PTHR10052	1025.0	991.84	1578.0	681.86	661.74
PTHR13017	833.0	799.84	9.0	4.83	4.69
PTHR10693	1642.0	1575.68	27.0	14.12	13.7
PTHR10694	6415.48	6183.39	112.0	37.37	36.29
PTHR12839	924.0	857.69	2.0	2.08	2.02
PTHR13923	4007.0	3940.68	128.0	24.43	23.72
PTHR12835	1223.0	1189.84	26.0	9.35	9.08
PTHR24031	70829.65	68840.21	5253.66	1081.01	1049.1
PTHR24032	1652.0	1618.84	47.0	12.4	12.04
PTHR23291	6201.0	6068.36	577.5	179.23	173.95
PTHR24349	49113.13	48052.09	1889.0	390.2	378.67
PTHR24619	3885.33	3752.72	280.0	92.14	89.43
PTHR24343	29182.52	28486.17	1660.0	443.25	430.18
PTHR11472	6424.0	6191.9	316.04	149.0	144.6
PTHR24347	8319.78	8054.5	177.0	81.37	78.96
PTHR11476	4660.0	4527.37	119.0	29.3	28.44
PTHR11477	1454.0	1387.68	17.0	9.77	9.49
PTHR10476	3535.0	3402.36	274.0	110.03	106.77
PTHR24290	6456.0	6290.21	168.0	51.57	50.04
PTHR23413	526.0	492.84	1256.0	1101.52	1069.02
PTHR23417	720.63	654.36	5.0	6.24	6.06
PTHR23416	4008.15	3908.67	116.77	35.5	34.45
PTHR23415	1736.0	1702.84	193.0	48.4	46.97
PTHR10871	5131.06	4998.45	1280.16	736.26	714.54
PTHR10877	9077.53	8679.64	119.0	46.32	44.94
PTHR11879	4674.75	4575.27	148.0	39.88	38.71
PTHR24316	10323.2	10124.24	1066.93	284.99	276.59
PTHR31724	2824.0	2724.52	41.0	32.5	31.54
PTHR11655	3085.0	2952.36	1672.99	1056.33	1025.15
PTHR11652	718.0	684.84	1416.02	889.53	863.29
PTHR20883	3141.0	3074.68	100.0	26.07	25.3
PTHR11895	9004.0	8771.9	291.0	80.15	77.79
PTHR10277	3597.0	3530.68	71.0	17.6	17.08
PTHR14027	2927.0	2827.52	44.0	19.29	18.72
PTHR24095	11176.07	10778.21	366.0	126.59	122.87
PTHR24092	7362.96	7130.87	91.0	26.12	25.33
PTHR23180	6321.0	5989.43	98.0	73.27	71.11
PTHR14593	338.0	304.86	0.0	0.0	0.0
PTHR11093	1586.7	1553.54	57.0	15.68	15.21
PTHR11096	3220.0	3120.52	72.0	22.66	21.99
PTHR23346	9189.85	8924.57	151.0	44.79	43.46
PTHR11099	2750.0	2650.52	82.0	37.54	36.44
PTHR10309	1906.0	1839.68	88.0	38.03	36.91
PTHR11252	1663.0	1596.68	38.0	21.38	20.75
PTHR11254	16322.58	15891.5	362.0	98.08	95.2
PTHR11255	1798.0	1764.84	14.0	3.39	3.29
PTHR14110	759.0	725.84	8.0	4.74	4.6
PTHR14374	1982.92	1949.76	291.14	63.72	61.84
PTHR18838	2322.9	2289.74	108.93	20.29	19.69
PTHR12687	700.0	633.71	6.0	8.29	8.05
PTHR15157	4622.07	4489.43	64.0	25.19	24.43
PTHR18901	3514.0	3381.36	80.0	32.68	31.72
PTHR12755	1338.79	1305.62	24.0	7.86	7.63
PTHR12750	2802.0	2636.23	18.0	13.81	13.39
PTHR12753	1874.0	1840.84	27.0	6.26	6.08
PTHR15081	1198.0	1164.84	4.0	1.47	1.43
PTHR15574	7286.0	6987.56	41.0	23.21	22.53
PTHR23109	1785.36	1752.2	43.0	10.48	10.17
PTHR13931	10083.04	9718.34	129.99	64.68	62.77
PTHR12358	2735.0	2602.36	22.0	11.28	10.94
PTHR22748	5088.4	4889.45	73.0	31.66	30.74
PTHR12356	3614.72	3515.24	90.0	33.79	32.79
PTHR12221	2515.0	2448.68	57.0	20.01	19.42
PTHR19879	1776.0	1676.52	16.0	12.42	12.06
PTHR12226	1097.0	1063.84	47.0	18.92	18.37
PTHR19876	5192.0	5092.52	199.03	49.41	47.95
PTHR19877	3037.0	2937.52	871.0	471.1	457.19
PTHR21689	1239.0	1172.68	19.0	14.02	13.6
PTHR31442	2877.0	2843.84	131.0	19.63	19.05
PTHR12538	843.0	809.84	1768.04	937.47	909.81
PTHR12537	1107.0	1073.84	12.0	4.79	4.64
PTHR12532	2290.0	2256.84	44.0	8.32	8.07
PTHR13486	1061.0	1027.84	57.0	23.76	23.06
PTHR20275	3130.87	2998.25	45.0	20.68	20.07
PTHR13489	454.0	420.84	4.0	4.12	4.0
PTHR17583	5728.0	5529.04	36.0	13.89	13.48
PTHR10150	3757.28	3624.64	50.0	15.13	14.67
PTHR24198	24559.19	24061.79	1426.99	282.36	274.03
PTHR10048	5872.77	5640.67	56.0	24.11	23.39
PTHR10046	3737.34	3604.71	103.84	54.29	52.69
PTHR10044	2151.0	2084.68	35.0	14.55	14.12
PTHR13060	317.0	283.87	0.0	0.0	0.0
PTHR10687	1574.0	1540.84	92.0	25.51	24.76
PTHR10681	12851.55	12519.95	1009.0	353.24	342.82
PTHR10682	1675.29	1642.12	9.0	2.34	2.27
PTHR10683	6039.0	5906.36	868.93	172.84	167.74
PTHR12829	2611.0	2544.68	58.0	19.5	18.92
PTHR12820	3228.0	3161.68	30.0	7.71	7.48
PTHR12826	619.0	585.84	10.0	7.36	7.14
PTHR12827	362.0	328.85	0.0	0.0	0.0
PTHR17920	509.0	475.84	2.0	1.82	1.76
PTHR11405	8827.0	8694.36	707.0	146.51	142.18
PTHR11404	3238.0	3138.52	315.7	114.42	111.05
PTHR11406	2251.0	2217.84	5665.96	1089.65	1057.49
PTHR32357	516.0	482.84	7.0	6.27	6.08
PTHR13468	918.0	884.84	4.0	1.94	1.88
PTHR13018	15277.59	14780.26	342.0	71.51	69.4
PTHR10954	377.0	343.85	4.0	5.06	4.91
PTHR23406	8132.0	7833.58	154.0	66.52	64.55
PTHR23407	1099.2	1066.04	34.0	13.66	13.26
PTHR10869	22718.61	22254.37	2010.06	440.05	427.11
PTHR31717	795.0	761.84	18.0	10.15	9.85
PTHR22942	2797.2	2664.55	25.0	15.01	14.58
PTHR12696	3976.0	3876.53	47.0	16.53	16.04
PTHR11315	5065.0	4965.52	178.0	43.59	42.31
PTHR10139	1220.0	1153.68	15.0	10.64	10.32
PTHR10264	5058.0	4958.52	200.98	51.62	50.1
PTHR10263	1874.0	1807.68	749.0	314.53	305.26
PTHR31407	6381.6	6215.79	1989.28	554.81	538.43
PTHR32170	1891.0	1791.53	3.0	2.58	2.5
PTHR23350	1829.0	1762.68	18.0	8.56	8.31
PTHR23354	2802.68	2703.2	390.0	101.37	98.38
PTHR23355	4568.91	4436.29	119.0	38.28	37.15
PTHR23359	10847.87	10648.9	627.98	149.96	145.54
PTHR11227	2667.0	2600.68	21.0	7.33	7.12
PTHR11220	8924.14	8725.18	1080.0	237.38	230.37
PTHR11223	3665.23	3565.78	39.94	11.11	10.78
PTHR11229	2946.0	2879.68	318.0	108.89	105.68
PTHR10314	13741.94	13410.34	2222.09	607.16	589.22
PTHR14303	701.0	667.84	26.0	16.75	16.26
PTHR14085	1767.0	1700.68	24.0	12.11	11.75
PTHR11139	16715.0	15985.58	185.0	91.97	89.25
PTHR15362	2043.0	1976.68	28.0	10.46	10.15
PTHR11132	26785.75	26122.58	1104.95	313.35	304.13
PTHR11134	4550.0	4450.52	110.0	28.79	27.94
PTHR11136	2292.0	2126.23	15.0	15.49	15.04
PTHR32374	4988.61	4922.3	551.0	71.66	69.54
PTHR31579	9664.0	9564.52	417.98	51.79	50.26
PTHR32379	302.0	268.87	1.0	1.63	1.58
PTHR18919	3360.2	3293.88	439.0	121.41	117.83
PTHR32002	1161.7	1128.53	25.0	9.48	9.2
PTHR14413	1743.0	1676.68	189.84	72.74	70.59
PTHR21368	1983.0	1916.68	153.0	72.66	70.52
PTHR24067	24082.77	23485.88	1617.0	479.92	465.74
PTHR10072	7165.0	7032.36	233.0	63.1	61.22
PTHR12786	3107.0	2974.36	133.0	55.31	53.67
PTHR11706	2508.0	2408.54	29.0	7.2	6.98
PTHR12782	1310.0	1276.84	40.0	13.4	13.0
PTHR11742	5327.0	5094.9	51.0	21.86	21.21
PTHR21213	1061.51	1028.35	168.0	69.99	67.93
PTHR11210	1035.0	1001.84	76.0	32.51	31.55
PTHR12321	6287.11	6154.47	286.0	69.25	67.2
PTHR12320	11135.0	11002.36	623.0	88.15	85.57
PTHR12323	326.0	292.86	0.0	0.0	0.0
PTHR16201	2840.0	2707.36	27.0	16.05	15.58
PTHR10774	11146.72	10815.16	440.09	123.12	119.5
PTHR16196	3014.0	2914.52	58.0	22.74	22.06
PTHR16193	464.0	430.84	3.0	3.02	2.93
PTHR22792	3545.72	3379.92	85.0	47.65	46.25
PTHR22790	2562.0	2495.68	28.0	10.85	10.53
PTHR21680	1338.0	1304.84	43.0	14.09	13.68
PTHR21113	1065.0	998.7	0.0	0.0	0.0
PTHR19316	1457.0	1423.84	39.44	11.84	11.49
PTHR21663	329.0	295.86	0.0	0.0	0.0
PTHR13253	11827.95	11463.21	914.0	351.13	340.76
PTHR22603	4137.0	4070.68	71.0	17.41	16.89
PTHR21206	1116.0	1082.84	25.0	9.89	9.6
PTHR13789	21283.3	20785.9	431.97	131.34	127.48
PTHR10071	8253.0	8153.52	344.0	42.11	40.86
PTHR24188	6620.29	6421.36	1128.0	341.35	331.28
PTHR13780	7911.9	7646.64	1944.94	575.54	558.57
PTHR10670	2895.0	2729.21	23.0	16.26	15.79
PTHR10677	1390.0	1323.69	27.0	19.3	18.72
PTHR13078	4254.38	4154.9	207.0	62.62	60.78
PTHR12815	3741.0	3575.2	94.0	42.62	41.37
PTHR12814	1811.0	1744.68	37.0	18.37	17.83
PTHR24361	12977.01	12711.73	308.0	57.49	55.8
PTHR24362	18249.23	17718.69	648.0	189.14	183.58
PTHR10416	386.0	352.85	4.0	4.93	4.79
PTHR10410	5735.0	5602.36	938.25	203.83	197.8
PTHR10783	8383.86	8151.85	507.0	169.01	164.03
PTHR10782	3947.0	3880.68	53.0	11.36	11.03
PTHR13476	1028.0	994.84	44.0	18.95	18.4
PTHR10788	6943.0	6744.05	213.99	46.96	45.57
PTHR10891	24362.46	23898.23	2103.6	590.4	572.97
PTHR10890	4908.39	4775.75	113.0	34.76	33.73
PTHR20426	766.0	732.84	17.0	9.97	9.68
PTHR23213	2272.0	2172.52	16.0	9.58	9.29
PTHR24115	6680.27	6249.3	66.0	55.63	53.98
PTHR10520	4472.54	4373.06	209.0	62.82	60.97
PTHR10250	762.0	728.84	102.0	60.16	58.39
PTHR10527	10947.0	10648.56	312.0	74.72	72.52
PTHR10099	4622.0	4588.84	392.0	36.36	35.29
PTHR31385	3317.0	3217.52	78.0	28.4	27.56
PTHR10091	3784.0	3717.68	734.0	140.3	136.16
PTHR31142	1100.0	1066.84	18.0	7.23	7.01
PTHR31140	5721.67	5655.35	1100.45	124.03	120.37
PTHR31412	5292.0	5159.36	125.0	33.63	32.63
PTHR11787	1153.5	1087.24	0.0	0.0	0.0
PTHR11785	13036.77	12672.0	315.94	105.13	102.0
PTHR11782	5977.0	5778.04	144.0	48.48	47.05
PTHR31419	303.0	269.87	1.0	1.62	1.57
PTHR11780	3015.0	2948.68	454.0	114.95	111.56
PTHR21141	2155.0	2088.68	3103.12	1468.62	1425.29
PTHR32148	7733.0	7567.2	3198.98	1576.22	1529.7
PTHR23324	4326.84	4194.2	91.0	34.23	33.22
PTHR23327	3474.0	3374.52	148.0	55.71	54.06
PTHR23326	2468.0	2368.52	69.0	32.32	31.38
PTHR23321	3412.0	3312.52	212.0	99.67	96.72
PTHR23323	5580.18	5447.55	113.0	24.87	24.13
PTHR23322	6093.18	5861.06	96.0	45.41	44.06
PTHR23329	1891.79	1792.33	284.0	107.96	104.77
PTHR11236	2312.0	2245.68	93.0	34.54	33.52
PTHR20932	2664.0	2597.68	43.0	11.38	11.05
PTHR10322	3207.0	3008.08	18.0	18.94	18.37
PTHR11239	5015.08	4915.64	320.42	82.55	80.11
PTHR10803	3033.42	2967.1	92.0	26.32	25.55
PTHR13803	4247.0	4147.52	57.0	15.48	15.02
PTHR31964	14485.0	14153.4	940.88	289.43	280.9
PTHR10552	1532.0	1498.84	20.0	5.7	5.53
PTHR23030	4037.0	3970.68	65.0	13.56	13.16
PTHR11129	2551.0	2484.68	51.0	13.01	12.63
PTHR11122	4844.0	4711.36	242.0	85.52	83.0
PTHR15316	2407.0	2307.54	68.0	51.81	50.28
PTHR11127	1077.0	1010.7	1304.02	793.08	769.68
PTHR11125	3392.0	3292.52	50.0	21.21	20.59
PTHR31566	1761.81	1695.49	137.0	65.68	63.74
PTHR31567	1074.0	1040.84	14.0	5.76	5.59
PTHR31561	25281.61	24717.9	8235.16	1865.67	1810.62
PTHR30615	1511.0	1444.68	77.0	46.24	44.88
PTHR15137	721.0	687.84	1.0	0.63	0.61
PTHR14950	507.0	473.84	4.0	3.65	3.54
PTHR15954	1331.0	1264.68	14.0	9.54	9.25
PTHR15952	3097.0	3030.68	65.0	16.22	15.74
PTHR21597	2469.0	2369.52	17.0	8.86	8.6
PTHR19271	425.0	391.84	0.0	0.0	0.0
PTHR21228	60142.7	58584.27	1925.0	343.3	333.12
PTHR12022	808.0	774.84	356.96	197.91	192.07
PTHR13343	7530.0	7397.36	187.0	39.15	38.0
PTHR12233	1365.0	1331.84	57.0	18.3	17.76
PTHR12029	8485.88	8187.47	230.0	87.18	84.6
PTHR21220	1011.0	977.84	6.0	2.63	2.55
PTHR22780	5426.0	5193.9	52.0	23.8	23.1
PTHR21477	1231.0	1197.84	19.0	6.79	6.59
PTHR19308	6677.0	6610.68	761.06	78.68	76.36
PTHR16301	3001.06	2934.74	101.0	29.41	28.54
PTHR13265	1180.0	1146.84	23.0	8.59	8.33
PTHR17630	5607.93	5475.26	379.02	106.55	103.4
PTHR10064	603.0	569.84	1036.0	784.06	760.92
PTHR10060	1201.0	1167.84	33.0	12.09	11.74
PTHR10663	8896.0	8464.99	66.0	32.82	31.85
PTHR10666	4817.0	4651.2	1759.0	1161.26	1127.0
PTHR10668	9960.0	9628.4	127.0	52.0	50.46
PTHR12801	5203.0	5070.36	107.0	28.38	27.53
PTHR12802	5351.0	5185.2	98.0	41.54	40.31
PTHR12805	1310.0	1243.68	11.0	7.25	7.03
PTHR12806	1513.0	1479.84	42.0	12.13	11.77
PTHR21091	13960.78	13629.2	336.66	99.94	96.98
PTHR21090	2713.76	2647.44	114.0	37.51	36.41
PTHR12281	3928.0	3861.68	228.0	55.9	54.26
PTHR24314	2988.0	2921.68	35.0	10.34	10.04
PTHR11933	1294.0	1227.68	5.0	3.62	3.51
PTHR11932	6862.0	6729.37	153.99	28.83	27.98
PTHR11426	4683.93	4551.31	2455.01	1055.61	1024.46
PTHR11937	8712.34	8413.9	627.1	306.44	297.41
PTHR11938	19451.0	19053.09	525.22	114.39	111.05
PTHR13683	6524.0	6358.2	280.0	73.67	71.49
PTHR24089	50111.69	48453.78	3344.59	953.1	924.95
PTHR10796	3320.0	3154.22	26.0	17.6	17.09
PTHR10794	3993.55	3894.07	144.0	70.23	68.16
PTHR10795	21583.44	21152.39	545.01	104.41	101.35
PTHR10792	2570.0	2503.68	1703.0	826.72	802.34
PTHR10799	30702.55	29111.11	364.09	211.9	205.61
PTHR10882	927.0	860.71	7.0	6.88	6.68
PTHR10887	21434.2	20538.93	185.0	86.99	84.4
PTHR11686	4430.0	4330.52	36.0	10.34	10.03
PTHR11685	8493.63	8228.35	174.0	38.86	37.7
PTHR11680	5952.13	5852.65	849.96	189.33	183.74
PTHR24221	14701.0	14170.47	350.0	99.17	96.23
PTHR24220	8774.0	8575.06	314.0	69.62	67.56
PTHR24223	18944.57	18414.09	1573.0	201.28	195.35
PTHR11689	2067.0	1967.52	6.0	3.34	3.24
PTHR10252	2361.49	2295.17	88.0	32.94	31.97
PTHR10537	669.0	602.72	2.0	2.84	2.75
PTHR31173	2992.9	2860.27	22.0	11.0	10.67
PTHR31384	1721.0	1654.69	21.0	12.11	11.75
PTHR10997	11316.51	10951.77	138.0	33.43	32.45
PTHR10098	1356.0	1322.84	33.0	10.67	10.35
PTHR31356	4187.0	4087.52	516.0	158.65	153.98
PTHR31352	8088.0	7988.52	822.0	73.08	70.92
PTHR31350	5164.04	5031.4	71.0	24.36	23.63
PTHR11758	1320.0	1253.69	1154.0	555.81	539.42
PTHR23333	1504.0	1470.84	107.0	31.09	30.17
PTHR11751	17339.1	16874.88	1030.0	278.48	270.29
PTHR11753	2673.0	2573.52	194.0	95.7	92.88
PTHR11200	11567.0	11401.2	157.29	25.57	24.84
PTHR24423	10532.26	10300.28	166.0	54.61	52.99
PTHR11206	18438.13	17841.28	368.0	101.73	98.71
PTHR11757	10120.38	9821.97	248.0	86.18	83.63
PTHR24420	54486.16	53325.66	2575.77	499.6	484.86
PTHR10332	2965.0	2832.36	7.0	3.7	3.58
PTHR13600	5420.35	5287.71	514.0	106.06	102.93
PTHR15744	2687.0	2620.68	23.0	9.07	8.8
PTHR23029	12440.88	12109.32	439.0	138.39	134.3
PTHR23023	8900.0	8634.73	71.0	25.41	24.66
PTHR12847	1944.0	1877.68	53.0	22.96	22.29
PTHR11119	12687.77	12422.52	189.0	65.7	63.76
PTHR31595	6376.91	6211.11	660.0	116.22	112.79
PTHR31596	3054.0	2987.68	95.0	20.52	19.91
PTHR15948	2054.0	1954.52	31.0	20.27	19.67
PTHR32026	2041.0	1974.68	49.0	22.56	21.9
PTHR31829	1591.0	1557.84	417.0	114.36	110.99
PTHR19241	58290.51	56931.05	1917.7	380.88	369.66
PTHR15239	2675.0	2509.24	22.0	16.9	16.41
PTHR32497	3774.0	3707.68	23.0	6.26	6.07
PTHR12497	2214.0	2180.84	87.0	17.02	16.51
PTHR12302	3477.0	3443.84	208.0	25.72	24.97
PTHR12652	2485.0	2418.68	267.66	75.45	73.22
PTHR12304	365.0	331.85	2.0	2.63	2.55
PTHR30540	2189.58	2156.42	340.0	67.26	65.27
PTHR30544	8493.42	8294.46	296.0	73.91	71.74
PTHR13302	2831.0	2764.68	47.0	13.58	13.18
PTHR12472	1862.0	1795.68	23.0	11.52	11.18
PTHR13308	1390.0	1356.84	162.84	51.31	49.8
PTHR12477	1705.0	1638.69	12.0	4.9	4.75
PTHR13878	21265.77	20768.38	1213.0	287.01	278.53
PTHR21461	1699.0	1665.84	2.0	0.51	0.5
PTHR13872	1922.0	1855.7	69.81	20.24	19.65
PTHR22849	9936.01	9604.4	163.0	72.51	70.37
PTHR21314	1482.0	1448.84	13.0	3.84	3.72
PTHR13271	26007.66	25311.33	560.0	162.73	157.93
PTHR22841	5478.35	5345.71	160.0	53.03	51.47
PTHR21319	5033.0	4867.2	57.0	23.03	22.36
PTHR22847	25537.0	24741.18	426.0	155.17	150.59
PTHR22844	13944.03	13612.44	458.0	89.95	87.31
PTHR13890	7361.0	7162.04	131.0	47.1	45.71
PTHR11601	4818.0	4718.52	75.0	19.33	18.75
PTHR21266	13664.84	13399.56	416.0	62.39	60.53
PTHR12271	2242.0	2175.68	14.0	4.83	4.68
PTHR21262	9001.33	8802.35	317.0	60.13	58.34
PTHR12276	2771.0	2704.68	68.24	19.08	18.52
PTHR10657	2951.72	2852.24	414.05	175.24	170.07
PTHR16557	1338.01	1271.69	21.0	13.38	12.98
PTHR10655	4073.08	3940.44	303.42	101.26	98.28
PTHR10652	1811.0	1744.68	36.0	17.78	17.25
PTHR17972	800.0	733.71	4.0	4.43	4.29
PTHR21085	1462.0	1428.84	65.0	19.45	18.87
PTHR11922	4863.0	4763.52	233.0	64.52	62.62
PTHR24305	19482.58	18952.06	312.01	82.1	79.67
PTHR11926	15440.31	15075.63	4400.9	779.45	756.44
PTHR11431	3562.02	3495.71	859.0	216.59	210.2
PTHR10430	5835.27	5735.79	860.0	286.07	277.63
PTHR10436	4870.75	4704.96	71.0	26.14	25.36
PTHR10434	658.0	624.84	4.0	2.76	2.68
PTHR24096	13551.56	13253.09	1266.91	307.87	298.79
PTHR13693	3730.36	3564.55	94.0	50.63	49.13
PTHR13691	1311.0	1277.84	2056.0	688.24	667.93
PTHR24093	57533.41	55974.95	1790.05	340.17	330.13
PTHR13451	429.0	395.84	2.0	2.19	2.13
PTHR13452	1958.0	1891.68	46.0	21.64	21.0
PTHR10759	921.0	887.84	1367.0	660.54	641.05
PTHR12901	632.0	598.84	5.0	3.6	3.49
PTHR12903	1786.0	1719.68	196.0	77.96	75.66
PTHR13992	662.0	595.72	7.0	10.43	10.12
PTHR23237	309.0	275.87	19.0	30.14	29.25
PTHR13375	398.0	364.85	3.0	3.57	3.47
PTHR10501	463.33	430.23	27.0	27.18	26.38
PTHR31169	637.0	603.84	6.0	4.28	4.16
PTHR12277	4894.0	4761.36	163.09	56.29	54.62
PTHR14087	1369.0	1335.84	32.22	10.32	10.01
PTHR23309	4131.0	4064.68	338.0	65.75	63.8
PTHR31344	851.0	817.84	6.0	3.15	3.06
PTHR31619	2325.0	2291.84	249.0	46.33	44.97
PTHR23306	1671.0	1604.68	21.0	11.43	11.1
PTHR23305	3092.0	2992.52	116.0	38.11	36.99
PTHR14089	2307.0	2207.52	42.0	18.39	17.84
PTHR11748	12195.0	11929.72	796.0	123.97	120.31
PTHR11214	977.0	943.84	11.0	5.0	4.85
PTHR11216	3734.73	3635.25	65.0	24.57	23.85
PTHR14154	13265.0	12933.4	981.98	314.81	305.49
PTHR14155	8240.02	8074.23	482.0	96.83	93.98
PTHR10343	7459.0	7260.04	410.22	95.26	92.44
PTHR11699	14045.63	13614.55	464.0	169.04	164.03
PTHR11692	1855.0	1821.84	27.0	6.33	6.14
PTHR11693	3417.0	3350.68	2545.91	626.7	608.2
PTHR11695	26098.31	25401.97	774.24	233.8	226.94
PTHR31760	1883.0	1849.84	39.0	9.0	8.73
PTHR31840	1317.8	1251.48	6.0	4.15	4.02
PTHR31906	14994.46	14662.85	519.0	148.94	144.54
PTHR21419	1741.0	1707.84	60.0	15.0	14.56
PTHR23012	17656.24	17324.63	1667.31	273.98	265.91
PTHR11101	10663.39	10530.75	993.0	189.49	183.9
PTHR11102	4619.0	4486.37	84.0	20.5	19.89
PTHR11106	1922.0	1888.84	50.0	11.3	10.96
PTHR31585	4079.0	3913.23	34.0	15.69	15.23
PTHR32125	2173.0	2106.68	116.0	47.34	45.94
PTHR31588	2171.0	2137.84	146.0	29.13	28.27
PTHR32120	1822.0	1755.68	24.0	11.58	11.24
PTHR15680	2533.01	2466.69	380.0	101.21	98.22
PTHR10281	3927.0	3827.52	69.0	21.59	20.96
PTHR26312	4145.83	4046.35	346.0	62.16	60.32
PTHR18895	3071.0	2938.39	36.0	18.44	17.88
PTHR12486	1093.0	1026.71	3.0	1.71	1.66
PTHR12480	2847.0	2714.37	15.0	8.39	8.14
PTHR12482	2599.0	2499.52	100.0	59.22	57.47
PTHR30239	1671.0	1637.84	80.0	20.86	20.25
PTHR12317	16666.81	16268.88	944.0	184.31	178.86
PTHR12649	2027.0	1960.68	29.0	12.51	12.14
PTHR12461	4096.0	3897.05	51.0	26.14	25.37
PTHR12466	1142.0	1108.84	18.0	6.95	6.75
PTHR13561	1232.0	1165.68	4.0	2.97	2.87
PTHR13847	8836.0	8603.89	234.0	70.33	68.24
PTHR22854	3614.0	3514.54	103.0	30.99	30.07
PTHR12000	4107.0	4007.52	369.0	87.07	84.5
PTHR12001	6505.0	6405.52	294.0	47.04	45.65
PTHR21327	6288.32	6188.82	213.0	41.27	40.05
PTHR21631	8139.82	8007.18	1121.0	218.11	211.67
PTHR22855	8641.0	8475.2	504.0	111.58	108.29
PTHR22850	7299.4	7100.45	351.0	120.65	117.1
PTHR22504	1088.0	1054.84	34.0	13.81	13.4
PTHR12189	1229.0	1195.84	12.0	4.29	4.17
PTHR21256	2763.37	2697.05	125.22	42.03	40.78
PTHR12266	3484.92	3385.43	66.0	23.26	22.57
PTHR10648	2239.0	2205.84	58.0	11.22	10.88
PTHR30178	2204.0	2170.84	777.61	152.8	148.29
PTHR10641	19292.75	18762.2	581.47	152.84	148.34
PTHR10644	8696.0	8530.2	124.0	20.89	20.27
PTHR12864	6217.0	6051.22	101.0	30.85	29.94
PTHR12860	2259.0	2192.68	69.0	26.72	25.93
PTHR13194	4440.0	4307.35	179.0	63.65	61.78
PTHR13190	413.0	379.84	2.0	2.29	2.22
PTHR13193	1339.0	1305.84	44.0	14.41	13.99
PTHR11913	2665.0	2631.84	69.0	11.18	10.85
PTHR11911	9207.16	9041.35	2178.0	425.9	413.33
PTHR11910	2281.0	2214.68	3884.94	1297.85	1259.55
PTHR11918	5286.34	5120.57	125.0	38.04	36.92
PTHR12919	1325.28	1258.95	194.0	137.1	133.06
PTHR12910	810.0	776.84	137.0	75.76	73.53
PTHR12917	1767.0	1700.68	23.0	11.48	11.14
PTHR11351	6742.0	6642.52	996.0	186.05	180.56
PTHR11353	21454.34	20923.83	3029.88	735.07	713.39
PTHR11599	14661.0	14229.92	1054.19	421.17	408.74
PTHR10516	18933.73	18369.99	2436.55	788.91	765.64
PTHR11592	1948.0	1881.68	148.0	71.82	69.7
PTHR11659	2158.0	2124.84	89.0	17.87	17.34
PTHR13273	1412.0	1378.84	69.0	21.4	20.76
PTHR31096	3446.45	3313.85	508.0	188.14	182.58
PTHR13734	1904.0	1870.84	41.0	9.35	9.08
PTHR31098	4893.0	4793.52	78.0	17.43	16.92
PTHR31620	5770.73	5671.29	1389.0	222.62	216.04
PTHR23315	15439.34	15174.07	261.0	58.88	57.15
PTHR23316	2809.0	2775.84	233.45	35.84	34.78
PTHR12265	334.0	300.86	0.0	0.0	0.0
PTHR11777	5445.0	5345.52	102.0	22.26	21.6
PTHR11774	2738.0	2638.52	33.0	14.8	14.37
PTHR11773	4093.0	4059.84	247.02	25.9	25.14
PTHR11772	10413.41	10214.45	822.0	140.71	136.57
PTHR10357	23182.0	22552.01	994.02	243.2	236.04
PTHR10353	12603.31	12338.02	1630.83	296.96	288.2
PTHR10350	2320.0	2187.36	10.0	8.0	7.76
PTHR10351	10310.21	10078.09	1192.0	452.88	439.51
PTHR32557	2094.0	2060.84	145.0	30.02	29.13
PTHR10359	1342.0	1308.84	32.0	10.46	10.15
PTHR31750	997.0	963.84	22.0	9.78	9.5
PTHR23418	1261.4	1228.23	78.0	27.17	26.37
PTHR14189	861.0	794.69	2.0	2.21	2.15
PTHR32228	1747.0	1713.84	48.0	11.96	11.61
PTHR31245	1245.0	1211.84	23.0	8.12	7.88
PTHR23001	3390.0	3323.68	205.0	54.49	52.88
PTHR23002	2146.0	2112.84	39.0	7.87	7.64
PTHR11177	3068.0	2968.52	80.0	32.71	31.74
PTHR11178	4325.1	4225.62	301.02	94.51	91.72
PTHR14456	1156.0	1089.68	3.0	2.06	2.0
PTHR31808	2957.76	2858.28	100.0	43.66	42.38
PTHR31803	8911.0	8811.52	285.0	44.46	43.14
PTHR11009	1003.0	969.84	15.0	6.63	6.43
PTHR30075	2852.0	2752.53	45.0	16.98	16.47
PTHR19229	10975.6	10610.89	96.0	38.41	37.27
PTHR11005	9345.91	9113.78	518.01	100.73	97.76
PTHR18640	1882.0	1749.41	6.0	5.31	5.15
PTHR18866	19983.94	19652.34	1666.27	358.47	347.88
PTHR15074	2049.0	1982.68	12.0	5.31	5.15
PTHR15588	1968.0	1901.68	98.0	46.24	44.88
PTHR12677	10894.0	10695.04	838.0	138.29	134.21
PTHR19134	2547.0	2480.68	25.0	8.99	8.72
PTHR19139	9443.52	9244.55	2688.01	721.4	700.12
PTHR30566	2571.0	2504.68	33.0	10.38	10.07
PTHR12456	1935.0	1868.68	9.0	3.93	3.82
PTHR12452	753.55	720.39	54.0	32.23	31.28
PTHR19359	988.0	954.84	31.0	13.92	13.51
PTHR12072	2999.0	2899.53	33.0	11.92	11.56
PTHR13218	1220.0	1186.84	52.0	18.75	18.2
PTHR13215	1644.0	1577.68	16.0	8.95	8.69
PTHR13213	1071.0	1004.7	11.0	6.78	6.58
PTHR10634	2363.0	2329.84	695.0	127.21	123.46
PTHR12290	1320.0	1253.7	54.0	25.28	24.53
PTHR21530	2344.19	2244.71	25.0	13.82	13.42
PTHR12295	643.0	576.73	3.0	4.27	4.14
PTHR12298	5107.0	4974.36	99.0	36.3	35.22
PTHR10638	13087.6	12855.49	346.0	46.37	45.0
PTHR10631	1658.0	1591.7	21.0	10.23	9.93
PTHR10984	5055.0	4955.52	177.0	42.68	41.43
PTHR12858	2580.0	2447.38	39.97	24.54	23.81
PTHR13505	1225.0	1191.84	35.0	12.57	12.2
PTHR12850	989.0	922.69	2407.96	1796.24	1743.23
PTHR12856	2305.67	2239.36	31.0	9.16	8.89
PTHR12855	1945.0	1878.68	57.0	25.79	25.04
PTHR12854	1242.0	1208.84	29.0	10.27	9.96
PTHR13182	1506.0	1472.84	50.0	14.51	14.08
PTHR10182	1926.79	1893.63	109.0	24.57	23.84
PTHR10743	1669.0	1602.71	30.0	10.94	10.63
PTHR10742	19768.0	19270.61	518.0	122.39	118.76
PTHR10745	2343.0	2309.84	283.0	52.25	50.71
PTHR10744	2624.0	2491.38	1725.09	1131.43	1098.05
PTHR10746	2836.0	2769.68	293.0	136.99	132.95
PTHR12924	1688.0	1654.84	457.0	117.95	114.47
PTHR23308	4667.0	4501.2	270.01	68.27	66.26
PTHR10027	2524.0	2457.68	26.0	10.15	9.84
PTHR11349	3711.0	3611.52	1730.01	736.63	714.9
PTHR10566	26122.51	25393.05	774.0	162.39	157.63
PTHR10293	3691.16	3558.52	322.0	148.35	143.97
PTHR10291	1846.0	1812.84	50.0	11.77	11.43
PTHR11584	3515.0	3448.68	99.0	25.67	24.91
PTHR11586	3870.04	3737.41	144.96	69.2	67.15
PTHR11909	5114.74	5015.26	471.74	87.44	84.86
PTHR24320	13864.83	13466.93	567.0	105.42	102.29
PTHR24322	25545.1	24716.2	1493.22	526.81	511.25
PTHR11907	3065.0	2998.68	93.8	18.87	18.31
PTHR11760	2535.0	2468.68	1971.65	694.73	674.22
PTHR11761	2050.0	1950.55	619.86	745.46	723.47
PTHR11766	1156.0	1122.84	21.0	8.01	7.77
PTHR11767	3517.0	3450.68	29.0	7.32	7.11
PTHR10361	1894.53	1861.37	96.0	22.01	21.36
PTHR10366	26181.55	25584.67	2928.32	896.39	869.92
PTHR10169	3144.0	2945.07	18.0	13.8	13.39
PTHR10168	3649.0	3516.36	333.0	135.74	131.72
PTHR20973	1095.0	1061.84	19.0	7.66	7.44
PTHR10165	7353.18	7187.37	267.21	65.99	64.05
PTHR31032	2090.0	2056.84	173.0	35.89	34.83
PTHR23257	124388.01	121470.04	2965.88	647.72	628.64
PTHR23253	6613.0	6447.2	276.0	91.1	88.42
PTHR14190	1905.0	1838.68	11.0	5.82	5.65
PTHR14194	8233.35	8067.54	326.0	91.79	89.08
PTHR31251	5594.0	5361.93	69.0	24.9	24.17
PTHR23074	5249.0	5083.22	115.0	35.31	34.29
PTHR23077	11149.24	10718.16	345.64	91.33	88.62
PTHR23076	23799.67	23202.8	1290.67	330.44	320.7
PTHR23073	8939.43	8674.15	658.58	225.03	218.4
PTHR23078	2421.0	2387.84	17.0	3.04	2.95
PTHR11165	2176.0	2109.68	566.0	173.99	168.86
PTHR10772	2944.11	2844.63	593.0	265.91	258.06
PTHR32100	12234.0	12035.05	4371.83	575.61	558.63
PTHR14534	1059.33	1026.17	18.0	7.51	7.29
PTHR14445	1419.0	1319.53	24.0	19.94	19.35
PTHR31811	1122.0	1055.68	2.0	1.68	1.62
PTHR23102	679.0	645.84	11.0	7.33	7.12
PTHR23105	5802.26	5603.32	5773.27	4126.66	4004.89
PTHR11010	2104.0	2004.54	41.0	19.94	19.35
PTHR11014	7371.8	7073.38	256.0	72.99	70.85
PTHR11453	2219.0	2152.68	26.0	10.35	10.05
PTHR14152	2147.72	2081.39	83.0	28.88	28.03
PTHR12668	4021.0	3888.36	161.0	75.76	73.52
PTHR12661	668.0	601.71	2.0	2.91	2.82
PTHR12663	759.0	725.84	12.0	7.11	6.9
PTHR12664	526.0	492.84	6.0	5.26	5.11
PTHR16166	4124.15	3958.38	148.0	31.85	30.91
PTHR12111	1853.0	1786.68	18.0	6.31	6.12
PTHR12446	1200.0	1133.69	60.0	33.26	32.28
PTHR12447	797.0	763.84	3.0	1.69	1.64
PTHR15481	741.0	707.84	11.0	6.68	6.49
PTHR26379	1578.0	1511.7	40.0	17.43	16.92
PTHR12599	3898.88	3799.4	247.0	100.17	97.22
PTHR12596	6310.0	6144.21	66.0	16.89	16.38
PTHR12590	1671.67	1572.19	28.0	23.14	22.45
PTHR12066	422.0	388.84	0.0	0.0	0.0
PTHR12064	8791.0	8525.72	121.79	39.22	38.06
PTHR13226	3460.0	3327.36	44.0	21.27	20.64
PTHR13889	3596.0	3463.37	107.0	43.7	42.4
PTHR13887	1086.61	1053.45	130.0	52.86	51.3
PTHR21181	2327.21	2260.89	87.02	27.82	27.0
PTHR12411	17036.53	16605.48	1114.0	256.43	248.86
PTHR10459	3161.0	2995.23	16.0	10.6	10.29
PTHR10458	1095.0	1061.84	28.0	11.29	10.96
PTHR19306	4526.88	4427.4	111.0	19.84	19.25
PTHR21506	2398.0	2364.84	64.0	11.54	11.2
PTHR12280	1045.0	945.57	5.0	6.85	6.63
PTHR11451	8038.51	7872.71	442.01	108.16	104.97
PTHR12286	3986.62	3853.99	112.0	42.48	41.23
PTHR22983	4692.0	4592.52	60.0	14.4	13.97
PTHR22981	6102.81	5970.16	157.0	44.56	43.25
PTHR10947	2107.0	2040.68	52.0	21.74	21.09
PTHR30191	4072.0	4038.84	407.0	42.9	41.64
PTHR13082	1444.0	1410.84	73.0	22.12	21.47
PTHR10629	1429.0	1329.55	7.0	5.8	5.63
PTHR10994	24033.26	23569.02	772.99	184.28	178.83
PTHR10996	8822.0	8589.91	248.0	73.85	71.67
PTHR10625	14312.12	13847.94	679.63	197.14	191.35
PTHR10992	68058.21	66566.05	2925.11	576.27	559.29
PTHR10993	3436.61	3303.97	82.0	39.46	38.3
PTHR17695	1373.0	1273.56	8.0	9.96	9.68
PTHR12848	3346.24	3213.59	49.0	25.28	24.53
PTHR12849	1538.0	1471.68	21.0	11.86	11.51
PTHR10943	5872.57	5806.26	131.0	19.7	19.12
PTHR21294	1094.0	1060.84	16.0	6.46	6.27
PTHR12841	1287.0	1253.84	20.0	6.82	6.62
PTHR21290	3345.17	3278.84	105.0	16.42	15.94
PTHR21349	1494.0	1427.68	137.0	83.1	80.65
PTHR21347	2544.0	2510.84	76.75	13.03	12.65
PTHR21343	2273.0	2206.68	20.0	8.53	8.28
PTHR10196	1911.0	1877.84	41.0	9.32	9.04
PTHR10192	2443.0	2376.68	44.0	17.98	17.44
PTHR10751	2973.0	2906.68	81.0	17.91	17.38
PTHR10755	4375.87	4309.55	108.0	21.81	21.16
PTHR10758	1602.0	1568.84	30.0	8.17	7.93
PTHR13152	1417.0	1350.69	16.0	8.47	8.22
PTHR12932	2022.0	1955.68	41.0	15.39	14.93
PTHR12934	1814.0	1747.68	209.0	108.06	104.87
PTHR10288	6979.0	6813.2	570.0	121.52	117.93
PTHR11800	3941.0	3841.52	135.0	46.29	44.92
PTHR11802	11933.89	11602.29	803.99	215.58	209.23
PTHR22870	22589.57	21959.55	533.24	104.0	100.95
PTHR11807	1254.78	1221.62	122.0	42.73	41.47
PTHR11374	1951.51	1918.35	105.79	23.54	22.84
PTHR11808	6473.9	6341.25	467.5	114.34	110.97
PTHR10283	12958.61	12693.34	828.59	140.09	135.95
PTHR10285	9359.0	9093.72	4106.0	911.79	884.89
PTHR10286	3393.0	3293.52	2516.01	917.53	890.44
PTHR11579	3901.56	3835.24	185.0	39.32	38.16
PTHR13355	876.0	842.84	47.0	23.94	23.23
PTHR13718	3141.0	3074.68	1755.05	700.28	679.62
PTHR13711	7347.0	7181.21	676.91	269.47	261.51
PTHR13710	1729.0	1629.52	1.0	0.84	0.82
PTHR11977	3254.0	3187.68	253.0	57.69	55.98
PTHR11972	2856.56	2790.29	91.0	25.4	24.64
PTHR31480	1516.0	1482.84	28.0	8.07	7.83
PTHR31485	5433.0	5333.52	182.0	36.97	35.88
PTHR11715	687.0	653.84	251.0	165.25	160.37
PTHR11717	1123.0	1089.84	15.0	5.89	5.72
PTHR11711	8069.53	7771.09	757.0	456.0	442.55
PTHR11712	5898.0	5765.36	435.0	121.48	117.89
PTHR10374	2194.92	2128.59	232.0	90.91	88.23
PTHR10178	51601.51	50673.04	4791.82	833.63	809.03
PTHR20961	326.0	292.86	0.0	0.0	0.0
PTHR10173	7662.84	7463.88	437.0	154.05	149.52
PTHR10177	7792.0	7659.36	213.0	25.38	24.62
PTHR10174	12313.67	12048.46	1929.0	400.0	388.21
PTHR23249	1773.0	1706.68	55.0	24.53	23.81
PTHR23244	11921.64	11490.58	235.1	83.77	81.31
PTHR23245	965.0	898.69	4.0	3.99	3.87
PTHR23240	1345.0	1245.54	2.0	2.1	2.04
PTHR14614	9547.09	9182.35	310.0	100.24	97.28
PTHR31268	2878.0	2745.36	21.0	12.42	12.06
PTHR31262	1893.9	1827.58	31214.81	12860.33	12480.85
PTHR23063	6024.65	5892.02	171.0	48.23	46.8
PTHR11620	757.0	723.84	3161.95	1878.06	1822.64
PTHR11624	11122.0	10956.2	3692.17	699.22	678.59
PTHR11627	3303.0	3203.54	7648.49	1861.2	1806.27
PTHR11390	3119.0	3052.69	54.0	8.4	8.15
PTHR32442	888.0	854.84	63.0	31.63	30.7
PTHR31319	8627.87	8495.23	1519.0	173.47	168.35
PTHR14052	1289.0	1255.84	13.0	4.43	4.3
PTHR32118	3144.0	3110.84	396.0	54.23	52.63
PTHR23117	2410.0	2310.52	61.0	24.85	24.11
PTHR23115	37369.34	36374.63	8299.76	2006.63	1947.38
PTHR11028	1262.57	1229.42	126.0	43.85	42.55
PTHR11024	2304.0	2237.68	132.0	40.31	39.13
PTHR11778	2359.0	2259.53	103.0	35.6	34.55
PTHR10066	6204.0	6038.2	171.0	33.27	32.3
PTHR12616	2846.0	2746.52	41.0	19.08	18.52
PTHR12613	3996.0	3962.84	151.0	16.22	15.75
PTHR12612	796.0	762.84	108.0	60.83	59.04
PTHR32060	3523.13	3423.65	25.0	9.86	9.57
PTHR12436	4468.0	4368.53	75.0	12.09	11.73
PTHR22734	1554.0	1487.68	91.0	38.43	37.29
PTHR12121	9311.94	8914.03	110.0	60.59	58.79
PTHR12438	2844.0	2810.84	34.0	5.15	5.0
PTHR15492	886.0	852.84	7.0	3.52	3.42
PTHR21426	2041.0	2007.84	21.0	4.46	4.33
PTHR21427	679.0	645.84	6.0	4.0	3.88
PTHR19372	3701.0	3634.68	114.0	22.48	21.81
PTHR19370	8607.11	8374.99	308.0	106.58	103.44
PTHR19376	13942.57	13610.99	198.0	66.55	64.57
PTHR19375	16069.08	15505.37	2824.11	1387.79	1346.83
PTHR12725	5392.64	5293.16	322.0	68.84	66.82
PTHR22884	10384.0	9886.64	89.0	54.71	53.09
PTHR22881	2007.0	1973.84	74.0	16.0	15.53
PTHR22880	4941.0	4742.04	34.0	15.75	15.28
PTHR12542	2239.0	2205.84	84.0	16.24	15.76
PTHR12547	4226.0	4159.68	364.0	66.5	64.54
PTHR12124	1319.0	1285.84	25.0	8.32	8.07
PTHR21512	643.0	609.84	1.0	0.71	0.69
PTHR30508	4768.08	4668.72	205.99	47.66	46.25
PTHR14744	1155.0	1121.84	6.0	2.29	2.22
PTHR30502	958.0	924.84	4.0	1.85	1.8
PTHR10617	7890.59	7724.79	4878.94	1142.33	1108.62
PTHR10615	5692.0	5526.21	111.46	28.99	28.14
PTHR13527	1037.0	1003.84	23.0	9.82	9.53
PTHR22958	4846.98	4747.5	950.0	161.33	156.56
PTHR22951	1524.0	1457.68	81.0	48.32	46.9
PTHR22950	34959.08	34063.8	699.0	188.55	182.97
PTHR22953	3254.0	3187.68	38.0	11.19	10.86
PTHR22952	12345.9	12146.93	2508.05	396.04	384.34
PTHR22957	10232.12	9933.69	316.0	83.92	81.43
PTHR21600	1073.0	1039.84	11.0	4.53	4.4
PTHR24056	8691.11	8392.67	101.0	41.05	39.84
PTHR24054	4851.4	4718.76	665.91	152.04	147.55
PTHR24055	13312.84	12881.78	341.0	121.36	117.78
PTHR24058	5947.96	5782.19	119.0	31.04	30.12
PTHR10766	7924.75	7725.79	777.03	208.68	202.52
PTHR10762	830.0	763.69	1.0	1.02	0.99
PTHR30031	4030.0	3930.53	737.66	100.04	97.08
PTHR12945	379.0	345.85	5.0	6.29	6.11
PTHR12944	822.0	788.84	2.0	1.09	1.06
PTHR23163	645.0	611.84	7.0	4.93	4.78
PTHR24128	5705.0	5506.04	32.0	15.28	14.84
PTHR13096	1094.0	1060.84	25.0	10.09	9.8
PTHR11364	1385.25	1352.09	107.0	33.84	32.84
PTHR11365	2128.0	2028.53	23.0	15.56	15.1
PTHR11361	5492.23	5260.17	125.83	41.8	40.56
PTHR11814	3999.0	3833.24	46.0	18.63	18.09
PTHR10543	6916.0	6617.6	157.0	50.25	48.78
PTHR10540	4599.81	4500.32	365.0	106.43	103.29
PTHR10544	736.0	702.84	1399.97	856.66	831.39
PTHR11562	1403.0	1336.68	28.0	18.64	18.09
PTHR11566	9619.0	9420.06	560.0	107.59	104.41
PTHR11567	1922.0	1855.68	38.0	16.1	15.63
PTHR11564	7753.0	7554.04	295.0	85.82	83.29
PTHR11962	2838.0	2705.38	44.0	25.47	24.73
PTHR11963	4571.85	4505.53	393.29	73.12	70.96
PTHR24315	2219.75	2186.58	144.0	28.09	27.26
PTHR10381	8462.85	8263.89	939.0	298.68	289.86
PTHR10383	3745.0	3678.68	415.0	105.45	102.33
PTHR11705	6126.06	6026.58	207.0	40.31	39.12
PTHR11702	12151.0	11885.72	997.06	200.0	194.1
PTHR11700	1490.0	1423.68	1912.0	1236.91	1200.41
PTHR10388	1463.0	1429.84	1185.0	354.25	343.8
PTHR11709	8807.8	8675.16	254.0	51.65	50.13
PTHR10145	4488.0	4355.36	21.0	8.19	7.96
PTHR23273	4074.38	3941.73	68.0	32.99	32.02
PTHR23270	2007.0	1874.38	15.0	13.18	12.79
PTHR23050	3131.0	3031.52	966.0	378.33	367.18
PTHR23056	660.0	626.84	6.0	4.12	4.0
PTHR23054	1175.0	1141.84	46.0	17.25	16.74
PTHR11638	13729.49	13464.22	1800.07	325.57	315.97
PTHR31783	6654.0	6587.68	72.0	9.52	9.24
PTHR11632	6606.0	6506.52	356.0	67.49	65.49
PTHR11630	6581.0	6183.14	77.0	62.39	60.54
PTHR11140	5648.53	5549.05	487.16	97.35	94.48
PTHR11141	3116.0	3082.84	111.0	15.34	14.89
PTHR11142	4336.22	4170.46	94.0	34.25	33.26
PTHR11143	1237.0	1170.68	1214.0	693.6	673.13
PTHR11380	1035.0	1001.84	23.0	9.84	9.55
PTHR11384	5457.0	5291.2	67.0	19.9	19.33
PTHR32477	1187.0	1120.68	8.0	7.02	6.81
PTHR14043	1421.0	1354.69	8.0	5.87	5.7
PTHR32472	418.0	384.84	4.0	4.51	4.38
PTHR31658	354.0	320.85	1.0	1.36	1.32
PTHR14269	3354.0	3254.53	114.0	36.3	35.23
PTHR11276	1792.0	1692.55	4.0	1.85	1.8
PTHR22883	9817.28	9518.84	199.0	74.03	71.85
PTHR23125	39637.95	38808.97	783.97	146.22	141.89
PTHR12050	916.0	882.84	54.0	26.24	25.47
PTHR30603	4515.0	4415.52	492.65	65.74	63.8
PTHR19211	18293.2	17762.66	9328.4	4442.65	4311.54
PTHR23338	2282.0	2215.68	160.94	66.7	64.72
PTHR12608	4002.0	3869.37	103.0	42.76	41.52
PTHR12604	5005.0	4938.68	65.0	11.57	11.23
PTHR12603	1531.0	1464.68	14.0	8.91	8.64
PTHR32091	1431.0	1364.68	32.0	18.84	18.28
PTHR23339	2734.82	2635.34	161.0	72.32	70.18
PTHR32098	2764.92	2632.29	25.0	12.71	12.32
PTHR18763	314.0	280.87	4.0	6.23	6.05
PTHR22726	5174.25	5041.61	421.0	76.69	74.43
PTHR22727	24661.34	24462.38	586.0	89.78	87.14
PTHR12428	5435.6	5269.8	142.0	52.36	50.82
PTHR18968	12068.8	11836.68	1002.9	135.82	131.82
PTHR12730	2217.0	2150.68	17.0	7.41	7.19
PTHR12736	4394.0	4327.68	97.0	21.07	20.45
PTHR12735	3779.92	3647.28	177.0	86.19	83.64
PTHR15020	8405.58	8173.46	254.0	97.09	94.22
PTHR12049	2242.0	2142.52	25.0	14.71	14.28
PTHR12558	1248.0	1148.54	4.0	4.1	3.99
PTHR12553	3530.0	3430.52	135.0	46.92	45.54
PTHR24072	1165.12	1131.97	26.0	9.83	9.54
PTHR24073	15872.06	15440.98	1614.01	542.22	526.22
PTHR21569	4866.65	4800.33	1874.88	626.91	608.4
PTHR21567	448.0	414.84	4.0	4.18	4.06
PTHR13950	465.0	431.84	2.0	2.01	1.95
PTHR12133	1072.0	1038.84	11.0	4.54	4.4
PTHR10972	11739.46	11341.57	401.28	138.63	134.52
PTHR21704	351.0	317.85	0.0	0.0	0.0
PTHR10606	3191.09	3124.78	202.0	69.72	67.66
PTHR13393	1195.0	1128.68	3.0	2.29	2.23
PTHR13395	364.0	330.85	0.0	0.0	0.0
PTHR23130	11586.56	11387.6	599.72	115.07	111.67
PTHR22891	4497.94	4265.88	161.0	71.08	68.98
PTHR22893	3554.0	3487.68	350.54	85.04	82.53
PTHR10778	3667.0	3600.68	182.0	44.4	43.09
PTHR24064	12089.0	11856.89	578.0	90.38	87.72
PTHR24063	23762.94	23232.42	1506.14	203.79	197.76
PTHR21011	944.0	910.84	51.0	24.02	23.31
PTHR25040	5628.0	5495.36	183.0	47.38	45.99
PTHR21015	2055.0	2021.84	42.0	8.86	8.6
PTHR24068	4282.0	4182.52	770.95	228.78	222.03
PTHR19980	1729.0	1662.68	24.0	13.7	13.29
PTHR12959	794.0	727.69	5.0	6.01	5.84
PTHR10961	3880.67	3781.2	83.0	25.92	25.16
PTHR11825	4887.0	4721.2	457.0	145.92	141.61
PTHR10809	1643.0	1609.84	132.98	35.29	34.24
PTHR11822	2652.0	2618.84	709.96	115.56	112.15
PTHR10555	8143.0	7944.04	171.0	61.58	59.75
PTHR10806	1991.94	1925.62	89.0	40.65	39.46
PTHR10804	14285.0	13920.26	911.0	233.25	226.36
PTHR11556	5286.0	5120.23	8391.48	2072.52	2011.37
PTHR11006	6527.0	6294.89	211.0	79.2	76.85
PTHR11558	2576.0	2509.68	83.0	26.92	26.13
PTHR13773	4228.0	4161.68	146.0	27.92	27.09
PTHR11953	2810.0	2743.68	74.0	24.94	24.21
PTHR11952	10386.0	10153.88	154.0	43.67	42.37
PTHR11956	1937.0	1870.71	26.0	17.34	16.83
PTHR11959	2282.0	2248.84	179.0	33.95	32.95
PTHR11739	3820.0	3753.68	649.99	128.38	124.59
PTHR11732	24194.83	23531.62	1292.0	337.51	327.55
PTHR11731	6251.0	6118.36	75.0	20.26	19.66
PTHR11730	2861.0	2761.55	5.0	3.97	3.85
PTHR11735	2924.0	2857.68	31.0	8.7	8.45
PTHR10394	933.0	899.84	1732.0	825.65	801.28
PTHR20941	2379.5	2346.34	73.0	13.27	12.88
PTHR31065	10315.0	10215.52	405.0	57.18	55.48
PTHR10159	13703.0	13371.4	854.0	182.08	176.7
PTHR31066	1217.0	1183.84	8.0	2.89	2.81
PTHR13604	567.0	533.84	3.0	2.43	2.35
PTHR23264	3288.0	3155.38	50.0	27.16	26.36
PTHR23269	1557.0	1523.84	8.0	2.24	2.18
PTHR31204	830.0	796.84	16.0	8.62	8.37
PTHR31201	4186.0	4119.68	55.0	12.13	11.78
PTHR31209	1551.0	1517.84	14.0	3.94	3.82
PTHR11607	699.0	665.84	5.0	3.23	3.14
PTHR11606	3051.75	2985.43	249.0	47.87	46.46
PTHR23284	2076.0	2042.84	22.0	4.59	4.46
PTHR32467	26126.68	25662.46	1703.0	171.69	166.61
PTHR14255	11251.0	10919.42	239.0	63.61	61.72
PTHR23133	1342.0	1308.84	93.0	30.39	29.49
PTHR23135	1617.0	1550.68	40.0	19.75	19.16
PTHR23138	1318.0	1284.84	205.87	68.54	66.52
PTHR23139	12978.0	12646.39	491.25	151.83	147.35
PTHR31682	1512.0	1445.68	175.0	99.63	96.7
PTHR11040	7500.0	7301.05	364.0	71.44	69.35
PTHR11043	2295.0	2228.68	175.0	66.6	64.62
PTHR11042	3740.0	3607.36	51.0	19.48	18.92
PTHR11048	7333.0	7233.52	558.0	110.32	107.05
PTHR15818	1988.0	1954.84	28.0	6.11	5.93
PTHR12636	1015.0	981.84	47.0	20.52	19.91
PTHR14490	1251.0	1151.55	40.0	48.76	47.32
PTHR14493	25875.28	25377.89	1569.0	280.88	272.59
PTHR15651	1909.0	1809.55	17.0	11.5	11.17
PTHR12380	1484.83	1418.51	95.72	50.54	49.05
PTHR12385	2339.0	2305.84	276.0	51.05	49.54
PTHR12706	1008.0	908.59	4.0	5.16	5.01
PTHR30573	1647.97	1614.8	151.99	40.2	39.02
PTHR12709	1367.0	1300.68	10.0	6.7	6.5
PTHR19957	5495.01	5362.36	849.0	209.98	203.78
PTHR12561	869.0	835.84	5.0	2.57	2.49
PTHR12560	7301.0	7102.04	153.0	40.46	39.26
PTHR11203	5866.0	5733.36	71.0	20.69	20.07
PTHR12097	3791.0	3724.68	114.01	18.91	18.35
PTHR19842	1427.0	1393.84	39.0	11.96	11.61
PTHR11752	15527.86	14964.22	196.03	74.44	72.23
PTHR21576	6969.0	6770.04	102.0	32.74	31.77
PTHR24193	12401.73	12103.29	604.0	157.5	152.86
PTHR12419	5327.28	5128.34	74.0	32.31	31.37
PTHR30525	1542.0	1508.84	30.0	8.5	8.25
PTHR12413	2129.0	1996.37	17.0	13.15	12.76
PTHR12412	2262.0	2195.68	21.0	7.66	7.43
PTHR13948	1263.59	1197.28	50.0	28.59	27.74
PTHR12146	1328.0	1261.7	1529.0	684.2	664.02
PTHR12415	528.0	494.84	1.0	0.87	0.85
PTHR21717	1670.0	1636.84	66.0	17.22	16.71
PTHR21712	2156.83	2090.5	70.0	19.46	18.89
PTHR12897	1197.0	1130.68	15.0	10.3	10.0
PTHR12894	2662.0	2529.36	24.0	19.22	18.65
PTHR12891	1593.0	1559.84	9.0	2.47	2.39
PTHR22976	9882.5	9716.7	464.98	84.77	82.27
PTHR22975	2420.69	2354.37	44.0	16.42	15.93
PTHR22970	463.0	429.84	4.0	4.03	3.91
PTHR14145	2832.0	2765.68	114.0	35.14	34.11
PTHR21377	1896.0	1829.68	78.0	37.36	36.26
PTHR21371	2169.0	2135.84	746.0	149.0	144.6
PTHR21373	1719.85	1686.69	92.0	23.29	22.61
PTHR22573	11414.09	11181.98	1366.11	273.38	265.32
PTHR22572	15161.0	14862.56	667.06	150.6	146.16
PTHR21000	1762.0	1728.84	91.01	22.48	21.82
PTHR10701	1467.0	1433.84	128.0	38.16	37.03
PTHR13161	3783.12	3683.64	66.0	22.59	21.91
PTHR13162	7922.0	7756.2	100.99	18.19	17.64
PTHR13165	2172.32	2139.15	43.0	8.57	8.32
PTHR21396	1176.0	1142.84	25.0	9.36	9.09
PTHR12965	755.0	688.71	1.0	1.07	1.03
PTHR12459	1693.0	1659.84	21.0	5.4	5.24
PTHR13069	2327.0	2227.52	15.0	7.63	7.4
PTHR13068	9392.0	9193.04	251.0	47.38	45.98
PTHR24106	7724.87	7426.44	156.0	64.07	62.2
PTHR24103	3114.0	3014.53	11.0	3.74	3.63
PTHR31606	1450.0	1416.84	85.0	25.65	24.89
PTHR11540	5083.0	4950.36	1059.82	290.18	281.64
PTHR10836	5624.0	5524.52	13935.44	2961.41	2874.02
PTHR10835	993.0	926.69	3.0	2.25	2.18
PTHR11545	2644.0	2544.52	2051.04	1277.56	1239.86
PTHR10012	1969.0	1935.84	51.0	11.24	10.91
PTHR13768	3873.17	3806.85	125.0	25.73	24.97
PTHR24078	13788.76	13324.51	337.0	116.11	112.69
PTHR11946	21844.49	21280.77	626.75	168.97	164.0
PTHR11947	4616.12	4516.64	77.0	22.5	21.84
PTHR11941	9086.68	8887.75	400.01	88.48	85.87
PTHR10497	1092.0	1025.69	953.01	609.48	591.5
PTHR10496	1051.0	984.71	1494.0	907.35	880.58
PTHR10491	929.0	895.84	7.0	3.35	3.25
PTHR24076	17022.24	16524.85	917.02	271.41	263.38
PTHR24077	12782.6	12417.85	488.0	157.59	152.96
PTHR11728	3992.0	3859.39	125.18	46.01	44.64
PTHR11726	1273.0	1206.69	2078.22	997.2	967.77
PTHR11727	1985.0	1885.53	51.0	29.55	28.67
PTHR11721	822.0	788.84	1862.14	1013.93	984.01
PTHR11722	831.0	797.84	2140.97	1152.46	1118.46
PTHR10120	3392.27	3325.95	88.0	25.28	24.53
PTHR10122	1424.0	1390.84	498.14	153.12	148.6
PTHR11831	1794.0	1694.52	782.6	806.78	782.98
PTHR11835	4477.0	4377.52	387.3	116.11	112.67
PTHR11614	6456.0	6323.36	65.0	19.32	18.74
PTHR11615	6575.65	6409.85	346.48	109.64	106.41
PTHR11618	2144.84	2078.53	123.0	31.33	30.4
PTHR14140	1963.0	1863.52	21.0	13.2	12.81
PTHR32419	5234.14	5134.66	106.0	26.54	25.75
PTHR10231	1244.0	1177.68	9.0	6.71	6.51
PTHR10233	4162.0	4029.36	63.0	24.14	23.42
PTHR20922	3231.66	3165.34	107.14	25.99	25.22
PTHR31503	10626.0	10493.36	476.18	72.77	70.63
PTHR23147	1691.03	1624.71	94.0	41.02	39.81
PTHR10548	4437.04	4271.24	376.0	178.92	173.64
PTHR23140	2349.88	2316.71	29.0	5.34	5.18
PTHR23142	1526.29	1459.97	16.0	9.43	9.16
PTHR23149	2493.92	2394.44	88.0	45.99	44.63
PTHR23148	774.0	740.84	6.0	3.48	3.38
PTHR11817	18557.04	18125.97	739.68	135.06	131.05
PTHR11056	1528.0	1494.84	13.0	3.72	3.61
PTHR11055	4326.33	4193.69	3773.07	1489.52	1445.58
PTHR11363	1559.0	1492.69	2570.84	1346.18	1306.45
PTHR32523	5091.0	5024.68	45.0	6.27	6.08
PTHR31695	1344.77	1311.6	32.0	10.43	10.13
PTHR11819	12219.0	11986.88	505.07	65.64	63.71
PTHR12629	922.0	888.84	26.0	12.55	12.18
PTHR18945	618.0	584.84	1.0	0.74	0.72
PTHR26402	10188.0	9955.91	189.0	35.28	34.24
PTHR19384	9662.76	9397.54	3992.61	1084.48	1052.48
PTHR12714	3849.0	3716.36	75.0	31.18	30.26
PTHR32251	1573.0	1539.84	82.0	22.75	22.08
PTHR12570	1379.4	1346.23	57.0	18.1	17.57
PTHR21494	363.0	329.85	1.0	1.32	1.28
PTHR21496	4471.82	4306.05	305.0	133.73	129.79
PTHR21493	22568.76	22104.56	608.99	115.17	111.76
PTHR21499	9319.05	9219.57	1322.15	224.82	218.19
PTHR21148	4421.0	4288.36	101.92	35.78	34.72
PTHR12083	2468.0	2401.68	47.0	12.04	11.68
PTHR22904	27639.16	26810.18	894.0	302.85	293.9
PTHR13976	6046.0	5913.36	160.0	42.48	41.22
PTHR19852	2028.0	1994.84	41.0	8.77	8.51
PTHR12406	13686.5	13454.37	329.0	60.51	58.73
PTHR16128	2131.0	1998.37	8.0	5.71	5.54
PTHR12400	359.0	325.85	4.0	5.35	5.19
PTHR13572	1328.0	1261.7	3.0	2.3	2.24
PTHR30314	1735.0	1668.68	74.0	32.43	31.47
PTHR12882	1028.0	994.84	14.0	6.03	5.85
PTHR12883	1345.0	1311.84	16.0	5.22	5.06
PTHR16255	2368.0	2301.68	62.0	21.62	20.99
PTHR16254	5520.0	5453.68	176.0	27.62	26.8
PTHR22960	2981.55	2948.39	110.0	15.9	15.43
PTHR13373	813.0	779.84	9.0	4.96	4.81
PTHR22967	1916.0	1849.68	10.0	4.63	4.49
PTHR30222	452.0	418.84	3.0	3.1	3.01
PTHR13115	2207.0	2173.84	32.0	6.28	6.09
PTHR13117	1867.79	1834.63	19.0	4.42	4.29
PTHR12975	1198.0	1098.55	5.0	5.32	5.17
PTHR13285	547.0	513.84	4.0	3.36	3.26
PTHR13288	1115.0	1048.68	25.0	21.92	21.28
PTHR10953	19145.8	18681.57	437.93	104.6	101.48
PTHR21726	888.0	854.84	37.0	18.58	18.03
PTHR10956	353.0	319.85	5.0	6.82	6.61
PTHR11538	4046.0	3946.54	241.74	56.95	55.27
PTHR10826	2601.0	2534.68	183.0	61.66	59.84
PTHR11533	7184.8	7085.33	323.0	42.93	41.67
PTHR11532	3188.0	3121.68	63.0	16.87	16.37
PTHR10971	2556.31	2489.99	75.0	24.95	24.22
PTHR10000	4541.69	4409.05	103.0	35.4	34.35
PTHR13021	1195.0	1161.84	14.0	5.16	5.01
PTHR10108	55953.43	54693.42	2116.99	637.1	618.28
PTHR24007	2655.0	2555.54	37.0	16.54	16.06
PTHR24006	17525.7	16862.54	238.0	92.46	89.71
PTHR24003	16244.0	15680.3	165.0	64.32	62.4
PTHR31446	573.0	539.84	9.0	7.2	6.98
PTHR31190	4747.0	4647.52	96.0	27.55	26.73
PTHR11441	1634.0	1600.84	45.0	12.01	11.65
PTHR11440	4071.0	3938.36	71.0	26.63	25.84
PTHR11999	10290.05	10091.08	888.0	150.16	145.72
PTHR11998	4962.0	4829.36	176.0	52.17	50.64
PTHR11449	641.0	607.84	2206.06	1563.78	1517.63
PTHR11994	1312.0	1245.69	1906.01	900.33	873.76
PTHR10137	1758.0	1691.68	113.02	57.16	55.48
PTHR10133	3519.0	3419.52	41.0	15.29	14.84
PTHR21649	18870.18	18306.45	43150.9	15492.95	15035.8
PTHR13620	2178.0	2045.4	18.0	12.02	11.67
PTHR11847	989.0	955.84	1324.0	593.85	576.32
PTHR11843	1050.0	983.69	1294.16	859.94	834.56
PTHR13138	1421.0	1354.68	8.0	5.15	4.99
PTHR11661	3773.0	3673.52	1588.17	1059.07	1027.82
PTHR11662	39419.64	38391.77	890.94	212.02	205.78
PTHR11669	6079.0	5946.36	176.99	50.69	49.19
PTHR11668	13937.0	13572.25	771.98	191.79	186.14
PTHR20856	10807.42	10475.86	206.04	76.14	73.89
PTHR20854	3893.3	3760.66	145.0	64.95	63.04
PTHR20855	5035.38	4969.06	193.97	35.17	34.13
PTHR20852	9304.0	9105.05	114210.06	101799.65	98795.75
PTHR32404	1613.0	1579.84	91.0	24.61	23.88
PTHR20858	3323.0	3223.52	46.0	14.86	14.42
PTHR14898	3701.18	3634.86	83.0	17.98	17.46
PTHR14237	11753.51	11421.92	940.0	188.98	183.41
PTHR14894	1512.0	1445.68	5.0	3.04	2.96
PTHR23155	22851.01	22320.45	272.0	78.52	76.2
PTHR23153	6135.81	5970.08	154.0	56.31	54.63
PTHR23151	10623.0	10291.41	994.79	383.84	372.49
PTHR11063	4994.0	4894.52	193.0	40.48	39.28
PTHR11062	4903.9	4771.31	81.0	34.4	33.39
PTHR11061	5438.99	5240.03	88.0	43.7	42.4
PTHR11065	8191.0	8025.2	361.0	94.55	91.76
PTHR11064	4020.96	3921.48	275.05	89.63	86.98
PTHR11260	16528.21	16097.11	509.0	175.95	170.76
PTHR11264	1652.0	1618.84	36.0	9.5	9.22
PTHR11266	10587.88	10322.61	526.83	150.59	146.13
PTHR13501	2048.0	1981.68	313.07	132.12	128.22
PTHR31998	3616.0	3582.84	1560.07	185.44	179.97
PTHR31221	1107.0	1040.71	1.0	0.56	0.55
PTHR15838	1496.0	1396.53	12.0	11.04	10.72
PTHR22836	1453.0	1419.84	11.0	3.31	3.21
PTHR32338	1341.0	1307.84	89.0	29.1	28.25
PTHR31155	2915.5	2816.02	184.0	62.24	60.41
PTHR12363	6357.0	6191.2	80.0	29.79	28.91
PTHR18952	526.0	492.84	3.0	2.63	2.55
PTHR12765	1009.52	976.36	20.0	8.78	8.52
PTHR12505	1724.0	1657.68	29.0	15.26	14.81
PTHR12506	2999.0	2899.52	39.0	16.16	15.69
PTHR22604	1167.0	1100.68	12.0	8.79	8.53
PTHR21481	990.0	923.69	2.0	1.98	1.93
PTHR11482	10620.0	10387.88	1246.99	266.98	259.11
PTHR22778	788.73	755.67	33.0	18.76	18.2
PTHR12169	5290.08	5124.32	304.0	49.23	47.77
PTHR19446	17803.31	17471.76	2616.96	521.54	506.16
PTHR12219	971.0	937.84	118.0	53.95	52.36
PTHR13563	2699.0	2632.68	22.0	7.56	7.34
PTHR12210	5185.0	5085.54	437.0	72.76	70.6
PTHR12215	1093.0	1059.84	13.0	5.25	5.1
PTHR12214	1670.0	1603.68	3.0	2.33	2.26
PTHR22915	11782.0	11450.4	195.0	64.3	62.42
PTHR22911	5960.0	5727.89	102.0	34.15	33.14
PTHR22912	17371.19	16940.13	1584.44	625.98	607.52
PTHR12183	5204.0	5071.36	154.0	34.25	33.23
PTHR19849	2687.0	2620.68	22.0	6.09	5.9
PTHR22594	12773.0	12474.61	412.01	96.52	93.67
PTHR11864	2594.92	2495.43	79.0	35.25	34.21
PTHR21152	5088.4	4955.75	620.0	229.75	222.97
PTHR21021	969.0	902.69	25.0	19.55	18.97
PTHR19861	1172.0	1138.84	17.0	6.39	6.2
PTHR13102	411.0	377.84	1.0	1.15	1.12
PTHR12984	4209.0	4076.36	30.0	12.31	11.95
PTHR23293	3654.0	3554.52	402.0	71.3	69.19
PTHR13299	1223.0	1156.68	5.0	3.71	3.6
PTHR10925	781.0	747.84	5.0	2.87	2.79
PTHR21737	3860.49	3694.7	329.0	97.28	94.41
PTHR10920	4300.73	4168.08	146.0	57.88	56.15
PTHR10855	3603.0	3536.68	112.0	27.04	26.23
PTHR10585	2065.0	1965.53	92.0	65.14	63.22
PTHR10584	12537.0	12238.56	380.0	110.24	106.99
PTHR11528	5330.0	5230.52	2732.85	753.06	730.85
PTHR11527	9390.99	9225.18	961.23	191.57	185.92
PTHR11525	1226.0	1159.68	9.0	6.69	6.49
PTHR10859	5029.0	4896.36	98.0	29.67	28.78
PTHR10589	2473.0	2373.52	143.11	92.07	89.36
PTHR10588	2108.0	2008.55	16.0	7.12	6.91
PTHR13038	2137.0	2103.84	30.0	6.08	5.9
PTHR13748	10795.0	10397.09	266.08	136.66	132.65
PTHR12126	2865.0	2798.68	226.0	64.16	62.27
PTHR13743	768.0	701.71	2.0	2.0	1.94
PTHR24015	28594.44	27964.47	710.79	127.0	123.23
PTHR24012	30064.05	29367.7	7911.04	1829.87	1775.89
PTHR24011	39084.87	38123.38	3679.91	652.86	633.58
PTHR31187	11898.0	11632.73	660.98	114.92	111.54
PTHR21145	856.0	822.84	22.0	11.48	11.14
PTHR13007	857.41	824.25	16.0	8.33	8.09
PTHR11986	13535.0	13236.56	839.09	217.26	210.84
PTHR11455	12160.0	11861.57	820.06	86.42	83.87
PTHR10102	2098.0	1998.52	25.0	16.43	15.95
PTHR11458	1431.0	1397.84	55.0	16.82	16.32
PTHR10106	1680.82	1647.66	106.0	27.48	26.67
PTHR31057	499.0	465.84	0.0	0.0	0.0
PTHR11851	22015.79	21418.93	543.0	140.79	136.67
PTHR23092	5810.0	5544.73	40.0	26.43	25.66
PTHR23091	20740.49	20276.28	839.0	173.04	167.94
PTHR11673	1674.0	1640.84	1054.87	274.59	266.48
PTHR11670	5673.0	5540.36	946.21	296.91	288.14
PTHR11671	2059.61	2026.45	210.0	44.22	42.91
PTHR20863	3967.0	3867.52	2175.15	989.04	959.86
PTHR20861	1122.0	1088.84	23.0	9.05	8.78
PTHR11679	8224.0	7925.58	124.0	62.61	60.76
PTHR14009	2738.99	2639.51	40.62	20.99	20.37
PTHR10217	10960.0	10562.15	99.0	37.45	36.32
PTHR14005	2782.0	2748.84	116.0	17.99	17.45
PTHR10210	5179.0	5112.68	448.0	69.37	67.32
PTHR31522	1566.0	1532.84	147.0	40.98	39.77
PTHR14221	496.0	462.84	0.0	0.0	0.0
PTHR11079	7244.25	7045.31	362.92	116.3	112.87
PTHR11076	5732.5	5500.4	30.0	12.42	12.06
PTHR11070	4013.22	3880.58	86.0	29.48	28.61
PTHR11071	26369.88	25441.45	3028.95	1022.46	992.28
PTHR11278	856.0	822.84	1499.0	782.13	759.05
PTHR14107	1985.0	1951.84	32.0	7.0	6.79
PTHR11804	12825.0	12526.56	300.0	112.42	109.1
PTHR11274	2190.0	2123.68	49.0	17.29	16.77
PTHR14136	5007.0	4874.36	296.0	107.85	104.67
PTHR31984	3451.0	3384.68	281.0	58.26	56.54
PTHR15350	2238.12	2171.8	143.0	56.38	54.72
PTHR15606	2663.0	2563.52	23.0	11.27	10.93
PTHR12374	2947.19	2880.87	71.0	21.08	20.46
PTHR12375	1722.59	1689.43	74.0	18.71	18.15
PTHR12378	2107.0	2007.53	48.0	23.94	23.23
PTHR18929	10547.0	10248.56	3603.0	951.46	923.38
PTHR30535	2368.0	2301.68	50.0	19.13	18.56
PTHR12777	943.0	909.84	65.0	30.64	29.74
PTHR12775	2329.0	2262.68	31.0	10.94	10.62
PTHR12770	5367.0	5201.2	57.0	17.81	17.29
PTHR20981	857.0	823.84	1280.99	667.56	647.86
PTHR10438	27282.47	26652.42	2799.99	1045.8	1014.95
PTHR16092	1647.0	1580.68	12.0	6.93	6.72
PTHR11035	2309.0	2242.68	128.0	47.62	46.21
PTHR22298	9134.0	8968.23	917.02	75.82	73.58
PTHR12174	4099.0	3966.39	91.0	32.11	31.15
PTHR12175	2399.0	2332.68	29.0	10.57	10.26
PTHR12176	10941.0	10808.36	462.0	53.73	52.14
PTHR22769	3315.0	3182.39	57.0	26.46	25.68
PTHR22767	4205.0	4039.21	40.0	15.61	15.15
PTHR22765	6878.0	6745.36	205.0	40.94	39.73
PTHR22762	3292.0	3258.84	75.0	9.8	9.51
PTHR22763	1148.93	1115.77	30.0	11.51	11.17
PTHR22761	3985.07	3885.59	393.0	111.32	108.03
PTHR21231	2738.12	2671.8	73.0	23.58	22.89
PTHR21230	2121.0	2054.68	35.0	16.08	15.61
PTHR21234	2415.0	2348.68	52.0	18.34	17.8
PTHR21237	3761.0	3661.52	321.0	118.47	114.97
PTHR12202	976.0	909.68	4.0	3.88	3.77
PTHR12203	4733.51	4567.72	64.0	22.88	22.21
PTHR19857	1979.84	1946.67	106.0	23.24	22.55
PTHR19854	3382.88	3150.82	23.0	21.54	20.9
PTHR19855	1261.0	1227.84	22.0	7.67	7.44
PTHR13353	3635.48	3502.84	480.0	155.31	150.73
PTHR19853	2402.0	2335.68	35.0	13.0	12.61
PTHR12197	9308.0	8910.16	84.0	41.38	40.14
PTHR19858	2046.37	1946.97	18.0	12.6	12.23
PTHR13822	1149.0	1115.84	248.82	95.48	92.66
PTHR10344	1103.0	1036.69	10.0	8.68	8.42
PTHR10732	729.0	695.84	1414.16	874.15	848.36
PTHR10738	1662.0	1595.69	14.0	4.74	4.6
PTHR10739	2735.0	2668.68	114.0	35.86	34.79
PTHR22846	1685.0	1585.55	5.0	3.24	3.14
PTHR12992	888.0	854.84	3.0	1.51	1.46
PTHR22838	1572.93	1473.46	16.0	11.83	11.48
PTHR11588	4171.73	3939.63	353.0	141.43	137.26
PTHR11934	2149.0	2082.68	154.0	67.43	65.43
PTHR10938	1457.0	1423.84	71.0	21.32	20.69
PTHR10934	735.0	701.84	1833.04	1123.28	1090.14
PTHR11510	2171.0	2137.84	70.0	13.97	13.56
PTHR11516	4484.44	4384.96	736.93	218.19	211.75
PTHR10025	4159.0	4059.52	113.0	24.4	23.67
PTHR10026	6401.77	6202.81	278.0	100.17	97.21
PTHR13009	3244.0	3144.52	88.0	32.68	31.71
PTHR30115	1095.0	1061.84	116.99	47.19	45.8
PTHR10598	1900.7	1867.53	114.0	26.06	25.29
PTHR17901	479.0	445.84	8.0	7.77	7.54
PTHR24351	4483.0	4416.68	86.0	15.96	15.48
PTHR20982	1390.0	1356.84	211.0	66.49	64.53
PTHR24352	3733.57	3667.25	186.0	43.31	42.03
PTHR11467	1855.0	1821.84	795.0	186.28	180.79
PTHR10119	7567.0	7368.04	227.71	73.68	71.51
PTHR10114	417.0	383.84	1019.0	1152.73	1118.71
PTHR10110	11257.0	10925.4	144.0	46.42	45.07
PTHR11469	2241.0	2207.84	158.0	30.52	29.62
PTHR10445	1111.0	1077.84	125.0	49.67	48.2
PTHR11863	2700.0	2633.68	54.0	12.8	12.42
PTHR24286	13709.0	13476.88	2397.89	383.64	372.33
PTHR23429	4383.62	4317.3	155.0	30.64	29.74
PTHR23426	1201.0	1167.84	113.0	41.42	40.19
PTHR10593	2424.0	2258.23	18.0	17.61	17.1
