GeneFamily	length	effective_length	expected_count	TPM	FPKM
PTHR11649	10517.1	10144.11	4949.91	329.69	293.48
PTHR31089	2072.0	2034.7	211.0	7.76	6.9
PTHR31085	10533.53	10235.13	6731.8	389.44	346.68
PTHR11647	3399.38	3324.78	3698.64	175.3	156.05
PTHR11645	1758.0	1720.7	3397.71	147.8	131.57
PTHR11880	1740.0	1665.4	4605.0	425.36	378.66
PTHR11885	933.0	895.7	6662.03	559.26	497.85
PTHR10209	9410.91	9187.1	5268.71	192.95	171.77
PTHR32429	2810.78	2736.18	12790.94	724.42	644.87
PTHR31423	821.6	784.3	405.1	38.89	34.62
PTHR31551	628.72	591.42	79.0	10.09	8.98
PTHR32195	3587.07	3475.16	573.07	31.7	28.21
PTHR11081	2877.26	2728.07	689.55	40.54	36.09
PTHR11080	2414.05	2302.16	218.0	20.12	17.92
PTHR11082	4940.41	4753.94	1094.58	82.46	73.42
PTHR11085	6656.52	6470.0	1062.37	41.96	37.35
PTHR11089	9580.58	9207.63	2721.39	202.96	180.65
PTHR32518	4111.3	4073.99	2107.0	38.6	34.36
PTHR11247	3442.05	3330.14	877.84	51.76	46.06
PTHR11246	11197.2	10973.39	3417.59	130.04	115.76
PTHR32512	4605.14	4530.53	239.0	7.87	7.01
PTHR23088	4871.25	4722.02	1614.02	108.92	96.96
PTHR23089	2075.0	2000.4	2435.64	181.62	161.68
PTHR23081	4123.96	3974.77	426.75	26.81	23.86
PTHR23083	39509.12	38427.44	18503.54	838.92	746.8
PTHR23084	4662.08	4587.5	1109.49	34.11	30.37
PTHR23086	3116.67	2967.47	726.0	75.27	67.01
PTHR18806	2755.75	2681.14	4159.2	210.53	187.41
PTHR31953	2710.79	2636.19	699.04	43.33	38.57
PTHR15184	6394.51	6245.29	22051.12	920.93	819.81
PTHR15341	1450.24	1412.94	412.0	21.85	19.45
PTHR32357	3406.39	3331.79	3099.06	135.36	120.5
PTHR12696	1710.25	1672.95	2201.26	98.49	87.68
PTHR12341	3498.21	3423.61	1659.92	75.41	67.14
PTHR15160	5132.46	5020.57	19768.47	763.69	679.82
PTHR18937	12668.48	12370.08	2360.24	102.23	90.99
PTHR18934	26305.08	25410.05	5758.13	351.38	312.79
PTHR12742	2052.0	2014.7	1034.95	38.42	34.2
PTHR12741	15008.07	14672.36	5185.91	220.38	196.19
PTHR19288	2528.99	2454.39	596.5	37.65	33.51
PTHR13903	3133.0	3058.4	1613.03	72.78	64.79
PTHR22753	5173.98	5024.78	505.0	29.63	26.38
PTHR30615	725.0	687.7	497.16	54.51	48.52
PTHR22939	18012.98	17602.66	8910.87	369.3	328.74
PTHR22938	1227.11	1152.53	90.0	11.66	10.39
PTHR30612	5511.04	5399.15	3478.37	110.71	98.55
PTHR22932	1057.0	1019.7	5362.09	394.94	351.57
PTHR22931	12429.61	12243.12	11084.5	242.36	215.75
PTHR12233	1211.83	1174.53	1242.0	79.33	70.62
PTHR22936	12455.74	12157.32	2450.68	98.92	88.05
PTHR31038	3681.21	3606.6	3309.55	101.22	90.12
PTHR13832	36134.22	35052.55	28743.6	1428.19	1271.34
PTHR21139	1259.97	1222.66	3567.0	218.81	194.78
PTHR21136	7936.09	7712.29	6219.08	393.13	349.96
PTHR12526	40937.57	40117.07	30172.32	1206.75	1074.23
PTHR13124	1218.0	1180.7	423.0	26.88	23.93
PTHR13120	580.0	542.7	469.73	65.47	58.28
PTHR22809	2468.22	2393.62	321.0	20.19	17.97
PTHR22807	8183.99	7960.21	2471.39	106.27	94.6
PTHR20661	1013.83	976.54	243.92	18.76	16.7
PTHR10900	5144.27	4920.5	9443.19	771.67	686.92
PTHR10906	4938.73	4826.82	6051.77	238.27	212.11
PTHR10909	15722.1	15423.69	36658.0	1143.45	1017.89
PTHR10055	3343.57	3268.96	1047.12	47.77	42.53
PTHR10057	2484.31	2409.7	4175.9	259.16	230.7
PTHR10052	422.0	384.71	2452.74	485.14	431.87
PTHR13017	1657.53	1620.23	883.38	40.82	36.34
PTHR10693	1898.0	1860.7	1460.4	58.72	52.28
PTHR10694	14591.85	14330.77	3623.93	76.29	67.92
PTHR12839	2846.71	2734.81	305.0	21.78	19.39
PTHR12835	1455.26	1417.95	242.0	12.79	11.38
PTHR24031	51583.54	49905.26	33333.62	1779.94	1584.49
PTHR24032	1577.0	1502.4	263.0	26.38	23.48
PTHR24349	149524.22	143929.88	87692.64	5038.71	4485.38
PTHR24619	5938.68	5714.88	2358.43	174.14	155.04
PTHR24343	7308.92	7047.89	6619.18	334.04	297.37
PTHR11472	3608.89	3459.69	268.83	23.76	21.15
PTHR24347	22008.65	21337.39	8835.57	564.5	502.53
PTHR11476	6245.47	6133.57	2224.64	77.1	68.64
PTHR11477	2610.57	2498.68	494.98	39.38	35.06
PTHR24305	3325.39	3176.2	379.88	24.33	21.66
PTHR10476	4547.32	4398.12	3828.92	273.58	243.55
PTHR24290	4134.34	4022.44	3458.48	166.57	148.28
PTHR23413	1103.68	1029.09	8228.22	973.21	866.33
PTHR23417	5687.73	5538.57	1569.28	95.84	85.3
PTHR23416	6457.75	6271.27	1634.14	107.36	95.57
PTHR23415	1250.73	1213.42	695.86	43.01	38.29
PTHR10871	2443.56	2294.41	6595.19	633.38	563.82
PTHR10877	6952.18	6877.59	6622.62	152.9	136.1
PTHR11879	5069.66	4920.47	17956.35	928.67	826.69
PTHR10430	2982.79	2870.91	11952.48	1011.03	900.0
PTHR31096	5601.77	5452.57	4968.1	247.19	220.06
PTHR31098	5726.58	5577.39	4268.12	167.53	149.13
PTHR11655	2542.51	2430.65	9287.17	690.5	614.68
PTHR11652	738.0	700.7	6285.01	676.18	601.93
PTHR20883	2014.43	1939.83	2057.39	160.74	143.1
PTHR11895	994.96	957.66	362.0	28.4	25.28
PTHR10277	5204.68	5055.49	4872.33	288.44	256.76
PTHR14027	3300.79	3151.61	455.83	38.91	34.64
PTHR12320	5069.38	4920.26	3052.03	179.12	159.45
PTHR13691	1742.24	1667.63	11815.48	791.27	704.39
PTHR23180	14062.09	13577.16	8648.83	710.67	632.64
PTHR14593	2050.58	1938.67	565.14	60.42	53.78
PTHR11093	4027.43	3952.83	1755.95	61.21	54.49
PTHR11096	1409.0	1334.4	377.0	45.49	40.49
PTHR23346	13396.67	13135.59	54476.89	5168.17	4600.65
PTHR10309	1401.68	1364.39	2089.83	114.78	102.18
PTHR14107	2310.89	2273.59	425.1	13.98	12.44
PTHR11252	6515.0	6440.4	1451.0	32.71	29.12
PTHR11254	13040.96	12705.3	3503.7	161.7	143.95
PTHR11255	4547.87	4435.97	1763.0	79.87	71.11
PTHR14110	3022.0	2910.1	4978.18	455.83	405.78
PTHR16201	5668.7	5519.49	2361.84	127.6	113.59
PTHR14374	3067.92	2993.33	246.0	18.2	16.2
PTHR18838	3136.09	3024.18	962.18	64.4	57.32
PTHR12687	1524.0	1449.4	145.0	14.97	13.32
PTHR15157	3999.16	3887.26	687.77	38.07	33.89
PTHR18901	8616.0	8354.87	11040.39	621.45	553.21
PTHR12755	2812.69	2738.09	377.0	17.14	15.26
PTHR12750	4383.65	4271.75	837.7	48.24	42.94
PTHR12753	828.78	791.5	263.0	25.01	22.26
PTHR15081	1787.56	1750.26	378.18	16.17	14.4
PTHR15574	4254.27	4105.18	840.86	61.27	54.54
PTHR13931	1820.68	1746.12	760.04	53.89	47.97
PTHR24006	21160.4	20302.64	4862.86	336.08	299.16
PTHR12358	8229.92	7931.58	2276.75	155.24	138.18
PTHR22748	2382.73	2270.86	326.21	30.64	27.27
PTHR12356	860.14	822.87	178.06	16.28	14.49
PTHR12221	2027.0	1952.4	767.18	58.87	52.42
PTHR30603	6183.24	6071.35	7802.58	272.12	242.24
PTHR12226	2695.89	2621.29	606.98	34.94	31.09
PTHR19876	6794.0	6644.8	6864.08	305.83	272.25
PTHR19877	3163.46	3088.86	3598.06	179.91	160.15
PTHR21689	1820.63	1746.03	70.0	5.52	4.91
PTHR31442	2818.11	2706.21	1461.0	116.82	104.0
PTHR13803	9481.94	9258.19	2091.03	79.6	70.88
PTHR19980	1208.74	1171.46	215.0	13.77	12.25
PTHR12537	2954.0	2879.4	952.21	49.46	44.02
PTHR12532	1415.88	1378.58	643.0	34.95	31.12
PTHR13486	748.84	711.57	225.0	23.83	21.21
PTHR13489	1754.4	1679.83	660.0	58.6	52.16
PTHR17583	3333.0	3221.16	173.0	10.66	9.49
PTHR24198	1436.0	1361.4	422.1	39.32	35.01
PTHR10048	11230.66	11118.76	2587.38	61.22	54.49
PTHR24193	4550.72	4364.21	3004.0	174.15	155.03
PTHR10044	3310.91	3199.01	1317.35	94.05	83.72
PTHR11998	7338.63	7077.54	4165.5	221.37	197.05
PTHR11014	5910.37	5761.21	7093.72	381.79	339.87
PTHR10687	3064.46	2989.85	3780.37	186.84	166.32
PTHR13069	4346.06	4159.63	310.87	24.77	22.04
PTHR13068	10720.47	10459.37	2595.99	120.27	107.06
PTHR10682	2547.21	2472.61	2801.51	169.55	150.93
PTHR12829	1423.0	1385.7	346.0	18.71	16.66
PTHR12820	2159.39	2122.08	751.22	26.47	23.56
PTHR12826	846.48	809.26	755.0	70.2	62.49
PTHR12827	2376.0	2189.54	49.0	8.37	7.46
PTHR17920	2318.99	2281.68	438.0	14.35	12.77
PTHR10137	1628.0	1553.4	910.23	89.58	79.74
PTHR11405	7262.68	7113.48	8577.84	374.83	333.65
PTHR11404	2823.3	2748.69	3769.99	223.23	198.71
PTHR11406	3663.03	3588.43	7100.93	299.87	266.94
PTHR13468	4253.42	4216.11	1068.22	18.91	16.83
PTHR14255	6330.17	6106.36	3379.74	216.7	192.91
PTHR23406	7277.17	7053.37	5454.05	398.81	355.0
PTHR23407	722.45	685.17	321.16	35.34	31.46
PTHR10869	15849.7	15439.37	26019.95	1330.6	1184.5
PTHR31717	5179.84	5067.92	973.0	40.49	36.04
PTHR13393	2424.48	2312.59	342.0	31.35	27.92
PTHR15169	1165.0	1127.7	28.0	1.86	1.66
PTHR11315	1461.05	1423.75	499.0	26.26	23.38
PTHR10139	1654.83	1617.53	113.0	5.23	4.66
PTHR10264	3914.42	3802.53	8499.07	475.96	423.69
PTHR10263	1600.82	1526.21	11555.83	1004.33	894.05
PTHR31407	7726.68	7465.6	3740.35	277.73	247.23
PTHR32170	3606.0	3494.11	555.98	19.86	17.68
PTHR23350	1849.08	1774.47	190.0	14.68	13.07
PTHR23354	5052.84	4866.36	2388.29	194.78	173.39
PTHR23355	11089.74	10754.09	2255.71	102.2	90.97
PTHR23359	8587.25	8400.73	2861.66	151.69	135.03
PTHR11227	3407.55	3295.66	2411.07	159.98	142.4
PTHR11220	8802.18	8503.78	8636.92	575.65	512.44
PTHR11223	6878.89	6804.28	2984.0	68.24	60.74
PTHR11229	2960.24	2885.64	3905.78	216.24	192.5
PTHR10314	14949.35	14576.33	19748.28	980.07	872.44
PTHR14303	665.05	627.75	279.27	33.58	29.89
PTHR23309	880.0	805.41	0.0	0.0	0.0
PTHR23308	3137.73	2988.58	5788.18	460.23	409.7
PTHR11139	24333.91	23699.81	4010.55	205.24	182.72
PTHR11132	31153.06	30369.74	22197.21	1100.96	980.08
PTHR11134	6629.75	6480.56	2393.02	87.27	77.69
PTHR11136	2178.79	2066.9	269.0	31.61	28.13
PTHR32374	3450.63	3376.03	1735.12	49.42	43.99
PTHR31579	2932.94	2858.37	10574.23	418.66	372.68
PTHR32379	1497.88	1385.99	111.0	18.41	16.39
PTHR31619	1707.81	1670.54	4017.77	180.03	160.26
PTHR18919	5285.6	5136.41	31267.1	1319.29	1174.42
PTHR32002	9052.96	8754.54	1360.97	83.88	74.69
PTHR14413	2055.0	1980.4	1084.73	81.75	72.78
PTHR14089	1260.25	1222.95	515.13	31.59	28.12
PTHR22893	2138.54	2101.23	2261.62	80.49	71.65
PTHR11661	2839.0	2727.1	6091.26	589.32	524.6
PTHR10778	3210.75	3136.13	1652.39	78.15	69.57
PTHR10072	3682.41	3607.81	5282.53	305.4	271.86
PTHR12786	1233.26	1195.96	1491.88	93.57	83.3
PTHR11706	7847.32	7623.55	1858.97	105.06	93.54
PTHR12782	1637.0	1599.7	189.98	8.89	7.92
PTHR11214	4490.72	4378.82	1029.18	52.29	46.54
PTHR24188	4799.12	4649.94	2295.18	94.06	83.74
PTHR21213	1281.0	1243.7	893.17	53.86	47.94
PTHR10182	3439.6	3327.68	1812.17	107.48	95.68
PTHR13923	3537.3	3388.18	686.56	55.43	49.36
PTHR12321	1379.73	1342.43	103.11	5.76	5.12
PTHR12323	655.12	617.83	207.0	25.29	22.51
PTHR14155	19438.0	18729.48	8986.81	634.22	564.56
PTHR21015	4824.71	4675.51	651.07	44.1	39.26
PTHR16196	1562.32	1487.73	166.0	16.97	15.11
PTHR16193	1292.74	1255.44	531.0	31.72	28.23
PTHR22792	5142.07	4955.56	14434.0	1029.85	916.77
PTHR22790	4377.67	4228.46	1050.0	68.1	60.62
PTHR21680	1231.13	1193.83	900.3	56.56	50.35
PTHR21113	1572.0	1497.41	370.0	68.75	61.2
PTHR19316	2101.96	2027.37	902.85	88.3	78.6
PTHR21663	4335.53	4223.63	304.0	16.32	14.53
PTHR13253	7704.51	7443.4	4752.58	312.26	277.97
PTHR21206	1215.34	1178.04	539.0	34.33	30.56
PTHR13789	8874.7	8688.19	13979.72	510.1	454.08
PTHR10071	2797.35	2685.45	669.0	75.81	67.48
PTHR13780	7138.23	6951.72	2830.8	157.21	139.96
PTHR10670	7533.53	7309.75	1079.01	63.6	56.63
PTHR10677	1864.07	1752.17	551.02	70.68	62.92
PTHR13078	2963.22	2888.62	1053.07	56.48	50.28
PTHR12815	5882.47	5733.29	4164.41	239.41	213.11
PTHR12814	1832.78	1758.16	375.0	29.49	26.25
PTHR24361	27214.36	26356.56	14656.9	734.02	653.43
PTHR24362	9888.18	9552.48	2423.93	143.98	128.17
PTHR10416	2137.0	2062.4	147.99	11.94	10.63
PTHR10410	4395.58	4246.43	4377.04	263.34	234.4
PTHR10783	3865.62	3791.01	3345.56	131.75	117.28
PTHR10782	4374.28	4187.81	582.0	41.27	36.75
PTHR13476	1309.0	1271.7	136.0	8.02	7.14
PTHR10788	8337.64	8188.45	3346.53	100.82	89.75
PTHR10891	19212.02	18689.82	17070.61	954.12	849.36
PTHR10890	4330.0	4143.51	448.0	33.41	29.74
PTHR20426	758.08	720.83	182.01	19.02	16.93
PTHR23213	11055.68	10757.28	1513.63	78.6	69.97
PTHR10520	6033.72	5884.59	6560.67	347.77	309.58
PTHR10250	2716.82	2604.91	3874.8	348.68	310.4
PTHR10527	13349.58	13088.47	12220.44	440.43	392.08
PTHR31384	6360.21	6136.44	1096.96	109.63	97.6
PTHR31385	3791.97	3680.06	4910.96	262.97	234.1
PTHR10091	1510.29	1435.69	570.0	61.53	54.77
PTHR31140	965.0	890.41	85.01	14.79	13.17
PTHR31412	7107.78	6921.39	2411.46	159.3	141.79
PTHR11787	4524.69	4412.79	10001.55	393.06	349.9
PTHR11785	15516.74	15031.86	11232.99	666.26	593.09
PTHR11782	5473.93	5324.72	3571.32	140.41	125.0
PTHR31419	3530.4	3381.22	836.07	69.13	61.54
PTHR11780	2262.0	2224.7	3909.83	131.39	116.97
PTHR13902	6173.91	6062.0	1817.75	96.11	85.56
PTHR23324	3321.17	3246.56	2557.9	125.86	112.04
PTHR23327	2670.87	2596.26	1376.86	80.22	71.41
PTHR23326	2966.0	2854.1	422.99	38.2	34.01
PTHR23321	1750.0	1675.4	476.0	47.68	42.44
PTHR23323	6377.08	6190.57	2478.53	142.23	126.6
PTHR23322	4736.9	4513.13	1369.58	125.81	112.01
PTHR23329	2715.32	2566.16	359.0	42.7	37.99
PTHR11236	5729.9	5506.09	788.81	44.08	39.23
PTHR10322	7172.48	6874.21	332.0	17.14	15.24
PTHR11239	2638.93	2527.03	457.99	39.47	35.14
PTHR10803	2757.55	2682.96	2228.31	115.53	102.84
PTHR11101	1163.53	1126.25	456.0	30.38	27.05
PTHR31964	24382.01	23710.61	39550.05	2650.2	2359.18
PTHR23030	2013.89	1976.59	1022.14	38.68	34.43
PTHR11129	3472.39	3360.71	1298.98	91.27	81.23
PTHR11122	3758.12	3646.22	1477.97	87.14	77.57
PTHR15316	2109.01	2034.4	832.0	68.83	61.28
PTHR11127	1116.0	1041.45	4162.24	404.82	360.36
PTHR11125	2666.29	2554.39	752.0	77.36	68.87
PTHR31566	2103.0	2065.7	374.16	13.55	12.06
PTHR31567	1352.0	1314.7	1073.05	61.19	54.47
PTHR31561	3209.0	3134.4	2174.0	80.69	71.83
PTHR15137	2104.74	1918.39	69.0	11.22	9.97
PTHR14950	3415.0	3228.51	77.0	9.05	8.07
PTHR15954	2404.45	2329.87	798.98	56.1	49.94
PTHR15952	4185.25	4110.65	981.37	37.89	33.74
PTHR16266	3343.15	3231.32	324.0	22.26	19.82
PTHR21597	3091.31	2904.86	169.0	14.78	13.16
PTHR19271	1622.0	1584.7	196.0	9.26	8.24
PTHR19861	1202.86	1165.56	428.0	27.55	24.52
PTHR13343	7071.99	6885.47	3322.61	170.87	152.1
PTHR12029	9209.14	8910.78	1161.57	70.2	62.5
PTHR21220	517.24	479.94	23.0	3.63	3.23
PTHR22780	9419.97	9308.06	5344.96	125.85	112.04
PTHR11952	5930.59	5781.39	2452.52	111.57	99.32
PTHR21477	2913.24	2764.03	585.9	61.05	54.35
PTHR19308	5365.0	5253.1	4242.95	141.82	126.25
PTHR16301	1216.92	1142.32	165.98	21.6	19.22
PTHR13265	1122.31	1085.01	1083.84	74.98	66.75
PTHR22870	18695.32	17986.75	6461.61	462.3	411.53
PTHR17630	2192.8	2118.28	5627.01	354.58	315.64
PTHR10064	1217.86	1143.28	4232.08	396.97	353.38
PTHR10066	3122.95	3048.35	1232.76	59.28	52.77
PTHR10060	2101.04	2026.44	409.06	32.54	28.97
PTHR10663	30180.99	29472.35	7603.35	311.59	277.38
PTHR10666	8003.51	7742.42	58576.72	3852.7	3429.63
PTHR10668	8988.56	8690.19	3204.92	224.33	199.7
PTHR12801	3626.56	3514.67	1740.35	108.08	96.22
PTHR12802	2136.94	2025.04	400.01	48.65	43.31
PTHR12805	1641.12	1603.81	339.41	15.85	14.11
PTHR12806	938.3	901.0	1317.01	109.9	97.83
PTHR21091	11805.18	11544.08	18862.55	749.95	667.6
PTHR21090	5186.1	5074.22	2555.41	110.5	98.36
PTHR21228	3432.6	3320.73	351.0	24.59	21.89
PTHR24314	4110.69	3998.79	2000.79	100.73	89.67
PTHR11933	1152.02	1114.72	114.0	7.68	6.83
PTHR11932	7920.38	7696.64	4713.13	211.27	188.07
PTHR11426	2951.71	2802.52	7110.56	552.68	491.99
PTHR11937	14300.25	13778.04	29394.21	1475.02	1313.04
PTHR11938	17209.78	16911.46	27479.81	840.67	748.33
PTHR13683	26720.74	25862.83	13891.54	739.65	658.42
PTHR24089	48318.43	46975.83	32140.53	1668.95	1485.67
PTHR10796	3529.0	3454.4	1426.99	63.1	56.17
PTHR10794	6877.92	6728.68	2069.82	82.99	73.87
PTHR10795	23801.33	22906.37	44646.91	3057.58	2721.85
PTHR10792	2074.03	1962.14	3425.35	318.25	283.31
PTHR10799	44722.74	42895.5	5342.44	351.47	312.87
PTHR10882	918.48	881.19	401.91	34.3	30.53
PTHR10887	26263.68	25070.29	3305.78	223.37	198.85
PTHR11686	4347.81	4235.88	1234.0	63.29	56.35
PTHR11685	9636.17	9337.85	28852.62	995.29	885.99
PTHR11680	6514.58	6328.07	15982.32	868.54	773.16
PTHR24221	28970.73	28112.82	12948.09	585.94	521.57
PTHR24220	7649.53	7425.74	3715.58	226.86	201.94
PTHR24223	32152.43	31033.69	18476.85	865.73	770.66
PTHR11689	15726.29	15427.94	3675.08	124.25	110.6
PTHR10252	3116.13	3004.22	3077.63	203.99	181.59
PTHR31173	1653.16	1578.59	357.13	53.22	47.38
PTHR12538	1071.66	997.1	4437.8	460.61	410.03
PTHR10625	9104.33	8805.98	2046.33	154.38	137.42
PTHR31606	740.0	702.7	502.0	53.85	47.94
PTHR31356	6235.02	5973.97	15914.64	1388.0	1235.58
PTHR31352	10214.71	10028.21	13324.07	446.58	397.56
PTHR31350	2884.26	2772.34	3155.32	236.17	210.24
PTHR11758	827.0	789.7	3470.09	330.82	294.49
PTHR23333	961.48	924.18	521.44	42.41	37.75
PTHR11751	17499.6	16902.86	16287.25	895.42	797.1
PTHR11753	3749.9	3600.69	2594.08	217.61	193.72
PTHR11752	28661.83	27990.45	6923.23	303.23	269.94
PTHR11206	10292.28	10031.2	4012.32	196.85	175.22
PTHR23338	3442.85	3330.94	2388.23	162.69	144.83
PTHR24420	649726.07	626195.8	225532.83	10878.46	9683.88
PTHR10332	1688.48	1651.22	587.0	26.61	23.69
PTHR14140	2403.0	2291.11	95.9	6.14	5.48
PTHR14145	3627.95	3516.04	3212.87	226.99	202.07
PTHR13600	1378.28	1340.99	616.0	34.43	30.65
PTHR12848	3345.49	3233.6	771.08	53.97	48.03
PTHR31066	683.0	645.7	25.02	2.92	2.6
PTHR15744	1657.04	1619.74	645.89	29.86	26.58
PTHR13604	1365.63	1291.04	198.0	24.99	22.24
PTHR23029	11214.25	10804.0	3517.72	241.85	215.3
PTHR23023	1041.61	967.03	3429.45	401.9	357.76
PTHR31142	2994.31	2882.41	2440.74	179.55	159.83
PTHR12847	4554.27	4405.07	865.19	65.04	57.9
PTHR11119	2163.92	2089.33	7645.12	561.26	499.63
PTHR12841	1298.0	1260.7	368.0	21.89	19.48
PTHR31595	3872.4	3760.51	298.37	25.22	22.45
PTHR31596	473.67	436.38	17.0	2.96	2.63
PTHR15948	1444.72	1407.42	543.65	28.94	25.76
PTHR32026	27942.59	27047.38	12747.73	719.48	640.5
PTHR31829	1152.26	1114.96	4001.38	269.34	239.76
PTHR19241	47737.26	46245.53	15651.73	821.67	731.41
PTHR14894	2317.0	2279.7	335.0	10.99	9.78
PTHR15239	2915.19	2765.99	387.0	41.45	36.91
PTHR19854	2276.07	2201.47	218.0	15.19	13.52
PTHR32497	2583.0	2545.7	719.75	21.13	18.81
PTHR12497	2109.13	1997.25	660.91	66.28	59.01
PTHR12304	1774.0	1736.7	537.23	23.15	20.61
PTHR30540	7166.82	6905.71	6848.36	293.52	261.3
PTHR13302	2885.0	2810.4	950.22	54.19	48.23
PTHR12472	1412.11	1337.53	147.0	15.37	13.68
PTHR13308	2849.46	2737.56	550.14	44.25	39.4
PTHR12477	4280.04	4168.14	2584.0	145.08	129.15
PTHR32148	1854.56	1779.96	2095.45	191.76	170.7
PTHR13878	2034.92	1997.62	995.24	37.26	33.17
PTHR21461	34317.79	33459.87	10154.36	491.45	437.5
PTHR13872	6090.72	5904.22	11436.35	1153.24	1026.61
PTHR22849	14394.98	14022.01	4709.45	186.95	166.41
PTHR21314	1611.0	1573.7	103.0	4.9	4.36
PTHR13271	35752.66	34633.67	11843.5	611.7	544.52
PTHR22841	2375.28	2300.68	1570.99	102.22	90.99
PTHR13273	1109.54	1072.23	693.0	48.52	43.19
PTHR22847	26663.05	25842.43	11997.41	643.13	572.52
PTHR22846	1372.54	1297.94	251.0	25.94	23.1
PTHR22844	8767.01	8431.31	2010.07	137.93	122.77
PTHR23284	1576.0	1538.7	1637.29	79.69	70.94
PTHR21266	15166.06	14644.06	6546.82	319.41	284.33
PTHR12271	4118.49	4006.59	1099.76	60.93	54.24
PTHR21262	10758.89	10497.82	4328.49	111.74	99.46
PTHR12276	3409.0	3334.4	1870.0	74.16	66.02
PTHR10657	1392.07	1317.46	4366.0	504.29	448.92
PTHR16557	3524.09	3412.18	519.98	33.57	29.88
PTHR10655	2274.88	2200.28	1089.82	62.88	55.98
PTHR10652	3078.75	2966.84	16329.59	989.64	880.96
PTHR17972	2535.32	2460.81	660.99	35.41	31.53
PTHR21085	1493.0	1455.7	746.02	38.39	34.18
PTHR11922	5970.58	5821.38	3140.1	147.76	131.53
PTHR12505	2207.69	2133.09	878.0	60.75	54.08
PTHR10438	15656.77	15097.29	14129.9	1123.86	1000.46
PTHR11926	7645.43	7421.63	1657.34	74.63	66.44
PTHR11431	3105.4	3030.8	12224.28	616.6	548.89
PTHR10436	8305.38	7932.43	1274.15	109.77	97.7
PTHR10434	3099.83	3025.23	437.11	21.3	18.96
PTHR24096	13633.45	13372.36	32021.33	1005.25	894.86
PTHR13018	16681.74	16383.41	4119.83	120.21	107.0
PTHR24095	19664.03	19216.44	17259.14	550.23	489.79
PTHR24092	20847.87	20139.33	9547.62	528.04	470.03
PTHR24093	54218.34	52800.96	56241.3	2269.14	2019.94
PTHR10758	3657.36	3582.75	6427.38	279.67	248.97
PTHR13451	1057.71	1020.43	225.82	16.62	14.79
PTHR13452	759.77	722.46	376.92	39.32	35.0
PTHR10759	831.72	794.42	4126.62	391.04	348.1
PTHR12901	909.0	871.7	189.0	16.31	14.52
PTHR12903	2391.56	2316.96	3831.68	237.48	211.4
PTHR13992	730.0	692.7	16.0	1.74	1.55
PTHR23237	400.0	362.71	452.0	94.94	84.51
PTHR10501	1953.22	1878.63	681.0	55.0	48.97
PTHR31169	2911.13	2799.23	413.44	30.67	27.31
PTHR12277	5368.14	5256.26	4648.25	194.79	173.4
PTHR14087	606.72	569.43	94.0	12.48	11.11
PTHR14085	2051.0	2013.7	631.0	23.44	20.86
PTHR31344	1724.27	1649.67	253.89	22.21	19.77
PTHR23306	3763.9	3689.29	619.0	20.8	18.52
PTHR23305	1164.01	1126.71	787.01	52.41	46.66
PTHR11748	3242.99	3168.39	1247.0	62.73	55.84
PTHR11742	6582.34	6358.56	1019.8	50.06	44.57
PTHR11216	3537.89	3425.99	3172.41	192.7	171.55
PTHR11210	2654.75	2542.85	2844.19	271.45	241.64
PTHR14154	12304.01	11819.14	6219.6	560.92	499.35
PTHR10344	939.61	902.31	105.07	8.75	7.79
PTHR10343	7245.91	7022.11	1728.77	98.02	87.25
PTHR11699	11079.55	10855.79	7948.54	301.25	268.17
PTHR11692	987.31	950.02	2252.38	178.16	158.59
PTHR11693	3046.0	2971.4	15958.33	803.12	714.93
PTHR11695	15981.18	15458.96	15302.77	1022.4	910.12
PTHR31760	1229.93	1192.63	278.0	17.49	15.57
PTHR31840	738.78	701.48	73.0	7.84	6.98
PTHR31906	10305.86	10007.44	4139.31	237.49	211.41
PTHR21419	1836.0	1798.7	895.17	37.24	33.15
PTHR23012	11050.02	10751.59	5245.01	244.81	217.92
PTHR11102	9979.44	9681.08	11345.46	534.47	475.78
PTHR11106	3848.91	3737.02	1716.05	106.14	94.49
PTHR31585	6113.3	5964.09	2047.0	77.39	68.9
PTHR32125	1363.43	1326.13	1005.21	56.82	50.58
PTHR31588	1979.59	1942.29	3385.05	130.37	116.06
PTHR32120	2092.0	2054.7	354.0	12.89	11.47
PTHR15680	1082.85	1045.55	2947.01	211.65	188.41
PTHR11804	5207.15	5020.66	4891.08	216.62	192.83
PTHR11374	1820.68	1783.38	1822.82	76.49	68.09
PTHR11808	8383.38	8159.62	3376.99	161.94	144.16
PTHR12000	3380.58	3268.69	2750.1	247.78	220.56
PTHR18895	4401.62	4252.4	379.34	26.48	23.57
PTHR12169	2129.35	2092.04	240.64	8.6	7.66
PTHR12486	1980.15	1905.54	210.0	16.53	14.71
PTHR12480	4004.96	3855.79	605.0	41.76	37.17
PTHR12482	5682.08	5532.93	2256.83	107.01	95.25
PTHR12317	7361.91	7175.4	3337.98	157.62	140.32
PTHR12649	952.24	914.94	1595.89	131.13	116.73
PTHR10099	3583.86	3546.57	3399.0	71.54	63.69
PTHR12461	4357.48	4208.3	401.0	22.56	20.08
PTHR12466	2108.99	2034.4	290.73	21.44	19.08
PTHR10098	850.0	775.45	25.0	4.69	4.18
PTHR13847	9367.61	9069.2	8972.17	514.76	458.25
PTHR26312	6765.34	6578.83	5068.4	281.19	250.32
PTHR12001	5274.95	5125.77	1412.03	82.44	73.39
PTHR21327	2087.35	2050.04	2079.02	75.85	67.52
PTHR21631	6424.44	6237.94	16901.98	866.03	770.93
PTHR22854	2558.47	2483.86	2164.66	110.41	98.3
PTHR22855	6645.49	6533.6	5557.51	258.5	230.11
PTHR22850	15401.4	15028.39	5884.03	320.96	285.72
PTHR22504	1839.83	1802.52	5393.47	223.91	199.32
PTHR22915	13609.24	13124.37	17176.49	742.58	661.03
PTHR21256	3007.34	2932.73	1674.34	82.44	73.4
PTHR12265	648.0	610.7	78.0	9.65	8.59
PTHR12266	3682.0	3607.4	1445.23	85.58	76.18
PTHR10648	2976.46	2901.87	7655.86	288.55	256.86
PTHR30178	2700.51	2625.91	4752.32	290.94	258.99
PTHR10641	15105.81	14322.66	17841.31	881.48	784.71
PTHR19842	1040.64	1003.34	2012.01	150.61	134.07
PTHR10644	10275.06	10014.02	4099.62	170.67	151.94
PTHR30535	8256.48	7995.36	5384.16	338.05	300.92
PTHR12864	1834.0	1759.4	159.0	13.52	12.03
PTHR12860	2164.0	2089.4	1074.05	76.62	68.21
PTHR13194	4978.87	4829.68	4145.12	174.75	155.55
PTHR13193	701.82	664.52	254.0	28.83	25.67
PTHR11913	683.0	645.7	3877.13	453.11	403.35
PTHR11911	7465.19	7204.08	17593.91	1009.86	898.99
PTHR11910	1843.55	1768.95	4970.57	423.69	377.17
PTHR12919	1213.0	1138.41	844.0	81.2	72.29
PTHR12910	1907.29	1832.69	1960.87	136.07	121.12
PTHR12917	1953.0	1915.7	2118.85	82.74	73.66
PTHR11351	3197.01	3047.82	2150.66	99.96	88.99
PTHR11353	22476.24	21954.07	32114.31	1235.46	1099.78
PTHR11599	11568.07	11195.08	21288.1	1453.94	1294.29
PTHR10516	17991.47	17357.38	20581.75	1318.34	1173.58
PTHR11592	3671.87	3560.02	4889.33	351.98	313.34
PTHR11659	1831.49	1794.2	479.0	19.98	17.78
PTHR31724	2494.15	2419.55	2123.98	96.04	85.49
PTHR13734	4149.26	4037.36	602.0	32.45	28.88
PTHR23315	60519.25	58617.17	17255.1	832.03	740.69
PTHR23316	3557.66	3483.06	9990.01	492.89	438.77
PTHR11778	3843.86	3769.26	2639.02	100.68	89.62
PTHR11777	6791.97	6642.76	4396.05	111.94	99.65
PTHR11774	4105.55	3956.35	1370.41	95.82	85.3
PTHR11773	3616.24	3541.63	1759.0	74.03	65.91
PTHR11772	6637.21	6450.69	22736.51	1268.02	1128.79
PTHR10357	31187.21	30590.44	39600.48	1310.32	1166.45
PTHR10353	15026.5	14467.07	3368.39	178.77	159.11
PTHR10350	2406.82	2294.92	287.0	33.97	30.24
PTHR10351	1102.0	1064.7	4921.71	347.06	308.95
PTHR32557	1555.65	1518.35	1144.05	56.43	50.23
PTHR10359	6872.97	6611.86	722.0	63.17	56.25
PTHR32442	1094.69	1057.39	649.02	46.08	41.02
PTHR31750	3360.58	3248.7	631.72	45.05	40.11
PTHR23418	399.64	362.39	1538.0	323.3	287.8
PTHR14189	1312.76	1275.5	543.24	31.93	28.42
PTHR21021	1338.91	1301.61	444.48	25.6	22.79
PTHR32228	1498.0	1460.7	343.0	17.59	15.66
PTHR31245	1441.34	1404.05	1742.4	92.99	82.78
PTHR23001	2088.0	2050.7	4047.52	147.61	131.4
PTHR23002	3681.81	3569.93	916.0	59.79	53.22
PTHR11177	5213.64	5101.74	2082.86	95.22	84.76
PTHR11178	3642.59	3530.69	2590.52	166.18	147.92
PTHR14456	1346.51	1271.91	244.99	31.08	27.67
PTHR31808	1432.39	1395.08	1316.0	70.69	62.92
PTHR13693	5360.95	5211.77	3433.61	149.06	132.68
PTHR11009	2974.62	2900.01	1230.09	61.74	54.95
PTHR19229	14961.18	14401.77	7011.7	533.95	475.34
PTHR11482	7669.55	7483.06	13172.88	252.45	224.73
PTHR11005	7692.25	7393.88	2136.72	125.97	112.14
PTHR18640	2387.78	2350.48	117.0	3.72	3.31
PTHR18866	11365.71	10992.7	5794.14	370.81	330.07
PTHR12022	756.0	718.7	2526.0	264.88	235.79
PTHR15074	2983.0	2945.7	3721.0	94.35	83.99
PTHR15588	2519.21	2444.61	1598.83	102.75	91.46
PTHR12677	5269.09	5120.02	1602.03	115.32	102.65
PTHR19134	3088.75	3014.15	418.98	21.02	18.7
PTHR19879	2337.26	2225.39	319.0	31.21	27.78
PTHR30566	2596.45	2521.84	832.28	50.31	44.78
PTHR12456	822.06	747.49	20.0	3.92	3.49
PTHR12452	720.21	682.92	130.0	14.35	12.78
PTHR19359	1951.96	1877.35	795.98	65.32	58.15
PTHR12072	4557.95	4408.76	731.03	48.67	43.33
PTHR13218	1376.0	1338.7	553.0	30.96	27.56
PTHR13215	1321.15	1283.84	3712.16	216.79	192.98
PTHR13213	1525.63	1451.05	217.0	21.46	19.11
PTHR21530	3854.87	3742.97	1483.54	91.34	81.32
PTHR12298	8418.22	8157.08	1801.15	131.26	116.84
PTHR10638	4221.71	4109.83	4213.84	241.97	215.4
PTHR10631	4400.02	4288.11	808.58	41.23	36.69
PTHR10984	6771.02	6584.51	4227.01	209.36	186.36
PTHR12858	5547.52	5323.72	1051.96	97.4	86.7
PTHR13505	897.33	860.03	988.0	86.41	76.92
PTHR12856	1738.54	1663.93	910.59	82.12	73.1
PTHR12855	790.48	753.22	133.0	13.3	11.84
PTHR12854	1030.0	955.41	110.0	18.14	16.15
PTHR13190	2213.82	2139.22	254.99	12.47	11.1
PTHR13182	1911.0	1873.7	1556.45	62.15	55.33
PTHR10855	3512.84	3400.94	2588.49	170.56	151.82
PTHR10585	2372.52	2260.63	1226.02	116.59	103.79
PTHR10743	1004.13	966.82	501.0	38.94	34.66
PTHR10742	20854.24	20257.58	10103.77	437.88	389.8
PTHR10745	2404.19	2366.89	2252.01	71.12	63.31
PTHR10744	1955.34	1843.5	5589.82	639.87	569.61
PTHR10746	2752.67	2678.08	3411.02	193.56	172.3
PTHR11099	2212.0	2174.7	1423.95	48.96	43.58
PTHR12924	1265.92	1228.61	2859.07	174.53	155.36
PTHR11627	3853.97	3742.08	17250.58	932.46	830.07
PTHR11525	352.0	314.72	2.0	0.49	0.43
PTHR11349	970.14	932.83	29.04	2.34	2.08
PTHR10566	24626.54	23806.22	6648.76	378.72	337.12
PTHR11588	7411.7	7262.49	6179.3	251.61	223.99
PTHR10291	1789.0	1751.7	252.31	10.78	9.6
PTHR11584	7338.16	7077.1	3814.34	166.77	148.46
PTHR11586	1146.27	1108.97	3631.27	245.74	218.76
PTHR11909	7498.89	7312.38	9433.72	416.28	370.58
PTHR24320	1596.85	1559.58	1092.97	52.48	46.71
PTHR24322	18808.06	18136.65	10007.66	706.16	628.62
PTHR11907	3347.39	3272.81	2230.94	86.37	76.89
PTHR11760	1273.0	1198.4	18.0	2.19	1.95
PTHR11761	1986.32	1911.72	11033.2	1436.34	1278.62
PTHR11766	2663.03	2588.42	603.52	33.67	29.97
PTHR11767	10053.46	9792.35	2723.98	107.64	95.82
PTHR10361	3484.05	3372.14	581.0	37.34	33.25
PTHR10366	41137.47	40093.07	51893.11	2552.92	2272.62
PTHR10169	9563.62	9339.81	1485.03	67.95	60.5
PTHR10168	5478.19	5291.67	5276.12	476.81	424.45
PTHR20973	1225.2	1187.91	285.0	17.99	16.02
PTHR10165	2279.24	2204.63	1031.01	67.61	60.18
PTHR31032	2940.46	2865.88	2379.52	123.0	109.49
PTHR23257	33065.22	32058.16	14922.87	889.58	791.91
PTHR23253	2032.19	1957.6	1270.91	123.0	109.49
PTHR14190	2787.72	2750.41	398.0	10.81	9.62
PTHR14194	6816.12	6629.68	2072.54	100.74	89.68
PTHR31251	3209.0	3097.11	423.83	36.16	32.18
PTHR23074	13517.73	12883.79	5563.16	416.16	370.49
PTHR23077	13188.78	12778.48	11419.79	395.57	352.15
PTHR23076	18316.85	17906.56	22015.88	936.86	833.98
PTHR12561	1007.27	969.97	14.0	1.08	0.97
PTHR23073	8684.82	8423.77	12329.5	622.58	554.22
PTHR12560	1104.65	1067.35	309.0	21.73	19.35
PTHR23078	2932.0	2894.7	841.0	21.7	19.32
PTHR11165	2641.82	2529.98	6232.6	459.29	408.85
PTHR10772	3101.92	2990.01	8838.0	639.76	569.51
PTHR32100	4663.81	4551.92	1120.98	51.85	46.14
PTHR14534	955.58	918.28	475.0	38.89	34.62
PTHR14445	3131.09	3019.19	898.97	62.52	55.65
PTHR23109	3799.79	3687.9	699.0	44.12	39.27
PTHR31811	1895.07	1857.76	539.69	21.74	19.35
PTHR23102	2924.68	2850.11	1697.15	65.14	57.99
PTHR23105	6700.28	6439.19	10354.27	862.1	767.44
PTHR11010	3985.23	3910.61	1352.27	52.44	46.68
PTHR12668	3722.56	3610.66	5574.79	311.89	277.64
PTHR12661	1217.75	1180.45	607.44	38.6	34.36
PTHR12663	4567.0	4492.4	266.57	6.68	5.95
PTHR12664	542.65	505.35	235.25	35.25	31.38
PTHR16166	32497.58	31938.09	5777.62	174.14	155.02
PTHR12111	772.49	735.19	188.0	19.27	17.15
PTHR12446	2859.0	2709.86	365.0	34.86	31.03
PTHR12447	2168.24	2093.63	207.0	14.89	13.27
PTHR15481	850.0	812.7	191.0	17.69	15.75
PTHR26379	2182.82	2145.51	845.0	29.45	26.21
PTHR12599	1379.33	1342.03	676.65	37.79	33.64
PTHR12596	5475.16	5363.26	1740.03	38.22	34.02
PTHR12590	1007.12	969.82	294.0	22.78	20.28
PTHR12066	1094.66	1057.36	22.0	1.56	1.39
PTHR12064	6822.73	6561.74	1589.11	140.32	124.89
PTHR13226	501.95	464.66	137.0	22.35	19.9
PTHR13889	1600.69	1563.38	1295.19	62.04	55.23
PTHR13887	1347.23	1309.93	1259.63	72.09	64.17
PTHR21181	1624.8	1550.2	831.72	86.46	76.96
PTHR13948	3004.08	2854.92	633.0	62.75	55.86
PTHR10459	5873.68	5649.89	557.93	38.62	34.38
PTHR11453	3481.52	3369.62	324.0	24.14	21.48
PTHR19306	5089.83	4977.94	686.0	32.93	29.32
PTHR21506	2655.79	2581.19	799.0	46.4	41.3
PTHR12280	6062.25	5875.75	4426.36	318.34	283.37
PTHR12281	3286.62	3174.73	1771.28	122.99	109.48
PTHR12286	2340.3	2265.71	885.52	59.02	52.54
PTHR30573	2332.0	2294.7	387.57	12.63	11.24
PTHR22983	7858.0	7596.9	529.0	36.33	32.34
PTHR22981	8412.92	8151.81	2460.58	141.56	126.01
PTHR30191	2691.07	2653.76	3039.54	85.58	76.18
PTHR13082	932.0	894.7	232.0	19.5	17.36
PTHR10629	6247.06	5985.96	382.16	35.01	31.18
PTHR10994	36030.86	35061.08	16155.41	869.76	774.28
PTHR10996	9666.44	9368.21	3851.37	193.34	172.11
PTHR10997	13336.92	13038.55	3766.42	161.18	143.47
PTHR10992	47350.34	46007.59	18558.26	1053.61	937.91
PTHR10993	1579.0	1504.4	138.45	13.89	12.35
PTHR17695	2668.97	2557.06	96.0	10.23	9.09
PTHR12849	1379.2	1341.9	738.0	41.22	36.69
PTHR21712	1100.06	1062.75	386.1	27.28	24.28
PTHR21294	1127.0	1089.7	788.39	54.31	48.35
PTHR21290	3302.3	3153.13	368.0	34.55	30.74
PTHR21349	2467.22	2392.61	319.0	14.54	12.94
PTHR21347	1282.2	1244.9	1475.45	88.87	79.12
PTHR21343	2467.74	2355.89	153.0	13.38	11.91
PTHR10196	6501.5	6314.99	1433.1	68.49	60.97
PTHR10192	1297.93	1260.64	697.0	41.46	36.91
PTHR10751	10603.0	10267.35	1951.94	80.76	71.91
PTHR10755	2854.0	2779.4	2432.03	118.38	105.38
PTHR13152	1311.4	1274.1	362.0	21.3	18.96
PTHR12932	970.0	932.7	79.0	6.37	5.67
PTHR12934	2618.07	2543.47	4182.87	264.99	235.89
PTHR11451	7720.13	7570.94	6429.84	272.13	242.25
PTHR10288	4060.47	3836.67	1058.53	106.33	94.65
PTHR11800	2669.49	2594.88	584.99	34.39	30.61
PTHR11802	7285.81	7024.71	1754.07	143.68	127.89
PTHR12891	2099.97	1988.07	359.1	36.99	32.94
PTHR11807	3588.77	3476.9	478.0	32.88	29.28
PTHR10281	4503.48	4391.65	2771.89	143.12	127.4
PTHR10283	7119.1	6932.6	2248.62	89.15	79.35
PTHR10285	11535.18	11236.75	3505.97	183.06	162.96
PTHR10286	12520.0	11960.68	2662.24	190.22	169.32
PTHR11579	3171.73	3097.12	1852.07	86.9	77.36
PTHR13718	3869.97	3720.75	6930.27	850.27	756.9
PTHR13711	6816.37	6592.61	2888.89	161.95	144.15
PTHR13710	12211.23	11800.93	2756.83	112.28	99.94
PTHR11977	3081.43	3044.13	779.53	19.12	17.02
PTHR11972	1527.82	1490.52	370.0	18.59	16.55
PTHR31480	1105.62	1068.32	115.0	8.08	7.19
PTHR31485	5985.86	5799.33	1578.77	100.26	89.24
PTHR11715	689.02	651.75	1307.08	151.3	134.69
PTHR11717	2292.7	2218.1	1138.13	75.11	66.85
PTHR11711	15506.28	15133.33	39487.85	2386.61	2124.54
PTHR11712	4111.7	4037.11	1464.0	54.56	48.56
PTHR10374	4466.97	4355.07	8383.48	426.04	379.26
PTHR10178	7464.69	7166.32	707.67	48.23	42.92
PTHR20961	18811.33	18214.57	4204.39	250.19	222.71
PTHR10173	4580.45	4393.93	6063.64	562.28	500.53
PTHR10177	10535.9	10274.8	4183.84	155.34	138.26
PTHR10174	11910.5	11612.07	5134.33	278.12	247.59
PTHR23249	1472.78	1398.18	826.2	88.78	79.02
PTHR23244	11281.24	10908.38	4183.8	241.3	214.8
PTHR23245	4996.24	4809.73	529.0	40.57	36.12
PTHR23240	4151.66	3927.94	282.0	15.9	14.15
PTHR14614	9256.55	8958.31	1521.93	109.15	97.17
PTHR31268	9223.35	8924.98	1256.19	57.14	50.86
PTHR31262	1372.18	1260.65	18484.48	2899.14	2580.79
PTHR23063	7864.79	7715.59	5379.92	213.57	190.12
PTHR11620	1060.0	1022.7	5222.05	383.49	341.38
PTHR11624	6730.0	6543.51	8611.39	447.78	398.62
PTHR11390	4260.41	4148.51	608.31	32.65	29.06
PTHR31620	5170.55	5021.34	2816.89	174.66	155.49
PTHR31319	2756.28	2681.68	1913.83	90.22	80.31
PTHR14052	1297.05	1259.75	244.0	14.52	12.93
PTHR32118	2006.0	1968.7	2104.0	79.94	71.16
PTHR14152	430.0	392.71	30.0	5.81	5.17
PTHR23117	2869.88	2795.3	1614.79	116.7	103.88
PTHR23115	30935.84	30152.57	87474.58	3705.31	3298.43
PTHR11028	1331.0	1293.7	3364.99	195.01	173.6
PTHR11024	2776.51	2701.89	2380.84	134.21	119.48
PTHR12616	906.43	869.13	283.0	24.49	21.8
PTHR12613	1292.49	1255.19	1282.21	76.6	68.19
PTHR12612	1093.0	1055.7	8917.05	634.21	564.56
PTHR32060	3717.7	3643.1	2496.38	81.96	72.95
PTHR12126	2798.39	2723.79	3375.0	178.23	158.66
PTHR12124	4679.16	4530.0	249.0	15.06	13.39
PTHR22734	2897.95	2823.34	985.82	51.97	46.26
PTHR12121	8866.43	8605.35	2812.79	139.65	124.31
PTHR12438	1176.27	1101.67	62.0	7.97	7.09
PTHR15492	2048.23	2010.93	306.77	11.41	10.16
PTHR21426	4784.56	4635.37	1654.53	79.68	70.93
PTHR21427	1131.0	1093.7	341.47	23.44	20.86
PTHR19372	1596.0	1558.7	831.38	39.94	35.56
PTHR19370	7726.0	7502.24	5946.57	290.01	258.16
PTHR19376	14029.1	13656.2	4214.59	152.9	136.11
PTHR19375	20553.42	20031.27	48112.09	1571.17	1398.64
PTHR12725	2691.4	2616.8	1966.21	108.48	96.56
PTHR22884	26006.29	25036.72	3334.77	188.63	167.92
PTHR22883	18691.26	18243.63	5316.94	278.2	247.65
PTHR22881	1081.81	1044.5	330.92	23.79	21.18
PTHR12542	29199.77	28341.9	10833.07	630.63	561.38
PTHR12547	4686.42	4537.25	1601.0	57.33	51.03
PTHR12436	4122.74	3973.55	491.94	39.05	34.76
PTHR21512	4179.2	4030.0	373.0	24.51	21.81
PTHR12965	3279.53	3167.63	493.0	38.41	34.2
PTHR14744	1664.67	1627.36	680.0	31.28	27.85
PTHR30502	2169.43	2132.13	427.0	14.98	13.33
PTHR10961	1821.95	1784.66	228.67	9.59	8.54
PTHR10617	7514.55	7290.81	47744.51	2156.46	1919.66
PTHR10615	3350.49	3238.59	832.0	37.01	32.95
PTHR13527	587.41	550.11	117.0	16.08	14.32
PTHR22958	1648.51	1611.2	610.24	28.36	25.24
PTHR22951	4331.63	4257.02	2708.59	90.02	80.13
PTHR22950	21786.6	21189.85	5001.26	260.45	231.84
PTHR22953	7785.43	7636.21	1585.06	71.37	63.53
PTHR22952	23340.22	22594.29	43773.1	2397.56	2134.29
PTHR22957	18765.56	18168.79	5096.48	297.74	265.05
PTHR21600	2423.08	2348.47	367.0	30.72	27.34
PTHR24056	13869.1	13496.16	6669.43	343.98	306.21
PTHR24054	2398.84	2324.24	3631.91	163.72	145.74
PTHR24055	10148.27	9812.58	8996.87	444.73	395.89
PTHR24058	7651.27	7390.15	4124.9	231.14	205.78
PTHR10766	11444.16	11183.06	27232.92	1203.31	1071.17
PTHR10762	3907.33	3795.42	205.01	12.38	11.02
PTHR30031	6516.93	6330.43	53756.95	3484.23	3101.63
PTHR12945	1372.4	1335.1	161.0	9.04	8.05
PTHR12944	2292.3	2217.7	717.88	49.45	44.02
PTHR24128	1741.32	1666.72	348.0	34.08	30.33
PTHR13096	2872.22	2797.61	44.0	2.07	1.84
PTHR11364	1651.66	1614.35	2774.0	128.66	114.53
PTHR11365	2876.55	2801.99	1186.01	63.44	56.47
PTHR10548	5251.29	5102.12	7760.04	451.56	401.98
PTHR11817	11037.57	10739.15	12993.0	720.73	641.59
PTHR11814	9483.78	9259.95	20708.91	743.8	662.13
PTHR11363	1929.15	1891.85	11431.58	452.07	402.43
PTHR10543	3803.07	3691.2	223.0	12.65	11.27
PTHR11819	4926.03	4851.43	27231.07	798.53	710.84
PTHR10544	798.2	760.89	2502.63	247.72	220.51
PTHR11562	8967.1	8780.59	3382.06	138.96	123.7
PTHR11566	14881.66	14583.35	6085.46	211.94	188.65
PTHR11567	2337.3	2188.11	425.01	52.36	46.62
PTHR11564	8275.76	8126.56	4573.76	166.4	148.12
PTHR11962	3141.27	3066.67	780.35	37.75	33.6
PTHR11963	2615.0	2540.4	1827.02	104.55	93.07
PTHR24315	1115.0	1077.7	480.42	33.47	29.79
PTHR10381	6583.69	6397.19	14113.1	847.18	754.15
PTHR10383	3226.94	3152.34	1767.98	80.09	71.29
PTHR24316	5970.58	5784.51	1405.1	80.88	71.99
PTHR11702	9791.42	9455.72	3527.59	237.7	211.61
PTHR11700	2790.52	2641.34	7865.55	708.29	630.51
PTHR10388	994.76	957.46	14933.65	1172.06	1043.35
PTHR11934	2683.0	2608.4	1976.43	112.42	100.07
PTHR10145	2548.32	2473.75	828.0	37.95	33.78
PTHR23273	2485.57	2410.96	669.0	41.43	36.88
PTHR12050	978.39	941.08	1446.91	115.55	102.86
PTHR23163	3439.0	3401.7	3161.62	69.39	61.77
PTHR23050	1095.9	1058.59	13511.11	958.29	853.06
PTHR23056	2434.34	2359.72	1246.97	81.45	72.51
PTHR23054	8202.63	7904.32	2346.82	154.5	137.55
PTHR11638	14938.62	14714.83	22862.84	573.07	510.14
PTHR31783	3849.51	3737.61	739.18	38.29	34.1
PTHR23291	4821.21	4672.02	7220.84	467.74	416.39
PTHR23293	5262.71	5150.8	2995.94	136.85	121.82
PTHR11140	5104.0	5029.4	3128.84	109.18	97.19
PTHR11141	5346.94	5197.75	1615.03	87.66	78.03
PTHR11142	8197.11	7898.78	1337.31	90.99	81.0
PTHR11143	839.0	801.7	4846.96	455.09	405.12
PTHR11380	759.17	721.88	642.15	67.03	59.67
PTHR11384	12905.33	12495.06	3399.03	188.44	167.75
PTHR32477	2100.06	2025.51	346.51	25.87	23.03
PTHR14043	5182.3	4995.82	1421.76	104.77	93.27
PTHR32472	1349.0	1311.7	679.64	38.84	34.58
PTHR31658	3080.77	2931.59	1020.12	111.51	99.27
PTHR13890	10775.91	10291.15	1912.33	165.01	146.88
PTHR14269	1437.0	1399.7	223.0	11.94	10.63
PTHR23125	47637.62	46518.63	50991.72	1675.68	1491.68
PTHR19211	14336.98	13926.8	308993.07	8833.53	7863.52
PTHR12608	5397.46	5210.95	2318.16	151.56	134.92
PTHR12604	1151.55	1114.24	309.0	20.81	18.53
PTHR12603	3903.0	3791.1	3240.19	129.04	114.88
PTHR32091	2157.61	2045.72	921.15	96.61	86.0
PTHR23339	5324.27	5249.65	1471.0	34.05	30.31
PTHR32098	2191.93	2154.63	587.0	20.37	18.13
PTHR18763	1463.32	1426.02	783.99	41.19	36.67
PTHR22726	1477.37	1440.07	462.17	24.05	21.4
PTHR22727	9467.0	9355.1	3750.27	74.74	66.54
PTHR12428	4051.74	3977.13	3395.05	121.49	108.14
PTHR18968	5160.66	4936.97	4471.29	232.48	206.95
PTHR12730	1925.0	1887.7	321.23	12.73	11.33
PTHR12736	1484.15	1372.38	119.0	19.21	17.1
PTHR12735	2625.0	2513.1	1018.27	77.59	69.07
PTHR15020	3162.48	3050.58	2197.25	141.67	126.11
PTHR12049	3629.33	3517.43	665.91	44.58	39.68
PTHR12558	8288.11	8064.31	2040.5	119.76	106.62
PTHR12553	13632.58	13334.18	1980.62	74.06	65.94
PTHR10497	1225.85	1151.25	6735.75	694.86	618.56
PTHR24073	19200.72	18641.29	37534.11	2344.22	2086.79
PTHR21569	2903.47	2791.56	6891.75	652.44	580.79
PTHR21567	4224.12	4074.92	342.82	22.28	19.83
PTHR13950	3085.33	2936.12	1157.62	125.61	111.82
PTHR12133	1388.76	1351.45	518.0	28.73	25.57
PTHR10972	5069.39	4957.48	2369.77	108.53	96.61
PTHR21704	4525.9	4488.59	1370.49	22.78	20.28
PTHR10606	2486.2	2448.89	387.09	11.81	10.52
PTHR10971	3069.3	2994.69	1664.23	83.93	74.72
PTHR22942	9976.44	9678.04	3340.3	169.51	150.9
PTHR11728	1662.71	1625.41	1107.0	50.99	45.39
PTHR13395	1108.32	1033.74	56.0	8.22	7.32
PTHR31803	1742.05	1704.75	748.1	32.85	29.24
PTHR22891	9161.33	8937.58	4117.51	194.39	173.04
PTHR21368	1616.0	1541.4	2059.39	180.23	160.43
PTHR30508	4025.52	3950.93	6760.95	270.66	240.94
PTHR24067	21133.83	20425.09	19157.51	1414.6	1259.28
PTHR24064	7239.93	7053.43	3102.3	122.75	109.27
PTHR24063	11330.4	10994.78	2170.63	133.13	118.5
PTHR21011	3086.53	2974.62	3525.67	256.73	228.54
PTHR25040	5941.9	5792.7	10916.17	550.32	489.89
PTHR10774	31689.75	30682.76	66213.03	5715.59	5087.97
PTHR24068	2456.96	2345.05	3948.48	329.19	293.04
PTHR12959	2586.75	2549.46	555.57	16.28	14.5
PTHR24115	28768.73	27948.12	4024.42	179.63	159.93
PTHR11825	8506.5	8320.0	4059.65	180.88	161.02
PTHR10809	1375.8	1338.5	3068.67	171.85	152.98
PTHR11822	2043.0	2005.7	8138.86	303.51	270.18
PTHR10555	4027.59	3915.69	1462.34	79.8	71.04
PTHR10806	1003.0	965.7	746.23	58.06	51.69
PTHR10804	14227.24	13816.94	11345.8	630.24	561.03
PTHR11556	5310.38	5123.88	3433.02	240.78	214.35
PTHR11006	6831.43	6607.72	1858.35	112.77	100.39
PTHR22838	1044.26	1006.98	1183.64	88.28	78.58
PTHR11558	2543.0	2468.4	5777.53	294.3	261.98
PTHR13773	1792.52	1755.21	325.03	13.86	12.34
PTHR20275	1916.72	1879.41	423.68	16.87	15.01
PTHR10537	1081.73	1044.44	150.0	10.78	9.6
PTHR11953	1168.51	1131.2	434.07	28.8	25.63
PTHR11956	2714.0	2639.4	1459.0	82.07	73.06
PTHR11959	3798.56	3686.66	1598.91	107.31	95.53
PTHR11739	2965.06	2890.46	5213.75	220.5	196.29
PTHR11732	19518.06	18958.58	11834.29	685.54	610.27
PTHR11731	11538.69	11277.68	8937.84	358.34	319.02
PTHR11730	8370.51	8109.5	12124.18	457.23	407.01
PTHR11735	3760.63	3648.74	498.0	31.04	27.63
PTHR10394	1161.78	1124.48	6210.89	414.51	368.99
PTHR20941	1610.72	1536.16	333.97	31.54	28.07
PTHR10150	2811.4	2699.49	335.0	29.31	26.09
PTHR31065	1159.11	1121.82	2469.46	165.18	147.04
PTHR10159	13009.12	12598.87	7647.15	462.37	411.59
PTHR10122	1060.68	1023.37	3689.25	270.75	241.01
PTHR23264	4731.69	4619.78	2777.49	130.19	115.9
PTHR23269	1651.6	1539.7	135.0	19.92	17.73
PTHR31204	720.0	682.7	163.0	18.0	16.03
PTHR31201	4067.16	3992.55	2946.83	117.62	104.7
PTHR31209	945.77	908.49	506.52	41.91	37.31
PTHR11607	12334.91	11887.41	7407.38	398.6	354.83
PTHR11606	2197.0	2159.7	2623.9	90.84	80.87
PTHR11601	5637.67	5488.51	3067.24	182.93	162.84
PTHR32467	1591.63	1517.06	145.0	18.2	16.2
PTHR23130	19461.54	18864.79	18928.6	1207.36	1074.77
PTHR23133	1369.0	1331.7	919.76	51.77	46.09
PTHR23135	5509.92	5360.72	1367.08	77.34	68.84
PTHR23138	2214.38	2139.77	3168.0	233.72	208.06
PTHR23139	3291.28	3142.08	1469.06	147.46	131.26
PTHR31682	2599.47	2487.6	1595.7	83.79	74.59
PTHR11040	6361.13	6174.62	5868.26	291.94	259.87
PTHR11043	2112.63	2038.03	2046.74	145.09	129.17
PTHR11042	4763.57	4577.16	596.5	48.59	43.25
PTHR11048	6751.21	6564.71	2660.98	162.85	144.97
PTHR15818	1681.89	1607.28	124.0	11.62	10.34
PTHR12636	1358.84	1321.54	339.87	19.28	17.16
PTHR14490	821.61	747.04	59.0	11.88	10.57
PTHR14493	6531.42	6344.92	1580.0	85.0	75.68
PTHR15651	4235.52	4160.92	774.26	32.59	29.0
PTHR12380	2283.87	2209.27	1678.72	113.94	101.42
PTHR12385	2551.84	2514.53	542.25	16.12	14.35
PTHR12706	5829.0	5530.62	213.07	19.63	17.47
PTHR12709	777.89	740.59	206.0	20.95	18.65
PTHR19957	12684.15	12311.2	5311.97	247.25	220.11
PTHR30239	2429.03	2354.43	1795.0	116.5	103.72
PTHR11203	9956.51	9732.71	2113.25	100.24	89.25
PTHR12770	2210.0	2135.4	232.0	14.07	12.53
PTHR12097	3585.0	3547.7	2318.93	48.8	43.44
PTHR11200	12907.72	12460.21	2665.74	159.89	142.34
PTHR21576	18705.4	18108.69	4582.76	269.47	239.87
PTHR24423	49301.86	47735.52	92642.59	2648.3	2357.48
PTHR10046	5852.76	5703.62	1876.43	78.67	70.03
PTHR12419	7358.68	7097.62	1756.39	143.92	128.12
PTHR11757	444.0	406.71	14.0	2.62	2.33
PTHR30525	1842.11	1804.8	971.96	40.3	35.87
PTHR12413	3163.47	3088.85	449.0	21.63	19.25
PTHR12412	3000.65	2888.74	1844.01	133.6	118.93
PTHR12411	39197.9	37817.92	40394.64	2317.87	2063.37
PTHR12146	1060.0	1022.7	4163.31	305.74	272.17
PTHR12415	1272.42	1197.87	83.36	10.06	8.95
PTHR10947	1855.88	1818.58	2481.82	102.12	90.9
PTHR21717	4204.26	4092.36	712.0	50.6	45.03
PTHR10943	6522.02	6372.81	5464.47	266.65	237.36
PTHR12897	626.06	588.76	161.06	20.67	18.4
PTHR12894	3235.09	3123.2	838.04	68.08	60.61
PTHR22976	5235.9	5086.7	10886.94	492.89	438.74
PTHR22975	918.0	880.7	185.0	15.8	14.06
PTHR22970	1020.0	982.7	304.83	23.3	20.75
PTHR20922	2852.05	2777.44	4391.32	214.94	191.34
PTHR21377	2488.0	2413.4	3000.77	161.42	143.7
PTHR21371	1931.86	1894.56	7763.73	306.57	272.9
PTHR21373	3371.0	3296.4	279.35	9.95	8.85
PTHR22573	8680.53	8456.72	12167.82	476.3	423.97
PTHR22572	19591.77	19032.28	23379.22	995.61	886.3
PTHR13060	890.0	852.7	64.0	5.65	5.03
PTHR21000	2377.12	2339.81	1440.01	46.0	40.95
PTHR10701	750.0	712.7	344.13	36.39	32.4
PTHR13161	773.86	736.61	110.99	11.35	10.1
PTHR13162	5951.68	5727.95	4115.48	229.58	204.38
PTHR13165	2683.06	2608.46	462.1	26.84	23.9
PTHR21396	1200.0	1162.7	444.17	28.66	25.51
PTHR12459	3642.5	3530.6	656.29	25.88	23.04
PTHR10681	4536.4	4387.18	15070.93	1064.2	947.34
PTHR24106	4157.41	4082.8	1960.0	79.44	70.71
PTHR24103	1861.85	1824.55	348.0	14.27	12.7
PTHR10683	3327.51	3252.9	15063.36	752.94	670.26
PTHR11540	1434.47	1359.91	756.96	82.55	73.48
PTHR10836	7474.48	7101.54	31634.27	1919.88	1709.06
PTHR10835	1904.0	1866.74	343.71	13.77	12.26
PTHR11545	3526.63	3377.46	10478.26	775.28	690.15
PTHR10012	681.92	644.7	166.64	19.5	17.36
PTHR13768	1172.35	1135.04	1483.0	98.05	87.28
PTHR24078	17655.53	17207.97	5347.07	250.91	223.35
PTHR11946	23161.65	22602.19	13987.57	639.25	569.05
PTHR11947	2412.59	2337.98	460.0	24.2	21.54
PTHR11941	9632.05	9370.94	6899.95	374.12	333.03
PTHR24072	3281.65	3207.05	4404.24	236.43	210.47
PTHR10496	437.0	399.71	10.0	1.9	1.69
PTHR10491	1541.54	1504.24	291.99	14.54	12.94
PTHR24076	18021.77	17424.97	12043.72	691.77	615.79
PTHR24077	13343.95	12896.33	8460.55	602.28	536.13
PTHR11726	1404.15	1329.58	9312.13	686.64	611.24
PTHR11727	2192.79	2118.19	939.0	66.26	58.98
PTHR11721	889.96	852.66	6748.15	595.36	529.98
PTHR11722	1179.0	1141.7	8179.69	537.62	478.58
PTHR10120	3678.78	3604.19	1454.01	60.72	54.05
PTHR11831	3179.24	2992.84	11467.45	916.16	815.56
PTHR11835	4939.49	4827.57	2859.07	133.48	118.83
PTHR11614	13831.88	13533.47	12962.13	557.47	496.26
PTHR11615	4854.31	4742.4	5880.97	194.33	173.0
PTHR11618	3449.69	3300.48	497.98	49.79	44.32
PTHR32419	6883.7	6734.5	6762.93	299.35	266.48
PTHR10231	6119.17	5969.96	3580.38	172.48	153.55
PTHR10233	4526.89	4377.71	2637.26	185.34	164.99
PTHR31503	3113.21	3038.62	2578.06	127.77	113.75
PTHR23147	1594.0	1519.4	1292.69	132.55	118.0
PTHR23140	2918.2	2843.63	359.0	20.57	18.3
PTHR23142	1792.58	1717.97	400.02	37.14	33.06
PTHR23149	536.35	499.07	391.62	59.42	52.89
PTHR23148	1364.09	1326.79	102.0	5.76	5.13
PTHR11361	21764.25	21018.31	4208.51	268.28	238.81
PTHR11056	2993.5	2918.89	2447.3	84.49	75.22
PTHR11055	3256.23	3181.63	1371.65	64.61	57.52
PTHR32523	2128.72	2054.12	1264.55	81.66	72.68
PTHR10540	3323.51	3211.6	2986.56	189.25	168.47
PTHR22767	6790.25	6715.65	2517.62	67.27	59.89
PTHR12629	2224.78	2150.19	877.32	41.33	36.79
PTHR18945	9821.95	9486.3	1941.86	146.51	130.42
PTHR26402	6175.23	5951.46	3049.15	162.37	144.55
PTHR19384	9462.55	9052.27	10064.91	625.26	556.61
PTHR12714	3713.05	3601.17	1661.75	102.58	91.32
PTHR32251	2912.03	2800.13	2393.12	168.81	150.27
PTHR12570	2161.23	2086.63	555.0	40.01	35.62
PTHR21494	2223.71	2149.15	130.0	8.65	7.7
PTHR21496	3747.81	3635.9	1811.81	122.17	108.76
PTHR21141	3961.28	3812.07	19177.92	1576.63	1403.49
PTHR21499	8245.13	8021.32	2992.55	99.47	88.55
PTHR21148	2091.82	2017.21	577.0	43.28	38.53
PTHR12083	1594.02	1556.71	34.0	1.64	1.46
PTHR13355	3551.9	3440.02	2200.89	141.18	125.68
PTHR13976	4152.93	4003.72	4191.0	329.74	293.52
PTHR19852	2679.0	2604.4	1032.99	56.81	50.57
PTHR16128	3347.15	3272.55	597.0	29.19	25.98
PTHR12400	1148.67	1111.36	1410.91	95.28	84.82
PTHR12403	1683.75	1609.15	1166.66	117.89	104.95
PTHR13572	1719.11	1681.8	610.11	27.16	24.17
PTHR30314	3886.89	3812.28	2698.83	111.89	99.61
PTHR12882	1017.37	980.06	49.0	3.76	3.34
PTHR12883	1584.25	1546.95	671.0	32.48	28.92
PTHR16255	636.46	599.16	256.94	32.39	28.83
PTHR16254	9126.88	8903.08	3599.65	157.94	140.59
PTHR22960	2222.8	2148.19	875.48	67.6	60.18
PTHR13373	635.0	597.7	80.0	10.11	9.0
PTHR13375	1373.0	1298.4	140.0	16.59	14.77
PTHR22967	4008.18	3896.27	977.99	48.25	42.95
PTHR19858	3361.61	3286.99	872.0	38.62	34.38
PTHR30222	872.67	835.36	153.41	13.82	12.3
PTHR13115	1871.7	1797.09	273.0	22.99	20.46
PTHR13117	2275.43	2238.13	517.01	17.27	15.37
PTHR12975	3466.0	3316.8	137.0	14.63	13.03
PTHR13285	716.0	678.7	53.0	5.89	5.24
PTHR13288	1120.1	1082.82	257.01	17.81	15.86
PTHR10953	19439.89	18843.18	9754.21	528.48	470.46
PTHR10954	2359.07	2284.47	549.0	38.08	33.91
PTHR21726	4195.73	4046.55	1539.03	72.03	64.11
PTHR10956	1433.0	1321.15	4235.78	461.94	411.21
PTHR11538	3352.62	3240.71	2561.63	222.31	197.9
PTHR10826	1074.5	999.91	252.58	29.45	26.21
PTHR21493	19673.79	19151.68	4249.13	189.07	168.31
PTHR11533	5709.38	5597.47	21122.31	755.09	672.18
PTHR11532	1524.78	1487.48	535.93	26.99	24.02
PTHR10000	4956.64	4807.42	2683.44	155.71	138.61
PTHR13021	715.66	678.36	236.69	26.31	23.42
PTHR12290	571.2	533.97	168.0	23.8	21.18
PTHR12295	7192.0	6968.2	1087.0	73.93	65.82
PTHR24007	4075.77	3889.31	470.0	46.23	41.15
PTHR24003	14632.64	14147.84	10026.94	468.07	416.68
PTHR31446	3404.45	3292.58	961.0	76.5	68.1
PTHR31190	6640.92	6454.42	4860.43	196.17	174.62
PTHR11441	1461.54	1424.24	371.0	19.52	17.37
PTHR11440	5758.32	5571.84	2878.19	127.2	113.22
PTHR11999	9396.84	9098.44	14128.89	524.16	466.59
PTHR11449	1313.0	1238.41	5411.67	463.14	412.28
PTHR11994	2144.51	2032.7	8032.56	621.83	553.55
PTHR10133	7373.73	7224.57	810.0	39.27	34.97
PTHR21649	11429.88	10945.11	95216.74	7269.5	6471.24
PTHR13620	4088.65	3939.47	770.0	43.41	38.64
PTHR11705	1099.24	1061.93	146.01	10.32	9.19
PTHR11847	1287.0	1249.7	4311.13	258.7	230.29
PTHR11843	1312.25	1237.66	15228.91	1356.02	1207.11
PTHR13138	597.0	559.7	42.0	5.67	5.05
PTHR11662	12868.09	12532.39	2958.19	131.92	117.44
PTHR11669	4967.45	4780.95	999.0	82.81	73.73
PTHR11668	19020.14	18572.59	18928.08	846.9	753.87
PTHR20856	12597.43	12373.66	3601.2	106.88	95.15
PTHR20854	7696.79	7472.96	3743.81	201.45	179.34
PTHR20855	4058.74	3946.84	2349.29	107.9	96.06
PTHR20852	5483.07	5222.05	174778.73	16061.43	14297.75
PTHR32404	4833.82	4647.33	2442.01	158.87	141.41
PTHR20858	322.0	284.74	31.0	8.34	7.43
PTHR11918	4828.26	4679.05	937.92	52.41	46.65
PTHR10634	3106.82	3032.22	27552.56	1384.68	1232.63
PTHR11709	18680.95	18084.24	5267.27	216.79	192.98
PTHR14898	1815.0	1777.7	901.0	37.93	33.77
PTHR14237	4309.28	4160.07	586.25	39.91	35.51
PTHR23155	208672.04	201511.93	25640.1	1551.61	1381.27
PTHR23153	3205.81	3093.91	635.89	44.04	39.2
PTHR23151	12478.17	12030.55	11335.61	912.66	812.44
PTHR11063	2805.64	2731.04	1525.57	78.65	70.02
PTHR11062	70899.47	68512.71	15752.65	992.14	883.19
PTHR11061	4750.37	4452.18	376.24	47.59	42.38
PTHR11065	3775.16	3700.54	2688.09	98.97	88.09
PTHR11064	1807.2	1732.6	2065.14	168.56	150.06
PTHR11260	15833.66	15311.5	18113.8	1381.25	1229.56
PTHR11264	1612.51	1575.2	343.31	16.32	14.53
PTHR11266	6000.59	5776.8	3751.36	319.28	284.22
PTHR13501	1231.24	1193.94	445.99	28.02	24.94
PTHR31998	5330.77	5218.87	28227.76	771.47	686.75
PTHR31221	22826.16	22005.59	5056.89	313.01	278.65
PTHR15838	476.89	439.6	28.0	4.83	4.3
PTHR12850	1045.3	970.72	6685.08	785.24	699.01
PTHR32338	1635.0	1597.7	1297.24	60.8	54.12
PTHR23270	5936.3	5675.2	752.7	59.2	52.69
PTHR31155	1507.01	1469.71	2327.18	118.62	105.59
PTHR12363	5251.85	5139.95	1106.91	44.46	39.58
PTHR20932	743.0	705.7	368.0	39.31	34.99
PTHR18952	3662.0	3550.14	2659.0	175.67	156.37
PTHR10552	1029.27	991.96	257.04	19.47	17.33
PTHR12765	750.43	713.12	420.0	44.39	39.51
PTHR22603	1430.1	1392.8	1516.02	81.57	72.61
PTHR12506	2025.0	1913.11	405.7	44.77	39.86
PTHR22604	7215.27	6991.43	1442.96	89.33	79.51
PTHR21481	3936.12	3861.52	1099.38	46.85	41.7
PTHR22778	689.12	651.81	75.0	8.68	7.73
PTHR19446	472.0	434.7	2963.87	517.61	460.77
PTHR12219	751.48	714.18	1628.96	171.91	153.03
PTHR13561	688.51	651.22	36.0	4.17	3.71
PTHR13563	1875.41	1838.1	430.85	17.54	15.61
PTHR12210	9450.47	9226.68	6583.5	298.57	265.79
PTHR12215	1580.31	1505.7	310.0	27.92	24.85
PTHR12214	1870.11	1795.49	270.0	20.14	17.93
PTHR12189	1923.01	1848.41	311.21	24.07	21.43
PTHR22911	6511.0	6361.8	10419.58	332.7	296.17
PTHR22912	13477.46	13216.34	15384.4	668.98	595.53
PTHR12183	8940.54	8604.92	2672.79	176.69	157.29
PTHR19849	2486.0	2374.1	683.03	64.34	57.28
PTHR22594	10934.1	10672.99	4855.02	218.3	194.33
PTHR11864	2526.09	2376.98	180.63	18.1	16.12
PTHR21152	5612.95	5501.04	3354.01	137.68	122.56
PTHR30075	1870.16	1795.6	959.6	61.27	54.54
PTHR11632	3807.17	3695.26	1736.52	89.11	79.32
PTHR13102	2166.33	2091.73	511.03	34.25	30.49
PTHR12984	4414.79	4340.19	2052.03	74.58	66.39
PTHR11630	13210.99	12726.19	3318.98	202.64	180.38
PTHR12302	928.08	890.78	519.66	43.87	39.05
PTHR13299	828.34	791.04	394.0	37.5	33.38
PTHR12652	4585.0	4473.1	4514.6	228.11	203.06
PTHR10925	3168.92	3019.75	1330.01	114.77	102.16
PTHR21737	3942.0	3830.15	792.43	34.81	30.98
PTHR10920	7619.37	7358.27	772.07	62.48	55.62
PTHR10584	12068.49	11770.14	5813.45	295.43	262.97
PTHR11528	8117.0	7967.8	46748.77	1949.28	1735.23
PTHR11527	8409.5	8036.52	1000.89	87.34	77.75
PTHR10859	6781.05	6520.13	2547.72	194.87	173.47
PTHR10589	2093.33	2018.75	1245.32	92.55	82.39
PTHR10588	1779.13	1704.58	617.21	82.72	73.64
PTHR13038	1110.0	1035.4	40.98	6.21	5.53
PTHR13748	6050.03	5863.56	4418.71	266.86	237.56
PTHR13743	13856.48	13371.61	3215.02	183.26	163.13
PTHR24015	91740.83	88943.58	21108.87	1111.11	989.06
PTHR24012	21355.63	20535.1	29093.8	1874.69	1668.84
PTHR24011	30788.5	29744.28	16693.1	872.46	776.66
PTHR31187	2142.0	2104.7	1015.84	36.09	32.13
PTHR19139	1554.0	1516.7	251.91	12.44	11.07
PTHR21145	1571.0	1533.7	401.01	19.58	17.43
PTHR10458	797.73	760.42	290.16	28.74	25.58
PTHR10108	33340.56	32370.8	12904.42	767.22	682.96
PTHR11986	11159.33	10935.52	8953.16	359.66	320.18
PTHR11455	7241.79	6980.71	3492.8	198.31	176.53
PTHR10102	2404.0	2366.7	650.29	20.54	18.28
PTHR11458	681.0	643.7	498.01	58.38	51.97
PTHR10106	1074.0	999.4	1419.23	215.08	191.47
PTHR30544	5068.71	4919.5	1046.09	65.46	58.27
PTHR31057	2464.23	2315.03	390.0	54.1	48.18
PTHR20982	1147.03	1109.77	1365.96	92.37	82.22
PTHR11851	24002.11	23479.88	21436.74	995.65	886.28
PTHR23092	7534.25	7273.19	1933.08	154.96	137.95
PTHR23091	11692.93	11245.41	4531.73	343.15	305.46
PTHR11673	1614.53	1539.93	6842.43	559.72	498.26
PTHR11670	8826.82	8640.31	20605.49	709.38	631.49
PTHR11671	1199.0	1161.7	1073.0	69.3	61.69
PTHR20863	2680.78	2568.88	8107.57	758.86	675.53
PTHR20861	3626.63	3514.75	2039.19	106.19	94.53
PTHR11679	13379.99	13081.57	4396.67	130.43	116.1
PTHR14009	5540.8	5428.9	2741.53	100.65	89.59
PTHR10217	22381.33	21971.05	7560.43	286.64	255.17
PTHR14005	2713.32	2638.74	2040.36	95.69	85.17
PTHR10210	4396.97	4247.78	4967.52	481.48	428.61
PTHR31522	1529.4	1492.1	597.99	30.02	26.72
PTHR14221	997.72	923.13	35.0	5.1	4.54
PTHR11079	6988.15	6801.62	2338.96	136.67	121.65
PTHR11076	5057.25	4908.15	568.0	29.24	26.03
PTHR11070	4536.96	4387.78	492.0	35.06	31.2
PTHR11071	20739.59	20030.91	59786.96	4394.13	3911.6
PTHR11278	964.0	926.7	5287.05	428.85	381.76
PTHR11276	1257.2	1182.62	75.0	10.2	9.08
PTHR11274	2575.0	2500.44	952.0	33.02	29.39
PTHR14136	3319.82	3207.91	3433.9	238.16	212.0
PTHR31984	6009.58	5860.38	3308.55	148.3	132.03
PTHR15350	2854.82	2780.21	3003.27	170.91	152.14
PTHR31695	2674.21	2636.91	897.4	25.43	22.63
PTHR15606	2468.63	2394.01	916.0	58.01	51.64
PTHR12374	1480.38	1405.78	240.0	29.34	26.12
PTHR12375	1333.81	1296.5	156.99	9.08	8.08
PTHR12378	2297.97	2223.39	1276.0	86.84	77.3
PTHR18929	12927.86	12554.86	55520.09	3988.84	3550.81
PTHR12777	619.0	581.7	2615.99	339.83	302.51
PTHR12775	2039.39	1964.79	1152.58	70.52	62.78
PTHR16092	2886.0	2848.7	2349.0	61.6	54.83
PTHR12406	1476.53	1439.23	584.87	30.45	27.1
PTHR11035	1072.0	1034.7	709.66	51.51	45.85
PTHR22298	14729.43	14281.85	11059.2	565.1	503.04
PTHR12174	4679.41	4530.21	2083.8	151.24	134.63
PTHR12175	2294.4	2219.79	1676.1	111.03	98.84
PTHR12176	9360.69	9099.58	1948.98	114.18	101.65
PTHR22769	2800.15	2688.25	1132.11	91.78	81.71
PTHR10293	5412.2	5262.99	7070.29	402.29	358.12
PTHR22765	3830.69	3756.09	6507.38	245.04	218.14
PTHR22762	5832.51	5757.9	3751.79	93.45	83.19
PTHR22763	3392.94	3281.09	673.01	29.04	25.86
PTHR22761	2513.59	2439.0	4200.01	264.73	235.67
PTHR21231	3087.52	2975.64	1139.0	87.67	78.04
PTHR21230	4095.15	3945.94	1692.72	143.42	127.66
PTHR21234	1024.0	986.7	542.0	41.27	36.74
PTHR21237	2713.89	2639.27	1498.7	86.97	77.42
PTHR12202	1628.1	1516.21	209.98	31.52	28.06
PTHR12203	3763.53	3614.33	221.0	17.27	15.37
PTHR19857	501.0	463.7	108.0	17.66	15.72
PTHR22904	24962.39	24104.64	10796.92	729.47	649.36
PTHR19855	1828.83	1791.53	674.0	28.15	25.06
PTHR13353	553.75	516.47	114.0	16.71	14.87
PTHR19853	1602.98	1528.38	230.0	22.18	19.74
PTHR15362	2437.27	2362.67	1208.7	84.24	74.99
PTHR12197	10956.38	10434.19	2028.5	179.96	160.19
PTHR13822	785.78	748.48	3028.71	304.78	271.31
PTHR21319	5130.62	5018.71	970.7	43.32	38.56
PTHR10732	889.0	851.7	4365.45	385.59	343.24
PTHR10738	1419.49	1382.2	338.0	18.33	16.31
PTHR10739	1637.78	1563.18	873.99	84.92	75.6
PTHR12992	1119.36	1082.05	178.0	12.35	10.99
PTHR22836	2194.0	2119.4	187.0	13.12	11.68
PTHR22880	7311.31	7162.09	2229.77	67.22	59.83
PTHR10938	2314.22	2239.61	1300.15	87.58	77.97
PTHR10934	1261.62	1187.04	11787.98	1038.47	924.44
PTHR11510	1504.28	1467.0	1038.0	53.0	47.18
PTHR11516	6322.95	6136.45	10313.28	496.09	441.63
PTHR10025	3432.54	3283.36	2190.25	196.8	175.19
PTHR10026	10046.37	9859.89	3619.82	104.24	92.79
PTHR10027	3719.9	3570.72	531.98	41.34	36.81
PTHR13009	2790.0	2678.1	1698.0	139.89	124.53
PTHR13007	937.0	899.7	291.0	24.32	21.65
PTHR30115	1973.1	1898.49	1108.48	63.54	56.56
PTHR10598	923.0	885.7	55.0	4.67	4.16
PTHR17901	766.0	728.7	36.0	3.72	3.31
PTHR24351	656.0	618.7	27.0	3.29	2.93
PTHR20981	1261.04	1186.43	5076.11	541.2	481.77
PTHR24352	550.0	512.7	74.04	10.93	9.73
PTHR11467	2247.85	2173.27	6875.25	491.14	437.21
PTHR10119	7154.8	6968.3	6169.19	295.05	262.65
PTHR10114	760.08	722.78	3626.98	378.15	336.63
PTHR10110	8490.91	8304.43	4823.68	211.9	188.63
PTHR11469	4068.9	3994.33	5023.75	180.37	160.56
PTHR10445	779.0	741.7	351.93	35.75	31.82
PTHR11863	5748.5	5562.02	5033.43	263.85	234.87
PTHR24286	4091.0	3979.1	622.0	34.99	31.14
PTHR23429	3795.18	3720.57	9028.79	358.89	319.48
PTHR23426	2376.64	2302.03	1063.75	72.52	64.56
PTHR10593	4616.45	4467.25	1844.78	111.27	99.05
