GeneFamily	length	effective_length	expected_count	TPM	FPKM
PTHR11649	10465.08	10056.69	6454.62	413.58	364.73
PTHR31089	2072.0	2031.16	258.0	8.96	7.9
PTHR31085	10722.88	10396.17	7301.22	443.55	391.16
PTHR11647	3413.96	3332.28	2860.19	126.43	111.5
PTHR11645	1758.0	1717.16	3752.15	154.18	135.97
PTHR11880	1740.0	1658.32	5540.77	484.34	427.12
PTHR11885	933.0	892.16	10710.88	850.59	750.11
PTHR10209	9523.02	9277.96	6393.8	225.9	199.22
PTHR32429	2801.31	2719.63	6939.79	368.6	325.05
PTHR31423	856.76	815.92	496.0	43.1	38.01
PTHR31551	607.97	567.13	123.56	15.51	13.68
PTHR32195	3597.11	3474.59	794.0	33.28	29.35
PTHR11081	2846.22	2682.9	728.71	42.97	37.89
PTHR11080	2432.44	2309.93	276.0	22.99	20.27
PTHR11082	4717.76	4513.62	1426.17	105.93	93.41
PTHR11085	6634.49	6430.3	783.1	34.75	30.64
PTHR11089	9534.34	9126.03	4124.28	315.07	277.87
PTHR32518	4106.01	4065.17	2516.55	43.57	38.42
PTHR11247	3448.06	3325.54	992.96	54.96	48.47
PTHR11246	11190.18	10945.13	4070.02	150.67	132.86
PTHR32512	4969.95	4888.26	387.0	10.47	9.24
PTHR23088	4884.28	4720.9	1454.97	89.88	79.26
PTHR23089	2075.0	1993.32	1869.55	133.4	117.64
PTHR23081	3963.82	3800.46	520.06	31.05	27.39
PTHR23083	39523.85	38339.6	17550.64	738.31	651.07
PTHR23084	4685.01	4603.35	1627.55	48.18	42.49
PTHR23086	3132.43	2969.07	890.0	86.33	76.13
PTHR18806	2708.69	2627.01	2505.23	121.47	107.12
PTHR31953	2778.82	2697.14	547.05	30.65	27.03
PTHR15184	6413.04	6249.66	21076.61	831.0	732.83
PTHR15341	1450.54	1409.69	560.0	28.06	24.74
PTHR32357	3389.26	3307.57	3467.17	146.01	128.76
PTHR12696	1591.26	1550.43	1598.85	72.79	64.19
PTHR12341	3296.29	3214.67	1387.72	64.61	56.97
PTHR15160	5121.62	4999.12	8266.21	308.46	272.02
PTHR18937	12844.9	12518.19	2148.99	90.68	79.96
PTHR18934	26485.05	25505.16	6710.09	393.57	347.07
PTHR12742	2052.0	2011.16	1146.6	40.2	35.45
PTHR12741	14547.88	14180.31	4946.84	207.62	183.11
PTHR19288	2620.97	2539.29	773.8	43.63	38.48
PTHR13903	3117.78	3036.1	1917.03	83.23	73.41
PTHR22753	4934.97	4771.62	1001.81	55.81	49.21
PTHR30615	725.0	684.16	410.91	42.66	37.62
PTHR22939	17972.49	17523.23	15386.93	587.13	517.81
PTHR22938	1256.42	1174.76	120.0	15.43	13.61
PTHR30612	5434.81	5312.28	4385.18	137.85	121.57
PTHR22932	1057.0	1016.16	12545.11	873.78	770.56
PTHR22931	10866.94	10662.76	4205.57	126.35	111.42
PTHR12233	1214.63	1173.79	1551.03	93.42	82.39
PTHR22936	12482.72	12155.99	4716.27	173.26	152.8
PTHR31038	3682.8	3601.11	5035.87	143.15	126.24
PTHR13832	36305.9	35121.62	32100.77	1500.39	1323.15
PTHR21139	1251.97	1211.13	3181.04	185.67	163.74
PTHR21136	7827.74	7582.72	6916.07	415.35	366.27
PTHR12526	41451.41	40553.1	26818.04	1035.78	913.45
PTHR13124	1218.0	1177.16	619.41	37.2	32.81
PTHR13120	578.37	537.53	506.0	67.05	59.13
PTHR22809	2497.5	2415.82	393.81	23.04	20.33
PTHR22807	8092.1	7847.11	3389.16	127.74	112.65
PTHR20661	1082.87	1042.04	273.93	18.6	16.4
PTHR10900	5175.25	4930.23	9260.76	704.63	621.4
PTHR10906	4937.4	4814.88	8323.52	306.74	270.51
PTHR10909	15651.63	15324.92	29552.94	888.28	783.34
PTHR10055	3320.18	3238.49	1161.08	50.49	44.52
PTHR10057	2516.6	2434.92	4128.06	240.8	212.35
PTHR10052	422.0	381.17	2784.82	523.19	461.39
PTHR13017	1530.64	1489.8	1050.07	49.76	43.89
PTHR10693	1898.0	1857.16	2159.78	82.03	72.34
PTHR10694	14282.69	13996.91	4317.21	90.8	80.08
PTHR12839	2846.63	2724.11	281.0	19.16	16.89
PTHR12835	1434.79	1393.95	300.48	15.23	13.43
PTHR24031	51850.49	50012.96	47591.57	2423.3	2137.05
PTHR24032	1577.0	1495.32	323.88	30.74	27.11
PTHR24349	151912.07	145787.04	83184.36	4255.2	3752.51
PTHR24619	5950.26	5705.23	2522.42	174.97	154.29
PTHR24343	7433.46	7147.69	8026.11	378.54	333.84
PTHR11472	3584.64	3421.31	347.0	28.36	25.01
PTHR24347	21986.53	21251.46	9588.75	543.04	478.88
PTHR11476	6189.32	6066.84	2480.46	80.15	70.67
PTHR11477	2724.44	2601.93	580.04	39.46	34.81
PTHR24305	3345.7	3182.36	457.16	29.65	26.14
PTHR10476	4505.94	4342.59	3976.99	265.85	234.44
PTHR24290	4191.4	4068.89	2607.93	115.92	102.22
PTHR23413	1104.68	1023.01	11653.5	1305.04	1150.88
PTHR23417	5480.3	5316.99	2393.95	132.74	117.07
PTHR23416	6656.22	6452.03	2630.79	144.05	127.03
PTHR23415	1256.03	1215.18	1432.0	83.3	73.46
PTHR10871	2443.47	2280.18	7935.29	722.86	637.47
PTHR10877	8085.5	8003.82	6083.04	116.8	103.0
PTHR11879	5094.38	4931.02	12460.94	669.79	590.68
PTHR10430	2991.35	2868.86	8297.9	671.97	592.59
PTHR31096	5602.53	5439.17	5444.04	267.0	235.46
PTHR31098	5731.46	5568.11	1812.28	63.96	56.4
PTHR11655	2546.8	2424.33	12376.38	873.18	770.03
PTHR11652	738.0	697.16	9061.38	923.0	813.97
PTHR20883	1870.68	1789.01	3676.32	291.99	257.5
PTHR11895	980.25	939.41	332.0	25.03	22.07
PTHR10277	5136.0	4972.66	5580.54	319.62	281.86
PTHR14027	3319.27	3155.95	620.06	48.62	42.88
PTHR12320	5116.75	4953.47	3161.39	170.33	150.22
PTHR13691	1698.01	1616.33	15570.87	985.56	869.14
PTHR23180	14191.84	13660.91	8513.32	630.46	556.0
PTHR14593	2040.68	1918.16	520.0	52.98	46.71
PTHR11093	4027.28	3945.6	2338.71	75.58	66.65
PTHR11096	1409.0	1327.33	705.91	79.79	70.36
PTHR23346	13533.81	13247.95	66825.37	6156.17	5428.94
PTHR10309	1491.66	1450.83	1537.02	74.81	65.97
PTHR14107	2288.2	2247.36	587.76	18.43	16.26
PTHR11252	6515.0	6433.32	2156.17	45.93	40.5
PTHR11254	13072.4	12704.9	4263.12	185.09	163.24
PTHR11255	4564.04	4441.53	1931.92	83.95	74.04
PTHR14110	3022.0	2899.48	6770.05	561.56	495.22
PTHR16201	5621.33	5457.96	3121.94	157.68	139.05
PTHR14374	3066.09	2984.41	407.0	25.74	22.7
PTHR18838	3104.0	2981.47	1425.66	90.09	79.45
PTHR12687	1524.0	1442.32	217.0	21.08	18.6
PTHR15157	3894.93	3772.41	1053.03	58.2	51.33
PTHR18901	8777.26	8491.37	10049.08	534.06	470.97
PTHR12755	2739.22	2657.54	309.9	14.48	12.77
PTHR12750	4481.29	4358.77	978.43	51.14	45.11
PTHR12753	823.32	782.51	330.0	29.91	26.38
PTHR15081	1798.49	1757.65	371.74	14.92	13.16
PTHR15574	4122.15	3958.91	870.2	56.72	50.02
PTHR13931	1758.53	1676.93	995.0	71.29	62.87
PTHR24006	21219.16	20280.04	6136.1	374.85	330.56
PTHR12358	8319.15	7992.49	3346.1	203.46	179.43
PTHR22748	2457.8	2335.33	408.71	36.48	32.16
PTHR12356	865.01	824.2	187.04	16.09	14.19
PTHR12221	2027.0	1945.32	1213.98	88.23	77.81
PTHR30603	6311.55	6189.05	6911.1	229.35	202.25
PTHR12226	2618.26	2536.56	617.96	34.9	30.78
PTHR19876	6794.0	6630.64	9179.48	403.62	355.94
PTHR19877	3142.68	3061.01	4856.98	236.17	208.27
PTHR21689	1820.06	1738.39	124.0	9.75	8.6
PTHR31442	2818.39	2695.87	2284.26	172.7	152.3
PTHR13803	9480.93	9235.95	2790.54	101.81	89.77
PTHR19980	1160.44	1119.63	247.0	15.6	13.76
PTHR12537	2954.0	2872.32	1390.32	68.57	60.47
PTHR12532	1415.31	1374.47	662.0	34.02	30.0
PTHR13486	737.72	696.92	294.15	29.97	26.43
PTHR13489	1785.3	1703.64	794.22	65.15	57.45
PTHR17583	3333.0	3210.55	204.94	13.03	11.5
PTHR24198	1436.0	1354.32	511.0	45.68	40.28
PTHR10048	11207.75	11085.23	2876.97	61.79	54.49
PTHR24193	4549.17	4344.97	4447.98	237.1	209.11
PTHR10044	2860.01	2737.51	1716.67	129.95	114.6
PTHR11998	7324.87	7039.04	7485.3	361.59	318.88
PTHR11014	6005.54	5842.26	8248.04	411.56	362.95
PTHR10687	3066.91	2985.22	4909.89	227.07	200.25
PTHR13069	4780.18	4576.02	477.0	34.89	30.78
PTHR13068	10704.37	10418.49	2769.86	119.16	105.08
PTHR10682	2544.84	2463.16	3378.16	193.49	170.63
PTHR12829	1423.0	1382.16	450.0	23.0	20.28
PTHR12820	2107.34	2066.5	703.98	24.02	21.18
PTHR12826	847.31	806.57	979.0	86.05	75.89
PTHR12827	2376.0	2171.86	71.0	11.6	10.23
PTHR17920	2308.94	2268.1	566.0	17.59	15.51
PTHR10137	1628.0	1546.32	1161.0	108.11	95.35
PTHR11405	6856.77	6693.42	4407.98	220.93	194.83
PTHR11404	2812.42	2730.74	3082.19	160.94	141.92
PTHR11406	3464.96	3383.29	12264.38	492.46	434.28
PTHR13468	4210.85	4170.01	656.0	11.07	9.76
PTHR14255	6167.84	5922.81	2622.98	162.17	143.02
PTHR23406	7296.21	7051.18	3962.2	289.76	255.52
PTHR23407	685.51	644.69	322.0	35.49	31.3
PTHR10869	15771.06	15321.82	20516.63	1009.3	890.08
PTHR31717	5390.33	5267.81	1142.33	45.78	40.37
PTHR13393	2421.98	2299.48	390.0	34.15	30.11
PTHR15169	1165.0	1124.16	51.0	3.21	2.83
PTHR11315	1446.05	1405.21	452.02	22.72	20.04
PTHR10139	1524.55	1483.7	94.0	4.47	3.94
PTHR10264	3964.77	3842.26	5998.09	305.13	269.09
PTHR10263	1600.28	1518.59	15970.9	1308.11	1153.58
PTHR31407	7682.35	7396.53	3044.16	215.05	189.64
PTHR32170	3935.81	3813.3	1310.33	34.99	30.86
PTHR23350	1826.67	1744.99	230.53	17.13	15.11
PTHR23354	5089.24	4885.06	2899.61	219.79	193.84
PTHR23355	10678.19	10310.7	2514.72	108.49	95.67
PTHR23359	8527.76	8323.55	3477.0	176.4	155.56
PTHR11227	3292.81	3170.3	2043.19	130.74	115.3
PTHR11220	8629.32	8302.63	12127.48	785.05	692.3
PTHR11223	7153.95	7072.27	4635.28	94.34	83.19
PTHR11229	2955.79	2874.11	4117.2	212.03	186.98
PTHR10314	14944.84	14536.48	18337.15	872.47	769.43
PTHR14303	647.29	606.45	265.26	31.11	27.43
PTHR23309	880.0	798.34	0.0	0.0	0.0
PTHR23308	3058.99	2895.68	2995.98	234.48	206.79
PTHR11139	24421.14	23726.9	4126.94	198.59	175.13
PTHR11132	30936.22	30078.66	33924.79	1523.64	1343.65
PTHR11134	6653.06	6489.71	3329.93	113.24	99.87
PTHR11136	2177.84	2055.33	334.03	38.37	33.84
PTHR32374	3450.67	3368.99	1954.6	52.93	46.69
PTHR31579	3000.11	2918.46	5791.63	223.73	197.31
PTHR32379	1499.72	1377.23	200.99	31.38	27.67
PTHR31619	1766.39	1725.58	3860.12	157.83	139.19
PTHR18919	5463.98	5300.63	20092.99	852.11	751.45
PTHR32002	9149.28	8822.57	1441.7	80.32	70.81
PTHR14413	2055.0	1973.32	1404.01	100.14	88.31
PTHR14089	1242.78	1201.94	548.35	32.25	28.44
PTHR22893	2034.55	1993.71	6689.72	236.61	208.66
PTHR11661	2839.0	2716.48	7977.17	738.07	650.88
PTHR10778	3148.07	3066.38	3175.06	144.08	127.06
PTHR10072	3682.47	3600.79	2954.52	122.42	107.96
PTHR12786	1215.57	1174.73	1726.04	103.88	91.61
PTHR11706	8103.93	7858.9	1970.0	109.6	96.66
PTHR12782	1637.0	1596.16	473.99	20.96	18.48
PTHR11214	4471.39	4348.87	1677.01	80.95	71.38
PTHR24188	4921.81	4758.46	2652.59	101.26	89.29
PTHR21213	1281.0	1240.16	1545.96	88.11	77.7
PTHR10182	3397.97	3275.45	1520.83	87.87	77.49
PTHR13923	3289.96	3126.73	1125.06	97.48	85.97
PTHR12321	1202.61	1161.77	156.29	9.51	8.39
PTHR12323	644.73	603.91	285.0	33.56	29.6
PTHR14155	20520.09	19744.23	10089.28	614.47	541.88
PTHR21015	4563.95	4400.63	732.01	51.0	44.97
PTHR16196	1581.9	1500.26	274.67	26.99	23.8
PTHR16193	1337.2	1296.35	596.0	32.49	28.65
PTHR22792	5171.79	4967.6	14886.28	965.47	851.41
PTHR22790	4355.57	4192.21	1056.52	59.36	52.35
PTHR21680	1276.23	1235.39	1291.0	73.86	65.13
PTHR21113	1572.0	1490.33	363.0	60.39	53.26
PTHR19316	2076.38	1994.71	1780.38	138.93	122.52
PTHR21663	4335.52	4213.01	543.0	25.74	22.7
PTHR13253	7542.8	7256.92	3052.24	200.58	176.9
PTHR21206	1239.01	1198.17	574.14	33.88	29.87
PTHR13789	8794.17	8589.97	8914.32	337.33	297.5
PTHR10071	2852.17	2729.67	709.86	71.88	63.38
PTHR13780	6862.81	6658.61	3172.62	159.24	140.43
PTHR10670	7532.06	7287.05	1233.13	72.85	64.26
PTHR10677	1880.99	1758.48	920.98	107.46	94.76
PTHR13078	2930.36	2848.68	1244.9	64.6	56.97
PTHR12815	5919.25	5755.94	4395.34	235.74	207.89
PTHR12814	1802.59	1720.9	707.86	55.15	48.64
PTHR24361	26749.46	25810.37	17719.87	809.1	713.53
PTHR24362	10005.34	9637.81	2030.15	117.68	103.8
PTHR10416	2137.0	2055.32	129.0	9.42	8.3
PTHR10410	4407.68	4244.37	5800.29	330.86	291.76
PTHR10783	3847.15	3765.47	2043.8	76.27	67.26
PTHR10782	4514.79	4310.6	689.0	42.23	37.24
PTHR13476	1309.0	1268.16	173.0	9.64	8.5
PTHR10788	8533.85	8370.53	2936.29	82.47	72.72
PTHR10891	18804.92	18233.17	18607.23	1057.07	932.19
PTHR10890	4330.0	4125.83	541.0	32.23	28.43
PTHR20426	886.21	845.38	213.0	17.86	15.75
PTHR23213	10974.22	10647.51	1971.47	96.17	84.82
PTHR10520	5808.44	5645.19	4245.0	224.7	198.14
PTHR10250	2716.81	2594.29	20758.57	1798.72	1586.23
PTHR10527	13309.75	13023.88	16596.34	559.73	493.59
PTHR31384	6786.64	6541.63	1200.04	110.48	97.43
PTHR31385	3811.89	3689.36	1511.17	80.18	70.7
PTHR10091	1511.26	1429.58	626.0	61.87	54.57
PTHR31140	965.0	883.33	83.0	13.59	11.98
PTHR31412	6825.68	6621.65	2590.42	161.23	142.19
PTHR11787	4528.15	4405.64	12178.88	459.51	405.23
PTHR11785	15933.46	15402.57	12545.31	695.04	612.93
PTHR11782	5409.98	5246.63	4760.27	171.05	150.84
PTHR31419	3514.02	3350.71	893.61	63.32	55.84
PTHR11780	2262.0	2221.16	7435.41	235.96	208.09
PTHR13902	6162.01	6039.49	1838.96	92.08	81.2
PTHR23324	3313.86	3232.17	3513.72	169.71	149.66
PTHR23327	2664.01	2582.32	1765.89	96.93	85.47
PTHR23326	2966.0	2843.48	510.94	43.6	38.45
PTHR23321	1750.0	1668.32	521.03	49.62	43.75
PTHR23323	6411.03	6206.82	2596.67	137.44	121.2
PTHR23322	4728.73	4483.75	1557.0	138.74	122.35
PTHR23329	2615.97	2452.67	336.0	34.47	30.39
PTHR11236	5633.42	5388.39	1140.62	63.28	55.8
PTHR10322	7281.89	6955.27	344.0	18.12	15.98
PTHR11239	2643.0	2520.48	798.64	65.39	57.66
PTHR10803	2415.97	2334.32	2648.43	139.5	123.03
PTHR11101	1214.01	1173.18	381.0	22.96	20.25
PTHR31964	25012.93	24277.81	52164.93	2828.5	2494.36
PTHR23030	1997.97	1957.13	923.78	33.29	29.35
PTHR11129	3465.29	3342.97	1629.25	93.7	82.64
PTHR11122	3833.5	3710.98	3098.0	159.66	140.8
PTHR15316	2113.79	2032.11	748.0	58.33	51.44
PTHR11127	1116.0	1034.38	6083.74	559.12	493.07
PTHR11125	2669.68	2547.16	905.0	87.69	77.34
PTHR31566	2103.0	2062.16	447.46	15.3	13.49
PTHR31567	1352.0	1311.16	494.36	26.64	23.49
PTHR31561	3209.0	3127.32	266.0	14.73	12.99
PTHR15137	2116.65	1912.6	88.0	14.33	12.64
PTHR14950	3415.0	3210.82	68.0	8.17	7.21
PTHR15954	2430.96	2349.31	1117.02	71.53	63.08
PTHR15952	4252.16	4170.48	1626.92	57.22	50.46
PTHR16266	3374.3	3251.85	255.0	15.27	13.47
PTHR21597	2917.62	2713.53	239.69	22.09	19.49
PTHR19271	1622.0	1581.16	91.0	4.06	3.58
PTHR19861	1229.46	1188.61	454.11	27.01	23.82
PTHR13343	7086.33	6882.13	3502.63	167.86	148.02
PTHR12029	9004.26	8677.59	1685.49	97.33	85.82
PTHR21220	517.49	476.66	15.0	2.25	1.98
PTHR22780	9419.4	9296.88	7413.83	169.73	149.69
PTHR11952	5963.58	5800.21	2279.01	99.69	87.91
PTHR21477	2855.25	2691.89	735.03	77.63	68.46
PTHR19308	5365.0	5242.48	3542.13	117.89	103.96
PTHR16301	1228.77	1147.1	198.0	24.37	21.5
PTHR13265	1093.75	1052.92	983.02	66.06	58.25
PTHR22870	18928.72	18152.8	6503.54	424.87	374.65
PTHR17630	2208.49	2126.88	3365.15	222.2	195.95
PTHR10064	1231.47	1149.81	6923.85	613.98	541.46
PTHR10066	2947.9	2866.21	855.01	41.8	36.86
PTHR10060	2063.97	1982.3	459.41	37.17	32.78
PTHR10663	30149.65	29373.8	8913.77	402.04	354.49
PTHR10666	7892.57	7606.74	71327.2	4878.63	4302.31
PTHR10668	9420.91	9094.21	2314.06	138.6	122.22
PTHR12801	3664.77	3542.24	1855.08	110.79	97.69
PTHR12802	2154.98	2032.47	405.0	40.42	35.63
PTHR12805	1641.65	1600.81	480.0	21.16	18.66
PTHR12806	924.6	883.76	1092.8	87.61	77.26
PTHR21091	11774.19	11488.34	18865.06	734.67	647.9
PTHR21090	5391.61	5269.1	3219.21	129.84	114.5
PTHR21228	3579.52	3457.03	395.55	26.23	23.13
PTHR24314	4193.57	4071.05	1931.51	90.89	80.15
PTHR11933	1377.0	1336.16	152.59	8.07	7.12
PTHR11932	7920.49	7675.51	6344.36	249.04	219.61
PTHR11426	2937.44	2774.11	7804.17	574.68	506.81
PTHR11937	14939.46	14367.69	43118.75	1992.58	1757.21
PTHR11938	17650.52	17323.85	13968.38	446.82	394.05
PTHR13683	27276.92	26337.65	13084.98	684.6	603.7
PTHR24089	48634.94	47164.93	34144.09	1677.11	1479.02
PTHR10796	3529.0	3447.32	750.99	31.5	27.78
PTHR10794	6967.13	6803.75	2754.81	109.58	96.64
PTHR10795	23691.02	22711.19	20851.58	1216.5	1072.81
PTHR10792	2071.35	1948.86	4550.74	398.88	351.76
PTHR10799	44863.51	42862.85	6480.05	407.04	358.94
PTHR10882	936.52	895.69	377.01	29.82	26.3
PTHR10887	26568.27	25261.72	4123.52	260.81	230.01
PTHR11686	4334.92	4212.38	2449.04	131.0	115.52
PTHR11685	9562.37	9235.8	7048.7	361.99	319.22
PTHR11680	6497.07	6292.87	13278.66	671.15	591.85
PTHR24221	29664.74	28725.49	27955.65	1299.06	1145.61
PTHR24220	7539.71	7294.7	3575.4	200.1	176.46
PTHR24223	32681.34	31456.51	14738.6	739.29	651.99
PTHR11689	15698.18	15371.52	3353.19	86.59	76.35
PTHR10252	3069.53	2947.02	2581.91	164.44	145.02
PTHR31173	1705.18	1623.52	415.51	49.51	43.66
PTHR12538	1071.07	989.45	6318.83	618.5	545.44
PTHR10625	9215.59	8888.97	2483.51	163.54	144.22
PTHR31606	740.0	699.16	612.96	62.26	54.9
PTHR31356	6262.48	5976.66	13147.13	1154.84	1018.41
PTHR31352	10131.43	9927.23	11926.16	388.32	342.45
PTHR31350	2921.11	2798.59	3842.31	271.81	239.7
PTHR11758	827.0	786.16	4924.34	444.28	391.8
PTHR23333	952.29	911.45	891.5	69.29	61.1
PTHR11751	17964.92	17311.56	17363.67	1229.77	1084.51
PTHR11753	3739.17	3575.8	4268.25	341.57	301.22
PTHR11752	28407.6	27672.52	7777.94	345.33	304.56
PTHR11206	10489.79	10203.97	4547.32	200.28	176.62
PTHR23338	3448.16	3325.62	3351.66	211.71	186.7
PTHR24420	649255.67	623493.71	234154.7	10785.63	9511.64
PTHR10332	1657.91	1617.12	766.85	33.47	29.51
PTHR14140	2258.63	2136.33	127.01	9.1	8.01
PTHR14145	3601.38	3478.86	4410.05	307.59	271.25
PTHR13600	1416.43	1375.58	721.0	37.02	32.65
PTHR12848	3264.21	3141.72	897.49	62.32	54.95
PTHR31066	683.0	642.16	46.0	5.09	4.49
PTHR15744	1657.26	1616.42	681.21	29.74	26.23
PTHR13604	1376.04	1294.38	261.26	32.05	28.27
PTHR23029	11069.67	10620.54	4034.78	268.17	236.48
PTHR23023	1055.59	973.95	3402.42	368.95	325.36
PTHR31142	2995.23	2872.71	3174.58	189.97	167.53
PTHR12847	4507.93	4344.58	1501.33	90.14	79.49
PTHR11119	2474.26	2392.61	6057.92	402.0	354.52
PTHR12841	1298.0	1257.16	459.0	25.8	22.76
PTHR31595	3985.47	3862.94	434.0	28.14	24.81
PTHR31596	475.55	434.73	16.0	2.63	2.32
PTHR15948	1443.47	1402.62	607.88	30.61	26.99
PTHR32026	28528.35	27548.21	16756.29	852.08	751.43
PTHR31829	1143.79	1102.94	8386.19	537.81	474.28
PTHR19241	47623.67	45990.43	69243.23	3099.67	2733.5
PTHR14894	2317.0	2276.16	576.0	17.84	15.73
PTHR15239	2921.53	2758.17	379.98	38.2	33.68
PTHR19854	2200.85	2119.15	364.0	24.77	21.84
PTHR32497	2583.0	2542.16	1093.34	30.3	26.72
PTHR12497	2113.56	1991.06	627.0	53.21	46.92
PTHR12304	1774.0	1733.16	953.0	38.8	34.21
PTHR30540	7193.22	6907.35	3051.92	143.92	126.92
PTHR13302	2885.0	2803.32	1633.39	86.76	76.51
PTHR12472	1380.28	1298.63	172.0	18.63	16.43
PTHR13308	2876.58	2754.07	559.0	42.65	37.6
PTHR12477	4256.9	4134.38	2566.06	136.28	120.18
PTHR32148	1885.52	1803.84	3550.61	325.73	287.25
PTHR13878	1964.16	1923.33	1119.0	41.03	36.18
PTHR21461	34698.89	33759.63	10660.27	478.29	421.8
PTHR13872	6091.87	5887.68	14924.47	1501.2	1323.87
PTHR22849	14345.96	13937.63	5134.96	221.66	195.47
PTHR21314	1611.0	1570.16	158.0	7.1	6.26
PTHR13271	36027.66	34802.49	12899.37	637.38	562.07
PTHR22841	2300.26	2218.58	1852.0	115.89	102.2
PTHR13273	1109.88	1069.04	949.0	62.81	55.39
PTHR22847	26193.73	25295.25	14015.15	729.71	643.51
PTHR22846	1422.59	1340.91	335.0	31.51	27.79
PTHR22844	8606.28	8238.74	1983.9	134.8	118.86
PTHR23284	1576.0	1535.16	1825.07	83.93	74.02
PTHR21266	14669.79	14098.25	8251.71	383.44	338.13
PTHR12271	4134.41	4011.9	1167.02	64.62	56.99
PTHR21262	10727.38	10441.56	5016.08	127.38	112.33
PTHR12276	3409.0	3327.32	2336.52	81.65	72.01
PTHR10657	1391.83	1310.14	4281.97	470.46	414.89
PTHR16557	3495.52	3373.0	577.1	35.34	31.16
PTHR10655	2274.89	2193.21	1185.12	64.13	56.56
PTHR10652	3057.76	2935.24	19215.5	1093.05	963.94
PTHR17972	2574.11	2492.5	1216.94	61.2	53.96
PTHR21085	1493.0	1452.16	978.14	47.57	41.95
PTHR11922	6005.23	5841.85	4113.65	183.0	161.39
PTHR12505	2236.99	2155.31	1275.93	81.3	71.69
PTHR10438	15419.03	14806.42	16250.04	1243.65	1096.73
PTHR11926	7775.99	7530.96	3154.45	135.03	119.08
PTHR11431	3059.17	2977.49	26957.14	1277.38	1126.48
PTHR10436	8788.23	8379.89	1435.67	109.5	96.57
PTHR10434	3103.5	3021.82	542.4	25.08	22.12
PTHR24096	13513.54	13227.69	13299.17	595.99	525.57
PTHR13018	16390.25	16063.63	4235.61	123.23	108.68
PTHR24095	19770.27	19280.21	30295.24	900.85	794.42
PTHR24092	21308.9	20533.03	11174.7	551.43	486.29
PTHR24093	54419.36	52867.59	33277.25	1223.22	1078.75
PTHR10758	3654.92	3573.23	6694.99	269.6	237.75
PTHR13451	1194.35	1153.52	353.0	21.64	19.08
PTHR13452	739.73	698.89	480.59	48.83	43.06
PTHR10759	831.12	790.28	5334.71	478.77	422.21
PTHR12901	909.0	868.16	167.0	13.63	12.02
PTHR12903	2391.45	2309.76	6015.52	349.97	308.62
PTHR13992	730.0	689.16	16.0	1.65	1.45
PTHR23237	400.0	359.18	632.0	126.14	111.24
PTHR10501	2081.88	2000.2	785.37	56.19	49.54
PTHR31169	2899.41	2776.89	465.03	33.45	29.5
PTHR12277	5416.27	5293.77	5437.34	214.5	189.17
PTHR14087	659.69	618.86	58.0	6.66	5.88
PTHR14085	2051.0	2010.16	1088.0	38.17	33.66
PTHR31344	1719.06	1637.37	218.0	18.45	16.27
PTHR23306	3776.9	3695.22	853.82	26.68	23.53
PTHR23305	1141.38	1100.54	958.32	61.59	54.31
PTHR11748	3206.3	3124.63	1291.04	62.11	54.77
PTHR11742	6564.18	6319.17	1190.0	55.17	48.65
PTHR11216	3697.51	3575.0	2738.97	149.09	131.49
PTHR11210	2599.98	2477.47	4169.55	381.01	336.01
PTHR14154	12087.86	11557.02	6376.5	564.46	497.78
PTHR10344	849.23	808.39	139.64	12.25	10.8
PTHR10343	7420.87	7175.81	2624.0	142.95	126.06
PTHR11699	10976.42	10731.46	6591.34	242.42	213.78
PTHR11692	977.41	936.58	1488.28	112.53	99.24
PTHR11693	3046.0	2964.32	15746.6	747.54	659.23
PTHR11695	15931.56	15359.8	20821.81	1296.45	1143.3
PTHR31760	1228.69	1187.85	427.13	25.42	22.42
PTHR31840	632.36	591.54	53.0	6.37	5.62
PTHR31906	10322.91	9996.18	4827.92	262.08	231.13
PTHR21419	1836.0	1795.16	1338.0	52.58	46.37
PTHR23012	11016.04	10689.31	6058.59	262.27	231.27
PTHR11102	10010.87	9684.19	13598.93	605.69	534.13
PTHR11106	3796.82	3674.33	2573.76	149.96	132.26
PTHR31585	6135.31	5971.95	2135.06	80.97	71.41
PTHR32125	1416.39	1375.55	1198.63	61.55	54.28
PTHR31588	1981.58	1940.74	2287.04	83.11	73.29
PTHR32120	2092.0	2051.16	478.0	16.43	14.49
PTHR15680	1083.71	1042.87	3254.02	220.8	194.72
PTHR11804	5328.61	5124.43	5188.72	220.7	194.63
PTHR11374	1839.86	1799.02	3819.34	149.77	132.08
PTHR11808	8283.66	8038.67	3821.42	175.74	154.98
PTHR12000	3388.18	3265.67	2564.69	213.69	188.45
PTHR18895	4472.23	4308.86	482.7	31.47	27.74
PTHR12169	2131.95	2091.1	279.4	9.42	8.31
PTHR12486	2018.03	1936.35	233.99	16.81	14.82
PTHR12480	3884.65	3721.35	626.01	42.86	37.79
PTHR12482	5763.87	5600.58	2437.76	106.67	94.06
PTHR12317	7433.87	7229.67	3542.73	152.28	134.29
PTHR12649	997.32	956.48	2407.6	178.24	157.18
PTHR10099	3830.06	3789.23	1021.51	18.97	16.73
PTHR12461	4381.26	4217.91	386.92	19.92	17.56
PTHR12466	2029.37	1947.74	423.98	31.23	27.54
PTHR10098	850.0	768.38	12.0	2.1	1.85
PTHR13847	9203.89	8877.18	7259.83	401.06	353.69
PTHR26312	6629.63	6425.41	5021.79	274.88	242.4
PTHR12001	5247.02	5083.69	3947.64	233.45	205.87
PTHR21327	2088.11	2047.27	3111.41	107.16	94.5
PTHR21631	6602.44	6398.24	4072.3	166.07	146.44
PTHR22854	2557.59	2475.91	2761.9	133.04	117.32
PTHR22855	6714.36	6591.85	4463.28	195.09	172.03
PTHR22850	15727.46	15319.07	5984.76	288.32	254.24
PTHR22504	1873.47	1832.63	3245.65	124.93	110.17
PTHR22915	13797.14	13266.25	18127.68	936.46	825.83
PTHR21256	3004.73	2923.05	2326.13	108.32	95.53
PTHR12265	648.0	607.16	106.0	12.42	10.95
PTHR12266	3682.0	3600.32	1461.01	81.27	71.67
PTHR10648	2954.67	2873.01	8234.46	297.08	261.98
PTHR30178	2496.84	2415.15	5461.01	323.11	284.94
PTHR10641	15130.23	14272.76	12359.61	599.99	529.09
PTHR19842	989.39	948.56	2005.46	149.69	132.01
PTHR10644	10401.66	10115.81	4038.04	159.25	140.43
PTHR30535	8183.72	7897.85	4904.83	312.58	275.67
PTHR12864	1834.0	1752.32	117.02	9.71	8.56
PTHR12860	2164.0	2082.32	1001.66	67.45	59.48
PTHR13194	4971.31	4807.98	4034.25	162.47	143.29
PTHR13193	695.61	654.77	393.96	42.76	37.71
PTHR11913	683.0	642.16	3589.43	397.3	350.36
PTHR11911	7503.94	7218.06	9900.64	550.9	485.83
PTHR11910	1844.24	1762.56	5292.08	424.43	374.29
PTHR12919	1213.0	1131.34	998.99	91.4	80.6
PTHR12910	1942.12	1860.44	2209.67	146.45	129.15
PTHR12917	1953.0	1912.16	2459.07	90.7	79.99
PTHR11351	3099.94	2936.61	3199.14	156.88	138.36
PTHR11353	22554.13	21982.42	71338.2	2436.08	2148.31
PTHR11599	11535.53	11127.15	27489.25	1768.79	1559.83
PTHR10516	18149.38	17455.15	24268.94	1420.46	1252.65
PTHR11592	3906.81	3784.33	4101.73	246.27	217.17
PTHR11659	1868.01	1827.18	506.84	19.57	17.25
PTHR31724	2592.2	2510.52	2070.56	83.07	73.25
PTHR13734	4089.95	3967.43	696.36	37.27	32.87
PTHR23315	61820.6	59738.02	20105.45	868.98	766.33
PTHR23316	3603.67	3521.99	12777.65	493.28	435.02
PTHR11778	3843.39	3761.69	3045.55	111.11	97.98
PTHR11777	6788.98	6625.62	6772.83	161.92	142.79
PTHR11774	4126.48	3963.1	1598.63	104.54	92.18
PTHR11773	3615.71	3534.03	2721.54	108.3	95.51
PTHR11772	6699.12	6494.91	3765.68	174.46	153.85
PTHR10357	31455.79	30802.41	28389.27	936.61	825.94
PTHR10353	15136.67	14524.16	3970.67	179.84	158.6
PTHR10350	2452.48	2329.96	394.0	41.37	36.48
PTHR10351	1102.0	1061.16	5527.41	368.55	325.01
PTHR32557	1544.05	1503.21	1169.22	54.91	48.43
PTHR10359	6984.55	6698.67	657.75	52.79	46.55
PTHR32442	1119.94	1079.1	729.46	47.82	42.17
PTHR31750	3160.26	3037.79	837.73	59.09	52.1
PTHR23418	392.85	352.08	2233.79	454.94	401.2
PTHR14189	1174.64	1133.87	485.01	30.24	26.67
PTHR21021	1401.87	1361.03	539.92	28.02	24.71
PTHR32228	1498.0	1457.16	447.91	21.71	19.14
PTHR31245	1429.33	1388.5	2385.33	121.34	107.0
PTHR23001	2088.0	2047.16	5108.43	175.95	155.16
PTHR23002	3571.32	3448.83	1385.33	88.51	78.06
PTHR11177	5117.68	4995.16	1790.95	77.57	68.41
PTHR11178	3620.61	3498.08	2758.52	162.62	143.41
PTHR14456	1292.6	1210.93	250.0	30.59	26.98
PTHR31808	1381.25	1340.41	3055.99	161.06	142.04
PTHR13693	5426.4	5263.06	3805.18	155.63	137.25
PTHR11009	2970.1	2888.41	1617.43	76.74	67.68
PTHR19229	15047.67	14435.19	10391.56	703.71	620.56
PTHR11482	7671.07	7466.88	5681.73	110.73	97.64
PTHR11005	7713.23	7386.54	2224.99	123.44	108.85
PTHR18640	2387.66	2346.82	174.02	5.23	4.61
PTHR18866	11005.15	10596.78	3450.58	269.11	237.32
PTHR12022	756.0	715.16	2938.68	291.73	257.27
PTHR15074	2983.0	2942.16	2999.0	71.79	63.31
PTHR15588	2558.04	2476.35	2425.13	140.48	123.88
PTHR12677	5207.07	5043.83	1837.92	125.11	110.33
PTHR19134	3148.7	3067.02	384.03	16.5	14.54
PTHR19879	2324.48	2201.99	361.35	32.4	28.58
PTHR30566	2557.07	2475.39	1783.6	105.34	92.9
PTHR12456	821.84	740.2	31.0	5.39	4.75
PTHR12452	738.0	697.16	136.0	13.85	12.22
PTHR19359	1956.42	1874.75	1591.07	128.77	113.55
PTHR12072	4581.27	4417.92	828.5	51.62	45.53
PTHR13218	1376.0	1335.16	608.09	32.18	28.38
PTHR13215	1339.86	1299.02	3404.15	185.17	163.3
PTHR13213	1473.85	1392.21	506.0	47.8	42.16
PTHR21530	3865.22	3742.7	1194.8	68.21	60.16
PTHR12298	8552.85	8266.95	2201.78	157.07	138.51
PTHR10638	4191.6	4069.13	2319.25	123.32	108.75
PTHR10631	4372.67	4250.14	996.24	46.68	41.16
PTHR10984	6790.61	6586.4	5764.17	262.94	231.88
PTHR12858	5519.29	5274.28	1638.01	140.53	123.93
PTHR13505	896.88	856.04	1061.0	87.84	77.47
PTHR12856	1723.74	1642.05	963.9	84.2	74.25
PTHR12855	853.02	812.19	167.0	14.58	12.86
PTHR12854	1030.0	948.33	178.9	28.12	24.8
PTHR13190	1995.35	1913.68	212.0	12.12	10.69
PTHR13182	1911.0	1870.16	2945.52	111.09	97.97
PTHR10855	3514.86	3392.34	3611.21	229.73	202.6
PTHR10585	2429.61	2307.1	1529.0	129.38	114.09
PTHR10743	1003.09	962.24	772.0	56.81	50.1
PTHR10742	21136.94	20483.66	9144.88	361.11	318.49
PTHR10745	2414.67	2373.83	1826.0	54.21	47.8
PTHR10744	1944.67	1822.23	7100.66	777.61	685.75
PTHR10746	2701.93	2620.27	4300.06	233.6	206.0
PTHR11099	2212.0	2171.16	1765.0	57.31	50.54
PTHR12924	1265.96	1225.12	3419.92	197.32	174.01
PTHR11627	3848.43	3725.96	19460.77	903.77	797.01
PTHR11525	352.0	311.19	11.0	2.54	2.24
PTHR11349	985.15	944.31	82.0	6.15	5.42
PTHR10566	25178.0	24279.82	12066.65	589.35	519.75
PTHR11588	7413.18	7249.82	11582.83	441.26	389.13
PTHR10291	1789.0	1748.16	549.0	22.16	19.54
PTHR11584	7265.04	6979.24	3338.98	161.17	142.16
PTHR11586	1156.64	1115.81	3524.93	223.43	197.03
PTHR11909	7443.17	7238.97	12926.54	516.91	455.86
PTHR24320	1629.91	1589.11	1483.52	65.89	58.11
PTHR24322	18583.36	17848.26	21307.33	1334.72	1177.06
PTHR11907	3622.14	3540.47	1658.0	62.64	55.24
PTHR11760	1273.0	1191.32	1.0	0.11	0.1
PTHR11761	1977.63	1895.95	18848.3	2341.51	2064.91
PTHR11766	2656.79	2575.11	1201.34	64.5	56.87
PTHR11767	9985.41	9699.54	3910.17	143.27	126.33
PTHR10361	3410.99	3288.47	531.01	30.75	27.12
PTHR10366	40995.27	39851.8	64595.7	3139.15	2768.34
PTHR10169	9672.45	9427.4	1906.71	85.76	75.64
PTHR10168	5348.05	5143.84	4600.64	376.87	332.35
PTHR20973	1303.59	1262.77	282.96	15.83	13.96
PTHR10165	2416.78	2335.09	1290.43	69.12	60.95
PTHR31032	3025.88	2944.21	2097.84	96.47	85.08
PTHR23257	32679.72	31577.16	14604.38	757.83	668.34
PTHR23253	2048.79	1967.12	1695.2	150.91	133.09
PTHR14190	2768.88	2728.04	464.22	11.99	10.57
PTHR14194	6550.12	6346.0	2188.92	118.1	104.16
PTHR31251	3209.0	3086.49	343.0	25.87	22.82
PTHR23074	13643.43	12949.38	7654.22	518.68	457.41
PTHR23077	13412.94	12963.71	20240.71	645.11	568.9
PTHR23076	18105.06	17655.87	28346.85	1131.16	997.54
PTHR12561	1033.34	992.5	26.0	1.85	1.64
PTHR23073	8653.1	8367.3	15344.89	722.71	637.35
PTHR12560	1124.63	1083.79	391.0	25.52	22.51
PTHR23078	2932.0	2891.16	1138.87	27.74	24.47
PTHR11165	2803.06	2680.56	7322.38	508.32	448.28
PTHR10772	3103.73	2981.19	18698.45	1299.01	1145.56
PTHR32100	4843.43	4720.91	7949.37	345.23	304.45
PTHR14534	953.47	912.63	372.0	28.87	25.46
PTHR14445	3086.29	2963.77	955.86	62.42	55.04
PTHR23109	3657.21	3534.7	847.0	50.61	44.63
PTHR31811	1982.81	1941.96	639.82	23.24	20.49
PTHR23102	3248.9	3167.24	1825.42	62.6	55.2
PTHR23105	6773.09	6487.23	14152.82	1095.79	966.35
PTHR11010	3988.41	3906.72	1412.11	50.29	44.35
PTHR12668	3768.31	3645.79	6122.39	310.62	273.93
PTHR12661	1316.78	1275.94	1069.36	59.22	52.23
PTHR12663	4567.0	4485.32	283.0	6.63	5.85
PTHR12664	542.62	501.78	309.75	44.01	38.81
PTHR16166	32097.06	31484.47	5638.43	157.97	139.31
PTHR12111	768.7	727.85	190.01	18.53	16.34
PTHR12446	2859.0	2695.71	479.0	46.02	40.59
PTHR12447	2189.83	2108.15	261.81	17.72	15.64
PTHR15481	850.0	809.16	293.77	25.74	22.7
PTHR26379	2161.13	2120.29	1308.08	43.49	38.35
PTHR12599	1398.72	1357.88	707.9	36.83	32.48
PTHR12596	5473.49	5350.97	2731.4	56.02	49.4
PTHR12590	1000.81	959.96	265.0	19.55	17.24
PTHR12066	1131.96	1091.12	10.0	0.65	0.57
PTHR12064	6854.66	6568.96	1897.01	157.53	138.91
PTHR13226	489.58	448.76	107.0	17.03	15.01
PTHR13889	1600.88	1560.04	1556.05	70.41	62.09
PTHR13887	1337.43	1296.59	3776.45	205.81	181.5
PTHR21181	1688.31	1606.62	1018.32	99.36	87.62
PTHR13948	3043.4	2880.07	692.07	68.09	60.03
PTHR10459	5680.01	5434.99	603.75	39.61	34.94
PTHR11453	3292.33	3169.81	498.04	43.0	37.92
PTHR19306	4725.55	4603.09	698.98	35.64	31.43
PTHR21506	2625.31	2543.63	928.0	51.65	45.55
PTHR12280	6119.82	5915.62	4257.13	284.64	251.02
PTHR12281	3335.31	3212.79	2159.99	140.22	123.65
PTHR12286	2405.46	2323.79	1165.45	71.77	63.29
PTHR30573	2332.0	2291.16	725.61	22.32	19.68
PTHR22983	7858.0	7572.12	1067.0	66.7	58.82
PTHR22981	8395.12	8109.25	2944.19	170.38	150.27
PTHR30191	2282.01	2241.17	3139.31	98.73	87.07
PTHR13082	932.0	891.16	305.0	24.25	21.38
PTHR10629	6137.97	5852.14	418.0	39.99	35.27
PTHR10994	36137.99	35076.19	19439.24	992.13	874.95
PTHR10996	10105.93	9779.26	3662.89	177.05	156.15
PTHR10997	13257.19	12930.51	4937.25	174.93	154.26
PTHR10992	47307.29	45837.2	22828.53	1220.15	1075.98
PTHR10993	1579.0	1497.32	171.15	16.09	14.18
PTHR17695	2385.87	2263.36	165.82	17.09	15.08
PTHR12849	1186.77	1145.94	714.15	44.06	38.86
PTHR21712	1100.5	1059.65	468.0	31.25	27.56
PTHR21294	1127.0	1086.16	889.0	57.9	51.06
PTHR21290	3311.67	3148.35	752.59	61.71	54.41
PTHR21349	2479.25	2397.57	433.0	17.72	15.63
PTHR21347	1243.76	1202.92	2450.36	144.0	126.99
PTHR21343	2551.7	2429.24	274.98	20.16	17.77
PTHR10196	6478.63	6274.43	1836.04	92.56	81.64
PTHR10192	1299.43	1258.61	605.0	33.97	29.96
PTHR10751	10603.0	10235.5	2840.04	112.17	98.94
PTHR10755	2854.0	2772.32	8645.59	376.38	331.92
PTHR13152	1353.53	1312.69	397.0	21.37	18.84
PTHR12932	970.0	929.16	220.0	16.77	14.79
PTHR12934	2605.32	2523.64	5242.94	314.84	277.65
PTHR11451	7635.82	7472.47	7557.8	296.5	261.47
PTHR10288	4118.17	3873.15	1006.14	98.27	86.67
PTHR11800	2650.71	2569.02	774.34	43.16	38.06
PTHR11802	7298.49	7012.6	1813.11	151.39	133.5
PTHR12891	2159.46	2036.94	164.0	15.35	13.53
PTHR11807	3248.07	3125.63	471.78	34.32	30.26
PTHR10281	4536.96	4414.51	3839.75	192.01	169.33
PTHR10283	7004.27	6800.07	2387.42	92.52	81.59
PTHR10285	11362.53	11035.8	3961.25	201.78	177.94
PTHR10286	13049.76	12437.34	2394.94	156.22	137.78
PTHR11579	3176.13	3094.45	1196.66	57.1	50.35
PTHR13718	3817.16	3653.8	8987.11	1041.76	918.69
PTHR13711	6865.28	6620.29	2964.45	144.58	127.51
PTHR13710	11795.76	11346.56	6646.21	239.93	211.59
PTHR11977	3110.92	3070.08	953.0	21.86	19.28
PTHR11972	1577.17	1536.34	357.0	16.4	14.47
PTHR31480	1130.63	1089.79	375.55	24.38	21.5
PTHR31485	6135.39	5931.18	1963.6	112.77	99.46
PTHR11715	670.56	629.76	1105.21	124.75	110.01
PTHR11717	2295.44	2213.76	1303.42	81.31	71.7
PTHR11711	14973.41	14565.05	53846.73	3195.2	2817.73
PTHR11712	4144.85	4063.17	1747.85	59.38	52.37
PTHR10374	4513.36	4390.83	4964.5	236.12	208.22
PTHR10178	7497.25	7170.56	901.63	55.83	49.26
PTHR20961	19277.93	18624.48	4360.56	243.11	214.4
PTHR10173	4689.02	4484.82	7762.91	633.8	558.93
PTHR10177	10603.6	10317.73	2943.94	99.56	87.81
PTHR10174	11890.13	11563.43	11246.04	604.72	533.3
PTHR23249	1470.51	1388.83	933.0	94.91	83.69
PTHR23244	11469.24	11061.03	9080.07	472.21	416.44
PTHR23245	5001.38	4797.18	721.27	50.6	44.64
PTHR23240	3991.19	3746.25	238.0	16.53	14.59
PTHR14614	9676.88	9350.33	1630.79	97.45	85.93
PTHR31268	9211.67	8885.02	994.07	34.96	30.85
PTHR31262	1370.31	1248.25	35535.98	3826.88	3374.82
PTHR23063	7860.71	7697.35	5176.3	194.68	171.69
PTHR11620	1060.0	1019.16	6382.14	443.21	390.85
PTHR11624	6730.0	6525.81	21039.53	1165.88	1028.15
PTHR11390	4373.84	4251.3	705.56	33.78	29.79
PTHR31620	5781.53	5618.18	1751.66	94.21	83.08
PTHR31319	2761.75	2680.07	3010.93	133.12	117.39
PTHR14052	1270.61	1229.77	360.0	20.69	18.25
PTHR32118	2006.0	1965.16	2486.5	89.23	78.69
PTHR14152	430.0	389.17	41.0	7.54	6.65
PTHR23117	2930.49	2848.82	1527.27	90.19	79.54
PTHR23115	31319.92	30462.31	101775.93	4072.15	3591.1
PTHR11028	1331.0	1290.16	3920.0	214.71	189.34
PTHR11024	2803.59	2721.91	3127.28	167.41	147.63
PTHR12616	935.83	894.99	279.01	22.08	19.48
PTHR12613	1538.1	1497.26	2098.41	98.95	87.26
PTHR12612	1093.0	1052.16	10845.68	729.38	643.22
PTHR32060	3257.11	3175.44	940.0	36.34	32.05
PTHR12126	2794.59	2712.9	3735.76	187.15	165.04
PTHR12124	4732.36	4569.04	350.0	21.45	18.91
PTHR22734	2900.58	2818.9	1651.82	82.81	73.03
PTHR12121	8710.7	8424.85	3826.22	179.82	158.59
PTHR12438	1186.2	1104.51	74.0	8.94	7.87
PTHR15492	2034.13	1993.28	586.92	20.76	18.31
PTHR21426	4616.99	4453.65	1958.62	97.29	85.8
PTHR21427	1131.0	1090.16	359.0	23.3	20.54
PTHR19372	1596.0	1555.16	1094.55	49.68	43.82
PTHR19370	7269.43	7024.45	3983.86	201.21	177.45
PTHR19376	14041.57	13633.29	4335.76	146.21	128.96
PTHR19375	20797.58	20225.93	122853.72	3770.33	3324.94
PTHR12725	2700.2	2618.52	1863.34	98.09	86.51
PTHR22884	25854.88	24793.26	3813.49	208.28	183.66
PTHR22883	18888.55	18398.44	7329.18	341.54	301.21
PTHR22881	1042.55	1001.71	297.08	20.99	18.51
PTHR12542	29934.71	28995.49	11910.91	666.42	587.73
PTHR12547	4710.73	4547.4	2081.0	67.16	59.23
PTHR12436	4234.99	4071.63	522.97	36.38	32.08
PTHR21512	4176.55	4013.19	450.0	27.24	24.04
PTHR12965	3270.77	3148.26	822.0	61.47	54.21
PTHR14744	1719.1	1678.25	661.0	27.79	24.51
PTHR30502	1919.98	1879.15	418.86	15.72	13.86
PTHR10961	1643.26	1602.48	281.0	12.38	10.91
PTHR10617	8009.98	7765.04	6628.86	290.31	256.03
PTHR10615	3350.46	3227.95	1427.89	59.29	52.28
PTHR13527	520.21	479.37	134.0	19.94	17.59
PTHR22958	1714.4	1673.56	503.01	21.21	18.7
PTHR22951	4301.26	4219.58	2179.95	69.05	60.89
PTHR22950	22006.95	21353.57	5512.58	244.63	215.74
PTHR22953	8019.88	7856.52	1599.86	69.91	61.65
PTHR22952	23874.97	23058.28	46571.87	2510.49	2213.95
PTHR22957	18719.83	18066.43	5720.24	315.35	278.11
PTHR21600	2439.19	2357.51	445.0	37.24	32.84
PTHR24056	13948.96	13540.61	7684.75	377.2	332.64
PTHR24054	2302.74	2221.07	2183.94	104.52	92.17
PTHR24055	9995.41	9627.9	7820.3	371.46	327.58
PTHR24058	7662.83	7376.94	4698.34	236.74	208.77
PTHR10766	11452.25	11166.37	36441.29	1532.54	1351.52
PTHR10762	3798.43	3675.9	240.0	14.88	13.13
PTHR30031	6601.48	6397.28	37649.56	2291.24	2020.58
PTHR12945	1375.21	1334.37	242.0	12.81	11.3
PTHR12944	2360.26	2278.59	651.85	40.97	36.13
PTHR24128	1800.49	1718.81	293.0	23.55	20.76
PTHR13096	2960.67	2878.99	47.0	2.2	1.94
PTHR11364	1648.06	1607.22	1517.37	66.64	58.76
PTHR11365	3433.75	3352.1	3137.53	133.55	117.77
PTHR10548	4940.79	4777.46	8984.89	517.01	455.93
PTHR11817	11312.08	10985.35	9768.64	418.47	369.02
PTHR11814	10001.71	9756.67	15603.14	481.0	424.17
PTHR11363	1938.44	1897.6	16559.02	615.46	542.76
PTHR10543	4069.12	3946.6	457.05	20.69	18.25
PTHR11819	4811.58	4729.9	36099.64	997.13	879.35
PTHR10544	799.47	758.62	3400.5	318.04	280.47
PTHR11562	9142.68	8938.48	3405.7	122.1	107.68
PTHR11566	15259.42	14932.79	6735.84	219.75	193.8
PTHR11567	2341.7	2178.34	406.81	49.55	43.69
PTHR11564	8203.97	8040.62	6182.54	212.23	187.16
PTHR11962	3190.58	3108.9	948.96	42.15	37.17
PTHR11963	2615.0	2533.32	2643.06	142.04	125.26
PTHR24315	1115.0	1074.16	653.77	43.06	37.97
PTHR10381	7263.92	7059.76	13812.0	788.02	694.94
PTHR10383	3222.69	3141.01	1960.98	85.54	75.44
PTHR24316	6050.31	5846.62	1820.01	96.36	84.97
PTHR11702	9716.56	9349.03	5087.83	332.56	293.27
PTHR11700	2791.08	2627.76	10372.75	888.41	783.47
PTHR10388	994.79	953.95	19957.98	1481.45	1306.45
PTHR11934	2683.0	2601.32	2299.21	126.61	111.65
PTHR10145	2532.58	2450.94	854.0	39.13	34.51
PTHR23273	2486.27	2404.59	601.0	35.05	30.91
PTHR12050	972.23	931.39	1152.0	87.6	77.25
PTHR23163	3439.0	3398.16	3196.43	66.22	58.4
PTHR23050	1093.98	1053.14	16286.14	1094.23	964.97
PTHR23056	2438.27	2356.59	1332.0	79.37	70.01
PTHR23054	8342.41	8015.74	2523.08	150.33	132.55
PTHR11638	14943.72	14698.68	22754.18	631.57	556.96
PTHR31783	3693.85	3571.34	828.97	40.99	36.15
PTHR23291	4691.5	4528.15	7013.61	445.59	392.96
PTHR23293	5413.58	5291.04	5460.44	238.7	210.5
PTHR11140	5104.0	5022.32	3758.98	118.52	104.52
PTHR11141	5353.51	5190.17	2106.9	103.44	91.23
PTHR11142	8737.11	8410.47	1634.0	97.06	85.58
PTHR11143	839.0	798.16	7218.14	641.35	565.59
PTHR11380	760.67	719.84	662.21	65.3	57.59
PTHR11384	12914.42	12465.21	4467.82	239.07	210.82
PTHR32477	1946.67	1865.1	426.0	33.91	29.9
PTHR14043	5283.41	5079.23	1801.45	122.06	107.63
PTHR32472	1349.0	1308.16	666.0	35.97	31.72
PTHR31658	3098.41	2935.07	1455.38	148.4	130.87
PTHR13890	10663.57	10132.91	2049.57	164.11	144.7
PTHR14269	1437.0	1396.16	265.0	13.41	11.82
PTHR23125	47555.97	46330.81	30384.19	972.29	857.43
PTHR19211	14355.75	13906.64	374641.4	10111.9	8917.4
PTHR12608	5374.38	5170.17	3741.18	239.04	210.8
PTHR12604	1252.38	1211.54	297.0	17.33	15.28
PTHR12603	3903.0	3780.48	3506.49	130.73	115.3
PTHR32091	2154.5	2031.98	1465.81	145.38	128.2
PTHR23339	5301.71	5220.02	1268.39	27.12	23.91
PTHR32098	2227.52	2186.68	618.0	19.92	17.57
PTHR18763	1622.04	1581.2	664.85	29.68	26.17
PTHR22726	1489.43	1448.59	506.48	24.69	21.77
PTHR22727	9467.0	9344.48	4746.15	88.14	77.73
PTHR12428	4057.06	3975.37	5862.45	197.95	174.57
PTHR18968	5132.05	4887.19	4983.32	265.81	234.41
PTHR12730	1925.0	1884.16	562.78	21.07	18.58
PTHR12736	1388.64	1266.32	70.0	13.42	11.83
PTHR12735	2625.0	2502.48	1112.6	83.48	73.62
PTHR15020	3167.76	3045.24	2237.29	135.49	119.48
PTHR12049	3862.19	3739.67	945.93	59.03	52.05
PTHR12558	8312.32	8067.28	3163.34	165.97	146.37
PTHR12553	13324.79	12998.09	1871.44	71.4	62.97
PTHR10497	1224.9	1143.22	12657.16	1236.54	1090.47
PTHR24073	19353.25	18740.73	51840.95	3083.95	2719.69
PTHR21569	2871.93	2749.41	8326.37	745.63	657.55
PTHR21567	4195.79	4032.43	374.87	23.46	20.69
PTHR13950	3062.76	2899.39	888.17	91.13	80.37
PTHR12133	1416.16	1375.32	554.0	28.45	25.09
PTHR10972	5051.08	4928.55	4932.97	210.38	185.53
PTHR21704	4791.02	4750.17	1462.72	21.66	19.11
PTHR10606	2500.52	2459.68	482.64	13.83	12.19
PTHR10971	3059.78	2978.09	1699.78	82.03	72.34
PTHR22942	9784.2	9457.53	3320.11	156.76	138.27
PTHR11728	2038.88	1998.04	1521.1	53.68	47.34
PTHR13395	1065.52	983.91	85.0	12.36	10.9
PTHR31803	1724.96	1684.12	11003.71	461.04	406.57
PTHR22891	9145.95	8900.95	3400.22	159.94	141.06
PTHR21368	1616.0	1534.32	1522.0	135.73	119.7
PTHR30508	4004.78	3923.12	8351.69	299.52	264.14
PTHR24067	21051.25	20275.31	21803.44	1542.28	1360.11
PTHR24064	7488.61	7284.4	2038.36	80.16	70.69
PTHR24063	11428.48	11060.99	2363.19	143.19	126.27
PTHR21011	3114.83	2992.3	3744.5	258.59	228.04
PTHR25040	5945.79	5782.43	10064.23	492.22	434.07
PTHR10774	31947.98	30845.41	40165.75	3115.64	2747.6
PTHR24068	2482.01	2359.48	5750.82	452.96	399.46
PTHR12959	2342.75	2301.92	685.13	20.98	18.5
PTHR24115	28348.72	27450.29	4159.53	188.2	165.98
PTHR11825	8629.27	8425.06	3990.94	161.82	142.69
PTHR10809	1375.95	1335.11	5401.43	285.83	252.06
PTHR11822	2043.0	2002.16	4598.87	161.97	142.84
PTHR10555	4026.86	3904.33	1898.82	98.26	86.65
PTHR10806	1003.0	962.16	1030.96	75.87	66.91
PTHR10804	14187.56	13738.34	12741.84	627.21	553.12
PTHR11556	5323.66	5119.45	7437.25	444.02	391.56
PTHR11006	7067.14	6822.12	2957.7	162.75	143.52
PTHR22838	1039.08	998.29	1841.02	130.52	115.1
PTHR11558	2543.0	2461.32	2825.16	142.26	125.45
PTHR13773	1790.8	1749.96	466.0	18.79	16.57
PTHR20275	1948.7	1907.86	679.8	25.13	22.16
PTHR10537	1116.85	1076.02	184.0	12.1	10.67
PTHR11953	1159.09	1118.25	471.02	29.79	26.27
PTHR11956	2714.0	2632.32	2322.61	123.46	108.87
PTHR11959	3802.84	3680.32	2296.98	149.55	131.88
PTHR11739	2855.75	2774.07	4498.79	192.35	169.64
PTHR11732	19303.68	18691.15	20340.62	1107.86	976.96
PTHR11731	11789.37	11503.56	9570.28	350.44	309.05
PTHR11730	8467.83	8182.06	7843.93	266.93	235.39
PTHR11735	3707.12	3584.62	661.53	42.26	37.26
PTHR10394	1153.99	1113.15	9812.49	623.49	549.84
PTHR20941	1645.99	1564.36	406.14	34.73	30.63
PTHR10150	2792.18	2669.66	396.08	33.71	29.74
PTHR31065	1069.03	1028.2	2898.7	199.48	175.91
PTHR10159	12584.24	12135.1	7913.21	461.59	407.06
PTHR10122	1060.54	1019.7	5047.05	350.3	308.92
PTHR23264	4711.5	4588.98	2993.14	134.33	118.45
PTHR23269	1616.28	1493.77	158.0	22.38	19.74
PTHR31204	720.0	679.16	146.0	15.27	13.47
PTHR31201	4039.27	3957.58	3008.02	115.2	101.58
PTHR31209	983.23	942.4	431.12	32.39	28.57
PTHR11607	12023.17	11533.24	4435.62	235.74	207.89
PTHR11606	2197.0	2156.16	977.31	31.95	28.18
PTHR11601	5681.72	5518.4	3888.31	214.68	189.32
PTHR32467	1573.24	1491.6	80.0	9.2	8.1
PTHR23130	20127.25	19473.86	12055.63	678.65	598.49
PTHR23133	1369.0	1328.16	1044.82	55.58	49.01
PTHR23135	5547.96	5384.6	1393.97	71.93	63.43
PTHR23138	2205.28	2123.6	5395.2	378.93	334.17
PTHR23139	3294.58	3131.21	1927.38	182.1	160.59
PTHR31682	2596.67	2474.18	1521.0	77.29	68.15
PTHR11040	6287.4	6083.19	4117.06	195.71	172.59
PTHR11043	2114.63	2032.95	3326.47	220.51	194.46
PTHR11042	4836.94	4632.8	650.64	49.41	43.58
PTHR11048	6611.55	6407.36	2693.52	183.06	161.43
PTHR15818	1642.57	1560.9	131.0	11.91	10.5
PTHR12636	1340.95	1300.11	531.76	28.9	25.49
PTHR14490	823.79	742.14	78.0	14.94	13.17
PTHR14493	6307.23	6103.03	1495.77	71.76	63.29
PTHR15651	4224.48	4142.8	1066.99	34.71	30.62
PTHR12380	2333.48	2251.8	1895.49	119.38	105.28
PTHR12385	2513.18	2472.34	546.0	15.56	13.72
PTHR12706	5829.0	5502.31	261.0	22.63	19.95
PTHR12709	801.0	760.16	182.0	16.99	14.98
PTHR19957	13382.8	12974.46	6849.03	302.62	266.86
PTHR30239	2345.76	2264.08	1729.61	108.94	96.07
PTHR11203	9966.35	9721.31	2540.63	114.25	100.76
PTHR12770	2210.0	2128.32	341.43	18.73	16.52
PTHR12097	3585.0	3544.16	2607.96	51.8	45.68
PTHR11200	13258.32	12768.39	3179.33	170.44	150.31
PTHR21576	18650.54	17997.28	3705.63	214.41	189.09
PTHR24423	49187.09	47472.16	65443.95	1891.21	1667.8
PTHR10046	5471.71	5308.45	2646.56	94.64	83.45
PTHR12419	7126.39	6840.53	1629.8	131.87	116.3
PTHR11757	444.0	403.17	16.0	2.84	2.5
PTHR30525	1843.41	1802.57	1413.1	55.3	48.77
PTHR12413	3105.22	3023.54	463.43	21.49	18.95
PTHR12412	2998.76	2876.24	1760.42	121.14	106.83
PTHR12411	40516.59	39005.75	43868.31	2089.78	1842.89
PTHR12146	1060.0	1019.16	6244.18	433.62	382.4
PTHR12415	1245.46	1163.85	90.0	10.42	9.19
PTHR10947	1890.68	1849.84	2580.45	98.39	86.77
PTHR21717	3920.87	3798.36	775.59	55.89	49.28
PTHR10943	6515.96	6352.6	6776.52	322.45	284.36
PTHR12897	629.01	588.17	172.0	20.81	18.35
PTHR12894	3248.58	3126.06	917.71	67.97	59.94
PTHR22976	5271.4	5108.04	4466.88	196.2	173.02
PTHR22975	918.0	877.16	304.0	24.56	21.66
PTHR22970	1010.58	969.74	331.0	24.17	21.31
PTHR20922	2822.94	2741.25	8729.2	402.33	354.8
PTHR21377	2488.0	2406.32	4407.66	245.56	216.55
PTHR21371	2103.37	2062.53	20252.37	692.3	610.52
PTHR21373	3371.0	3289.32	307.0	10.22	9.01
PTHR22573	8710.91	8465.87	7246.77	297.31	262.18
PTHR22572	19518.38	18905.84	24161.5	999.64	881.55
PTHR13060	890.0	849.16	63.0	5.26	4.64
PTHR21000	2375.5	2334.66	4301.11	129.84	114.5
PTHR10701	750.0	709.16	432.92	43.34	38.22
PTHR13161	843.15	802.33	109.04	9.64	8.5
PTHR13162	5966.57	5721.61	5916.13	324.22	285.92
PTHR13165	2666.35	2584.67	671.0	36.67	32.33
PTHR21396	1200.0	1159.16	604.22	36.86	32.51
PTHR12459	3662.23	3539.71	857.0	31.94	28.16
PTHR10681	4548.11	4384.75	10719.6	722.68	637.31
PTHR24106	4094.45	4012.77	2478.02	100.06	88.24
PTHR24103	2007.49	1966.64	359.0	12.87	11.35
PTHR10683	3024.18	2942.5	2911.0	137.75	121.47
PTHR11540	1409.71	1328.08	229.0	24.39	21.51
PTHR10836	7371.31	6963.01	16336.14	885.24	780.67
PTHR10835	1748.87	1708.1	613.02	25.32	22.33
PTHR11545	3461.57	3298.23	15729.6	1110.34	979.17
PTHR10012	775.03	734.23	167.0	16.14	14.23
PTHR13768	1170.01	1129.17	1477.29	92.53	81.6
PTHR24078	18255.4	17765.37	9362.44	373.96	329.78
PTHR11946	23147.12	22534.59	15281.36	657.26	579.63
PTHR11947	2431.31	2349.63	288.0	16.16	14.25
PTHR11941	9632.49	9346.63	7144.26	383.37	338.09
PTHR24072	3270.17	3188.48	5776.07	292.79	258.2
PTHR10496	437.0	396.17	9.0	1.63	1.43
PTHR10491	1541.2	1500.35	394.0	18.54	16.35
PTHR24076	17883.89	17230.53	20094.27	1073.49	946.7
PTHR24077	13465.41	12975.35	9767.7	748.01	659.67
PTHR11726	1403.52	1321.87	16269.73	1134.23	1000.25
PTHR11727	2239.99	2158.32	1489.98	97.83	86.27
PTHR11721	897.26	856.41	11228.35	929.22	819.45
PTHR11722	1179.0	1138.16	12360.86	768.05	677.32
PTHR10120	3780.99	3699.32	1140.3	44.04	38.84
PTHR11831	3196.65	2992.58	19978.51	1502.51	1325.02
PTHR11835	5012.46	4889.94	2893.38	124.46	109.76
PTHR11614	14014.98	13688.25	11993.37	485.4	428.05
PTHR11615	4846.56	4724.03	6642.58	200.74	177.03
PTHR11618	3483.07	3319.7	812.03	73.26	64.59
PTHR32419	6817.59	6654.22	8954.04	384.47	339.04
PTHR10231	5953.68	5790.3	3835.02	182.78	161.18
PTHR10233	4617.75	4454.41	3111.49	203.03	179.04
PTHR31503	2955.36	2873.69	2534.51	125.4	110.59
PTHR23147	1594.0	1512.32	2109.37	194.02	171.09
PTHR23140	2933.27	2851.64	403.0	18.04	15.91
PTHR23142	1782.94	1701.26	470.0	40.37	35.6
PTHR23149	595.52	554.7	570.73	73.25	64.6
PTHR23148	1381.67	1340.83	155.0	8.17	7.2
PTHR11361	21253.52	20436.81	4133.08	260.11	229.39
PTHR11056	2995.57	2913.89	2196.54	71.49	63.04
PTHR11055	3194.31	3112.63	461.4	21.55	19.01
PTHR32523	2056.93	1975.26	1295.12	83.53	73.66
PTHR10540	3340.97	3218.45	4002.42	235.39	207.58
PTHR22767	6688.94	6607.25	3173.13	84.59	74.6
PTHR12629	2297.3	2215.63	1368.06	58.21	51.33
PTHR18945	10003.79	9636.26	2233.92	139.23	122.8
PTHR26402	6175.02	5930.02	2813.53	156.39	137.9
PTHR19384	9429.78	8980.57	9199.06	599.48	528.66
PTHR12714	3722.2	3599.71	4262.45	252.97	223.09
PTHR32251	2891.21	2768.68	3146.29	208.98	184.3
PTHR12570	2146.14	2064.46	667.0	45.04	39.72
PTHR21494	2224.91	2143.29	141.0	7.43	6.54
PTHR21496	3835.82	3713.29	1829.63	108.74	95.9
PTHR21141	3958.5	3795.13	32562.03	2526.88	2228.39
PTHR21499	8357.56	8112.54	4263.97	142.38	125.57
PTHR21148	2089.21	2007.52	895.0	63.44	55.94
PTHR12083	1602.17	1561.33	78.0	3.53	3.11
PTHR13355	3485.3	3362.79	3220.41	198.88	175.39
PTHR13976	4132.4	3969.03	5740.18	443.59	391.18
PTHR19852	2679.0	2597.32	969.01	50.63	44.65
PTHR16128	3450.37	3368.69	863.05	39.64	34.96
PTHR12400	1171.95	1131.11	1361.99	85.16	75.1
PTHR12403	1684.02	1602.34	1112.0	106.07	93.54
PTHR13572	1726.3	1685.46	615.76	25.78	22.73
PTHR30314	3862.67	3780.99	3416.05	133.32	117.57
PTHR12882	982.72	941.88	95.0	7.14	6.3
PTHR12883	1581.14	1540.3	1001.02	45.88	40.46
PTHR16255	696.26	655.43	335.0	36.32	32.03
PTHR16254	9185.15	8940.1	2558.25	87.38	77.05
PTHR22960	2240.65	2158.97	939.84	67.57	59.58
PTHR13373	635.0	594.16	73.0	8.74	7.71
PTHR13375	1373.0	1291.32	155.0	17.15	15.13
PTHR22967	4098.89	3976.37	886.03	41.39	36.5
PTHR19858	3352.82	3271.13	1088.0	44.26	39.03
PTHR30222	877.03	836.19	159.0	13.48	11.89
PTHR13115	1872.75	1791.06	400.0	31.82	28.07
PTHR13117	2347.36	2306.52	447.93	13.69	12.07
PTHR12975	3466.0	3302.65	140.94	14.14	12.47
PTHR13285	716.0	675.16	79.0	8.31	7.33
PTHR13288	1283.74	1242.92	317.71	18.06	15.93
PTHR10953	19335.01	18681.67	10282.51	527.14	464.88
PTHR10954	2353.31	2271.63	990.02	63.01	55.57
PTHR21726	4154.73	3991.39	1369.9	66.33	58.5
PTHR10956	1433.0	1310.54	6814.97	702.96	619.93
PTHR11538	3367.98	3245.47	3198.99	264.0	232.82
PTHR10826	1073.52	991.86	864.96	95.66	84.36
PTHR21493	19918.48	19346.86	5391.21	226.9	200.1
PTHR11533	5801.3	5678.79	14546.87	496.2	437.58
PTHR11532	1635.73	1594.89	561.37	24.84	21.91
PTHR10000	4663.03	4499.75	1351.9	80.8	71.26
PTHR13021	734.26	693.41	230.0	23.56	20.77
PTHR12290	546.53	505.82	179.0	25.22	22.24
PTHR12295	7192.0	6946.96	1490.84	91.28	80.5
PTHR24007	4095.41	3891.27	402.0	37.49	33.07
PTHR24003	14917.96	14387.15	10150.06	463.79	408.99
PTHR31446	3609.56	3487.04	1170.83	85.14	75.08
PTHR31190	6745.71	6541.52	5438.5	187.27	165.14
PTHR11441	1380.61	1339.79	681.98	35.96	31.71
PTHR11440	5779.96	5575.8	2506.97	112.69	99.38
PTHR11999	9374.01	9047.29	11651.28	410.77	362.25
PTHR11449	1313.0	1231.34	6505.49	523.11	461.31
PTHR11994	2155.33	2032.94	10523.85	753.09	664.12
PTHR10133	7326.3	7162.98	899.0	41.28	36.4
PTHR21649	11488.26	10957.45	25023.44	1852.31	1633.48
PTHR13620	3834.38	3671.05	1016.48	62.73	55.32
PTHR11705	1292.84	1252.0	173.0	9.77	8.61
PTHR11847	1287.0	1246.16	4952.84	280.91	247.73
PTHR11843	1314.86	1233.19	27414.89	2296.27	2025.01
PTHR13138	597.0	556.16	45.0	5.76	5.08
PTHR11662	12774.52	12406.99	2292.29	107.15	94.5
PTHR11669	4980.28	4776.08	1426.49	119.08	105.02
PTHR11668	19230.81	18740.75	21729.25	898.92	792.72
PTHR20856	12543.13	12298.13	3720.66	98.41	86.78
PTHR20854	7707.91	7462.86	5425.29	261.42	230.53
PTHR20855	4071.05	3948.54	2091.41	93.76	82.68
PTHR20852	5394.81	5109.01	236911.37	20770.84	18317.18
PTHR32404	4825.76	4621.59	2294.53	151.21	133.33
PTHR20858	322.0	281.21	31.0	7.94	7.0
PTHR11918	4849.19	4685.83	1103.0	58.11	51.24
PTHR10634	3107.51	3025.83	38866.81	1845.52	1627.51
PTHR11709	18638.27	17984.9	5925.37	255.79	225.57
PTHR14898	1815.0	1774.16	813.0	32.33	28.51
PTHR14237	4316.44	4153.07	669.75	42.89	37.83
PTHR23155	207071.86	199232.82	28497.43	1594.15	1405.76
PTHR23153	3262.03	3139.51	1394.17	90.17	79.51
PTHR23151	12513.52	12023.45	8340.17	604.89	533.43
PTHR11063	2814.67	2732.98	1488.33	73.25	64.6
PTHR11062	70586.99	67973.84	20310.16	1197.58	1056.18
PTHR11061	4587.07	4260.67	494.01	59.55	52.53
PTHR11065	3777.74	3696.05	2607.09	99.65	87.88
PTHR11064	1805.22	1723.54	2623.0	202.22	178.33
PTHR11260	15580.73	15009.06	36477.6	2392.25	2109.69
PTHR11264	1570.88	1530.04	243.0	11.21	9.89
PTHR11266	5977.81	5732.83	4501.06	340.7	300.46
PTHR13501	1247.54	1206.71	637.01	37.31	32.91
PTHR31998	5337.73	5215.21	20693.11	543.43	479.24
PTHR31221	22943.51	22045.1	6601.28	369.51	325.84
PTHR15838	520.0	479.16	39.0	5.81	5.12
PTHR12850	1046.08	964.42	8928.31	992.57	875.31
PTHR32338	1635.0	1594.16	532.0	23.56	20.77
PTHR23270	5944.51	5658.63	992.03	75.0	66.16
PTHR31155	1551.33	1510.49	13922.55	650.75	573.88
PTHR12363	5248.08	5125.56	1262.98	48.41	42.68
PTHR20932	743.0	702.16	314.0	31.75	28.0
PTHR18952	3662.0	3539.52	225.0	9.42	8.31
PTHR10552	1029.57	988.72	441.99	31.65	27.91
PTHR12765	748.63	707.79	345.16	34.62	30.53
PTHR22603	1437.61	1396.77	1071.95	54.21	47.8
PTHR12506	2025.0	1902.51	569.01	55.32	48.78
PTHR22604	7070.41	6825.36	1658.49	91.39	80.59
PTHR21481	3918.57	3836.89	1411.53	52.24	46.06
PTHR22778	689.99	649.15	105.0	11.5	10.14
PTHR19446	472.0	431.17	1630.8	270.29	238.36
PTHR12219	752.03	711.19	1826.74	182.37	160.82
PTHR13561	637.66	596.84	47.0	5.6	4.94
PTHR13563	1902.85	1862.01	674.75	25.56	22.54
PTHR12210	9364.54	9119.49	7192.48	350.86	309.42
PTHR12215	1373.2	1291.54	344.02	31.04	27.37
PTHR12214	1898.36	1816.68	339.98	24.78	21.85
PTHR12189	1980.0	1898.32	333.96	23.96	21.13
PTHR22911	6511.0	6347.64	3400.88	113.58	100.16
PTHR22912	13605.68	13319.78	15924.78	606.88	535.19
PTHR12183	9216.54	8849.03	2678.97	167.42	147.62
PTHR19849	2486.0	2363.48	839.04	72.45	63.89
PTHR22594	10929.43	10643.55	6624.39	274.32	241.91
PTHR11864	2549.73	2386.54	256.0	23.19	20.45
PTHR21152	5606.22	5483.69	4048.55	154.99	136.68
PTHR30075	1986.86	1905.23	780.0	43.54	38.39
PTHR11632	3807.22	3684.69	2831.92	136.41	120.29
PTHR13102	2079.5	1997.82	795.91	53.73	47.38
PTHR12984	4537.39	4455.71	2589.96	86.59	76.36
PTHR11630	13627.77	13096.99	4529.33	237.03	209.06
PTHR12302	890.7	849.86	823.91	68.71	60.6
PTHR13299	820.1	779.26	372.0	33.86	29.86
PTHR12652	4585.0	4462.48	4948.49	233.94	206.31
PTHR10925	3070.15	2906.85	1581.39	138.63	122.26
PTHR21737	3926.39	3803.95	837.56	33.79	29.79
PTHR10920	7705.2	7419.35	1068.94	75.66	66.73
PTHR10584	12069.91	11743.27	8664.44	411.2	362.63
PTHR11528	8117.0	7953.64	77893.29	3195.74	2818.22
PTHR11527	8337.92	7929.58	22744.06	1410.4	1243.8
PTHR10859	7021.06	6735.3	3101.34	222.61	196.32
PTHR10589	2179.05	2097.38	968.25	65.07	57.38
PTHR10588	1748.99	1667.39	731.16	89.12	78.6
PTHR13038	1110.0	1028.33	51.0	7.19	6.34
PTHR13748	6502.1	6297.94	5120.39	244.98	216.05
PTHR13743	14234.23	13703.32	3619.47	197.35	174.03
PTHR24015	91975.95	88913.33	28842.31	1398.95	1233.66
PTHR24012	20971.27	20072.89	33411.42	2104.96	1856.3
PTHR24011	30948.52	29805.13	23771.01	1153.69	1017.4
PTHR31187	2142.0	2101.16	2991.44	100.37	88.52
PTHR19139	1554.0	1513.16	284.03	13.25	11.69
PTHR21145	1559.16	1518.31	492.02	22.88	20.18
PTHR10458	802.44	761.6	349.02	32.51	28.67
PTHR10108	33433.96	32372.15	19861.68	1016.08	896.08
PTHR11986	11226.16	10981.13	7763.89	293.78	259.08
PTHR11455	7034.96	6749.13	3504.97	199.62	176.01
PTHR10102	2404.0	2363.16	941.04	28.06	24.75
PTHR11458	681.0	640.16	357.0	39.64	34.96
PTHR10106	1074.0	992.32	1289.0	185.45	163.55
PTHR30544	5112.02	4948.67	1226.0	72.6	64.02
PTHR31057	2465.39	2302.03	508.0	65.58	57.83
PTHR20982	1183.11	1142.31	1068.16	66.12	58.31
PTHR11851	24380.11	23808.32	23434.67	990.3	873.32
PTHR23092	7299.26	7013.48	2339.69	177.05	156.12
PTHR23091	11533.16	11043.16	6123.15	428.99	378.32
PTHR11673	1615.38	1533.71	14475.41	1118.91	986.73
PTHR11670	8814.72	8610.52	14886.76	569.65	502.36
PTHR11671	1199.0	1158.16	1522.27	92.94	81.96
PTHR20863	2620.19	2497.67	7360.82	652.84	575.73
PTHR20861	3793.18	3670.7	2251.0	109.19	96.3
PTHR11679	13395.82	13069.1	5486.29	153.93	135.74
PTHR14009	5647.6	5525.06	4072.24	140.28	123.71
PTHR10217	22306.63	21857.42	7032.0	257.85	227.4
PTHR14005	2820.83	2739.17	2580.67	110.04	97.05
PTHR10210	4485.06	4321.72	3478.15	239.8	211.46
PTHR31522	1534.31	1493.47	879.27	41.57	36.66
PTHR14221	923.05	841.41	31.0	5.0	4.41
PTHR11079	6894.97	6690.76	3189.1	211.28	186.32
PTHR11076	5203.7	5040.43	612.0	27.43	24.18
PTHR11070	4413.19	4249.89	590.99	43.98	38.79
PTHR11071	20669.65	19893.72	48468.18	3304.78	2914.4
PTHR11278	964.0	923.16	8135.99	624.23	550.49
PTHR11276	1352.12	1270.44	104.0	11.63	10.26
PTHR11274	2575.0	2493.37	1007.0	32.49	28.65
PTHR14136	3326.82	3204.29	2105.85	135.53	119.52
PTHR31984	6057.88	5894.51	3053.8	135.92	119.87
PTHR15350	2854.12	2772.44	4123.52	213.55	188.33
PTHR31695	2822.65	2781.81	1532.81	38.81	34.23
PTHR15606	2544.02	2462.33	1044.04	60.76	53.59
PTHR12374	1503.33	1421.64	275.0	31.23	27.54
PTHR12375	1276.57	1235.73	188.9	10.8	9.53
PTHR12378	2288.52	2206.87	2292.18	144.72	127.62
PTHR18929	12951.83	12543.44	58141.97	3838.4	3384.96
PTHR12777	619.0	578.16	2370.3	291.76	257.29
PTHR12775	2061.31	1979.63	1240.97	71.58	63.13
PTHR16092	2886.0	2845.16	2395.0	59.29	52.29
PTHR12406	1504.21	1463.37	486.31	23.47	20.69
PTHR11035	1072.0	1031.16	864.96	59.36	52.35
PTHR22298	15036.01	14546.0	6895.17	323.93	285.68
PTHR12174	4785.93	4622.57	2204.43	127.84	112.74
PTHR12175	2294.39	2212.71	1440.05	94.63	83.44
PTHR12176	9414.65	9128.76	2126.25	113.81	100.38
PTHR22769	2804.65	2682.13	1270.1	98.34	86.72
PTHR10293	5420.69	5257.32	6596.87	352.53	310.9
PTHR22765	3843.98	3762.3	6748.69	238.7	210.5
PTHR22762	5815.57	5733.89	3542.71	82.71	72.94
PTHR22763	3344.39	3221.93	562.25	30.28	26.71
PTHR22761	2551.99	2470.31	5377.14	314.17	277.06
PTHR21231	3172.13	3049.64	1267.1	90.43	79.74
PTHR21230	4186.08	4022.72	1944.33	144.37	127.31
PTHR21234	1024.0	983.16	459.67	33.1	29.19
PTHR21237	2744.14	2662.45	4749.72	257.97	227.5
PTHR12202	1630.14	1507.64	379.0	54.85	48.37
PTHR12203	4254.46	4091.1	327.13	24.07	21.22
PTHR19857	501.0	460.16	174.0	26.99	23.81
PTHR22904	24969.01	24029.88	16780.81	1030.37	908.65
PTHR19855	1818.46	1777.62	1123.0	44.57	39.3
PTHR13353	562.15	521.33	163.0	22.28	19.65
PTHR19853	1603.18	1521.5	254.01	22.89	20.19
PTHR15362	2400.34	2318.67	1148.8	74.67	65.86
PTHR12197	10859.13	10287.42	2065.98	177.39	156.42
PTHR13822	789.5	748.67	3496.9	331.42	292.27
PTHR21319	5081.99	4959.47	1210.51	51.31	45.25
PTHR10732	889.0	848.16	5605.15	468.42	413.08
PTHR10738	1268.76	1227.97	505.0	29.07	25.63
PTHR10739	1626.88	1545.19	583.76	53.95	47.57
PTHR12992	1124.68	1083.83	221.0	14.43	12.72
PTHR22836	2194.0	2112.32	205.0	13.53	11.93
PTHR22880	7318.71	7155.33	3189.44	86.03	75.87
PTHR10938	2255.08	2173.4	1124.37	73.23	64.58
PTHR10934	1262.1	1180.43	15533.67	1289.61	1137.28
PTHR11510	1732.35	1691.53	1509.92	62.98	55.54
PTHR11516	6451.55	6247.35	8390.39	374.31	330.1
PTHR10025	3433.78	3270.45	1692.17	146.08	128.82
PTHR10026	9946.15	9741.99	4827.9	126.1	111.2
PTHR10027	3693.65	3530.33	501.55	35.23	31.05
PTHR13009	2790.0	2667.48	3382.75	270.89	238.89
PTHR13007	937.0	896.16	363.0	28.7	25.31
PTHR30115	1969.24	1887.56	890.84	48.41	42.69
PTHR10598	923.0	882.16	52.0	4.18	3.68
PTHR17901	766.0	725.16	60.0	5.87	5.18
PTHR24351	656.0	615.16	119.0	13.76	12.13
PTHR20981	1262.14	1180.46	6431.57	647.73	571.21
PTHR24352	550.0	509.16	60.0	8.4	7.41
PTHR11467	2280.25	2198.59	4441.77	291.36	256.94
PTHR10119	7154.75	6950.55	6144.46	272.93	240.7
PTHR10114	756.04	715.2	6509.85	646.2	569.87
PTHR10110	8975.51	8771.32	5864.62	240.2	211.83
PTHR11469	3956.27	3874.63	5243.41	188.36	166.1
PTHR10445	779.0	738.16	340.91	32.78	28.91
PTHR11863	5930.13	5725.95	3978.88	196.49	173.27
PTHR24286	4091.0	3968.48	3458.75	214.13	188.84
PTHR23429	3795.53	3713.84	11480.21	430.46	379.61
PTHR23426	2405.86	2324.18	2215.9	147.26	129.86
PTHR10593	4654.24	4490.89	2346.52	138.25	121.92
