GeneFamily	length	effective_length	expected_count	TPM	FPKM
PTHR11649	10027.0	9629.54	245.02	94.57	92.5
PTHR31089	955.0	918.86	13.0	5.92	5.78
PTHR31085	3854.0	3637.16	31.0	22.18	21.69
PTHR11647	3481.0	3372.58	52.0	18.33	17.93
PTHR11880	1735.0	1662.72	2115.13	1199.75	1173.23
PTHR11885	405.0	368.86	2.2	2.53	2.47
PTHR10209	5893.9	5749.33	61.0	17.47	17.09
PTHR32429	2605.85	2533.56	2657.58	786.96	769.55
PTHR12403	1809.0	1736.72	45.0	21.06	20.59
PTHR31423	851.0	814.86	47.0	24.15	23.61
PTHR31551	1317.0	1280.86	61.0	19.86	19.42
PTHR32195	639.0	602.86	49.0	34.15	33.39
PTHR11081	3409.0	3300.58	50.0	15.86	15.51
PTHR11080	1924.51	1852.23	96.94	41.3	40.38
PTHR11082	7250.0	7069.3	119.0	33.09	32.36
PTHR11085	8623.0	8406.16	229.0	59.81	58.49
PTHR11645	2105.0	2032.72	68.0	25.89	25.32
PTHR11089	9757.57	9468.45	230.0	70.72	69.16
PTHR32518	5198.62	5017.99	127.2	61.5	60.14
PTHR11247	3595.26	3522.97	5633.72	985.63	963.84
PTHR11246	10225.14	9827.63	404.97	156.49	153.02
PTHR32512	3789.16	3680.74	97.0	36.84	36.02
PTHR23088	6649.0	6468.3	130.0	39.74	38.87
PTHR23089	1543.0	1470.72	174.0	83.1	81.26
PTHR23081	2648.0	2539.58	38.0	15.95	15.6
PTHR23083	36325.17	35313.29	847.0	197.82	193.45
PTHR23084	2701.48	2593.05	88.0	46.73	45.7
PTHR23086	755.0	682.74	2.0	2.48	2.42
PTHR18806	1927.0	1854.72	50.0	21.81	21.33
PTHR31953	12109.45	11892.59	113.0	16.78	16.42
PTHR15184	11574.0	11248.75	2635.56	643.37	629.14
PTHR15341	595.0	558.86	8.0	6.02	5.89
PTHR15169	2152.0	2079.72	8.0	3.42	3.34
PTHR12341	4781.0	4564.17	34.0	23.22	22.7
PTHR15160	7202.0	7057.44	193.0	45.75	44.74
PTHR18937	5159.0	4833.77	33.0	27.47	26.84
PTHR18934	17163.63	16477.03	387.0	106.36	104.02
PTHR12742	3265.93	3193.65	161.0	38.05	37.2
PTHR12741	2139.0	2066.72	28.0	16.87	16.5
PTHR19288	5251.31	5034.59	123.0	48.82	47.74
PTHR13902	6057.67	5913.11	265.56	72.77	71.15
PTHR13903	3282.0	3209.72	23.0	5.84	5.71
PTHR22753	1410.0	1337.73	6.0	3.33	3.26
PTHR22939	25619.72	25041.59	1189.91	207.07	202.49
PTHR22938	1676.0	1567.61	5.0	5.79	5.66
PTHR16266	787.0	750.86	2.0	1.12	1.09
PTHR30612	5843.0	5698.44	105.0	18.25	17.84
PTHR22932	591.0	554.86	36.0	27.29	26.69
PTHR22931	15120.15	14794.9	3814.42	513.52	502.18
PTHR22936	6942.86	6726.02	664.0	202.57	198.09
PTHR31038	1197.0	1160.86	22.0	7.91	7.73
PTHR13832	47232.94	46221.04	1989.53	402.04	393.14
PTHR21139	2134.0	2097.86	499.16	98.95	96.76
PTHR21136	8314.0	8133.3	269.0	66.21	64.74
PTHR12526	37917.18	36977.53	1191.0	230.04	224.96
PTHR13124	668.86	632.72	4.0	2.65	2.6
PTHR13120	945.0	908.86	42.0	19.32	18.9
PTHR22809	315.0	278.89	0.0	0.0	0.0
PTHR22807	5058.0	4805.05	47.0	26.94	26.35
PTHR20661	385.0	348.87	1.0	1.22	1.19
PTHR10900	24147.17	23677.34	7074.35	1307.17	1278.26
PTHR10906	4574.17	4393.52	341.09	130.22	127.35
PTHR10909	19962.0	19528.33	1464.0	325.26	318.07
PTHR10055	3245.0	3172.72	122.0	32.58	31.86
PTHR10057	5077.0	4932.44	600.0	190.95	186.72
PTHR10052	1025.0	988.86	1879.97	794.36	776.8
PTHR13017	833.0	796.86	13.0	6.83	6.68
PTHR10693	1642.0	1569.72	20.0	10.6	10.37
PTHR10694	6360.88	6107.91	54.0	14.67	14.35
PTHR12839	924.0	851.73	5.0	4.59	4.48
PTHR13923	4007.0	3934.72	130.0	25.69	25.12
PTHR12835	1223.0	1186.86	19.0	6.68	6.53
PTHR24031	71305.41	69137.17	5396.0	1082.0	1058.11
PTHR24032	1545.0	1508.86	43.0	11.87	11.61
PTHR23291	6201.0	6056.44	520.0	154.46	151.04
PTHR24349	48975.5	47819.08	1850.0	388.54	379.95
PTHR24619	3758.12	3613.59	232.17	82.58	80.77
PTHR24343	29351.22	28592.26	1558.94	407.48	398.49
PTHR11472	6424.0	6171.05	298.24	138.43	135.39
PTHR24347	8310.24	8021.12	184.0	78.21	76.48
PTHR11476	4660.0	4515.45	127.0	34.64	33.87
PTHR11477	1454.0	1381.72	11.0	5.74	5.61
PTHR10476	3535.0	3390.44	273.0	104.94	102.63
PTHR24290	6456.0	6275.31	120.99	37.36	36.53
PTHR23413	526.0	489.86	1457.78	1254.29	1226.56
PTHR23417	872.0	799.74	2.0	1.7	1.66
PTHR23416	4268.0	4159.58	87.0	22.01	21.52
PTHR23415	1736.0	1699.86	192.0	47.02	45.98
PTHR10871	4644.49	4499.95	1643.34	934.02	913.36
PTHR10877	9101.51	8667.85	127.0	49.9	48.81
PTHR11879	4764.81	4656.39	149.0	37.76	36.92
PTHR24316	10470.74	10253.9	1351.04	332.96	325.59
PTHR31724	2824.0	2715.58	48.0	33.73	32.98
PTHR11655	3085.0	2940.44	2068.0	1281.29	1252.97
PTHR11652	718.0	681.86	1588.01	976.92	955.32
PTHR20883	2894.76	2822.47	84.0	24.3	23.77
PTHR11895	9085.12	8832.15	279.0	87.06	85.14
PTHR10277	3597.0	3524.72	77.0	19.02	18.6
PTHR14027	2927.0	2818.58	34.0	15.3	14.95
PTHR24095	11413.25	10979.63	410.0	130.0	127.14
PTHR24092	7363.96	7111.01	104.0	28.69	28.07
PTHR23180	6321.0	5959.63	94.0	59.91	58.57
PTHR14593	338.0	301.88	1.0	1.41	1.38
PTHR11093	1809.0	1772.86	53.0	12.44	12.17
PTHR11096	3220.0	3111.58	70.0	25.62	25.06
PTHR23346	8992.99	8703.86	166.0	44.52	43.54
PTHR11099	2750.0	2641.58	73.0	34.11	33.35
PTHR10309	1906.0	1833.72	80.0	33.29	32.56
PTHR11252	1663.0	1590.72	36.53	20.58	20.12
PTHR11254	16233.76	15763.94	392.0	115.99	113.45
PTHR11255	1798.0	1761.86	20.0	4.72	4.62
PTHR14110	759.0	722.86	8.0	4.64	4.54
PTHR14374	1621.49	1585.35	254.0	66.72	65.24
PTHR18838	2293.79	2257.65	116.38	21.43	20.96
PTHR12687	700.0	627.75	4.0	5.78	5.65
PTHR15157	4740.62	4596.06	72.0	26.5	25.92
PTHR18901	3573.26	3428.7	104.0	39.87	39.0
PTHR12755	1548.0	1511.86	30.0	8.27	8.08
PTHR12750	2802.0	2621.34	11.0	6.4	6.24
PTHR12753	1874.0	1837.86	36.0	8.15	7.97
PTHR15081	1198.0	1161.86	10.0	3.59	3.51
PTHR15574	6952.44	6627.18	42.0	23.42	22.9
PTHR23109	1775.0	1738.86	40.0	9.57	9.36
PTHR13931	9864.44	9466.95	104.0	46.57	45.54
PTHR12358	2345.93	2201.37	21.0	13.89	13.59
PTHR22748	5236.46	5019.63	70.0	27.48	26.86
PTHR12356	3574.45	3466.02	88.0	34.72	33.95
PTHR12221	2515.0	2442.72	50.05	16.33	15.98
PTHR19879	1776.0	1667.58	18.0	14.1	13.79
PTHR12226	1097.0	1060.86	63.0	24.8	24.25
PTHR19876	5192.0	5083.58	149.37	36.58	35.76
PTHR19877	3037.0	2928.58	892.57	471.51	461.08
PTHR21689	1239.0	1166.72	11.0	7.97	7.79
PTHR31442	2877.0	2840.86	168.0	24.57	24.02
PTHR12538	843.0	806.86	2174.03	1128.04	1103.1
PTHR12537	1107.0	1070.86	10.0	3.9	3.81
PTHR12532	2290.0	2253.86	53.22	9.82	9.6
PTHR13486	1061.0	1024.86	93.0	37.9	37.07
PTHR20275	3107.0	2962.46	50.0	20.4	19.95
PTHR13489	454.0	417.86	6.0	6.07	5.94
PTHR17583	5728.0	5511.16	23.0	9.17	8.96
PTHR10150	3723.73	3579.17	37.0	12.17	11.89
PTHR24198	24879.9	24337.8	1607.61	294.42	287.91
PTHR10048	6702.0	6449.04	78.0	30.81	30.13
PTHR10046	4012.57	3868.01	68.0	31.35	30.66
PTHR10044	2010.68	1938.4	41.0	17.7	17.31
PTHR13060	317.0	280.89	0.0	0.0	0.0
PTHR10687	1574.0	1537.86	99.0	26.81	26.22
PTHR10681	12749.45	12388.04	1365.0	415.9	406.71
PTHR10682	1376.08	1339.94	8.0	2.49	2.43
PTHR10683	6039.0	5894.44	1118.0	214.8	210.05
PTHR12829	2611.0	2538.72	88.0	28.85	28.21
PTHR12820	3228.0	3155.72	51.0	13.0	12.71
PTHR12826	619.0	582.86	19.0	13.7	13.4
PTHR12827	362.0	325.87	1.0	1.3	1.28
PTHR17920	509.0	472.86	3.0	2.68	2.62
PTHR11405	8827.0	8682.44	831.0	165.74	162.08
PTHR11404	3238.0	3129.58	370.0	132.45	129.52
PTHR11406	2251.0	2214.86	6783.9	1273.48	1245.33
PTHR32357	516.0	479.86	12.0	10.54	10.31
PTHR13468	918.0	881.86	7.0	3.32	3.25
PTHR13018	15185.68	14643.7	270.0	60.88	59.54
PTHR10954	377.0	340.87	2.0	2.49	2.44
PTHR23406	8132.0	7806.76	150.0	64.15	62.72
PTHR23407	1111.09	1074.94	49.0	19.03	18.61
PTHR10869	22951.12	22445.16	2117.9	431.18	421.66
PTHR31717	795.0	758.86	4.0	2.21	2.16
PTHR22942	2892.92	2748.36	24.0	15.3	14.95
PTHR12696	3976.0	3867.58	58.0	21.28	20.81
PTHR11315	5065.0	4956.58	274.0	64.45	63.03
PTHR10139	1220.0	1147.72	9.0	7.13	6.97
PTHR10264	5058.0	4949.58	182.0	45.26	44.26
PTHR10263	1874.0	1801.72	800.0	328.34	321.08
PTHR31407	6258.51	6077.8	5652.5	1528.93	1495.14
PTHR32170	1891.0	1782.59	7.0	4.38	4.29
PTHR23350	1829.0	1756.72	14.0	6.92	6.76
PTHR23354	2631.92	2523.5	302.0	85.57	83.68
PTHR23355	4397.7	4253.16	133.0	51.19	50.05
PTHR23359	11090.29	10873.44	589.0	141.53	138.41
PTHR11227	2580.33	2508.04	32.0	10.44	10.21
PTHR11220	8910.22	8693.38	978.03	208.68	204.07
PTHR11223	4195.0	4086.62	32.0	7.26	7.1
PTHR11229	2946.0	2873.72	345.0	115.51	112.96
PTHR10314	13705.05	13343.65	2387.09	631.83	617.87
PTHR14303	701.0	664.86	16.0	10.1	9.87
PTHR14085	1767.0	1694.72	29.0	14.13	13.82
PTHR11139	16715.0	15920.02	154.0	73.16	71.54
PTHR15362	1521.07	1448.92	35.0	17.31	16.92
PTHR11132	27134.78	26412.0	1049.16	293.17	286.67
PTHR11134	4550.0	4441.58	110.98	29.22	28.57
PTHR11136	2292.0	2111.34	15.0	14.1	13.79
PTHR32374	5086.18	5013.9	579.0	75.93	74.25
PTHR31579	9664.0	9555.58	469.0	59.33	58.02
PTHR32379	302.0	265.9	1.0	1.61	1.57
PTHR18919	3386.25	3313.96	407.0	108.09	105.71
PTHR32002	1227.0	1190.86	19.0	6.66	6.51
PTHR14413	1743.0	1670.72	278.0	104.62	102.31
PTHR21368	1983.0	1910.72	168.98	76.47	74.78
PTHR24067	24341.64	23691.12	1615.87	483.01	472.3
PTHR10072	7165.0	7020.44	218.0	55.86	54.63
PTHR12786	3107.0	2962.44	130.0	53.92	52.73
PTHR11706	2508.0	2399.59	16.0	5.73	5.61
PTHR12782	1310.0	1273.86	49.0	16.04	15.69
PTHR11742	5327.0	5074.04	53.0	23.44	22.93
PTHR21213	964.86	928.71	173.0	77.87	76.15
PTHR11210	1035.0	998.86	85.0	35.55	34.77
PTHR12321	6296.43	6151.87	261.0	55.33	54.11
PTHR12320	11135.0	10990.44	605.0	81.79	79.97
PTHR12323	326.0	289.88	4.0	5.88	5.75
PTHR16201	2840.0	2695.44	25.0	14.92	14.57
PTHR10774	10899.32	10537.98	439.0	119.5	116.87
PTHR16196	3014.0	2905.58	44.0	18.86	18.44
PTHR16193	464.0	427.86	7.0	6.91	6.76
PTHR22792	3572.0	3391.31	83.0	42.19	41.26
PTHR22790	2562.0	2489.72	45.0	14.96	14.63
PTHR21680	1338.0	1301.86	40.0	12.81	12.53
PTHR21113	1065.0	992.74	1.0	1.4	1.37
PTHR19316	1385.82	1349.68	36.0	11.12	10.87
PTHR21663	329.0	292.88	0.0	0.0	0.0
PTHR13253	11814.37	11416.85	1098.01	423.56	414.19
PTHR22603	4137.0	4064.72	52.94	11.05	10.8
PTHR21206	1116.0	1079.86	27.0	10.44	10.21
PTHR13789	21079.1	20537.01	440.0	146.78	143.53
PTHR10071	8253.0	8144.58	406.0	48.04	46.98
PTHR24188	6686.25	6469.44	1072.0	313.27	306.35
PTHR13780	7521.3	7232.21	2156.01	646.71	632.4
PTHR10670	2895.0	2714.3	33.0	20.87	20.39
PTHR10677	1390.0	1317.73	32.0	19.42	19.0
PTHR13078	4234.12	4125.69	183.0	53.84	52.65
PTHR12815	3741.0	3560.3	96.71	46.76	45.73
PTHR12814	1811.0	1738.72	40.0	20.53	20.07
PTHR24361	12564.57	12275.57	284.0	50.27	49.14
PTHR24362	18131.15	17552.93	617.16	177.38	173.46
PTHR10416	386.0	349.87	0.0	0.0	0.0
PTHR10410	5735.0	5590.44	911.14	196.4	192.06
PTHR10783	8695.94	8442.95	1070.01	360.87	352.89
PTHR10782	3947.0	3874.72	77.0	15.74	15.4
PTHR13476	1028.0	991.86	45.0	18.96	18.54
PTHR10788	6943.0	6726.17	175.0	44.95	43.95
PTHR10891	24447.79	23941.83	2203.85	615.11	601.52
PTHR10890	5056.93	4912.38	106.0	31.39	30.7
PTHR20426	734.3	698.16	31.0	18.62	18.21
PTHR23213	2272.0	2163.58	8.0	3.78	3.7
PTHR24115	6574.21	6104.53	66.0	53.21	52.06
PTHR10520	4473.05	4364.63	250.04	82.88	81.05
PTHR10250	762.0	725.86	74.0	42.73	41.79
PTHR10527	10947.0	10621.74	301.0	70.29	68.74
PTHR10099	4524.24	4488.1	276.0	25.52	24.95
PTHR31385	3317.0	3208.58	75.0	26.67	26.08
PTHR10091	3784.0	3711.72	914.77	169.19	165.45
PTHR31142	1100.0	1063.86	36.0	14.13	13.82
PTHR31140	5725.15	5652.87	689.0	77.82	76.09
PTHR31412	5168.92	5024.36	133.0	37.66	36.83
PTHR11787	1251.0	1178.72	1.0	1.07	1.04
PTHR11785	13253.3	12855.75	376.0	114.25	111.73
PTHR11782	5977.0	5760.16	146.0	47.98	46.91
PTHR31419	303.0	266.9	1.0	1.6	1.57
PTHR11780	3015.0	2942.72	446.0	105.65	103.32
PTHR21141	2155.0	2082.72	3444.11	1631.78	1595.7
PTHR32148	7733.0	7552.3	3919.0	1902.85	1860.78
PTHR23324	4315.32	4170.76	113.0	41.16	40.27
PTHR23327	3474.0	3365.58	150.0	55.72	54.48
PTHR23326	2468.0	2359.58	67.0	30.02	29.35
PTHR23321	3412.0	3303.58	280.0	126.02	123.24
PTHR23323	5664.35	5519.79	143.0	35.09	34.31
PTHR23322	6039.19	5786.21	108.0	53.11	51.93
PTHR23329	1860.4	1751.99	342.0	130.63	127.74
PTHR11236	2312.0	2239.72	81.0	29.58	28.92
PTHR20932	2664.0	2591.72	43.0	11.14	10.88
PTHR10322	3207.0	2990.2	14.0	11.01	10.75
PTHR11239	5641.19	5532.77	277.0	58.82	57.52
PTHR10803	3065.81	2993.52	103.96	28.99	28.35
PTHR13803	4247.0	4138.58	53.0	13.98	13.67
PTHR31964	14485.0	14123.6	946.96	288.35	281.98
PTHR10552	1532.0	1495.86	32.0	8.91	8.71
PTHR23030	4037.0	3964.72	59.0	10.92	10.68
PTHR11129	2551.0	2478.72	46.0	14.14	13.83
PTHR11122	4844.0	4699.44	230.0	78.51	76.77
PTHR15316	2407.0	2298.6	50.0	34.45	33.7
PTHR11127	1077.0	1004.74	1606.21	957.13	935.97
PTHR11125	3392.0	3283.58	30.0	11.3	11.05
PTHR31566	1682.33	1610.04	143.0	72.02	70.43
PTHR31567	1074.0	1037.86	31.0	12.48	12.2
PTHR31561	24593.29	23978.92	10875.31	2506.59	2451.19
PTHR30615	1511.0	1438.72	85.0	49.97	48.87
PTHR15137	721.0	684.86	2.0	1.22	1.2
PTHR14950	507.0	470.86	1.0	0.9	0.88
PTHR15954	1331.0	1258.72	13.0	8.79	8.59
PTHR15952	3097.0	3024.72	79.84	20.0	19.56
PTHR21597	2469.0	2360.58	11.0	5.27	5.16
PTHR19271	425.0	388.86	1.0	1.09	1.06
PTHR21228	59632.58	57934.09	1849.0	347.4	339.73
PTHR12022	813.23	777.09	439.0	236.61	231.38
PTHR13343	7530.0	7385.44	213.0	42.78	41.84
PTHR12233	1365.0	1328.86	54.84	17.2	16.82
PTHR12029	8511.12	8185.88	250.84	90.04	88.05
PTHR21220	1011.0	974.86	14.01	6.0	5.87
PTHR22780	5426.0	5173.04	69.16	32.08	31.37
PTHR21477	1231.0	1194.86	12.0	4.19	4.1
PTHR19308	6677.0	6604.72	1102.68	109.65	107.23
PTHR16301	2985.22	2912.94	126.0	36.18	35.38
PTHR13265	1180.0	1143.86	15.0	5.47	5.35
PTHR17630	5452.59	5308.02	376.0	96.9	94.75
PTHR10064	603.0	566.86	1075.27	797.68	780.04
PTHR10060	1201.0	1164.86	32.0	11.46	11.21
PTHR10663	8896.0	8426.26	48.87	27.82	27.22
PTHR10666	4817.0	4636.3	2135.02	1384.48	1353.87
PTHR10668	9960.0	9598.6	152.0	60.51	59.17
PTHR12801	5203.0	5058.44	114.0	34.28	33.53
PTHR12802	5351.0	5170.3	116.0	45.33	44.33
PTHR12805	1310.0	1237.72	8.0	4.66	4.56
PTHR12806	1513.0	1476.86	41.0	11.57	11.31
PTHR21091	13649.11	13287.73	456.99	151.6	148.27
PTHR21090	2460.0	2387.72	87.0	37.0	36.18
PTHR12281	3928.0	3855.72	255.0	62.74	61.35
PTHR24314	2988.0	2915.72	34.0	10.24	10.02
PTHR11933	1294.0	1221.72	6.0	4.09	3.99
PTHR11932	6862.0	6717.45	148.86	31.46	30.77
PTHR11426	4696.03	4551.56	2893.93	1264.28	1236.32
PTHR11937	8524.96	8199.7	583.08	287.21	280.86
PTHR11938	19451.0	19017.33	566.06	124.46	121.72
PTHR13683	5864.17	5683.49	228.0	59.3	57.99
PTHR24089	50036.43	48229.48	3949.72	1063.76	1040.25
PTHR10796	3320.0	3139.32	23.0	13.19	12.9
PTHR10794	3995.76	3887.34	178.0	84.56	82.69
PTHR10795	20728.67	20258.92	557.0	116.76	114.17
PTHR10792	2570.0	2497.72	2232.0	1078.41	1054.57
PTHR10799	30525.99	28791.52	308.92	161.01	157.47
PTHR10882	927.0	854.76	14.0	13.52	13.23
PTHR10887	21357.52	20381.82	186.0	91.08	89.07
PTHR11686	4430.0	4321.58	37.0	9.96	9.74
PTHR11685	8341.23	8052.1	148.0	38.05	37.2
PTHR11680	5799.78	5691.36	828.75	181.03	177.03
PTHR24221	14844.8	14266.61	251.0	68.96	67.44
PTHR24220	8774.0	8557.18	330.0	80.92	79.15
PTHR24223	18967.59	18389.43	922.78	119.02	116.4
PTHR11689	2067.0	1958.58	15.0	8.27	8.09
PTHR10252	2347.0	2274.72	89.0	32.66	31.94
PTHR10537	669.0	596.76	8.0	11.55	11.3
PTHR31173	3063.91	2919.36	16.0	7.25	7.09
PTHR31384	1721.0	1648.72	18.0	9.21	9.01
PTHR10997	10615.53	10218.01	143.0	40.48	39.58
PTHR10098	1356.0	1319.86	44.0	13.9	13.59
PTHR31356	4187.0	4078.58	589.0	179.02	175.06
PTHR31352	8088.0	7979.58	774.0	66.22	64.74
PTHR31350	5240.0	5095.44	80.0	28.95	28.3
PTHR11758	1320.0	1247.72	1312.0	620.2	606.48
PTHR23333	1504.0	1467.86	109.0	30.94	30.25
PTHR11751	17425.0	16919.07	904.99	239.74	234.43
PTHR11753	2673.0	2564.58	193.95	93.9	91.82
PTHR11200	11567.0	11386.3	183.0	29.78	29.12
PTHR24423	8951.73	8698.93	154.0	50.84	49.71
PTHR11206	18248.33	17597.83	395.0	122.66	119.99
PTHR11757	10581.0	10255.77	286.0	98.67	96.47
PTHR24420	54977.56	53712.76	2685.97	491.25	480.43
PTHR10332	2965.0	2820.44	15.0	8.26	8.08
PTHR13600	5053.59	4909.03	515.0	116.23	113.67
PTHR15744	2687.0	2614.72	22.0	7.91	7.73
PTHR23029	12656.63	12295.25	461.0	135.9	132.87
PTHR23023	8900.0	8610.88	68.0	23.33	22.84
PTHR12847	1944.0	1871.72	73.0	30.71	30.03
PTHR11119	13216.13	12927.09	238.0	79.54	77.8
PTHR31595	6139.07	5958.37	140.0	49.89	48.79
PTHR31596	3054.0	2981.72	68.0	14.14	13.84
PTHR15948	2054.0	1945.58	40.0	26.77	26.18
PTHR32026	2041.0	1968.72	49.0	22.07	21.59
PTHR31829	1591.0	1554.86	399.0	106.88	104.51
PTHR19241	59403.59	57921.88	1169.0	220.3	215.45
PTHR15239	2675.0	2494.34	29.98	21.72	21.24
PTHR32497	3774.0	3701.72	15.0	4.02	3.93
PTHR12497	2214.0	2177.86	89.0	16.99	16.62
PTHR12302	3477.0	3440.86	187.0	22.56	22.06
PTHR12652	2485.0	2412.72	270.0	73.57	71.94
PTHR12304	365.0	328.87	3.0	3.88	3.79
PTHR30540	2282.22	2246.07	205.0	37.95	37.11
PTHR30544	8359.29	8142.45	294.0	73.57	71.92
PTHR13302	2831.0	2758.72	40.0	10.91	10.68
PTHR12472	1862.0	1789.72	26.0	13.06	12.76
PTHR13308	1390.0	1353.86	157.0	48.34	47.27
PTHR12477	1705.0	1632.73	14.0	5.44	5.32
PTHR13878	21019.88	20477.78	1179.93	274.93	268.85
PTHR21461	1699.0	1662.86	5.0	1.25	1.22
PTHR13872	1922.0	1849.75	66.0	18.78	18.36
PTHR22849	9939.46	9578.06	184.01	77.49	75.78
PTHR21314	1482.0	1445.86	22.0	6.34	6.2
PTHR13271	25990.69	25231.79	600.39	170.67	166.91
PTHR22841	5287.21	5142.65	194.0	65.62	64.18
PTHR21319	5033.0	4852.3	85.0	33.98	33.22
PTHR22847	25537.0	24669.66	420.0	150.47	147.16
PTHR22844	13948.89	13587.49	398.97	86.97	85.04
PTHR13890	7361.0	7144.16	136.0	47.99	46.94
PTHR11601	4818.0	4709.58	62.0	16.01	15.64
PTHR21266	13616.71	13327.59	298.0	58.6	57.3
PTHR12271	2242.0	2169.72	19.0	6.67	6.52
PTHR21262	8968.44	8751.6	269.0	52.98	51.81
PTHR12276	2771.0	2698.72	67.0	18.38	17.97
PTHR10657	2988.9	2880.47	334.0	135.87	132.86
PTHR16557	1357.44	1285.16	21.0	12.48	12.21
PTHR10655	3970.0	3825.44	300.96	108.08	105.69
PTHR10652	1811.0	1738.72	47.0	22.32	21.82
PTHR17972	800.0	727.75	5.0	4.69	4.59
PTHR21085	1462.0	1425.86	90.59	26.47	25.89
PTHR11922	4643.01	4534.59	246.0	73.7	72.07
PTHR24305	19451.03	18872.83	339.57	88.76	86.79
PTHR11926	16627.88	16230.37	604.03	99.9	97.71
PTHR11431	3510.84	3438.57	744.0	186.36	182.24
PTHR10430	5777.91	5669.48	988.0	328.87	321.6
PTHR10436	5035.27	4854.57	82.0	31.01	30.32
PTHR10434	658.0	621.86	3.0	2.03	1.98
PTHR24096	12790.19	12464.93	1241.0	303.67	296.95
PTHR13693	3724.03	3543.32	80.0	43.48	42.54
PTHR13691	1311.0	1274.86	2602.0	851.12	832.3
PTHR24093	57316.31	55617.79	1613.01	310.18	303.34
PTHR13451	429.0	392.86	1.0	1.08	1.05
PTHR13452	1958.0	1885.72	63.0	28.2	27.58
PTHR10759	921.0	884.86	1721.0	813.5	795.51
PTHR12901	632.0	595.86	2.0	1.41	1.38
PTHR12903	1786.0	1713.72	188.0	74.66	73.01
PTHR13992	662.0	589.77	3.0	4.49	4.39
PTHR23237	309.0	272.89	32.0	50.06	48.95
PTHR13375	398.0	361.86	2.0	2.34	2.29
PTHR10501	469.34	433.27	29.0	28.26	27.64
PTHR31169	637.0	600.86	6.0	4.2	4.1
PTHR12277	4894.0	4749.44	125.0	39.32	38.44
PTHR14087	1369.0	1332.86	48.0	15.01	14.68
PTHR23309	4131.0	4058.72	388.0	71.79	70.21
PTHR31344	851.0	814.86	8.0	4.11	4.02
PTHR31619	2325.0	2288.86	226.13	41.07	40.16
PTHR23306	1671.0	1598.72	23.0	12.1	11.83
PTHR23305	3092.0	2983.58	124.0	40.53	39.63
PTHR14089	2307.0	2198.58	36.0	15.46	15.12
PTHR11748	12195.0	11905.88	951.11	143.84	140.67
PTHR11214	977.0	940.86	10.0	4.44	4.34
PTHR11216	3909.0	3800.58	65.0	20.6	20.15
PTHR14154	13265.0	12903.6	726.32	231.04	225.96
PTHR14155	8190.47	8009.77	318.0	62.39	61.02
PTHR10343	7459.0	7242.16	421.0	94.53	92.44
PTHR11699	13759.0	13289.18	484.41	179.57	175.58
PTHR11692	1855.0	1818.86	41.0	9.38	9.17
PTHR11693	3417.0	3344.72	3080.52	743.52	727.09
PTHR11695	26017.71	25258.79	858.0	250.65	245.13
PTHR31760	1883.0	1846.86	46.0	10.36	10.14
PTHR31840	1503.0	1430.72	7.91	3.85	3.77
PTHR31906	15109.14	14747.72	542.0	151.17	147.83
PTHR21419	1741.0	1704.86	44.03	10.75	10.51
PTHR23012	17755.61	17394.19	1660.0	271.5	265.5
PTHR11101	10662.7	10518.14	3215.0	553.91	541.67
PTHR11102	4619.0	4474.46	89.01	21.75	21.26
PTHR11106	1922.0	1885.86	30.0	6.62	6.47
PTHR31585	3855.67	3675.01	25.0	13.92	13.61
PTHR32125	2173.0	2100.72	130.0	51.35	50.21
PTHR31588	2171.0	2134.86	199.0	38.76	37.91
PTHR32120	1822.0	1749.72	17.0	7.86	7.68
PTHR15680	2517.64	2445.36	365.0	94.69	92.6
PTHR10281	3927.0	3818.58	68.0	21.53	21.06
PTHR26312	4221.86	4113.43	343.66	66.72	65.24
PTHR18895	3071.0	2926.47	28.0	12.15	11.88
PTHR12486	1093.0	1020.76	3.0	2.7	2.64
PTHR12480	2847.0	2702.44	38.0	22.0	21.52
PTHR12482	2599.0	2490.58	122.0	69.73	68.18
PTHR30239	1671.0	1634.86	44.0	11.21	10.96
PTHR12317	16640.88	16207.2	836.0	158.27	154.78
PTHR12649	2027.0	1954.72	37.0	15.76	15.4
PTHR12461	4096.0	3879.17	65.0	25.54	24.97
PTHR12466	1142.0	1105.86	15.0	5.66	5.54
PTHR13561	1232.0	1159.72	5.0	3.67	3.59
PTHR13847	8836.0	8583.03	229.97	68.46	66.95
PTHR22854	3614.0	3505.6	115.0	31.36	30.66
PTHR12000	4107.0	3998.58	358.0	86.27	84.36
PTHR12001	6505.0	6396.58	276.38	41.6	40.68
PTHR21327	6320.61	6212.19	234.06	45.78	44.77
PTHR21631	8266.83	8122.27	1477.41	270.59	264.6
PTHR22855	8641.0	8460.3	469.0	100.7	98.48
PTHR22850	7338.45	7121.62	370.0	123.97	121.23
PTHR22504	1088.0	1051.86	43.0	17.07	16.69
PTHR12189	1229.0	1192.86	14.0	4.9	4.79
PTHR21256	2754.79	2682.51	110.0	34.81	34.03
PTHR12266	3353.7	3245.28	70.0	22.67	22.17
PTHR10648	2239.0	2202.86	58.0	10.95	10.71
PTHR30178	2204.0	2167.86	427.0	81.9	80.09
PTHR10641	18374.09	17795.87	521.73	140.11	137.01
PTHR10644	8696.0	8515.3	110.0	19.02	18.61
PTHR12864	6217.0	6036.32	90.0	29.1	28.46
PTHR12860	2259.0	2186.72	106.0	40.84	39.94
PTHR13194	4276.67	4132.11	120.0	42.93	41.97
PTHR13190	413.0	376.86	5.0	5.62	5.5
PTHR13193	1339.0	1302.86	62.0	19.84	19.4
PTHR11913	2665.0	2628.86	78.0	12.33	12.06
PTHR11911	9207.67	9026.97	2500.33	470.21	459.81
PTHR11910	2281.0	2208.72	5163.89	1698.96	1661.39
PTHR11918	4809.02	4628.36	148.74	45.74	44.73
PTHR12919	1320.39	1248.11	209.0	151.13	147.79
PTHR12910	810.0	773.86	163.0	88.22	86.27
PTHR12917	1767.0	1694.72	19.0	9.63	9.42
PTHR11351	6742.0	6633.58	1460.0	267.89	261.98
PTHR11353	21561.25	20983.06	2468.74	587.93	574.92
PTHR11599	14661.0	14191.18	1062.0	417.19	407.95
PTHR10516	19144.96	18530.57	2818.96	896.89	877.08
PTHR11592	1948.0	1875.72	126.0	62.94	61.55
PTHR11659	2158.0	2121.86	75.0	14.7	14.37
PTHR13273	1412.0	1375.86	100.0	30.29	29.62
PTHR31096	3298.16	3153.66	614.11	244.8	239.38
PTHR13734	1904.0	1867.86	38.0	8.46	8.28
PTHR31098	4417.45	4309.07	106.0	25.17	24.6
PTHR31620	6031.66	5923.27	1202.17	188.35	184.19
PTHR23315	15545.56	15256.44	221.0	49.77	48.68
PTHR23316	2809.0	2772.86	224.45	33.63	32.88
PTHR12265	334.0	297.88	2.0	2.86	2.8
PTHR11777	5445.0	5336.58	121.42	25.25	24.68
PTHR11774	2738.0	2629.58	31.0	15.31	14.97
PTHR11773	4093.0	4056.86	204.04	20.87	20.41
PTHR11772	9962.39	9745.56	814.0	140.99	137.89
PTHR10357	23077.0	22390.39	962.07	218.09	213.25
PTHR10353	12293.0	12003.88	2038.0	357.86	349.95
PTHR10350	2320.0	2175.44	24.0	17.99	17.59
PTHR10351	10326.0	10073.02	1335.0	505.39	494.21
PTHR32557	2094.0	2057.86	134.0	27.08	26.48
PTHR10359	1342.0	1305.86	34.0	10.86	10.62
PTHR31750	997.0	960.86	35.0	15.22	14.89
PTHR23418	1122.25	1086.1	69.0	26.52	25.94
PTHR14189	861.0	788.73	1.0	1.2	1.18
PTHR32228	1747.0	1710.86	77.0	18.73	18.32
PTHR31245	1245.0	1208.86	34.0	11.73	11.47
PTHR23001	3390.0	3317.72	201.0	56.15	54.91
PTHR23002	2146.0	2109.86	51.0	10.05	9.83
PTHR11177	3068.0	2959.58	44.0	17.99	17.6
PTHR11178	4243.44	4135.02	270.0	86.71	84.8
PTHR14456	1156.0	1083.72	2.0	1.59	1.56
PTHR31808	2955.45	2847.03	121.0	51.48	50.34
PTHR31803	8911.0	8802.58	160.0	24.38	23.84
PTHR11009	1003.0	966.86	11.0	4.75	4.65
PTHR30075	2852.0	2743.59	27.0	10.45	10.22
PTHR19229	12193.0	11795.52	80.0	28.54	27.92
PTHR11005	9458.25	9205.26	371.0	67.26	65.78
PTHR18640	1882.0	1737.5	13.0	9.12	8.92
PTHR18866	20187.93	19826.53	1479.0	307.74	300.95
PTHR15074	2192.74	2120.46	16.0	6.24	6.11
PTHR15588	1975.52	1903.24	136.0	63.09	61.7
PTHR12677	10894.0	10677.16	856.0	141.19	138.07
PTHR19134	2547.0	2474.72	33.0	11.41	11.16
PTHR19139	9478.46	9261.62	2820.94	787.27	769.87
PTHR30566	2571.0	2498.72	39.0	13.18	12.89
PTHR12456	1935.0	1862.72	23.0	9.42	9.22
PTHR12452	735.32	699.17	40.75	24.44	23.9
PTHR19359	988.0	951.86	37.0	16.25	15.89
PTHR12072	2999.0	2890.59	40.18	15.08	14.74
PTHR13218	1220.0	1183.86	63.0	22.2	21.71
PTHR13215	1644.0	1571.72	9.0	4.78	4.67
PTHR13213	1071.0	998.74	8.0	5.62	5.5
PTHR10634	2363.0	2326.86	603.0	107.73	105.35
PTHR12290	1320.0	1247.74	42.0	18.46	18.05
PTHR21530	2528.7	2420.28	24.0	11.93	11.67
PTHR12295	643.0	570.78	1.0	1.6	1.57
PTHR12298	5107.0	4962.44	94.0	34.0	33.25
PTHR10638	13312.29	13059.33	320.0	45.64	44.65
PTHR10631	1658.0	1585.74	18.0	6.93	6.78
PTHR10984	5055.0	4946.58	181.98	43.32	42.35
PTHR12858	2580.0	2435.46	45.0	26.5	25.91
PTHR13505	1225.0	1188.86	27.0	9.48	9.27
PTHR12850	989.0	916.73	2901.97	2121.23	2074.33
PTHR12856	2142.59	2070.31	41.0	16.32	15.95
PTHR12855	1945.0	1872.72	58.0	25.28	24.73
PTHR12854	1242.0	1205.86	13.0	4.5	4.4
PTHR13182	1506.0	1469.86	58.0	16.44	16.08
PTHR10182	1951.39	1915.24	133.0	28.89	28.25
PTHR10743	1669.0	1596.75	46.0	16.98	16.6
PTHR10742	19768.0	19225.9	587.0	142.3	139.17
PTHR10745	2343.0	2306.86	292.0	52.62	51.46
PTHR10744	2624.0	2479.46	2258.99	1445.11	1413.16
PTHR10746	2836.0	2763.72	336.0	154.81	151.39
PTHR12924	1688.0	1651.86	386.0	97.29	95.14
PTHR23308	4667.0	4486.3	267.0	79.65	77.9
PTHR10027	2524.0	2451.72	39.0	13.31	13.01
PTHR11349	3711.0	3602.58	1682.0	701.75	686.25
PTHR10566	26228.45	25433.42	861.86	167.87	164.16
PTHR10293	3684.34	3539.78	332.0	149.73	146.44
PTHR10291	1846.0	1809.86	72.0	16.56	16.19
PTHR11584	3515.0	3442.72	118.0	31.1	30.41
PTHR11586	3915.17	3770.61	163.26	75.42	73.75
PTHR11909	5112.94	5004.53	464.03	85.82	83.92
PTHR24320	13635.0	13201.32	495.0	86.89	84.97
PTHR24322	25373.6	24470.19	1182.0	403.63	394.71
PTHR11907	3065.0	2992.72	67.0	14.16	13.85
PTHR11760	2535.0	2462.72	2374.63	817.77	799.69
PTHR11761	2050.0	1941.61	769.98	911.78	891.63
PTHR11766	1156.0	1119.86	16.0	5.96	5.83
PTHR11767	3517.0	3444.72	43.0	10.23	10.0
PTHR10361	2096.0	2059.86	67.0	13.53	13.23
PTHR10366	26002.01	25351.49	2781.62	825.7	807.45
PTHR10169	3144.0	2927.2	20.0	17.55	17.16
PTHR10168	3649.0	3504.44	309.0	127.84	125.02
PTHR20973	1095.0	1058.86	20.0	7.89	7.71
PTHR10165	7353.09	7172.38	268.0	64.06	62.62
PTHR31032	2090.0	2053.86	194.0	39.29	38.42
PTHR23257	124413.59	121233.37	2650.97	586.84	573.83
PTHR23253	6613.0	6432.3	241.0	75.85	74.17
PTHR14190	1905.0	1832.72	12.0	5.12	5.01
PTHR14194	8158.97	7978.27	438.0	119.51	116.86
PTHR31251	5621.64	5368.72	45.0	16.63	16.27
PTHR23074	5249.0	5068.32	126.0	39.14	38.28
PTHR23077	11224.79	10754.97	342.25	86.68	84.75
PTHR23076	23451.78	22801.27	1379.12	344.7	337.06
PTHR23073	9002.24	8713.12	633.1	218.37	213.55
PTHR23078	2421.0	2384.86	20.0	3.49	3.41
PTHR11165	2176.0	2103.72	642.0	192.11	187.87
PTHR10772	2942.27	2833.85	536.0	233.74	228.58
PTHR32100	12220.0	12003.16	5067.01	652.09	637.67
PTHR14534	1159.73	1123.59	13.0	4.83	4.72
PTHR14445	1419.0	1310.6	28.0	26.72	26.13
PTHR31811	1122.0	1049.72	2.0	1.91	1.87
PTHR23102	679.0	642.86	7.0	4.57	4.47
PTHR23105	5791.45	5574.64	6436.34	4271.46	4177.01
PTHR11010	2104.0	1995.61	54.0	22.1	21.61
PTHR11014	7881.93	7556.68	278.0	82.67	80.85
PTHR11453	2219.0	2146.72	34.0	13.14	12.85
PTHR14152	1964.45	1892.17	131.0	48.94	47.86
PTHR12668	4021.0	3876.44	165.53	72.95	71.33
PTHR12661	668.0	595.76	3.0	4.38	4.28
PTHR12663	759.0	722.86	4.0	2.32	2.27
PTHR12664	526.0	489.86	3.0	2.58	2.52
PTHR16166	3818.72	3638.04	177.0	45.73	44.71
PTHR12111	1853.0	1780.72	26.0	8.53	8.34
PTHR12446	1200.0	1127.73	70.0	36.89	36.07
PTHR12447	797.0	760.86	4.0	2.2	2.15
PTHR15481	741.0	704.86	3.0	1.78	1.75
PTHR26379	1578.0	1505.74	39.0	17.82	17.42
PTHR12599	4020.0	3911.58	274.0	104.49	102.19
PTHR12596	6310.0	6129.31	66.0	23.86	23.34
PTHR12590	1644.03	1535.65	24.0	20.22	19.77
PTHR12066	422.0	385.86	1.0	1.1	1.07
PTHR12064	8812.0	8522.88	128.0	45.59	44.59
PTHR13226	3460.0	3315.44	40.0	18.56	18.15
PTHR13889	3596.0	3451.45	119.0	47.31	46.26
PTHR13887	1079.0	1042.86	45.0	18.02	17.62
PTHR21181	2494.14	2421.85	79.0	21.83	21.35
PTHR12411	16884.56	16414.78	1188.02	267.62	261.72
PTHR10459	3161.0	2980.33	10.0	6.1	5.96
PTHR10458	1095.0	1058.86	18.0	7.1	6.94
PTHR19306	3741.24	3632.81	120.0	25.39	24.82
PTHR21506	2398.0	2361.86	64.18	11.3	11.05
PTHR12280	1045.0	936.63	5.0	7.01	6.85
PTHR11451	8292.77	8112.07	448.06	117.36	114.78
PTHR12286	3960.78	3816.22	92.0	34.86	34.09
PTHR22983	4692.0	4583.58	52.0	9.3	9.09
PTHR22981	6175.0	6030.44	151.0	40.22	39.32
PTHR10947	2107.0	2034.72	52.0	22.02	21.53
PTHR30191	4072.0	4035.86	376.0	38.66	37.81
PTHR13082	1444.0	1407.86	75.0	22.2	21.71
PTHR10629	1429.0	1320.61	13.0	9.35	9.14
PTHR10994	23217.59	22711.73	638.0	152.99	149.63
PTHR10996	8822.0	8569.06	275.01	76.92	75.22
PTHR10625	14635.96	14130.05	736.01	200.83	196.4
PTHR10992	68147.07	66520.8	3332.0	611.05	597.51
PTHR10993	3438.44	3293.88	98.0	46.57	45.54
PTHR17695	1373.0	1264.62	1.0	1.55	1.51
PTHR12848	3373.28	3228.72	34.04	17.01	16.63
PTHR12849	1538.0	1465.72	31.0	15.42	15.08
PTHR10943	5656.97	5584.71	139.0	22.38	21.89
PTHR21294	1094.0	1057.86	16.0	6.32	6.18
PTHR12841	1287.0	1250.86	11.0	3.67	3.59
PTHR21290	3332.0	3259.72	24.0	5.44	5.32
PTHR21349	1494.0	1421.72	169.0	100.42	98.2
PTHR21347	2544.0	2507.86	74.0	12.26	11.99
PTHR21343	2273.0	2200.72	37.0	13.09	12.81
PTHR10196	1911.0	1874.86	70.0	15.53	15.19
PTHR10192	2443.0	2370.72	36.0	12.21	11.95
PTHR10751	2973.0	2900.72	72.0	16.71	16.34
PTHR10755	4366.0	4293.72	82.0	16.21	15.85
PTHR10758	1602.0	1565.86	33.0	8.78	8.58
PTHR13152	1417.0	1344.73	28.0	14.91	14.58
PTHR12932	2022.0	1949.72	47.0	16.8	16.44
PTHR12934	1814.0	1741.72	273.0	138.27	135.21
PTHR10288	6979.0	6798.3	624.0	127.92	125.08
PTHR11800	3916.2	3807.78	132.0	44.26	43.26
PTHR11802	11932.29	11570.88	666.94	175.92	172.05
PTHR22870	22222.56	21535.94	621.99	118.47	115.84
PTHR11807	1191.71	1155.57	103.0	37.19	36.37
PTHR11374	1727.53	1691.38	92.0	22.64	22.14
PTHR11808	6335.09	6190.53	347.0	84.65	82.79
PTHR10283	13066.56	12777.46	1045.85	167.08	163.39
PTHR10285	9359.0	9069.88	3858.01	838.69	820.17
PTHR10286	3393.0	3284.58	2574.2	916.06	895.8
PTHR11579	3816.16	3743.88	211.0	44.17	43.19
PTHR13355	876.0	839.86	66.0	32.89	32.16
PTHR13718	3141.0	3068.72	2015.2	795.48	777.89
PTHR13711	6667.09	6486.4	766.0	305.07	298.33
PTHR13710	1729.0	1620.58	5.0	3.47	3.4
PTHR11977	3254.0	3181.72	235.0	50.86	49.74
PTHR11972	2876.65	2804.43	96.0	26.01	25.44
PTHR31480	1516.0	1479.86	22.0	6.19	6.06
PTHR31485	5433.0	5324.58	198.0	38.36	37.53
PTHR11715	687.0	650.86	341.0	219.9	215.04
PTHR11717	1123.0	1086.86	16.0	6.15	6.01
PTHR11711	8071.73	7746.47	708.01	408.78	399.74
PTHR11712	5898.0	5753.44	353.0	98.92	96.74
PTHR10374	2289.73	2217.45	254.0	93.13	91.07
PTHR10178	51798.44	50786.51	4108.51	677.01	662.03
PTHR20961	326.0	289.88	2.0	2.94	2.88
PTHR10173	7536.84	7320.0	332.0	119.65	117.0
PTHR10177	7792.0	7647.44	266.0	26.15	25.57
PTHR10174	12372.65	12083.63	2412.23	448.22	438.31
PTHR23249	1773.0	1700.72	63.0	30.53	29.86
PTHR23244	12454.15	11984.35	247.0	85.32	83.44
PTHR23245	965.0	892.72	4.0	3.92	3.83
PTHR23240	1345.0	1236.6	10.0	10.22	10.01
PTHR14614	9375.73	8978.22	376.92	129.14	126.26
PTHR31268	2878.0	2733.44	13.0	6.58	6.44
PTHR31262	1893.78	1821.5	45346.59	20228.75	19781.52
PTHR23063	6196.34	6051.77	211.0	52.57	51.42
PTHR11620	757.0	720.86	3327.23	1934.81	1892.03
PTHR11624	11122.0	10941.3	3062.8	565.12	552.62
PTHR11627	3303.0	3194.61	7092.53	1686.37	1649.08
PTHR11390	3119.0	3046.74	61.73	10.59	10.36
PTHR32442	888.0	851.86	63.99	31.43	30.73
PTHR31319	8617.32	8472.75	1057.98	137.02	133.98
PTHR14052	1289.0	1252.86	18.0	5.99	5.86
PTHR32118	3144.0	3107.86	574.95	76.83	75.13
PTHR23117	2410.0	2301.58	78.0	30.79	30.11
PTHR23115	37114.14	36030.02	8285.65	1996.47	1952.32
PTHR11028	1378.06	1341.92	141.0	43.8	42.83
PTHR11024	2304.0	2231.72	132.0	39.7	38.83
PTHR11778	2359.0	2250.59	77.0	26.64	26.05
PTHR10066	6204.0	6023.3	271.0	55.45	54.23
PTHR12616	2846.0	2737.58	44.0	19.62	19.18
PTHR12613	3996.0	3959.86	103.0	10.8	10.56
PTHR12612	796.0	759.86	135.0	74.43	72.78
PTHR32060	3363.0	3254.58	27.0	8.69	8.5
PTHR12436	4468.0	4359.59	61.0	10.76	10.53
PTHR22734	1554.0	1481.72	94.0	35.91	35.12
PTHR12121	9508.99	9075.32	113.0	61.72	60.38
PTHR12438	2440.01	2403.86	25.0	4.32	4.23
PTHR15492	886.0	849.86	5.0	2.46	2.41
PTHR21426	2041.0	2004.86	28.0	5.81	5.68
PTHR21427	679.0	642.86	6.0	3.92	3.83
PTHR19372	3701.0	3628.72	300.0	75.13	73.46
PTHR19370	8914.74	8661.75	575.0	188.59	184.43
PTHR19376	14034.65	13673.28	203.0	66.34	64.86
PTHR19375	16086.68	15472.31	2513.51	1102.48	1078.11
PTHR12725	5367.5	5259.07	339.0	70.25	68.7
PTHR22884	10421.0	9878.93	79.0	51.47	50.35
PTHR22881	2007.0	1970.86	71.0	14.99	14.65
PTHR22880	4941.0	4724.16	53.0	21.99	21.51
PTHR12542	2239.0	2202.86	85.0	16.04	15.69
PTHR12547	4226.0	4153.72	359.0	68.05	66.55
PTHR12124	1319.0	1282.86	19.98	6.49	6.35
PTHR21512	643.0	606.86	5.0	3.46	3.38
PTHR30508	5359.0	5250.58	191.0	41.02	40.12
PTHR14744	1155.0	1118.86	6.0	2.24	2.19
PTHR30502	958.0	921.86	4.0	1.81	1.77
PTHR10617	7885.19	7704.49	5386.29	1224.9	1197.82
PTHR10615	5674.06	5493.37	139.0	36.42	35.61
PTHR13527	1037.0	1000.86	20.0	8.35	8.16
PTHR22958	4851.64	4743.22	1463.99	247.3	241.84
PTHR22951	1524.0	1451.72	108.0	63.38	61.98
PTHR22950	34543.46	33567.72	710.51	181.68	177.65
PTHR22953	3254.0	3181.72	53.0	14.74	14.42
PTHR22952	12437.75	12220.9	2518.41	399.28	390.45
PTHR22957	10528.67	10203.4	424.0	119.0	116.38
PTHR21600	1073.0	1036.86	7.0	2.82	2.76
PTHR24056	8900.0	8574.74	152.0	63.19	61.79
PTHR24054	4843.12	4698.56	511.03	118.33	115.7
PTHR24055	13423.27	12953.45	375.0	141.54	138.43
PTHR24058	6268.0	6087.33	128.01	27.66	27.06
PTHR10766	7896.72	7679.88	723.07	192.3	188.06
PTHR10762	830.0	757.73	0.0	0.0	0.0
PTHR30031	4030.0	3921.59	750.03	100.08	97.87
PTHR12945	379.0	342.87	4.0	4.95	4.84
PTHR12944	822.0	785.86	2.0	1.07	1.04
PTHR23163	645.0	608.86	13.0	8.97	8.77
PTHR24128	5705.0	5488.16	41.0	18.03	17.63
PTHR13096	1094.0	1057.86	13.0	5.13	5.02
PTHR11364	1443.15	1407.01	112.99	33.47	32.73
PTHR11365	2128.0	2019.59	17.0	10.29	10.07
PTHR11361	5541.0	5288.08	149.0	49.83	48.74
PTHR11814	3999.0	3818.34	41.0	13.73	13.44
PTHR10543	6916.0	6590.78	129.0	39.49	38.63
PTHR10540	4693.62	4585.2	404.99	114.39	111.85
PTHR10544	736.0	699.86	1763.73	1056.78	1033.41
PTHR11562	1403.0	1330.72	20.0	16.05	15.69
PTHR11566	9619.0	9402.18	519.0	103.87	101.56
PTHR11567	1922.0	1849.72	72.0	32.95	32.22
PTHR11564	7753.0	7536.16	322.18	93.52	91.46
PTHR11962	2838.0	2693.46	70.0	37.27	36.45
PTHR11963	4591.78	4519.49	455.0	82.15	80.33
PTHR24315	2219.21	2183.07	144.0	27.43	26.82
PTHR10381	8492.62	8275.77	1016.94	309.85	303.01
PTHR10383	3745.0	3672.72	435.0	108.42	106.01
PTHR11705	6093.46	5985.03	219.01	42.12	41.18
PTHR11702	12151.0	11861.88	513.55	131.01	128.12
PTHR11700	1490.0	1417.72	1926.05	1217.86	1190.93
PTHR10388	1463.0	1426.86	1233.35	360.19	352.22
PTHR11709	8563.74	8419.2	246.0	45.72	44.7
PTHR10145	4488.0	4343.44	19.0	7.29	7.14
PTHR23273	4020.87	3876.31	74.0	35.72	34.93
PTHR23270	2007.0	1862.47	8.0	7.92	7.73
PTHR23050	3131.0	3022.58	1124.08	432.9	423.33
PTHR23056	660.0	623.86	9.0	6.06	5.92
PTHR23054	1175.0	1138.86	41.0	15.02	14.69
PTHR11638	13806.63	13517.52	1666.67	303.7	296.99
PTHR31783	6654.0	6581.72	75.0	9.72	9.5
PTHR11632	6606.0	6497.58	322.66	60.67	59.32
PTHR11630	6581.0	6147.38	130.0	97.51	95.35
PTHR11140	6230.46	6122.03	371.49	58.66	57.35
PTHR11141	3116.0	3079.86	99.0	13.35	13.05
PTHR11142	4141.31	3960.65	112.0	37.81	36.99
PTHR11143	1237.0	1164.72	1242.6	696.29	680.89
PTHR11380	1035.0	998.86	27.0	11.29	11.04
PTHR11384	5457.0	5276.3	48.0	11.81	11.55
PTHR32477	1187.0	1114.72	4.0	3.09	3.02
PTHR14043	1421.0	1348.73	5.0	3.7	3.62
PTHR32472	418.0	381.86	1.0	1.11	1.08
PTHR31658	354.0	317.87	3.0	4.01	3.92
PTHR14269	3354.0	3245.58	106.01	32.66	31.94
PTHR11276	1792.0	1683.62	8.0	5.97	5.84
PTHR22883	9794.0	9468.74	165.0	60.24	58.91
PTHR23125	39369.03	38465.55	911.4	169.94	166.2
PTHR12050	916.0	879.86	54.0	25.67	25.1
PTHR30603	4515.0	4406.58	596.0	72.23	70.63
PTHR19211	18200.08	17621.85	9179.09	4593.43	4491.9
PTHR23338	2282.0	2209.72	157.0	61.44	60.08
PTHR12608	4002.0	3857.45	93.0	33.47	32.73
PTHR12604	5005.0	4932.72	83.0	14.74	14.42
PTHR12603	1531.0	1458.72	22.0	13.05	12.76
PTHR32091	1431.0	1358.72	30.0	20.65	20.2
PTHR23339	2853.4	2744.97	137.0	59.98	58.65
PTHR32098	2729.15	2584.6	20.0	11.55	11.31
PTHR18763	314.0	277.89	3.0	4.61	4.5
PTHR22726	5022.47	4877.91	220.0	49.91	48.8
PTHR22727	24731.69	24514.86	500.0	67.36	65.88
PTHR12428	5309.03	5128.33	142.0	53.22	52.02
PTHR18968	12376.57	12123.59	791.79	97.7	95.53
PTHR12730	2217.0	2144.72	23.0	9.95	9.73
PTHR12736	4394.0	4321.72	75.0	15.91	15.57
PTHR12735	3761.69	3617.13	216.0	102.57	100.3
PTHR15020	8384.0	8131.02	250.0	92.69	90.66
PTHR12049	2242.0	2133.58	21.0	11.96	11.7
PTHR12558	1248.0	1139.6	4.0	3.88	3.79
PTHR12553	3530.0	3421.58	119.07	41.26	40.35
PTHR24072	993.59	957.45	21.0	9.17	8.96
PTHR24073	15740.15	15270.33	1626.0	532.59	520.8
PTHR21569	4906.3	4834.02	2278.0	751.25	734.65
PTHR21567	448.0	411.86	1.0	1.03	1.0
PTHR13950	465.0	428.86	4.0	3.94	3.85
PTHR12133	1072.0	1035.86	13.0	5.24	5.13
PTHR10972	11820.78	11387.15	465.0	151.38	148.03
PTHR21704	351.0	314.87	1.0	1.35	1.32
PTHR10606	3773.79	3701.51	179.0	42.38	41.44
PTHR13393	1195.0	1122.72	6.0	4.49	4.39
PTHR13395	364.0	327.87	2.0	2.59	2.53
PTHR23130	11414.21	11197.36	527.01	101.08	98.84
PTHR22891	4462.93	4210.02	160.0	66.77	65.29
PTHR22893	3554.0	3481.72	86.0	20.72	20.25
PTHR10778	3667.0	3594.72	143.84	34.43	33.67
PTHR24064	12089.0	11836.02	774.71	100.52	98.33
PTHR24063	23214.04	22635.84	1419.81	196.48	192.14
PTHR21011	944.0	907.86	64.0	29.48	28.83
PTHR25040	5628.0	5483.44	148.0	39.69	38.82
PTHR21015	1672.87	1636.73	29.0	7.38	7.21
PTHR24068	4282.0	4173.58	720.0	208.91	204.29
PTHR19980	1729.0	1656.72	26.0	14.74	14.42
PTHR12959	794.0	721.73	8.0	9.48	9.26
PTHR10961	3887.34	3778.92	153.0	50.29	49.18
PTHR11825	4887.0	4706.3	511.0	159.85	156.31
PTHR10809	1643.0	1606.86	138.3	35.84	35.05
PTHR11822	2652.0	2615.86	592.0	94.04	91.96
PTHR10555	8159.75	7942.91	156.0	57.84	56.54
PTHR10806	1994.83	1922.55	74.0	32.98	32.24
PTHR10804	14285.0	13887.48	1033.0	258.95	253.2
PTHR11556	5286.0	5105.33	8591.5	2071.12	2025.33
PTHR11006	6529.04	6276.07	223.0	76.88	75.18
PTHR11558	2576.0	2503.72	80.0	25.48	24.92
PTHR13773	4228.0	4155.72	153.0	27.95	27.34
PTHR11953	2810.0	2737.72	75.0	24.73	24.18
PTHR11952	10386.0	10133.02	152.0	39.05	38.19
PTHR11956	1937.0	1864.75	36.0	15.84	15.49
PTHR11959	2282.0	2245.86	19.0	3.52	3.44
PTHR11739	3820.0	3747.72	743.0	143.09	139.92
PTHR11732	24609.76	23886.95	1281.08	329.68	322.37
PTHR11731	6251.0	6106.44	93.0	26.7	26.1
PTHR11730	2861.0	2752.61	59.0	19.11	18.68
PTHR11735	2924.0	2851.72	36.0	10.12	9.9
PTHR10394	933.0	896.86	1877.0	875.25	855.9
PTHR20941	2390.53	2354.39	79.0	13.95	13.64
PTHR31065	10315.0	10206.58	324.0	53.53	52.35
PTHR10159	13703.0	13341.6	876.0	183.85	179.79
PTHR31066	1217.0	1180.86	8.0	2.83	2.76
PTHR13604	567.0	530.86	3.0	2.38	2.33
PTHR23264	3288.0	3143.46	47.0	21.12	20.66
PTHR23269	1557.0	1520.86	6.0	1.64	1.61
PTHR31204	830.0	793.86	16.0	8.44	8.25
PTHR31201	4186.0	4113.72	96.0	19.58	19.15
PTHR31209	1551.0	1514.86	17.0	4.67	4.57
PTHR11607	699.0	662.86	5.0	3.17	3.1
PTHR11606	3064.24	2991.96	276.0	54.94	53.73
PTHR23284	2076.0	2039.86	17.0	3.47	3.39
PTHR32467	26258.02	25752.08	1727.03	179.03	175.06
PTHR14255	11251.0	10889.63	180.0	50.29	49.18
PTHR23133	1342.0	1305.86	117.0	37.36	36.53
PTHR23135	1617.0	1544.72	39.0	20.76	20.3
PTHR23138	1318.0	1281.86	215.0	69.94	68.39
PTHR23139	13053.02	12691.62	473.0	142.15	139.02
PTHR31682	1512.0	1439.72	145.0	79.35	77.59
PTHR11040	7500.0	7283.17	341.0	62.15	60.78
PTHR11043	2295.0	2222.72	168.0	62.35	60.98
PTHR11042	3740.0	3595.44	57.0	21.73	21.24
PTHR11048	7333.0	7224.58	607.0	126.21	123.41
PTHR15818	1988.0	1951.86	24.0	5.12	5.0
PTHR12636	1015.0	978.86	53.0	22.63	22.13
PTHR14490	1251.0	1142.61	25.0	32.51	31.79
PTHR14493	26038.86	25496.77	1203.0	250.73	245.2
PTHR15651	1909.0	1800.61	19.0	10.95	10.71
PTHR12380	1468.31	1396.03	84.0	44.2	43.22
PTHR12385	2339.0	2302.86	220.0	39.71	38.84
PTHR12706	1008.0	899.66	4.0	5.08	4.97
PTHR30573	1671.75	1635.61	154.0	39.2	38.34
PTHR12709	1367.0	1294.72	26.0	16.2	15.84
PTHR19957	5171.31	5026.74	784.0	193.17	188.9
PTHR12561	869.0	832.86	13.0	6.53	6.39
PTHR12560	7301.0	7084.16	144.0	39.62	38.75
PTHR11203	5866.0	5721.44	81.0	24.07	23.55
PTHR12097	3791.0	3718.72	143.01	23.85	23.33
PTHR19842	1427.0	1390.86	42.0	12.59	12.31
PTHR11752	15257.78	14643.49	194.0	75.93	74.27
PTHR21576	6271.16	6054.31	117.0	43.02	42.07
PTHR24193	12451.0	12125.75	586.0	159.91	156.38
PTHR12419	5285.55	5068.74	111.0	42.84	41.89
PTHR30525	1542.0	1505.86	23.0	6.36	6.22
PTHR12413	2129.0	1984.45	7.0	5.98	5.84
PTHR12412	2262.0	2189.72	25.0	9.51	9.3
PTHR13948	1238.3	1166.02	55.0	35.13	34.35
PTHR12146	1328.0	1255.74	1971.91	891.22	871.52
PTHR12415	528.0	491.86	0.0	0.0	0.0
PTHR21717	1670.0	1633.86	91.0	23.19	22.68
PTHR21712	2169.86	2097.58	91.0	25.5	24.94
PTHR12897	1197.0	1124.72	8.0	6.14	6.01
PTHR12894	2662.0	2517.44	32.0	23.27	22.76
PTHR12891	1593.0	1556.86	19.0	5.08	4.97
PTHR22976	9929.51	9748.81	385.0	67.92	66.4
PTHR22975	2512.04	2439.76	30.0	10.48	10.25
PTHR22970	463.0	426.86	4.0	3.96	3.87
PTHR14145	2826.05	2753.77	112.0	33.85	33.1
PTHR21377	1896.0	1823.72	65.0	30.08	29.42
PTHR21371	2169.0	2132.86	732.0	142.72	139.56
PTHR21373	1751.26	1715.12	70.0	16.99	16.61
PTHR22573	11528.94	11275.96	1164.0	226.81	221.81
PTHR22572	15161.0	14835.74	691.0	150.64	147.31
PTHR21000	1762.0	1725.86	84.0	20.26	19.81
PTHR10701	1467.0	1430.86	153.0	44.56	43.57
PTHR13161	3548.62	3440.19	44.0	14.9	14.58
PTHR13162	7922.0	7741.3	103.0	18.63	18.21
PTHR13165	2231.88	2195.73	50.0	9.47	9.26
PTHR21396	1176.0	1139.86	34.0	12.45	12.17
PTHR12965	755.0	682.75	0.0	0.0	0.0
PTHR12459	1693.0	1656.86	27.0	6.78	6.63
PTHR13069	2327.0	2218.58	20.0	9.37	9.17
PTHR13068	9392.0	9175.16	192.0	38.48	37.63
PTHR24106	8089.85	7764.58	186.0	65.86	64.41
PTHR24103	3114.0	3005.58	21.0	7.62	7.44
PTHR31606	1450.0	1413.86	84.0	24.76	24.21
PTHR11540	5075.02	4930.46	1169.33	321.46	314.34
PTHR10836	5624.0	5515.58	12602.54	2603.48	2545.92
PTHR10835	1027.66	955.38	5.0	3.46	3.38
PTHR11545	2644.0	2535.58	2740.01	1675.62	1638.57
PTHR10012	1969.0	1932.86	30.0	6.46	6.31
PTHR13768	3528.93	3456.65	102.0	24.15	23.62
PTHR24078	13580.89	13074.93	301.03	93.81	91.74
PTHR11946	21888.89	21274.51	636.17	166.46	162.82
PTHR11947	4383.48	4275.06	85.0	25.08	24.53
PTHR11941	9485.5	9268.63	416.93	89.88	87.9
PTHR10497	1092.0	1019.73	1078.0	675.78	660.85
PTHR10496	1051.0	978.75	1844.01	1096.33	1072.1
PTHR10491	929.0	892.86	5.0	2.34	2.29
PTHR24076	17037.75	16495.65	812.66	231.15	226.05
PTHR24077	12631.65	12234.12	403.0	150.5	147.17
PTHR11728	3992.0	3847.47	73.0	29.09	28.43
PTHR11726	1273.0	1200.74	1949.39	915.07	894.84
PTHR11727	2011.0	1902.59	35.0	20.2	19.76
PTHR11721	822.0	785.86	2117.05	1128.16	1103.21
PTHR11722	831.0	794.86	2500.02	1316.99	1287.87
PTHR10120	3413.0	3340.72	103.0	29.17	28.52
PTHR10122	1424.0	1387.86	607.0	182.28	178.25
PTHR11831	1794.0	1685.58	927.26	942.99	922.14
PTHR11835	4477.0	4368.58	435.0	123.67	120.94
PTHR11614	6456.0	6311.44	51.0	14.69	14.38
PTHR11615	7181.0	7000.3	446.27	131.5	128.58
PTHR11618	2174.0	2101.73	97.0	24.96	24.4
PTHR14140	1963.0	1854.58	23.0	14.18	13.88
PTHR32419	5286.0	5177.58	67.0	16.73	16.36
PTHR10231	1244.0	1171.72	13.0	9.44	9.24
PTHR10233	4162.0	4017.44	47.0	18.86	18.44
PTHR20922	3283.33	3211.05	80.0	18.89	18.48
PTHR31503	10626.0	10481.44	713.0	102.76	100.48
PTHR23147	1704.23	1631.95	82.0	35.08	34.31
PTHR10548	4348.16	4167.45	405.0	214.94	210.19
PTHR23140	2459.51	2423.36	32.0	5.49	5.37
PTHR23142	1406.13	1333.85	16.0	11.6	11.34
PTHR23149	2511.21	2402.79	79.0	39.14	38.28
PTHR23148	774.0	737.86	1.0	0.57	0.56
PTHR11817	18715.59	18245.78	595.0	111.9	109.4
PTHR11056	1528.0	1491.86	4.0	1.12	1.09
PTHR11055	4136.98	3992.41	1441.49	673.37	658.49
PTHR11363	1559.0	1486.72	3206.92	1651.3	1614.79
PTHR32523	5091.0	5018.72	38.0	5.37	5.25
PTHR31695	1307.81	1271.67	47.0	15.41	15.07
PTHR11819	12219.0	11966.02	1017.01	224.77	219.79
PTHR12629	922.0	885.86	38.0	17.94	17.55
PTHR18945	618.0	581.86	0.0	0.0	0.0
PTHR26402	10188.0	9935.05	159.0	30.37	29.7
PTHR19384	9869.04	9580.0	4104.0	1089.37	1065.26
PTHR12714	3765.21	3620.65	75.0	29.96	29.3
PTHR32251	1573.0	1536.86	119.0	32.25	31.54
PTHR12570	1374.2	1338.05	47.0	14.64	14.32
PTHR21494	363.0	326.87	0.0	0.0	0.0
PTHR21496	4339.62	4158.95	330.0	154.0	150.59
PTHR21493	22864.0	22358.07	575.0	106.88	104.52
PTHR21499	9331.32	9222.9	1353.0	221.25	216.36
PTHR21148	4421.0	4276.44	130.0	47.13	46.09
PTHR12083	2468.0	2395.72	43.0	10.41	10.18
PTHR22904	28372.29	27468.81	814.0	267.71	261.8
PTHR13976	6046.0	5901.44	138.0	35.01	34.23
PTHR19852	2028.0	1991.86	30.0	6.26	6.13
PTHR12406	13816.76	13563.77	319.0	56.63	55.37
PTHR16128	2131.0	1986.45	21.0	16.48	16.12
PTHR12400	359.0	322.87	1.0	1.32	1.29
PTHR13572	1328.0	1255.74	16.0	10.82	10.58
PTHR30314	1735.0	1662.72	73.0	28.47	27.84
PTHR12882	1028.0	991.86	26.0	10.95	10.71
PTHR12883	1345.0	1308.86	19.0	6.05	5.92
PTHR16255	2368.0	2295.72	52.0	18.4	18.0
PTHR16254	5520.0	5447.72	156.0	23.15	22.64
PTHR22960	2901.86	2865.72	112.0	16.23	15.87
PTHR13373	813.0	776.86	6.0	3.23	3.16
PTHR22967	1916.0	1843.72	20.0	9.04	8.84
PTHR30222	452.0	415.86	2.0	2.03	1.99
PTHR13115	2207.0	2170.86	36.0	6.9	6.74
PTHR13117	1544.69	1508.55	32.0	8.84	8.64
PTHR12975	1198.0	1089.62	3.0	3.47	3.39
PTHR13285	547.0	510.86	3.0	2.47	2.42
PTHR13288	1115.0	1042.72	16.0	13.7	13.4
PTHR10953	19196.0	18690.05	451.0	102.73	100.48
PTHR21726	888.0	851.86	67.0	32.91	32.18
PTHR10956	353.0	316.87	0.0	0.0	0.0
PTHR11538	4046.0	3937.6	187.0	42.14	41.22
PTHR10826	2601.0	2528.72	193.0	65.24	63.8
PTHR11533	7149.67	7041.25	273.0	36.31	35.5
PTHR11532	3188.0	3115.72	64.0	16.83	16.45
PTHR10971	2371.59	2299.31	110.0	40.46	39.56
PTHR10000	4535.55	4390.99	100.0	34.82	34.05
PTHR13021	1195.0	1158.86	33.0	11.88	11.62
PTHR10108	55291.53	53918.31	1823.01	563.63	551.18
PTHR24007	2655.0	2546.6	32.0	13.73	13.43
PTHR24006	17116.96	16394.22	176.98	73.97	72.32
PTHR24003	16244.0	15629.65	1754.0	289.32	282.92
PTHR31446	573.0	536.86	6.0	4.7	4.6
PTHR31190	4747.0	4638.58	85.0	23.5	22.99
PTHR11441	1634.0	1597.86	37.0	9.64	9.43
PTHR11440	4071.0	3926.44	64.0	24.0	23.47
PTHR11999	10254.59	10037.74	938.0	152.49	149.12
PTHR11998	4962.0	4817.44	178.11	51.9	50.76
PTHR11449	641.0	604.86	2363.99	1642.0	1605.69
PTHR11994	1312.0	1239.73	2481.4	1147.1	1121.75
PTHR10137	1758.0	1685.72	157.0	77.79	76.08
PTHR10133	3519.0	3410.58	44.0	15.69	15.35
PTHR21649	18919.53	18305.15	109880.03	38814.26	37956.15
PTHR13620	2178.0	2033.48	24.0	17.19	16.81
PTHR11847	989.0	952.86	1600.01	701.84	686.33
PTHR11843	1050.0	977.73	1874.29	1221.29	1194.29
PTHR13138	1421.0	1348.72	3.0	1.45	1.42
PTHR11661	3773.0	3664.58	1938.45	1314.6	1285.54
PTHR11662	39605.36	38485.13	782.0	179.24	175.28
PTHR11669	6079.0	5934.44	198.0	53.85	52.67
PTHR11668	14268.0	13870.47	758.01	180.13	176.16
PTHR20856	10791.72	10430.37	200.25	73.78	72.12
PTHR20854	4082.1	3937.53	110.0	45.86	44.85
PTHR20855	5031.4	4959.12	148.0	25.04	24.48
PTHR20852	9305.34	9088.5	59339.84	51382.37	50246.37
PTHR32404	1613.0	1576.86	74.0	19.54	19.11
PTHR20858	3323.0	3214.58	37.0	15.83	15.48
PTHR14898	3813.82	3741.53	107.0	22.59	22.09
PTHR14237	11914.73	11553.33	884.0	181.93	177.9
PTHR14894	1512.0	1439.72	11.0	6.44	6.3
PTHR23155	23154.51	22576.26	276.0	72.15	70.55
PTHR23153	6453.55	6272.84	151.0	50.99	49.88
PTHR23151	10638.0	10276.61	1033.0	360.71	352.74
PTHR11063	5023.87	4915.45	121.0	24.54	24.0
PTHR11062	4911.93	4767.47	67.0	23.59	23.08
PTHR11061	5413.49	5196.64	100.0	46.77	45.73
PTHR11065	8191.0	8010.3	434.0	103.97	101.67
PTHR11064	4087.0	3978.58	323.0	100.2	97.99
PTHR11260	16278.14	15808.3	487.0	167.52	163.82
PTHR11264	942.06	906.08	34.0	15.68	15.34
PTHR11266	10704.67	10415.56	542.0	142.39	139.23
PTHR13501	2048.0	1975.72	403.3	166.03	162.36
PTHR31998	3616.0	3579.86	1454.81	168.71	164.98
PTHR31221	1107.0	1034.75	6.0	3.3	3.23
PTHR15838	1496.0	1387.59	15.0	12.51	12.23
PTHR22836	1453.0	1416.86	19.0	5.59	5.46
PTHR32338	1341.0	1304.86	108.0	34.51	33.75
PTHR31155	2831.9	2723.48	180.01	68.04	66.53
PTHR12363	6357.0	6176.3	82.0	28.63	28.0
PTHR18952	526.0	489.86	6.0	5.16	5.05
PTHR12765	1434.0	1397.86	14.0	4.17	4.08
PTHR12505	1724.0	1651.72	19.0	9.57	9.36
PTHR12506	2999.0	2890.58	29.0	10.69	10.45
PTHR22604	1167.0	1094.72	7.0	5.12	5.0
PTHR21481	990.0	917.73	1.0	0.74	0.73
PTHR11482	10620.0	10367.02	955.0	207.15	202.58
PTHR22778	884.72	848.7	29.0	14.29	13.98
PTHR12169	5322.9	5142.25	293.0	43.18	42.21
PTHR19446	16974.29	16612.96	1927.95	376.93	368.58
PTHR12219	971.0	934.86	161.0	72.0	70.4
PTHR13563	2699.0	2626.72	12.0	4.09	4.0
PTHR12210	5185.0	5076.6	492.0	82.69	80.87
PTHR12215	1093.0	1056.86	9.0	3.56	3.48
PTHR12214	1670.0	1597.72	11.0	6.57	6.42
PTHR22915	11042.93	10681.52	170.0	58.47	57.2
PTHR22911	6069.0	5816.03	118.0	37.17	36.35
PTHR22912	16955.99	16486.18	1351.0	532.15	520.41
PTHR12183	5204.0	5059.44	196.0	48.0	46.94
PTHR19849	2687.0	2614.72	45.0	14.0	13.69
PTHR22594	12773.0	12447.79	430.0	105.43	103.1
PTHR11864	2706.89	2598.47	49.0	21.25	20.78
PTHR21152	5197.3	5052.74	607.0	211.01	206.35
PTHR21021	969.0	896.73	39.0	30.35	29.67
PTHR19861	1172.0	1135.86	10.0	3.67	3.59
PTHR13102	411.0	374.86	3.0	3.39	3.32
PTHR12984	4209.0	4064.44	36.0	15.16	14.83
PTHR23293	3654.0	3545.58	308.87	58.64	57.34
PTHR13299	1223.0	1150.72	16.0	11.79	11.54
PTHR10925	781.0	744.86	13.0	7.31	7.15
PTHR21737	3916.95	3736.25	325.0	100.32	98.11
PTHR10920	4636.72	4492.15	129.0	43.69	42.73
PTHR10855	3603.0	3530.72	120.0	28.14	27.52
PTHR10585	2065.0	1956.58	85.0	65.52	64.08
PTHR10584	12537.0	12211.74	492.99	141.33	138.23
PTHR11528	5330.0	5221.58	1606.19	419.43	410.14
PTHR11527	9422.47	9241.77	499.0	97.21	95.06
PTHR11525	1226.0	1153.72	14.0	9.53	9.32
PTHR10859	5029.0	4884.44	120.0	33.3	32.55
PTHR10589	2473.0	2364.58	147.0	91.98	89.95
PTHR10588	2108.0	1999.61	21.0	13.32	13.04
PTHR13038	2137.0	2100.86	17.0	3.37	3.29
PTHR13748	10795.0	10361.32	243.0	122.27	119.55
PTHR12126	2865.0	2792.72	282.0	75.9	74.23
PTHR13743	768.0	695.76	6.0	6.51	6.37
PTHR24015	28551.0	27864.43	712.0	132.55	129.63
PTHR24012	30333.24	29574.31	7646.47	1749.91	1711.25
PTHR24011	38903.96	37855.97	3414.02	603.76	590.42
PTHR31187	11898.0	11608.88	661.0	109.2	106.79
PTHR21145	856.0	819.86	20.0	10.21	9.99
PTHR13007	1272.0	1235.86	33.0	11.14	10.89
PTHR11986	13535.0	13209.74	975.14	246.61	241.12
PTHR11455	12160.0	11834.75	903.0	91.2	89.19
PTHR10102	2098.0	1989.58	22.0	14.09	13.78
PTHR11458	1431.0	1394.86	113.0	33.76	33.02
PTHR10106	1611.13	1574.99	92.0	24.33	23.79
PTHR31057	499.0	462.86	5.0	4.56	4.46
PTHR11851	21888.56	21238.06	596.0	156.48	153.01
PTHR23092	5810.0	5520.89	52.0	37.85	37.0
PTHR23091	20200.0	19694.05	765.03	162.04	158.49
PTHR11673	1674.0	1637.86	945.0	240.23	234.92
PTHR11670	5673.0	5528.44	1015.0	322.83	315.69
PTHR11671	2033.0	1996.86	230.0	47.91	46.85
PTHR20863	3967.0	3858.58	1773.09	772.38	755.31
PTHR20861	1122.0	1085.86	25.0	9.61	9.4
PTHR11679	8224.0	7898.76	138.0	75.71	74.02
PTHR14009	2674.95	2566.53	40.0	18.93	18.5
PTHR10217	11199.18	10765.55	90.0	27.4	26.78
PTHR14005	2782.0	2745.86	109.0	16.49	16.13
PTHR10210	5179.0	5106.72	601.6	81.79	79.97
PTHR31522	1566.0	1529.86	143.0	38.93	38.07
PTHR14221	496.0	459.86	1.0	0.92	0.9
PTHR11079	7377.96	7161.12	356.0	115.15	112.61
PTHR11076	5724.0	5471.04	27.0	10.46	10.23
PTHR11070	4348.88	4204.32	71.0	24.55	24.0
PTHR11071	26428.59	25416.73	3594.98	1197.98	1171.52
PTHR11278	856.0	819.86	1712.0	874.08	854.75
PTHR14107	1985.0	1948.86	28.0	5.98	5.84
PTHR11804	12825.0	12499.74	339.0	124.58	121.81
PTHR11274	2190.0	2117.72	41.0	14.73	14.41
PTHR14136	5007.0	4862.44	309.0	109.67	107.25
PTHR31984	3451.0	3378.72	360.0	72.04	70.44
PTHR15350	2077.16	2004.87	152.0	63.63	62.23
PTHR15606	2663.0	2554.58	35.0	18.3	17.9
PTHR12374	2857.52	2785.24	55.0	16.7	16.34
PTHR12375	1669.68	1633.54	76.0	19.37	18.94
PTHR12378	2107.0	1998.59	32.0	15.03	14.69
PTHR18929	10547.0	10221.74	3596.01	933.33	912.7
PTHR30535	2368.0	2295.72	82.0	27.72	27.1
PTHR12777	943.0	906.86	70.0	32.28	31.56
PTHR12775	2329.0	2256.72	40.0	13.72	13.41
PTHR12770	5367.0	5186.3	59.0	18.48	18.08
PTHR20981	857.0	820.86	1477.46	753.4	736.74
PTHR10438	27298.03	26611.36	2986.04	1091.33	1067.21
PTHR16092	1647.0	1574.72	14.0	7.75	7.58
PTHR11035	2309.0	2236.72	77.99	28.56	27.93
PTHR22298	9134.0	8953.34	840.0	69.54	68.0
PTHR12174	4099.0	3954.48	59.0	16.12	15.75
PTHR12175	2399.0	2326.72	51.0	17.59	17.21
PTHR12176	10883.52	10738.95	444.0	56.1	54.87
PTHR22769	3315.0	3170.47	63.0	28.73	28.09
PTHR22767	4205.0	4024.31	40.0	16.45	16.08
PTHR22765	6878.0	6733.44	172.0	30.74	30.05
PTHR22762	3292.0	3255.86	88.12	11.24	10.99
PTHR22763	1137.72	1101.58	25.0	9.47	9.26
PTHR22761	4023.34	3914.92	359.0	98.56	96.38
PTHR21231	2751.0	2678.72	91.0	28.66	28.02
PTHR21230	2105.02	2032.74	42.0	18.88	18.46
PTHR21234	2415.0	2342.72	44.0	13.42	13.12
PTHR21237	3761.0	3652.58	261.0	94.25	92.17
PTHR12202	976.0	903.72	4.0	3.81	3.73
PTHR12203	5088.38	4907.67	70.0	23.56	23.04
PTHR19857	2123.08	2086.94	71.0	14.15	13.84
PTHR19854	3396.63	3143.72	22.0	21.26	20.8
PTHR19855	1261.0	1224.86	49.0	16.69	16.32
PTHR13353	3606.88	3462.32	452.99	141.9	138.77
PTHR19853	2459.65	2387.37	32.82	12.28	12.0
PTHR12197	9308.0	8874.42	99.0	47.31	46.25
PTHR19858	2245.0	2136.58	14.0	8.0	7.83
PTHR13822	1149.0	1112.86	251.0	94.15	92.07
PTHR10344	1103.0	1030.73	21.0	16.49	16.13
PTHR10732	729.0	692.86	1743.0	1055.03	1031.7
PTHR10738	1662.0	1589.73	23.0	8.57	8.38
PTHR10739	2735.0	2662.72	115.0	35.41	34.63
PTHR22846	1685.0	1576.62	10.0	8.51	8.32
PTHR12992	888.0	851.86	5.0	2.46	2.4
PTHR22838	1773.93	1665.52	11.0	6.97	6.82
PTHR11588	4288.87	4035.9	497.0	170.7	166.91
PTHR11934	2149.0	2076.72	249.0	107.16	104.79
PTHR10938	1457.0	1420.86	59.02	17.31	16.93
PTHR10934	735.0	698.86	2083.11	1249.94	1222.31
PTHR11510	2171.0	2134.86	63.0	12.27	12.0
PTHR11516	4471.4	4362.98	766.0	221.44	216.55
PTHR10025	4159.0	4050.58	144.0	27.54	26.93
PTHR10026	6351.47	6134.61	311.08	112.62	110.14
PTHR13009	3244.0	3135.58	51.0	19.99	19.56
PTHR30115	1095.0	1058.86	161.0	63.49	62.09
PTHR10598	1920.66	1884.51	162.0	35.77	34.98
PTHR17901	479.0	442.86	10.97	10.46	10.23
PTHR24351	4483.0	4410.72	89.0	15.92	15.57
PTHR20982	1390.0	1353.86	237.0	72.97	71.36
PTHR24352	3719.32	3647.03	233.0	52.85	51.68
PTHR11467	1855.0	1818.86	718.7	164.43	160.8
PTHR10119	7567.0	7350.16	215.0	65.32	63.86
PTHR10114	417.0	380.86	1260.0	1400.97	1369.99
PTHR10110	11257.0	10895.6	123.0	43.21	42.25
PTHR11469	2241.0	2204.86	132.0	24.89	24.34
PTHR10445	1111.0	1074.86	130.0	50.5	49.38
PTHR11863	2681.09	2608.81	57.0	15.5	15.16
PTHR24286	13709.0	13456.02	559.0	85.99	84.09
PTHR23429	4535.62	4463.33	221.0	41.02	40.12
PTHR23426	1201.0	1164.86	123.0	44.06	43.09
PTHR10593	2424.0	2243.33	24.0	21.21	20.72
