GeneFamily	length	effective_length	expected_count	TPM	FPKM
PTHR11649	10027.0	9616.05	2970.03	195.5	151.34
PTHR31089	955.0	917.63	131.0	10.99	8.51
PTHR31085	3854.0	3629.81	256.0	30.43	23.56
PTHR11647	3481.0	3368.9	520.0	32.57	25.22
PTHR11880	1735.0	1660.26	18611.94	1945.77	1506.35
PTHR11885	405.0	367.64	3.0	0.64	0.49
PTHR10209	5991.79	5842.31	718.95	40.01	30.98
PTHR32429	2574.33	2499.59	18137.12	1012.11	783.55
PTHR12403	1809.0	1734.26	462.0	39.48	30.56
PTHR31423	851.0	813.63	544.0	51.53	39.9
PTHR31551	1317.0	1279.63	486.0	29.17	22.58
PTHR32195	639.0	601.63	515.31	66.24	51.28
PTHR11081	3409.0	3296.9	319.0	19.74	15.28
PTHR11080	1937.71	1862.98	787.01	63.08	48.83
PTHR11082	7123.52	6936.67	1240.28	59.8	46.3
PTHR11085	8653.69	8429.47	2582.79	118.61	91.83
PTHR11645	2105.0	2030.26	814.0	59.31	45.91
PTHR11089	9736.63	9437.67	2582.99	141.59	109.61
PTHR32518	5828.55	5641.72	1309.99	88.73	68.69
PTHR11247	2918.58	2843.84	15138.0	637.0	493.15
PTHR11246	10289.73	9878.72	2175.51	161.69	125.16
PTHR32512	3720.47	3608.36	853.0	54.25	42.0
PTHR23088	6649.0	6462.15	1115.0	65.12	50.41
PTHR23089	1543.0	1468.26	903.13	82.77	64.08
PTHR23081	2648.0	2535.9	279.0	21.34	16.52
PTHR23083	36943.54	35897.3	11606.51	448.13	346.93
PTHR23084	2710.76	2598.65	1110.99	99.25	76.83
PTHR23086	755.0	680.28	24.0	5.51	4.26
PTHR18806	1927.0	1852.26	544.07	44.58	34.51
PTHR31953	10827.88	10603.66	1452.0	43.92	33.99
PTHR15184	11574.0	11237.69	18560.79	861.39	666.85
PTHR15341	595.0	557.63	81.0	11.25	8.71
PTHR15169	2152.0	2077.26	76.0	5.94	4.6
PTHR12341	4781.0	4556.8	603.0	65.69	50.86
PTHR15160	7196.66	7047.18	2313.95	105.76	81.88
PTHR18937	5159.0	4822.73	154.0	22.21	17.19
PTHR18934	17295.31	16585.42	5175.65	231.15	178.96
PTHR12742	3170.34	3095.6	1728.6	76.15	58.95
PTHR12741	2139.0	2064.26	255.44	24.4	18.89
PTHR19288	5550.61	5326.43	1634.82	110.68	85.7
PTHR13902	6163.88	6014.4	3465.48	158.28	122.53
PTHR13903	3282.0	3207.26	412.0	19.73	15.27
PTHR22753	1410.0	1335.27	64.0	6.31	4.88
PTHR22939	24282.15	23684.37	4944.45	198.05	153.35
PTHR22938	1676.0	1563.94	93.0	17.58	13.61
PTHR16266	787.0	749.63	22.0	2.26	1.75
PTHR30612	5843.0	5693.55	1194.42	28.91	22.38
PTHR22932	591.0	553.63	440.48	61.6	47.69
PTHR22931	15141.14	14804.82	30490.77	777.15	601.63
PTHR22936	6871.64	6647.44	4465.97	249.27	192.97
PTHR31038	1197.0	1159.63	228.0	15.11	11.7
PTHR13832	47370.4	46324.09	15579.85	615.59	476.6
PTHR21139	2134.0	2096.63	3782.01	138.18	106.97
PTHR21136	8150.28	7963.44	2491.0	114.48	88.62
PTHR12526	37464.62	36493.05	10887.94	383.89	297.19
PTHR13124	780.9	743.53	39.0	4.05	3.13
PTHR13120	945.0	907.63	434.0	36.82	28.5
PTHR22809	315.0	277.66	14.0	3.96	3.06
PTHR22807	5063.85	4802.31	580.97	57.99	44.92
PTHR20661	385.0	347.64	27.0	6.06	4.69
PTHR10900	24058.15	23572.35	52587.79	1771.06	1371.09
PTHR10906	4759.82	4573.03	3738.28	246.43	190.78
PTHR10909	19962.0	19513.58	9229.9	430.85	333.55
PTHR10055	3245.0	3170.26	1375.0	68.91	53.35
PTHR10057	5077.0	4927.52	4208.67	251.95	195.05
PTHR10052	1025.0	987.63	16576.64	1291.39	999.76
PTHR13017	833.0	795.63	130.0	12.6	9.75
PTHR10693	1642.0	1567.26	280.0	26.23	20.31
PTHR10694	6269.54	6008.01	962.0	60.43	46.77
PTHR12839	924.0	849.28	43.0	8.02	6.21
PTHR13923	4007.0	3932.27	1182.08	42.18	32.65
PTHR12835	1223.0	1185.63	192.0	12.44	9.63
PTHR24031	70981.75	68739.85	48348.79	1920.51	1486.77
PTHR24032	1609.32	1571.95	452.0	22.06	17.07
PTHR23291	6201.0	6051.52	4999.41	286.69	221.96
PTHR24349	49531.31	48335.61	16103.33	569.58	440.99
PTHR24619	3926.67	3777.24	2333.0	135.45	104.85
PTHR24343	29599.74	28815.0	19120.66	1011.6	783.13
PTHR11472	6424.0	6162.44	2318.27	199.7	154.6
PTHR24347	8388.42	8089.47	1539.0	122.42	94.78
PTHR11476	4660.0	4510.54	2039.03	80.45	62.28
PTHR11477	1454.0	1379.26	120.0	11.86	9.18
PTHR10476	3535.0	3385.53	2343.94	165.47	128.1
PTHR24290	6456.0	6269.17	2646.1	137.91	106.76
PTHR23413	526.0	488.64	14392.08	2284.81	1768.83
PTHR23417	845.92	771.21	66.0	11.48	8.89
PTHR23416	4131.7	4019.59	1095.98	53.38	41.33
PTHR23415	1736.0	1698.63	2164.0	97.68	75.62
PTHR10871	4821.44	4672.0	14064.83	1460.04	1130.32
PTHR10877	9139.01	8690.65	1380.98	110.3	85.38
PTHR11879	4774.83	4662.72	1293.02	59.81	46.31
PTHR24316	10410.4	10186.18	12901.82	635.35	491.87
PTHR31724	2570.44	2458.35	263.0	26.45	20.48
PTHR11655	3085.0	2935.52	18823.46	2140.66	1657.24
PTHR11652	718.0	680.63	13048.08	1480.43	1146.1
PTHR20883	3118.35	3043.62	950.0	44.99	34.83
PTHR11895	9067.87	8806.31	3696.56	187.67	145.29
PTHR10277	3597.0	3522.26	843.0	35.39	27.4
PTHR14027	2927.0	2814.89	510.0	41.42	32.07
PTHR24095	10878.84	10430.5	2313.03	142.61	110.42
PTHR24092	7699.61	7438.07	1032.0	48.67	37.66
PTHR23180	6321.0	5947.37	994.32	125.75	97.36
PTHR14593	338.0	300.65	10.0	2.6	2.02
PTHR11093	1646.15	1608.78	586.9	27.98	21.66
PTHR11096	3220.0	3107.89	956.29	56.88	44.04
PTHR23346	9231.11	8932.2	1877.07	98.38	76.16
PTHR11099	2750.0	2637.9	878.0	73.63	56.99
PTHR10309	1906.0	1831.26	893.0	73.46	56.87
PTHR11252	1663.0	1588.26	526.0	52.5	40.65
PTHR11254	16143.31	15657.52	3132.04	169.72	131.41
PTHR11255	1798.0	1760.63	92.0	4.01	3.1
PTHR14110	759.0	721.63	46.0	4.92	3.81
PTHR14374	1904.44	1867.07	2563.63	105.22	81.46
PTHR18838	2272.33	2234.97	1237.93	42.42	32.84
PTHR12687	700.0	625.31	23.0	5.7	4.41
PTHR15157	4649.38	4499.9	655.84	45.22	35.01
PTHR18901	3556.06	3406.6	1218.2	90.35	69.96
PTHR12755	1548.0	1510.63	201.0	10.21	7.9
PTHR12750	2802.0	2615.21	171.0	20.38	15.77
PTHR12753	1874.0	1836.63	306.12	12.77	9.89
PTHR15081	1198.0	1160.63	34.0	2.25	1.74
PTHR15574	7286.0	6949.68	309.0	29.74	23.01
PTHR23109	1795.81	1758.45	376.91	16.43	12.72
PTHR13931	10143.75	9732.77	997.0	82.1	63.53
PTHR12358	2412.83	2263.38	218.0	25.54	19.77
PTHR22748	5295.38	5071.2	544.0	37.7	29.18
PTHR12356	3752.28	3640.17	749.04	52.14	40.36
PTHR12221	2515.0	2440.26	692.43	44.09	34.13
PTHR19879	1776.0	1663.9	156.0	22.33	17.28
PTHR12226	1097.0	1059.63	653.9	47.45	36.74
PTHR19876	5192.0	5079.89	2018.96	87.99	68.13
PTHR19877	3037.0	2924.9	9868.65	948.52	734.31
PTHR21689	1239.0	1164.26	102.0	13.63	10.56
PTHR31442	2877.0	2839.63	734.0	19.78	15.31
PTHR12538	843.0	805.63	18374.56	1758.09	1361.07
PTHR12537	1107.0	1069.63	164.0	11.79	9.13
PTHR12532	2290.0	2252.63	567.0	19.28	14.92
PTHR13486	1061.0	1023.63	481.0	36.14	27.98
PTHR20275	3162.73	3013.27	320.0	26.88	20.81
PTHR13489	454.0	416.64	7.0	1.31	1.01
PTHR17583	5728.0	5503.8	314.0	23.97	18.56
PTHR10150	3797.17	3647.72	293.01	17.72	13.72
PTHR24198	25574.24	25013.72	15593.07	443.09	343.04
PTHR10048	6264.51	6002.98	801.98	56.58	43.81
PTHR10046	3623.53	3474.07	953.91	98.08	75.93
PTHR10044	2126.49	2051.75	355.0	26.42	20.45
PTHR13060	317.0	279.66	3.0	0.84	0.65
PTHR10687	1574.0	1536.63	1145.0	57.16	44.25
PTHR10681	12859.59	12485.89	9960.33	647.36	501.17
PTHR10682	1526.29	1488.92	183.9	9.48	7.34
PTHR10683	6039.0	5889.52	3997.68	174.13	134.81
PTHR12829	2611.0	2536.26	619.0	37.46	29.0
PTHR12820	3228.0	3153.26	486.0	23.51	18.2
PTHR12826	619.0	581.63	157.0	20.89	16.17
PTHR12827	362.0	324.65	10.0	2.41	1.86
PTHR17920	509.0	471.64	16.0	2.63	2.04
PTHR11405	8816.41	8666.93	7951.06	306.93	237.62
PTHR11404	3238.0	3125.89	2927.0	166.32	128.76
PTHR11406	2251.0	2213.63	94786.92	3279.31	2538.75
PTHR32357	516.0	478.64	35.0	5.67	4.39
PTHR13468	918.0	880.63	61.0	5.33	4.13
PTHR13018	15294.53	14734.15	2695.31	112.78	87.32
PTHR10954	377.0	339.64	11.0	2.53	1.96
PTHR23406	8132.0	7795.73	1757.73	139.67	108.12
PTHR23407	1127.2	1089.84	281.0	19.82	15.35
PTHR10869	22592.33	22069.18	19951.04	757.64	586.55
PTHR31717	795.0	757.63	72.0	7.33	5.67
PTHR22942	2944.54	2795.07	330.0	36.36	28.15
PTHR12696	3976.0	3863.9	573.65	32.91	25.48
PTHR11315	5065.0	4952.89	2800.06	122.7	94.99
PTHR10139	1220.0	1145.27	78.0	10.82	8.38
PTHR10264	5066.49	4954.39	2127.87	101.24	78.38
PTHR10263	1874.0	1799.26	5501.1	419.6	324.84
PTHR31407	6365.13	6178.29	16002.58	814.95	630.91
PTHR32170	1891.0	1778.9	52.0	6.55	5.07
PTHR23350	1829.0	1754.26	121.0	10.66	8.26
PTHR23354	3480.02	3367.93	6676.25	221.28	171.31
PTHR23355	4940.51	4791.05	1600.18	95.65	74.06
PTHR23359	11048.78	10824.57	6638.16	347.59	269.08
PTHR11227	2606.12	2531.38	212.05	13.74	10.64
PTHR11220	8903.09	8678.88	3793.81	170.35	131.88
PTHR11223	3422.7	3310.64	312.0	15.35	11.88
PTHR11229	2946.0	2871.26	4388.21	274.17	212.25
PTHR10314	13811.12	13437.43	23730.79	1158.65	897.01
PTHR14303	692.05	654.69	207.0	24.43	18.91
PTHR14085	1767.0	1692.26	321.0	29.69	22.99
PTHR11139	16715.0	15893.02	1702.78	147.85	114.47
PTHR15362	1731.71	1657.06	438.0	35.26	27.29
PTHR11132	26889.14	26141.82	9538.8	488.62	378.28
PTHR11134	4550.0	4437.89	980.0	49.97	38.69
PTHR11136	2292.0	2105.22	153.0	26.62	20.61
PTHR32374	5202.11	5127.37	6241.01	134.75	104.32
PTHR31579	9664.0	9551.89	3674.88	86.15	66.7
PTHR32379	302.0	264.67	13.0	3.86	2.99
PTHR18919	3695.09	3620.36	4184.99	210.14	162.68
PTHR32002	1123.81	1086.44	107.0	7.57	5.86
PTHR14413	1743.0	1668.26	3410.18	232.8	180.22
PTHR21368	1983.0	1908.26	1766.0	158.38	122.61
PTHR24067	24008.41	23335.78	14809.8	812.22	628.78
PTHR10072	7140.07	6990.59	1474.0	72.27	55.95
PTHR12786	3107.0	2957.54	1026.93	79.99	61.93
PTHR11706	2508.0	2395.92	213.0	11.01	8.52
PTHR12782	1310.0	1272.63	292.0	17.62	13.64
PTHR11742	5327.0	5065.45	519.0	44.68	34.58
PTHR21213	985.48	948.11	2040.0	165.6	128.2
PTHR11210	1035.0	997.63	624.0	48.12	37.25
PTHR12321	6303.06	6153.6	2647.97	123.72	95.79
PTHR12320	11052.31	10902.84	4616.94	118.51	91.75
PTHR12323	326.0	288.66	10.0	2.72	2.1
PTHR16201	2840.0	2690.53	276.0	31.57	24.44
PTHR10774	11080.57	10706.95	3957.09	210.07	162.64
PTHR16196	3014.0	2901.89	426.0	34.69	26.86
PTHR16193	464.0	426.64	25.0	4.56	3.53
PTHR22792	3545.79	3358.97	740.0	76.76	59.42
PTHR22790	2527.99	2453.25	212.0	14.06	10.88
PTHR21680	1338.0	1300.63	317.0	18.72	14.49
PTHR21113	1065.0	990.28	19.0	3.59	2.78
PTHR19316	1457.0	1419.63	442.0	23.89	18.5
PTHR21663	329.0	291.66	2.0	0.54	0.42
PTHR13253	11839.58	11428.55	8586.13	623.23	482.49
PTHR22603	4137.0	4062.26	551.0	24.15	18.69
PTHR21206	1116.0	1078.63	231.0	16.47	12.75
PTHR13789	20998.12	20437.62	4071.93	243.64	188.62
PTHR10071	8253.0	8140.89	3401.01	81.61	63.17
PTHR24188	6770.36	6546.19	15621.6	751.74	581.97
PTHR13780	8104.22	7805.31	25400.49	1345.87	1041.94
PTHR10670	2895.0	2708.17	110.0	14.89	11.52
PTHR10677	1390.0	1315.27	281.0	31.25	24.19
PTHR13078	4253.09	4140.98	1466.96	81.73	63.27
PTHR12815	3741.0	3554.17	1190.98	105.54	81.71
PTHR12814	1811.0	1736.26	553.99	49.38	38.22
PTHR24361	12899.27	12600.38	2927.43	102.14	79.1
PTHR24362	18666.93	18069.1	5143.21	242.93	188.06
PTHR10416	386.0	348.64	15.0	3.36	2.6
PTHR10410	5735.0	5585.52	8509.07	341.87	264.65
PTHR10783	8695.29	8433.7	5786.89	346.72	268.42
PTHR10782	3947.0	3872.26	488.09	18.89	14.63
PTHR13476	1028.0	990.63	476.0	36.97	28.62
PTHR10788	6943.0	6718.82	2266.1	101.05	78.23
PTHR10891	24599.59	24076.42	20239.15	974.39	754.33
PTHR10890	4973.56	4824.1	1110.06	65.42	50.64
PTHR20426	731.86	694.5	263.0	29.24	22.63
PTHR23213	2272.0	2159.9	111.99	12.57	9.74
PTHR24115	6644.25	6158.65	355.05	49.72	38.48
PTHR10520	4477.55	4365.44	2357.13	147.22	113.99
PTHR10250	762.0	724.63	765.0	81.47	63.07
PTHR10527	10947.0	10610.69	2936.12	125.03	96.79
PTHR10099	4593.67	4556.3	4689.9	78.67	60.91
PTHR31385	3310.92	3198.82	566.0	46.1	35.69
PTHR10091	3784.0	3709.26	7822.17	265.49	205.54
PTHR31142	1100.0	1062.63	355.0	25.69	19.89
PTHR31140	5719.63	5644.9	16335.21	321.35	248.78
PTHR31412	4947.19	4797.71	1356.81	81.53	63.12
PTHR11787	1197.94	1123.25	19.0	2.91	2.25
PTHR11785	12976.5	12565.45	3120.55	181.22	140.3
PTHR11782	5977.0	5752.8	799.0	51.63	39.95
PTHR31419	303.0	265.67	13.0	3.84	2.98
PTHR11780	3015.0	2940.26	5215.15	242.79	187.96
PTHR21141	2155.0	2080.26	37710.52	3215.03	2488.98
PTHR32148	7721.32	7534.47	32454.96	2904.35	2248.47
PTHR23324	4222.97	4073.49	613.0	46.31	35.86
PTHR23327	3474.0	3361.89	1249.0	84.76	65.62
PTHR23326	2468.0	2355.9	678.0	59.21	45.84
PTHR23321	3412.0	3299.89	3747.64	301.17	233.15
PTHR23323	5587.12	5437.65	1159.86	51.7	40.03
PTHR23322	5898.17	5636.6	963.02	83.38	64.54
PTHR23329	1882.85	1770.77	2698.0	191.85	148.52
PTHR11236	2312.0	2237.26	1351.99	92.26	71.44
PTHR20932	2664.0	2589.27	339.57	16.73	12.95
PTHR10322	3207.0	2982.85	160.0	19.38	15.0
PTHR11239	5268.7	5156.63	2773.98	124.23	96.17
PTHR10803	3047.01	2972.27	1082.0	56.16	43.47
PTHR13803	4247.0	4134.89	607.0	29.14	22.55
PTHR31964	14342.69	13969.01	7191.16	400.11	309.77
PTHR10552	1532.0	1494.63	256.0	13.14	10.17
PTHR23030	4037.0	3962.26	668.0	23.35	18.08
PTHR11129	2501.31	2426.58	428.79	21.09	16.33
PTHR11122	4844.0	4694.52	2397.0	155.47	120.37
PTHR15316	2407.0	2294.92	594.0	63.95	49.51
PTHR11127	1077.0	1002.28	14115.87	1548.79	1199.02
PTHR11125	3392.0	3279.89	457.6	31.67	24.52
PTHR31566	1817.73	1742.99	1295.62	107.91	83.53
PTHR31567	1074.0	1036.63	103.23	7.66	5.93
PTHR31561	26415.4	25780.14	22571.91	673.85	521.66
PTHR30615	1511.0	1436.26	785.0	85.0	65.8
PTHR15137	721.0	683.63	36.0	4.07	3.15
PTHR14950	507.0	469.64	14.0	2.31	1.79
PTHR15954	1331.0	1256.26	95.0	11.69	9.05
PTHR15952	3097.0	3022.26	693.0	32.31	25.01
PTHR21597	2469.0	2356.89	149.0	14.41	11.16
PTHR19271	425.0	387.64	19.0	3.82	2.96
PTHR21228	59946.12	58189.92	17096.62	617.46	478.02
PTHR12022	809.34	771.97	2845.24	284.23	220.04
PTHR13343	7530.0	7380.52	1754.0	66.5	51.49
PTHR12233	1365.0	1327.63	516.0	29.84	23.1
PTHR12029	8671.9	8335.61	1997.0	134.0	103.74
PTHR21220	1011.0	973.63	92.0	7.27	5.63
PTHR22780	5426.0	5164.44	504.0	43.88	33.98
PTHR21477	1231.0	1193.63	115.0	7.4	5.73
PTHR19308	6677.0	6602.26	6006.93	110.16	85.28
PTHR16301	2969.32	2894.58	562.0	29.95	23.18
PTHR13265	1180.0	1142.63	156.94	10.56	8.17
PTHR17630	5514.15	5364.67	1754.06	109.01	84.39
PTHR10064	603.0	565.63	9336.83	1277.73	989.18
PTHR10060	1201.0	1163.63	386.69	25.54	19.77
PTHR10663	8896.0	8410.31	564.0	51.93	40.21
PTHR10666	4817.0	4630.15	17245.87	2073.01	1604.86
PTHR10668	9960.0	9586.32	1640.39	118.94	92.07
PTHR12801	5203.0	5053.53	1064.09	54.41	42.12
PTHR12802	5351.0	5164.15	1098.99	80.13	62.04
PTHR12805	1310.0	1235.26	104.0	12.53	9.71
PTHR12806	1513.0	1475.63	323.82	16.84	13.04
PTHR21091	13954.88	13581.22	3833.92	203.14	157.28
PTHR21090	2744.37	2669.63	1205.86	71.21	55.13
PTHR12281	3928.0	3853.26	1891.0	84.03	65.05
PTHR24314	2988.0	2913.26	377.0	20.48	15.85
PTHR11933	1294.0	1219.27	107.0	13.29	10.28
PTHR11932	6862.0	6712.53	1604.0	51.4	39.79
PTHR11426	4578.35	4428.98	13838.1	1115.1	863.27
PTHR11937	8749.59	8413.26	5411.98	468.48	362.68
PTHR11938	19451.0	19002.57	5285.99	231.85	179.5
PTHR13683	6289.22	6102.38	2466.11	115.62	89.51
PTHR24089	50214.22	48345.92	21841.06	1238.46	958.8
PTHR10796	3320.0	3133.18	232.0	29.11	22.54
PTHR10794	4073.71	3961.61	1270.08	98.98	76.62
PTHR10795	21129.85	20644.13	4995.49	199.79	154.67
PTHR10792	2570.0	2495.26	18354.45	1596.56	1236.02
PTHR10799	30652.26	28858.95	2830.35	273.98	212.1
PTHR10882	927.0	852.3	95.0	16.92	13.1
PTHR10887	21400.4	20391.56	1759.03	156.8	121.37
PTHR11686	4430.0	4317.89	497.0	24.21	18.74
PTHR11685	8417.38	8118.44	1932.95	83.99	65.02
PTHR11680	6302.6	6190.49	8989.59	350.68	271.49
PTHR24221	14860.97	14263.14	2168.11	116.98	90.57
PTHR24220	8774.0	8549.81	4069.0	181.84	140.76
PTHR24223	18988.46	18390.68	14788.23	292.68	226.58
PTHR11689	2067.0	1954.9	112.0	12.57	9.73
PTHR10252	2380.97	2306.24	681.0	44.74	34.64
PTHR10537	669.0	594.31	36.0	9.5	7.36
PTHR31173	3228.72	3079.27	268.11	18.48	14.3
PTHR31384	1721.0	1646.27	128.0	12.49	9.67
PTHR10997	11157.11	10746.1	1792.97	91.09	70.54
PTHR10098	1356.0	1318.63	363.0	21.14	16.36
PTHR31356	4187.0	4074.89	5180.12	282.26	218.52
PTHR31352	8088.0	7975.89	7621.92	125.29	96.99
PTHR31350	5231.31	5081.83	792.01	49.72	38.49
PTHR11758	1320.0	1245.27	11414.6	990.48	766.8
PTHR23333	1504.0	1466.63	935.99	48.97	37.91
PTHR11751	17351.69	16828.55	12233.37	590.08	456.84
PTHR11753	2673.0	2560.89	1551.0	137.22	106.23
PTHR11200	11567.0	11380.15	1803.96	59.14	45.77
PTHR24423	9427.65	9166.25	1192.0	60.91	47.15
PTHR11206	18468.91	17796.32	2981.07	151.18	117.03
PTHR11757	10581.0	10244.72	2442.61	161.68	125.17
PTHR24420	54259.28	52951.53	17054.72	653.51	505.95
PTHR10332	2965.0	2815.53	121.0	13.19	10.21
PTHR13600	4151.49	4002.02	1438.99	100.89	78.11
PTHR15744	2687.0	2612.26	281.21	18.12	14.03
PTHR23029	12558.93	12185.26	4242.01	241.46	186.93
PTHR23023	8900.0	8601.05	652.0	47.29	36.6
PTHR12847	1944.0	1869.26	542.99	41.94	32.47
PTHR11119	12738.64	12439.81	1419.0	92.26	71.43
PTHR31595	6306.81	6119.98	1631.54	84.5	65.43
PTHR31596	3054.0	2979.27	544.0	21.91	16.96
PTHR15948	2054.0	1941.89	355.0	42.31	32.75
PTHR32026	2041.0	1966.26	266.0	21.6	16.72
PTHR31829	1591.0	1553.63	4145.63	204.68	158.46
PTHR19241	59115.66	57583.65	9680.0	403.54	312.39
PTHR15239	2675.0	2488.21	162.0	20.34	15.75
PTHR32497	3774.0	3699.26	215.0	13.3	10.3
PTHR12497	2214.0	2176.63	609.01	21.43	16.59
PTHR12302	3477.0	3439.63	2805.0	62.37	48.28
PTHR12652	2485.0	2410.26	1493.0	81.02	62.73
PTHR12304	365.0	327.65	12.0	2.86	2.22
PTHR30540	2070.91	2033.54	1910.99	71.99	55.73
PTHR30544	8380.48	8156.28	3284.92	161.97	125.4
PTHR13302	2831.0	2756.26	322.46	16.79	12.99
PTHR12472	1862.0	1787.26	215.91	18.62	14.41
PTHR13308	1390.0	1352.63	958.0	54.37	42.09
PTHR12477	1705.0	1630.27	130.0	11.84	9.17
PTHR13878	20893.48	20332.99	6984.73	389.91	301.86
PTHR21461	1699.0	1661.63	61.0	2.82	2.18
PTHR13872	1922.0	1847.29	683.0	33.44	25.89
PTHR22849	9942.74	9569.08	1029.47	81.47	63.07
PTHR21314	1482.0	1444.63	268.0	14.24	11.02
PTHR13271	26136.42	25351.71	6671.08	340.14	263.35
PTHR22841	5441.99	5292.53	1983.0	114.91	88.96
PTHR21319	4998.32	4811.48	816.0	57.09	44.19
PTHR22847	25537.0	24640.16	4716.0	299.73	232.02
PTHR22844	14150.86	13777.17	4208.04	140.36	108.65
PTHR13890	7361.0	7136.78	1288.13	85.76	66.39
PTHR11601	4818.0	4705.89	1048.99	49.27	38.15
PTHR21266	13431.6	13132.66	2751.87	102.75	79.54
PTHR12271	2242.0	2167.26	263.0	17.24	13.34
PTHR21262	9356.64	9132.44	2596.99	87.35	67.64
PTHR12276	2771.0	2696.26	877.0	42.37	32.81
PTHR10657	3059.46	2947.35	1805.01	136.4	105.59
PTHR16557	1362.96	1288.22	168.02	18.1	14.01
PTHR10655	4264.49	4115.03	1766.75	101.41	78.51
PTHR10652	1811.0	1736.26	380.95	33.7	26.09
PTHR17972	800.0	725.31	31.0	6.81	5.26
PTHR21085	1462.0	1424.63	1242.79	66.95	51.83
PTHR11922	4844.34	4732.23	2700.17	138.68	107.37
PTHR24305	19591.63	18993.81	2573.0	148.49	114.94
PTHR11926	17150.56	16739.55	13081.49	396.28	306.78
PTHR11431	3460.69	3385.97	8556.15	402.23	311.39
PTHR10430	5364.37	5252.26	6657.66	423.93	328.19
PTHR10436	5071.19	4884.36	854.0	56.44	43.69
PTHR10434	658.0	620.63	76.0	9.47	7.33
PTHR24096	13629.45	13293.13	12346.21	582.4	450.85
PTHR13693	3709.43	3522.59	1051.0	101.94	78.92
PTHR13691	1311.0	1273.63	25256.82	1522.94	1179.01
PTHR24093	57706.57	55950.42	20687.09	631.88	489.18
PTHR13451	429.0	391.64	7.0	1.39	1.08
PTHR13452	1952.03	1877.29	499.0	42.8	33.14
PTHR10759	921.0	883.63	13701.55	1194.2	924.51
PTHR12901	632.0	594.63	35.0	4.55	3.52
PTHR12903	1786.0	1711.26	2207.88	159.98	123.85
PTHR13992	662.0	587.31	22.0	5.99	4.64
PTHR23237	309.0	271.67	305.0	88.14	68.24
PTHR13375	398.0	360.64	24.0	5.19	4.02
PTHR10501	457.62	420.34	200.0	36.99	28.64
PTHR31169	637.0	599.63	31.0	4.0	3.1
PTHR12277	4894.0	4744.52	1156.03	65.11	50.41
PTHR14087	1369.0	1331.63	391.0	22.54	17.45
PTHR23309	4131.0	4056.26	2298.23	81.75	63.29
PTHR31344	851.0	813.63	66.0	6.25	4.84
PTHR31619	2325.0	2287.63	3442.0	115.22	89.2
PTHR23306	1671.0	1596.26	173.0	16.7	12.93
PTHR23305	3092.0	2979.9	1539.0	91.97	71.21
PTHR14089	2338.13	2226.03	301.42	23.56	18.24
PTHR11748	12100.0	11801.05	2745.83	104.21	80.68
PTHR11214	977.0	939.63	253.0	20.73	16.05
PTHR11216	3909.0	3796.89	572.44	33.7	26.09
PTHR14154	13265.0	12891.3	6684.82	394.07	305.09
PTHR14155	8190.36	8003.52	3628.5	137.77	106.66
PTHR10343	7459.0	7234.79	2715.0	129.93	100.6
PTHR11699	14190.0	13704.22	5328.82	340.32	263.48
PTHR11692	1811.45	1774.08	467.3	20.19	15.63
PTHR11693	3417.0	3342.26	25033.49	1111.71	860.65
PTHR11695	26110.78	25326.12	7079.74	378.09	292.69
PTHR31760	1883.0	1845.63	368.0	15.28	11.83
PTHR31840	1269.8	1195.08	61.0	7.46	5.77
PTHR31906	14982.48	14608.78	4574.0	241.63	187.05
PTHR21419	1741.0	1703.63	420.99	18.95	14.67
PTHR23012	17779.42	17405.74	14839.86	422.97	327.44
PTHR11101	10674.81	10525.33	12384.51	494.15	382.55
PTHR11102	4619.0	4469.54	651.41	32.96	25.51
PTHR11106	1922.0	1884.63	365.0	14.84	11.49
PTHR31585	4026.92	3840.1	802.75	70.45	54.54
PTHR32125	2173.0	2098.26	1434.0	105.57	81.73
PTHR31588	2171.0	2133.63	793.0	28.47	22.04
PTHR32120	1822.0	1747.26	286.0	25.47	19.72
PTHR15680	2511.47	2436.73	4630.89	216.76	167.81
PTHR10281	3927.0	3814.89	971.64	54.98	42.57
PTHR26312	3569.68	3457.58	2946.57	127.89	99.01
PTHR18895	3071.0	2921.56	271.0	20.28	15.71
PTHR12486	1093.0	1018.3	67.0	8.41	6.51
PTHR12480	2847.0	2697.54	243.0	24.49	18.96
PTHR12482	2599.0	2486.89	340.0	33.28	25.76
PTHR30239	1671.0	1633.63	577.0	27.09	20.97
PTHR12317	16397.57	15949.14	2885.99	108.87	84.28
PTHR12649	2027.0	1952.26	521.45	42.46	32.86
PTHR12461	4096.0	3871.83	289.0	30.49	23.6
PTHR12466	1142.0	1104.63	220.0	15.31	11.85
PTHR13561	1232.0	1157.26	37.0	5.05	3.91
PTHR13847	8836.0	8574.43	3055.92	167.41	129.6
PTHR22854	3614.0	3501.91	1434.0	70.0	54.19
PTHR12000	4080.72	3968.61	3430.82	137.57	106.51
PTHR12001	6505.0	6392.89	1794.0	62.66	48.5
PTHR21327	6299.79	6187.69	1990.01	72.64	56.24
PTHR21631	8209.13	8059.66	7961.28	292.99	226.82
PTHR22855	8641.0	8454.15	6844.21	279.09	216.05
PTHR22850	7337.83	7113.64	3089.01	189.09	146.4
PTHR22504	1088.0	1050.63	316.0	23.13	17.91
PTHR12189	1229.0	1191.63	116.0	7.48	5.79
PTHR21256	2772.69	2697.95	1280.43	75.51	58.46
PTHR12266	3427.62	3315.51	397.0	25.8	19.98
PTHR10648	2239.0	2201.63	651.0	22.65	17.53
PTHR30178	2204.0	2166.63	7699.4	272.17	210.71
PTHR10641	18986.03	18388.18	2061.0	112.79	87.31
PTHR10644	8696.0	8509.15	1224.0	45.47	35.2
PTHR12864	6063.51	5876.71	1018.0	59.3	45.9
PTHR12860	2259.0	2184.26	948.0	66.15	51.2
PTHR13194	4640.86	4491.39	1695.95	110.21	85.33
PTHR13190	413.0	375.64	12.0	2.49	1.93
PTHR13193	1339.0	1301.63	483.01	28.49	22.06
PTHR11913	2665.0	2627.63	981.83	28.6	22.14
PTHR11911	9199.49	9012.65	22717.43	794.76	615.27
PTHR11910	2281.0	2206.26	28135.06	1706.39	1321.04
PTHR11918	5247.22	5060.41	1525.0	75.33	58.31
PTHR12919	1322.03	1247.3	2249.0	303.37	234.86
PTHR12910	810.0	772.63	1591.0	158.8	122.94
PTHR12917	1767.0	1692.26	216.01	19.62	15.18
PTHR11351	6742.0	6629.89	586.98	15.95	12.35
PTHR11353	21605.11	21007.28	38955.22	1672.49	1294.79
PTHR11599	14661.0	14175.19	8945.69	647.25	501.07
PTHR10516	18981.36	18346.08	20950.62	1237.74	958.22
PTHR11592	1948.0	1873.26	979.0	77.86	60.28
PTHR11659	2158.0	2120.63	862.0	31.14	24.1
PTHR13273	1412.0	1374.63	759.0	42.38	32.81
PTHR31096	3509.95	3360.52	4025.83	250.59	194.0
PTHR13734	1904.0	1866.63	409.01	16.79	13.0
PTHR31098	4820.56	4708.46	649.0	29.5	22.84
PTHR31620	5980.03	5867.96	18279.0	514.45	398.27
PTHR23315	15999.32	15700.37	2577.99	112.58	87.16
PTHR23316	2809.0	2771.63	1542.0	42.58	32.96
PTHR12265	334.0	296.66	14.0	3.7	2.86
PTHR11777	5445.0	5332.89	1796.42	70.13	54.29
PTHR11774	2738.0	2625.9	270.99	23.46	18.16
PTHR11773	4093.0	4055.63	2482.98	46.81	36.24
PTHR11772	10432.69	10208.48	8829.7	273.61	211.83
PTHR10357	23182.0	22472.05	9301.85	406.88	315.03
PTHR10353	12478.52	12179.57	4575.29	178.78	138.43
PTHR10350	2320.0	2170.54	238.0	34.67	26.84
PTHR10351	10301.1	10039.52	12373.83	908.38	703.24
PTHR32557	2094.0	2056.63	1679.98	62.58	48.45
PTHR10359	1292.38	1255.02	415.0	25.4	19.66
PTHR31750	997.0	959.63	287.0	23.02	17.82
PTHR23418	1186.85	1149.49	602.0	40.25	31.16
PTHR14189	861.0	786.28	38.0	7.23	5.6
PTHR32228	1747.0	1709.63	535.0	23.99	18.57
PTHR31245	1245.0	1207.63	206.0	13.1	10.15
PTHR23001	3390.0	3315.26	2204.83	109.96	85.13
PTHR23002	2146.0	2108.63	266.0	9.66	7.48
PTHR11177	3068.0	2955.89	1440.65	106.38	82.36
PTHR11178	4255.81	4143.7	2681.02	154.5	119.61
PTHR14456	1027.44	952.72	20.0	3.24	2.51
PTHR31808	2943.02	2830.91	1637.0	130.58	101.09
PTHR31803	8911.0	8798.89	1709.0	48.54	37.58
PTHR11009	1003.0	965.63	192.0	15.3	11.85
PTHR30075	2852.0	2739.91	625.0	50.6	39.18
PTHR19229	12193.0	11782.02	390.0	28.94	22.4
PTHR11005	9151.07	8889.5	4695.25	173.34	134.2
PTHR18640	1882.0	1732.6	81.0	11.43	8.84
PTHR18866	20188.76	19815.06	20105.39	827.49	640.6
PTHR15074	1866.78	1792.04	166.0	13.63	10.56
PTHR15588	1970.49	1895.75	853.0	72.35	56.01
PTHR12677	10894.0	10669.78	8976.58	269.36	208.53
PTHR19134	2547.0	2472.26	243.0	15.23	11.79
PTHR19139	9490.28	9266.06	24685.38	1142.73	884.67
PTHR30566	2571.0	2496.27	425.63	21.34	16.52
PTHR12456	1935.0	1860.26	132.0	10.19	7.89
PTHR12452	737.42	700.05	334.48	36.89	28.56
PTHR19359	988.0	950.63	257.0	20.81	16.11
PTHR12072	2999.0	2886.9	334.0	23.46	18.16
PTHR13218	1220.0	1182.63	780.0	50.68	39.23
PTHR13215	1644.0	1569.26	98.0	9.73	7.53
PTHR13213	1071.0	996.28	89.0	13.59	10.53
PTHR10634	2363.0	2325.63	6975.7	229.67	177.8
PTHR12290	1320.0	1245.29	369.0	31.93	24.72
PTHR21530	2530.19	2418.09	302.0	28.28	21.89
PTHR12295	643.0	568.32	18.0	4.92	3.8
PTHR12298	5107.0	4957.52	922.01	58.16	45.03
PTHR10638	13272.66	13011.1	2664.99	61.25	47.41
PTHR10631	1658.0	1583.28	307.0	27.86	21.57
PTHR10984	5055.0	4942.89	1569.0	68.27	52.85
PTHR12858	2580.0	2430.54	434.0	49.61	38.42
PTHR13505	1225.0	1187.63	283.0	18.31	14.17
PTHR12850	989.0	914.27	21043.28	2834.31	2194.23
PTHR12856	2105.02	2030.3	283.08	20.13	15.58
PTHR12855	1945.0	1870.26	609.96	50.32	38.95
PTHR12854	1242.0	1204.63	288.0	18.37	14.22
PTHR13182	1506.0	1468.63	502.0	26.23	20.3
PTHR10182	1953.15	1915.79	1549.0	61.96	47.97
PTHR10743	1669.0	1594.29	334.0	21.28	16.48
PTHR10742	19768.0	19207.49	9926.6	404.0	312.77
PTHR10745	2343.0	2305.63	4440.34	147.47	114.17
PTHR10744	2624.0	2474.56	19106.01	2265.88	1754.19
PTHR10746	2836.0	2761.26	4007.0	352.65	273.01
PTHR12924	1688.0	1650.63	3920.99	182.16	141.02
PTHR23308	4667.0	4480.16	1940.0	90.04	69.71
PTHR10027	2524.0	2449.26	290.0	18.74	14.5
PTHR11349	3711.0	3598.89	20067.97	1532.84	1186.68
PTHR10566	26247.04	25424.99	4234.11	185.0	143.23
PTHR10293	3680.65	3531.17	4157.88	339.59	262.89
PTHR10291	1846.0	1808.63	514.0	21.78	16.86
PTHR11584	3515.0	3440.26	852.0	38.57	29.86
PTHR11586	4001.25	3851.78	2076.04	168.64	130.55
PTHR11909	5130.74	5018.67	4323.49	142.43	110.26
PTHR24320	13919.88	13471.48	5199.94	175.97	136.23
PTHR24322	25535.05	24601.0	13147.43	881.9	682.74
PTHR11907	3065.0	2990.26	970.92	35.52	27.5
PTHR11760	2535.0	2460.26	23485.05	1490.97	1154.26
PTHR11761	2050.0	1937.93	6578.57	1421.89	1100.79
PTHR11766	1156.0	1118.63	366.0	25.15	19.47
PTHR11767	3517.0	3442.26	354.0	14.75	11.42
PTHR10361	2007.66	1970.29	659.0	25.63	19.84
PTHR10366	26015.08	25342.46	29941.03	1679.7	1300.36
PTHR10169	3144.0	2919.83	192.0	28.75	22.25
PTHR10168	3642.35	3492.87	3072.0	234.94	181.88
PTHR20973	1095.0	1057.63	140.0	10.18	7.88
PTHR10165	7388.02	7201.18	3254.02	143.29	110.91
PTHR31032	2090.0	2052.63	1320.0	49.26	38.14
PTHR23257	124131.1	120842.91	34636.59	1350.49	1045.53
PTHR23253	6613.0	6426.15	2696.65	151.2	117.05
PTHR14190	1905.0	1830.26	103.0	7.94	6.15
PTHR14194	8230.2	8043.36	3112.98	171.32	132.63
PTHR31251	5617.61	5356.11	854.0	64.23	49.73
PTHR23074	5249.0	5062.18	1220.87	66.59	51.54
PTHR23077	11236.29	10750.54	2451.15	143.63	111.19
PTHR23076	23626.75	22954.14	12817.12	602.98	466.82
PTHR23073	8915.53	8616.59	4008.97	256.45	198.54
PTHR23078	2421.0	2383.63	348.0	11.18	8.65
PTHR11165	2176.0	2101.26	4792.99	265.92	205.87
PTHR10772	2946.92	2834.81	6493.85	531.72	411.65
PTHR32100	12231.77	12007.57	80993.61	1878.06	1453.94
PTHR14534	1356.37	1319.0	205.0	11.93	9.24
PTHR14445	1419.0	1306.92	204.0	37.21	28.8
PTHR31811	1122.0	1047.27	14.06	2.04	1.58
PTHR23102	679.0	641.63	39.0	4.7	3.64
PTHR23105	5791.35	5567.16	66257.51	8023.14	6211.29
PTHR11010	2104.0	1991.93	301.97	26.53	20.54
PTHR11014	7586.08	7249.81	2377.84	134.49	104.13
PTHR11453	2219.0	2144.26	303.0	21.62	16.73
PTHR14152	2035.16	1960.43	666.01	41.67	32.26
PTHR12668	4021.0	3871.52	1608.1	129.7	100.41
PTHR12661	668.0	593.31	38.0	10.15	7.85
PTHR12663	759.0	721.63	73.0	7.81	6.04
PTHR12664	526.0	488.64	53.0	8.41	6.51
PTHR16166	3901.43	3714.65	1754.27	70.67	54.71
PTHR12111	1853.0	1778.27	243.0	14.49	11.22
PTHR12446	1200.0	1125.28	698.56	70.21	54.35
PTHR12447	797.0	759.63	63.0	6.4	4.95
PTHR15481	741.0	703.63	74.0	8.12	6.29
PTHR26379	1578.0	1503.29	311.0	24.41	18.9
PTHR12599	3999.1	3886.99	3579.0	262.63	203.32
PTHR12596	6310.0	6123.17	568.02	27.48	21.28
PTHR12590	1682.2	1570.1	285.07	43.08	33.35
PTHR12066	422.0	384.64	11.0	2.23	1.72
PTHR12064	8800.39	8501.45	1183.0	69.33	53.67
PTHR13226	3460.0	3310.52	409.0	34.36	26.6
PTHR13889	3596.0	3446.55	1051.0	73.14	56.61
PTHR13887	1098.82	1061.45	747.0	54.12	41.9
PTHR21181	2480.19	2405.46	442.0	22.75	17.61
PTHR12411	17128.53	16642.78	13259.33	556.73	431.01
PTHR10459	3161.0	2974.19	131.0	15.83	12.25
PTHR10458	1095.0	1057.63	254.75	18.52	14.34
PTHR19306	3799.89	3687.8	792.92	34.11	26.42
PTHR21506	2390.61	2353.24	717.0	23.33	18.06
PTHR12280	1045.0	932.95	43.0	10.8	8.36
PTHR11451	8131.44	7944.6	6509.99	301.22	233.19
PTHR12286	3916.54	3767.08	972.78	67.35	52.14
PTHR22983	4692.0	4579.89	403.0	16.36	12.66
PTHR22981	6179.74	6030.26	1560.99	78.19	60.53
PTHR10947	2107.0	2032.26	782.0	60.94	47.17
PTHR30191	4072.0	4034.63	3527.76	66.85	51.75
PTHR13082	1444.0	1406.63	548.1	29.91	23.15
PTHR10629	1429.0	1316.94	24.0	3.93	3.05
PTHR10994	25458.86	24935.73	5997.12	245.18	189.81
PTHR10996	8822.0	8560.46	2615.24	144.65	111.99
PTHR10625	15049.59	14526.52	5649.59	280.44	217.12
PTHR10992	66990.51	65309.0	13927.8	605.84	469.03
PTHR10993	3445.8	3296.33	1016.66	94.9	73.46
PTHR17695	1373.0	1260.95	53.0	9.98	7.72
PTHR12848	3377.38	3227.9	360.0	33.21	25.72
PTHR12849	1538.0	1463.27	336.0	34.94	27.05
PTHR10943	5384.52	5309.81	1074.96	33.93	26.27
PTHR21294	1094.0	1056.63	157.0	11.43	8.85
PTHR12841	1287.0	1249.63	157.0	9.65	7.47
PTHR21290	3336.01	3261.28	242.0	10.79	8.36
PTHR21349	1494.0	1419.26	2422.68	265.54	205.57
PTHR21347	2544.0	2506.63	690.0	21.07	16.31
PTHR21343	2273.0	2198.27	269.0	22.84	17.68
PTHR10196	1911.0	1873.63	585.0	23.93	18.52
PTHR10192	2443.0	2368.26	538.01	37.2	28.8
PTHR10751	2973.0	2898.26	673.0	27.63	21.39
PTHR10755	4382.59	4307.85	986.71	36.58	28.32
PTHR10758	1602.0	1564.63	288.0	14.12	10.93
PTHR13152	1417.0	1342.27	155.97	16.84	13.04
PTHR12932	2022.0	1947.26	484.0	26.35	20.4
PTHR12934	1814.0	1739.26	2903.15	270.08	209.09
PTHR10288	6979.0	6792.16	6641.16	244.25	189.11
PTHR11800	3934.19	3822.08	1263.17	77.88	60.29
PTHR11802	12086.33	11712.64	8455.68	379.81	294.03
PTHR22870	22625.45	21915.51	6152.0	193.19	149.59
PTHR11807	1213.87	1176.51	858.7	56.08	43.42
PTHR11374	1870.11	1832.75	878.01	36.72	28.43
PTHR11808	6245.99	6096.52	3535.02	179.88	139.25
PTHR10283	13570.0	13271.06	6568.54	213.07	164.96
PTHR10285	9359.0	9060.06	31186.18	1261.32	976.49
PTHR10286	3393.0	3280.89	32523.18	2138.51	1655.58
PTHR11579	4134.0	4059.27	1777.46	60.48	46.83
PTHR13355	876.0	838.63	574.99	52.83	40.9
PTHR13718	3141.0	3066.26	22140.97	1568.04	1213.93
PTHR13711	7094.47	6907.64	3394.39	223.02	172.66
PTHR13710	1729.0	1616.89	78.0	10.86	8.41
PTHR11977	3254.0	3179.26	2704.37	105.3	81.52
PTHR11972	3323.5	3248.76	808.0	34.22	26.49
PTHR31480	1516.0	1478.63	387.0	20.08	15.55
PTHR31485	5433.39	5321.28	1693.78	61.74	47.79
PTHR11715	687.0	649.63	3090.08	367.53	284.53
PTHR11717	1123.0	1085.63	105.0	7.44	5.76
PTHR11711	8091.18	7754.86	5350.53	556.27	430.64
PTHR11712	5898.0	5748.52	7403.88	369.84	286.34
PTHR10374	2343.11	2268.37	2229.09	149.42	115.68
PTHR10178	52946.95	51900.71	39763.66	1078.67	835.11
PTHR20961	326.0	288.66	22.0	5.97	4.63
PTHR10173	7693.28	7469.06	3639.14	239.75	185.62
PTHR10177	7792.0	7642.52	1008.0	28.31	21.93
PTHR10174	12372.21	12073.28	8621.3	421.33	326.16
PTHR23249	1773.0	1698.26	511.0	43.29	33.52
PTHR23244	12437.72	11951.97	2974.41	205.43	159.05
PTHR23245	965.0	890.27	63.0	11.02	8.53
PTHR23240	1345.0	1232.92	83.0	14.92	11.55
PTHR14614	9519.45	9108.44	3272.97	201.71	156.15
PTHR31268	2878.0	2728.53	239.0	27.69	21.46
PTHR31262	1814.3	1739.57	326862.42	20253.91	15679.99
PTHR23063	6107.5	5958.03	1581.95	77.38	59.91
PTHR11620	757.0	719.63	25262.18	2709.18	2097.37
PTHR11624	11122.0	10935.15	46884.98	1614.49	1249.89
PTHR11627	3303.0	3190.92	62972.74	2765.55	2141.01
PTHR11390	3119.0	3044.28	456.12	13.21	10.22
PTHR32442	888.0	850.63	919.8	83.31	64.49
PTHR31319	8637.83	8488.36	11987.27	253.67	196.39
PTHR14052	1289.0	1251.63	152.0	9.33	7.22
PTHR32118	3144.0	3106.63	4540.57	111.81	86.56
PTHR23117	2410.0	2297.9	741.93	58.55	45.33
PTHR23115	36919.6	35798.64	113244.93	4959.01	3839.12
PTHR11028	1250.29	1212.95	1182.87	74.91	57.99
PTHR11024	2304.0	2229.26	1189.99	66.95	51.83
PTHR11778	2359.0	2246.92	1168.0	79.14	61.27
PTHR10066	6204.0	6017.16	3673.59	131.63	101.93
PTHR12616	2846.0	2733.89	384.19	32.51	25.17
PTHR12613	3996.0	3958.63	1228.99	23.74	18.38
PTHR12612	796.0	758.63	993.27	100.99	78.18
PTHR32060	3586.33	3474.22	166.0	12.07	9.34
PTHR12436	4468.0	4355.92	363.0	17.26	13.36
PTHR22734	1554.0	1479.27	1079.0	78.07	60.45
PTHR12121	9669.52	9221.12	1643.13	155.13	120.08
PTHR12438	2317.86	2280.5	329.0	11.05	8.55
PTHR15492	886.0	848.63	58.0	5.27	4.08
PTHR21426	2041.0	2003.63	224.0	8.57	6.63
PTHR21427	679.0	641.63	42.0	5.06	3.92
PTHR19372	3701.0	3626.26	1126.0	39.35	30.46
PTHR19370	8684.15	8422.57	2556.38	149.95	116.09
PTHR19376	13793.4	13419.76	2371.0	138.03	106.85
PTHR19375	16021.69	15386.46	22650.31	2247.23	1739.73
PTHR12725	5393.19	5281.08	1490.02	59.15	45.78
PTHR22884	10408.74	9848.28	615.0	65.71	50.86
PTHR22881	2007.0	1969.63	697.0	27.11	20.99
PTHR22880	4941.0	4716.78	411.0	31.41	24.33
PTHR12542	2239.0	2201.63	997.0	34.68	26.85
PTHR12547	4226.0	4151.26	3007.74	106.39	82.36
PTHR12124	1319.0	1281.63	272.0	16.3	12.62
PTHR21512	643.0	605.63	22.0	2.81	2.17
PTHR30508	5293.44	5181.36	2705.17	105.95	82.02
PTHR14744	1155.0	1117.63	60.0	4.13	3.19
PTHR30502	958.0	920.63	91.0	7.61	5.89
PTHR10617	7886.91	7700.06	45478.75	1885.95	1460.05
PTHR10615	5618.1	5431.28	1106.0	55.03	42.6
PTHR13527	1037.0	999.63	74.0	5.7	4.41
PTHR22958	4849.78	4737.67	15818.82	521.06	403.39
PTHR22951	1505.15	1430.42	383.0	41.54	32.16
PTHR22950	34575.59	33566.75	6990.22	338.69	262.2
PTHR22953	3254.0	3179.26	467.99	22.75	17.62
PTHR22952	12550.11	12325.9	16601.46	441.75	341.98
PTHR22957	10558.29	10221.99	4173.7	195.72	151.51
PTHR21600	1073.0	1035.63	142.0	10.55	8.16
PTHR24056	8587.98	8251.67	1210.0	84.94	65.76
PTHR24054	5085.95	4936.48	4151.0	167.59	129.74
PTHR24055	13382.98	12897.23	2895.0	171.82	133.0
PTHR24058	6066.32	5879.5	1616.18	67.4	52.19
PTHR10766	7875.02	7650.82	7279.1	356.73	276.18
PTHR10762	830.0	755.29	10.0	2.18	1.69
PTHR30031	4030.0	3917.92	3752.03	97.61	75.57
PTHR12945	379.0	341.64	35.0	8.0	6.19
PTHR12944	822.0	784.63	79.0	7.76	6.01
PTHR23163	645.0	607.63	55.0	7.0	5.42
PTHR24128	5705.0	5480.78	507.0	37.62	29.13
PTHR13096	1094.0	1056.63	248.0	18.05	13.97
PTHR11364	1381.29	1343.93	999.93	57.12	44.22
PTHR11365	2128.0	2015.9	242.0	25.55	19.78
PTHR11361	5529.57	5268.08	1337.0	69.14	53.53
PTHR11814	3999.0	3812.21	648.0	50.3	38.94
PTHR10543	6916.0	6579.72	1623.4	93.93	72.74
PTHR10540	4538.42	4426.31	3295.22	186.41	144.31
PTHR10544	736.0	698.63	16352.06	1806.95	1398.89
PTHR11562	1386.23	1311.5	295.0	37.65	29.15
PTHR11566	9619.0	9394.81	5534.06	203.99	157.92
PTHR11567	1922.0	1847.26	410.0	36.51	28.27
PTHR11564	7753.0	7528.78	4061.0	198.34	153.56
PTHR11962	2838.0	2688.55	579.0	58.74	45.47
PTHR11963	4587.86	4513.12	2794.68	96.4	74.62
PTHR24315	2218.67	2181.31	1526.0	53.58	41.48
PTHR10381	8457.82	8233.61	9970.88	569.77	441.09
PTHR10383	3745.0	3670.26	4404.03	183.31	141.91
PTHR11705	6143.47	6031.37	2063.91	72.28	55.95
PTHR11702	12151.0	11852.04	5467.03	278.82	215.87
PTHR11700	1490.0	1415.26	20235.32	2360.97	1827.78
PTHR10388	1463.0	1425.63	7810.24	420.44	325.49
PTHR11709	9015.19	8865.74	2988.87	98.1	75.94
PTHR10145	4488.0	4338.52	340.0	23.93	18.53
PTHR23273	4100.0	3950.52	283.0	17.83	13.81
PTHR23270	2007.0	1857.57	92.0	16.8	13.01
PTHR23050	3131.0	3018.89	6018.52	418.38	323.9
PTHR23056	660.0	622.63	50.0	6.21	4.81
PTHR23054	1175.0	1137.63	297.0	20.06	15.53
PTHR11638	13598.52	13299.6	16607.76	534.95	414.14
PTHR31783	6654.0	6579.26	668.58	15.81	12.24
PTHR11632	6606.0	6493.89	2550.01	89.51	69.31
PTHR11630	6581.0	6132.69	302.0	41.89	32.46
PTHR11140	6097.88	5985.77	1823.0	59.73	46.24
PTHR11141	3116.0	3078.63	1425.0	35.41	27.41
PTHR11142	4532.18	4345.39	908.0	59.01	45.69
PTHR11143	1237.0	1162.27	11831.53	1212.97	939.05
PTHR11380	1035.0	997.63	194.0	14.96	11.58
PTHR11384	5457.0	5270.17	504.0	29.71	22.99
PTHR32477	1187.0	1112.27	88.0	12.46	9.64
PTHR14043	1421.0	1346.27	43.0	6.45	4.99
PTHR32472	418.0	380.64	24.0	4.91	3.8
PTHR31658	354.0	316.65	13.0	3.21	2.49
PTHR14269	3277.86	3165.76	1208.0	68.72	53.2
PTHR11276	1792.0	1679.94	43.0	5.89	4.56
PTHR22883	9775.19	9438.87	1860.14	124.64	96.49
PTHR23125	40169.05	39234.87	7605.51	271.72	210.37
PTHR12050	916.0	878.63	441.0	38.66	29.93
PTHR30603	4515.0	4402.9	3801.57	87.02	67.37
PTHR19211	18211.28	17613.45	113892.91	2413.52	1868.47
PTHR23338	2282.0	2207.26	1182.12	87.65	67.86
PTHR12608	4002.0	3852.55	1176.0	78.06	60.42
PTHR12604	5005.0	4930.26	668.0	21.52	16.66
PTHR12603	1531.0	1456.26	276.0	31.0	24.01
PTHR32091	1431.0	1356.26	463.0	53.85	41.69
PTHR23339	2764.97	2652.87	1905.0	146.55	113.46
PTHR32098	2834.0	2684.54	244.0	25.34	19.62
PTHR18763	314.0	276.67	46.0	13.05	10.1
PTHR22726	5108.81	4959.35	4323.44	146.6	113.49
PTHR22727	24757.46	24533.26	2702.35	105.66	81.81
PTHR12428	5485.88	5299.03	1664.0	104.68	81.03
PTHR18968	12742.84	12481.28	7283.18	169.66	131.33
PTHR12730	2217.0	2142.27	325.0	23.44	18.14
PTHR12736	4394.0	4319.26	727.0	28.42	22.01
PTHR12735	3735.97	3586.49	2073.99	181.58	140.57
PTHR15020	8406.96	8145.39	2987.73	216.11	167.31
PTHR12049	2242.0	2129.89	200.0	21.42	16.58
PTHR12558	1248.0	1135.93	46.0	9.57	7.41
PTHR12553	3530.0	3417.89	1906.0	123.04	95.25
PTHR24072	1246.21	1208.85	258.0	16.4	12.69
PTHR24073	15841.61	15355.81	12252.22	727.4	563.12
PTHR21569	2491.69	2416.95	17195.96	1187.78	919.54
PTHR21567	448.0	410.64	24.0	4.55	3.52
PTHR13950	465.0	427.64	15.0	2.73	2.11
PTHR12133	1072.0	1034.63	189.0	14.05	10.88
PTHR10972	11793.04	11344.68	2684.35	162.26	125.63
PTHR21704	351.0	313.65	6.0	1.5	1.16
PTHR10606	3764.04	3689.31	2641.0	115.76	89.61
PTHR13393	1195.0	1120.26	34.0	4.69	3.63
PTHR13395	364.0	326.65	8.0	1.91	1.48
PTHR23130	11599.91	11375.7	2578.17	126.39	97.86
PTHR22891	4477.36	4215.86	1709.9	139.45	107.96
PTHR22893	3554.0	3479.26	953.0	42.03	32.53
PTHR10778	3667.0	3592.26	1317.93	57.0	44.13
PTHR24064	12089.0	11827.43	6061.98	166.07	128.55
PTHR24063	23048.86	22451.03	11286.59	311.78	241.39
PTHR21011	944.0	906.63	326.94	27.77	21.5
PTHR25040	5628.0	5478.53	955.0	58.36	45.18
PTHR21015	2021.57	1984.2	754.46	29.13	22.55
PTHR24068	4282.0	4169.89	6721.88	360.91	279.4
PTHR19980	1729.0	1654.26	260.0	25.31	19.6
PTHR12959	794.0	719.28	33.0	7.1	5.49
PTHR10961	3910.05	3797.96	937.96	53.74	41.6
PTHR11825	4887.0	4700.17	5336.0	298.59	231.17
PTHR10809	1643.0	1605.63	1018.76	48.66	37.67
PTHR11822	2652.0	2614.63	6317.76	184.94	143.18
PTHR10555	8143.87	7919.65	1490.01	105.01	81.29
PTHR10806	1999.49	1924.75	672.0	54.74	42.38
PTHR10804	14285.0	13873.95	9796.52	454.52	351.86
PTHR11556	5286.0	5099.2	90219.89	4023.09	3114.56
PTHR11006	6527.0	6265.42	2292.14	158.48	122.7
PTHR11558	2576.0	2501.26	1480.8	88.0	68.13
PTHR13773	4228.0	4153.26	1531.0	52.2	40.41
PTHR11953	2810.0	2735.26	780.0	46.88	36.29
PTHR11952	10386.0	10124.41	1706.05	95.26	73.76
PTHR11956	1937.0	1862.3	524.0	43.53	33.7
PTHR11959	2282.0	2244.63	627.0	21.39	16.56
PTHR11739	3820.0	3745.26	3535.21	126.79	98.16
PTHR11732	24182.02	23434.67	12742.63	610.18	472.37
PTHR11731	6251.0	6101.52	910.0	43.72	33.85
PTHR11730	2861.0	2748.93	66.49	5.28	4.09
PTHR11735	2924.0	2849.26	297.0	16.29	12.62
PTHR10394	933.0	895.63	18834.86	1619.41	1253.7
PTHR20941	2275.77	2238.41	814.0	27.85	21.56
PTHR31065	10315.0	10202.89	2938.0	68.63	53.13
PTHR10159	13703.0	13329.32	10712.07	449.21	347.78
PTHR31066	1217.0	1179.63	80.0	5.21	4.03
PTHR13604	567.0	529.63	29.0	4.24	3.28
PTHR23264	3288.0	3138.54	617.0	51.0	39.48
PTHR23269	1557.0	1519.63	113.0	5.7	4.42
PTHR31204	830.0	792.63	234.24	22.78	17.64
PTHR31201	4186.0	4111.26	846.7	31.22	24.17
PTHR31209	1551.0	1513.63	246.0	12.47	9.65
PTHR11607	699.0	661.63	19.0	2.22	1.72
PTHR11606	3218.25	3143.53	2962.23	101.85	78.85
PTHR23284	2076.0	2038.63	246.7	9.27	7.18
PTHR32467	25981.78	25458.67	17937.76	280.58	217.22
PTHR14255	11251.0	10877.34	2103.06	109.07	84.45
PTHR23133	1342.0	1304.63	1207.24	71.05	55.01
PTHR23135	1617.0	1542.26	385.0	37.39	28.95
PTHR23138	1318.0	1280.63	1886.21	113.11	87.57
PTHR23139	12937.66	12563.99	4424.12	254.16	196.75
PTHR31682	1512.0	1437.27	1766.23	189.62	146.8
PTHR11040	7487.1	7262.91	4016.0	131.47	101.79
PTHR11043	2295.0	2220.26	1228.0	83.56	64.69
PTHR11042	3740.0	3590.52	316.0	21.08	16.31
PTHR11048	7333.0	7220.89	6805.55	282.5	218.71
PTHR15818	1988.0	1950.63	358.0	14.06	10.89
PTHR12636	1015.0	977.63	475.0	37.39	28.94
PTHR14490	1251.0	1138.93	821.02	178.67	138.32
PTHR14493	27340.05	26779.56	13259.56	428.61	331.82
PTHR15651	1869.38	1757.32	168.0	20.59	15.94
PTHR12380	1469.97	1395.23	714.63	69.33	53.67
PTHR12385	2339.0	2301.63	2575.85	85.7	66.34
PTHR12706	1008.0	895.98	33.0	7.88	6.1
PTHR30573	1908.47	1871.1	1138.0	46.61	36.08
PTHR12709	1367.0	1292.26	185.0	21.85	16.91
PTHR19957	5292.76	5143.29	8676.1	367.09	284.2
PTHR12561	869.0	831.63	87.31	8.09	6.26
PTHR12560	7301.0	7076.79	1664.03	84.82	65.67
PTHR11203	5627.11	5477.63	730.99	39.0	30.2
PTHR12097	3791.0	3716.26	667.0	24.8	19.2
PTHR19842	1427.0	1389.63	376.0	20.77	16.08
PTHR11752	15577.57	14942.44	1988.85	137.26	106.27
PTHR21576	6755.05	6530.85	1409.0	98.9	76.58
PTHR24193	12380.48	12044.18	6667.89	311.08	240.83
PTHR12419	5285.47	5061.29	996.0	71.87	55.66
PTHR30525	1542.0	1504.63	652.34	33.26	25.75
PTHR12413	2129.0	1979.55	194.0	29.13	22.57
PTHR12412	2262.0	2187.26	209.0	14.5	11.23
PTHR13948	1351.24	1276.51	613.0	53.92	41.74
PTHR12146	1328.0	1253.29	16761.39	1348.64	1044.08
PTHR12415	528.0	490.64	77.0	12.17	9.42
PTHR21717	1670.0	1632.63	513.0	24.1	18.65
PTHR21712	2175.91	2101.19	665.9	34.93	27.03
PTHR12897	1197.0	1122.27	101.0	12.72	9.85
PTHR12894	2662.0	2512.54	163.01	20.98	16.25
PTHR12891	1593.0	1555.63	188.0	9.27	7.18
PTHR22976	9600.69	9413.84	4230.0	149.15	115.47
PTHR22975	2495.85	2421.13	421.86	27.15	21.02
PTHR22970	463.0	425.64	55.0	10.05	7.78
PTHR14145	2831.65	2756.92	1124.19	62.54	48.42
PTHR21377	1896.0	1821.26	1110.0	93.37	72.29
PTHR21371	2169.0	2131.63	11235.85	403.74	312.56
PTHR21373	1915.49	1878.12	1060.0	43.25	33.49
PTHR22573	11364.39	11102.84	11564.96	421.37	326.21
PTHR22572	15109.57	14773.24	6493.71	267.64	207.21
PTHR21000	1762.0	1724.63	1981.0	88.06	68.18
PTHR10701	1467.0	1429.63	1451.0	77.89	60.3
PTHR13161	4616.76	4504.65	910.0	53.56	41.47
PTHR13162	7931.46	7744.61	748.0	27.31	21.14
PTHR13165	2590.08	2552.71	1049.0	31.46	24.35
PTHR21396	1176.0	1138.63	310.0	20.92	16.2
PTHR12965	755.0	680.3	17.0	4.0	3.1
PTHR12459	1693.0	1655.63	286.02	13.25	10.26
PTHR13069	2327.0	2214.89	191.0	16.9	13.08
PTHR13068	9392.0	9167.79	2060.2	76.07	58.89
PTHR24106	8042.54	7706.25	1607.0	113.1	87.58
PTHR24103	3114.0	3001.9	254.0	12.73	9.85
PTHR31606	1450.0	1412.63	1123.0	61.01	47.23
PTHR11540	5078.91	4929.44	7499.53	370.37	286.73
PTHR10836	5624.0	5511.89	83303.98	3296.19	2551.82
PTHR10835	1062.99	988.26	71.0	9.08	7.02
PTHR11545	2644.0	2531.89	23121.65	2594.33	2008.46
PTHR10012	1969.0	1931.63	196.0	7.78	6.02
PTHR13768	3714.0	3639.26	982.79	39.72	30.76
PTHR24078	13691.84	13168.67	2769.39	167.88	129.97
PTHR11946	21899.47	21264.24	10246.63	483.57	374.37
PTHR11947	4568.09	4455.98	946.01	49.18	38.08
PTHR11941	9315.88	9091.7	3820.98	157.8	122.17
PTHR10497	1092.0	1017.27	9133.48	1055.42	817.08
PTHR10496	1051.0	976.3	15427.07	1690.42	1308.67
PTHR10491	929.0	891.63	96.0	8.29	6.42
PTHR24076	17020.04	16459.5	10433.45	539.27	417.49
PTHR24077	12804.02	12392.97	6385.6	324.94	251.55
PTHR11728	3992.0	3842.56	747.0	50.96	39.44
PTHR11726	1273.0	1198.28	19928.15	1723.28	1334.12
PTHR11727	2009.85	1897.76	459.0	51.93	40.21
PTHR11721	822.0	784.63	19572.97	1923.4	1489.04
PTHR11722	831.0	793.63	23919.16	2323.56	1798.83
PTHR10120	3413.0	3338.26	958.0	49.49	38.32
PTHR10122	1424.0	1386.63	5237.05	289.9	224.43
PTHR11831	1794.0	1681.91	8771.73	1639.63	1269.35
PTHR11835	4456.55	4344.45	4449.91	246.29	190.67
PTHR11614	6449.72	6300.25	668.0	32.13	24.87
PTHR11615	6960.52	6773.67	4440.78	245.4	190.0
PTHR11618	2161.96	2087.24	1155.0	52.2	40.42
PTHR14140	1963.0	1850.9	140.0	16.95	13.13
PTHR32419	5286.0	5173.89	551.03	25.1	19.43
PTHR10231	1244.0	1169.26	64.0	8.58	6.64
PTHR10233	4162.0	4012.53	688.0	50.14	38.82
PTHR20922	3234.9	3160.17	971.91	40.96	31.71
PTHR31503	10626.0	10476.52	3479.55	96.28	74.53
PTHR23147	1646.36	1571.64	819.0	67.63	52.36
PTHR10548	4345.26	4158.44	3377.25	362.4	280.56
PTHR23140	2712.9	2675.53	1090.07	31.18	24.14
PTHR23142	1554.59	1479.86	223.0	24.41	18.9
PTHR23149	2594.83	2482.72	466.0	41.17	31.87
PTHR23148	774.0	736.63	76.0	7.96	6.16
PTHR11817	18570.57	18084.8	9877.76	328.77	254.53
PTHR11056	1397.38	1360.02	103.0	5.81	4.5
PTHR11055	4265.43	4115.97	20366.63	1535.2	1188.5
PTHR11363	1559.0	1484.27	30875.99	2943.14	2278.49
PTHR32523	5091.0	5016.26	383.0	8.89	6.89
PTHR31695	1318.25	1280.88	634.0	38.01	29.43
PTHR11819	12219.0	11957.43	5238.99	122.3	94.68
PTHR12629	922.0	884.63	403.0	35.08	27.16
PTHR18945	618.0	580.63	20.0	2.67	2.06
PTHR26402	10188.0	9926.45	1528.0	53.46	41.4
PTHR19384	9612.18	9313.31	40176.2	1985.22	1536.89
PTHR12714	3765.73	3616.26	858.99	64.52	49.95
PTHR32251	1573.0	1535.63	954.81	47.7	36.93
PTHR12570	1546.0	1508.63	596.0	30.31	23.46
PTHR21494	363.0	325.65	5.0	1.2	0.93
PTHR21496	4216.36	4029.57	3328.09	266.29	206.16
PTHR21493	22691.11	22167.98	4016.0	140.17	108.52
PTHR21499	9557.71	9445.6	6516.36	176.78	136.86
PTHR21148	4421.0	4271.52	809.0	53.44	41.37
PTHR12083	2468.0	2393.26	323.0	15.6	12.07
PTHR22904	28264.94	27330.71	11696.74	716.85	554.97
PTHR13976	6046.0	5896.52	3524.99	165.6	128.21
PTHR19852	2028.0	1990.63	556.0	21.4	16.57
PTHR12406	13626.02	13364.45	2774.89	102.85	79.62
PTHR16128	2110.05	1960.61	250.0	36.92	28.59
PTHR12400	359.0	321.65	11.0	2.67	2.07
PTHR13572	1328.0	1253.28	137.0	15.67	12.13
PTHR30314	1735.0	1660.27	84.0	6.46	5.0
PTHR12882	1028.0	990.63	227.0	17.63	13.65
PTHR12883	1282.48	1245.12	193.87	11.96	9.26
PTHR16255	2368.0	2293.26	545.0	36.4	28.18
PTHR16254	5520.0	5445.26	1342.01	40.91	31.67
PTHR22960	1884.66	1847.31	383.0	15.89	12.3
PTHR13373	813.0	775.63	78.0	7.75	6.0
PTHR22967	1916.0	1841.26	127.0	10.56	8.18
PTHR30222	452.0	414.64	38.0	7.13	5.52
PTHR13115	2207.0	2169.63	328.0	11.58	8.96
PTHR13117	1857.74	1820.37	370.0	15.58	12.06
PTHR12975	1198.0	1085.95	36.97	7.39	5.72
PTHR13285	547.0	509.63	42.0	6.39	4.95
PTHR13288	1115.0	1040.27	165.0	26.12	20.22
PTHR10953	19018.85	18495.71	4474.05	189.03	146.35
PTHR21726	888.0	850.63	468.0	42.39	32.82
PTHR10956	353.0	315.65	3.0	0.74	0.58
PTHR11538	4046.0	3933.92	2831.66	119.05	92.16
PTHR10826	2601.0	2526.26	2034.28	124.15	96.1
PTHR11533	6894.19	6782.09	3819.0	90.85	70.34
PTHR11532	3188.0	3113.26	572.0	27.48	21.27
PTHR10971	2374.37	2299.64	1262.0	77.11	59.7
PTHR10000	4543.36	4393.89	1072.0	68.91	53.35
PTHR13021	1195.0	1157.63	214.0	14.21	11.0
PTHR10108	55023.28	53603.33	16615.81	915.58	708.8
PTHR24007	2655.0	2542.91	185.0	13.42	10.39
PTHR24006	17529.53	16782.25	1892.13	135.79	105.12
PTHR24003	16244.0	15608.8	1600.03	103.56	80.2
PTHR31446	573.0	535.63	126.0	18.22	14.11
PTHR31190	4747.0	4634.89	859.0	44.65	34.57
PTHR11441	1634.0	1596.63	229.0	11.0	8.52
PTHR11440	4050.11	3900.64	889.83	59.27	45.88
PTHR11999	10268.09	10043.88	8102.13	248.98	192.76
PTHR11998	4962.0	4812.53	1544.43	77.58	60.06
PTHR11449	641.0	603.63	21195.21	2715.57	2102.31
PTHR11994	1312.0	1237.28	21937.39	1867.23	1445.56
PTHR10137	1758.0	1683.26	1453.0	133.23	103.14
PTHR10133	3519.0	3406.89	283.0	18.69	14.47
PTHR21649	18838.52	18203.26	261640.14	16598.86	12850.37
PTHR13620	2178.0	2028.58	171.0	19.79	15.33
PTHR11847	989.0	951.63	15034.55	1215.95	941.35
PTHR11843	1050.0	975.28	14595.78	1749.65	1354.53
PTHR13138	1421.0	1346.27	47.0	5.49	4.25
PTHR11661	3773.0	3660.89	17696.28	2163.46	1674.89
PTHR11662	39540.56	38382.26	6067.97	285.09	220.71
PTHR11669	5828.1	5678.62	1235.87	66.52	51.51
PTHR11668	14194.5	13783.46	5753.92	281.12	217.66
PTHR20856	10799.25	10425.6	2560.99	170.45	131.95
PTHR20854	3989.67	3840.2	1482.82	116.42	90.13
PTHR20855	5113.25	5038.52	1928.0	76.07	58.89
PTHR20852	9304.28	9080.1	11312.46	350.65	271.46
PTHR32404	1613.0	1575.63	891.0	43.37	33.58
PTHR20858	3323.0	3210.89	312.0	21.66	16.77
PTHR14898	3621.19	3546.45	1044.0	43.56	33.72
PTHR14237	11907.67	11534.01	3420.0	158.03	122.34
PTHR14894	1512.0	1437.26	99.0	10.8	8.36
PTHR23155	22867.62	22269.74	2914.76	152.42	117.99
PTHR23153	6678.78	6491.97	1879.36	111.57	86.37
PTHR23151	10638.0	10264.31	10728.37	716.92	555.02
PTHR11063	5016.78	4904.67	2202.99	85.48	66.18
PTHR11062	4940.88	4791.5	625.0	45.26	35.03
PTHR11061	5435.04	5210.84	747.26	68.12	52.75
PTHR11065	8191.0	8004.15	3105.78	140.89	109.07
PTHR11064	4046.57	3934.46	2110.99	123.4	95.54
PTHR11260	16765.0	16279.2	5148.42	316.31	244.9
PTHR11264	1313.27	1275.98	337.0	20.28	15.7
PTHR11266	11008.74	10709.79	5414.28	256.97	198.94
PTHR13501	2048.0	1973.26	4192.0	318.67	246.7
PTHR31998	3616.0	3578.63	12109.96	258.78	200.34
PTHR31221	1107.0	1032.3	50.0	8.43	6.53
PTHR15838	1496.0	1383.92	109.0	17.09	13.22
PTHR22836	1453.0	1415.63	110.0	5.96	4.62
PTHR32338	1341.0	1303.63	1058.0	62.32	48.24
PTHR31155	2912.7	2800.6	2520.0	159.05	123.13
PTHR12363	6357.0	6170.15	744.05	54.54	42.22
PTHR18952	526.0	488.64	64.0	10.16	7.87
PTHR12765	1236.72	1199.35	231.0	14.8	11.46
PTHR12505	1724.0	1649.26	189.0	17.74	13.73
PTHR12506	2999.0	2886.89	409.0	31.16	24.12
PTHR22604	1167.0	1092.27	70.0	9.24	7.16
PTHR21481	990.0	915.27	25.0	3.86	2.99
PTHR11482	10620.0	10358.42	6971.89	297.99	230.7
PTHR22778	998.74	961.44	443.0	35.45	27.45
PTHR12169	5217.9	5031.12	3173.07	89.9	69.6
PTHR19446	17477.28	17103.7	24376.79	1232.01	953.8
PTHR12219	971.0	933.63	1267.78	104.53	80.92
PTHR13563	2699.0	2624.26	243.0	14.58	11.29
PTHR12210	5185.0	5072.91	5123.01	155.77	120.6
PTHR12215	1093.0	1055.63	104.0	7.58	5.87
PTHR12214	1670.0	1595.26	75.0	7.2	5.57
PTHR22915	11675.66	11301.98	2147.01	124.31	96.24
PTHR22911	6055.63	5794.07	683.0	42.63	33.02
PTHR22912	16769.18	16283.4	14184.56	1020.69	790.19
PTHR12183	5204.0	5054.53	1933.01	74.45	57.64
PTHR19849	2687.0	2612.26	279.0	15.18	11.76
PTHR22594	12773.0	12436.74	5277.58	229.49	177.68
PTHR11864	2709.0	2596.89	548.99	44.71	34.61
PTHR21152	5071.57	4922.09	6959.17	458.29	354.8
PTHR21021	969.0	894.27	145.96	20.98	16.24
PTHR19861	1172.0	1134.63	196.0	13.28	10.28
PTHR13102	411.0	373.64	17.0	3.55	2.75
PTHR12984	4209.0	4059.52	308.0	23.42	18.14
PTHR23293	3654.0	3541.91	5968.83	190.31	147.33
PTHR13299	1223.0	1148.26	73.0	9.86	7.64
PTHR10925	781.0	743.63	95.0	9.86	7.63
PTHR21737	3922.74	3735.92	2416.0	136.76	105.86
PTHR10920	4525.88	4376.4	1734.06	118.85	92.0
PTHR10855	3603.0	3528.26	1253.01	54.07	41.86
PTHR10585	2065.0	1952.9	838.99	110.79	85.76
PTHR10584	12537.54	12201.21	4498.81	236.61	183.15
PTHR11528	5330.61	5218.5	29679.56	1480.48	1146.15
PTHR11527	9322.47	9135.62	11993.5	444.67	344.24
PTHR11525	1226.0	1151.26	177.0	23.65	18.31
PTHR10859	4867.69	4718.22	1263.87	64.43	49.87
PTHR10589	2473.0	2360.89	1351.0	154.68	119.75
PTHR10588	2108.0	1995.93	181.0	21.15	16.37
PTHR13038	2137.0	2099.63	230.0	8.39	6.5
PTHR13748	10795.0	10346.58	2641.05	235.08	182.0
PTHR12126	2865.0	2790.26	2363.99	117.9	91.27
PTHR13743	768.0	693.31	39.0	7.88	6.09
PTHR24015	28560.19	27850.28	5358.6	200.52	155.23
PTHR24012	30411.92	29627.23	54791.48	2462.71	1906.56
PTHR24011	39751.64	38668.13	47474.31	1467.86	1136.37
PTHR31187	11898.0	11599.06	7179.17	222.58	172.32
PTHR21145	856.0	818.63	161.0	15.16	11.73
PTHR13007	1272.0	1234.63	305.0	18.98	14.69
PTHR11986	13535.0	13198.67	12358.38	559.96	433.49
PTHR11455	12160.0	11823.71	6086.91	127.14	98.42
PTHR10102	2098.0	1985.89	162.0	18.91	14.63
PTHR11458	1431.0	1393.63	872.0	48.03	37.18
PTHR10106	1584.84	1547.47	842.54	41.77	32.33
PTHR31057	499.0	461.64	41.0	6.9	5.34
PTHR11851	22020.83	21348.24	6550.94	303.24	234.77
PTHR23092	5810.0	5511.06	473.8	55.44	42.91
PTHR23091	20355.2	19832.09	6715.22	264.27	204.59
PTHR11673	1674.0	1636.63	12024.96	563.45	436.2
PTHR11670	5673.0	5523.52	9709.85	512.61	396.84
PTHR11671	2082.39	2045.02	1802.0	67.5	52.26
PTHR20863	3967.0	3854.89	25941.74	2218.8	1717.73
PTHR20861	1122.0	1084.63	349.0	24.74	19.15
PTHR11679	8209.98	7873.68	1289.05	112.85	87.37
PTHR14009	2571.08	2459.06	426.0	40.85	31.61
PTHR10217	11163.03	10714.69	865.0	53.01	41.03
PTHR14005	2782.0	2744.63	1838.57	51.26	39.69
PTHR10210	5179.0	5104.26	5486.66	141.37	109.45
PTHR31522	1566.0	1528.63	1279.0	64.19	49.69
PTHR14221	496.0	458.64	12.0	2.03	1.57
PTHR11079	7333.88	7109.69	3473.09	195.36	151.24
PTHR11076	5741.0	5479.46	354.0	23.25	18.02
PTHR11070	3767.91	3618.45	716.0	46.79	36.21
PTHR11071	26432.29	25386.04	27442.25	1719.86	1331.5
PTHR11278	856.0	818.63	15336.35	1443.86	1117.8
PTHR14107	1985.0	1947.63	330.0	12.98	10.05
PTHR11804	12863.63	12527.32	4791.38	342.6	265.23
PTHR11274	2190.0	2115.26	337.0	22.02	17.05
PTHR14136	5007.0	4857.52	4171.92	261.14	202.17
PTHR31984	3451.0	3376.26	2134.0	80.72	62.5
PTHR15350	2315.15	2240.41	1465.91	99.33	76.89
PTHR15606	2663.0	2550.89	206.0	19.02	14.72
PTHR12374	3260.15	3185.41	709.0	32.06	24.82
PTHR12375	1618.87	1581.51	721.0	34.97	27.07
PTHR12378	2112.58	2000.49	480.99	45.68	35.37
PTHR18929	10547.0	10210.67	36971.18	1669.85	1292.75
PTHR30535	2368.0	2293.26	497.0	31.86	24.67
PTHR12777	943.0	905.63	471.0	40.05	31.0
PTHR12775	2329.0	2254.26	347.1	21.86	16.92
PTHR12770	5367.0	5180.15	505.0	32.2	24.93
PTHR20981	857.0	819.63	14659.65	1378.46	1067.16
PTHR10438	27350.56	26640.55	22867.42	1568.46	1214.25
PTHR16092	1647.0	1572.26	152.0	15.07	11.67
PTHR11035	2309.0	2234.26	1036.0	69.48	53.79
PTHR22298	9134.0	8947.19	5673.98	90.35	69.93
PTHR12174	4099.0	3949.56	863.0	47.02	36.4
PTHR12175	2399.22	2324.48	356.0	23.85	18.46
PTHR12176	10929.09	10779.61	2512.0	65.06	50.37
PTHR22769	3315.0	3165.56	542.0	49.91	38.64
PTHR22767	4205.0	4018.18	471.0	41.55	32.17
PTHR22765	6918.48	6769.0	1729.0	64.33	49.8
PTHR22762	3292.0	3254.63	833.0	19.58	15.16
PTHR22763	1133.18	1095.82	234.0	16.42	12.71
PTHR22761	3996.14	3884.03	4057.58	213.29	165.12
PTHR21231	2746.68	2671.94	1011.0	59.26	45.88
PTHR21230	2068.92	1994.18	412.0	34.02	26.34
PTHR21234	2415.0	2340.26	477.02	26.81	20.76
PTHR21237	3761.0	3648.89	3594.99	239.13	185.12
PTHR12202	976.0	901.28	43.0	7.48	5.79
PTHR12203	5268.76	5081.92	684.02	40.28	31.18
PTHR19857	2131.74	2094.37	789.0	28.86	22.34
PTHR19854	3388.42	3126.92	194.0	33.54	25.96
PTHR19855	1261.0	1223.63	405.0	25.43	19.68
PTHR13353	3836.15	3686.69	3191.64	163.06	126.24
PTHR19853	2381.47	2306.73	823.44	57.85	44.79
PTHR12197	9309.0	8860.7	849.0	83.27	64.48
PTHR19858	2063.96	1951.96	174.0	20.65	15.99
PTHR13822	1149.0	1111.63	2232.14	154.35	119.5
PTHR10344	1103.0	1028.27	140.0	20.51	15.88
PTHR10732	729.0	691.63	12647.74	1411.92	1093.07
PTHR10738	1662.0	1587.28	172.99	14.62	11.32
PTHR10739	2735.0	2660.26	1033.99	58.42	45.23
PTHR22846	1685.0	1572.93	74.0	9.96	7.72
PTHR12992	888.0	850.63	52.0	4.71	3.65
PTHR22838	2017.62	1905.53	110.0	12.55	9.71
PTHR11588	4213.61	3952.09	818.99	71.5	55.37
PTHR11934	2111.92	2037.19	2144.96	171.25	132.57
PTHR10938	1457.0	1419.63	971.0	52.49	40.64
PTHR10934	735.0	697.63	17621.78	1950.08	1509.7
PTHR11510	2171.0	2133.63	1181.0	42.4	32.82
PTHR11516	4477.03	4364.92	7854.03	427.98	331.33
PTHR10025	4159.0	4046.9	955.31	37.61	29.12
PTHR10026	6462.62	6238.4	3078.97	197.27	152.72
PTHR13009	3226.74	3114.64	994.0	67.71	52.42
PTHR30115	1095.0	1057.63	1244.17	90.46	70.03
PTHR10598	1957.09	1919.72	1270.0	50.69	39.25
PTHR17901	479.0	441.64	42.0	7.39	5.72
PTHR24351	4483.0	4408.26	1064.0	37.45	28.99
PTHR20982	1390.0	1352.63	2205.0	125.14	96.88
PTHR24352	3563.43	3488.7	1744.0	76.85	59.49
PTHR11467	1855.0	1817.63	5517.05	232.65	180.11
PTHR10119	7541.12	7316.91	3160.06	179.23	138.76
PTHR10114	417.0	379.64	9597.54	1969.83	1524.98
PTHR10110	11257.0	10883.32	1058.06	66.03	51.1
PTHR11469	2241.0	2203.63	2157.0	74.97	58.04
PTHR10445	1111.0	1073.63	1407.65	100.81	78.05
PTHR11863	2700.0	2625.26	379.0	16.06	12.43
PTHR24286	13709.0	13447.41	4315.04	129.45	100.21
PTHR23429	4580.0	4505.26	1607.51	54.39	42.11
PTHR23426	1201.0	1163.63	1302.0	85.98	66.56
PTHR10593	2424.0	2237.21	294.0	46.67	36.12
