PTHR11699	-2.91258550796552	12.5209052518624	1.42543674515512e-75	1.78607224167936e-72
PTHR30191	2.2011132708688	10.1614745921047	1.50028237261602e-56	9.39926906443935e-54
PTHR19271	-1.96571954032515	7.66999054273751	8.27262745881742e-37	3.45520073529941e-34
PTHR22967	1.81732411110712	8.71316976087131	2.32192190803992e-34	7.27342037693505e-32
PTHR12741	1.80202517784617	7.03582981279466	1.94843480565986e-32	4.88277762298361e-30
PTHR24095	-1.72767628422307	12.1666578668612	1.13644215926816e-27	2.373270042605e-25
PTHR10165	1.596084364564	6.53369322715119	4.06694803895516e-27	7.27983698972974e-25
PTHR31750	1.67271315787188	6.87196872994332	9.59690912833568e-24	1.50311589222558e-21
PTHR17920	1.4996700813182	7.6207104853153	3.73573408541335e-22	5.20097201002548e-20
PTHR15481	-2.11364352395307	3.294944002798	1.40730436331433e-20	1.76335236723286e-18
PTHR13393	-1.69405495658884	4.93774859163787	2.54487832978493e-18	2.89884777020047e-16
PTHR12000	1.18214599460603	7.18955914866551	1.64278287276294e-17	1.71533911630997e-15
PTHR30178	-1.58447980604164	11.5257956156007	3.64482139857033e-17	3.51304708646817e-15
PTHR10803	1.18416491127704	8.28738766063732	1.73160452977123e-16	1.54978605414525e-14
PTHR13931	1.15322797386147	6.61169722806194	8.92322131694313e-16	7.45386420675316e-14
PTHR11404	2.35592976322173	10.0404761858522	9.68461635858043e-16	7.5842651858133e-14
PTHR21689	1.1231238832136	8.04803261343191	1.30228986082282e-14	9.59864232712352e-13
PTHR22915	1.02524658206047	9.8620381158302	2.98004360251378e-14	2.07444146330542e-12
PTHR10277	-1.23422373163155	7.17995530686743	8.18888313628703e-14	5.08658370080635e-12
PTHR12276	1.04552929627404	7.47933222377774	8.48580288900511e-14	5.08658370080635e-12
PTHR18895	1.21512577016123	5.24000488265708	8.52500061587656e-14	5.08658370080635e-12
PTHR32442	-1.20880663235969	6.43882597943108	1.06110169885878e-13	6.04345649395477e-12
PTHR23406	0.968287794299605	8.42365248649433	4.01900104591395e-13	2.16174706560546e-11
PTHR11527	0.98276148968356	8.83573673184845	4.14061688543743e-13	2.16174706560546e-11
PTHR15954	1.06179352932617	6.2336809932845	4.53602922049191e-13	2.27345784531055e-11
PTHR23321	-0.976946010187999	9.36777617102104	4.54089600403428e-12	2.18836257425191e-10
PTHR30540	-0.953290590544331	6.3200156147658	7.71868016408633e-12	3.58203935022229e-10
PTHR31566	1.11943502565664	7.14950230988693	8.69474500871651e-12	3.89089839140064e-10
PTHR12064	1.01628483179728	8.52369674621571	9.58993440450276e-12	4.14351303753171e-10
PTHR10091	0.988317476397464	7.47744204291813	1.13033403179966e-11	4.72102847281659e-10
PTHR21426	1.05662695323125	5.16800765332528	3.40564189324874e-11	1.37558605757735e-09
PTHR23415	-0.967111970753067	7.4860669488826	3.5321136177379e-11	1.37558605757735e-09
PTHR10670	1.00296005331719	7.72608178389438	3.62285234637291e-11	1.37558605757735e-09
PTHR10281	-1.29864418666241	4.45621498483857	4.38477744333634e-11	1.61591945191189e-09
PTHR10066	0.915883119800533	7.46999666319492	5.15016077548959e-11	1.84375755762527e-09
PTHR11101	0.924984379393502	10.2065878311728	8.41208165249714e-11	2.92787175293859e-09
PTHR11766	-0.917092548393384	6.45161676144279	2.64470634751903e-10	8.95626230659823e-09
PTHR32467	0.815532986614794	8.82877601109857	3.31376783642255e-10	1.09267134185196e-08
PTHR22939	-0.787374179596506	9.90734120067002	3.797091500081e-10	1.21993734605166e-08
PTHR11972	-1.43366523286567	10.1583951224345	4.58255981597931e-10	1.43548686235552e-08
PTHR13190	0.975529318034807	7.28761376008114	7.24109716349035e-10	2.21294993801303e-08
PTHR18968	1.11754638001782	11.1554539698692	8.79211141167854e-10	2.6229799044841e-08
PTHR10139	0.865451043261997	7.02424531794811	1.0917073392991e-09	3.18118440963202e-08
PTHR11042	0.824969829430634	8.96085644989536	1.16035618938484e-09	3.30437796658911e-08
PTHR10900	0.816483505694934	11.2834500250484	1.37017685605868e-09	3.81518133475894e-08
PTHR13120	-0.925147635790072	6.02330591079325	2.09947091558153e-09	5.71877621135577e-08
PTHR23130	0.837868385547359	8.86657573780498	2.17175744360107e-09	5.78981292943009e-08
PTHR11177	0.864309435370605	12.0605110013975	2.33205124816493e-09	6.05819153019461e-08
PTHR12385	0.926735270823113	10.2144904164028	2.36912517940571e-09	6.05819153019461e-08
PTHR11453	0.817703253789838	7.96591886123793	2.72210419628161e-09	6.82159311588171e-08
PTHR13789	-0.835418474515176	10.9925636837903	4.16043687961827e-09	1.02216223728661e-07
PTHR10344	0.985119219273526	5.22582585481177	4.90147586542111e-09	1.17407758431967e-07
PTHR24063	-0.748441934475828	14.2418398586252	4.96617014915742e-09	1.17407758431967e-07
PTHR23291	0.821236296243351	9.22744395806183	6.21140535206954e-09	1.44127609373021e-07
PTHR12226	-0.901853523172185	5.8167864446072	6.51692243122453e-09	1.4846734193317e-07
PTHR10264	0.747507519326564	9.41705869638117	6.91288776111062e-09	1.5467586365485e-07
PTHR11482	0.790276777229669	11.5984281090705	7.59062761807673e-09	1.66860638692108e-07
PTHR10209	0.78192038280761	8.10540625869808	8.58565788464715e-09	1.85479816025222e-07
PTHR20861	-0.8205727498346	7.69919157753732	9.65571206909052e-09	2.050611393656e-07
PTHR10383	0.930218057171375	8.3654001905086	1.21718145826879e-08	2.54188061201799e-07
PTHR11538	-0.751869486764041	7.32326643679147	1.51261196099287e-08	3.10705374938371e-07
PTHR10169	-0.83235714960748	7.83199519983001	2.15223649613516e-08	4.34960053170541e-07
PTHR12542	0.978106560072586	4.77337695917564	3.00925308693889e-08	5.98507002846734e-07
PTHR13017	1.05309559005506	3.84842865941518	3.07770907314652e-08	6.02557729476967e-07
PTHR12932	0.740782539257945	9.99397637986443	3.31507708553103e-08	6.3904485971852e-07
PTHR20426	-0.715923461636591	9.03506721234306	3.67670407031784e-08	6.980166969861e-07
PTHR12827	1.05499980062752	3.91006100055344	5.78660085013736e-08	1.08218072615255e-06
PTHR31485	0.722296089889787	9.42649189408758	6.48845893420128e-08	1.19559397714032e-06
PTHR14052	0.768841111004226	7.08870519586536	7.11473659046842e-08	1.28388052070529e-06
PTHR10778	0.668851079129245	9.99477844233367	7.19042090642857e-08	1.28388052070529e-06
PTHR11778	-0.729486066194395	8.40077758887528	7.27498140224068e-08	1.28388052070529e-06
PTHR12856	-1.006882256259	3.87572694412872	8.65209292562349e-08	1.50570450497309e-06
PTHR22849	0.725954023913947	9.32582979084522	9.08435764031397e-08	1.55927398949499e-06
PTHR11065	0.778049164641261	8.97643074279492	9.283374506339e-08	1.57190111573551e-06
PTHR31998	-0.732665440670315	7.42224867298308	9.70808006773301e-08	1.61353641424782e-06
PTHR11255	-0.898492834054091	5.98642183067823	9.78681304731321e-08	1.61353641424782e-06
PTHR12841	-1.11024077243574	4.16894417511356	1.11629029852448e-07	1.81462444472198e-06
PTHR21237	-0.758726507405797	6.12494105479653	1.12961457851807e-07	1.81462444472198e-06
PTHR11952	0.741164563795812	7.69682646989176	1.58442306679161e-07	2.51301531986062e-06
PTHR12742	0.746443519457685	9.10302276441999	1.91505323829495e-07	2.99945213447946e-06
PTHR11562	0.788734121687211	10.3412653192451	1.95400520571122e-07	3.02267718858785e-06
PTHR10430	-0.845381851505808	7.70449185062251	2.01069657491395e-07	3.07244244922826e-06
PTHR21567	0.754417732325751	7.7884089595082	2.07601805397304e-07	3.13403689352797e-06
PTHR11715	-0.647247036771016	8.79707876532509	2.36701453419195e-07	3.53079668016965e-06
PTHR22790	0.803596599002176	5.39336366873865	2.89338020983227e-07	4.26518282696451e-06
PTHR21576	0.945329176270189	4.13455444808664	3.06206021233226e-07	4.4613505186655e-06
PTHR12775	0.671046705142068	6.69550083598187	3.68432790926026e-07	5.30627916126793e-06
PTHR18838	-0.832765979703193	6.9698200877171	3.83306999776827e-07	5.45776898545868e-06
PTHR11136	-0.755027019341671	5.7390221996892	4.0007537075574e-07	5.63252179277464e-06
PTHR14087	-0.721027816918612	6.64198287199696	4.07809237694445e-07	5.67761083145711e-06
PTHR14194	0.698283491117646	10.2240065463839	4.79643582613786e-07	6.56752150330736e-06
PTHR19858	-0.647069223594592	8.05267642450539	4.82212273187771e-07	6.56752150330736e-06
PTHR12636	-0.863294086954344	6.85233045609045	4.96122987362176e-07	6.68432368994415e-06
PTHR11361	0.642031767017028	9.03415774642039	5.11307391778442e-07	6.81561874359988e-06
PTHR22891	0.956474028317193	5.25743888744777	5.9041534011794e-07	7.78726759123978e-06
PTHR13375	-0.746319915407867	6.14792521508756	6.64758850650657e-07	8.67648791526326e-06
PTHR19316	-0.715981566574476	6.22191048715572	7.71174894640957e-07	9.96167157716617e-06
PTHR12415	0.725430500778208	5.69711216244765	8.15333886081872e-07	1.04246261149039e-05
PTHR15362	-0.880751159786036	5.66824699060634	1.01814966242004e-06	1.28862780506294e-05
PTHR15492	-0.646640301261912	6.89061465309955	1.33687121481914e-06	1.67509963216838e-05
